C|005186|2019|50005077580001|001|4300014032|00010|UGBC1756|2|EA|63000|KRW|126000|20190725|1300|
C|005186|2019|50005077580002|001|4300014082|00010|UGBC0520|20|EA|126000|KRW|252000|20190725|1300|
C|005186|2019|50005077580003|001|4300014082|00020|UGBC0523|10|EA|210000|KRW|210000|20190725|1300|
C|005186|2019|50005077580004|001|4300014082|00030|UGBC0240|10|EA|263200|KRW|263200|20190725|1300|
C|005186|2019|50005077580005|001|4300014113|00010|UDAC0317|10|EA|42650|KRW|85300|20190725|1300|
C|005186|2019|50005077580006|001|4300014113|00030|UGBC0279|2|EA|168000|KRW|336000|20190725|1300|
C|005186|2019|50005077590001|001|4300014027|00040|UALC0121|2|EA|200000|KRW|400000|20190725|1300|
C|005186|2019|50005077600001|001|4300013946|00010|UHTC0837|2|EA|320000|KRW|640000|20190725|1300|
C|005186|2019|50005077600002|001|4300013946|00020|UHTC0838|2|EA|320000|KRW|640000|20190725|1300|
C|005186|2019|50005077600003|001|4300014069|00040|UADC0040|20|EA|78800|KRW|157600|20190725|1300|
C|005186|2019|50005077600004|001|4300014071|00020|UDBC1106|10|EA|27950|KRW|55900|20190725|1300|
C|005186|2019|50005077600005|001|4300014071|00030|UDBC1107|10|EA|29500|KRW|59000|20190725|1300|
C|005186|2019|50005077600006|001|4300014071|00040|UDBC1108|10|EA|33100|KRW|66200|20190725|1300|
C|005186|2019|50005077600007|001|4300014071|00050|UDBC1109|10|EA|77200|KRW|154400|20190725|1300|
C|005186|2019|50005077600008|001|4300014075|00030|UDBC1110|10|EA|191250|KRW|382500|20190725|1300|
C|005186|2019|50005077600009|001|4300014100|00020|UICC0035|20|EA|4940|KRW|98800|20190725|1300|
C|005186|2019|50005077600010|001|4300014105|00080|UDBC0997|300|EA|2600|KRW|7800|20190725|1300|
C|005186|2019|50005077600011|001|4300014105|00100|UDBC0402|300|EA|5300|KRW|15900|20190725|1300|
C|005186|2019|50005077600012|001|4300014105|00110|UDBC1030|100|EA|21200|KRW|21200|20190725|1300|
C|005186|2019|50005077710001|001|4300014123|00030|UALC0075|3000|EA|45000|KRW|135000|20190725|1300|
C|005186|2019|50005077710002|001|4300014123|00050|UALC0037|3|EA|286650|KRW|286650|20190725|1300|
C|005186|2019|50005077710003|001|4300014123|00060|UALC0038|6|EA|248850|KRW|497700|20190725|1300|
C|005186|2019|50005077720001|001|4300014035|00010|UGCC1561|1|EA|226800|KRW|226800|20190725|1300|
C|005186|2019|50005077720002|001|4300014067|00040|UKEC0091|20|EA|12700|KRW|25400|20190725|1300|
C|005186|2019|50005077720003|001|4300014076|00040|UGBC1758|30|EA|46500|KRW|139500|20190725|1300|
C|005186|2019|50005077720004|001|4300014076|00050|UGBC1759|40|EA|8100|KRW|32400|20190725|1300|
C|005186|2019|50005077720005|001|4300014079|00030|UAEC0514|10|EA|1550|KRW|15500|20190725|1300|
C|005186|2019|50005077720006|001|4300014093|00010|UGCC0073|2|EA|136500|KRW|273000|20190725|1300|
C|005186|2019|50005077720007|001|4300014093|00020|UGCC0650|2|EA|277030|KRW|554060|20190725|1300|
C|005186|2019|50005077720008|001|4300014093|00080|UGCC0074|2|EA|348600|KRW|697200|20190725|1300|
C|005186|2019|50005077720009|001|4300014101|00010|UKGC0006|50|EA|13700|KRW|68500|20190725|1300|
C|005186|2019|50005077720010|001|4300014104|00050|UHTC0012|2|EA|48300|KRW|96600|20190725|1300|
C|005186|2019|50005077720011|001|4300014104|00060|UAEC0306|1|EA|16280|KRW|16280|20190725|1300|
C|005186|2019|50005077730001|001|4300014032|00060|UGBC1761|2|EA|61950|KRW|123900|20190725|1300|
C|005186|2019|50005077730002|001|4300014033|00010|UGCC1562|2|EA|132300|KRW|264600|20190725|1300|
C|005186|2019|50005077740001|001|4300014077|00010|UZZC0192|300|EA|157000|KRW|471000|20190725|1300|
C|005186|2019|50005077740002|001|4300014100|00030|UAHC0045|1|EA|91350|KRW|91350|20190725|1300|
C|005186|2019|50005077740003|001|4300014103|00020|UZZC0192|1000|EA|157000|KRW|1570000|20190725|1300|
C|005186|2019|50005077750001|001|4300013984|00170|UICC0038|2|EA|4520|KRW|9040|20190725|1300|
C|005186|2019|50005077750002|001|4300014026|00010|KH990100|4|EA|27220|KRW|108880|20190725|1300|
C|005186|2019|50005077750003|001|4300014026|00040|KT020610|1|EA|29150|KRW|29150|20190725|1300|
C|005186|2019|50005077750004|001|4300014026|00050|KT020611|1|EA|28140|KRW|28140|20190725|1300|
C|005186|2019|50005077750005|001|4300014026|00060|KT020700|23|EA|2680|KRW|61640|20190725|1300|
C|005186|2019|50005077750006|001|4300014026|00070|KT020704|26|EA|610|KRW|15860|20190725|1300|
C|005186|2019|50005077750007|001|4300014026|00080|KT080110|1|EA|25440|KRW|25440|20190725|1300|
C|005186|2019|50005077750008|001|4300014026|00090|KT080311|1|EA|72980|KRW|72980|20190725|1300|
C|005186|2019|50005077750009|001|4300014026|00100|KT080500|1|EA|26500|KRW|26500|20190725|1300|
C|005186|2019|50005077750010|001|4300014026|00110|KT990001|200|EA|5100|KRW|102000|20190725|1300|
C|005186|2019|50005077750011|001|4300014026|00120|KT990010|200|EA|3700|KRW|74000|20190725|1300|
C|005186|2019|50005077750012|001|4300014076|00060|UZZC0191|1|EA|19000|KRW|19000|20190725|1300|
C|005186|2019|50005077760001|001|4300014100|00050|UAGC0136|10|EA|34900|KRW|69800|20190725|1300|
C|005186|2019|50005077760002|001|4300014100|00060|UAGC0441|10|EA|80200|KRW|80200|20190725|1300|
C|005186|2019|50005077760003|001|4300014100|00070|UAGC0439|10|EA|52600|KRW|52600|20190725|1300|
C|005186|2019|50005077760004|001|4300014100|00080|UAGC0440|10|EA|55700|KRW|55700|20190725|1300|
C|005186|2019|50005077760005|001|4300014100|00090|UJAC0010|1|EA|17120|KRW|17120|20190725|1300|
C|005186|2019|50005077760006|001|4300014114|00220|UGBC0781|30|EA|5800|KRW|17400|20190725|1300|
C|005186|2019|50005077760007|001|4300014114|00230|UGBC1235|30|EA|5900|KRW|17700|20190725|1300|
C|005186|2019|50005077760008|001|4300014114|00240|UGBC0768|30|EA|6090|KRW|18270|20190725|1300|
C|005186|2019|50005077760009|001|4300014123|00020|UGCC0653|3|EA|36610|KRW|109830|20190725|1300|
C|005186|2019|50005077760010|001|4300014123|00080|UAEC0436|2|EA|4800|KRW|9600|20190725|1300|
C|005186|2019|50005077760011|001|4300014123|00090|UAEC0473|1|EA|43540|KRW|43540|20190725|1300|
C|005186|2019|50005077760012|001|4300014123|00100|UAEC0440|1|EA|69400|KRW|69400|20190725|1300|
C|005186|2019|50005077760013|001|4300014124|00040|UCKC0037|100|EA|1405000|KRW|1405000|20190725|1300|
C|005186|2019|50005077760014|001|4300014125|00020|UAEC0081|1|EA|11580|KRW|11580|20190725|1300|
C|005186|2019|50005077760015|001|4300014125|00040|UAEC0037|6|EA|4520|KRW|27120|20190725|1300|
C|005186|2019|50005077760016|001|4300014125|00050|UAEC0072|1|EA|12100|KRW|12100|20190725|1300|
