C|005186|2015|50001960420001|001|4300003695|00010|CMA0001|100|EA|240|KRW|24000|20151030|1300|
C|005186|2015|50001960420002|001|4300003695|00020|CMA0007|100|EA|270|KRW|27000|20151030|1300|
C|005186|2015|50001960420003|001|4300003695|00030|CMB0010|50|EA|1100|KRW|55000|20151030|1300|
C|005186|2015|50001960420004|001|4300003695|00040|CMZ0014|1|EA|23300|KRW|23300|20151030|1300|
C|005186|2015|50001960420005|001|4300003695|00060|CMZ0007|50|EA|330|KRW|16500|20151030|1300|
C|005186|2015|50001960420006|001|4300003695|00070|CMA0002|1|EA|1530|KRW|1530|20151030|1300|
C|005186|2015|50001960420007|001|4300003696|00010|CMA0001|800|EA|240|KRW|192000|20151030|1300|
C|005186|2015|50001960420008|001|4300003696|00020|CMA0007|150|EA|270|KRW|40500|20151030|1300|
C|005186|2015|50001960420009|001|4300003696|00030|CMA0017|10|EA|780|KRW|7800|20151030|1300|
C|005186|2015|50001960420010|001|4300003696|00040|CME0010|250|EA|285|KRW|71250|20151030|1300|
C|005186|2015|50001960420011|001|4300003696|00050|CME0013|3|EA|20300|KRW|60900|20151030|1300|
C|005186|2015|50001960420012|001|4300003696|00070|CMH0007|1|EA|11700|KRW|11700|20151030|1300|
C|005186|2015|50001960420013|001|4300003697|00010|CMA0001|100|EA|240|KRW|24000|20151030|1300|
C|005186|2015|50001960420014|001|4300003697|00020|CMA0007|250|EA|270|KRW|67500|20151030|1300|
C|005186|2015|50001960420015|001|4300003697|00030|CMH0007|1|EA|11700|KRW|11700|20151030|1300|
C|005186|2015|50001960420016|001|4300003697|00040|CMB0001|50|EA|655|KRW|32750|20151030|1300|
C|005186|2015|50001960420017|001|4300003697|00050|CMB0010|100|EA|1100|KRW|110000|20151030|1300|
C|005186|2015|50001960420018|001|4300003697|00060|CMC0003|5|EA|340|KRW|1700|20151030|1300|
C|005186|2015|50001960420019|001|4300003697|00080|CME0010|50|EA|285|KRW|14250|20151030|1300|
C|005186|2015|50001960420020|001|4300003697|00090|CMZ0032|3|EA|1970|KRW|5910|20151030|1300|
C|005186|2015|50001960430001|001|4300003699|00010|CMA0001|130|EA|240|KRW|31200|20151030|1300|
C|005186|2015|50001960430002|001|4300003699|00020|CMA0007|130|EA|270|KRW|35100|20151030|1300|
C|005186|2015|50001960430003|001|4300003699|00030|CMA0008|40|EA|690|KRW|27600|20151030|1300|
C|005186|2015|50001960430004|001|4300003699|00040|CMB0001|80|EA|655|KRW|52400|20151030|1300|
C|005186|2015|50001960430005|001|4300003699|00080|CMA0017|30|EA|780|KRW|23400|20151030|1300|
C|005186|2015|50001960430006|001|4300003723|00010|CMD0001|7|EA|9555|KRW|66885|20151030|1300|
C|005186|2015|50001960430007|001|4300003723|00020|CMA0002|30|EA|1530|KRW|45900|20151030|1300|
C|005186|2015|50001960430008|001|4300003723|00030|CMA0001|100|EA|240|KRW|24000|20151030|1300|
C|005186|2015|50001960430009|001|4300003723|00040|CMH0007|30|EA|11700|KRW|351000|20151030|1300|
C|005186|2015|50001960430010|001|4300003723|00050|CMF0006|30|EA|11970|KRW|359100|20151030|1300|
C|005186|2015|50001960440001|001|4300003718|00010|CMA0001|10|EA|240|KRW|2400|20151030|1300|
C|005186|2015|50001960440002|001|4300003718|00020|CMA0007|10|EA|270|KRW|2700|20151030|1300|
C|005186|2015|50001960440003|001|4300003718|00030|CMB0010|20|EA|1100|KRW|22000|20151030|1300|
