C|005186|2016|50002559730001|001|4300005181|00080|CMF0005|5|EA|20700|KRW|103500|20160531|1300|
C|005186|2016|50002559740001|001|4300005167|00050|CMF0005|3|EA|20700|KRW|62100|20160531|1300|
C|005186|2016|50002559740002|001|4300005185|00060|CMF0005|3|EA|20700|KRW|62100|20160531|1300|
C|005186|2016|50002559750001|001|4300005170|00010|CMA0001|50|EA|240|KRW|12000|20160531|1300|
C|005186|2016|50002559750002|001|4300005170|00020|CMA0002|3|EA|1530|KRW|4590|20160531|1300|
C|005186|2016|50002559750003|001|4300005170|00030|CMA0007|200|EA|270|KRW|54000|20160531|1300|
C|005186|2016|50002559750004|001|4300005170|00040|CMB0001|50|EA|655|KRW|32750|20160531|1300|
C|005186|2016|50002559750005|001|4300005170|00050|CMZ0009|10|EA|740|KRW|7400|20160531|1300|
C|005186|2016|50002559750006|001|4300005170|00060|CMZ0014|1|EA|23300|KRW|23300|20160531|1300|
C|005186|2016|50002559750007|001|4300005170|00070|CMZ0032|5|EA|1970|KRW|9850|20160531|1300|
C|005186|2016|50002559750008|001|4300005171|00010|CMA0001|400|EA|240|KRW|96000|20160531|1300|
C|005186|2016|50002559750009|001|4300005171|00020|CMA0007|200|EA|270|KRW|54000|20160531|1300|
C|005186|2016|50002559750010|001|4300005171|00030|CMA0008|20|EA|690|KRW|13800|20160531|1300|
C|005186|2016|50002559750011|001|4300005171|00040|CMB0010|240|EA|1100|KRW|264000|20160531|1300|
C|005186|2016|50002559750012|001|4300005171|00050|CME0010|60|EA|285|KRW|17100|20160531|1300|
C|005186|2016|50002559750013|001|4300005171|00060|CMF0004|6|EA|22050|KRW|132300|20160531|1300|
C|005186|2016|50002559750014|001|4300005171|00080|CMF0006|10|EA|11970|KRW|119700|20160531|1300|
C|005186|2016|50002559750015|001|4300005171|00090|CMZ0002|50|EA|430|KRW|21500|20160531|1300|
C|005186|2016|50002559750016|001|4300005172|00010|CMA0001|250|EA|240|KRW|60000|20160531|1300|
C|005186|2016|50002559750017|001|4300005172|00020|CMA0007|100|EA|270|KRW|27000|20160531|1300|
C|005186|2016|50002559750018|001|4300005172|00030|CMA0016|20|EA|2840|KRW|56800|20160531|1300|
C|005186|2016|50002559750019|001|4300005172|00040|CMB0001|60|EA|655|KRW|39300|20160531|1300|
C|005186|2016|50002559750020|001|4300005172|00050|CMB0003|20|EA|2420|KRW|48400|20160531|1300|
C|005186|2016|50002559750021|001|4300005172|00060|CMB0010|60|EA|1100|KRW|66000|20160531|1300|
C|005186|2016|50002559750022|001|4300005172|00070|CMD0001|3|EA|9555|KRW|28665|20160531|1300|
C|005186|2016|50002559750023|001|4300005172|00080|CMF0004|1|EA|22050|KRW|22050|20160531|1300|
C|005186|2016|50002559750024|001|4300005172|00100|CMZ0014|1|EA|23300|KRW|23300|20160531|1300|
C|005186|2016|50002559750025|001|4300005173|00010|CMA0001|200|EA|240|KRW|48000|20160531|1300|
C|005186|2016|50002559750026|001|4300005173|00020|CMA0007|100|EA|270|KRW|27000|20160531|1300|
C|005186|2016|50002559750027|001|4300005173|00030|CMA0015|100|EA|2830|KRW|283000|20160531|1300|
C|005186|2016|50002559750028|001|4300005173|00040|CMA0016|150|EA|2840|KRW|426000|20160531|1300|
C|005186|2016|50002559750029|001|4300005173|00050|CMB0001|240|EA|655|KRW|157200|20160531|1300|
C|005186|2016|50002559750030|001|4300005173|00060|CMB0002|120|EA|2420|KRW|290400|20160531|1300|
C|005186|2016|50002559750031|001|4300005173|00070|CMC0003|100|EA|340|KRW|34000|20160531|1300|
C|005186|2016|50002559750032|001|4300005173|00080|CMC0005|100|EA|190|KRW|19000|20160531|1300|
C|005186|2016|50002559750033|001|4300005173|00090|CME0002|20|EA|2300|KRW|46000|20160531|1300|
C|005186|2016|50002559750034|001|4300005173|00100|CME0005|30|EA|3465|KRW|103950|20160531|1300|
C|005186|2016|50002559750035|001|4300005173|00120|CMF0009|20|EA|5700|KRW|114000|20160531|1300|
C|005186|2016|50002559750036|001|4300005173|00130|CMZ0014|1|EA|23300|KRW|23300|20160531|1300|
C|005186|2016|50002559750037|001|4300005174|00010|CMA0001|200|EA|240|KRW|48000|20160531|1300|
C|005186|2016|50002559750038|001|4300005174|00020|CMA0002|2|EA|1530|KRW|3060|20160531|1300|
C|005186|2016|50002559750039|001|4300005174|00030|CMA0007|250|EA|270|KRW|67500|20160531|1300|
C|005186|2016|50002559750040|001|4300005174|00040|CMA0016|20|EA|2840|KRW|56800|20160531|1300|
C|005186|2016|50002559750041|001|4300005174|00050|CMB0002|100|EA|2420|KRW|242000|20160531|1300|
C|005186|2016|50002559750042|001|4300005174|00060|CMC0005|30|EA|190|KRW|5700|20160531|1300|
C|005186|2016|50002559750043|001|4300005174|00080|CME0001|13|EA|4910|KRW|63830|20160531|1300|
C|005186|2016|50002559750044|001|4300005174|00100|CMF0006|1|EA|11970|KRW|11970|20160531|1300|
C|005186|2016|50002559750045|001|4300005174|00110|CMH0007|2|EA|11700|KRW|23400|20160531|1300|
C|005186|2016|50002559750046|001|4300005174|00120|CMZ0002|10|EA|430|KRW|4300|20160531|1300|
C|005186|2016|50002559750047|001|4300005174|00130|CMZ0004|10|EA|380|KRW|3800|20160531|1300|
C|005186|2016|50002559750048|001|4300005174|00140|CMZ0005|10|EA|750|KRW|7500|20160531|1300|
C|005186|2016|50002559750049|001|4300005176|00010|CMA0001|80|EA|240|KRW|19200|20160531|1300|
C|005186|2016|50002559750050|001|4300005176|00020|CMA0003|10|EA|950|KRW|9500|20160531|1300|
C|005186|2016|50002559750051|001|4300005176|00030|CMA0007|80|EA|270|KRW|21600|20160531|1300|
C|005186|2016|50002559750052|001|4300005176|00040|CMA0016|10|EA|2840|KRW|28400|20160531|1300|
C|005186|2016|50002559750053|001|4300005176|00050|CMA0017|30|EA|780|KRW|23400|20160531|1300|
C|005186|2016|50002559750054|001|4300005176|00060|CMB0003|50|EA|2420|KRW|121000|20160531|1300|
C|005186|2016|50002559750055|001|4300005176|00070|CMF0004|2|EA|22050|KRW|44100|20160531|1300|
C|005186|2016|50002559750056|001|4300005176|00090|CMF0006|1|EA|11970|KRW|11970|20160531|1300|
C|005186|2016|50002559750057|001|4300005176|00100|CMF0021|4|EA|5400|KRW|21600|20160531|1300|
C|005186|2016|50002559750058|001|4300005176|00110|CMH0007|2|EA|11700|KRW|23400|20160531|1300|
C|005186|2016|50002559750059|001|4300005179|00010|CMZ0001|10|EA|765|KRW|7650|20160531|1300|
C|005186|2016|50002559750060|001|4300005179|00020|CMZ0002|10|EA|430|KRW|4300|20160531|1300|
C|005186|2016|50002559750061|001|4300005179|00030|CMZ0004|20|EA|380|KRW|7600|20160531|1300|
C|005186|2016|50002559750062|001|4300005179|00040|CMB0010|60|EA|1100|KRW|66000|20160531|1300|
C|005186|2016|50002559750063|001|4300005179|00050|CMB0002|40|EA|2420|KRW|96800|20160531|1300|
C|005186|2016|50002559750064|001|4300005179|00060|CMB0003|40|EA|2420|KRW|96800|20160531|1300|
C|005186|2016|50002559750065|001|4300005179|00070|CMB0001|100|EA|655|KRW|65500|20160531|1300|
C|005186|2016|50002559750066|001|4300005179|00080|CMC0005|20|EA|190|KRW|3800|20160531|1300|
C|005186|2016|50002559750067|001|4300005179|00090|CME0008|22|EA|4410|KRW|97020|20160531|1300|
C|005186|2016|50002559750068|001|4300005179|00100|CME0010|200|EA|285|KRW|57000|20160531|1300|
C|005186|2016|50002559750069|001|4300005179|00110|CMA0001|240|EA|240|KRW|57600|20160531|1300|
C|005186|2016|50002559750070|001|4300005179|00120|CMA0007|100|EA|270|KRW|27000|20160531|1300|
C|005186|2016|50002559750071|001|4300005179|00130|CMA0008|200|EA|690|KRW|138000|20160531|1300|
C|005186|2016|50002559750072|001|4300005179|00150|CMF0020|6|EA|700|KRW|4200|20160531|1300|
C|005186|2016|50002559750073|001|4300005180|00010|CMA0001|500|EA|240|KRW|120000|20160531|1300|
C|005186|2016|50002559750074|001|4300005180|00020|CMA0007|200|EA|270|KRW|54000|20160531|1300|
C|005186|2016|50002559750075|001|4300005180|00030|CMA0016|150|EA|2840|KRW|426000|20160531|1300|
C|005186|2016|50002559750076|001|4300005180|00040|CMB0010|480|EA|1100|KRW|528000|20160531|1300|
C|005186|2016|50002559750077|001|4300005180|00060|CME0001|30|EA|4910|KRW|147300|20160531|1300|
C|005186|2016|50002559750078|001|4300005180|00070|CME0002|50|EA|2300|KRW|115000|20160531|1300|
C|005186|2016|50002559750079|001|4300005180|00080|CME0005|10|EA|3465|KRW|34650|20160531|1300|
C|005186|2016|50002559750080|001|4300005180|00090|CME0010|300|EA|285|KRW|85500|20160531|1300|
C|005186|2016|50002559750081|001|4300005180|00100|CMF0001|5|EA|1680|KRW|8400|20160531|1300|
C|005186|2016|50002559750082|001|4300005180|00110|CMF0004|4|EA|22050|KRW|88200|20160531|1300|
C|005186|2016|50002559750083|001|4300005180|00130|CMF0007|10|EA|1780|KRW|17800|20160531|1300|
C|005186|2016|50002559750084|001|4300005180|00140|CMF0008|10|EA|1785|KRW|17850|20160531|1300|
C|005186|2016|50002559750085|001|4300005180|00150|CMF0009|10|EA|5700|KRW|57000|20160531|1300|
C|005186|2016|50002559750086|001|4300005180|00160|CMF0021|10|EA|5400|KRW|54000|20160531|1300|
C|005186|2016|50002559750087|001|4300005180|00170|CMH0007|6|EA|11700|KRW|70200|20160531|1300|
C|005186|2016|50002559750088|001|4300005180|00180|CMZ0004|10|EA|380|KRW|3800|20160531|1300|
C|005186|2016|50002559750089|001|4300005180|00190|CMZ0006|20|EA|1155|KRW|23100|20160531|1300|
C|005186|2016|50002559750090|001|4300005180|00200|CMZ0014|3|EA|23300|KRW|69900|20160531|1300|
C|005186|2016|50002559750091|001|4300005182|00010|CMA0001|600|EA|240|KRW|144000|20160531|1300|
C|005186|2016|50002559750092|001|4300005182|00020|CMA0007|150|EA|270|KRW|40500|20160531|1300|
C|005186|2016|50002559750093|001|4300005182|00030|CMA0008|200|EA|690|KRW|138000|20160531|1300|
C|005186|2016|50002559750094|001|4300005182|00040|CMB0001|140|EA|655|KRW|91700|20160531|1300|
C|005186|2016|50002559750095|001|4300005182|00050|CMB0003|100|EA|2420|KRW|242000|20160531|1300|
C|005186|2016|50002559750096|001|4300005182|00060|CMB0010|100|EA|1100|KRW|110000|20160531|1300|
C|005186|2016|50002559750097|001|4300005182|00080|CME0006|20|EA|3400|KRW|68000|20160531|1300|
C|005186|2016|50002559750098|001|4300005182|00090|CME0008|10|EA|4410|KRW|44100|20160531|1300|
C|005186|2016|50002559750099|001|4300005182|00100|CME0010|30|EA|285|KRW|8550|20160531|1300|
C|005186|2016|50002559750100|001|4300005182|00120|CMF0006|5|EA|11970|KRW|59850|20160531|1300|
C|005186|2016|50002559750101|001|4300005182|00130|CMF0007|10|EA|1780|KRW|17800|20160531|1300|
C|005186|2016|50002559750102|001|4300005182|00140|CMF0008|10|EA|1785|KRW|17850|20160531|1300|
C|005186|2016|50002559750103|001|4300005183|00010|CMA0001|700|EA|240|KRW|168000|20160531|1300|
C|005186|2016|50002559750104|001|4300005183|00020|CMA0007|300|EA|270|KRW|81000|20160531|1300|
C|005186|2016|50002559750105|001|4300005183|00030|CMA0008|300|EA|690|KRW|207000|20160531|1300|
C|005186|2016|50002559750106|001|4300005183|00040|CMA0016|100|EA|2840|KRW|284000|20160531|1300|
C|005186|2016|50002559750107|001|4300005183|00050|CMB0001|100|EA|655|KRW|65500|20160531|1300|
C|005186|2016|50002559750108|001|4300005183|00060|CMB0010|300|EA|1100|KRW|330000|20160531|1300|
C|005186|2016|50002559750109|001|4300005183|00070|CMC0005|100|EA|190|KRW|19000|20160531|1300|
C|005186|2016|50002559750110|001|4300005183|00080|CME0010|200|EA|285|KRW|57000|20160531|1300|
C|005186|2016|50002559750111|001|4300005183|00090|CMF0004|2|EA|22050|KRW|44100|20160531|1300|
C|005186|2016|50002559750112|001|4300005183|00100|CMH0007|3|EA|11700|KRW|35100|20160531|1300|
C|005186|2016|50002559750113|001|4300005183|00110|CMZ0002|200|EA|430|KRW|86000|20160531|1300|
C|005186|2016|50002559750114|001|4300005183|00120|CMZ0004|100|EA|380|KRW|38000|20160531|1300|
C|005186|2016|50002559750115|001|4300005183|00130|CMZ0005|10|EA|750|KRW|7500|20160531|1300|
C|005186|2016|50002559750116|001|4300005183|00140|CMZ0006|50|EA|1155|KRW|57750|20160531|1300|
C|005186|2016|50002559750117|001|4300005183|00160|CMB0010|200|EA|1100|KRW|220000|20160531|1300|
C|005186|2016|50002559750118|001|4300005184|00010|CMA0001|700|EA|240|KRW|168000|20160531|1300|
C|005186|2016|50002559750119|001|4300005184|00020|CMA0007|400|EA|270|KRW|108000|20160531|1300|
C|005186|2016|50002559750120|001|4300005184|00030|CMA0008|50|EA|690|KRW|34500|20160531|1300|
C|005186|2016|50002559750121|001|4300005184|00040|CMA0017|50|EA|780|KRW|39000|20160531|1300|
C|005186|2016|50002559750122|001|4300005184|00050|CMB0001|60|EA|655|KRW|39300|20160531|1300|
C|005186|2016|50002559750123|001|4300005184|00060|CMB0002|120|EA|2420|KRW|290400|20160531|1300|
C|005186|2016|50002559750124|001|4300005184|00070|CMB0007|20|EA|925|KRW|18500|20160531|1300|
C|005186|2016|50002559750125|001|4300005184|00080|CMB0010|60|EA|1100|KRW|66000|20160531|1300|
C|005186|2016|50002559750126|001|4300005184|00090|CME0001|25|EA|4910|KRW|122750|20160531|1300|
C|005186|2016|50002559750127|001|4300005184|00100|CME0002|150|EA|2300|KRW|345000|20160531|1300|
C|005186|2016|50002559750128|001|4300005184|00110|CME0010|250|EA|285|KRW|71250|20160531|1300|
C|005186|2016|50002559750129|001|4300005184|00120|CMF0001|3|EA|1680|KRW|5040|20160531|1300|
C|005186|2016|50002559750130|001|4300005184|00140|CMF0006|1|EA|11970|KRW|11970|20160531|1300|
C|005186|2016|50002559750131|001|4300005184|00150|CMF0016|50|EA|470|KRW|23500|20160531|1300|
C|005186|2016|50002559750132|001|4300005184|00160|CMF0020|3|EA|700|KRW|2100|20160531|1300|
C|005186|2016|50002559750133|001|4300005184|00170|CMH0007|3|EA|11700|KRW|35100|20160531|1300|
C|005186|2016|50002559750134|001|4300005184|00180|CMZ0002|20|EA|430|KRW|8600|20160531|1300|
C|005186|2016|50002559750135|001|4300005184|00190|CMZ0004|20|EA|380|KRW|7600|20160531|1300|
C|005186|2016|50002559750136|001|4300005184|00200|CMZ0009|100|EA|740|KRW|74000|20160531|1300|
C|005186|2016|50002559750137|001|4300005184|00210|CMZ0009|100|EA|740|KRW|74000|20160531|1300|
C|005186|2016|50002559770001|001|4300005168|00010|CMB0010|400|EA|1100|KRW|440000|20160531|1300|
C|005186|2016|50002559770002|001|4300005168|00020|CMH0007|2|EA|11700|KRW|23400|20160531|1300|
C|005186|2016|50002559770003|001|4300005168|00030|CMA0001|200|EA|240|KRW|48000|20160531|1300|
C|005186|2016|50002559770004|001|4300005168|00040|CMA0007|500|EA|270|KRW|135000|20160531|1300|
C|005186|2016|50002559770005|001|4300005175|00010|CMA0001|90|EA|240|KRW|21600|20160531|1300|
C|005186|2016|50002559770006|001|4300005175|00020|CMA0007|110|EA|270|KRW|29700|20160531|1300|
C|005186|2016|50002559770007|001|4300005175|00030|CMA0008|40|EA|690|KRW|27600|20160531|1300|
C|005186|2016|50002559770008|001|4300005175|00050|CMA0016|20|EA|2840|KRW|56800|20160531|1300|
C|005186|2016|50002559770009|001|4300005175|00060|CMB0010|20|EA|1100|KRW|22000|20160531|1300|
C|005186|2016|50002559780001|001|4300005164|00010|CMA0001|70|EA|240|KRW|16800|20160531|1300|
C|005186|2016|50002559780002|001|4300005164|00020|CMA0007|180|EA|270|KRW|48600|20160531|1300|
C|005186|2016|50002559780003|001|4300005164|00030|CMH0007|1|EA|11700|KRW|11700|20160531|1300|
C|005186|2016|50002559780004|001|4300005164|00040|CMB0001|15|EA|655|KRW|9825|20160531|1300|
C|005186|2016|50002559780005|001|4300005164|00050|CMB0010|60|EA|1100|KRW|66000|20160531|1300|
C|005186|2016|50002559780006|001|4300005164|00060|CMC0003|10|EA|340|KRW|3400|20160531|1300|
C|005186|2016|50002559780007|001|4300005164|00080|CMZ0032|2|EA|1970|KRW|3940|20160531|1300|
C|005186|2016|50002559780008|001|4300005166|00010|CMA0001|30|EA|240|KRW|7200|20160531|1300|
C|005186|2016|50002559780009|001|4300005166|00020|CMA0007|40|EA|270|KRW|10800|20160531|1300|
C|005186|2016|50002559780010|001|4300005166|00030|CMB0010|20|EA|1100|KRW|22000|20160531|1300|
C|005186|2016|50002559780011|001|4300005166|00040|CMZ0014|1|EA|23300|KRW|23300|20160531|1300|
C|005186|2016|50002559780012|001|4300005166|00060|CMZ0007|30|EA|330|KRW|9900|20160531|1300|
C|005186|2016|50002559780013|001|4300005167|00010|CMA0001|100|EA|240|KRW|24000|20160531|1300|
C|005186|2016|50002559780014|001|4300005167|00020|CMA0007|40|EA|270|KRW|10800|20160531|1300|
C|005186|2016|50002559780015|001|4300005167|00030|CMA0008|40|EA|690|KRW|27600|20160531|1300|
C|005186|2016|50002559780016|001|4300005167|00040|CME0010|40|EA|285|KRW|11400|20160531|1300|
C|005186|2016|50002559780017|001|4300005167|00060|CME0001|10|EA|4910|KRW|49100|20160531|1300|
C|005186|2016|50002559780018|001|4300005167|00070|CMA0017|5|EA|780|KRW|3900|20160531|1300|
C|005186|2016|50002559780019|001|4300005167|00080|CMG0001|10|EA|1840|KRW|18400|20160531|1300|
C|005186|2016|50002559780020|001|4300005167|00090|CMG0002|1|EA|6830|KRW|6830|20160531|1300|
C|005186|2016|50002559780021|001|4300005181|00010|CMA0001|200|EA|240|KRW|48000|20160531|1300|
C|005186|2016|50002559780022|001|4300005181|00020|CMA0007|600|EA|270|KRW|162000|20160531|1300|
C|005186|2016|50002559780023|001|4300005181|00030|CMA0017|30|EA|780|KRW|23400|20160531|1300|
C|005186|2016|50002559780024|001|4300005181|00040|CMB0010|200|EA|1100|KRW|220000|20160531|1300|
C|005186|2016|50002559780025|001|4300005181|00050|CMB0001|300|EA|655|KRW|196500|20160531|1300|
C|005186|2016|50002559780026|001|4300005181|00060|CMA0003|10|EA|950|KRW|9500|20160531|1300|
C|005186|2016|50002559780027|001|4300005181|00090|CMZ0032|40|EA|1970|KRW|78800|20160531|1300|
C|005186|2016|50002559780028|001|4300005181|00100|CMH0006|10|EA|400|KRW|4000|20160531|1300|
C|005186|2016|50002559780029|001|4300005181|00110|CMZ0006|5|EA|1155|KRW|5775|20160531|1300|
C|005186|2016|50002559780030|001|4300005181|00120|CMF0001|5|EA|1680|KRW|8400|20160531|1300|
C|005186|2016|50002559780031|001|4300005181|00130|CMH0007|4|EA|11700|KRW|46800|20160531|1300|
C|005186|2016|50002559780032|001|4300005181|00140|CMZ0006|3|EA|1155|KRW|3465|20160531|1300|
C|005186|2016|50002559780033|001|4300005181|00150|CMF0002|4|EA|1100|KRW|4400|20160531|1300|
C|005186|2016|50002559780034|001|4300005181|00160|CMZ0004|3|EA|380|KRW|1140|20160531|1300|
C|005186|2016|50002559780035|001|4300005181|00170|CMF0004|4|EA|22050|KRW|88200|20160531|1300|
C|005186|2016|50002559780036|001|4300005181|00180|CME0001|10|EA|4910|KRW|49100|20160531|1300|
C|005186|2016|50002559780037|001|4300005185|00010|CMA0001|540|EA|240|KRW|129600|20160531|1300|
C|005186|2016|50002559780038|001|4300005185|00020|CMA0007|50|EA|270|KRW|13500|20160531|1300|
C|005186|2016|50002559780039|001|4300005185|00030|CMA0017|10|EA|780|KRW|7800|20160531|1300|
C|005186|2016|50002559780040|001|4300005185|00040|CME0010|100|EA|285|KRW|28500|20160531|1300|
C|005186|2016|50002559780041|001|4300005185|00050|CME0013|2|EA|20300|KRW|40600|20160531|1300|
C|005186|2016|50002559780042|001|4300005185|00070|CMH0007|1|EA|11700|KRW|11700|20160531|1300|
C|005186|2016|50002559790001|001|4300005104|00050|UDFC0078|50|EA|4260|KRW|213000|20160531|1300|
C|005186|2016|50002559790002|001|4300005104|00060|UDFC0123|50|EA|3885|KRW|194250|20160531|1300|
C|005186|2016|50002559790003|001|4300005104|00070|UDFC0080|50|EA|4850|KRW|242500|20160531|1300|
C|005186|2016|50002559790004|001|4300005104|00080|UDFC0082|50|EA|4830|KRW|241500|20160531|1300|
C|005186|2016|50002559790005|001|4300005104|00090|UDFC0075|50|EA|5100|KRW|255000|20160531|1300|
C|005186|2016|50002559790006|001|4300005104|00100|UDFC0076|50|EA|5100|KRW|255000|20160531|1300|
C|005186|2016|50002559790007|001|4300005104|00110|UAJC0010|2|EA|45740|KRW|91480|20160531|1300|
C|005186|2016|50002559790008|001|4300005104|00120|UAJC0011|2|EA|45740|KRW|91480|20160531|1300|
C|005186|2016|50002559790009|001|4300005104|00130|UAJC0086|1|EA|42300|KRW|42300|20160531|1300|
C|005186|2016|50002559790010|001|4300005104|00140|UAJC0087|1|EA|36600|KRW|36600|20160531|1300|
C|005186|2016|50002559790011|001|4300005110|00010|UABC0021|1|EA|14490|KRW|14490|20160531|1300|
C|005186|2016|50002559790012|001|4300005110|00020|UAEC0138|1|EA|12600|KRW|12600|20160531|1300|
C|005186|2016|50002559790013|001|4300005110|00030|UAEC0058|1|EA|12350|KRW|12350|20160531|1300|
C|005186|2016|50002559800001|001|4300005104|00010|UAGC0168|1|EA|40770|KRW|40770|20160531|1300|
C|005186|2016|50002559800002|001|4300005104|00020|UIDC0046|2|EA|69230|KRW|138460|20160531|1300|
C|005186|2016|50002559800003|001|4300005104|00030|UAJC0083|2|EA|27600|KRW|55200|20160531|1300|
C|005186|2016|50002559800004|001|4300005104|00040|UEBC0038|4|EA|18310|KRW|73240|20160531|1300|
C|005186|2016|50002559800005|001|4300005105|00020|UEBC0011|6|EA|133350|KRW|800100|20160531|1300|
C|005186|2016|50002559800006|001|4300005105|00030|UEBC0049|2|EA|266070|KRW|532140|20160531|1300|
C|005186|2016|50002559800007|001|4300005105|00050|UEBC0561|1|EA|185260|KRW|185260|20160531|1300|
C|005186|2016|50002559800008|001|4300005105|00060|UAEC0422|2|EA|5187|KRW|10374|20160531|1300|
C|005186|2016|50002559800009|001|4300005106|00030|UDBC0460|200|EA|212|KRW|42400|20160531|1300|
C|005186|2016|50002559810001|001|4300005066|00010|KE030206|2|EA|16380|KRW|32760|20160531|1300|
C|005186|2016|50002559810002|001|4300005066|00020|KE030211|1|EA|145740|KRW|145740|20160531|1300|
C|005186|2016|50002559810003|001|4300005066|00030|KE050003|8|EA|1400|KRW|11200|20160531|1300|
C|005186|2016|50002559810004|001|4300005066|00040|KE090106|4|EA|15370|KRW|61480|20160531|1300|
C|005186|2016|50002559810005|001|4300005066|00050|KE090112|2|EA|16800|KRW|33600|20160531|1300|
C|005186|2016|50002559810006|001|4300005066|00060|KE200113|3|EA|130000|KRW|390000|20160531|1300|
C|005186|2016|50002559810007|001|4300005066|00070|KE230003|100|EA|1870|KRW|187000|20160531|1300|
C|005186|2016|50002559810008|001|4300005066|00080|KE231001|19|EA|16150|KRW|306850|20160531|1300|
C|005186|2016|50002559810009|001|4300005066|00090|KE231403|8|EA|1840|KRW|14720|20160531|1300|
C|005186|2016|50002559810010|001|4300005066|00100|KE231406|7|EA|7140|KRW|49980|20160531|1300|
C|005186|2016|50002559810011|001|4300005066|00110|KE270302|5|EA|6900|KRW|34500|20160531|1300|
C|005186|2016|50002559810012|001|4300005066|00120|KE280401|7|EA|20800|KRW|145600|20160531|1300|
C|005186|2016|50002559810013|001|4300005081|00010|UCKC0037|80|EA|14050|KRW|1124000|20160531|1300|
C|005186|2016|50002559810014|001|4300005084|00010|UCKC0037|80|EA|14050|KRW|1124000|20160531|1300|
C|005186|2016|50002559810015|001|4300005089|00010|UHFC0181|3|EA|34650|KRW|103950|20160531|1300|
C|005186|2016|50002559810016|001|4300005089|00020|UHFC0182|1|EA|62000|KRW|62000|20160531|1300|
C|005186|2016|50002559810017|001|4300005089|00030|UHTC0503|1|EA|489500|KRW|489500|20160531|1300|
C|005186|2016|50002559820001|001|4300005125|00010|UIDC0150|8|EA|200500|KRW|1604000|20160531|1300|
C|005186|2016|50002559820002|001|4300005125|00020|UIDC0151|1|EA|185000|KRW|185000|20160531|1300|
C|005186|2016|50002559820003|001|4300005125|00030|UIDC0152|1|EA|148000|KRW|148000|20160531|1300|
C|005186|2016|50002559820004|001|4300005126|00010|UIDC0153|1|EA|81500|KRW|81500|20160531|1300|
C|005186|2016|50002559820005|001|4300005126|00020|UIDC0154|8|EA|206000|KRW|1648000|20160531|1300|
C|005186|2016|50002559820006|001|4300005127|00010|UIDC0155|2|EA|135000|KRW|270000|20160531|1300|
C|005186|2016|50002559820007|001|4300005127|00020|UIDC0156|2|EA|47500|KRW|95000|20160531|1300|
C|005186|2016|50002559820008|001|4300005129|00080|UAEC0005|2|EA|2620|KRW|5240|20160531|1300|
C|005186|2016|50002559820009|001|4300005129|00090|UAEC0006|2|EA|3150|KRW|6300|20160531|1300|
C|005186|2016|50002559820010|001|4300005129|00100|UAEC0007|2|EA|4630|KRW|9260|20160531|1300|
C|005186|2016|50002559820011|001|4300005129|00110|UAEC0008|2|EA|5480|KRW|10960|20160531|1300|
C|005186|2016|50002559820012|001|4300005129|00120|UAEC0009|2|EA|6050|KRW|12100|20160531|1300|
C|005186|2016|50002559820013|001|4300005130|00020|UAJC0027|30|EA|4450|KRW|133500|20160531|1300|
C|005186|2016|50002559830001|001|4300005121|00020|UDDC0193|2|EA|61100|KRW|122200|20160531|1300|
C|005186|2016|50002559830002|001|4300005121|00030|UDDC0194|2|EA|82470|KRW|164940|20160531|1300|
C|005186|2016|50002559830003|001|4300005121|00040|UDDC0195|2|EA|121160|KRW|242320|20160531|1300|
C|005186|2016|50002559830004|001|4300005121|00050|UDDC0192|7|EA|35810|KRW|250670|20160531|1300|
C|005186|2016|50002559830005|001|4300005124|00010|UDDC0293|6|EA|65380|KRW|392280|20160531|1300|
C|005186|2016|50002559830006|001|4300005124|00020|UDDC0297|3|EA|130770|KRW|392310|20160531|1300|
C|005186|2016|50002559830007|001|4300005124|00030|UDDC0036|20|EA|1940|KRW|38800|20160531|1300|
C|005186|2016|50002559830008|001|4300005124|00040|UDDC0037|20|EA|2470|KRW|49400|20160531|1300|
C|005186|2016|50002559830009|001|4300005124|00050|UDDC0038|20|EA|3050|KRW|61000|20160531|1300|
C|005186|2016|50002559830010|001|4300005124|00060|UDDC0039|20|EA|3570|KRW|71400|20160531|1300|
C|005186|2016|50002559830011|001|4300005124|00070|UDDC0033|20|EA|3990|KRW|79800|20160531|1300|
C|005186|2016|50002559830012|001|4300005124|00080|UDDC0034|15|EA|8663|KRW|129945|20160531|1300|
C|005186|2016|50002559830013|001|4300005128|00020|UGCC0288|20|EA|378|KRW|7560|20160531|1300|
C|005186|2016|50002559830014|001|4300005128|00040|UGCC0035|10|EA|52500|KRW|525000|20160531|1300|
C|005186|2016|50002559830015|001|4300005129|00010|UKBC0010|2|EA|91480|KRW|182960|20160531|1300|
C|005186|2016|50002559830016|001|4300005129|00040|UAEC0267|2|EA|6359|KRW|12718|20160531|1300|
C|005186|2016|50002559830017|001|4300005130|00030|UAEC0301|10|EA|11550|KRW|115500|20160531|1300|
C|005186|2016|50002559830018|001|4300005130|00040|UGCC0487|1|EA|236850|KRW|236850|20160531|1300|
C|005186|2016|50002559830019|001|4300005131|00010|UGCC0528|1|EA|499000|KRW|499000|20160531|1300|
C|005186|2016|50002559830020|001|4300005131|00020|UJAC0081|8|EA|24070|KRW|192560|20160531|1300|
C|005186|2016|50002559830021|001|4300005131|00030|UJAC0082|8|EA|25410|KRW|203280|20160531|1300|
C|005186|2016|50002559830022|001|4300005131|00040|UKBC0010|3|EA|91480|KRW|274440|20160531|1300|
C|005186|2016|50002559830023|001|4300005131|00050|UKBC0014|1|EA|52500|KRW|52500|20160531|1300|
C|005186|2016|50002559830024|001|4300005131|00060|UZZC0012|10|EA|7350|KRW|73500|20160531|1300|
C|005186|2016|50002559830025|001|4300005131|00100|UJBC0004|20|EA|4337|KRW|86740|20160531|1300|
C|005186|2016|50002559830026|001|4300005131|00110|UKBC0010|1|EA|91480|KRW|91480|20160531|1300|
C|005186|2016|50002559830027|001|4300005131|00120|UKCC0003|20|EA|4520|KRW|90400|20160531|1300|
C|005186|2016|50002559830028|001|4300005132|00010|UAEC0238|3|EA|445260|KRW|1335780|20160531|1300|
C|005186|2016|50002559830029|001|4300005133|00020|UADC0153|4|EA|118650|KRW|474600|20160531|1300|
C|005186|2016|50002559830030|001|4300005133|00030|UKBC0010|2|EA|91480|KRW|182960|20160531|1300|
C|005186|2016|50002559830031|001|4300005133|00040|UKBC0014|1|EA|52500|KRW|52500|20160531|1300|
C|005186|2016|50002559830032|001|4300005135|00020|UAHC0025|100|EA|7660|KRW|766000|20160531|1300|
C|005186|2016|50002559840001|001|4300005071|00080|UJCC0053|5|EA|42000|KRW|210000|20160531|1300|
C|005186|2016|50002559840002|001|4300005106|00020|UJCC0053|10|EA|42000|KRW|420000|20160531|1300|
