C|005186|2018|50004647390001|001|4300012185|00060|CMH0007|2|EA|11600|KRW|23200|20181226|1300|
C|005186|2018|50004647390002|001|4300012185|00070|CMB0010|100|EA|1280|KRW|128000|20181226|1300|
C|005186|2018|50004647390003|001|4300012196|00040|CMA0016|20|EA|2140|KRW|42800|20181226|1300|
C|005186|2018|50004647390004|001|4300012196|00070|CMB0010|40|EA|1280|KRW|51200|20181226|1300|
C|005186|2018|50004647390005|001|4300012197|00010|CMB0010|100|EA|1280|KRW|128000|20181226|1300|
C|005186|2018|50004647390006|001|4300012197|00020|CMH0007|2|EA|11600|KRW|23200|20181226|1300|
C|005186|2018|50004647400001|001|4300012167|00090|CMF0013|10|EA|940|KRW|9400|20181226|1300|
C|005186|2018|50004647400002|001|4300012167|00120|CMG0002|1|EA|7060|KRW|7060|20181226|1300|
C|005186|2018|50004647400003|001|4300012191|00040|CMF0016|10|EA|380|KRW|3800|20181226|1300|
C|005186|2018|50004647400004|001|4300012193|00020|CMF0016|5|EA|380|KRW|1900|20181226|1300|
C|005186|2018|50004647400005|001|4300012193|00030|CMF0015|5|EA|450|KRW|2250|20181226|1300|
C|005186|2018|50004647400006|001|4300012193|00040|CMF0014|5|EA|680|KRW|3400|20181226|1300|
C|005186|2018|50004647400007|001|4300012193|00050|CMF0013|5|EA|940|KRW|4700|20181226|1300|
C|005186|2018|50004647410001|001|4300012165|00060|CME0001|20|EA|3300|KRW|66000|20181226|1300|
C|005186|2018|50004647410002|001|4300012165|00070|CME0010|150|EA|240|KRW|36000|20181226|1300|
C|005186|2018|50004647410003|001|4300012165|00100|CMH0007|1|EA|11600|KRW|11600|20181226|1300|
C|005186|2018|50004647410004|001|4300012166|00040|CMB0010|70|EA|1280|KRW|89600|20181226|1300|
C|005186|2018|50004647410005|001|4300012166|00070|CMZ0014|1|EA|19000|KRW|19000|20181226|1300|
C|005186|2018|50004647410006|001|4300012167|00060|CME0001|10|EA|3300|KRW|33000|20181226|1300|
C|005186|2018|50004647410007|001|4300012167|00070|CME0010|50|EA|240|KRW|12000|20181226|1300|
C|005186|2018|50004647410008|001|4300012167|00130|CMH0007|3|EA|11600|KRW|34800|20181226|1300|
C|005186|2018|50004647410009|001|4300012198|00020|CMB0010|70|EA|1280|KRW|89600|20181226|1300|
C|005186|2018|50004647440001|001|4300012168|00010|CMF0006|1|EA|9500|KRW|9500|20181226|1300|
C|005186|2018|50004647440002|001|4300012168|00030|CMF0001|2|EA|1950|KRW|3900|20181226|1300|
C|005186|2018|50004647440003|001|4300012168|00040|CMH0007|2|EA|11600|KRW|23200|20181226|1300|
C|005186|2018|50004647440004|001|4300012168|00060|CME0001|13|EA|3300|KRW|42900|20181226|1300|
C|005186|2018|50004647440005|001|4300012168|00080|CMA0016|40|EA|2140|KRW|85600|20181226|1300|
C|005186|2018|50004647440006|001|4300012169|00010|CMH0007|1|EA|11600|KRW|11600|20181226|1300|
C|005186|2018|50004647440007|001|4300012169|00020|CMF0020|5|EA|650|KRW|3250|20181226|1300|
C|005186|2018|50004647440008|001|4300012169|00050|CMB0010|40|EA|1280|KRW|51200|20181226|1300|
C|005186|2018|50004647440009|001|4300012170|00040|CME0010|60|EA|240|KRW|14400|20181226|1300|
C|005186|2018|50004647440010|001|4300012170|00060|CMB0010|240|EA|1280|KRW|307200|20181226|1300|
C|005186|2018|50004647440011|001|4300012171|00030|CMF0006|2|EA|9500|KRW|19000|20181226|1300|
C|005186|2018|50004647440012|001|4300012171|00050|CMH0007|2|EA|11600|KRW|23200|20181226|1300|
C|005186|2018|50004647440013|001|4300012171|00070|CMB0010|20|EA|1280|KRW|25600|20181226|1300|
C|005186|2018|50004647440014|001|4300012171|00090|CMA0016|40|EA|2140|KRW|85600|20181226|1300|
C|005186|2018|50004647440015|001|4300012187|00040|CME0006|10|EA|3080|KRW|30800|20181226|1300|
C|005186|2018|50004647440016|001|4300012187|00050|CME0001|20|EA|3300|KRW|66000|20181226|1300|
C|005186|2018|50004647440017|001|4300012187|00070|CMA0015|100|EA|2520|KRW|252000|20181226|1300|
C|005186|2018|50004647440018|001|4300012187|00090|CMA0016|150|EA|2140|KRW|321000|20181226|1300|
C|005186|2018|50004647440019|001|4300012189|00030|CME0001|5|EA|3300|KRW|16500|20181226|1300|
C|005186|2018|50004647440020|001|4300012189|00060|CME0010|200|EA|240|KRW|48000|20181226|1300|
C|005186|2018|50004647440021|001|4300012189|00070|CMA0016|300|EA|2140|KRW|642000|20181226|1300|
C|005186|2018|50004647440022|001|4300012189|00090|CMB0010|360|EA|1280|KRW|460800|20181226|1300|
C|005186|2018|50004647440023|001|4300012190|00040|CMF0020|5|EA|650|KRW|3250|20181226|1300|
C|005186|2018|50004647440024|001|4300012190|00070|CMB0010|20|EA|1280|KRW|25600|20181226|1300|
C|005186|2018|50004647440025|001|4300012190|00080|CME0001|20|EA|3300|KRW|66000|20181226|1300|
C|005186|2018|50004647440026|001|4300012190|00090|CMF0006|20|EA|9500|KRW|190000|20181226|1300|
C|005186|2018|50004647440027|001|4300012191|00010|CMZ0014|1|EA|19000|KRW|19000|20181226|1300|
C|005186|2018|50004647440028|001|4300012191|00050|CME0010|30|EA|240|KRW|7200|20181226|1300|
C|005186|2018|50004647440029|001|4300012191|00060|CMA0005|50|EA|2000|KRW|100000|20181226|1300|
C|005186|2018|50004647440030|001|4300012192|00050|CMF0001|10|EA|1950|KRW|19500|20181226|1300|
C|005186|2018|50004647440031|001|4300012192|00060|CMF0020|10|EA|650|KRW|6500|20181226|1300|
C|005186|2018|50004647440032|001|4300012192|00070|CMF0021|10|EA|3100|KRW|31000|20181226|1300|
C|005186|2018|50004647440033|001|4300012192|00080|CMH0007|10|EA|11600|KRW|116000|20181226|1300|
C|005186|2018|50004647440034|001|4300012192|00140|CME0010|200|EA|240|KRW|48000|20181226|1300|
C|005186|2018|50004647440035|001|4300012192|00170|CMA0016|200|EA|2140|KRW|428000|20181226|1300|
C|005186|2018|50004647440036|001|4300012192|00180|CMB0010|480|EA|1280|KRW|614400|20181226|1300|
C|005186|2018|50004647440037|001|4300012193|00010|CMH0007|1|EA|11600|KRW|11600|20181226|1300|
C|005186|2018|50004647440038|001|4300012193|00100|CME0001|37|EA|3300|KRW|122100|20181226|1300|
C|005186|2018|50004647440039|001|4300012193|00120|CMA0005|60|EA|2000|KRW|120000|20181226|1300|
C|005186|2018|50004647440040|001|4300012193|00160|CMB0010|120|EA|1280|KRW|153600|20181226|1300|
C|005186|2018|50004647440041|001|4300012193|00200|CME0010|300|EA|240|KRW|72000|20181226|1300|
C|005186|2018|50004647450001|001|4300011997|00060|CMD0012|3|EA|22000|KRW|66000|20181226|1300|
C|005186|2018|50004647460001|001|4300011993|00040|CMD0012|2|EA|22000|KRW|44000|20181226|1300|
C|005186|2018|50004647470001|001|4300012192|00010|CMF0004|4|EA|17000|KRW|68000|20181226|1300|
C|005186|2018|50004647470002|001|4300012192|00020|CMF0005|6|EA|18700|KRW|112200|20181226|1300|
C|005186|2018|50004647470003|001|4300012192|00040|CMD0017|4|EA|23760|KRW|95040|20181226|1300|
C|005186|2018|50004647470004|001|4300012192|00090|CME0002|20|EA|1100|KRW|22000|20181226|1300|
C|005186|2018|50004647470005|001|4300012192|00120|CMB0002|120|EA|2100|KRW|252000|20181226|1300|
C|005186|2018|50004647470006|001|4300012192|00130|CMC0005|200|EA|150|KRW|30000|20181226|1300|
C|005186|2018|50004647470007|001|4300012192|00160|CMA0007|200|EA|151|KRW|30200|20181226|1300|
C|005186|2018|50004647470008|001|4300012192|00190|CMA0001|600|EA|151|KRW|90600|20181226|1300|
C|005186|2018|50004647480001|001|4300012190|00020|CMD0011|3|EA|24100|KRW|72300|20181226|1300|
C|005186|2018|50004647480002|001|4300012190|00030|CMF0002|5|EA|860|KRW|4300|20181226|1300|
C|005186|2018|50004647480003|001|4300012190|00050|CME0002|10|EA|1100|KRW|11000|20181226|1300|
C|005186|2018|50004647480004|001|4300012190|00060|CMA0003|20|EA|1150|KRW|23000|20181226|1300|
C|005186|2018|50004647480005|001|4300012190|00100|CMA0007|150|EA|151|KRW|22650|20181226|1300|
C|005186|2018|50004647480006|001|4300012190|00110|CMB0003|100|EA|2200|KRW|220000|20181226|1300|
C|005186|2018|50004647480007|001|4300012190|00120|CMA0001|200|EA|151|KRW|30200|20181226|1300|
C|005186|2018|50004647490001|001|4300012171|00020|CMF0004|1|EA|17000|KRW|17000|20181226|1300|
C|005186|2018|50004647490002|001|4300012171|00040|CMF0005|2|EA|18700|KRW|37400|20181226|1300|
C|005186|2018|50004647490003|001|4300012171|00060|CMD0001|8|EA|8000|KRW|64000|20181226|1300|
C|005186|2018|50004647490004|001|4300012171|00080|CMB0003|20|EA|2200|KRW|44000|20181226|1300|
C|005186|2018|50004647490005|001|4300012171|00100|CMB0001|60|EA|520|KRW|31200|20181226|1300|
C|005186|2018|50004647490006|001|4300012171|00110|CMA0007|100|EA|151|KRW|15100|20181226|1300|
C|005186|2018|50004647490007|001|4300012171|00120|CMA0001|150|EA|151|KRW|22650|20181226|1300|
C|005186|2018|50004647500001|001|4300012165|00010|CMF0005|3|EA|18700|KRW|56100|20181226|1300|
C|005186|2018|50004647500002|001|4300012165|00020|CMA0001|500|EA|151|KRW|75500|20181226|1300|
C|005186|2018|50004647500003|001|4300012165|00030|CMA0007|50|EA|151|KRW|7550|20181226|1300|
C|005186|2018|50004647500004|001|4300012165|00040|CMA0017|10|EA|770|KRW|7700|20181226|1300|
C|005186|2018|50004647500005|001|4300012165|00050|CMB0011|120|EA|2220|KRW|266400|20181226|1300|
C|005186|2018|50004647500006|001|4300012165|00080|CME0013|2|EA|11880|KRW|23760|20181226|1300|
C|005186|2018|50004647500007|001|4300012165|00090|CMF0004|3|EA|17000|KRW|51000|20181226|1300|
C|005186|2018|50004647510001|001|4300012166|00010|CMA0001|60|EA|151|KRW|9060|20181226|1300|
C|005186|2018|50004647510002|001|4300012166|00020|CMA0007|200|EA|151|KRW|30200|20181226|1300|
C|005186|2018|50004647510003|001|4300012166|00030|CMB0001|20|EA|520|KRW|10400|20181226|1300|
C|005186|2018|50004647510004|001|4300012166|00050|CMD0012|2|EA|22000|KRW|44000|20181226|1300|
C|005186|2018|50004647510005|001|4300012166|00060|CMD0016|2|EA|29000|KRW|58000|20181226|1300|
C|005186|2018|50004647510006|001|4300012166|00080|CMZ0032|3|EA|1300|KRW|3900|20181226|1300|
