C|005186|2020|50005681720001|001|4300016916|00060|UJBC0062|5|EA|4935|KRW|24675|20200529|1300|
C|005186|2020|50005681720002|001|4300016916|00070|UJBC0057|5|EA|4130|KRW|20650|20200529|1300|
C|005186|2020|50005681720003|001|4300016916|00080|UJBC0055|5|EA|8840|KRW|44200|20200529|1300|
C|005186|2020|50005681740001|001|4300016915|00020|UAAC0023|3|EA|14070|KRW|42210|20200529|1300|
C|005186|2020|50005681740002|001|4300016915|00040|UAIC0002|10|EA|3680|KRW|36800|20200529|1300|
C|005186|2020|50005681740003|001|4300016917|00050|UAEC0140|100|EA|20600|KRW|206000|20200529|1300|
C|005186|2020|50005681740004|001|4300016917|00060|UAGC0023|50|EA|16600|KRW|83000|20200529|1300|
C|005186|2020|50005681740005|001|4300016917|00070|UZZC0012|20|EA|36750|KRW|147000|20200529|1300|
C|005186|2020|50005681740006|001|4300016917|00080|UZZC0129|300|EA|100000|KRW|600000|20200529|1300|
C|005186|2020|50005681740007|001|4300016917|00110|UCAC0009|5|EA|17890|KRW|89450|20200529|1300|
C|005186|2020|50005681740008|001|4300016917|00120|UAEC0140|50|EA|20600|KRW|103000|20200529|1300|
C|005186|2020|50005681740009|001|4300016918|00020|UAHC0034|2|EA|300300|KRW|600600|20200529|1300|
C|005186|2020|50005681740010|001|4300016929|00010|UFKC0136|30|EA|62100|KRW|186300|20200529|1300|
C|005186|2020|50005681740011|001|4300016929|00020|UZZC0185|2|EA|861000|KRW|1722000|20200529|1300|
C|005186|2020|50005681740012|001|4300016934|00080|UAEC0111|2|EA|22050|KRW|44100|20200529|1300|
C|005186|2020|50005681740013|001|4300016934|00090|UAEC0015|2|EA|9830|KRW|19660|20200529|1300|
C|005186|2020|50005681740014|001|4300016935|00030|UDFC0118|2|EA|17870|KRW|35740|20200529|1300|
C|005186|2020|50005681750001|001|4300016910|00190|UAGC0287|10|EA|2630|KRW|26300|20200529|1300|
C|005186|2020|50005681750002|001|4300016914|00050|UKEC0025|20|EA|750|KRW|15000|20200529|1300|
C|005186|2020|50005681750003|001|4300016914|00060|UAEC0367|2|EA|16800|KRW|33600|20200529|1300|
C|005186|2020|50005681750004|001|4300016914|00070|UAEC0081|2|EA|11580|KRW|23160|20200529|1300|
C|005186|2020|50005681750005|001|4300016914|00080|UAEC0079|1|EA|12075|KRW|12075|20200529|1300|
C|005186|2020|50005681750006|001|4300016930|00010|UDDC0226|10|EA|7250|KRW|72500|20200529|1300|
C|005186|2020|50005681750007|001|4300016930|00020|UDDC0319|10|EA|6070|KRW|60700|20200529|1300|
C|005186|2020|50005681750008|001|4300016930|00030|UDDC0015|5|EA|54180|KRW|270900|20200529|1300|
C|005186|2020|50005681750009|001|4300016930|00040|UDDC0017|5|EA|133090|KRW|665450|20200529|1300|
C|005186|2020|50005681750010|001|4300016930|00050|UDDC0342|6|EA|56840|KRW|341040|20200529|1300|
C|005186|2020|50005681750011|001|4300016930|00060|UDDC0304|5|EA|22370|KRW|111850|20200529|1300|
C|005186|2020|50005681750012|001|4300016930|00070|UDDC0045|10|EA|18900|KRW|189000|20200529|1300|
C|005186|2020|50005681750013|001|4300016930|00080|UDDC0046|10|EA|136000|KRW|272000|20200529|1300|
C|005186|2020|50005681750014|001|4300016932|00010|UAGC0193|100|EA|162750|KRW|325500|20200529|1300|
C|005186|2020|50005681750015|001|4300016932|00040|UCFC0006|40|EA|8210|KRW|328400|20200529|1300|
C|005186|2020|50005681760001|001|4300016934|00050|UGCC0734|1|EA|24200|KRW|24200|20200529|1300|
C|005186|2020|50005681760002|001|4300016934|00060|UGCC0190|2|EA|19350|KRW|38700|20200529|1300|
C|005186|2020|50005681760003|001|4300016934|00070|UDFC0175|3|EA|35830|KRW|107490|20200529|1300|
C|005186|2020|50005681760004|001|4300016939|00010|UHFC0060|5|EA|1530|KRW|7650|20200529|1300|
C|005186|2020|50005681760005|001|4300016939|00020|UHFC0061|5|EA|2280|KRW|11400|20200529|1300|
C|005186|2020|50005681760006|001|4300016939|00030|UHFC0062|5|EA|3030|KRW|15150|20200529|1300|
C|005186|2020|50005681760007|001|4300016939|00040|UHFC0075|10|EA|136300|KRW|136300|20200529|1300|
C|005186|2020|50005681760008|001|4300016939|00050|UHTC0421|8|EA|131250|KRW|1050000|20200529|1300|
C|005186|2020|50005681760009|001|4300016939|00060|UHFC0073|20|EA|10540|KRW|210800|20200529|1300|
C|005186|2020|50005681760010|001|4300016939|00070|UHFC0361|1|EA|123900|KRW|123900|20200529|1300|
C|005186|2020|50005681760011|001|4300016939|00080|UHFC0304|5|EA|49470|KRW|247350|20200529|1300|
C|005186|2020|50005681760012|001|4300016939|00090|UHFC0314|2|EA|61690|KRW|123380|20200529|1300|
C|005186|2020|50005681760013|001|4300016940|00010|KE030116|1|EA|157500|KRW|157500|20200529|1300|
C|005186|2020|50005681760014|001|4300016940|00020|UHGC0114|1|EA|257000|KRW|257000|20200529|1300|
C|005186|2020|50005681760015|001|4300016940|00030|UHFC0118|1|EA|265020|KRW|265020|20200529|1300|
C|005186|2020|50005681760016|001|4300016940|00040|UHFC0041|20|EA|2940|KRW|58800|20200529|1300|
C|005186|2020|50005681760017|001|4300016940|00050|UHTC0377|1|EA|898800|KRW|898800|20200529|1300|
C|005186|2020|50005681770001|001|4300016931|00010|UEBC1254|2|EA|296800|KRW|593600|20200529|1300|
C|005186|2020|50005681770002|001|4300016931|00020|UDAC0410|100|EA|630000|KRW|1260000|20200529|1300|
C|005186|2020|50005681770003|001|4300016932|00020|UEBC1681|20|EA|6930|KRW|138600|20200529|1300|
C|005186|2020|50005681770004|001|4300016932|00030|UDAC0411|100|EA|1260000|KRW|1260000|20200529|1300|
C|005186|2020|50005681770005|001|4300016973|00050|UJAC0079|2|EA|52500|KRW|52500|20200529|1300|
C|005186|2020|50005681770006|001|4300016973|00060|UJAC0080|2|EA|60900|KRW|60900|20200529|1300|
C|005186|2020|50005681780001|001|4300016808|00020|UDDC3909|1|EA|1218000|KRW|1218000|20200529|1300|
C|005186|2020|50005681780002|001|4300016924|00010|UZZC0071|2|EA|217350|KRW|434700|20200529|1300|
C|005186|2020|50005681780003|001|4300016974|00010|UKBC0006|1|EA|69830|KRW|69830|20200529|1300|
C|005186|2020|50005681780004|001|4300016974|00030|UFGC0057|20|EA|4940|KRW|98800|20200529|1300|
C|005186|2020|50005681780005|001|4300016974|00040|UIDC0158|100|EA|79800|KRW|798000|20200529|1300|
C|005186|2020|50005681780006|001|4300016997|00050|UIDC0089|1|EA|65300|KRW|65300|20200529|1300|
C|005186|2020|50005681780007|001|4300016997|00130|UICC0038|5|EA|4520|KRW|22600|20200529|1300|
C|005186|2020|50005681790001|001|4300016836|00010|UGBC1690|1|EA|265000|KRW|265000|20200529|1300|
C|005186|2020|50005681790002|001|4300016836|00020|UGBC0008|10|EA|4200|KRW|42000|20200529|1300|
C|005186|2020|50005681790003|001|4300016836|00030|UGBC0430|10|EA|2100|KRW|21000|20200529|1300|
C|005186|2020|50005681790004|001|4300016836|00040|UGBC0501|2|EA|168000|KRW|336000|20200529|1300|
C|005186|2020|50005681790005|001|4300016836|00050|UGBC0520|20|EA|126000|KRW|252000|20200529|1300|
C|005186|2020|50005681790006|001|4300016837|00010|UGBC0354|20|EA|880|KRW|17600|20200529|1300|
C|005186|2020|50005681790007|001|4300016837|00020|UGBC0028|20|EA|23200|KRW|23200|20200529|1300|
C|005186|2020|50005681790008|001|4300016837|00030|UGBC0381|10|EA|2520|KRW|25200|20200529|1300|
C|005186|2020|50005681790009|001|4300016837|00040|UGBC0332|20|EA|27400|KRW|27400|20200529|1300|
C|005186|2020|50005681790010|001|4300016837|00050|UGBC1480|20|EA|1270|KRW|25400|20200529|1300|
C|005186|2020|50005681790011|001|4300016837|00060|UGBC0532|20|EA|39900|KRW|79800|20200529|1300|
C|005186|2020|50005681790012|001|4300016837|00070|UGBC0012|20|EA|23200|KRW|23200|20200529|1300|
C|005186|2020|50005681790013|001|4300016837|00080|UGBC0231|40|EA|16600|KRW|33200|20200529|1300|
C|005186|2020|50005681790014|001|4300016837|00090|UGBC0275|2|EA|126000|KRW|252000|20200529|1300|
C|005186|2020|50005681790015|001|4300016837|00110|UGBC1195|5|EA|54600|KRW|273000|20200529|1300|
C|005186|2020|50005681790016|001|4300016837|00130|UGBC0830|100|EA|1600|KRW|16000|20200529|1300|
C|005186|2020|50005681790017|001|4300016837|00140|UGBC0831|50|EA|160|KRW|8000|20200529|1300|
C|005186|2020|50005681790018|001|4300016837|00150|UGBC0832|50|EA|160|KRW|8000|20200529|1300|
