C|005186|2016|50002309360001|001|4300004588|00120|CMF0001|10|EA|1680|KRW|16800|20160229|1300|
C|005186|2016|50002309360002|001|4300004588|00130|CMF0002|10|EA|1100|KRW|11000|20160229|1300|
C|005186|2016|50002309360003|001|4300004588|00140|CMF0004|4|EA|22050|KRW|88200|20160229|1300|
C|005186|2016|50002309360004|001|4300004588|00160|CMF0008|10|EA|1785|KRW|17850|20160229|1300|
C|005186|2016|50002309360005|001|4300004588|00170|CMF0009|10|EA|5700|KRW|57000|20160229|1300|
C|005186|2016|50002309360006|001|4300004588|00180|CMF0013|20|EA|760|KRW|15200|20160229|1300|
C|005186|2016|50002309360007|001|4300004588|00190|CMF0015|25|EA|500|KRW|12500|20160229|1300|
C|005186|2016|50002309360008|001|4300004588|00200|CMF0020|10|EA|700|KRW|7000|20160229|1300|
C|005186|2016|50002309360009|001|4300004588|00210|CMF0021|10|EA|5400|KRW|54000|20160229|1300|
C|005186|2016|50002309360010|001|4300004588|00220|CMH0007|4|EA|11700|KRW|46800|20160229|1300|
C|005186|2016|50002309360011|001|4300004588|00230|CMZ0004|30|EA|380|KRW|11400|20160229|1300|
C|005186|2016|50002309360012|001|4300004588|00240|CMZ0006|30|EA|1155|KRW|34650|20160229|1300|
C|005186|2016|50002309360013|001|4300004590|00020|CMA0002|3|EA|1530|KRW|4590|20160229|1300|
C|005186|2016|50002309360014|001|4300004590|00050|CMZ0009|3|EA|740|KRW|2220|20160229|1300|
C|005186|2016|50002309360015|001|4300004590|00060|CMZ0014|1|EA|23300|KRW|23300|20160229|1300|
C|005186|2016|50002309360016|001|4300004590|00070|CMZ0032|5|EA|1970|KRW|9850|20160229|1300|
C|005186|2016|50002309360017|001|4300004591|00050|CMF0004|5|EA|22050|KRW|110250|20160229|1300|
C|005186|2016|50002309360018|001|4300004591|00070|CMF0007|10|EA|1780|KRW|17800|20160229|1300|
C|005186|2016|50002309360019|001|4300004591|00080|CMF0009|10|EA|5700|KRW|57000|20160229|1300|
C|005186|2016|50002309360020|001|4300004591|00090|CMF0013|10|EA|760|KRW|7600|20160229|1300|
C|005186|2016|50002309360021|001|4300004591|00100|CMF0020|20|EA|700|KRW|14000|20160229|1300|
C|005186|2016|50002309360022|001|4300004591|00110|CMH0007|5|EA|11700|KRW|58500|20160229|1300|
C|005186|2016|50002309360023|001|4300004592|00020|CMA0003|20|EA|950|KRW|19000|20160229|1300|
C|005186|2016|50002309360024|001|4300004592|00050|CMA0017|20|EA|780|KRW|15600|20160229|1300|
C|005186|2016|50002309360025|001|4300004592|00090|CME0001|7|EA|4910|KRW|34370|20160229|1300|
C|005186|2016|50002309360026|001|4300004592|00100|CMF0004|3|EA|22050|KRW|66150|20160229|1300|
C|005186|2016|50002309360027|001|4300004592|00120|CMF0006|5|EA|11970|KRW|59850|20160229|1300|
C|005186|2016|50002309360028|001|4300004592|00130|CMF0021|5|EA|5400|KRW|27000|20160229|1300|
C|005186|2016|50002309360029|001|4300004592|00140|CMZ0014|1|EA|23300|KRW|23300|20160229|1300|
C|005186|2016|50002309360030|001|4300004593|00040|CMA0016|10|EA|2840|KRW|28400|20160229|1300|
C|005186|2016|50002309360031|001|4300004593|00100|CMF0006|5|EA|11970|KRW|59850|20160229|1300|
C|005186|2016|50002309360032|001|4300004593|00110|CMF0021|10|EA|5400|KRW|54000|20160229|1300|
C|005186|2016|50002309360033|001|4300004593|00120|CMH0004|100|EA|760|KRW|76000|20160229|1300|
C|005186|2016|50002309360034|001|4300004594|00030|CMA0016|20|EA|2840|KRW|56800|20160229|1300|
C|005186|2016|50002309360035|001|4300004594|00070|CME0001|13|EA|4910|KRW|63830|20160229|1300|
C|005186|2016|50002309360036|001|4300004594|00080|CMF0006|1|EA|11970|KRW|11970|20160229|1300|
C|005186|2016|50002309360037|001|4300004594|00090|CMZ0001|2|EA|765|KRW|1530|20160229|1300|
C|005186|2016|50002309360038|001|4300004594|00100|CMZ0004|10|EA|380|KRW|3800|20160229|1300|
C|005186|2016|50002309360039|001|4300004594|00110|CMZ0005|10|EA|750|KRW|7500|20160229|1300|
C|005186|2016|50002309360040|001|4300004594|00120|CMZ0014|1|EA|23300|KRW|23300|20160229|1300|
C|005186|2016|50002309360041|001|4300004595|00010|CMZ0009|20|EA|740|KRW|14800|20160229|1300|
C|005186|2016|50002309360042|001|4300004595|00020|CMZ0001|10|EA|765|KRW|7650|20160229|1300|
C|005186|2016|50002309360043|001|4300004595|00030|CMZ0002|10|EA|430|KRW|4300|20160229|1300|
C|005186|2016|50002309360044|001|4300004595|00040|CMZ0005|20|EA|750|KRW|15000|20160229|1300|
C|005186|2016|50002309360045|001|4300004595|00050|CMZ0004|20|EA|380|KRW|7600|20160229|1300|
C|005186|2016|50002309360046|001|4300004595|00170|CMF0021|3|EA|5400|KRW|16200|20160229|1300|
C|005186|2016|50002309360047|001|4300004595|00180|CMF0006|1|EA|11970|KRW|11970|20160229|1300|
C|005186|2016|50002309360048|001|4300004596|00030|CMA0015|100|EA|2830|KRW|283000|20160229|1300|
C|005186|2016|50002309360049|001|4300004596|00040|CMA0017|5|EA|780|KRW|3900|20160229|1300|
C|005186|2016|50002309360050|001|4300004596|00100|CME0001|20|EA|4910|KRW|98200|20160229|1300|
C|005186|2016|50002309360051|001|4300004596|00140|CMF0002|5|EA|1100|KRW|5500|20160229|1300|
C|005186|2016|50002309360052|001|4300004596|00160|CMF0013|10|EA|760|KRW|7600|20160229|1300|
C|005186|2016|50002309360053|001|4300004596|00170|CMF0014|5|EA|630|KRW|3150|20160229|1300|
C|005186|2016|50002309360054|001|4300004596|00180|CMF0015|5|EA|500|KRW|2500|20160229|1300|
C|005186|2016|50002309360055|001|4300004596|00190|CMF0016|5|EA|470|KRW|2350|20160229|1300|
C|005186|2016|50002309360056|001|4300004596|00210|CMZ0014|1|EA|23300|KRW|23300|20160229|1300|
C|005186|2016|50002309360057|001|4300004598|00030|CMA0016|150|EA|2840|KRW|426000|20160229|1300|
C|005186|2016|50002309360058|001|4300004598|00080|CME0001|30|EA|4910|KRW|147300|20160229|1300|
C|005186|2016|50002309360059|001|4300004598|00090|CMF0004|4|EA|22050|KRW|88200|20160229|1300|
C|005186|2016|50002309360060|001|4300004598|00100|CMF0007|10|EA|1780|KRW|17800|20160229|1300|
C|005186|2016|50002309360061|001|4300004598|00110|CMF0008|10|EA|1785|KRW|17850|20160229|1300|
C|005186|2016|50002309360062|001|4300004598|00120|CMF0009|10|EA|5700|KRW|57000|20160229|1300|
C|005186|2016|50002309360063|001|4300004598|00130|CMF0020|5|EA|700|KRW|3500|20160229|1300|
C|005186|2016|50002309360064|001|4300004598|00140|CMF0021|10|EA|5400|KRW|54000|20160229|1300|
C|005186|2016|50002309360065|001|4300004598|00150|CMH0007|6|EA|11700|KRW|70200|20160229|1300|
C|005186|2016|50002309360066|001|4300004598|00170|CMZ0014|2|EA|23300|KRW|46600|20160229|1300|
C|005186|2016|50002309360067|001|4300004600|00030|CMA0016|30|EA|2840|KRW|85200|20160229|1300|
C|005186|2016|50002309360068|001|4300004600|00080|CMZ0014|1|EA|23300|KRW|23300|20160229|1300|
C|005186|2016|50002309360069|001|4300004601|00020|CMA0005|100|EA|2470|KRW|247000|20160229|1300|
C|005186|2016|50002309360070|001|4300004601|00050|CMA0016|100|EA|2840|KRW|284000|20160229|1300|
C|005186|2016|50002309360071|001|4300004601|00060|CMA0017|50|EA|780|KRW|39000|20160229|1300|
C|005186|2016|50002309360072|001|4300004601|00130|CME0001|25|EA|4910|KRW|122750|20160229|1300|
C|005186|2016|50002309360073|001|4300004601|00160|CMF0001|3|EA|1680|KRW|5040|20160229|1300|
C|005186|2016|50002309360074|001|4300004601|00170|CMF0004|1|EA|22050|KRW|22050|20160229|1300|
C|005186|2016|50002309360075|001|4300004601|00190|CMF0006|1|EA|11970|KRW|11970|20160229|1300|
C|005186|2016|50002309360076|001|4300004601|00200|CMF0016|50|EA|470|KRW|23500|20160229|1300|
C|005186|2016|50002309360077|001|4300004601|00210|CMF0020|3|EA|700|KRW|2100|20160229|1300|
C|005186|2016|50002309360078|001|4300004601|00220|CMH0007|3|EA|11700|KRW|35100|20160229|1300|
C|005186|2016|50002309360079|001|4300004601|00250|CMZ0009|100|EA|740|KRW|74000|20160229|1300|
C|005186|2016|50002309360080|001|4300004601|00260|CMZ0009|100|EA|740|KRW|74000|20160229|1300|
C|005186|2016|50002309370001|001|4300004521|00010|UAEC0188|1|EA|78540|KRW|78540|20160229|1300|
C|005186|2016|50002309370002|001|4300004527|00060|UCKC0056|1|EA|136900|KRW|136900|20160229|1300|
C|005186|2016|50002309370003|001|4300004530|00020|UAGC0319|3|EA|42210|KRW|126630|20160229|1300|
C|005186|2016|50002309370004|001|4300004531|00020|UDFC0066|1.000|KG|104200|KRW|104200|20160229|1300|
C|005186|2016|50002309370005|001|4300004532|00030|UGCC0634|4|EA|220500|KRW|882000|20160229|1300|
C|005186|2016|50002309380001|001|4300004518|00010|UHHC0201|60|EA|31580|KRW|1894800|20160229|1300|
C|005186|2016|50002309380002|001|4300004529|00010|UCKC0035|15|EA|44520|KRW|667800|20160229|1300|
C|005186|2016|50002309380003|001|4300004529|00020|UALC0075|3000|EA|45|KRW|135000|20160229|1300|
C|005186|2016|50002309380004|001|4300004531|00010|UHNC0113|2|EA|772800|KRW|1545600|20160229|1300|
C|005186|2016|50002309380005|001|4300004532|00010|UHHC0132|1|EA|543900|KRW|543900|20160229|1300|
C|005186|2016|50002309380006|001|4300004532|00020|UHHC0057|1|EA|255150|KRW|255150|20160229|1300|
C|005186|2016|50002309380007|001|4300004533|00010|UHGC0296|2|EA|159000|KRW|318000|20160229|1300|
C|005186|2016|50002309380008|001|4300004535|00010|UHTC0465|30|EA|13890|KRW|416700|20160229|1300|
C|005186|2016|50002309380009|001|4300004535|00020|UHHC0080|200|M|3370|KRW|674000|20160229|1300|
C|005186|2016|50002309380010|001|4300004535|00030|UHNC0134|1|EA|812640|KRW|812640|20160229|1300|
C|005186|2016|50002309390001|001|4300004433|00020|KS061505|10|EA|6230|KRW|62300|20160229|1300|
C|005186|2016|50002309390002|001|4300004440|00040|UEBC0240|20|EA|3390|KRW|67800|20160229|1300|
C|005186|2016|50002309400001|001|4300004579|00010|UGBC1486|2|EA|256200|KRW|512400|20160229|1300|
C|005186|2016|50002309400002|001|4300004579|00020|UGBC1487|2|EA|140200|KRW|280400|20160229|1300|
C|005186|2016|50002309400003|001|4300004579|00030|UGBC1488|2|EA|128600|KRW|257200|20160229|1300|
C|005186|2016|50002309400004|001|4300004579|00040|UCAC0300|1|EA|429300|KRW|429300|20160229|1300|
C|005186|2016|50002309400005|001|4300004581|00010|UALC0116|20|EA|9450|KRW|189000|20160229|1300|
C|005186|2016|50002309410001|001|4300004392|00010|UDBC0320|500|EA|26|KRW|13000|20160229|1300|
C|005186|2016|50002309410002|001|4300004392|00020|UDBC0076|500|EA|19|KRW|9500|20160229|1300|
C|005186|2016|50002309410003|001|4300004392|00030|UDBC0323|500|EA|40|KRW|20000|20160229|1300|
C|005186|2016|50002309410004|001|4300004392|00040|UDBC0076|500|EA|19|KRW|9500|20160229|1300|
C|005186|2016|50002309410005|001|4300004392|00050|UDBC0077|500|EA|23|KRW|11500|20160229|1300|
C|005186|2016|50002309410006|001|4300004392|00060|UDBC0078|500|EA|31|KRW|15500|20160229|1300|
C|005186|2016|50002309410007|001|4300004392|00070|UDBC0072|500|EA|48|KRW|24000|20160229|1300|
C|005186|2016|50002309410008|001|4300004392|00080|UDBC0073|100|EA|60|KRW|6000|20160229|1300|
C|005186|2016|50002309410009|001|4300004392|00090|UDBC0074|100|EA|78|KRW|7800|20160229|1300|
C|005186|2016|50002309410010|001|4300004392|00100|UDBC0075|100|EA|125|KRW|12500|20160229|1300|
C|005186|2016|50002309410011|001|4300004392|00110|UDBC0849|200|EA|100|KRW|20000|20160229|1300|
C|005186|2016|50002309410012|001|4300004392|00120|UDBC0423|500|EA|75|KRW|37500|20160229|1300|
C|005186|2016|50002309410013|001|4300004392|00130|UDBC0430|200|EA|137|KRW|27400|20160229|1300|
C|005186|2016|50002309410014|001|4300004392|00140|UDBC0445|200|EA|210|KRW|42000|20160229|1300|
C|005186|2016|50002309410015|001|4300004392|00150|UDBC0850|200|EA|120|KRW|24000|20160229|1300|
C|005186|2016|50002309410016|001|4300004392|00160|UDBC0009|100|EA|315|KRW|31500|20160229|1300|
C|005186|2016|50002309410017|001|4300004392|00170|UDBC0011|100|EA|547|KRW|54700|20160229|1300|
C|005186|2016|50002309410018|001|4300004392|00180|UDBC0368|500|EA|21|KRW|10500|20160229|1300|
C|005186|2016|50002309410019|001|4300004392|00190|UDBC0319|500|EA|8|KRW|4000|20160229|1300|
C|005186|2016|50002309410020|001|4300004392|00200|UDBC0322|500|EA|10|KRW|5000|20160229|1300|
C|005186|2016|50002309410021|001|4300004392|00210|UDBC0306|100|EA|24|KRW|2400|20160229|1300|
C|005186|2016|50002309410022|001|4300004392|00220|UDBC0740|500|EA|8|KRW|4000|20160229|1300|
C|005186|2016|50002309410023|001|4300004392|00230|UDBC0746|500|EA|9|KRW|4500|20160229|1300|
C|005186|2016|50002309410024|001|4300004392|00240|UDBC0714|200|EA|17|KRW|3400|20160229|1300|
C|005186|2016|50002309410025|001|4300004392|00250|UDBC0719|200|EA|19|KRW|3800|20160229|1300|
C|005186|2016|50002309410026|001|4300004392|00260|UDBC0725|200|EA|42|KRW|8400|20160229|1300|
C|005186|2016|50002309420001|001|4300004392|00270|UGBC0749|50|EA|520|KRW|26000|20160229|1300|
C|005186|2016|50002309420002|001|4300004392|00280|UGBC0753|50|EA|740|KRW|37000|20160229|1300|
C|005186|2016|50002309420003|001|4300004392|00290|UGCC0210|50|EA|3290|KRW|164500|20160229|1300|
C|005186|2016|50002309420004|001|4300004392|00300|UGCC0213|50|EA|4220|KRW|211000|20160229|1300|
C|005186|2016|50002309430001|001|4300004571|00010|KE180203|30|EA|13650|KRW|409500|20160229|1300|
C|005186|2016|50002309430002|001|4300004571|00020|KE190003|10|EA|29300|KRW|293000|20160229|1300|
C|005186|2016|50002309430003|001|4300004571|00030|KE200113|6|EA|130000|KRW|780000|20160229|1300|
C|005186|2016|50002309430004|001|4300004571|00040|KE210001|4|EA|53030|KRW|212120|20160229|1300|
C|005186|2016|50002309430005|001|4300004571|00050|KE231100|30|EA|530|KRW|15900|20160229|1300|
C|005186|2016|50002309430006|001|4300004571|00060|KE231403|11|EA|1840|KRW|20240|20160229|1300|
C|005186|2016|50002309430007|001|4300004571|00070|KE231503|8|EA|1160|KRW|9280|20160229|1300|
C|005186|2016|50002309430008|001|4300004571|00080|KE270300|80|EA|470|KRW|37600|20160229|1300|
C|005186|2016|50002309430009|001|4300004571|00090|KE270302|3|EA|6900|KRW|20700|20160229|1300|
C|005186|2016|50002309430010|001|4300004571|00100|KE280401|4|EA|20800|KRW|83200|20160229|1300|
C|005186|2016|50002309430011|001|4300004571|00110|KE281401|20|EA|840|KRW|16800|20160229|1300|
C|005186|2016|50002309430012|001|4300004572|00010|KE230003|200|EA|1870|KRW|374000|20160229|1300|
C|005186|2016|50002309430013|001|4300004572|00020|KE231001|25|EA|16150|KRW|403750|20160229|1300|
C|005186|2016|50002309430014|001|4300004576|00030|UHFC0432|5|EA|28620|KRW|143100|20160229|1300|
C|005186|2016|50002309430015|001|4300004576|00040|UHTC0775|10|EA|14310|KRW|143100|20160229|1300|
C|005186|2016|50002309430016|001|4300004576|00050|UHGC0294|10|EA|96460|KRW|964600|20160229|1300|
C|005186|2016|50002309430017|001|4300004577|00010|UHHC0204|4|EA|328000|KRW|1312000|20160229|1300|
C|005186|2016|50002309430018|001|4300004577|00020|UHFC0436|3|EA|12720|KRW|38160|20160229|1300|
C|005186|2016|50002309430019|001|4300004577|00030|UHGC0295|8|EA|36040|KRW|288320|20160229|1300|
C|005186|2016|50002309430020|001|4300004577|00040|UHTC0776|8|EA|22790|KRW|182320|20160229|1300|
C|005186|2016|50002309430021|001|4300004578|00010|UHTC0777|8|EA|22790|KRW|182320|20160229|1300|
C|005186|2016|50002309430022|001|4300004578|00020|UHHC0206|6|EA|116600|KRW|699600|20160229|1300|
C|005186|2016|50002309430023|001|4300004578|00030|UHGC0297|5|EA|20140|KRW|100700|20160229|1300|
C|005186|2016|50002309430024|001|4300004578|00040|UHGC0298|3|EA|72080|KRW|216240|20160229|1300|
C|005186|2016|50002309430025|001|4300004578|00050|UHNC0140|3|EA|190800|KRW|572400|20160229|1300|
C|005186|2016|50002309430026|001|4300004578|00060|UHEC0036|1|EA|7950|KRW|7950|20160229|1300|
C|005186|2016|50002309430027|001|4300004579|00050|UHCC0030|1|EA|298200|KRW|298200|20160229|1300|
C|005186|2016|50002309430028|001|4300004580|00010|UHFC0232|5|EA|9790|KRW|48950|20160229|1300|
C|005186|2016|50002309430029|001|4300004580|00020|UHFC0208|10|EA|10500|KRW|105000|20160229|1300|
C|005186|2016|50002309430030|001|4300004580|00110|UHGC0113|3|EA|50400|KRW|151200|20160229|1300|
C|005186|2016|50002309430031|001|4300004580|00120|UHFC0122|1|EA|135030|KRW|135030|20160229|1300|
C|005186|2016|50002309430032|001|4300004580|00130|UHFC0155|2|EA|80430|KRW|160860|20160229|1300|
C|005186|2016|50002309430033|001|4300004582|00010|UHHC0203|70|EA|28000|KRW|1960000|20160229|1300|
C|005186|2016|50002309430034|001|4300004611|00010|KE200113|10|EA|130000|KRW|1300000|20160229|1300|
C|005186|2016|50002309430035|001|4300004612|00010|KE030011|6|EA|8190|KRW|49140|20160229|1300|
C|005186|2016|50002309430036|001|4300004612|00020|KE030110|1|EA|38540|KRW|38540|20160229|1300|
C|005186|2016|50002309430037|001|4300004612|00030|KE030200|10|EA|15230|KRW|152300|20160229|1300|
C|005186|2016|50002309430038|001|4300004612|00040|KE030205|8|EA|31290|KRW|250320|20160229|1300|
C|005186|2016|50002309430039|001|4300004612|00050|KE030208|1|EA|57230|KRW|57230|20160229|1300|
C|005186|2016|50002309430040|001|4300004684|00050|UHNC0082|1|EA|285600|KRW|285600|20160229|1300|
C|005186|2016|50002309430041|001|4300004684|00060|UHNC0113|1|EA|772800|KRW|772800|20160229|1300|
C|005186|2016|50002309440001|001|4300004528|00020|UGCC0028|2|EA|195200|KRW|390400|20160229|1300|
C|005186|2016|50002309440002|001|4300004570|00010|KE030211|3|EA|145740|KRW|437220|20160229|1300|
C|005186|2016|50002309440003|001|4300004570|00020|KE050213|3|EA|8440|KRW|25320|20160229|1300|
C|005186|2016|50002309440004|001|4300004570|00030|KE050303|10|EA|2600|KRW|26000|20160229|1300|
C|005186|2016|50002309440005|001|4300004570|00040|KE090112|8|EA|16800|KRW|134400|20160229|1300|
C|005186|2016|50002309440006|001|4300004570|00050|KE090136|4|EA|28980|KRW|115920|20160229|1300|
C|005186|2016|50002309440007|001|4300004570|00060|KE110100|10|EA|124000|KRW|1240000|20160229|1300|
C|005186|2016|50002309440008|001|4300004573|00010|UHFC0431|4|EA|85860|KRW|343440|20160229|1300|
C|005186|2016|50002309440009|001|4300004573|00020|UEAC0184|4|EA|379480|KRW|1517920|20160229|1300|
C|005186|2016|50002309450001|001|4300004568|00010|UAEC0082|1|EA|152640|KRW|152640|20160229|1300|
C|005186|2016|50002309450002|001|4300004568|00020|UZZC0089|400|EA|200|KRW|80000|20160229|1300|
C|005186|2016|50002309450003|001|4300004568|00030|UICC0038|2|EA|4520|KRW|9040|20160229|1300|
C|005186|2016|50002309450004|001|4300004568|00050|UJBC0058|2|EA|30980|KRW|61960|20160229|1300|
C|005186|2016|50002309450005|001|4300004568|00060|UJBC0040|1|EA|75600|KRW|75600|20160229|1300|
C|005186|2016|50002309450006|001|4300004568|00070|UICC0024|2|EA|6000|KRW|12000|20160229|1300|
C|005186|2016|50002309450007|001|4300004575|00010|UHTC0774|28|EA|62540|KRW|1751120|20160229|1300|
C|005186|2016|50002309450008|001|4300004581|00020|UADC0163|1|EA|32640|KRW|32640|20160229|1300|
C|005186|2016|50002309450009|001|4300004641|00010|UFGC0017|80|EA|3500|KRW|280000|20160229|1300|
C|005186|2016|50002309450010|001|4300004642|00010|CMB0010|300|EA|1100|KRW|330000|20160229|1300|
