C|005186|2019|50005016660001|001|4300013904|00010|CMF0005|1|EA|18700|KRW|18700|20190626|1300|
C|005186|2019|50005016660002|001|4300013904|00030|CME0008|10|EA|1950|KRW|19500|20190626|1300|
C|005186|2019|50005016660003|001|4300013904|00040|CMC0003|10|EA|310|KRW|3100|20190626|1300|
C|005186|2019|50005016660004|001|4300013904|00050|CMF0015|20|EA|450|KRW|9000|20190626|1300|
C|005186|2019|50005016660005|001|4300013904|00060|CMZ0009|20|EA|920|KRW|18400|20190626|1300|
C|005186|2019|50005016660006|001|4300013904|00070|CMC0005|30|EA|150|KRW|4500|20190626|1300|
C|005186|2019|50005016660007|001|4300013904|00090|CMB0002|40|EA|2100|KRW|84000|20190626|1300|
C|005186|2019|50005016660008|001|4300013904|00100|CMB0003|40|EA|2200|KRW|88000|20190626|1300|
C|005186|2019|50005016660009|001|4300013904|00120|CMB0001|60|EA|520|KRW|31200|20190626|1300|
C|005186|2019|50005016660010|001|4300013904|00130|CMA0008|100|EA|470|KRW|47000|20190626|1300|
C|005186|2019|50005016660011|001|4300013904|00140|CMA0007|200|EA|151|KRW|30200|20190626|1300|
C|005186|2019|50005016660012|001|4300013904|00150|CMA0001|300|EA|151|KRW|45300|20190626|1300|
C|005186|2019|50005016670001|001|4300013903|00010|CMA0017|1|EA|770|KRW|770|20190626|1300|
C|005186|2019|50005016670002|001|4300013903|00030|CMF0005|4|EA|18700|KRW|74800|20190626|1300|
C|005186|2019|50005016670003|001|4300013903|00070|CMB0002|190|EA|2100|KRW|399000|20190626|1300|
C|005186|2019|50005016670004|001|4300013903|00080|CMA0001|350|EA|151|KRW|52850|20190626|1300|
C|005186|2019|50005016670005|001|4300013903|00090|CMA0007|350|EA|151|KRW|52850|20190626|1300|
C|005186|2019|50005016690001|001|4300013898|00040|CMB0001|45|EA|520|KRW|23400|20190626|1300|
C|005186|2019|50005016700001|001|4300013896|00010|CMD0011|1|EA|24100|KRW|24100|20190626|1300|
C|005186|2019|50005016700002|001|4300013896|00020|CMB0001|60|EA|520|KRW|31200|20190626|1300|
C|005186|2019|50005016710001|001|4300013897|00010|CMA0001|50|EA|151|KRW|7550|20190626|1300|
C|005186|2019|50005016710002|001|4300013897|00020|CMA0007|60|EA|151|KRW|9060|20190626|1300|
