C|005186|2017|50003725930001|001|4300008419|00010|UGCC0276|2|EA|49700|KRW|99400|20170929|1300|
C|005186|2017|50003725930002|001|4300008419|00020|UEBC0441|5|EA|29560|KRW|147800|20170929|1300|
C|005186|2017|50003725930003|001|4300008419|00030|UGBC0205|10|EA|16420|KRW|164200|20170929|1300|
C|005186|2017|50003725930004|001|4300008419|00040|UGBC0162|5|EA|16800|KRW|84000|20170929|1300|
C|005186|2017|50003725930005|001|4300008419|00050|UGBC0615|5|EA|7460|KRW|37300|20170929|1300|
C|005186|2017|50003725930006|001|4300008419|00060|UGBC0192|5|EA|36750|KRW|183750|20170929|1300|
C|005186|2017|50003725930007|001|4300008419|00070|UGBC0205|6|EA|16420|KRW|98520|20170929|1300|
C|005186|2017|50003725930008|001|4300008419|00080|UGCC0026|1|EA|65100|KRW|65100|20170929|1300|
C|005186|2017|50003725930009|001|4300008419|00090|UCKC0077|1|EA|24150|KRW|24150|20170929|1300|
C|005186|2017|50003725930010|001|4300008421|00010|UGBC1540|2|EA|86400|KRW|172800|20170929|1300|
C|005186|2017|50003725930011|001|4300008422|00010|UDBC0977|30|EA|1960|KRW|58800|20170929|1300|
C|005186|2017|50003725930012|001|4300008422|00020|UDBC0359|30|EA|630|KRW|18900|20170929|1300|
C|005186|2017|50003725930013|001|4300008422|00030|UDBC0731|60|EA|210|KRW|12600|20170929|1300|
C|005186|2017|50003725930014|001|4300008422|00040|UCIC0172|1|EA|1852000|KRW|1852000|20170929|1300|
C|005186|2017|50003725930015|001|4300008423|00010|UGBC0159|3|EA|77900|KRW|233700|20170929|1300|
C|005186|2017|50003725930016|001|4300008423|00020|UGBC1360|1|EA|212000|KRW|212000|20170929|1300|
C|005186|2017|50003725940001|001|4300008563|00020|CMD0016|1|EA|29000|KRW|29000|20170929|1300|
C|005186|2017|50003725950001|001|4300008588|00010|UCIC0154|100|EA|1370|KRW|137000|20170929|1300|
C|005186|2017|50003725950002|001|4300008588|00020|UGBC1231|10|EA|14800|KRW|148000|20170929|1300|
C|005186|2017|50003725950003|001|4300008588|00040|UCIC0208|1|EA|144000|KRW|144000|20170929|1300|
C|005186|2017|50003725950004|001|4300008588|00060|UGBC1321|5|EA|2210|KRW|11050|20170929|1300|
C|005186|2017|50003725950005|001|4300008588|00070|UGBC0614|5|EA|5150|KRW|25750|20170929|1300|
