C|005186|2013|50000224740001|001|4300000417|00010|CMA0001|400|EA|240|KRW|96000|20130815|1300|
C|005186|2013|50000224740002|001|4300000417|00020|CMA0004|50|EA|2780|KRW|139000|20130815|1300|
C|005186|2013|50000224740003|001|4300000417|00030|CMA0005|100|EA|2470|KRW|247000|20130815|1300|
C|005186|2013|50000224740004|001|4300000417|00040|CMA0007|150|EA|270|KRW|40500|20130815|1300|
C|005186|2013|50000224740005|001|4300000417|00050|CMA0008|50|EA|690|KRW|34500|20130815|1300|
C|005186|2013|50000224740006|001|4300000417|00060|CMA0017|10|EA|780|KRW|7800|20130815|1300|
C|005186|2013|50000224740007|001|4300000417|00070|CMB0001|50|EA|655|KRW|32750|20130815|1300|
C|005186|2013|50000224740008|001|4300000417|00080|CMB0002|150|EA|2420|KRW|363000|20130815|1300|
C|005186|2013|50000224740009|001|4300000417|00090|CMC0003|50|EA|340|KRW|17000|20130815|1300|
C|005186|2013|50000224740010|001|4300000417|00100|CMC0005|50|EA|190|KRW|9500|20130815|1300|
C|005186|2013|50000224740011|001|4300000417|00110|CME0001|18|EA|4910|KRW|88380|20130815|1300|
C|005186|2013|50000224740012|001|4300000417|00120|CME0002|150|EA|2300|KRW|345000|20130815|1300|
C|005186|2013|50000224740013|001|4300000417|00130|CME0010|200|EA|285|KRW|57000|20130815|1300|
C|005186|2013|50000224740014|001|4300000417|00140|CMF0004|1|EA|22050|KRW|22050|20130815|1300|
C|005186|2013|50000224740015|001|4300000417|00160|CMH0007|4|EA|11700|KRW|46800|20130815|1300|
C|005186|2013|50000224740016|001|4300000419|00010|CMB0010|20|EA|1100|KRW|22000|20130815|1300|
C|005186|2013|50000224740017|001|4300000419|00020|CMC0005|10|EA|190|KRW|1900|20130815|1300|
C|005186|2013|50000224740018|001|4300000419|00030|CME0001|12|EA|4910|KRW|58920|20130815|1300|
C|005186|2013|50000224740019|001|4300000419|00040|CME0002|10|EA|2300|KRW|23000|20130815|1300|
C|005186|2013|50000224740020|001|4300000419|00050|CME0010|10|EA|285|KRW|2850|20130815|1300|
C|005186|2013|50000224740021|001|4300000419|00060|CMF0001|5|EA|1680|KRW|8400|20130815|1300|
C|005186|2013|50000224740022|001|4300000419|00080|CMF0006|1|EA|11970|KRW|11970|20130815|1300|
C|005186|2013|50000224740023|001|4300000419|00090|CMF0009|2|EA|5700|KRW|11400|20130815|1300|
C|005186|2013|50000224740024|001|4300000419|00100|CMF0021|2|EA|5400|KRW|10800|20130815|1300|
C|005186|2013|50000224740025|001|4300000419|00110|CMH0007|3|EA|11700|KRW|35100|20130815|1300|
C|005186|2013|50000224740026|001|4300000419|00150|CMZ0014|1|EA|23300|KRW|23300|20130815|1300|
C|005186|2013|50000224750001|001|4300000424|00010|CMA0001|600|EA|240|KRW|144000|20130815|1300|
C|005186|2013|50000224750002|001|4300000424|00020|CMA0007|100|EA|270|KRW|27000|20130815|1300|
C|005186|2013|50000224750003|001|4300000424|00030|CMA0008|200|EA|690|KRW|138000|20130815|1300|
C|005186|2013|50000224750004|001|4300000424|00040|CMA0016|200|EA|2840|KRW|568000|20130815|1300|
C|005186|2013|50000224750005|001|4300000424|00050|CMA0017|20|EA|780|KRW|15600|20130815|1300|
C|005186|2013|50000224750006|001|4300000424|00060|CMB0001|100|EA|655|KRW|65500|20130815|1300|
C|005186|2013|50000224750007|001|4300000424|00070|CMB0010|400|EA|1100|KRW|440000|20130815|1300|
C|005186|2013|50000224750008|001|4300000424|00080|CMC0002|5|EA|9350|KRW|46750|20130815|1300|
C|005186|2013|50000224750009|001|4300000424|00090|CMC0005|100|EA|190|KRW|19000|20130815|1300|
C|005186|2013|50000224750010|001|4300000424|00100|CMD0001|10|EA|9555|KRW|95550|20130815|1300|
C|005186|2013|50000224750011|001|4300000424|00120|CME0002|50|EA|2300|KRW|115000|20130815|1300|
C|005186|2013|50000224750012|001|4300000424|00130|CME0010|50|EA|285|KRW|14250|20130815|1300|
C|005186|2013|50000224750013|001|4300000424|00140|CMF0001|10|EA|1680|KRW|16800|20130815|1300|
C|005186|2013|50000224750014|001|4300000424|00150|CMF0004|3|EA|22050|KRW|66150|20130815|1300|
C|005186|2013|50000224750015|001|4300000424|00170|CMF0013|10|EA|760|KRW|7600|20130815|1300|
C|005186|2013|50000224750016|001|4300000424|00180|CMF0021|10|EA|5400|KRW|54000|20130815|1300|
C|005186|2013|50000224750017|001|4300000424|00190|CMF0022|5|EA|5400|KRW|27000|20130815|1300|
C|005186|2013|50000224750018|001|4300000424|00210|CMZ0014|2|EA|23300|KRW|46600|20130815|1300|
C|005186|2013|50000224750019|001|4300000425|00010|CMA0001|360|EA|240|KRW|86400|20130815|1300|
C|005186|2013|50000224750020|001|4300000425|00020|CMA0007|360|EA|270|KRW|97200|20130815|1300|
C|005186|2013|50000224750021|001|4300000425|00030|CMB0010|200|EA|1100|KRW|220000|20130815|1300|
C|005186|2013|50000224750022|001|4300000425|00040|CMC0005|50|EA|190|KRW|9500|20130815|1300|
C|005186|2013|50000224750023|001|4300000425|00050|CME0008|20|EA|4410|KRW|88200|20130815|1300|
C|005186|2013|50000224750024|001|4300000425|00060|CME0010|60|EA|285|KRW|17100|20130815|1300|
C|005186|2013|50000224750025|001|4300000425|00070|CMF0001|20|EA|1680|KRW|33600|20130815|1300|
C|005186|2013|50000224750026|001|4300000425|00080|CMF0004|3|EA|22050|KRW|66150|20130815|1300|
C|005186|2013|50000224750027|001|4300000425|00100|CMF0009|10|EA|5700|KRW|57000|20130815|1300|
C|005186|2013|50000224750028|001|4300000425|00110|CMF0013|10|EA|760|KRW|7600|20130815|1300|
C|005186|2013|50000224750029|001|4300000425|00120|CMF0017|50|EA|505|KRW|25250|20130815|1300|
C|005186|2013|50000224750030|001|4300000425|00130|CMH0007|3|EA|11700|KRW|35100|20130815|1300|
C|005186|2013|50000224760001|001|4300000271|00220|UALC0095|2|EA|231500|KRW|463000|20130815|1300|
C|005186|2013|50000224760002|001|4300000271|00230|UALC0096|16|EA|28400|KRW|454400|20130815|1300|
C|005186|2013|50000224760003|001|4300000371|00010|UALC0095|2|EA|231500|KRW|463000|20130815|1300|
C|005186|2013|50000224760004|001|4300000414|00010|CMA0001|600|EA|240|KRW|144000|20130815|1300|
C|005186|2013|50000224760005|001|4300000414|00020|CMA0007|200|EA|270|KRW|54000|20130815|1300|
C|005186|2013|50000224760006|001|4300000414|00030|CMA0008|270|EA|690|KRW|186300|20130815|1300|
C|005186|2013|50000224760007|001|4300000414|00040|CMB0001|60|EA|655|KRW|39300|20130815|1300|
C|005186|2013|50000224760008|001|4300000414|00050|CMB0003|60|EA|2420|KRW|145200|20130815|1300|
C|005186|2013|50000224760009|001|4300000414|00060|CMB0010|140|EA|1100|KRW|154000|20130815|1300|
C|005186|2013|50000224760010|001|4300000414|00070|CMC0005|100|EA|190|KRW|19000|20130815|1300|
C|005186|2013|50000224760011|001|4300000414|00090|CME0006|20|EA|3400|KRW|68000|20130815|1300|
C|005186|2013|50000224760012|001|4300000414|00100|CME0008|20|EA|4410|KRW|88200|20130815|1300|
C|005186|2013|50000224760013|001|4300000414|00110|CME0010|100|EA|285|KRW|28500|20130815|1300|
C|005186|2013|50000224760014|001|4300000414|00130|CMF0006|5|EA|11970|KRW|59850|20130815|1300|
C|005186|2013|50000224760015|001|4300000414|00140|CMF0013|10|EA|760|KRW|7600|20130815|1300|
C|005186|2013|50000224760016|001|4300000414|00150|CMF0014|5|EA|630|KRW|3150|20130815|1300|
C|005186|2013|50000224760017|001|4300000414|00160|CMZ0015|1|EA|15500|KRW|15500|20130815|1300|
C|005186|2013|50000224770001|001|4300000421|00010|CMA0001|300|EA|240|KRW|72000|20130815|1300|
C|005186|2013|50000224770002|001|4300000421|00020|CMA0008|300|EA|690|KRW|207000|20130815|1300|
C|005186|2013|50000224770003|001|4300000421|00030|CMB0001|200|EA|655|KRW|131000|20130815|1300|
C|005186|2013|50000224770004|001|4300000421|00040|CMB0002|20|EA|2420|KRW|48400|20130815|1300|
C|005186|2013|50000224770005|001|4300000421|00050|CMB0003|20|EA|2420|KRW|48400|20130815|1300|
C|005186|2013|50000224770006|001|4300000421|00060|CMB0010|20|EA|1100|KRW|22000|20130815|1300|
C|005186|2013|50000224770007|001|4300000421|00070|CMC0002|3|EA|9350|KRW|28050|20130815|1300|
C|005186|2013|50000224770008|001|4300000421|00080|CMC0005|50|EA|190|KRW|9500|20130815|1300|
C|005186|2013|50000224770009|001|4300000421|00090|CMC0007|3|EA|12100|KRW|36300|20130815|1300|
C|005186|2013|50000224770010|001|4300000421|00100|CME0008|10|EA|4410|KRW|44100|20130815|1300|
C|005186|2013|50000224770011|001|4300000421|00110|CME0010|100|EA|285|KRW|28500|20130815|1300|
C|005186|2013|50000224770012|001|4300000421|00120|CMF0015|10|EA|500|KRW|5000|20130815|1300|
C|005186|2013|50000224770013|001|4300000421|00160|CMZ0009|40|EA|740|KRW|29600|20130815|1300|
C|005186|2013|50000224770014|001|4300000421|00170|CMZ0014|1|EA|23300|KRW|23300|20130815|1300|
C|005186|2013|50000224770015|001|4300000423|00010|CMA0001|200|EA|240|KRW|48000|20130815|1300|
C|005186|2013|50000224770016|001|4300000423|00020|CMA0007|50|EA|270|KRW|13500|20130815|1300|
C|005186|2013|50000224770017|001|4300000423|00030|CMB0001|100|EA|655|KRW|65500|20130815|1300|
C|005186|2013|50000224770018|001|4300000423|00040|CMB0003|20|EA|2420|KRW|48400|20130815|1300|
C|005186|2013|50000224770019|001|4300000423|00050|CMB0010|100|EA|1100|KRW|110000|20130815|1300|
C|005186|2013|50000224770020|001|4300000423|00060|CME0002|10|EA|2300|KRW|23000|20130815|1300|
C|005186|2013|50000224770021|001|4300000423|00070|CME0010|30|EA|285|KRW|8550|20130815|1300|
C|005186|2013|50000224770022|001|4300000423|00080|CMF0004|1|EA|22050|KRW|22050|20130815|1300|
C|005186|2013|50000224770023|001|4300000423|00100|CMF0009|2|EA|5700|KRW|11400|20130815|1300|
C|005186|2013|50000224770024|001|4300000423|00110|CMH0007|1|EA|11700|KRW|11700|20130815|1300|
C|005186|2013|50000224770025|001|4300000423|00130|CMZ0014|1|EA|23300|KRW|23300|20130815|1300|
C|005186|2013|50000224780001|001|4300000414|00080|CMD0011|4|EA|24150|KRW|96600|20130815|1300|
C|005186|2013|50000224790001|001|4300000418|00050|CMD0011|2|EA|24150|KRW|48300|20130815|1300|
C|005186|2013|50000224800001|001|4300000421|00130|CMZ0002|10|EA|430|KRW|4300|20130815|1300|
C|005186|2013|50000224800002|001|4300000421|00140|CMZ0005|10|EA|750|KRW|7500|20130815|1300|
C|005186|2013|50000224800003|001|4300000421|00150|CMZ0006|10|EA|1155|KRW|11550|20130815|1300|
C|005186|2013|50000224800004|001|4300000422|00010|CMA0001|200|EA|240|KRW|48000|20130815|1300|
C|005186|2013|50000224800005|001|4300000422|00020|CMA0007|100|EA|270|KRW|27000|20130815|1300|
C|005186|2013|50000224800006|001|4300000422|00030|CMA0016|150|EA|2840|KRW|426000|20130815|1300|
C|005186|2013|50000224800007|001|4300000422|00040|CMB0001|200|EA|655|KRW|131000|20130815|1300|
C|005186|2013|50000224800008|001|4300000422|00050|CMB0010|20|EA|1100|KRW|22000|20130815|1300|
C|005186|2013|50000224800009|001|4300000422|00060|CMC0005|50|EA|190|KRW|9500|20130815|1300|
C|005186|2013|50000224800010|001|4300000422|00080|CME0001|20|EA|4910|KRW|98200|20130815|1300|
C|005186|2013|50000224800011|001|4300000422|00090|CME0008|20|EA|4410|KRW|88200|20130815|1300|
C|005186|2013|50000224800012|001|4300000422|00100|CME0010|50|EA|285|KRW|14250|20130815|1300|
C|005186|2013|50000224800013|001|4300000422|00110|CMF0013|10|EA|760|KRW|7600|20130815|1300|
C|005186|2013|50000224800014|001|4300000422|00120|CMF0022|10|EA|5400|KRW|54000|20130815|1300|
C|005186|2013|50000224800015|001|4300000422|00130|CMZ0007|20|EA|330|KRW|6600|20130815|1300|
C|005186|2013|50000224800016|001|4300000422|00140|CMZ0014|1|EA|23300|KRW|23300|20130815|1300|
C|005186|2013|50000224800017|001|4300000423|00120|CMZ0004|20|EA|380|KRW|7600|20130815|1300|
C|005186|2013|50000224800018|001|4300000424|00200|CMZ0006|10|EA|1155|KRW|11550|20130815|1300|
C|005186|2013|50000224800019|001|4300000425|00140|CMZ0004|100|EA|380|KRW|38000|20130815|1300|
C|005186|2013|50000224800020|001|4300000425|00150|CMZ0005|10|EA|750|KRW|7500|20130815|1300|
C|005186|2013|50000224810001|001|4300000415|00100|CMZ0002|20|EA|430|KRW|8600|20130815|1300|
C|005186|2013|50000224810002|001|4300000416|00170|CMZ0001|40|EA|765|KRW|30600|20130815|1300|
C|005186|2013|50000224810003|001|4300000416|00180|CMZ0002|40|EA|430|KRW|17200|20130815|1300|
C|005186|2013|50000224810004|001|4300000416|00190|CMZ0004|50|EA|380|KRW|19000|20130815|1300|
C|005186|2013|50000224810005|001|4300000416|00200|CMZ0006|30|EA|1155|KRW|34650|20130815|1300|
C|005186|2013|50000224810006|001|4300000417|00170|CMZ0001|10|EA|765|KRW|7650|20130815|1300|
C|005186|2013|50000224810007|001|4300000417|00180|CMZ0002|20|EA|430|KRW|8600|20130815|1300|
C|005186|2013|50000224810008|001|4300000417|00190|CMZ0004|10|EA|380|KRW|3800|20130815|1300|
C|005186|2013|50000224810009|001|4300000417|00200|CMZ0006|5|EA|1155|KRW|5775|20130815|1300|
C|005186|2013|50000224810010|001|4300000419|00120|CMZ0002|20|EA|430|KRW|8600|20130815|1300|
C|005186|2013|50000224810011|001|4300000419|00130|CMZ0004|10|EA|380|KRW|3800|20130815|1300|
C|005186|2013|50000224810012|001|4300000419|00140|CMZ0005|10|EA|750|KRW|7500|20130815|1300|
C|005186|2013|50000224820001|001|4300000426|00010|CMA0001|80|EA|240|KRW|19200|20130815|1300|
C|005186|2013|50000224820002|001|4300000426|00020|CMA0017|3|EA|780|KRW|2340|20130815|1300|
C|005186|2013|50000224820003|001|4300000426|00030|CMB0001|60|EA|655|KRW|39300|20130815|1300|
C|005186|2013|50000224820004|001|4300000426|00040|CMZ0032|5|EA|1970|KRW|9850|20130815|1300|
C|005186|2013|50000224820005|001|4300000427|00010|CMA0001|10|EA|240|KRW|2400|20130815|1300|
C|005186|2013|50000224820006|001|4300000427|00020|CMA0016|20|EA|2840|KRW|56800|20130815|1300|
C|005186|2013|50000224820007|001|4300000427|00030|CMB0002|20|EA|2420|KRW|48400|20130815|1300|
C|005186|2013|50000224820008|001|4300000427|00040|CMB0003|80|EA|2420|KRW|193600|20130815|1300|
C|005186|2013|50000224820009|001|4300000427|00050|CMB0010|60|EA|1100|KRW|66000|20130815|1300|
C|005186|2013|50000224820010|001|4300000427|00060|CMC0005|10|EA|190|KRW|1900|20130815|1300|
C|005186|2013|50000224820011|001|4300000427|00100|CMF0002|10|EA|1100|KRW|11000|20130815|1300|
C|005186|2013|50000224820012|001|4300000427|00110|CMF0008|2|EA|1785|KRW|3570|20130815|1300|
C|005186|2013|50000224820013|001|4300000427|00120|CMF0020|3|EA|700|KRW|2100|20130815|1300|
C|005186|2013|50000224820014|001|4300000427|00130|CMF0023|5|EA|1260|KRW|6300|20130815|1300|
C|005186|2013|50000224820015|001|4300000428|00010|CMA0001|140|EA|240|KRW|33600|20130815|1300|
C|005186|2013|50000224820016|001|4300000428|00020|CMA0007|250|EA|270|KRW|67500|20130815|1300|
C|005186|2013|50000224820017|001|4300000428|00030|CMA0008|20|EA|690|KRW|13800|20130815|1300|
C|005186|2013|50000224820018|001|4300000428|00040|CMA0016|20|EA|2840|KRW|56800|20130815|1300|
C|005186|2013|50000224820019|001|4300000428|00050|CMA0017|1|EA|780|KRW|780|20130815|1300|
C|005186|2013|50000224820020|001|4300000428|00060|CMB0001|100|EA|655|KRW|65500|20130815|1300|
