C|005186|2013|50000143740001|001|4300000296|00010|UCFC0006|10|EA|8210|KRW|82100|20130628|1300|
C|005186|2013|50000143740002|001|4300000296|00020|UCIC0017|1|EA|17050|KRW|17050|20130628|1300|
C|005186|2013|50000143740003|001|4300000296|00030|UJBC0022|1|EA|372750|KRW|372750|20130628|1300|
C|005186|2013|50000143740004|001|4300000296|00040|UGAC0056|3|EA|139760|KRW|419280|20130628|1300|
C|005186|2013|50000143740005|001|4300000296|00050|UKBC0010|1|EA|91480|KRW|91480|20130628|1300|
C|005186|2013|50000143740006|001|4300000296|00060|UJBC0004|20|EA|4337|KRW|86740|20130628|1300|
C|005186|2013|50000143740007|001|4300000296|00100|UAEC0114|1|EA|12290|KRW|12290|20130628|1300|
C|005186|2013|50000143740008|001|4300000296|00110|UDFC0101|10|EA|16170|KRW|161700|20130628|1300|
C|005186|2013|50000143740009|001|4300000296|00120|UCAC0057|1|EA|191000|KRW|191000|20130628|1300|
C|005186|2013|50000143740010|001|4300000296|00130|UAGC0038|50|EA|2710|KRW|135500|20130628|1300|
C|005186|2013|50000143740011|001|4300000296|00160|UEBC0001|200|EA|990|KRW|198000|20130628|1300|
C|005186|2013|50000143740012|001|4300000296|00170|UDBC0147|2000|EA|27|KRW|54000|20130628|1300|
C|005186|2013|50000143740013|001|4300000296|00220|UKBC0010|1|EA|91480|KRW|91480|20130628|1300|
C|005186|2013|50000143740014|001|4300000296|00230|UEBC0440|5|EA|23960|KRW|119800|20130628|1300|
C|005186|2013|50000143740015|001|4300000296|00240|UKEC0002|50|EA|530|KRW|26500|20130628|1300|
C|005186|2013|50000143740016|001|4300000296|00280|UKBC0010|2|EA|91480|KRW|182960|20130628|1300|
C|005186|2013|50000143740017|001|4300000296|00290|UKGC0006|40|EA|1370|KRW|54800|20130628|1300|
C|005186|2013|50000143740018|001|4300000296|00300|UEBC0064|2|EA|181130|KRW|362260|20130628|1300|
C|005186|2013|50000143740019|001|4300000296|00310|UCAC0052|3|EA|19630|KRW|58890|20130628|1300|
C|005186|2013|50000143750001|001|4300000269|00010|UHHC0036|2|EA|517860|KRW|1035720|20130628|1300|
C|005186|2013|50000143750002|001|4300000269|00020|UHEC0004|4|EA|186500|KRW|746000|20130628|1300|
C|005186|2013|50000143750003|001|4300000269|00030|UHDC0159|3|EA|26500|KRW|79500|20130628|1300|
C|005186|2013|50000143750004|001|4300000269|00040|UHEC0003|5|EA|133000|KRW|665000|20130628|1300|
C|005186|2013|50000143750005|001|4300000269|00050|UHGC0192|5|EA|28000|KRW|140000|20130628|1300|
C|005186|2013|50000143750006|001|4300000269|00060|UHBC0003|1|EA|1572900|KRW|1572900|20130628|1300|
C|005186|2013|50000143750007|001|4300000269|00070|UHDC0019|10|EA|36750|KRW|367500|20130628|1300|
C|005186|2013|50000143750008|001|4300000269|00080|UHGC0213|5|EA|28004|KRW|140020|20130628|1300|
C|005186|2013|50000143750009|001|4300000269|00090|UHNC0119|1|EA|1042000|KRW|1042000|20130628|1300|
C|005186|2013|50000143750010|001|4300000273|00010|UHHC0151|1|EA|44210|KRW|44210|20130628|1300|
C|005186|2013|50000143750011|001|4300000273|00030|UHFC0232|5|EA|9790|KRW|48950|20130628|1300|
C|005186|2013|50000143750012|001|4300000273|00040|UHFC0233|5|EA|11660|KRW|58300|20130628|1300|
C|005186|2013|50000143750013|001|4300000273|00050|UHFC0234|5|EA|12075|KRW|60375|20130628|1300|
C|005186|2013|50000143750014|001|4300000273|00060|UHFC0235|2|EA|12800|KRW|25600|20130628|1300|
C|005186|2013|50000143750015|001|4300000273|00070|UHFC0236|2|EA|16500|KRW|33000|20130628|1300|
C|005186|2013|50000143750016|001|4300000273|00080|UIEC0036|1|EA|157900|KRW|157900|20130628|1300|
C|005186|2013|50000143770001|001|4300000263|00040|UCKC0037|80|EA|14050|KRW|1124000|20130628|1300|
C|005186|2013|50000143770002|001|4300000263|00050|UALC0075|4000|EA|45|KRW|180000|20130628|1300|
C|005186|2013|50000143770003|001|4300000271|00170|UHHC0140|1|EA|81690|KRW|81690|20130628|1300|
C|005186|2013|50000143780001|001|4300000291|00010|UIDC0004|1|EA|424200|KRW|424200|20130628|1300|
C|005186|2013|50000143780002|001|4300000291|00020|UDAC0198|10|EA|840|KRW|8400|20130628|1300|
C|005186|2013|50000143780003|001|4300000291|00030|UIDC0111|2|EA|72450|KRW|144900|20130628|1300|
C|005186|2013|50000143780004|001|4300000293|00040|UEBC0254|5|EA|2440|KRW|12200|20130628|1300|
C|005186|2013|50000143780005|001|4300000295|00030|UAEC0242|200|EA|3330|KRW|666000|20130628|1300|
C|005186|2013|50000143780006|001|4300000301|00010|UEBC1018|6|EA|21600|KRW|129600|20130628|1300|
C|005186|2013|50000143780007|001|4300000301|00020|UEBC0441|6|EA|29560|KRW|177360|20130628|1300|
C|005186|2013|50000143780008|001|4300000301|00030|UKEC0021|40|EA|1520|KRW|60800|20130628|1300|
C|005186|2013|50000143780009|001|4300000303|00030|UAGC0370|5|EA|6050|KRW|30250|20130628|1300|
C|005186|2013|50000143780010|001|4300000303|00040|UDBC0140|2|EA|4200|KRW|8400|20130628|1300|
C|005186|2013|50000143780011|001|4300000303|00100|UDBC0762|500|EA|32|KRW|16000|20130628|1300|
