C|005186|2018|50004394620001|001|4300011155|00020|UAGC0025|2|EA|6060|KRW|12120|20180831|1300|
C|005186|2018|50004394620002|001|4300011155|00030|UAGC0091|2|EA|8890|KRW|17780|20180831|1300|
C|005186|2018|50004394620003|001|4300011157|00010|UAIC0013|1|EA|45680|KRW|45680|20180831|1300|
C|005186|2018|50004394620004|001|4300011157|00020|UHTC0854|2|EA|93720|KRW|187440|20180831|1300|
C|005186|2018|50004394630001|001|4300011119|00030|UHTC0246|20|EA|169400|KRW|169400|20180831|1300|
C|005186|2018|50004394630002|001|4300011137|00010|UCHC0037|8|EA|30000|KRW|240000|20180831|1300|
C|005186|2018|50004394630003|001|4300011155|00010|UBBC0006|1|EA|103370|KRW|103370|20180831|1300|
C|005186|2018|50004394630004|001|4300011155|00040|UGCC0919|2|EA|63600|KRW|127200|20180831|1300|
C|005186|2018|50004394630005|001|4300011155|00050|UGCC0842|2|EA|37000|KRW|74000|20180831|1300|
C|005186|2018|50004394630006|001|4300011160|00010|UDBC0631|50|EA|2520|KRW|126000|20180831|1300|
C|005186|2018|50004394630007|001|4300011160|00020|UDBC0726|50|EA|1400|KRW|7000|20180831|1300|
C|005186|2018|50004394630008|001|4300011160|00030|UDBC0352|50|EA|1090|KRW|5450|20180831|1300|
C|005186|2018|50004394630009|001|4300011160|00040|UDBC0725|50|EA|420|KRW|2100|20180831|1300|
C|005186|2018|50004394640001|001|4300011055|00070|UGBC1706|3|EA|25400|KRW|76200|20180831|1300|
C|005186|2018|50004394640002|001|4300011066|00010|UGBC1516|3|EA|240000|KRW|720000|20180831|1300|
C|005186|2018|50004394640003|001|4300011158|00010|UGBC1645|2|EA|31500|KRW|63000|20180831|1300|
C|005186|2018|50004394650001|001|4300010974|00010|UALC0119|6000|EA|10000|KRW|120000|20180831|1300|
C|005186|2018|50004394650002|001|4300010974|00020|UALC0118|3000|EA|55000|KRW|330000|20180831|1300|
C|005186|2018|50004394660001|001|4300011162|00010|UEBC1394|2|EA|731400|KRW|1462800|20180831|1300|
C|005186|2018|50004394660002|001|4300011183|00010|UEBC0170|1|EA|705600|KRW|705600|20180831|1300|
C|005186|2018|50004394660003|001|4300011183|00020|UEBC1394|1|EA|731400|KRW|731400|20180831|1300|
C|005186|2018|50004394660004|001|4300011185|00010|UEBC0170|2|EA|705600|KRW|1411200|20180831|1300|
C|005186|2018|50004394660005|001|4300011189|00010|UDAC0111|50|EA|3200|KRW|16000|20180831|1300|
C|005186|2018|50004394660006|001|4300011189|00020|UEBC1268|10|EA|18338|KRW|183380|20180831|1300|
C|005186|2018|50004394660007|001|4300011189|00030|UICC0011|10|EA|162100|KRW|162100|20180831|1300|
C|005186|2018|50004394660008|001|4300011189|00040|UDAC0205|2|EA|1050|KRW|2100|20180831|1300|
C|005186|2018|50004394660009|001|4300011189|00050|UDBC0708|10|EA|30500|KRW|30500|20180831|1300|
C|005186|2018|50004394660010|001|4300011189|00060|UEBC1177|10|EA|44500|KRW|445000|20180831|1300|
C|005186|2018|50004394660011|001|4300011189|00070|UEBC1178|20|EA|5850|KRW|23400|20180831|1300|
C|005186|2018|50004394660012|001|4300011189|00080|UEBC0647|5|EA|45680|KRW|228400|20180831|1300|
C|005186|2018|50004394660013|001|4300011189|00090|UEBC1510|4|EA|213400|KRW|426800|20180831|1300|
C|005186|2018|50004394660014|001|4300011189|00100|UEBC1339|2|EA|223700|KRW|447400|20180831|1300|
C|005186|2018|50004394670001|001|4300011113|00010|KE030011|12|EA|8190|KRW|98280|20180831|1300|
C|005186|2018|50004394670002|001|4300011113|00020|KE030110|1|EA|38540|KRW|38540|20180831|1300|
C|005186|2018|50004394670003|001|4300011113|00030|KE030114|1|EA|63840|KRW|63840|20180831|1300|
C|005186|2018|50004394670004|001|4300011113|00040|KE030200|1|EA|15230|KRW|15230|20180831|1300|
C|005186|2018|50004394670005|001|4300011113|00050|KE030205|3|EA|31290|KRW|93870|20180831|1300|
C|005186|2018|50004394670006|001|4300011113|00060|KE030206|1|EA|16380|KRW|16380|20180831|1300|
C|005186|2018|50004394670007|001|4300011113|00080|KE050207|1|EA|6930|KRW|6930|20180831|1300|
C|005186|2018|50004394670008|001|4300011113|00090|KE050302|11|EA|1160|KRW|12760|20180831|1300|
C|005186|2018|50004394670009|001|4300011113|00110|KE090106|5|EA|15370|KRW|76850|20180831|1300|
C|005186|2018|50004394670010|001|4300011113|00120|KE090165|1|EA|165900|KRW|165900|20180831|1300|
C|005186|2018|50004394670011|001|4300011113|00140|KE190003|2|EA|29300|KRW|58600|20180831|1300|
C|005186|2018|50004394670012|001|4300011113|00150|KE210006|1|EA|53030|KRW|53030|20180831|1300|
C|005186|2018|50004394670013|001|4300011113|00160|KE231403|10|EA|1840|KRW|18400|20180831|1300|
C|005186|2018|50004394670014|001|4300011113|00170|KE231406|5|EA|7140|KRW|35700|20180831|1300|
