C|005186|2020|50005902070001|001|4300017911|00010|UHTC0571|3|EA|284240|KRW|852720|20200922|1300|
C|005186|2020|50005902070002|001|4300017942|00010|UCKC0171|5|EA|367000|KRW|1835000|20200922|1300|
C|005186|2020|50005902070003|001|4300018041|00010|UGCC0492|1|EA|172000|KRW|172000|20200922|1300|
C|005186|2020|50005902080001|001|4300018037|00010|UEBC0522|6|EA|13430|KRW|80580|20200922|1300|
C|005186|2020|50005902080002|001|4300018037|00020|UBBC0006|1|EA|103370|KRW|103370|20200922|1300|
C|005186|2020|50005902080003|001|4300018038|00080|UCIC0209|1|EA|1230000|KRW|1230000|20200922|1300|
C|005186|2020|50005902080004|001|4300018038|00090|UGBC1380|1|EA|72500|KRW|72500|20200922|1300|
C|005186|2020|50005902080005|001|4300018039|00010|UDFC0175|5|EA|35830|KRW|179150|20200922|1300|
C|005186|2020|50005902080006|001|4300018039|00050|UDCC0040|1|EA|239470|KRW|239470|20200922|1300|
C|005186|2020|50005902080007|001|4300018040|00020|UIDC0109|1|EA|184800|KRW|184800|20200922|1300|
C|005186|2020|50005902090001|001|4300018008|00010|UHHC0211|50|EA|380000|KRW|1900000|20200922|1300|
C|005186|2020|50005902090002|001|4300018009|00040|UHTC0246|20|EA|169400|KRW|169400|20200922|1300|
C|005186|2020|50005902090003|001|4300018009|00050|UHHC0214|20|EA|762000|KRW|1524000|20200922|1300|
C|005186|2020|50005902090004|001|4300018014|00010|KE090116|3|EA|28040|KRW|84120|20200922|1300|
C|005186|2020|50005902090005|001|4300018015|00010|UHFC0387|3|EA|631600|KRW|1894800|20200922|1300|
C|005186|2020|50005902090006|001|4300018016|00010|UHHC0082|1|EA|955500|KRW|955500|20200922|1300|
C|005186|2020|50005902090007|001|4300018016|00020|UHHC0068|1|EA|960750|KRW|960750|20200922|1300|
C|005186|2020|50005902090008|001|4300018017|00010|UHGC0347|2|EA|861000|KRW|1722000|20200922|1300|
C|005186|2020|50005902090009|001|4300018022|00010|UHGC0134|2|EA|756000|KRW|1512000|20200922|1300|
C|005186|2020|50005902090010|001|4300018044|00020|UHGC0324|10|EA|34750|KRW|69500|20200922|1300|
C|005186|2020|50005902090011|001|4300018044|00050|UHGC0055|10|EA|85500|KRW|171000|20200922|1300|
C|005186|2020|50005902090012|001|4300018044|00060|UHGC0294|5|EA|96460|KRW|482300|20200922|1300|
C|005186|2020|50005902090013|001|4300018045|00010|UHGC0134|2|EA|756000|KRW|1512000|20200922|1300|
C|005186|2020|50005902090014|001|4300018045|00020|UHGC0053|5|EA|114700|KRW|114700|20200922|1300|
C|005186|2020|50005902100001|001|4300017936|00010|UHFC0443|1|EA|1390000|KRW|1390000|20200922|1300|
C|005186|2020|50005902100002|001|4300017938|00010|UHNC0120|1|EA|729500|KRW|729500|20200922|1300|
C|005186|2020|50005902100003|001|4300017938|00020|UHNC0129|1|EA|840000|KRW|840000|20200922|1300|
C|005186|2020|50005902100004|001|4300017939|00010|UHGC0134|2|EA|756000|KRW|1512000|20200922|1300|
C|005186|2020|50005902100005|001|4300017940|00010|UHBC0008|1|EA|665260|KRW|665260|20200922|1300|
C|005186|2020|50005902100006|001|4300017940|00020|UHOC0003|2|EA|310800|KRW|621600|20200922|1300|
C|005186|2020|50005902100007|001|4300017941|00010|UHDC0023|10|EA|49350|KRW|493500|20200922|1300|
C|005186|2020|50005902100008|001|4300017941|00020|UHFC0208|20|EA|10500|KRW|210000|20200922|1300|
C|005186|2020|50005902100009|001|4300017941|00030|UHFC0150|20|EA|496000|KRW|992000|20200922|1300|
C|005186|2020|50005902100010|001|4300017943|00010|UHFC0386|1|EA|157900|KRW|157900|20200922|1300|
C|005186|2020|50005902910001|001|4300018018|00010|UCKC0146|2|EA|410000|KRW|820000|20200922|1300|
