C|005186|2020|50005902920001|001|4300017988|00010|UHGC0197|5|EA|180000|KRW|180000|20200922|1300|
C|005186|2020|50005902920002|001|4300017988|00020|UHTC0145|10|EA|850500|KRW|850500|20200922|1300|
C|005186|2020|50005902920003|001|4300017994|00010|KE050301|10|EA|1160|KRW|11600|20200922|1300|
C|005186|2020|50005902920004|001|4300017994|00020|KE050302|10|EA|1160|KRW|11600|20200922|1300|
C|005186|2020|50005902920005|001|4300017994|00030|KE280401|2|EA|20800|KRW|41600|20200922|1300|
C|005186|2020|50005902920006|001|4300017994|00040|KE090127|2|EA|34000|KRW|68000|20200922|1300|
C|005186|2020|50005902920007|001|4300017994|00050|KE090136|2|EA|28980|KRW|57960|20200922|1300|
C|005186|2020|50005902920008|001|4300017995|00010|UHTC0450|30|EA|37800|KRW|113400|20200922|1300|
C|005186|2020|50005902940001|001|4300018008|00020|UAEC0021|1|EA|32130|KRW|32130|20200922|1300|
C|005186|2020|50005902940002|001|4300018039|00030|UAGC0557|1|EA|506500|KRW|506500|20200922|1300|
C|005186|2020|50005902940003|001|4300018042|00010|UHDC0237|2|EA|91000|KRW|182000|20200922|1300|
C|005186|2020|50005902950001|001|4300017984|00010|UAEC0319|1|EA|73470|KRW|73470|20200922|1300|
C|005186|2020|50005902950002|001|4300017988|00030|UHFC0018|5|EA|438400|KRW|438400|20200922|1300|
C|005186|2020|50005902950003|001|4300018043|00030|UDEC0009|3|EA|211710|KRW|635130|20200922|1300|
C|005186|2020|50005902960001|001|4300018074|00010|UALC0119|6000|EA|10000|KRW|120000|20200922|1300|
C|005186|2020|50005902960002|001|4300018074|00020|UALC0118|2500|EA|55000|KRW|275000|20200922|1300|
