C|005186|2013|50000335450001|001|4300000542|00040|KT020006|4|EA|6250|KRW|25000|20131015|1300|
C|005186|2013|50000335450002|001|4300000542|00050|KT020008|2|EA|8030|KRW|16060|20131015|1300|
C|005186|2013|50000335450003|001|4300000542|00060|KT020009|2|EA|8030|KRW|16060|20131015|1300|
C|005186|2013|50000335450004|001|4300000542|00070|KT020010|2|EA|10190|KRW|20380|20131015|1300|
C|005186|2013|50000335450005|001|4300000542|00080|KT020011|3|EA|10400|KRW|31200|20131015|1300|
C|005186|2013|50000335450006|001|4300000542|00090|KT020013|3|EA|13110|KRW|39330|20131015|1300|
C|005186|2013|50000335450007|001|4300000542|00110|KT020017|2|EA|18730|KRW|37460|20131015|1300|
C|005186|2013|50000335450008|001|4300000542|00120|KT020019|1|EA|23570|KRW|23570|20131015|1300|
C|005186|2013|50000335450009|001|4300000542|00130|KT020500|20|EA|3110|KRW|62200|20131015|1300|
C|005186|2013|50000335450010|001|4300000542|00140|KT020600|4|EA|14910|KRW|59640|20131015|1300|
C|005186|2013|50000335450011|001|4300000542|00150|KT020611|1|EA|28140|KRW|28140|20131015|1300|
C|005186|2013|50000335450012|001|4300000542|00160|KT020612|1|EA|44100|KRW|44100|20131015|1300|
C|005186|2013|50000335450013|001|4300000542|00170|KT020613|1|EA|49000|KRW|49000|20131015|1300|
C|005186|2013|50000335450014|001|4300000542|00190|KT080311|1|EA|72980|KRW|72980|20131015|1300|
C|005186|2013|50000335450015|001|4300000542|00200|KT080500|1|EA|26500|KRW|26500|20131015|1300|
C|005186|2013|50000335450016|001|4300000542|00220|KT990010|40|EA|370|KRW|14800|20131015|1300|
C|005186|2013|50000335450017|001|4300000595|00010|UJCC0055|1|EA|9480|KRW|9480|20131015|1300|
C|005186|2013|50000335450018|001|4300000595|00020|UJCC0002|2|EA|22210|KRW|44420|20131015|1300|
C|005186|2013|50000335450019|001|4300000597|00110|UAGC0039|50|EA|8450|KRW|422500|20131015|1300|
C|005186|2013|50000335460001|001|4300000542|00100|KT020016|1|EA|18620|KRW|18620|20131015|1300|
C|005186|2013|50000335470001|001|4300000541|00070|UAGC0025|2|EA|6060|KRW|12120|20131015|1300|
C|005186|2013|50000335470002|001|4300000541|00080|UHTC0502|2|EA|95800|KRW|191600|20131015|1300|
C|005186|2013|50000335470003|001|4300000594|00020|UCAC0062|2|EA|110880|KRW|221760|20131015|1300|
C|005186|2013|50000335470004|001|4300000594|00030|UCHC0017|1|EA|28420|KRW|28420|20131015|1300|
C|005186|2013|50000335470005|001|4300000594|00040|UGBC1267|1|EA|60000|KRW|60000|20131015|1300|
C|005186|2013|50000335470006|001|4300000594|00050|UAGC0030|1|EA|19360|KRW|19360|20131015|1300|
C|005186|2013|50000335470007|001|4300000594|00070|UDBC0478|10|EA|1910|KRW|19100|20131015|1300|
C|005186|2013|50000335470008|001|4300000594|00080|UDBC0337|10|EA|105|KRW|1050|20131015|1300|
C|005186|2013|50000335470009|001|4300000609|00020|UIEC0007|1|EA|7080|KRW|7080|20131015|1300|
C|005186|2013|50000335480001|001|4300000482|00100|UKGC0010|2|EA|27370|KRW|54740|20131015|1300|
C|005186|2013|50000335480002|001|4300000545|00020|UGCC0030|1|EA|83160|KRW|83160|20131015|1300|
C|005186|2013|50000335480003|001|4300000545|00030|UAGC0193|50|EA|3255|KRW|162750|20131015|1300|
C|005186|2013|50000335480004|001|4300000545|00040|UJCC0013|500|EA|665|KRW|332500|20131015|1300|
C|005186|2013|50000335480005|001|4300000545|00050|UJCC0043|5000|EA|70|KRW|350000|20131015|1300|
C|005186|2013|50000335480006|001|4300000545|00060|UJAC0109|2|EA|25470|KRW|50940|20131015|1300|
C|005186|2013|50000335480007|001|4300000545|00070|UJAC0107|2|EA|24100|KRW|48200|20131015|1300|
C|005186|2013|50000335480008|001|4300000545|00080|UGBC1361|20|EA|3710|KRW|74200|20131015|1300|
C|005186|2013|50000335480009|001|4300000595|00040|UEBC0898|4|EA|24885|KRW|99540|20131015|1300|
C|005186|2013|50000335480010|001|4300000595|00050|UICC0032|1|EA|10290|KRW|10290|20131015|1300|
C|005186|2013|50000335480011|001|4300000595|00110|UADC0035|1|EA|231000|KRW|231000|20131015|1300|
C|005186|2013|50000335480012|001|4300000596|00020|UJAC0076|4|EA|50400|KRW|201600|20131015|1300|
C|005186|2013|50000335480013|001|4300000596|00030|UKBC0010|2|EA|91480|KRW|182960|20131015|1300|
C|005186|2013|50000335480014|001|4300000596|00090|UCAC0054|5|EA|42100|KRW|210500|20131015|1300|
C|005186|2013|50000335480015|001|4300000597|00010|UKBC0010|1|EA|91480|KRW|91480|20131015|1300|
C|005186|2013|50000335480016|001|4300000597|00060|UEBC0566|5|EA|176400|KRW|882000|20131015|1300|
C|005186|2013|50000335480017|001|4300000597|00070|UAEC0139|1|EA|11150|KRW|11150|20131015|1300|
C|005186|2013|50000335480018|001|4300000597|00080|UAGC0324|1|EA|330800|KRW|330800|20131015|1300|
C|005186|2013|50000335480019|001|4300000597|00100|UFFC0006|3|EA|6050|KRW|10200|20131015|1300|
C|005186|2013|50000335480020|001|4300000613|00010|UAGC0023|100|EA|1660|KRW|166000|20131015|1300|
C|005186|2013|50000335480021|001|4300000613|00060|UDAC0267|100|EA|6800|KRW|680000|20131015|1300|
C|005186|2013|50000335480022|001|4300000613|00070|UDAC0288|50|EA|16540|KRW|827000|20131015|1300|
C|005186|2013|50000335480023|001|4300000613|00090|UDBC0402|50|EA|53|KRW|2650|20131015|1300|
C|005186|2013|50000335480024|001|4300000613|00140|UZZC0025|30|EA|13200|KRW|396000|20131015|1300|
C|005186|2013|50000335480025|001|4300000613|00160|UJCC0043|2000|EA|70|KRW|140000|20131015|1300|
C|005186|2013|50000335480026|001|4300000613|00170|UAEC0380|2|EA|163800|KRW|327600|20131015|1300|
C|005186|2013|50000335490001|001|4300000546|00010|UHFC0178|5|EA|122000|KRW|610000|20131015|1300|
C|005186|2013|50000335490002|001|4300000546|00190|UGCC0765|1|EA|98300|KRW|98300|20131015|1300|
C|005186|2013|50000335490003|001|4300000546|00210|UGCC0756|4|EA|7890|KRW|31560|20131015|1300|
C|005186|2013|50000335490004|001|4300000546|00220|UGCC0757|4|EA|17360|KRW|69440|20131015|1300|
C|005186|2013|50000335490005|001|4300000546|00250|UAGC0038|10|EA|2710|KRW|27100|20131015|1300|
C|005186|2013|50000335490006|001|4300000546|00260|UAGC0087|10|EA|1020|KRW|10200|20131015|1300|
C|005186|2013|50000335490007|001|4300000546|00270|UGCC0397|2|EA|58950|KRW|117900|20131015|1300|
C|005186|2013|50000335490008|001|4300000546|00280|UAGC0023|40|EA|1660|KRW|66400|20131015|1300|
C|005186|2013|50000335490009|001|4300000578|00040|UCIC0082|2|EA|516600|KRW|1033200|20131015|1300|
C|005186|2013|50000335490010|001|4300000593|00030|UGCC0101|1|EA|629470|KRW|629470|20131015|1300|
C|005186|2013|50000335490011|001|4300000593|00040|UGCC0823|2|EA|50350|KRW|100700|20131015|1300|
C|005186|2013|50000335490012|001|4300000593|00050|UGCC0736|2|EA|156300|KRW|312600|20131015|1300|
C|005186|2013|50000335490013|001|4300000597|00130|UACC0025|2|EA|391000|KRW|782000|20131015|1300|
C|005186|2013|50000335490014|001|4300000607|00040|UGBC0765|30|EA|510|KRW|15300|20131015|1300|
C|005186|2013|50000335490015|001|4300000607|00050|UGBC0766|30|EA|650|KRW|19500|20131015|1300|
C|005186|2013|50000335490016|001|4300000607|00090|UGBC0771|30|EA|840|KRW|25200|20131015|1300|
C|005186|2013|50000335490017|001|4300000607|00100|UGCC0206|30|EA|3490|KRW|104700|20131015|1300|
C|005186|2013|50000335490018|001|4300000607|00110|UGCC0207|30|EA|3630|KRW|108900|20131015|1300|
C|005186|2013|50000335490019|001|4300000607|00140|UGBC0780|30|EA|570|KRW|17100|20131015|1300|
C|005186|2013|50000335490020|001|4300000607|00150|UGBC0781|30|EA|580|KRW|17400|20131015|1300|
C|005186|2013|50000335490021|001|4300000608|00090|UGBC0749|30|EA|520|KRW|15600|20131015|1300|
C|005186|2013|50000335490022|001|4300000608|00100|UGBC0750|30|EA|1290|KRW|38700|20131015|1300|
C|005186|2013|50000335490023|001|4300000608|00110|UGBC0768|30|EA|609|KRW|18270|20131015|1300|
C|005186|2013|50000335490024|001|4300000608|00120|UGCC0210|30|EA|3290|KRW|98700|20131015|1300|
C|005186|2013|50000335490025|001|4300000608|00130|UGCC0211|30|EA|4000|KRW|120000|20131015|1300|
C|005186|2013|50000335490026|001|4300000608|00210|UJAC0026|12|EA|42320|KRW|507840|20131015|1300|
C|005186|2013|50000335490027|001|4300000608|00220|UJAC0027|12|EA|47670|KRW|572040|20131015|1300|
C|005186|2013|50000335490028|001|4300000610|00100|UDFC0025|50|EA|3890|KRW|194500|20131015|1300|
C|005186|2013|50000335490029|001|4300000610|00110|UGBC0775|20|EA|1155|KRW|23100|20131015|1300|
C|005186|2013|50000335490030|001|4300000610|00120|UGCC0164|3|EA|99750|KRW|299250|20131015|1300|
C|005186|2013|50000335490031|001|4300000610|00130|UIEC0078|2|EA|47700|KRW|95400|20131015|1300|
C|005186|2013|50000335490032|001|4300000610|00140|UDBC0858|20|EA|580|KRW|11600|20131015|1300|
C|005186|2013|50000335490033|001|4300000610|00150|UDBC0845|240|EA|2730|KRW|655200|20131015|1300|
C|005186|2013|50000335490034|001|4300000610|00160|UDBC0323|300|EA|40|KRW|12000|20131015|1300|
C|005186|2013|50000335490035|001|4300000611|00020|UGBC0111|5|EA|294000|KRW|1470000|20131015|1300|
C|005186|2013|50000335490036|001|4300000611|00050|UADC0145|1|EA|70702|KRW|70702|20131015|1300|
C|005186|2013|50000335490037|001|4300000611|00060|UGBC0782|30|EA|720|KRW|21600|20131015|1300|
C|005186|2013|50000335490038|001|4300000611|00070|UGBC0783|30|EA|830|KRW|24900|20131015|1300|
C|005186|2013|50000335490039|001|4300000611|00080|UGBC0789|30|EA|690|KRW|20700|20131015|1300|
C|005186|2013|50000335490040|001|4300000611|00090|UGBC0787|30|EA|720|KRW|21600|20131015|1300|
C|005186|2013|50000335490041|001|4300000611|00100|UGBC0788|30|EA|920|KRW|27600|20131015|1300|
C|005186|2013|50000335490042|001|4300000611|00110|UGBC0790|30|EA|1230|KRW|36900|20131015|1300|
C|005186|2013|50000335490043|001|4300000611|00130|UAEC0354|1|EA|464300|KRW|464300|20131015|1300|
C|005186|2013|50000335490044|001|4300000611|00140|UGAC0037|10|EA|19425|KRW|194250|20131015|1300|
