C|005186|2019|50004933620001|001|4300013408|00040|UCKC0167|2|EA|127000|KRW|254000|20190515|1300|
C|005186|2019|50004933620002|001|4300013408|00050|UHTC0869|1|EA|455000|KRW|455000|20190515|1300|
C|005186|2019|50004933630001|001|4300013500|00010|UHTC0802|20|EA|249100|KRW|996400|20190515|1300|
C|005186|2019|50004933630002|001|4300013500|00020|UHTC0772|40|EA|466400|KRW|932800|20190515|1300|
C|005186|2019|50004933630003|001|4300013501|00010|UHTC0222|5|EA|45270|KRW|226350|20190515|1300|
C|005186|2019|50004933630004|001|4300013501|00020|UHHC0078|1|EA|573300|KRW|573300|20190515|1300|
C|005186|2019|50004933630005|001|4300013501|00050|UHGC0347|1|EA|861000|KRW|861000|20190515|1300|
C|005186|2019|50004933630006|001|4300013502|00010|UHBC0022|1|EA|430360|KRW|430360|20190515|1300|
C|005186|2019|50004933630007|001|4300013502|00040|UHDC0211|1|EA|31600|KRW|31600|20190515|1300|
C|005186|2019|50004933630008|001|4300013502|00050|UHDC0155|1|EA|8340|KRW|8340|20190515|1300|
C|005186|2019|50004933630009|001|4300013502|00060|UHTC0124|5|EA|202125|KRW|202125|20190515|1300|
C|005186|2019|50004933630010|001|4300013503|00010|UEAC0184|5|EA|1897400|KRW|1897400|20190515|1300|
C|005186|2019|50004933630011|001|4300013505|00040|UKDC0005|5|EA|9450|KRW|47250|20190515|1300|
C|005186|2019|50004933630012|001|4300013509|00010|UHGC0347|1|EA|861000|KRW|861000|20190515|1300|
C|005186|2019|50004933640001|001|4300013525|00040|UKGC0026|40|EA|5780|KRW|231200|20190515|1300|
C|005186|2019|50004933640002|001|4300013528|00020|UGBC1582|1|EA|22100|KRW|22100|20190515|1300|
C|005186|2019|50004933640003|001|4300013539|00020|UHTC0610|10|EA|49400|KRW|494000|20190515|1300|
C|005186|2019|50004933640004|001|4300013545|00030|UGCC0244|15|EA|9980|KRW|149700|20190515|1300|
C|005186|2019|50004933650001|001|4300013527|00010|UAGC0455|1|EA|128000|KRW|128000|20190515|1300|
C|005186|2019|50004933650002|001|4300013527|00020|UALC0024|5|EA|132500|KRW|132500|20190515|1300|
C|005186|2019|50004933650003|001|4300013527|00030|UALC0027|10|EA|190800|KRW|381600|20190515|1300|
C|005186|2019|50004933650004|001|4300013539|00010|UDBC0140|4|EA|4200|KRW|16800|20190515|1300|
C|005186|2019|50004933650005|001|4300013546|00060|UZZC0029|20|EA|231000|KRW|231000|20190515|1300|
C|005186|2019|50004933650006|001|4300013551|00030|UDBC0987|40|EA|1300|KRW|5200|20190515|1300|
C|005186|2019|50004933660001|001|4300013524|00010|UALC0100|5|EA|92150|KRW|92150|20190515|1300|
C|005186|2019|50004933660002|001|4300013524|00020|UALC0026|10|EA|132500|KRW|265000|20190515|1300|
C|005186|2019|50004933660003|001|4300013524|00030|UALC0132|30|EA|34200|KRW|102600|20190515|1300|
C|005186|2019|50004933660004|001|4300013524|00040|UEBC1073|10|EA|57850|KRW|115700|20190515|1300|
C|005186|2019|50004933660005|001|4300013524|00050|UAGC0550|1|EA|14220|KRW|14220|20190515|1300|
C|005186|2019|50004933660006|001|4300013524|00060|UAIC0002|5|EA|18400|KRW|18400|20190515|1300|
C|005186|2019|50004933660007|001|4300013524|00070|UIEC0083|10|EA|17790|KRW|177900|20190515|1300|
C|005186|2019|50004933660008|001|4300013524|00080|UAEC0362|10|EA|2205|KRW|22050|20190515|1300|
C|005186|2019|50004933660009|001|4300013524|00090|UEBC0501|2|EA|5544|KRW|11088|20190515|1300|
C|005186|2019|50004933660010|001|4300013524|00100|UAGC0566|100|EA|10300|KRW|103000|20190515|1300|
C|005186|2019|50004933660011|001|4300013524|00110|UAGC0567|50|EA|10300|KRW|51500|20190515|1300|
C|005186|2019|50004933660012|001|4300013526|00020|UAAC0015|10|EA|43950|KRW|87900|20190515|1300|
C|005186|2019|50004933660013|001|4300013526|00030|UAEC0058|5|EA|12350|KRW|61750|20190515|1300|
C|005186|2019|50004933660014|001|4300013528|00030|UDBC1048|100|EA|3700|KRW|37000|20190515|1300|
C|005186|2019|50004933660015|001|4300013528|00050|UGBC0768|20|EA|6090|KRW|12180|20190515|1300|
C|005186|2019|50004933660016|001|4300013528|00060|UGBC1235|20|EA|5900|KRW|11800|20190515|1300|
C|005186|2019|50004933660017|001|4300013528|00070|UGBC1236|20|EA|9150|KRW|18300|20190515|1300|
C|005186|2019|50004933660018|001|4300013528|00080|UGBC0753|20|EA|7400|KRW|14800|20190515|1300|
C|005186|2019|50004933660019|001|4300013550|00010|UGBC1749|20|EA|8300|KRW|16600|20190515|1300|
C|005186|2019|50004933660020|001|4300013551|00020|UEBC1425|4|EA|400000|KRW|1600000|20190515|1300|
C|005186|2019|50004933670001|001|4300013548|00140|KH990100|4|EA|27220|KRW|108880|20190515|1300|
C|005186|2019|50004933670002|001|4300013548|00150|KH990101|6|EA|7250|KRW|43500|20190515|1300|
C|005186|2019|50004933670003|001|4300013548|00160|KP150400|100|EA|17000|KRW|17000|20190515|1300|
C|005186|2019|50004933670004|001|4300013548|00170|KS990007|5|EA|51450|KRW|257250|20190515|1300|
C|005186|2019|50004933670005|001|4300013548|00180|KT020006|2|EA|6250|KRW|12500|20190515|1300|
C|005186|2019|50004933670006|001|4300013548|00190|KT020007|3|EA|6860|KRW|20580|20190515|1300|
C|005186|2019|50004933670007|001|4300013548|00200|KT020013|2|EA|13110|KRW|26220|20190515|1300|
C|005186|2019|50004933670008|001|4300013548|00210|KT020019|1|EA|23570|KRW|23570|20190515|1300|
C|005186|2019|50004933670009|001|4300013548|00220|KT080300|20.000|KG|13850|KRW|55400|20190515|1300|
C|005186|2019|50004933670010|001|4300013548|00230|KT080311|1|EA|72980|KRW|72980|20190515|1300|
C|005186|2019|50004933670011|001|4300013548|00240|KT080360|1|EA|5250|KRW|5250|20190515|1300|
C|005186|2019|50004933670012|001|4300013548|00250|KT080520|3|EA|2760|KRW|8280|20190515|1300|
C|005186|2019|50004933670013|001|4300013548|00260|KT990001|200|EA|5100|KRW|102000|20190515|1300|
C|005186|2019|50004933670014|001|4300013548|00270|KT990010|190|EA|3700|KRW|70300|20190515|1300|
C|005186|2019|50004933680001|001|4300013474|00010|UHGC0356|4|EA|420000|KRW|1680000|20190515|1300|
C|005186|2019|50004933690001|001|4300012959|00010|UZZC0142|30|EA|52500|KRW|1575000|20190515|1300|
