C|005186|2020|50005965430001|001|4300018331|00020|UGBC0762|30|EA|10300|KRW|30900|20201026|1300|
C|005186|2020|50005965430002|001|4300018331|00030|UGBC0763|30|EA|21000|KRW|63000|20201026|1300|
C|005186|2020|50005965430003|001|4300018331|00040|UGCC1148|30|EA|26100|KRW|78300|20201026|1300|
C|005186|2020|50005965430004|001|4300018331|00050|UGCC0220|30|EA|22890|KRW|68670|20201026|1300|
C|005186|2020|50005965430005|001|4300018331|00060|UGCC0206|30|EA|34900|KRW|104700|20201026|1300|
C|005186|2020|50005965430006|001|4300018331|00070|UGBC1749|30|EA|8300|KRW|24900|20201026|1300|
C|005186|2020|50005965430007|001|4300018331|00080|UGBC1597|30|EA|6000|KRW|18000|20201026|1300|
C|005186|2020|50005965430008|001|4300018331|00090|UGBC0765|30|EA|5100|KRW|15300|20201026|1300|
C|005186|2020|50005965430009|001|4300018331|00100|UGBC0768|30|EA|6090|KRW|18270|20201026|1300|
C|005186|2020|50005965430010|001|4300018331|00110|UGBC0748|30|EA|4520|KRW|13560|20201026|1300|
C|005186|2020|50005965430011|001|4300018331|00120|UGBC0749|30|EA|5200|KRW|15600|20201026|1300|
C|005186|2020|50005965430012|001|4300018331|00130|UGBC0750|30|EA|12900|KRW|38700|20201026|1300|
C|005186|2020|50005965430013|001|4300018331|00140|UGBC0753|20|EA|7400|KRW|14800|20201026|1300|
C|005186|2020|50005965430014|001|4300018331|00150|UGBC0754|20|EA|9100|KRW|18200|20201026|1300|
C|005186|2020|50005965430015|001|4300018331|00160|UGBC0758|20|EA|11130|KRW|22260|20201026|1300|
C|005186|2020|50005965430016|001|4300018331|00170|UGBC0780|60|EA|5700|KRW|34200|20201026|1300|
C|005186|2020|50005965430017|001|4300018331|00180|UGBC0781|50|EA|5800|KRW|29000|20201026|1300|
C|005186|2020|50005965430018|001|4300018331|00190|UGBC0782|50|EA|7200|KRW|36000|20201026|1300|
C|005186|2020|50005965430019|001|4300018331|00200|UGBC0783|50|EA|8300|KRW|41500|20201026|1300|
C|005186|2020|50005965440001|001|4300018303|00050|UHFC0178|3|EA|122000|KRW|366000|20201026|1300|
C|005186|2020|50005965440002|001|4300018307|00020|UGCC1031|30|EA|15370|KRW|461100|20201026|1300|
C|005186|2020|50005965440003|001|4300018308|00140|UADC0067|10|EA|66200|KRW|66200|20201026|1300|
C|005186|2020|50005965440004|001|4300018309|00020|UGBC1636|5|EA|311600|KRW|1558000|20201026|1300|
C|005186|2020|50005965440005|001|4300018313|00040|UGCC1091|10|EA|75000|KRW|750000|20201026|1300|
C|005186|2020|50005965440006|001|4300018317|00060|UGBC0342|3|EA|280350|KRW|841050|20201026|1300|
C|005186|2020|50005965440007|001|4300018329|00010|UGCC0220|50|EA|22890|KRW|114450|20201026|1300|
C|005186|2020|50005965440008|001|4300018329|00020|UEBC1451|5|EA|179000|KRW|895000|20201026|1300|
C|005186|2020|50005965440009|001|4300018329|00030|UKAC0056|50|EA|174000|KRW|870000|20201026|1300|
C|005186|2020|50005965440010|001|4300018329|00040|UEBC0728|2|EA|14330|KRW|28660|20201026|1300|
C|005186|2020|50005965440011|001|4300018330|00010|UEBC1505|4|EA|454000|KRW|1816000|20201026|1300|
C|005186|2020|50005965440012|001|4300018331|00010|UCKC0160|1|EA|1158000|KRW|1158000|20201026|1300|
C|005186|2020|50005965450001|001|4300017871|00040|UCKC0133|4|EA|1054000|KRW|1054000|20201026|1300|
C|005186|2020|50005965450002|001|4300017872|00050|UGCC0894|400|EA|300000|KRW|1200000|20201026|1300|
C|005186|2020|50005965450003|001|4300017874|00050|UGCC0894|400|EA|300000|KRW|1200000|20201026|1300|
