C|005186|2018|50004529230001|001|4300011466|00030|UGBC1430|2|EA|384000|KRW|768000|20181031|1300|
C|005186|2018|50004529230002|001|4300011466|00040|UGCC0786|2|EA|9470|KRW|18940|20181031|1300|
C|005186|2018|50004529230003|001|4300011466|00050|UGCC0506|1|EA|24200|KRW|24200|20181031|1300|
C|005186|2018|50004529230004|001|4300011467|00010|UCHC0003|1|EA|100000|KRW|100000|20181031|1300|
C|005186|2018|50004529230005|001|4300011467|00030|UAKC0021|5|EA|10200|KRW|51000|20181031|1300|
C|005186|2018|50004529230006|001|4300011467|00040|UAKC0029|5|EA|4790|KRW|23950|20181031|1300|
C|005186|2018|50004529230007|001|4300011467|00050|UGCC0027|1|EA|53570|KRW|53570|20181031|1300|
C|005186|2018|50004529230008|001|4300011467|00060|UCIC0002|10|EA|9500|KRW|9500|20181031|1300|
C|005186|2018|50004529230009|001|4300011467|00080|UGAC0053|1|EA|69880|KRW|69880|20181031|1300|
C|005186|2018|50004529230010|001|4300011467|00090|UCIC0018|20|EA|8510|KRW|170200|20181031|1300|
C|005186|2018|50004529230011|001|4300011467|00120|UAIC0035|1|EA|20780|KRW|20780|20181031|1300|
C|005186|2018|50004529230012|001|4300011469|00010|UGCC1280|1|EA|801000|KRW|801000|20181031|1300|
C|005186|2018|50004529230013|001|4300011469|00020|UAEC0024|2|EA|17640|KRW|35280|20181031|1300|
C|005186|2018|50004529230014|001|4300011469|00040|UKEC0091|10|EA|12700|KRW|12700|20181031|1300|
C|005186|2018|50004529230015|001|4300011469|00060|UAIC0002|10|EA|18400|KRW|36800|20181031|1300|
C|005186|2018|50004529240001|001|4300011780|00010|UEBC1415|1|EA|1900000|KRW|1900000|20181031|1300|
C|005186|2018|50004529240002|001|4300011781|00010|UEBC1161|6|EA|290000|KRW|1740000|20181031|1300|
C|005186|2018|50004529240003|001|4300011782|00020|UEBC0819|10|EA|9810|KRW|98100|20181031|1300|
C|005186|2018|50004529240004|001|4300011782|00040|UEBC0849|1|EA|157500|KRW|157500|20181031|1300|
C|005186|2018|50004529240005|001|4300011783|00010|UEBC1394|2|EA|731400|KRW|1462800|20181031|1300|
C|005186|2018|50004529240006|001|4300011784|00020|UDAC0052|5|EA|1076250|KRW|1076250|20181031|1300|
C|005186|2018|50004529240007|001|4300011784|00030|UEAC0078|1|EA|83800|KRW|83800|20181031|1300|
C|005186|2018|50004529240008|001|4300011792|00030|UJAC0072|2|EA|25200|KRW|25200|20181031|1300|
C|005186|2018|50004529240009|001|4300011792|00040|UDBC0751|100|EA|7900|KRW|7900|20181031|1300|
C|005186|2018|50004529240010|001|4300011792|00050|UDBC0114|100|EA|158550|KRW|317100|20181031|1300|
C|005186|2018|50004529240011|001|4300011792|00060|UDBC0830|200|EA|11350|KRW|45400|20181031|1300|
C|005186|2018|50004529240012|001|4300011792|00070|UDBC0349|200|EA|6000|KRW|12000|20181031|1300|
C|005186|2018|50004529240013|001|4300011792|00080|UDDC0397|2|EA|78900|KRW|157800|20181031|1300|
C|005186|2018|50004529240014|001|4300011792|00090|UEBC0242|20|EA|17650|KRW|70600|20181031|1300|
C|005186|2018|50004529240015|001|4300011792|00100|UEBC1079|10|EA|28700|KRW|287000|20181031|1300|
