C|005186|2019|50004895680001|001|4300013439|00030|UEBC1425|4|EA|400000|KRW|1600000|20190429|1300|
C|005186|2019|50004895680002|001|4300013446|00010|UDBC0763|1|EA|64742|KRW|64742|20190429|1300|
C|005186|2019|50004895680003|001|4300013446|00020|UAGC0114|10|EA|8600|KRW|8600|20190429|1300|
C|005186|2019|50004895680004|001|4300013446|00030|UAGC0119|10|EA|1090|KRW|10900|20190429|1300|
C|005186|2019|50004895680005|001|4300013446|00040|UAGC0122|10|EA|15300|KRW|15300|20190429|1300|
C|005186|2019|50004895680006|001|4300013446|00050|UAGC0272|10|EA|15500|KRW|15500|20190429|1300|
C|005186|2019|50004895680007|001|4300013446|00060|UAGC0277|10|EA|18700|KRW|18700|20190429|1300|
C|005186|2019|50004895680008|001|4300013446|00070|UAGC0286|10|EA|26250|KRW|26250|20190429|1300|
C|005186|2019|50004895680009|001|4300013446|00080|UDBC0826|1|EA|10520|KRW|10520|20190429|1300|
C|005186|2019|50004895680010|001|4300013446|00090|UDBC0140|1|EA|4200|KRW|4200|20190429|1300|
C|005186|2019|50004895680011|001|4300013450|00010|UCHC0042|10|EA|53550|KRW|107100|20190429|1300|
C|005186|2019|50004895680012|001|4300013450|00030|UGBC1751|2|EA|82950|KRW|165900|20190429|1300|
C|005186|2019|50004895680013|001|4300013450|00080|UCHC0043|10|EA|2100|KRW|21000|20190429|1300|
C|005186|2019|50004895690001|001|4300013416|00020|UIEC0035|10|EA|37800|KRW|378000|20190429|1300|
C|005186|2019|50004895690002|001|4300013416|00050|UGCC0206|30|EA|34900|KRW|104700|20190429|1300|
C|005186|2019|50004895690003|001|4300013418|00020|UJAC0142|400|EA|316000|KRW|1264000|20190429|1300|
C|005186|2019|50004895690004|001|4300013423|00010|UGBC1304|5|EA|1540|KRW|7700|20190429|1300|
C|005186|2019|50004895690005|001|4300013439|00010|UGBC0751|20|EA|13700|KRW|27400|20190429|1300|
C|005186|2019|50004895690006|001|4300013439|00020|UAEC0225|1|EA|39480|KRW|39480|20190429|1300|
C|005186|2019|50004895690007|001|4300013439|00040|UAEC0423|1|EA|11550|KRW|11550|20190429|1300|
C|005186|2019|50004895690008|001|4300013439|00050|UDBC0777|10|EA|8070|KRW|80700|20190429|1300|
C|005186|2019|50004895690009|001|4300013439|00060|UDBC0248|10|EA|9450|KRW|94500|20190429|1300|
C|005186|2019|50004895690010|001|4300013459|00010|UGBC1205|10|EA|8400|KRW|8400|20190429|1300|
C|005186|2019|50004895690011|001|4300013459|00020|UGBC0465|100|EA|127000|KRW|127000|20190429|1300|
C|005186|2019|50004895690012|001|4300013459|00050|UGCC0605|4|EA|11030|KRW|44120|20190429|1300|
C|005186|2019|50004895690013|001|4300013459|00060|UAIC0002|5|EA|18400|KRW|18400|20190429|1300|
C|005186|2019|50004895690014|001|4300013459|00070|UAEC0459|100|EA|199500|KRW|399000|20190429|1300|
C|005186|2019|50004895690015|001|4300013461|00010|UGCC0068|1|EA|166430|KRW|166430|20190429|1300|
C|005186|2019|50004895690016|001|4300013461|00020|UZZC0041|40|EA|2830|KRW|113200|20190429|1300|
C|005186|2019|50004895690017|001|4300013461|00030|UAEC0420|10|EA|1300|KRW|13000|20190429|1300|
C|005186|2019|50004895690018|001|4300013461|00040|UAEC0062|10|EA|5760|KRW|28800|20190429|1300|
C|005186|2019|50004895690019|001|4300013461|00050|UAEC0063|10|EA|6440|KRW|32200|20190429|1300|
C|005186|2019|50004895690020|001|4300013461|00060|UAEC0065|10|EA|12600|KRW|63000|20190429|1300|
C|005186|2019|50004895690021|001|4300013461|00070|UAEC0415|10|EA|35750|KRW|71500|20190429|1300|
C|005186|2019|50004895690022|001|4300013461|00090|UJBC0004|10|EA|43370|KRW|43370|20190429|1300|
C|005186|2019|50004895690023|001|4300013472|00030|UAGC0486|5|EA|28500|KRW|142500|20190429|1300|
C|005186|2019|50004895690024|001|4300013472|00060|UEBC0471|6|EA|10970|KRW|65820|20190429|1300|
C|005186|2019|50004895690025|001|4300013472|00080|UEBC0465|1|EA|13900|KRW|13900|20190429|1300|
C|005186|2019|50004895690026|001|4300013472|00090|UAHC0045|1|EA|91350|KRW|91350|20190429|1300|
C|005186|2019|50004895690027|001|4300013472|00110|UAGC0167|2|EA|122000|KRW|244000|20190429|1300|
C|005186|2019|50004895690028|001|4300013472|00140|UDBC1033|100|EA|2000|KRW|2000|20190429|1300|
C|005186|2019|50004895690029|001|4300013472|00160|UAGC0442|1|EA|204400|KRW|204400|20190429|1300|
C|005186|2019|50004895700001|001|4300013422|00070|UDDC0056|1|EA|8400|KRW|8400|20190429|1300|
C|005186|2019|50004895700002|001|4300013438|00010|UDEC0026|1|EA|126590|KRW|126590|20190429|1300|
C|005186|2019|50004895700003|001|4300013438|00080|UIDC0109|2|EA|184800|KRW|369600|20190429|1300|
C|005186|2019|50004895700004|001|4300013449|00120|UIDC0043|1|EA|23100|KRW|23100|20190429|1300|
C|005186|2019|50004895700005|001|4300013454|00010|UIDC0087|1|EA|185260|KRW|185260|20190429|1300|
C|005186|2019|50004895700006|001|4300013454|00050|UDEC0117|2|EA|34040|KRW|68080|20190429|1300|
C|005186|2019|50004895700007|001|4300013454|00060|UDDC0396|2|EA|93800|KRW|187600|20190429|1300|
C|005186|2019|50004895700008|001|4300013454|00120|UDDC0131|10|EA|24360|KRW|243600|20190429|1300|
C|005186|2019|50004895700009|001|4300013455|00020|UDDC0292|1|EA|28350|KRW|28350|20190429|1300|
C|005186|2019|50004895700010|001|4300013455|00100|UIDC0087|1|EA|185260|KRW|185260|20190429|1300|
C|005186|2019|50004895700011|001|4300013459|00030|UCKC0133|4|EA|1054000|KRW|1054000|20190429|1300|
C|005186|2019|50004895700012|001|4300013459|00040|UGAC0083|4|EA|33500|KRW|134000|20190429|1300|
C|005186|2019|50004895700013|001|4300013472|00020|UDDC0373|1|EA|36900|KRW|36900|20190429|1300|
C|005186|2019|50004895700014|001|4300013472|00120|UDDC0190|2|EA|7350|KRW|14700|20190429|1300|
C|005186|2019|50004895710001|001|4300013436|00010|UGCC0267|6|EA|316000|KRW|1896000|20190429|1300|
C|005186|2019|50004895710002|001|4300013438|00020|UEBC0703|4|EA|7940|KRW|31760|20190429|1300|
C|005186|2019|50004895710003|001|4300013438|00030|UEAC1114|1|EA|752600|KRW|752600|20190429|1300|
C|005186|2019|50004895710004|001|4300013438|00040|UEBC0611|1|EA|152630|KRW|152630|20190429|1300|
C|005186|2019|50004895710005|001|4300013438|00050|UEBC1147|2|EA|174200|KRW|348400|20190429|1300|
C|005186|2019|50004895710006|001|4300013438|00060|UEBC0147|2|EA|5320|KRW|10640|20190429|1300|
C|005186|2019|50004895710007|001|4300013448|00010|UDBC1105|1|EA|632000|KRW|632000|20190429|1300|
C|005186|2019|50004895710008|001|4300013448|00020|UEBC1586|2|EA|25300|KRW|50600|20190429|1300|
C|005186|2019|50004895710009|001|4300013448|00030|UEBC1455|4|EA|7180|KRW|28720|20190429|1300|
C|005186|2019|50004895710010|001|4300013449|00010|UEBC1530|1|EA|19500|KRW|19500|20190429|1300|
C|005186|2019|50004895710011|001|4300013449|00020|UEBC1461|5|EA|50600|KRW|253000|20190429|1300|
C|005186|2019|50004895710012|001|4300013449|00030|UDFC0151|60|EA|63600|KRW|190800|20190429|1300|
C|005186|2019|50004895710013|001|4300013449|00040|UEBC1582|1|EA|15100|KRW|15100|20190429|1300|
C|005186|2019|50004895710014|001|4300013449|00050|UDBC0644|100|EA|3200|KRW|3200|20190429|1300|
C|005186|2019|50004895710015|001|4300013449|00060|UEBC1588|1|EA|94800|KRW|94800|20190429|1300|
C|005186|2019|50004895710016|001|4300013449|00070|UEBC1583|5|EA|1260|KRW|6300|20190429|1300|
C|005186|2019|50004895710017|001|4300013449|00080|UEBC1584|5|EA|2000|KRW|10000|20190429|1300|
C|005186|2019|50004895710018|001|4300013449|00090|UEBC1586|2|EA|25300|KRW|50600|20190429|1300|
C|005186|2019|50004895710019|001|4300013449|00100|UEBC1587|4|EA|29100|KRW|116400|20190429|1300|
C|005186|2019|50004895710020|001|4300013449|00110|UEBC1585|1|EA|8000|KRW|8000|20190429|1300|
C|005186|2019|50004895710021|001|4300013449|00130|UEAC0194|1|EA|144000|KRW|144000|20190429|1300|
C|005186|2019|50004895710022|001|4300013454|00040|UEBC0049|2|EA|266070|KRW|532140|20190429|1300|
C|005186|2019|50004895710023|001|4300013454|00070|UEBC0679|1|EA|33600|KRW|33600|20190429|1300|
C|005186|2019|50004895710024|001|4300013454|00080|UEBC0418|2|EA|40580|KRW|40580|20190429|1300|
C|005186|2019|50004895710025|001|4300013454|00100|UICC0035|20|EA|4940|KRW|98800|20190429|1300|
C|005186|2019|50004895710026|001|4300013454|00110|UEBC0152|10|EA|7590|KRW|75900|20190429|1300|
C|005186|2019|50004895710027|001|4300013455|00010|UGCC0660|1|EA|24200|KRW|24200|20190429|1300|
C|005186|2019|50004895710028|001|4300013455|00030|UEBC1489|10|EA|21100|KRW|211000|20190429|1300|
C|005186|2019|50004895710029|001|4300013455|00040|UEBC1344|10|EA|20200|KRW|202000|20190429|1300|
C|005186|2019|50004895710030|001|4300013455|00050|UAJC0074|20|EA|44700|KRW|89400|20190429|1300|
C|005186|2019|50004895710031|001|4300013455|00060|UEAC0166|2|EA|69900|KRW|139800|20190429|1300|
C|005186|2019|50004895710032|001|4300013455|00070|UEBC0006|8|EA|46250|KRW|370000|20190429|1300|
C|005186|2019|50004895710033|001|4300013455|00080|UEBC0007|8|EA|58800|KRW|470400|20190429|1300|
C|005186|2019|50004895710034|001|4300013455|00090|UEBC1245|5|EA|47500|KRW|47500|20190429|1300|
C|005186|2019|50004895710035|001|4300013472|00010|UEBC0561|2|EA|185260|KRW|370520|20190429|1300|
C|005186|2019|50004895710036|001|4300013472|00040|UEBC0956|1|EA|65520|KRW|65520|20190429|1300|
C|005186|2019|50004895710037|001|4300013472|00050|UEBC0630|4|EA|58520|KRW|117040|20190429|1300|
C|005186|2019|50004895710038|001|4300013472|00070|UEBC0418|6|EA|40580|KRW|121740|20190429|1300|
C|005186|2019|50004895710039|001|4300013472|00100|UEBC0006|4|EA|46250|KRW|185000|20190429|1300|
C|005186|2019|50004895710040|001|4300013472|00130|UDBC0222|100|EA|1900|KRW|1900|20190429|1300|
C|005186|2019|50004895710041|001|4300013472|00150|UDAC0417|30|EA|450|KRW|1350|20190429|1300|
C|005186|2019|50004895710042|001|4300013472|00170|UEBC0956|2|EA|65520|KRW|131040|20190429|1300|
