C|005186|2016|50003005650001|001|4300006322|00010|UHCC0041|1|EA|701200|KRW|701200|20161115|1300|
C|005186|2016|50003005650002|001|4300006322|00030|UHTC0370|1|EA|596400|KRW|596400|20161115|1300|
C|005186|2016|50003005650003|001|4300006322|00040|UHCC0023|1|EA|394800|KRW|394800|20161115|1300|
C|005186|2016|50003005650004|001|4300006322|00050|UHFC0416|3|EA|243160|KRW|729480|20161115|1300|
C|005186|2016|50003005650005|001|4300006322|00060|UGCC0200|3|EA|344400|KRW|1033200|20161115|1300|
C|005186|2016|50003005650006|001|4300006322|00070|UHGC0024|5|EA|76100|KRW|380500|20161115|1300|
C|005186|2016|50003005650007|001|4300006322|00080|UHDC0159|5|EA|26500|KRW|132500|20161115|1300|
C|005186|2016|50003005650008|001|4300006322|00090|UHFC0336|2|EA|82950|KRW|165900|20161115|1300|
C|005186|2016|50003005650009|001|4300006322|00100|UHHC0069|1|EA|412650|KRW|412650|20161115|1300|
C|005186|2016|50003005650010|001|4300006328|00010|UHGC0107|1|EA|342100|KRW|342100|20161115|1300|
C|005186|2016|50003005650011|001|4300006328|00020|UHGC0027|5|EA|134740|KRW|673700|20161115|1300|
C|005186|2016|50003005650012|001|4300006328|00040|UHGC0314|30|EA|9328|KRW|279840|20161115|1300|
C|005186|2016|50003005670001|001|4300006280|00100|UHTC0690|20|EA|25800|KRW|516000|20161115|1300|
C|005186|2016|50003005670002|001|4300006281|00010|UHTC0617|10|EA|16300|KRW|163000|20161115|1300|
C|005186|2016|50003005670003|001|4300006281|00020|UHTC0763|10|EA|36000|KRW|360000|20161115|1300|
C|005186|2016|50003005670004|001|4300006281|00030|UHTC0615|10|EA|15300|KRW|153000|20161115|1300|
C|005186|2016|50003005670005|001|4300006281|00040|UHTC0647|10|EA|30500|KRW|305000|20161115|1300|
C|005186|2016|50003005670006|001|4300006281|00050|UHTC0761|10|EA|53000|KRW|530000|20161115|1300|
C|005186|2016|50003005670007|001|4300006281|00060|UHTC0762|10|EA|38200|KRW|382000|20161115|1300|
C|005186|2016|50003005670008|001|4300006281|00070|UHTC0645|10|EA|30500|KRW|305000|20161115|1300|
C|005186|2016|50003005670009|001|4300006281|00080|UHTC0757|5|EA|47700|KRW|238500|20161115|1300|
C|005186|2016|50003005670010|001|4300006281|00100|UHFC0412|20|EA|14700|KRW|294000|20161115|1300|
C|005186|2016|50003005680001|001|4300006311|00050|UEBC1114|2|EA|87980|KRW|175960|20161115|1300|
C|005186|2016|50003005680002|001|4300006311|00070|UEBC0781|20|EA|630|KRW|12600|20161115|1300|
C|005186|2016|50003005680003|001|4300006311|00080|UEBC0782|20|EA|1055|KRW|21100|20161115|1300|
C|005186|2016|50003005680004|001|4300006311|00090|UEBC0748|20|EA|2730|KRW|54600|20161115|1300|
C|005186|2016|50003005680005|001|4300006311|00100|UEBC0749|20|EA|820|KRW|16400|20161115|1300|
C|005186|2016|50003005680006|001|4300006311|00110|UEBC0750|20|EA|1890|KRW|37800|20161115|1300|
C|005186|2016|50003005680007|001|4300006311|00120|UEBC0751|20|EA|15750|KRW|315000|20161115|1300|
C|005186|2016|50003005680008|001|4300006313|00050|UDDC0246|1|EA|83790|KRW|83790|20161115|1300|
C|005186|2016|50003005680009|001|4300006313|00060|UDDC0254|1|EA|112455|KRW|112455|20161115|1300|
C|005186|2016|50003005680010|001|4300006314|00010|UHTC0605|10|EA|18400|KRW|184000|20161115|1300|
C|005186|2016|50003005680011|001|4300006314|00050|UKGC0003|30|EA|4160|KRW|124800|20161115|1300|
C|005186|2016|50003005680012|001|4300006314|00070|UHTC0629|10|EA|34700|KRW|347000|20161115|1300|
C|005186|2016|50003005680013|001|4300006314|00080|UHTC0795|5|EA|38160|KRW|190800|20161115|1300|
C|005186|2016|50003005680014|001|4300006314|00090|UHTC0794|5|EA|40280|KRW|201400|20161115|1300|
C|005186|2016|50003005680015|001|4300006314|00130|UCKC0037|5|EA|14050|KRW|70250|20161115|1300|
C|005186|2016|50003005680016|001|4300006316|00010|UEBC1038|2|EA|11220|KRW|22440|20161115|1300|
C|005186|2016|50003005680017|001|4300006316|00020|UEBC1146|2|EA|27200|KRW|54400|20161115|1300|
C|005186|2016|50003005680018|001|4300006316|00040|UDAC0053|5|EA|196350|KRW|981750|20161115|1300|
C|005186|2016|50003005680019|001|4300006316|00140|UKBC0006|2|EA|69830|KRW|139660|20161115|1300|
C|005186|2016|50003005680020|001|4300006316|00160|UGCC1098|6|EA|67900|KRW|407400|20161115|1300|
C|005186|2016|50003005680021|001|4300006316|00240|UEBC0668|14|EA|26250|KRW|367500|20161115|1300|
C|005186|2016|50003005690001|001|4300006314|00100|UALC0110|2|EA|550400|KRW|1100800|20161115|1300|
C|005186|2016|50003005690002|001|4300006314|00110|UALC0094|30|EA|62800|KRW|1884000|20161115|1300|
C|005186|2016|50003005700001|001|4300006313|00070|UIDC0120|20|EA|4340|KRW|86800|20161115|1300|
C|005186|2016|50003005700002|001|4300006325|00010|UGBC0485|6|EA|37800|KRW|226800|20161115|1300|
C|005186|2016|50003005700003|001|4300006326|00220|UJAC0073|2|EA|13130|KRW|26260|20161115|1300|
C|005186|2016|50003005700004|001|4300006326|00230|UJAC0072|2|EA|12600|KRW|25200|20161115|1300|
C|005186|2016|50003005700005|001|4300006327|00010|UFDC0003|30|EA|15280|KRW|458400|20161115|1300|
C|005186|2016|50003005710001|001|4300006311|00060|UGBC1228|1|EA|101620|KRW|101620|20161115|1300|
C|005186|2016|50003005710002|001|4300006313|00010|UJAC0104|2|EA|12290|KRW|24580|20161115|1300|
C|005186|2016|50003005710003|001|4300006313|00020|UJAC0105|2|EA|14805|KRW|29610|20161115|1300|
C|005186|2016|50003005710004|001|4300006313|00030|UJAC0067|2|EA|5560|KRW|11120|20161115|1300|
C|005186|2016|50003005710005|001|4300006313|00040|UJAC0068|2|EA|6070|KRW|12140|20161115|1300|
C|005186|2016|50003005710006|001|4300006314|00060|UAEC0416|2|EA|9380|KRW|18760|20161115|1300|
C|005186|2016|50003005710007|001|4300006314|00120|UGCC0065|2|EA|87150|KRW|174300|20161115|1300|
C|005186|2016|50003005710008|001|4300006315|00010|UGBC0914|5|EA|45675|KRW|228375|20161115|1300|
C|005186|2016|50003005710009|001|4300006316|00150|UGCC0998|2|EA|93300|KRW|186600|20161115|1300|
C|005186|2016|50003005710010|001|4300006316|00190|UDFC0080|50|EA|4850|KRW|242500|20161115|1300|
C|005186|2016|50003005710011|001|4300006316|00200|UDFC0073|50|EA|4260|KRW|213000|20161115|1300|
C|005186|2016|50003005710012|001|4300006316|00210|UDFC0084|20|EA|9430|KRW|188600|20161115|1300|
C|005186|2016|50003005710013|001|4300006316|00220|UDFC0085|20|EA|9430|KRW|188600|20161115|1300|
C|005186|2016|50003005710014|001|4300006316|00230|UAGC0480|1|EA|506000|KRW|506000|20161115|1300|
C|005186|2016|50003005720001|001|4300006311|00010|UAEC0081|1|EA|11580|KRW|11580|20161115|1300|
C|005186|2016|50003005720002|001|4300006311|00020|UAEC0183|1|EA|14530|KRW|14530|20161115|1300|
C|005186|2016|50003005720003|001|4300006311|00030|UAEC0389|1|EA|14400|KRW|14400|20161115|1300|
C|005186|2016|50003005720004|001|4300006311|00040|UAEC0215|1|EA|15900|KRW|15900|20161115|1300|
C|005186|2016|50003005720005|001|4300006313|00080|UAGC0384|1|EA|486700|KRW|486700|20161115|1300|
C|005186|2016|50003005720006|001|4300006313|00090|UAGC0324|1|EA|330800|KRW|330800|20161115|1300|
C|005186|2016|50003005720007|001|4300006316|00030|UAJC0007|30|EA|7820|KRW|234600|20161115|1300|
C|005186|2016|50003005720008|001|4300006316|00050|UAEC0123|4|EA|2840|KRW|11360|20161115|1300|
C|005186|2016|50003005720009|001|4300006316|00060|UAEC0124|4|EA|2830|KRW|11320|20161115|1300|
C|005186|2016|50003005720010|001|4300006316|00070|UAEC0125|4|EA|3740|KRW|14960|20161115|1300|
C|005186|2016|50003005720011|001|4300006316|00080|UAEC0126|4|EA|3740|KRW|14960|20161115|1300|
C|005186|2016|50003005720012|001|4300006316|00090|UAEC0127|4|EA|4540|KRW|18160|20161115|1300|
C|005186|2016|50003005720013|001|4300006316|00100|UAEC0128|4|EA|4630|KRW|18520|20161115|1300|
C|005186|2016|50003005720014|001|4300006316|00110|UAGC0399|10|EA|484|KRW|4840|20161115|1300|
C|005186|2016|50003005720015|001|4300006316|00120|UAGC0400|10|EA|926|KRW|9260|20161115|1300|
C|005186|2016|50003005720016|001|4300006316|00130|UAGC0401|10|EA|1094|KRW|10940|20161115|1300|
C|005186|2016|50003005720017|001|4300006316|00170|UAGC0311|2|EA|19640|KRW|39280|20161115|1300|
C|005186|2016|50003005720018|001|4300006316|00180|UAGC0313|1|EA|25640|KRW|25640|20161115|1300|
C|005186|2016|50003005730001|001|4300006326|00110|UKBC0010|1|EA|91480|KRW|91480|20161115|1300|
C|005186|2016|50003005730002|001|4300006326|00140|UEBC0242|10|EA|3530|KRW|35300|20161115|1300|
C|005186|2016|50003005730003|001|4300006326|00150|UDBC0948|1|EA|392200|KRW|392200|20161115|1300|
C|005186|2016|50003005730004|001|4300006326|00170|UEBC0410|2|EA|33600|KRW|67200|20161115|1300|
C|005186|2016|50003005730005|001|4300006326|00190|UEBC0339|4|EA|13000|KRW|52000|20161115|1300|
C|005186|2016|50003005730006|001|4300006326|00200|UEBC0386|4|EA|7670|KRW|30680|20161115|1300|
C|005186|2016|50003005740001|001|4300006226|00010|UJCC0043|5000|EA|42|KRW|210000|20161115|1300|
C|005186|2016|50003005750001|001|4300006279|00010|UGBC0507|1|EA|189000|KRW|189000|20161115|1300|
C|005186|2016|50003005750002|001|4300006279|00020|UGBC1541|5|EA|119000|KRW|595000|20161115|1300|
C|005186|2016|50003005750003|001|4300006279|00030|UBCC0046|1|EA|442000|KRW|442000|20161115|1300|
C|005186|2016|50003005750004|001|4300006315|00020|UGBC1260|1|EA|458000|KRW|458000|20161115|1300|
C|005186|2016|50003005750005|001|4300006326|00010|UADC0078|5|EA|7670|KRW|38350|20161115|1300|
C|005186|2016|50003005750006|001|4300006326|00020|UIEC0004|2|EA|21290|KRW|42580|20161115|1300|
C|005186|2016|50003005750007|001|4300006326|00030|UAGC0118|20|EA|890|KRW|17800|20161115|1300|
C|005186|2016|50003005750008|001|4300006326|00040|UAGC0121|20|EA|1400|KRW|28000|20161115|1300|
C|005186|2016|50003005750009|001|4300006326|00050|UAGC0124|10|EA|2010|KRW|20100|20161115|1300|
C|005186|2016|50003005750010|001|4300006326|00060|UAGC0125|10|EA|1840|KRW|18400|20161115|1300|
C|005186|2016|50003005750011|001|4300006326|00070|UAGC0127|10|EA|3000|KRW|30000|20161115|1300|
C|005186|2016|50003005750012|001|4300006326|00080|UAGC0128|10|EA|3280|KRW|32800|20161115|1300|
C|005186|2016|50003005750013|001|4300006326|00090|UAGC0116|20|EA|830|KRW|16600|20161115|1300|
C|005186|2016|50003005750014|001|4300006326|00100|UAGC0416|10|EA|4310|KRW|43100|20161115|1300|
C|005186|2016|50003005750015|001|4300006326|00120|UAIC0032|3|EA|24300|KRW|72900|20161115|1300|
C|005186|2016|50003005750016|001|4300006370|00010|CMF0021|10|EA|3100|KRW|31000|20161115|1300|
