C|005186|2016|50002179240001|001|4300004282|00010|CMB0010|400|EA|1100|KRW|440000|20160115|1300|
C|005186|2016|50002179240002|001|4300004282|00020|CMH0007|4|EA|11700|KRW|46800|20160115|1300|
C|005186|2016|50002179240003|001|4300004282|00030|CMZ0032|20|EA|1970|KRW|39400|20160115|1300|
C|005186|2016|50002179240004|001|4300004282|00040|CMF0004|20|EA|22050|KRW|441000|20160115|1300|
C|005186|2016|50002179240005|001|4300004282|00050|CMA0001|200|EA|240|KRW|48000|20160115|1300|
C|005186|2016|50002179240006|001|4300004282|00060|CMA0007|500|EA|270|KRW|135000|20160115|1300|
C|005186|2016|50002179240007|001|4300004283|00030|CMA0015|20|EA|2830|KRW|56600|20160115|1300|
C|005186|2016|50002179240008|001|4300004284|00010|CMA0016|100|EA|2840|KRW|284000|20160115|1300|
C|005186|2016|50002179240009|001|4300004284|00020|CMA0005|50|EA|2470|KRW|123500|20160115|1300|
C|005186|2016|50002179240010|001|4300004285|00010|CMA0001|50|EA|240|KRW|12000|20160115|1300|
C|005186|2016|50002179240011|001|4300004285|00020|CMA0007|50|EA|270|KRW|13500|20160115|1300|
C|005186|2016|50002179250001|001|4300004277|00040|UHTC0094|3|EA|446250|KRW|1338750|20160115|1300|
C|005186|2016|50002179260001|001|4300004317|00050|UGCC0385|2|EA|104800|KRW|209600|20160115|1300|
C|005186|2016|50002179260002|001|4300004325|00030|UGCC0198|10|EA|26250|KRW|262500|20160115|1300|
C|005186|2016|50002179260003|001|4300004327|00030|UGCC0914|30|EA|12700|KRW|381000|20160115|1300|
C|005186|2016|50002179270001|001|4300004317|00100|UAEC0389|2|EA|14400|KRW|28800|20160115|1300|
C|005186|2016|50002179280001|001|4300004304|00030|UAGC0384|2|EA|486700|KRW|973400|20160115|1300|
C|005186|2016|50002179280002|001|4300004305|00010|UAEC0238|1|EA|445260|KRW|445260|20160115|1300|
C|005186|2016|50002179280003|001|4300004305|00080|UAGC0390|1|EA|30384|KRW|30384|20160115|1300|
C|005186|2016|50002179280004|001|4300004317|00020|UEAC0084|1|EA|86630|KRW|86630|20160115|1300|
C|005186|2016|50002179280005|001|4300004317|00090|UJAC0127|8|EA|3030|KRW|24240|20160115|1300|
C|005186|2016|50002179280006|001|4300004321|00020|UEAC0180|1|EA|137800|KRW|137800|20160115|1300|
C|005186|2016|50002179280007|001|4300004322|00030|UAGC0193|100|EA|3255|KRW|325500|20160115|1300|
C|005186|2016|50002179280008|001|4300004322|00040|UIDC0107|2|EA|141120|KRW|282240|20160115|1300|
C|005186|2016|50002179280009|001|4300004322|00070|UAGC0156|10|EA|5510|KRW|55100|20160115|1300|
C|005186|2016|50002179280010|001|4300004322|00080|UAGC0157|10|EA|9090|KRW|90900|20160115|1300|
C|005186|2016|50002179280011|001|4300004322|00090|UAGC0158|10|EA|10920|KRW|109200|20160115|1300|
C|005186|2016|50002179280012|001|4300004322|00130|UJAC0073|12|EA|13130|KRW|157560|20160115|1300|
C|005186|2016|50002179280013|001|4300004323|00020|UJAC0072|12|EA|12600|KRW|151200|20160115|1300|
C|005186|2016|50002179700001|001|4300004324|00010|UJCC0061|4|EA|433000|KRW|1732000|20160115|1300|
C|005186|2016|50002179700002|001|4300004325|00010|UZZC0012|20|EA|7350|KRW|147000|20160115|1300|
C|005186|2016|50002179700003|001|4300004325|00040|UKAC0011|1|EA|117495|KRW|117495|20160115|1300|
C|005186|2016|50002179700004|001|4300004325|00050|UIEC0048|1|EA|908250|KRW|908250|20160115|1300|
C|005186|2016|50002179700005|001|4300004325|00080|UADC0027|1|EA|3320|KRW|3320|20160115|1300|
C|005186|2016|50002179700006|001|4300004326|00020|UEBC1225|10|EA|40700|KRW|407000|20160115|1300|
C|005186|2016|50002179700007|001|4300004326|00030|UHFC0237|2|EA|2415|KRW|4830|20160115|1300|
C|005186|2016|50002179700008|001|4300004326|00060|UJBC0004|10|EA|4337|KRW|43370|20160115|1300|
C|005186|2016|50002179700009|001|4300004327|00060|UZZC0123|30|EA|6310|KRW|189300|20160115|1300|
C|005186|2016|50002179700010|001|4300004327|00070|UJAC0063|2|EA|2100|KRW|4200|20160115|1300|
C|005186|2016|50002179700011|001|4300004327|00080|UJAC0065|2|EA|2100|KRW|4200|20160115|1300|
C|005186|2016|50002179700012|001|4300004328|00020|UGCC0719|1|EA|862640|KRW|862640|20160115|1300|
C|005186|2016|50002179700013|001|4300004329|00020|UAGC0252|1|EA|67060|KRW|67060|20160115|1300|
C|005186|2016|50002179700014|001|4300004329|00030|UGCC0653|7|EA|36610|KRW|256270|20160115|1300|
C|005186|2016|50002179700015|001|4300004329|00060|UEBC0883|10|EA|2730|KRW|27300|20160115|1300|
C|005186|2016|50002179700016|001|4300004329|00100|UJAC0104|2|EA|12290|KRW|24580|20160115|1300|
C|005186|2016|50002179700017|001|4300004329|00110|UJAC0105|2|EA|14805|KRW|29610|20160115|1300|
C|005186|2016|50002179700018|001|4300004329|00120|UZZC0079|3|EA|10500|KRW|31500|20160115|1300|
C|005186|2016|50002179700019|001|4300004329|00140|UAGC0023|30|EA|1660|KRW|49800|20160115|1300|
C|005186|2016|50002179710001|001|4300004317|00070|UDDC0103|4|EA|17330|KRW|69320|20160115|1300|
C|005186|2016|50002179710002|001|4300004317|00080|UGBC0412|20|EA|1620|KRW|32400|20160115|1300|
C|005186|2016|50002179710003|001|4300004322|00120|UDEC0008|1|EA|40430|KRW|40430|20160115|1300|
C|005186|2016|50002179710004|001|4300004323|00010|UGBC0111|5|EA|294000|KRW|1470000|20160115|1300|
C|005186|2016|50002179710005|001|4300004323|00030|UDDC0219|2|EA|110420|KRW|220840|20160115|1300|
C|005186|2016|50002179710006|001|4300004325|00020|UFGC0007|4|EA|35180|KRW|140720|20160115|1300|
C|005186|2016|50002179710007|001|4300004325|00060|UIEC0079|1|EA|57300|KRW|57300|20160115|1300|
C|005186|2016|50002179710008|001|4300004326|00010|UIEC0002|1|EA|825300|KRW|825300|20160115|1300|
C|005186|2016|50002179710009|001|4300004327|00020|UBBC0006|2|EA|103370|KRW|206740|20160115|1300|
C|005186|2016|50002179710010|001|4300004327|00090|UKCC0003|20|EA|4520|KRW|90400|20160115|1300|
C|005186|2016|50002179710011|001|4300004329|00010|UKBC0010|2|EA|91480|KRW|182960|20160115|1300|
C|005186|2016|50002179710012|001|4300004329|00040|UKBC0010|1|EA|91480|KRW|91480|20160115|1300|
C|005186|2016|50002179710013|001|4300004329|00160|UKCC0003|20|EA|4520|KRW|90400|20160115|1300|
C|005186|2016|50002179710014|001|4300004329|00170|UFKC0136|20|EA|6210|KRW|124200|20160115|1300|
C|005186|2016|50002179710015|001|4300004330|00010|UFGC0017|80|EA|3500|KRW|280000|20160115|1300|
C|005186|2016|50002179720001|001|4300004320|00010|UDEC0005|10|EA|95150|KRW|951500|20160115|1300|
C|005186|2016|50002179720002|001|4300004320|00020|UDEC0090|1|EA|220500|KRW|220500|20160115|1300|
C|005186|2016|50002179720003|001|4300004320|00030|UDEC0006|1|EA|287700|KRW|287700|20160115|1300|
C|005186|2016|50002179720004|001|4300004320|00040|UDEC0003|1|EA|404250|KRW|404250|20160115|1300|
C|005186|2016|50002179720005|001|4300004321|00010|UDDC0140|10|EA|19430|KRW|194300|20160115|1300|
C|005186|2016|50002179730001|001|4300004305|00060|UAAC0013|1|EA|6580|KRW|6580|20160115|1300|
C|005186|2016|50002179730002|001|4300004305|00070|UAEC0353|1|EA|106150|KRW|106150|20160115|1300|
C|005186|2016|50002179730003|001|4300004317|00010|UIDC0044|30|EA|28500|KRW|855000|20160115|1300|
C|005186|2016|50002179730004|001|4300004318|00030|UDDC0260|1|EA|143330|KRW|143330|20160115|1300|
C|005186|2016|50002179730005|001|4300004318|00040|UDEC0061|3|EA|262500|KRW|787500|20160115|1300|
C|005186|2016|50002179730006|001|4300004318|00050|UDDC0253|20|EA|3560|KRW|71200|20160115|1300|
C|005186|2016|50002179730007|001|4300004322|00020|UIDC0119|2|EA|202100|KRW|404200|20160115|1300|
C|005186|2016|50002179730008|001|4300004322|00050|UDEC0104|1|EA|194740|KRW|194740|20160115|1300|
C|005186|2016|50002179730009|001|4300004322|00100|UAJC0052|100|EA|810|KRW|81000|20160115|1300|
C|005186|2016|50002179730010|001|4300004322|00110|UKBC0007|5|EA|17540|KRW|87700|20160115|1300|
C|005186|2016|50002179730011|001|4300004325|00070|UAEC0234|2|EA|61580|KRW|123160|20160115|1300|
C|005186|2016|50002179730012|001|4300004327|00010|UAIC0002|5|EA|3680|KRW|18400|20160115|1300|
C|005186|2016|50002179730013|001|4300004329|00050|UEBC0599|4|EA|41060|KRW|164240|20160115|1300|
C|005186|2016|50002179730014|001|4300004329|00070|UEBC0662|2|EA|99320|KRW|198640|20160115|1300|
C|005186|2016|50002179730015|001|4300004329|00080|UEBC0789|5|EA|2450|KRW|12250|20160115|1300|
C|005186|2016|50002179730016|001|4300004329|00090|UEBC0788|5|EA|3550|KRW|17750|20160115|1300|
C|005186|2016|50002179730017|001|4300004329|00130|UDFC0055|30|EA|13890|KRW|416700|20160115|1300|
C|005186|2016|50002179730018|001|4300004329|00150|UKBC0022|4|EA|27510|KRW|110040|20160115|1300|
C|005186|2016|50002179740001|001|4300004305|00020|UAGC0052|40|EA|2520|KRW|100800|20160115|1300|
C|005186|2016|50002179740002|001|4300004305|00030|UKGC0017|10|EA|4260|KRW|42600|20160115|1300|
C|005186|2016|50002179740003|001|4300004305|00040|UKGC0016|10|EA|4740|KRW|47400|20160115|1300|
C|005186|2016|50002179740004|001|4300004307|00050|UKDC0003|10|EA|70560|KRW|705600|20160115|1300|
C|005186|2016|50002179750001|001|4300004277|00010|UCAC0057|1|EA|191000|KRW|191000|20160115|1300|
C|005186|2016|50002179750002|001|4300004277|00030|UGCC1006|2|EA|17200|KRW|34400|20160115|1300|
C|005186|2016|50002179750003|001|4300004277|00050|UAGC0037|3|EA|21210|KRW|63630|20160115|1300|
C|005186|2016|50002179750004|001|4300004277|00060|UAGC0002|20|EA|1520|KRW|30400|20160115|1300|
C|005186|2016|50002179750005|001|4300004277|00070|UAGC0003|10|EA|1820|KRW|18200|20160115|1300|
C|005186|2016|50002179760001|001|4300004074|00010|UZZC0090|20|EA|7070|KRW|0|20160115|1300|
C|005186|2016|50002179770001|001|4300004078|00010|UGBC1464|2|EA|954000|KRW|1908000|20160115|1300|
C|005186|2016|50002179770002|001|4300004168|00130|UGBC0548|20|EA|3990|KRW|79800|20160115|1300|
C|005186|2016|50002179770003|001|4300004183|00040|UGBC1196|30|EA|520|KRW|15600|20160115|1300|
C|005186|2016|50002179770004|001|4300004183|00050|UGBC0805|30|EA|4410|KRW|132300|20160115|1300|
C|005186|2016|50002179770005|001|4300004183|00060|UGBC0352|50|EA|370|KRW|18500|20160115|1300|
C|005186|2016|50002179770006|001|4300004183|00070|UGBC0355|30|EA|530|KRW|15900|20160115|1300|
C|005186|2016|50002179770007|001|4300004183|00080|UGBC0859|30|EA|670|KRW|20100|20160115|1300|
C|005186|2016|50002179770008|001|4300004183|00090|UGBC0028|20|EA|1160|KRW|23200|20160115|1300|
C|005186|2016|50002179770009|001|4300004183|00100|UGBC0011|30|EA|870|KRW|26100|20160115|1300|
C|005186|2016|50002179770010|001|4300004183|00110|UGBC0012|20|EA|1160|KRW|23200|20160115|1300|
C|005186|2016|50002179770011|001|4300004183|00120|UGBC0005|20|EA|1890|KRW|37800|20160115|1300|
C|005186|2016|50002179770012|001|4300004183|00130|UGBC0805|30|EA|4410|KRW|132300|20160115|1300|
C|005186|2016|50002179770013|001|4300004183|00140|UGBC0532|20|EA|3990|KRW|79800|20160115|1300|
C|005186|2016|50002179770014|001|4300004183|00150|UGBC0863|20|EA|3150|KRW|63000|20160115|1300|
C|005186|2016|50002179770015|001|4300004183|00160|UGBC0227|30|EA|1370|KRW|41100|20160115|1300|
C|005186|2016|50002179770016|001|4300004183|00170|UGBC0520|20|EA|12600|KRW|252000|20160115|1300|
