C|005186|2019|50004686600001|001|4300010911|00010|UFGC0058|26|EA|4000|KRW|104000|20190115|1300|
C|005186|2019|50004686600002|001|4300010911|00020|UFGC0039|3|EA|15050|KRW|45150|20190115|1300|
C|005186|2019|50004686600003|001|4300012203|00020|UJAC0151|6|EA|76940|KRW|230820|20190115|1300|
C|005186|2019|50004686600004|001|4300012203|00030|UJAC0152|6|EA|71680|KRW|215040|20190115|1300|
C|005186|2019|50004686600005|001|4300012204|00040|UDDC0364|1|EA|104300|KRW|104300|20190115|1300|
C|005186|2019|50004686600006|001|4300012205|00020|UGCC0718|50|EA|1160000|KRW|1160000|20190115|1300|
C|005186|2019|50004686600007|001|4300012207|00010|UZZC0107|50|EA|35770|KRW|1788500|20190115|1300|
C|005186|2019|50004686600008|001|4300012221|00010|UGCC0718|50|EA|1160000|KRW|1160000|20190115|1300|
C|005186|2019|50004686600009|001|4300012228|00030|UEBC0448|5|EA|1610|KRW|8050|20190115|1300|
C|005186|2019|50004686600010|001|4300012228|00080|UDEC0030|1|EA|95450|KRW|95450|20190115|1300|
C|005186|2019|50004686600011|001|4300012229|00010|UAGC0052|10|EA|25200|KRW|25200|20190115|1300|
C|005186|2019|50004686600012|001|4300012229|00020|UABC0036|10|EA|24700|KRW|24700|20190115|1300|
C|005186|2019|50004686600013|001|4300012229|00030|UJAC0135|1|EA|199900|KRW|199900|20190115|1300|
C|005186|2019|50004686600014|001|4300012229|00050|UDAC0266|100|EA|484000|KRW|484000|20190115|1300|
C|005186|2019|50004686600015|001|4300012250|00010|UDAC0269|50|EA|805500|KRW|805500|20190115|1300|
C|005186|2019|50004686600016|001|4300012250|00020|UGCC0718|50|EA|1160000|KRW|1160000|20190115|1300|
C|005186|2019|50004686600017|001|4300012251|00010|UZZC0107|50|EA|35770|KRW|1788500|20190115|1300|
