C|005186|2015|50001459460001|001|4300002526|00020|CMA0003|20|EA|950|KRW|19000|20150415|1300|
C|005186|2015|50001459460002|001|4300002526|00040|CMA0017|2|EA|780|KRW|1560|20150415|1300|
C|005186|2015|50001459460003|001|4300002526|00060|CMH0004|10|EA|760|KRW|7600|20150415|1300|
C|005186|2015|50001459460004|001|4300002526|00070|CMZ0007|10|EA|330|KRW|3300|20150415|1300|
C|005186|2015|50001459460005|001|4300002526|00080|CMZ0008|1|EA|578|KRW|578|20150415|1300|
C|005186|2015|50001459460006|001|4300002526|00090|CMZ0009|3|EA|740|KRW|2220|20150415|1300|
C|005186|2015|50001459460007|001|4300002526|00100|CMZ0032|10|EA|1970|KRW|19700|20150415|1300|
C|005186|2015|50001459460008|001|4300002527|00080|CMH0007|1|EA|11700|KRW|11700|20150415|1300|
C|005186|2015|50001459460009|001|4300002527|00090|CMZ0014|1|EA|23300|KRW|23300|20150415|1300|
C|005186|2015|50001459460010|001|4300002528|00070|CMZ0014|2|EA|23300|KRW|46600|20150415|1300|
C|005186|2015|50001459460011|001|4300002528|00100|CMF0009|10|EA|5700|KRW|57000|20150415|1300|
C|005186|2015|50001459460012|001|4300002529|00010|CMZ0009|20|EA|740|KRW|14800|20150415|1300|
C|005186|2015|50001459460013|001|4300002529|00020|CMZ0001|50|EA|765|KRW|38250|20150415|1300|
C|005186|2015|50001459460014|001|4300002529|00030|CMZ0002|10|EA|430|KRW|4300|20150415|1300|
C|005186|2015|50001459460015|001|4300002529|00150|CMF0015|15|EA|500|KRW|7500|20150415|1300|
C|005186|2015|50001459460016|001|4300002529|00160|CMF0021|2|EA|5400|KRW|10800|20150415|1300|
C|005186|2015|50001459460017|001|4300002530|00100|CMF0006|1|EA|11970|KRW|11970|20150415|1300|
C|005186|2015|50001459460018|001|4300002530|00110|CMF0009|2|EA|5700|KRW|11400|20150415|1300|
C|005186|2015|50001459460019|001|4300002530|00120|CMF0021|2|EA|5400|KRW|10800|20150415|1300|
C|005186|2015|50001459460020|001|4300002530|00130|CMH0007|3|EA|11700|KRW|35100|20150415|1300|
C|005186|2015|50001459460021|001|4300002530|00140|CMZ0001|12|EA|765|KRW|9180|20150415|1300|
C|005186|2015|50001459460022|001|4300002530|00150|CMZ0004|10|EA|380|KRW|3800|20150415|1300|
C|005186|2015|50001459460023|001|4300002531|00050|CMA0017|20|EA|780|KRW|15600|20150415|1300|
C|005186|2015|50001459460024|001|4300002531|00130|CMG0001|50|EA|1840|KRW|92000|20150415|1300|
C|005186|2015|50001459460025|001|4300002532|00050|CMA0017|20|EA|780|KRW|15600|20150415|1300|
C|005186|2015|50001459460026|001|4300002532|00140|CMF0004|2|EA|22050|KRW|44100|20150415|1300|
C|005186|2015|50001459460027|001|4300002532|00160|CMF0006|20|EA|11970|KRW|239400|20150415|1300|
C|005186|2015|50001459460028|001|4300002532|00170|CMF0009|2|EA|5700|KRW|11400|20150415|1300|
C|005186|2015|50001459460029|001|4300002532|00180|CMH0007|1|EA|11700|KRW|11700|20150415|1300|
C|005186|2015|50001459460030|001|4300002532|00190|CMZ0001|20|EA|765|KRW|15300|20150415|1300|
C|005186|2015|50001459460031|001|4300002532|00200|CMZ0004|10|EA|380|KRW|3800|20150415|1300|
C|005186|2015|50001459460032|001|4300002532|00210|CMZ0006|3|EA|1155|KRW|3465|20150415|1300|
C|005186|2015|50001459460033|001|4300002532|00220|CMZ0014|1|EA|23300|KRW|23300|20150415|1300|
C|005186|2015|50001459460034|001|4300002533|00050|CMA0017|10|EA|780|KRW|7800|20150415|1300|
C|005186|2015|50001459460035|001|4300002533|00110|CMF0001|10|EA|1680|KRW|16800|20150415|1300|
C|005186|2015|50001459460036|001|4300002533|00120|CMF0002|10|EA|1100|KRW|11000|20150415|1300|
C|005186|2015|50001459460037|001|4300002533|00130|CMF0004|2|EA|22050|KRW|44100|20150415|1300|
C|005186|2015|50001459460038|001|4300002533|00140|CMF0020|10|EA|700|KRW|7000|20150415|1300|
C|005186|2015|50001459460039|001|4300002533|00150|CMH0007|4|EA|11700|KRW|46800|20150415|1300|
C|005186|2015|50001459460040|001|4300002533|00160|CMZ0001|120|EA|765|KRW|91800|20150415|1300|
C|005186|2015|50001459460041|001|4300002533|00170|CMZ0002|40|EA|430|KRW|17200|20150415|1300|
C|005186|2015|50001459460042|001|4300002533|00180|CMZ0004|30|EA|380|KRW|11400|20150415|1300|
C|005186|2015|50001459460043|001|4300002533|00190|CMZ0006|30|EA|1155|KRW|34650|20150415|1300|
C|005186|2015|50001459460044|001|4300002583|00030|CMA0017|200|EA|780|KRW|156000|20150415|1300|
C|005186|2015|50001459460045|001|4300002583|00090|CMF0001|10|EA|1680|KRW|16800|20150415|1300|
C|005186|2015|50001459460046|001|4300002583|00100|CMF0004|6|EA|22050|KRW|132300|20150415|1300|
C|005186|2015|50001459460047|001|4300002583|00120|CMH0007|5|EA|11700|KRW|58500|20150415|1300|
C|005186|2015|50001459460048|001|4300002583|00130|CMZ0005|10|EA|750|KRW|7500|20150415|1300|
C|005186|2015|50001459460049|001|4300002583|00140|CMZ0006|20|EA|1155|KRW|23100|20150415|1300|
C|005186|2015|50001459460050|001|4300002583|00150|CMZ0014|3|EA|23300|KRW|69900|20150415|1300|
C|005186|2015|50001459460051|001|4300002584|00040|CMA0017|20|EA|780|KRW|15600|20150415|1300|
C|005186|2015|50001459460052|001|4300002584|00080|CMF0001|20|EA|1680|KRW|33600|20150415|1300|
C|005186|2015|50001459460053|001|4300002584|00090|CMF0002|10|EA|1100|KRW|11000|20150415|1300|
C|005186|2015|50001459460054|001|4300002584|00100|CMF0004|3|EA|22050|KRW|66150|20150415|1300|
C|005186|2015|50001459460055|001|4300002584|00120|CMF0009|10|EA|5700|KRW|57000|20150415|1300|
C|005186|2015|50001459460056|001|4300002584|00130|CMF0013|10|EA|760|KRW|7600|20150415|1300|
C|005186|2015|50001459460057|001|4300002584|00140|CMF0017|50|EA|505|KRW|25250|20150415|1300|
C|005186|2015|50001459460058|001|4300002584|00150|CMH0007|3|EA|11700|KRW|35100|20150415|1300|
C|005186|2015|50001459460059|001|4300002584|00160|CMZ0004|50|EA|380|KRW|19000|20150415|1300|
C|005186|2015|50001459460060|001|4300002584|00170|CMZ0006|10|EA|1155|KRW|11550|20150415|1300|
C|005186|2015|50001459460061|001|4300002601|00050|CMA0017|20|EA|780|KRW|15600|20150415|1300|
C|005186|2015|50001459460062|001|4300002601|00160|CMF0001|5|EA|1680|KRW|8400|20150415|1300|
C|005186|2015|50001459460063|001|4300002601|00180|CMF0021|3|EA|5400|KRW|16200|20150415|1300|
C|005186|2015|50001459460064|001|4300002601|00190|CMH0007|3|EA|11700|KRW|35100|20150415|1300|
C|005186|2015|50001459460065|001|4300002601|00200|CMZ0002|10|EA|430|KRW|4300|20150415|1300|
C|005186|2015|50001459460066|001|4300002601|00210|CMZ0004|20|EA|380|KRW|7600|20150415|1300|
C|005186|2015|50001459460067|001|4300002601|00220|CMZ0006|10|EA|1155|KRW|11550|20150415|1300|
C|005186|2015|50001459460068|001|4300002601|00230|CMZ0008|3|EA|578|KRW|1734|20150415|1300|
C|005186|2015|50001459460069|001|4300002601|00240|CMZ0009|72|EA|740|KRW|53280|20150415|1300|
