C|005186|2018|50004488220001|001|4300011512|00090|CMF0005|3|EA|18700|KRW|56100|20181015|1300|
C|005186|2018|50004488220002|001|4300011512|00120|CMD0001|5|EA|8000|KRW|40000|20181015|1300|
C|005186|2018|50004488230001|001|4300011516|00030|CMF0005|8|EA|18700|KRW|149600|20181015|1300|
C|005186|2018|50004488230002|001|4300011516|00060|CMC0005|30|EA|150|KRW|4500|20181015|1300|
C|005186|2018|50004488230003|001|4300011516|00080|CMZ0005|30|EA|810|KRW|24300|20181015|1300|
C|005186|2018|50004488230004|001|4300011516|00100|CMB0002|190|EA|2100|KRW|399000|20181015|1300|
C|005186|2018|50004488240001|001|4300011547|00010|CMC0005|30|EA|150|KRW|4500|20181015|1300|
C|005186|2018|50004488240002|001|4300011547|00020|CMB0002|40|EA|2100|KRW|84000|20181015|1300|
C|005186|2018|50004488240003|001|4300011547|00030|CMB0003|40|EA|2200|KRW|88000|20181015|1300|
C|005186|2018|50004488240004|001|4300011547|00060|CMB0001|70|EA|520|KRW|36400|20181015|1300|
C|005186|2018|50004488250001|001|4300011510|00040|CMB0011|120|EA|2220|KRW|266400|20181015|1300|
C|005186|2018|50004488260001|001|4300011519|00060|CMB0003|60|EA|2200|KRW|132000|20181015|1300|
C|005186|2018|50004488260002|001|4300011519|00100|CMB0001|160|EA|520|KRW|83200|20181015|1300|
C|005186|2018|50004488260003|001|4300011519|00120|CMC0005|200|EA|150|KRW|30000|20181015|1300|
C|005186|2018|50004488270001|001|4300011513|00010|CMZ0032|10|EA|1300|KRW|13000|20181015|1300|
C|005186|2018|50004488280001|001|4300011511|00030|CMB0001|20|EA|520|KRW|10400|20181015|1300|
C|005186|2018|50004488280002|001|4300011511|00060|CMZ0032|3|EA|1300|KRW|3900|20181015|1300|
C|005186|2018|50004488290001|001|4300011503|00010|CMB0001|40|EA|520|KRW|20800|20181015|1300|
C|005186|2018|50004488290002|001|4300011503|00020|CME0002|20|EA|1100|KRW|22000|20181015|1300|
C|005186|2018|50004488290003|001|4300011503|00030|CMC0005|40|EA|150|KRW|6000|20181015|1300|
C|005186|2018|50004488290004|001|4300011503|00040|CMB0011|100|EA|2220|KRW|222000|20181015|1300|
C|005186|2018|50004488300001|001|4300011516|00050|CMD0011|18|EA|24100|KRW|433800|20181015|1300|
C|005186|2018|50004488300002|001|4300011516|00110|CMA0001|350|EA|151|KRW|52850|20181015|1300|
C|005186|2018|50004488300003|001|4300011516|00120|CMA0007|350|EA|151|KRW|52850|20181015|1300|
C|005186|2018|50004488310001|001|4300011517|00010|CMF0004|5|EA|17000|KRW|85000|20181015|1300|
C|005186|2018|50004488310002|001|4300011517|00040|CMA0008|20|EA|470|KRW|9400|20181015|1300|
C|005186|2018|50004488310003|001|4300011517|00130|CMA0001|300|EA|151|KRW|45300|20181015|1300|
C|005186|2018|50004488310004|001|4300011517|00140|CMA0007|300|EA|151|KRW|45300|20181015|1300|
C|005186|2018|50004488330001|001|4300011519|00020|CMD0011|4|EA|24100|KRW|96400|20181015|1300|
C|005186|2018|50004488330002|001|4300011519|00080|CMA0007|100|EA|151|KRW|15100|20181015|1300|
C|005186|2018|50004488330003|001|4300011519|00090|CMA0008|100|EA|470|KRW|47000|20181015|1300|
C|005186|2018|50004488330004|001|4300011519|00110|CMA0001|300|EA|151|KRW|45300|20181015|1300|
C|005186|2018|50004488340001|001|4300011520|00010|CMD0016|1|EA|29000|KRW|29000|20181015|1300|
C|005186|2018|50004488340002|001|4300011520|00020|CMD0011|2|EA|24100|KRW|48200|20181015|1300|
C|005186|2018|50004488340003|001|4300011520|00070|CMA0017|30|EA|770|KRW|23100|20181015|1300|
C|005186|2018|50004488340004|001|4300011520|00100|CMA0001|100|EA|151|KRW|15100|20181015|1300|
C|005186|2018|50004488340005|001|4300011520|00110|CMA0007|100|EA|151|KRW|15100|20181015|1300|
C|005186|2018|50004488340006|001|4300011520|00120|CMD0016|1|EA|29000|KRW|29000|20181015|1300|
C|005186|2018|50004488340007|001|4300011520|00130|CMD0011|1|EA|24100|KRW|24100|20181015|1300|
C|005186|2018|50004488350001|001|4300011521|00030|CMA0007|800|EA|151|KRW|120800|20181015|1300|
C|005186|2018|50004488350002|001|4300011521|00040|CMD0016|4|EA|29000|KRW|116000|20181015|1300|
C|005186|2018|50004488360001|001|4300011522|00020|CMD0016|3|EA|29000|KRW|87000|20181015|1300|
C|005186|2018|50004488360002|001|4300011522|00030|CMD0017|6|EA|23760|KRW|142560|20181015|1300|
C|005186|2018|50004488360003|001|4300011522|00060|CMA0007|100|EA|151|KRW|15100|20181015|1300|
C|005186|2018|50004488360004|001|4300011522|00070|CMA0008|100|EA|470|KRW|47000|20181015|1300|
C|005186|2018|50004488360005|001|4300011522|00090|CMA0001|300|EA|151|KRW|45300|20181015|1300|
C|005186|2018|50004488360006|001|4300011522|00100|CMA0007|200|EA|151|KRW|30200|20181015|1300|
C|005186|2018|50004488370001|001|4300011523|00020|CMF0004|5|EA|17000|KRW|85000|20181015|1300|
C|005186|2018|50004488370002|001|4300011523|00090|CME0008|40|EA|1950|KRW|78000|20181015|1300|
C|005186|2018|50004488370003|001|4300011523|00130|CMA0017|240|EA|770|KRW|184800|20181015|1300|
C|005186|2018|50004488370004|001|4300011523|00150|CMA0007|300|EA|151|KRW|45300|20181015|1300|
C|005186|2018|50004488370005|001|4300011523|00180|CMA0001|600|EA|151|KRW|90600|20181015|1300|
C|005186|2018|50004488380001|001|4300011544|00010|CMA0001|20|EA|151|KRW|3020|20181015|1300|
C|005186|2018|50004488390001|001|4300011547|00050|CMA0008|100|EA|470|KRW|47000|20181015|1300|
C|005186|2018|50004488390002|001|4300011547|00080|CMA0001|300|EA|151|KRW|45300|20181015|1300|
C|005186|2018|50004488390003|001|4300011547|00090|CMA0007|300|EA|151|KRW|45300|20181015|1300|
