C|005186|2015|50001409870001|001|4300002371|00010|KE030011|10|EA|8190|KRW|81900|20150330|1300|
C|005186|2015|50001409870002|001|4300002371|00020|KE030125|1|EA|257040|KRW|257040|20150330|1300|
C|005186|2015|50001409870003|001|4300002371|00030|KE030209|1|EA|74450|KRW|74450|20150330|1300|
C|005186|2015|50001409870004|001|4300002371|00040|KE050213|2|EA|8440|KRW|16880|20150330|1300|
C|005186|2015|50001409870005|001|4300002371|00050|KE050302|9|EA|1160|KRW|10440|20150330|1300|
C|005186|2015|50001409870006|001|4300002371|00060|KE050502|1|EA|10000|KRW|10000|20150330|1300|
C|005186|2015|50001409870007|001|4300002371|00070|KE050801|6|EA|1900|KRW|11400|20150330|1300|
C|005186|2015|50001409870008|001|4300002371|00080|KE090106|3|EA|15370|KRW|46110|20150330|1300|
C|005186|2015|50001409870009|001|4300002371|00090|KE090112|3|EA|16800|KRW|50400|20150330|1300|
C|005186|2015|50001409870010|001|4300002371|00100|KE090127|1|EA|34000|KRW|34000|20150330|1300|
C|005186|2015|50001409870011|001|4300002371|00110|KE110100|10|EA|124000|KRW|1240000|20150330|1300|
C|005186|2015|50001409870012|001|4300002371|00120|KE180203|5|EA|13650|KRW|68250|20150330|1300|
C|005186|2015|50001409870013|001|4300002372|00010|KE200113|1|EA|130000|KRW|130000|20150330|1300|
C|005186|2015|50001409870014|001|4300002372|00020|KE210001|2|EA|53030|KRW|106060|20150330|1300|
C|005186|2015|50001409870015|001|4300002372|00030|KE230003|250|EA|1870|KRW|467500|20150330|1300|
C|005186|2015|50001409870016|001|4300002372|00040|KE231001|20|EA|16150|KRW|323000|20150330|1300|
C|005186|2015|50001409870017|001|4300002372|00050|KE231403|12|EA|1840|KRW|22080|20150330|1300|
C|005186|2015|50001409870018|001|4300002372|00060|KE231406|20|EA|7140|KRW|142800|20150330|1300|
C|005186|2015|50001409870019|001|4300002372|00070|KE231503|10|EA|1160|KRW|11600|20150330|1300|
C|005186|2015|50001409870020|001|4300002372|00080|KE270300|100|EA|470|KRW|47000|20150330|1300|
C|005186|2015|50001409870021|001|4300002372|00090|KE280401|8|EA|20800|KRW|166400|20150330|1300|
C|005186|2015|50001409870022|001|4300002372|00100|KE281401|15|EA|840|KRW|12600|20150330|1300|
C|005186|2015|50001409880001|001|4300002372|00110|UCAC0034|50|EA|11150|KRW|557500|20150330|1300|
C|005186|2015|50001409880002|001|4300002373|00010|UCAC0032|50|EA|11150|KRW|557500|20150330|1300|
C|005186|2015|50001409880003|001|4300002373|00020|UCAC0033|50|EA|11150|KRW|557500|20150330|1300|
C|005186|2015|50001409890001|001|4300002307|00010|UCEC0012|5|EA|50400|KRW|252000|20150330|1300|
C|005186|2015|50001409890002|001|4300002307|00020|UJCC0053|5|EA|42000|KRW|210000|20150330|1300|
C|005186|2015|50001409890003|001|4300002369|00030|UDBC0555|100|EA|410|KRW|41000|20150330|1300|
C|005186|2015|50001409890004|001|4300002369|00040|UDBC0722|200|EA|30|KRW|6000|20150330|1300|
C|005186|2015|50001409890005|001|4300002369|00090|UFGC0017|60|EA|3500|KRW|210000|20150330|1300|
C|005186|2015|50001409890006|001|4300002370|00060|KS061503|16|EA|3150|KRW|50400|20150330|1300|
C|005186|2015|50001409890007|001|4300002370|00070|KS061504|8|EA|4050|KRW|32400|20150330|1300|
C|005186|2015|50001409890008|001|4300002370|00080|KS061506|2|EA|7850|KRW|15700|20150330|1300|
C|005186|2015|50001409890009|001|4300002370|00090|KS061507|3|EA|8260|KRW|24780|20150330|1300|
C|005186|2015|50001409890010|001|4300002370|00100|KS061508|2|EA|10510|KRW|21020|20150330|1300|
C|005186|2015|50001409890011|001|4300002370|00110|KS066901|4|EA|1290|KRW|5160|20150330|1300|
C|005186|2015|50001409890012|001|4300002370|00120|KS066902|3|EA|1540|KRW|4620|20150330|1300|
C|005186|2015|50001409890013|001|4300002370|00130|KS066906|4|EA|2970|KRW|11880|20150330|1300|
C|005186|2015|50001409890014|001|4300002370|00140|KS067002|10|EA|1460|KRW|14600|20150330|1300|
C|005186|2015|50001409890015|001|4300002370|00150|KS067003|3|EA|1550|KRW|4650|20150330|1300|
C|005186|2015|50001409890016|001|4300002370|00160|KS067006|5|EA|3120|KRW|15600|20150330|1300|
C|005186|2015|50001409890017|001|4300002370|00170|KS067007|2|EA|4100|KRW|8200|20150330|1300|
C|005186|2015|50001409890018|001|4300002370|00180|KS067206|6|EA|4480|KRW|26880|20150330|1300|
C|005186|2015|50001409890019|001|4300002370|00190|KS067208|6|EA|7940|KRW|47640|20150330|1300|
C|005186|2015|50001409890020|001|4300002370|00200|KS067210|2|EA|14350|KRW|28700|20150330|1300|
C|005186|2015|50001409890021|001|4300002370|00210|KS080705|2|EA|18500|KRW|37000|20150330|1300|
C|005186|2015|50001409890022|001|4300002370|00220|KS080711|4|EA|32300|KRW|129200|20150330|1300|
C|005186|2015|50001409890023|001|4300002370|00240|KS990009|3|EA|8820|KRW|26460|20150330|1300|
C|005186|2015|50001409890024|001|4300002373|00050|UDBC0350|100|EA|80|KRW|8000|20150330|1300|
C|005186|2015|50001409890025|001|4300002376|00020|UDAC0053|5|EA|196350|KRW|981750|20150330|1300|
C|005186|2015|50001409890026|001|4300002377|00010|UDAC0052|5|EA|215250|KRW|1076250|20150330|1300|
C|005186|2015|50001409900001|001|4300002373|00040|UHTC0691|10|EA|35700|KRW|357000|20150330|1300|
C|005186|2015|50001409910001|001|4300002399|00060|UEAC0039|1|EA|375900|KRW|375900|20150330|1300|
C|005186|2015|50001409920001|001|4300002375|00050|UDFC0166|5|EA|40200|KRW|201000|20150330|1300|
C|005186|2015|50001409920002|001|4300002394|00010|UGCC0170|1|EA|185640|KRW|185640|20150330|1300|
C|005186|2015|50001409920003|001|4300002394|00040|UGCC0921|2|EA|289000|KRW|578000|20150330|1300|
C|005186|2015|50001409920004|001|4300002397|00040|UGCC0384|2|EA|104600|KRW|209200|20150330|1300|
C|005186|2015|50001409920005|001|4300002397|00050|UGCC0234|1|EA|161700|KRW|161700|20150330|1300|
C|005186|2015|50001409930001|001|4300002424|00030|UAEC0047|1|EA|21000|KRW|21000|20150330|1300|
C|005186|2015|50001409930002|001|4300002424|00040|UKBC0010|2|EA|91480|KRW|182960|20150330|1300|
C|005186|2015|50001409930003|001|4300002424|00050|UAGC0252|1|EA|67060|KRW|67060|20150330|1300|
C|005186|2015|50001409930004|001|4300002424|00060|UAEC0095|1|EA|22630|KRW|22630|20150330|1300|
C|005186|2015|50001409930005|001|4300002424|00070|UJCC0043|5000|EA|70|KRW|350000|20150330|1300|
C|005186|2015|50001409930006|001|4300002424|00080|UABC0021|2|EA|14490|KRW|28980|20150330|1300|
C|005186|2015|50001409930007|001|4300002424|00090|UAEC0095|2|EA|22630|KRW|45260|20150330|1300|
C|005186|2015|50001409930008|001|4300002424|00100|UAEC0069|2|EA|16310|KRW|32620|20150330|1300|
C|005186|2015|50001409930009|001|4300002424|00110|UAEC0079|2|EA|12075|KRW|24150|20150330|1300|
C|005186|2015|50001409930010|001|4300002424|00120|UAEC0225|2|EA|39480|KRW|78960|20150330|1300|
C|005186|2015|50001409930011|001|4300002424|00130|UAEC0197|2|EA|7270|KRW|14540|20150330|1300|
C|005186|2015|50001409930012|001|4300002424|00140|UAEC0198|2|EA|7270|KRW|14540|20150330|1300|
C|005186|2015|50001409930013|001|4300002424|00150|UAEC0058|8|EA|12350|KRW|98800|20150330|1300|
C|005186|2015|50001409930014|001|4300002424|00160|UAEC0051|2|EA|7980|KRW|15960|20150330|1300|
C|005186|2015|50001409930015|001|4300002424|00170|UAEC0053|2|EA|8925|KRW|17850|20150330|1300|
C|005186|2015|50001409930016|001|4300002424|00180|UAEC0337|2|EA|9072|KRW|18144|20150330|1300|
C|005186|2015|50001409930017|001|4300002424|00190|UAEC0321|1|EA|120000|KRW|120000|20150330|1300|
C|005186|2015|50001409930018|001|4300002424|00270|UBBC0006|2|EA|103370|KRW|206740|20150330|1300|
C|005186|2015|50001409930019|001|4300002436|00060|UFGC0008|2|EA|35180|KRW|70360|20150330|1300|
C|005186|2015|50001409930020|001|4300002437|00030|UAGC0323|20|EA|14180|KRW|283600|20150330|1300|
C|005186|2015|50001409930021|001|4300002437|00040|UKEC0091|20|EA|1270|KRW|25400|20150330|1300|
C|005186|2015|50001409930022|001|4300002437|00050|UAAC0001|20|EA|1890|KRW|37800|20150330|1300|
C|005186|2015|50001409930023|001|4300002437|00060|UIEC0035|10|EA|37800|KRW|378000|20150330|1300|
C|005186|2015|50001409930024|001|4300002437|00080|UGCC0631|1|EA|71930|KRW|71930|20150330|1300|
C|005186|2015|50001409930025|001|4300002437|00100|UAEC0139|1|EA|11150|KRW|11150|20150330|1300|
C|005186|2015|50001409940001|001|4300002424|00020|UALC0062|10|EA|4536|KRW|45360|20150330|1300|
C|005186|2015|50001409940002|001|4300002436|00020|UEBC1181|8|EA|2480|KRW|19840|20150330|1300|
C|005186|2015|50001409940003|001|4300002436|00040|UHTC0238|1|EA|10100|KRW|10100|20150330|1300|
C|005186|2015|50001409940004|001|4300002437|00010|UALC0006|100|EA|1733|KRW|173300|20150330|1300|
C|005186|2015|50001409940005|001|4300002438|00050|UGBC1176|10|EA|18900|KRW|189000|20150330|1300|
C|005186|2015|50001409940006|001|4300002440|00010|UBEC0003|3|EA|166430|KRW|499290|20150330|1300|
C|005186|2015|50001409940007|001|4300002440|00020|UGCC0889|6|EA|199000|KRW|1194000|20150330|1300|
C|005186|2015|50001409950001|001|4300002369|00010|UCIC0039|1|EA|168420|KRW|168420|20150330|1300|
C|005186|2015|50001409950002|001|4300002373|00110|UGBC0165|20|EA|530|KRW|10600|20150330|1300|
C|005186|2015|50001409950003|001|4300002373|00120|UGBC0622|10|EA|1050|KRW|10500|20150330|1300|
C|005186|2015|50001409950004|001|4300002373|00130|UGBC0194|10|EA|3605|KRW|36050|20150330|1300|
C|005186|2015|50001409950005|001|4300002393|00020|UCIC0144|30|EA|530|KRW|15900|20150330|1300|
C|005186|2015|50001409950006|001|4300002393|00030|UCIC0146|30|EA|770|KRW|23100|20150330|1300|
C|005186|2015|50001409950007|001|4300002393|00040|UCIC0138|30|EA|1370|KRW|41100|20150330|1300|
C|005186|2015|50001409950008|001|4300002393|00050|UGBC0257|30|EA|1850|KRW|55500|20150330|1300|
C|005186|2015|50001409950009|001|4300002393|00060|UGBC0258|30|EA|2100|KRW|63000|20150330|1300|
C|005186|2015|50001409950010|001|4300002438|00060|UGBC0588|30|EA|1050|KRW|31500|20150330|1300|
C|005186|2015|50001409950011|001|4300002438|00070|UGBC0589|20|EA|1890|KRW|37800|20150330|1300|
C|005186|2015|50001409950012|001|4300002438|00080|UGBC0590|20|EA|1160|KRW|23200|20150330|1300|
C|005186|2015|50001409950013|001|4300002438|00090|UGBC0234|30|EA|2210|KRW|66300|20150330|1300|
C|005186|2015|50001409950014|001|4300002438|00100|UGBC0235|30|EA|2950|KRW|88500|20150330|1300|
C|005186|2015|50001409950015|001|4300002438|00110|UGBC0458|10|EA|3570|KRW|35700|20150330|1300|
C|005186|2015|50001409950016|001|4300002438|00120|UGBC1271|10|EA|7200|KRW|72000|20150330|1300|
C|005186|2015|50001409960001|001|4300002401|00080|UALC0090|10|EA|49300|KRW|493000|20150330|1300|
