C|005186|2013|50000286470001|001|4300000430|00030|UKGC0023|40|EA|2600|KRW|104000|20130915|1300|
C|005186|2013|50000286470002|001|4300000430|00040|UKGC0022|90|EA|19100|KRW|1719000|20130915|1300|
C|005186|2013|50000286480001|001|4300000507|00010|UHTC0205|30|EA|8450|KRW|253500|20130915|1300|
C|005186|2013|50000286480002|001|4300000507|00020|UHGC0238|3|EA|28950|KRW|86850|20130915|1300|
C|005186|2013|50000286480003|001|4300000507|00030|UHHC0097|3|EA|21504|KRW|64512|20130915|1300|
C|005186|2013|50000286480004|001|4300000507|00040|UHGC0240|5|EA|83690|KRW|418450|20130915|1300|
C|005186|2013|50000286480005|001|4300000507|00060|UHFC0303|11|EA|39900|KRW|438900|20130915|1300|
C|005186|2013|50000286480006|001|4300000507|00070|UHGC0194|5|EA|29400|KRW|147000|20130915|1300|
C|005186|2013|50000286480007|001|4300000507|00080|UHFC0377|3|EA|8630|KRW|25890|20130915|1300|
C|005186|2013|50000286480008|001|4300000507|00100|UHGC0009|2|EA|66150|KRW|132300|20130915|1300|
C|005186|2013|50000286480009|001|4300000507|00110|UEAC0097|1|EA|144900|KRW|144900|20130915|1300|
