C|005186|2013|50000144030001|001|4300000275|00010|CMA0001|240|EA|240|KRW|57600|20130628|1300|
C|005186|2013|50000144030002|001|4300000275|00020|CMA0007|40|EA|270|KRW|10800|20130628|1300|
C|005186|2013|50000144030003|001|4300000275|00030|CMA0008|200|EA|690|KRW|138000|20130628|1300|
C|005186|2013|50000144030004|001|4300000275|00040|CMB0001|200|EA|655|KRW|131000|20130628|1300|
C|005186|2013|50000144030005|001|4300000275|00050|CMB0003|200|EA|2420|KRW|484000|20130628|1300|
C|005186|2013|50000144030006|001|4300000275|00060|CMC0007|10|EA|12100|KRW|121000|20130628|1300|
C|005186|2013|50000144030007|001|4300000275|00070|CME0010|200|EA|285|KRW|57000|20130628|1300|
C|005186|2013|50000144030008|001|4300000275|00080|CMZ0009|20|EA|740|KRW|14800|20130628|1300|
C|005186|2013|50000144030009|001|4300000277|00010|CMA0001|300|EA|240|KRW|72000|20130628|1300|
C|005186|2013|50000144030010|001|4300000277|00020|CMA0007|200|EA|270|KRW|54000|20130628|1300|
C|005186|2013|50000144030011|001|4300000277|00030|CMA0008|10|EA|690|KRW|6900|20130628|1300|
C|005186|2013|50000144030012|001|4300000277|00040|CMB0010|200|EA|1100|KRW|220000|20130628|1300|
C|005186|2013|50000144030013|001|4300000277|00050|CMC0005|50|EA|190|KRW|9500|20130628|1300|
C|005186|2013|50000144030014|001|4300000277|00060|CME0010|60|EA|285|KRW|17100|20130628|1300|
C|005186|2013|50000144030015|001|4300000277|00070|CMF0004|2|EA|22050|KRW|44100|20130628|1300|
C|005186|2013|50000144030016|001|4300000277|00090|CMF0006|10|EA|11970|KRW|119700|20130628|1300|
C|005186|2013|50000144030017|001|4300000277|00100|CMF0013|10|EA|760|KRW|7600|20130628|1300|
C|005186|2013|50000144030018|001|4300000277|00110|CMF0017|50|EA|505|KRW|25250|20130628|1300|
C|005186|2013|50000144030019|001|4300000277|00120|CMZ0004|100|EA|380|KRW|38000|20130628|1300|
C|005186|2013|50000144030020|001|4300000277|00130|CMZ0005|10|EA|750|KRW|7500|20130628|1300|
C|005186|2013|50000144040001|001|4300000276|00010|CMA0001|200|EA|240|KRW|48000|20130628|1300|
C|005186|2013|50000144040002|001|4300000276|00020|CMA0005|100|EA|2470|KRW|247000|20130628|1300|
C|005186|2013|50000144040003|001|4300000276|00030|CMB0001|100|EA|655|KRW|65500|20130628|1300|
C|005186|2013|50000144040004|001|4300000276|00040|CMB0003|20|EA|2420|KRW|48400|20130628|1300|
C|005186|2013|50000144040005|001|4300000276|00050|CMB0010|100|EA|1100|KRW|110000|20130628|1300|
C|005186|2013|50000144040006|001|4300000276|00060|CMC0005|100|EA|190|KRW|19000|20130628|1300|
C|005186|2013|50000144040007|001|4300000276|00070|CME0002|10|EA|2300|KRW|23000|20130628|1300|
C|005186|2013|50000144040008|001|4300000276|00080|CME0010|100|EA|285|KRW|28500|20130628|1300|
C|005186|2013|50000144040009|001|4300000276|00100|CMF0022|2|EA|5400|KRW|10800|20130628|1300|
C|005186|2013|50000144040010|001|4300000276|00110|CMH0007|1|EA|11700|KRW|11700|20130628|1300|
C|005186|2013|50000144040011|001|4300000276|00120|CMZ0014|1|EA|23300|KRW|23300|20130628|1300|
C|005186|2013|50000144040012|001|4300000278|00010|CMA0001|450|EA|240|KRW|108000|20130628|1300|
C|005186|2013|50000144040013|001|4300000278|00020|CMA0007|50|EA|270|KRW|13500|20130628|1300|
C|005186|2013|50000144040014|001|4300000278|00030|CMA0008|100|EA|690|KRW|69000|20130628|1300|
C|005186|2013|50000144040015|001|4300000278|00040|CMA0016|150|EA|2840|KRW|426000|20130628|1300|
C|005186|2013|50000144040016|001|4300000278|00050|CMA0017|20|EA|780|KRW|15600|20130628|1300|
C|005186|2013|50000144040017|001|4300000278|00060|CMB0001|100|EA|655|KRW|65500|20130628|1300|
C|005186|2013|50000144040018|001|4300000278|00070|CMB0010|360|EA|1100|KRW|396000|20130628|1300|
C|005186|2013|50000144040019|001|4300000278|00080|CMC0003|50|EA|340|KRW|17000|20130628|1300|
C|005186|2013|50000144040020|001|4300000278|00090|CMD0001|5|EA|9555|KRW|47775|20130628|1300|
C|005186|2013|50000144040021|001|4300000278|00110|CME0005|20|EA|3465|KRW|69300|20130628|1300|
C|005186|2013|50000144040022|001|4300000278|00120|CME0010|150|EA|285|KRW|42750|20130628|1300|
C|005186|2013|50000144040023|001|4300000278|00130|CMF0001|5|EA|1680|KRW|8400|20130628|1300|
C|005186|2013|50000144040024|001|4300000278|00140|CMF0004|3|EA|22050|KRW|66150|20130628|1300|
C|005186|2013|50000144040025|001|4300000278|00150|CMF0018|3|EA|5800|KRW|17400|20130628|1300|
C|005186|2013|50000144040026|001|4300000278|00160|CMF0021|5|EA|5400|KRW|27000|20130628|1300|
C|005186|2013|50000144040027|001|4300000278|00180|CMZ0006|10|EA|1155|KRW|11550|20130628|1300|
C|005186|2013|50000144040028|001|4300000278|00190|CMZ0014|2|EA|23300|KRW|46600|20130628|1300|
C|005186|2013|50000144040029|001|4300000279|00010|CMA0001|300|EA|240|KRW|72000|20130628|1300|
C|005186|2013|50000144040030|001|4300000279|00020|CMA0004|50|EA|2780|KRW|139000|20130628|1300|
C|005186|2013|50000144040031|001|4300000279|00030|CMA0005|100|EA|2470|KRW|247000|20130628|1300|
C|005186|2013|50000144040032|001|4300000279|00040|CMA0007|150|EA|270|KRW|40500|20130628|1300|
C|005186|2013|50000144040033|001|4300000279|00050|CMA0008|100|EA|690|KRW|69000|20130628|1300|
C|005186|2013|50000144040034|001|4300000279|00060|CMB0001|50|EA|655|KRW|32750|20130628|1300|
C|005186|2013|50000144040035|001|4300000279|00070|CMB0002|100|EA|2420|KRW|242000|20130628|1300|
C|005186|2013|50000144040036|001|4300000279|00080|CMC0003|50|EA|340|KRW|17000|20130628|1300|
C|005186|2013|50000144040037|001|4300000279|00090|CMC0004|50|EA|980|KRW|49000|20130628|1300|
C|005186|2013|50000144040038|001|4300000279|00120|CME0001|18|EA|4910|KRW|88380|20130628|1300|
C|005186|2013|50000144040039|001|4300000279|00130|CME0002|100|EA|2300|KRW|230000|20130628|1300|
C|005186|2013|50000144040040|001|4300000279|00140|CME0008|18|EA|4410|KRW|79380|20130628|1300|
C|005186|2013|50000144040041|001|4300000279|00150|CME0010|100|EA|285|KRW|28500|20130628|1300|
C|005186|2013|50000144040042|001|4300000279|00170|CMH0007|3|EA|11700|KRW|35100|20130628|1300|
C|005186|2013|50000144040043|001|4300000279|00180|CMZ0002|20|EA|430|KRW|8600|20130628|1300|
C|005186|2013|50000144040044|001|4300000279|00190|CMZ0004|10|EA|380|KRW|3800|20130628|1300|
C|005186|2013|50000144040045|001|4300000279|00200|CMZ0005|10|EA|750|KRW|7500|20130628|1300|
C|005186|2013|50000144040046|001|4300000279|00210|CMZ0006|5|EA|1155|KRW|5775|20130628|1300|
C|005186|2013|50000144040047|001|4300000279|00220|CMZ0005|5|EA|750|KRW|3750|20130628|1300|
