C|005186|2019|50004685840001|001|4300012191|00020|CMD0011|2|EA|24100|KRW|48200|20190115|1300|
C|005186|2019|50004685840002|001|4300012191|00030|CMF0005|5|EA|18700|KRW|93500|20190115|1300|
C|005186|2019|50004685840003|001|4300012191|00070|CMB0001|160|EA|520|KRW|83200|20190115|1300|
C|005186|2019|50004685840004|001|4300012191|00080|CMA0008|200|EA|470|KRW|94000|20190115|1300|
C|005186|2019|50004685840005|001|4300012191|00090|CMA0001|400|EA|151|KRW|60400|20190115|1300|
C|005186|2019|50004685850001|001|4300012169|00030|CMC0005|20|EA|150|KRW|3000|20190115|1300|
C|005186|2019|50004685850002|001|4300012169|00040|CMC0003|20|EA|310|KRW|6200|20190115|1300|
C|005186|2019|50004685850003|001|4300012169|00060|CMB0003|40|EA|2200|KRW|88000|20190115|1300|
C|005186|2019|50004685850004|001|4300012169|00070|CMB0001|100|EA|520|KRW|52000|20190115|1300|
C|005186|2019|50004685850005|001|4300012169|00080|CMA0008|100|EA|470|KRW|47000|20190115|1300|
C|005186|2019|50004685850006|001|4300012169|00090|CMA0001|200|EA|151|KRW|30200|20190115|1300|
C|005186|2019|50004685850007|001|4300012169|00100|CMA0007|200|EA|151|KRW|30200|20190115|1300|
C|005186|2019|50004685860001|001|4300012167|00010|CMA0001|100|EA|151|KRW|15100|20190115|1300|
C|005186|2019|50004685860002|001|4300012167|00020|CMA0007|60|EA|151|KRW|9060|20190115|1300|
C|005186|2019|50004685860003|001|4300012167|00030|CMA0008|60|EA|470|KRW|28200|20190115|1300|
C|005186|2019|50004685860004|001|4300012167|00040|CMB0001|80|EA|520|KRW|41600|20190115|1300|
C|005186|2019|50004685860005|001|4300012167|00050|CMC0003|20|EA|310|KRW|6200|20190115|1300|
C|005186|2019|50004685860006|001|4300012167|00080|CMF0005|3|EA|18700|KRW|56100|20190115|1300|
C|005186|2019|50004685870001|001|4300012198|00010|CMA0007|100|EA|151|KRW|15100|20190115|1300|
C|005186|2019|50004685870002|001|4300012198|00030|CMD0016|1|EA|29000|KRW|29000|20190115|1300|
C|005186|2019|50004685880001|001|4300012197|00030|CMA0001|100|EA|151|KRW|15100|20190115|1300|
C|005186|2019|50004685880002|001|4300012197|00040|CMA0007|300|EA|151|KRW|45300|20190115|1300|
C|005186|2019|50004685880003|001|4300012197|00050|CMD0016|2|EA|29000|KRW|58000|20190115|1300|
C|005186|2019|50004685890001|001|4300012170|00020|CMA0008|20|EA|470|KRW|9400|20190115|1300|
C|005186|2019|50004685890002|001|4300012170|00030|CMA0017|20|EA|770|KRW|15400|20190115|1300|
C|005186|2019|50004685890003|001|4300012170|00050|CMA0007|150|EA|151|KRW|22650|20190115|1300|
C|005186|2019|50004685890004|001|4300012170|00070|CMA0001|300|EA|151|KRW|45300|20190115|1300|
C|005186|2019|50004686100001|001|4300012185|00020|CMA0001|100|EA|151|KRW|15100|20190115|1300|
C|005186|2019|50004686100002|001|4300012185|00030|CMA0007|400|EA|151|KRW|60400|20190115|1300|
C|005186|2019|50004686100003|001|4300012185|00040|CMF0005|5|EA|18700|KRW|93500|20190115|1300|
C|005186|2019|50004686100004|001|4300012185|00050|CMA0008|100|EA|470|KRW|47000|20190115|1300|
C|005186|2019|50004686100005|001|4300012185|00080|CMD0016|1|EA|29000|KRW|29000|20190115|1300|
C|005186|2019|50004686110001|001|4300012187|00020|CMD0016|1|EA|29000|KRW|29000|20190115|1300|
C|005186|2019|50004686110002|001|4300012187|00030|CMD0017|3|EA|23760|KRW|71280|20190115|1300|
C|005186|2019|50004686110003|001|4300012187|00060|CMB0002|100|EA|2100|KRW|210000|20190115|1300|
C|005186|2019|50004686110004|001|4300012187|00080|CMB0001|150|EA|520|KRW|78000|20190115|1300|
C|005186|2019|50004686110005|001|4300012187|00100|CMA0001|200|EA|151|KRW|30200|20190115|1300|
C|005186|2019|50004686110006|001|4300012187|00110|CMC0005|100|EA|150|KRW|15000|20190115|1300|
C|005186|2019|50004686120001|001|4300012193|00070|CMF0005|10|EA|18700|KRW|187000|20190115|1300|
C|005186|2019|50004686120002|001|4300012193|00080|CMC0002|10|EA|10300|KRW|103000|20190115|1300|
C|005186|2019|50004686120003|001|4300012193|00110|CMA0017|50|EA|770|KRW|38500|20190115|1300|
C|005186|2019|50004686120004|001|4300012193|00130|CME0002|100|EA|1100|KRW|110000|20190115|1300|
C|005186|2019|50004686120005|001|4300012193|00140|CMA0008|50|EA|470|KRW|23500|20190115|1300|
C|005186|2019|50004686120006|001|4300012193|00150|CMC0003|50|EA|310|KRW|15500|20190115|1300|
C|005186|2019|50004686120007|001|4300012193|00170|CMB0002|120|EA|2100|KRW|252000|20190115|1300|
C|005186|2019|50004686120008|001|4300012193|00180|CMB0003|120|EA|2200|KRW|264000|20190115|1300|
C|005186|2019|50004686120009|001|4300012193|00190|CMC0005|100|EA|150|KRW|15000|20190115|1300|
C|005186|2019|50004686120010|001|4300012193|00210|CMA0001|600|EA|151|KRW|90600|20190115|1300|
C|005186|2019|50004686120011|001|4300012193|00220|CMA0007|300|EA|151|KRW|45300|20190115|1300|
C|005186|2019|50004686130001|001|4300012285|00010|CMD0016|3|EA|29000|KRW|87000|20190115|1300|
