C|005186|2017|50003251990001|001|4300006888|00020|UGBC0168|20|EA|1680|KRW|33600|20170227|1300|
C|005186|2017|50003251990002|001|4300006888|00030|UGBC0177|10|EA|18900|KRW|189000|20170227|1300|
C|005186|2017|50003251990003|001|4300006888|00040|UGBC0164|30|EA|440|KRW|13200|20170227|1300|
C|005186|2017|50003251990004|001|4300006888|00050|UGBC0165|30|EA|530|KRW|15900|20170227|1300|
C|005186|2017|50003251990005|001|4300006888|00080|UCIC0114|2|EA|84000|KRW|168000|20170227|1300|
C|005186|2017|50003251990006|001|4300006936|00010|UGBC1492|5|EA|84800|KRW|424000|20170227|1300|
C|005186|2017|50003251990007|001|4300006936|00020|UGBC1260|1|EA|458000|KRW|458000|20170227|1300|
C|005186|2017|50003251990008|001|4300006936|00030|UCIC0031|1|EA|432640|KRW|432640|20170227|1300|
C|005186|2017|50003251990009|001|4300006941|00010|UGBC0233|30|EA|1370|KRW|41100|20170227|1300|
C|005186|2017|50003251990010|001|4300006941|00020|UGBC0380|10|EA|2940|KRW|29400|20170227|1300|
C|005186|2017|50003251990011|001|4300006941|00030|UGBC0384|10|EA|3780|KRW|37800|20170227|1300|
C|005186|2017|50003251990012|001|4300006941|00040|UGBC0382|5|EA|6510|KRW|32550|20170227|1300|
C|005186|2017|50003251990013|001|4300006941|00050|UGBC0323|20|EA|2210|KRW|44200|20170227|1300|
C|005186|2017|50003251990014|001|4300006942|00010|UGBC0167|20|EA|860|KRW|17200|20170227|1300|
C|005186|2017|50003251990015|001|4300006942|00020|UGBC0200|10|EA|4100|KRW|41000|20170227|1300|
C|005186|2017|50003251990016|001|4300006942|00030|UGBC1139|10|EA|3780|KRW|37800|20170227|1300|
C|005186|2017|50003251990017|001|4300006942|00040|UGBC0127|10|EA|1010|KRW|10100|20170227|1300|
C|005186|2017|50003251990018|001|4300006942|00050|UGBC0196|10|EA|6930|KRW|69300|20170227|1300|
C|005186|2017|50003251990019|001|4300006942|00060|UGBC1085|10|EA|12600|KRW|126000|20170227|1300|
C|005186|2017|50003252400001|001|4300006879|00010|UALC0093|4|EA|246700|KRW|986800|20170227|1300|
C|005186|2017|50003252400002|001|4300006879|00020|UALC0109|6|EA|59800|KRW|358800|20170227|1300|
C|005186|2017|50003252410001|001|4300006880|00010|UALC0094|18|EA|62800|KRW|1130400|20170227|1300|
C|005186|2017|50003252420001|001|4300006926|00010|UALC0118|6000|EA|110|KRW|0|20170227|1300|
C|005186|2017|50003252420002|001|4300006926|00020|UALC0119|3000|EA|20|KRW|0|20170227|1300|
C|005186|2017|50003252430001|001|4300007004|00070|CMF0005|1|EA|18700|KRW|18700|20170227|1300|
C|005186|2017|50003252430002|001|4300007006|00120|CMF0005|4|EA|18700|KRW|74800|20170227|1300|
C|005186|2017|50003252430003|001|4300007007|00070|CMF0005|6|EA|18700|KRW|112200|20170227|1300|
C|005186|2017|50003252430004|001|4300007013|00060|CMF0005|3|EA|18700|KRW|56100|20170227|1300|
C|005186|2017|50003252440001|001|4300007002|00080|CMF0004|2|EA|17000|KRW|34000|20170227|1300|
C|005186|2017|50003252450001|001|4300006999|00090|CMD0011|21|EA|24100|KRW|506100|20170227|1300|
C|005186|2017|50003252450002|001|4300006999|00100|CMD0016|5|EA|29000|KRW|145000|20170227|1300|
C|005186|2017|50003252450003|001|4300007006|00060|CMD0012|1|EA|22000|KRW|22000|20170227|1300|
C|005186|2017|50003252450004|001|4300007008|00040|CMD0016|2|EA|29000|KRW|58000|20170227|1300|
C|005186|2017|50003252450005|001|4300007008|00050|CMD0011|3|EA|24100|KRW|72300|20170227|1300|
C|005186|2017|50003252450006|001|4300007009|00080|CMD0016|3|EA|29000|KRW|87000|20170227|1300|
C|005186|2017|50003252450007|001|4300007012|00070|CMD0011|3|EA|24100|KRW|72300|20170227|1300|
C|005186|2017|50003252450008|001|4300007012|00080|CMD0012|1|EA|22000|KRW|22000|20170227|1300|
