C|005186|2020|50005803240001|001|4300017458|00010|UGBC0874|20|EA|99750|KRW|1995000|20200730|1300|
C|005186|2020|50005803240002|001|4300017488|00020|UIDC0051|1|EA|185000|KRW|185000|20200730|1300|
C|005186|2020|50005803240003|001|4300017502|00020|UIDC0051|1|EA|185000|KRW|185000|20200730|1300|
C|005186|2020|50005803240004|001|4300017503|00040|UIDC0089|1|EA|65300|KRW|65300|20200730|1300|
C|005186|2020|50005803240005|001|4300017503|00050|UIDC0088|1|EA|52500|KRW|52500|20200730|1300|
C|005186|2020|50005803250001|001|4300017365|00060|UHTC0752|15|EA|37000|KRW|555000|20200730|1300|
C|005186|2020|50005803250002|001|4300017502|00060|UIDC0143|1|EA|437220|KRW|437220|20200730|1300|
C|005186|2020|50005803260001|001|4300017542|00020|UHTC0870|4|EA|85800|KRW|343200|20200730|1300|
C|005186|2020|50005803260002|001|4300017542|00050|UHTC0881|1|EA|72330|KRW|72330|20200730|1300|
C|005186|2020|50005803260003|001|4300017545|00010|UDCC0065|1|EA|191100|KRW|191100|20200730|1300|
C|005186|2020|50005803260004|001|4300017546|00070|UHTC0870|3|EA|85800|KRW|257400|20200730|1300|
C|005186|2020|50005803270001|001|4300017174|00010|UHTC0894|3|EA|32600|KRW|97800|20200730|1300|
C|005186|2020|50005803270002|001|4300017186|00010|UHTC0541|4|EA|82100|KRW|328400|20200730|1300|
C|005186|2020|50005803280001|001|4300017544|00010|UEBC0513|3|EA|7060|KRW|21180|20200730|1300|
C|005186|2020|50005803280002|001|4300017546|00020|UCIC0031|1|EA|432640|KRW|432640|20200730|1300|
C|005186|2020|50005803280003|001|4300017546|00040|UAGC0003|40|EA|18200|KRW|72800|20200730|1300|
C|005186|2020|50005803280004|001|4300017546|00050|UADC0077|2|EA|5796|KRW|11592|20200730|1300|
C|005186|2020|50005803280005|001|4300017546|00060|UADC0078|2|EA|7670|KRW|15340|20200730|1300|
C|005186|2020|50005803290001|001|4300017542|00030|UEBC0263|3|EA|36120|KRW|108360|20200730|1300|
C|005186|2020|50005803290002|001|4300017547|00020|KS067004|10|EA|2000|KRW|20000|20200730|1300|
C|005186|2020|50005803290003|001|4300017547|00030|KS066904|10|EA|2000|KRW|20000|20200730|1300|
C|005186|2020|50005803290004|001|4300017547|00040|KS064102|8|EA|5860|KRW|46880|20200730|1300|
C|005186|2020|50005803290005|001|4300017547|00050|KS080711|10|EA|32300|KRW|323000|20200730|1300|
C|005186|2020|50005803290006|001|4300017567|00010|UAEC0463|10|EA|840000|KRW|0|20200730|1300|
C|005186|2020|50005803290007|001|4300017576|00040|UGBC0766|20|EA|6500|KRW|13000|20200730|1300|
C|005186|2020|50005803290008|001|4300017576|00050|UGBC0768|10|EA|6090|KRW|6090|20200730|1300|
C|005186|2020|50005803290009|001|4300017576|00060|UGBC0782|30|EA|7200|KRW|21600|20200730|1300|
C|005186|2020|50005803290010|001|4300017577|00030|UDCC0048|1|EA|1063160|KRW|1063160|20200730|1300|
C|005186|2020|50005803290011|001|4300017577|00040|UDEC0109|2|EA|344500|KRW|689000|20200730|1300|
C|005186|2020|50005803300001|001|4300017571|00030|UAGC0373|5|EA|7480|KRW|37400|20200730|1300|
C|005186|2020|50005803300002|001|4300017573|00010|UCKC0119|3|EA|241700|KRW|725100|20200730|1300|
C|005186|2020|50005803300003|001|4300017573|00020|UZZC0046|1|EA|444210|KRW|444210|20200730|1300|
C|005186|2020|50005803300004|001|4300017573|00030|UBBC0006|2|EA|103370|KRW|206740|20200730|1300|
C|005186|2020|50005803300005|001|4300017573|00070|UGCC0099|1|EA|36300|KRW|36300|20200730|1300|
C|005186|2020|50005803300006|001|4300017574|00010|UAEC0249|30|EA|3450|KRW|103500|20200730|1300|
C|005186|2020|50005803300007|001|4300017574|00040|UGCC0653|5|EA|36610|KRW|183050|20200730|1300|
C|005186|2020|50005803300008|001|4300017575|00010|UKEC0014|120|EA|61200|KRW|183600|20200730|1300|
C|005186|2020|50005803300009|001|4300017577|00010|UAEC0045|1|EA|16640|KRW|16640|20200730|1300|
C|005186|2020|50005803300010|001|4300017578|00010|UAGC0193|100|EA|162750|KRW|325500|20200730|1300|
C|005186|2020|50005803300011|001|4300017578|00040|UDEC0106|5|EA|230000|KRW|1150000|20200730|1300|
C|005186|2020|50005803300012|001|4300017578|00050|UGBC1709|50|EA|8900|KRW|44500|20200730|1300|
C|005186|2020|50005803300013|001|4300017578|00060|UAHC0020|1|EA|64370|KRW|64370|20200730|1300|
C|005186|2020|50005803510001|001|4300017566|00010|UAEC0349|4|EA|6963|KRW|0|20200730|1300|
C|005186|2020|50005803510002|001|4300017566|00020|UAEC0346|4|EA|8630|KRW|0|20200730|1300|
C|005186|2020|50005803510003|001|4300017566|00030|UAEC0024|4|EA|17640|KRW|0|20200730|1300|
C|005186|2020|50005803510004|001|4300017566|00040|UAEC0025|4|EA|8900|KRW|0|20200730|1300|
C|005186|2020|50005803510005|001|4300017566|00050|UAEC0026|4|EA|10940|KRW|0|20200730|1300|
C|005186|2020|50005803510006|001|4300017566|00060|UAEC0409|4|EA|11910|KRW|0|20200730|1300|
C|005186|2020|50005803510007|001|4300017566|00070|UAEC0027|4|EA|22580|KRW|0|20200730|1300|
C|005186|2020|50005803510008|001|4300017566|00080|UAEC0471|4|EA|14760|KRW|0|20200730|1300|
C|005186|2020|50005803510009|001|4300017566|00090|UAEC0453|4|EA|39900|KRW|0|20200730|1300|
C|005186|2020|50005803510010|001|4300017566|00110|UIEC0084|5|EA|11030|KRW|0|20200730|1300|
C|005186|2020|50005803510011|001|4300017566|00140|UKCC0003|20|EA|4520|KRW|0|20200730|1300|
C|005186|2020|50005803510012|001|4300017566|00150|UKCC0003|20|EA|4520|KRW|0|20200730|1300|
C|005186|2020|50005803510013|001|4300017569|00020|UGAC0065|3|EA|124800|KRW|0|20200730|1300|
C|005186|2020|50005803520001|001|4300017367|00010|UCIC0181|1|EA|1802000|KRW|1802000|20200730|1300|
C|005186|2020|50005803520002|001|4300017368|00020|UBCC0039|10|EA|37800|KRW|189000|20200730|1300|
C|005186|2020|50005803520003|001|4300017368|00030|UGBC1796|10|EA|15750|KRW|157500|20200730|1300|
C|005186|2020|50005803520004|001|4300017369|00010|UGBC1416|2|EA|300000|KRW|600000|20200730|1300|
C|005186|2020|50005803520005|001|4300017369|00020|UGBC1753|2|EA|138600|KRW|277200|20200730|1300|
C|005186|2020|50005803520006|001|4300017369|00030|UGBC0201|5|EA|194250|KRW|194250|20200730|1300|
C|005186|2020|50005803520007|001|4300017493|00010|UGCC1404|1|EA|1980000|KRW|1980000|20200730|1300|
C|005186|2020|50005803520008|001|4300017494|00040|UAJC0047|50|EA|4700|KRW|23500|20200730|1300|
C|005186|2020|50005803520009|001|4300017494|00050|UAJC0051|50|EA|6400|KRW|32000|20200730|1300|
C|005186|2020|50005803520010|001|4300017494|00060|UAJC0052|50|EA|8100|KRW|40500|20200730|1300|
C|005186|2020|50005803520011|001|4300017494|00080|UBCC0038|10|EA|89500|KRW|179000|20200730|1300|
C|005186|2020|50005803520012|001|4300017494|00100|UGBC1492|5|EA|424000|KRW|424000|20200730|1300|
C|005186|2020|50005803520013|001|4300017495|00010|UCIC0069|2|EA|787500|KRW|1575000|20200730|1300|
C|005186|2020|50005803520014|001|4300017574|00050|UAGC0471|20|EA|682500|KRW|1365000|20200730|1300|
C|005186|2020|50005803530001|001|4300017546|00030|UAGC0037|2|EA|21210|KRW|42420|20200730|1300|
C|005186|2020|50005803530002|001|4300017573|00040|UDBC0043|500|EA|35000|KRW|175000|20200730|1300|
C|005186|2020|50005803530003|001|4300017573|00050|UDBC0345|500|EA|12000|KRW|60000|20200730|1300|
C|005186|2020|50005803530004|001|4300017573|00060|UDBC0897|1000|EA|13000|KRW|130000|20200730|1300|
C|005186|2020|50005803530005|001|4300017577|00050|UEBC0445|10|EA|3940|KRW|39400|20200730|1300|
C|005186|2020|50005803540001|001|4300017566|00100|UDAC0012|300|EA|300000|KRW|0|20200730|1300|
C|005186|2020|50005803540002|001|4300017568|00010|UGCC0894|400|EA|300000|KRW|0|20200730|1300|
C|005186|2020|50005803540003|001|4300017571|00020|UEAC0171|1|EA|197000|KRW|197000|20200730|1300|
C|005186|2020|50005803540004|001|4300017572|00010|UEAC0097|1|EA|144900|KRW|144900|20200730|1300|
C|005186|2020|50005803540005|001|4300017573|00080|UEBC1103|20|EA|92600|KRW|185200|20200730|1300|
C|005186|2020|50005803540006|001|4300017576|00010|UEBC0389|2|EA|4230|KRW|8460|20200730|1300|
C|005186|2020|50005803540007|001|4300017576|00020|UEAC1171|1|EA|1236920|KRW|1236920|20200730|1300|
C|005186|2020|50005803540008|001|4300017576|00030|UEBC1638|2|EA|91700|KRW|183400|20200730|1300|
C|005186|2020|50005803540009|001|4300017577|00020|UADC0051|1|EA|5380|KRW|5380|20200730|1300|
C|005186|2020|50005803540010|001|4300017578|00020|UDAC0279|20|EA|63|KRW|1260|20200730|1300|
C|005186|2020|50005803540011|001|4300017578|00030|UEBC0242|20|EA|17650|KRW|70600|20200730|1300|
C|005186|2020|50005803550001|001|4300017594|00010|UDDC3894|8|EA|16800|KRW|134400|20200730|1300|
C|005186|2020|50005803550002|001|4300017594|00040|UAGC0437|7|EA|18520|KRW|129640|20200730|1300|
C|005186|2020|50005803550003|001|4300017594|00050|UAGC0222|1|EA|55840|KRW|55840|20200730|1300|
C|005186|2020|50005803550004|001|4300017595|00110|UDDC0038|10|EA|3050|KRW|30500|20200730|1300|
C|005186|2020|50005803550005|001|4300017595|00120|UGCC0554|2|EA|29200|KRW|58400|20200730|1300|
