C|005186|2020|50006022390001|001|4300018526|00020|UEBC0754|50|EA|73500|KRW|367500|20201123|1300|
C|005186|2020|50006022400001|001|4300018451|00010|UGCC1833|5|EA|278250|KRW|1391250|20201123|1300|
C|005186|2020|50006022400002|001|4300018452|00010|UGCC1834|5|EA|278250|KRW|1391250|20201123|1300|
C|005186|2020|50006022400003|001|4300018563|00020|UAEC0483|2|EA|43960|KRW|87920|20201123|1300|
C|005186|2020|50006022400004|001|4300018565|00030|UGCC0503|1|EA|66200|KRW|66200|20201123|1300|
C|005186|2020|50006022400005|001|4300018565|00040|UGCC0504|1|EA|66200|KRW|66200|20201123|1300|
C|005186|2020|50006022400006|001|4300018566|00060|UAGC0023|50|EA|16600|KRW|83000|20201123|1300|
C|005186|2020|50006022400007|001|4300018566|00110|UKEC0010|40|EA|61200|KRW|61200|20201123|1300|
C|005186|2020|50006022400008|001|4300018566|00120|UKEC0014|40|EA|61200|KRW|61200|20201123|1300|
C|005186|2020|50006022400009|001|4300018573|00070|UAAC0015|5|EA|43950|KRW|43950|20201123|1300|
C|005186|2020|50006022400010|001|4300018586|00050|UIEC0083|20|EA|17790|KRW|355800|20201123|1300|
C|005186|2020|50006022400011|001|4300018587|00020|UGAC0083|1|EA|33500|KRW|33500|20201123|1300|
C|005186|2020|50006022400012|001|4300018588|00040|UGCC0623|2|EA|35300|KRW|70600|20201123|1300|
C|005186|2020|50006022400013|001|4300018589|00030|UKBC0014|1|EA|52500|KRW|52500|20201123|1300|
C|005186|2020|50006022400014|001|4300018589|00040|UGBC1410|1|EA|58300|KRW|58300|20201123|1300|
C|005186|2020|50006022400015|001|4300018589|00150|UAGC0025|2|EA|6060|KRW|12120|20201123|1300|
C|005186|2020|50006022400016|001|4300018591|00020|UZZC0089|400|EA|20000|KRW|80000|20201123|1300|
C|005186|2020|50006023210001|001|4300018522|00010|KE030011|5|EA|8190|KRW|40950|20201123|1300|
C|005186|2020|50006023210002|001|4300018522|00020|KE030116|1|EA|157500|KRW|157500|20201123|1300|
C|005186|2020|50006023210003|001|4300018522|00030|KE030123|1|EA|31500|KRW|31500|20201123|1300|
C|005186|2020|50006023210004|001|4300018522|00040|KE030200|5|EA|15230|KRW|76150|20201123|1300|
C|005186|2020|50006023210005|001|4300018522|00050|KE030206|2|EA|16380|KRW|32760|20201123|1300|
C|005186|2020|50006023210006|001|4300018522|00060|KE030209|1|EA|74450|KRW|74450|20201123|1300|
C|005186|2020|50006023210007|001|4300018522|00070|KE050207|2|EA|6930|KRW|13860|20201123|1300|
C|005186|2020|50006023210008|001|4300018522|00080|KE050302|15|EA|1160|KRW|17400|20201123|1300|
C|005186|2020|50006023210009|001|4300018522|00090|KE090101|2|EA|24680|KRW|49360|20201123|1300|
C|005186|2020|50006023210010|001|4300018522|00100|KE090102|3|EA|15430|KRW|46290|20201123|1300|
C|005186|2020|50006023210011|001|4300018522|00110|KE090165|1|EA|165900|KRW|165900|20201123|1300|
C|005186|2020|50006023210012|001|4300018522|00120|KE210001|2|EA|53030|KRW|106060|20201123|1300|
C|005186|2020|50006023210013|001|4300018522|00130|KE231001|14|EA|16150|KRW|226100|20201123|1300|
C|005186|2020|50006023210014|001|4300018522|00140|KE231406|8|EA|7140|KRW|57120|20201123|1300|
C|005186|2020|50006023210015|001|4300018522|00150|KE270300|120|EA|9400|KRW|56400|20201123|1300|
C|005186|2020|50006023210016|001|4300018522|00160|KE280401|8|EA|20800|KRW|166400|20201123|1300|
C|005186|2020|50006023210017|001|4300018522|00170|KE281401|30|EA|840|KRW|25200|20201123|1300|
C|005186|2020|50006023210018|001|4300018522|00180|KE110200|10|EA|65100|KRW|651000|20201123|1300|
C|005186|2020|50006023210019|001|4300018523|00010|KE110100|10|EA|124000|KRW|1240000|20201123|1300|
C|005186|2020|50006023210020|001|4300018524|00010|KE110100|10|EA|124000|KRW|1240000|20201123|1300|
C|005186|2020|50006023220001|001|4300018527|00010|UEAC0184|2|EA|379480|KRW|758960|20201123|1300|
C|005186|2020|50006023220002|001|4300018527|00020|UHFC0416|1|EA|243160|KRW|243160|20201123|1300|
C|005186|2020|50006023220003|001|4300018544|00010|UEAC0184|5|EA|379480|KRW|1897400|20201123|1300|
C|005186|2020|50006023220004|001|4300018547|00010|UHNC0105|2|EA|484000|KRW|968000|20201123|1300|
C|005186|2020|50006023220005|001|4300018547|00020|UHNC0136|1|EA|947380|KRW|947380|20201123|1300|
C|005186|2020|50006023220006|001|4300018548|00010|UHNC0062|1|EA|1501500|KRW|1501500|20201123|1300|
C|005186|2020|50006023230001|001|4300018517|00010|UHTC0802|10|EA|249100|KRW|498200|20201123|1300|
C|005186|2020|50006023230002|001|4300018517|00020|UHTC0517|2|EA|81060|KRW|162120|20201123|1300|
C|005186|2020|50006023230003|001|4300018517|00030|UHTC0348|5|EA|259875|KRW|259875|20201123|1300|
C|005186|2020|50006023230004|001|4300018518|00010|UHTC0349|5|EA|250950|KRW|250950|20201123|1300|
C|005186|2020|50006023230005|001|4300018518|00020|UHHC0156|1|EA|940800|KRW|940800|20201123|1300|
C|005186|2020|50006023230006|001|4300018518|00030|UHTC0772|20|EA|466400|KRW|466400|20201123|1300|
C|005186|2020|50006023230007|001|4300018545|00010|UHTC0250|20|EA|887300|KRW|1774600|20201123|1300|
C|005186|2020|50006023230008|001|4300018546|00010|UHGC0010|2|EA|50520|KRW|101040|20201123|1300|
C|005186|2020|50006023230009|001|4300018546|00020|UHGC0114|2|EA|257000|KRW|514000|20201123|1300|
C|005186|2020|50006023230010|001|4300018546|00030|UHDC0057|10|EA|13800|KRW|138000|20201123|1300|
C|005186|2020|50006023240001|001|4300018563|00030|UEBC1720|1|EA|286200|KRW|286200|20201123|1300|
C|005186|2020|50006023240002|001|4300018565|00020|UEBC1008|20|EA|231000|KRW|231000|20201123|1300|
C|005186|2020|50006023240003|001|4300018566|00010|UDBC0804|3|EA|387200|KRW|1161600|20201123|1300|
C|005186|2020|50006023240004|001|4300018566|00020|UAEC0234|1|EA|61580|KRW|61580|20201123|1300|
C|005186|2020|50006023240005|001|4300018566|00070|UDBC1128|100|EA|1300|KRW|13000|20201123|1300|
C|005186|2020|50006023240006|001|4300018566|00080|UEBC1300|100|EA|38000|KRW|190000|20201123|1300|
C|005186|2020|50006023240007|001|4300018566|00100|UEBC1724|1|EA|92400|KRW|92400|20201123|1300|
C|005186|2020|50006023240008|001|4300018568|00020|UEBC1426|4|EA|50800|KRW|203200|20201123|1300|
C|005186|2020|50006023240009|001|4300018569|00010|UEBC1276|7|EA|206700|KRW|1446900|20201123|1300|
C|005186|2020|50006023240010|001|4300018570|00010|UEBC1806|4|EA|354900|KRW|1419600|20201123|1300|
C|005186|2020|50006023240011|001|4300018571|00010|UEBC1806|4|EA|354900|KRW|1419600|20201123|1300|
C|005186|2020|50006023240012|001|4300018572|00010|UEBC1805|20|EA|93870|KRW|1877400|20201123|1300|
C|005186|2020|50006023240013|001|4300018573|00040|UDBC0349|300|EA|6000|KRW|18000|20201123|1300|
C|005186|2020|50006023240014|001|4300018573|00060|UEBC0182|1|EA|111560|KRW|111560|20201123|1300|
C|005186|2020|50006023240015|001|4300018573|00080|UEAC1146|1|EA|1410000|KRW|1410000|20201123|1300|
C|005186|2020|50006023240016|001|4300018574|00020|UGCC1190|10|EA|6400|KRW|6400|20201123|1300|
C|005186|2020|50006023240017|001|4300018574|00040|UEBC0774|50|EA|5150|KRW|25750|20201123|1300|
C|005186|2020|50006023240018|001|4300018574|00100|UEBC0314|10|EA|58800|KRW|294000|20201123|1300|
C|005186|2020|50006023240019|001|4300018576|00010|UCKC0162|1|EA|1580000|KRW|1580000|20201123|1300|
C|005186|2020|50006023240020|001|4300018577|00010|UEBC1631|2|EA|675000|KRW|1350000|20201123|1300|
C|005186|2020|50006023240021|001|4300018578|00010|UEBC1631|1|EA|675000|KRW|675000|20201123|1300|
C|005186|2020|50006023250001|001|4300018573|00010|UDFC0202|16|EA|2110|KRW|33760|20201123|1300|
C|005186|2020|50006023250002|001|4300018573|00020|UDFC0096|4|EA|6830|KRW|27320|20201123|1300|
C|005186|2020|50006023250003|001|4300018573|00030|UDFC0203|4|EA|640|KRW|2560|20201123|1300|
C|005186|2020|50006023250004|001|4300018573|00050|UKBC0011|20|EA|4410|KRW|88200|20201123|1300|
C|005186|2020|50006023250005|001|4300018574|00030|UADC0077|5|EA|5796|KRW|28980|20201123|1300|
C|005186|2020|50006023250006|001|4300018586|00010|UEBC1232|10|EA|47700|KRW|47700|20201123|1300|
C|005186|2020|50006023250007|001|4300018586|00020|UEBC0662|3|EA|99320|KRW|297960|20201123|1300|
C|005186|2020|50006023260001|001|4300018562|00010|UALC0027|10|EA|190800|KRW|381600|20201123|1300|
C|005186|2020|50006023260002|001|4300018562|00020|UALC0024|10|EA|132500|KRW|265000|20201123|1300|
C|005186|2020|50006023260003|001|4300018574|00050|UDBC0460|200|EA|10600|KRW|42400|20201123|1300|
C|005186|2020|50006023260004|001|4300018589|00020|UEBC0441|5|EA|29560|KRW|147800|20201123|1300|
C|005186|2020|50006023260005|001|4300018590|00010|UCAC0032|20|EA|223000|KRW|223000|20201123|1300|
C|005186|2020|50006023260006|001|4300018590|00020|UCAC0034|20|EA|223000|KRW|223000|20201123|1300|
C|005186|2020|50006023260007|001|4300018591|00010|UBBC0009|4|EA|617400|KRW|1234800|20201123|1300|
C|005186|2020|50006023270001|001|4300018586|00030|UAGC0383|150|EA|1010|KRW|151500|20201123|1300|
C|005186|2020|50006023270002|001|4300018586|00040|UAGC0206|500|EA|25200|KRW|252000|20201123|1300|
C|005186|2020|50006023270003|001|4300018586|00060|UAKC0012|2|EA|9080|KRW|18160|20201123|1300|
C|005186|2020|50006023270004|001|4300018586|00070|UEBC1512|12|EA|25310|KRW|303720|20201123|1300|
C|005186|2020|50006023270005|001|4300018588|00030|UAEC0146|1|EA|84210|KRW|84210|20201123|1300|
C|005186|2020|50006023270006|001|4300018588|00050|UAKC0012|2|EA|9080|KRW|18160|20201123|1300|
C|005186|2020|50006023270007|001|4300018588|00060|UEBC1039|5|EA|16840|KRW|84200|20201123|1300|
C|005186|2020|50006023280001|001|4300018563|00010|UDBC0334|200|EA|6500|KRW|13000|20201123|1300|
C|005186|2020|50006023280002|001|4300018565|00050|UDBC0944|200|EA|50350|KRW|201400|20201123|1300|
C|005186|2020|50006023280003|001|4300018566|00030|UDBC0973|200|EA|1500|KRW|3000|20201123|1300|
C|005186|2020|50006023280004|001|4300018566|00040|UDBC0365|500|EA|1000|KRW|5000|20201123|1300|
C|005186|2020|50006023280005|001|4300018567|00010|UKEC0017|1|EA|61200|KRW|61200|20201123|1300|
C|005186|2020|50006023280006|001|4300018568|00010|UKEC0017|1|EA|61200|KRW|61200|20201123|1300|
C|005186|2020|50006023280007|001|4300018574|00060|UADC0156|3|EA|16800|KRW|50400|20201123|1300|
C|005186|2020|50006023280008|001|4300018574|00070|UADC0105|3|EA|28880|KRW|86640|20201123|1300|
C|005186|2020|50006023280009|001|4300018574|00120|UADC0169|3|EA|4530|KRW|13590|20201123|1300|
C|005186|2020|50006023280010|001|4300018575|00020|UEBC0468|20|EA|41250|KRW|165000|20201123|1300|
C|005186|2020|50006023290001|001|4300018563|00040|UGCC1279|5|EA|145400|KRW|727000|20201123|1300|
C|005186|2020|50006023290002|001|4300018564|00010|UGCC1432|5|EA|371000|KRW|1855000|20201123|1300|
C|005186|2020|50006023290003|001|4300018565|00010|UGCC0736|5|EA|156300|KRW|781500|20201123|1300|
C|005186|2020|50006023290004|001|4300018570|00020|UGBC1828|3|EA|87150|KRW|261450|20201123|1300|
C|005186|2020|50006023290005|001|4300018575|00010|UGCC1628|1|EA|1417500|KRW|1417500|20201123|1300|
C|005186|2020|50006023300001|001|4300018566|00050|UIDC0046|1|EA|69230|KRW|69230|20201123|1300|
C|005186|2020|50006023310001|001|4300018566|00090|UDDC0180|2|EA|15440|KRW|30880|20201123|1300|
C|005186|2020|50006023310002|001|4300018574|00010|UEBC0061|1|EA|619500|KRW|619500|20201123|1300|
C|005186|2020|50006023310003|001|4300018574|00080|UDCC0055|3|EA|62800|KRW|188400|20201123|1300|
C|005186|2020|50006023310004|001|4300018574|00090|UDCC0062|1|EA|103200|KRW|103200|20201123|1300|
C|005186|2020|50006023310005|001|4300018574|00110|UDDC0368|2|EA|193000|KRW|386000|20201123|1300|
C|005186|2020|50006023320001|001|4300018630|00010|UALC0049|10|EA|22100|KRW|221000|20201123|1300|
C|005186|2020|50006023320002|001|4300018630|00040|UAGC0559|2|EA|7690|KRW|15380|20201123|1300|
C|005186|2020|50006023320003|001|4300018630|00050|UAGC0502|5|EA|28830|KRW|144150|20201123|1300|
C|005186|2020|50006023320004|001|4300018630|00060|UAKC0020|5|EA|9660|KRW|48300|20201123|1300|
C|005186|2020|50006023320005|001|4300018630|00070|UAKC0001|3|EA|6090|KRW|18270|20201123|1300|
C|005186|2020|50006023320006|001|4300018635|00010|UDBC0346|300|EA|4600|KRW|13800|20201123|1300|
