C|005186|2015|50001238300001|001|4300001986|00060|CMA0017|20|EA|780|KRW|15600|20150115|1300|
C|005186|2015|50001238300002|001|4300001986|00180|CMF0001|5|EA|1680|KRW|8400|20150115|1300|
C|005186|2015|50001238300003|001|4300001986|00200|CMF0020|5|EA|700|KRW|3500|20150115|1300|
C|005186|2015|50001238300004|001|4300001986|00210|CMF0022|5|EA|5400|KRW|27000|20150115|1300|
C|005186|2015|50001238300005|001|4300001986|00240|CMZ0003|2|EA|1470|KRW|2940|20150115|1300|
C|005186|2015|50001238300006|001|4300001988|00050|CMA0017|10|EA|780|KRW|7800|20150115|1300|
C|005186|2015|50001238300007|001|4300001988|00110|CMF0001|10|EA|1680|KRW|16800|20150115|1300|
C|005186|2015|50001238300008|001|4300001988|00120|CMF0002|10|EA|1100|KRW|11000|20150115|1300|
C|005186|2015|50001238300009|001|4300001988|00140|CMF0020|10|EA|700|KRW|7000|20150115|1300|
C|005186|2015|50001238300010|001|4300001989|00020|CMA0002|10|EA|1530|KRW|15300|20150115|1300|
C|005186|2015|50001238300011|001|4300001989|00060|CMA0017|20|EA|780|KRW|15600|20150115|1300|
C|005186|2015|50001238300012|001|4300001989|00170|CMF0006|20|EA|11970|KRW|239400|20150115|1300|
C|005186|2015|50001238300013|001|4300001989|00180|CMF0021|2|EA|5400|KRW|10800|20150115|1300|
C|005186|2015|50001238300014|001|4300001989|00220|CMZ0032|1|EA|1970|KRW|1970|20150115|1300|
C|005186|2015|50001238300015|001|4300001990|00110|CMF0001|20|EA|1680|KRW|33600|20150115|1300|
C|005186|2015|50001238300016|001|4300001990|00120|CMF0004|1|EA|22050|KRW|22050|20150115|1300|
C|005186|2015|50001238300017|001|4300001990|00130|CMF0006|5|EA|11970|KRW|59850|20150115|1300|
C|005186|2015|50001238300018|001|4300001990|00140|CMF0008|5|EA|1785|KRW|8925|20150115|1300|
C|005186|2015|50001238300019|001|4300001990|00150|CMF0013|10|EA|760|KRW|7600|20150115|1300|
C|005186|2015|50001238300020|001|4300001990|00160|CMF0020|20|EA|700|KRW|14000|20150115|1300|
C|005186|2015|50001238300021|001|4300001990|00170|CMF0021|5|EA|5400|KRW|27000|20150115|1300|
C|005186|2015|50001238300022|001|4300001990|00220|CMZ0032|15|EA|1970|KRW|29550|20150115|1300|
C|005186|2015|50001238300023|001|4300001991|00100|CMF0006|1|EA|11970|KRW|11970|20150115|1300|
C|005186|2015|50001238300024|001|4300001991|00110|CMF0009|2|EA|5700|KRW|11400|20150115|1300|
C|005186|2015|50001238300025|001|4300001991|00120|CMF0021|2|EA|5400|KRW|10800|20150115|1300|
C|005186|2015|50001238300026|001|4300001992|00120|CMF0001|5|EA|1680|KRW|8400|20150115|1300|
C|005186|2015|50001238300027|001|4300001992|00140|CMF0006|1|EA|11970|KRW|11970|20150115|1300|
C|005186|2015|50001238300028|001|4300001992|00160|CMF0020|5|EA|700|KRW|3500|20150115|1300|
C|005186|2015|50001238300029|001|4300001992|00170|CMF0021|2|EA|5400|KRW|10800|20150115|1300|
C|005186|2015|50001238300030|001|4300001992|00220|CMZ0009|20|EA|740|KRW|14800|20150115|1300|
C|005186|2015|50001238300031|001|4300001992|00230|CMZ0014|1|EA|23300|KRW|23300|20150115|1300|
C|005186|2015|50001238300032|001|4300001992|00240|CMZ0032|2|EA|1970|KRW|3940|20150115|1300|
C|005186|2015|50001238300033|001|4300001994|00130|CMZ0014|1|EA|23300|KRW|23300|20150115|1300|
C|005186|2015|50001238300034|001|4300001996|00050|CMF0004|1|EA|22050|KRW|22050|20150115|1300|
C|005186|2015|50001238300035|001|4300001996|00070|CMZ0014|1|EA|23300|KRW|23300|20150115|1300|
C|005186|2015|50001238300036|001|4300001997|00110|CMF0001|10|EA|1680|KRW|16800|20150115|1300|
C|005186|2015|50001238300037|001|4300001997|00120|CMF0004|6|EA|22050|KRW|132300|20150115|1300|
C|005186|2015|50001238300038|001|4300001997|00140|CMF0007|10|EA|1780|KRW|17800|20150115|1300|
C|005186|2015|50001238300039|001|4300001997|00150|CMF0008|10|EA|1785|KRW|17850|20150115|1300|
C|005186|2015|50001238300040|001|4300001997|00160|CMF0009|10|EA|5700|KRW|57000|20150115|1300|
C|005186|2015|50001238300041|001|4300001997|00170|CMF0013|10|EA|760|KRW|7600|20150115|1300|
C|005186|2015|50001238300042|001|4300001997|00190|CMF0015|10|EA|500|KRW|5000|20150115|1300|
C|005186|2015|50001238300043|001|4300001997|00200|CMF0020|5|EA|700|KRW|3500|20150115|1300|
C|005186|2015|50001238300044|001|4300001997|00210|CMF0021|10|EA|5400|KRW|54000|20150115|1300|
C|005186|2015|50001238300045|001|4300001997|00220|CMF0022|10|EA|5400|KRW|54000|20150115|1300|
C|005186|2015|50001238300046|001|4300001997|00240|CMZ0003|20|EA|1470|KRW|29400|20150115|1300|
C|005186|2015|50001238300047|001|4300001997|00270|CMZ0014|3|EA|23300|KRW|69900|20150115|1300|
C|005186|2015|50001238300048|001|4300001998|00030|CMA0017|20|EA|780|KRW|15600|20150115|1300|
C|005186|2015|50001238300049|001|4300001998|00090|CMF0004|3|EA|22050|KRW|66150|20150115|1300|
C|005186|2015|50001238300050|001|4300001998|00110|CMF0013|10|EA|760|KRW|7600|20150115|1300|
C|005186|2015|50001238310001|001|4300001990|00010|CMA0001|700|EA|240|KRW|168000|20150115|1300|
C|005186|2015|50001238310002|001|4300001990|00020|CMA0007|300|EA|270|KRW|81000|20150115|1300|
C|005186|2015|50001238310003|001|4300001990|00030|CMA0008|250|EA|690|KRW|172500|20150115|1300|
C|005186|2015|50001238310004|001|4300001990|00040|CMB0001|100|EA|655|KRW|65500|20150115|1300|
C|005186|2015|50001238310005|001|4300001990|00050|CMB0003|100|EA|2420|KRW|242000|20150115|1300|
C|005186|2015|50001238310006|001|4300001990|00060|CMB0010|100|EA|1100|KRW|110000|20150115|1300|
C|005186|2015|50001238310007|001|4300001990|00070|CMC0002|5|EA|9350|KRW|46750|20150115|1300|
C|005186|2015|50001238310008|001|4300001990|00080|CMC0005|200|EA|190|KRW|38000|20150115|1300|
C|005186|2015|50001238310009|001|4300001990|00100|CME0005|10|EA|3465|KRW|34650|20150115|1300|
C|005186|2015|50001238310010|001|4300001991|00010|CMA0001|200|EA|240|KRW|48000|20150115|1300|
C|005186|2015|50001238310011|001|4300001991|00020|CMA0007|250|EA|270|KRW|67500|20150115|1300|
C|005186|2015|50001238310012|001|4300001991|00030|CMA0008|20|EA|690|KRW|13800|20150115|1300|
C|005186|2015|50001238310013|001|4300001991|00040|CMA0016|20|EA|2840|KRW|56800|20150115|1300|
C|005186|2015|50001238310014|001|4300001991|00050|CMB0002|100|EA|2420|KRW|242000|20150115|1300|
C|005186|2015|50001238310015|001|4300001991|00060|CMC0005|10|EA|190|KRW|1900|20150115|1300|
C|005186|2015|50001238310016|001|4300001991|00070|CME0001|12|EA|4910|KRW|58920|20150115|1300|
C|005186|2015|50001238310017|001|4300001991|00080|CME0010|20|EA|285|KRW|5700|20150115|1300|
C|005186|2015|50001238310018|001|4300001991|00130|CMH0007|3|EA|11700|KRW|35100|20150115|1300|
C|005186|2015|50001238310019|001|4300001992|00010|CMA0001|300|EA|240|KRW|72000|20150115|1300|
C|005186|2015|50001238310020|001|4300001992|00020|CMA0007|100|EA|270|KRW|27000|20150115|1300|
C|005186|2015|50001238310021|001|4300001992|00030|CMA0008|200|EA|690|KRW|138000|20150115|1300|
C|005186|2015|50001238310022|001|4300001992|00040|CMA0016|10|EA|2840|KRW|28400|20150115|1300|
C|005186|2015|50001238310023|001|4300001992|00050|CMB0001|120|EA|655|KRW|78600|20150115|1300|
C|005186|2015|50001238310024|001|4300001992|00060|CMB0002|20|EA|2420|KRW|48400|20150115|1300|
C|005186|2015|50001238310025|001|4300001992|00070|CMB0003|20|EA|2420|KRW|48400|20150115|1300|
C|005186|2015|50001238310026|001|4300001992|00080|CMC0002|3|EA|9350|KRW|28050|20150115|1300|
C|005186|2015|50001238310027|001|4300001992|00090|CMC0005|30|EA|190|KRW|5700|20150115|1300|
C|005186|2015|50001238310028|001|4300001992|00100|CMC0007|2|EA|12100|KRW|24200|20150115|1300|
C|005186|2015|50001238310029|001|4300001992|00110|CME0010|50|EA|285|KRW|14250|20150115|1300|
C|005186|2015|50001238310030|001|4300001994|00010|CMA0001|300|EA|240|KRW|72000|20150115|1300|
C|005186|2015|50001238310031|001|4300001994|00020|CMA0015|100|EA|2830|KRW|283000|20150115|1300|
C|005186|2015|50001238310032|001|4300001994|00030|CMA0016|150|EA|2840|KRW|426000|20150115|1300|
C|005186|2015|50001238310033|001|4300001994|00040|CMB0001|240|EA|655|KRW|157200|20150115|1300|
C|005186|2015|50001238310034|001|4300001994|00050|CMB0002|120|EA|2420|KRW|290400|20150115|1300|
C|005186|2015|50001238310035|001|4300001994|00060|CMC0005|50|EA|190|KRW|9500|20150115|1300|
C|005186|2015|50001238310036|001|4300001994|00070|CMD0001|3|EA|9555|KRW|28665|20150115|1300|
C|005186|2015|50001238310037|001|4300001994|00090|CME0001|20|EA|4910|KRW|98200|20150115|1300|
C|005186|2015|50001238310038|001|4300001994|00100|CME0002|20|EA|2300|KRW|46000|20150115|1300|
C|005186|2015|50001238310039|001|4300001994|00110|CME0003|20|EA|5400|KRW|108000|20150115|1300|
C|005186|2015|50001238310040|001|4300001994|00120|CME0010|200|EA|285|KRW|57000|20150115|1300|
C|005186|2015|50001238320001|001|4300001997|00010|CMA0001|400|EA|240|KRW|96000|20150115|1300|
C|005186|2015|50001238320002|001|4300001997|00020|CMA0007|200|EA|270|KRW|54000|20150115|1300|
C|005186|2015|50001238320003|001|4300001997|00030|CMA0015|50|EA|2830|KRW|141500|20150115|1300|
C|005186|2015|50001238320004|001|4300001997|00040|CMA0016|200|EA|2840|KRW|568000|20150115|1300|
C|005186|2015|50001238320005|001|4300001997|00050|CMB0010|480|EA|1100|KRW|528000|20150115|1300|
C|005186|2015|50001238320006|001|4300001997|00060|CMC0003|50|EA|340|KRW|17000|20150115|1300|
C|005186|2015|50001238320007|001|4300001997|00070|CMC0005|200|EA|190|KRW|38000|20150115|1300|
C|005186|2015|50001238320008|001|4300001997|00090|CME0002|50|EA|2300|KRW|115000|20150115|1300|
C|005186|2015|50001238320009|001|4300001997|00100|CME0010|200|EA|285|KRW|57000|20150115|1300|
C|005186|2015|50001238320010|001|4300001997|00230|CMH0007|5|EA|11700|KRW|58500|20150115|1300|
C|005186|2015|50001238330001|001|4300001998|00010|CMA0001|400|EA|240|KRW|96000|20150115|1300|
C|005186|2015|50001238330002|001|4300001998|00020|CMA0007|300|EA|270|KRW|81000|20150115|1300|
C|005186|2015|50001238330003|001|4300001998|00040|CMB0010|240|EA|1100|KRW|264000|20150115|1300|
C|005186|2015|50001238330004|001|4300001998|00050|CMC0003|50|EA|340|KRW|17000|20150115|1300|
C|005186|2015|50001238330005|001|4300001998|00070|CME0001|20|EA|4910|KRW|98200|20150115|1300|
C|005186|2015|50001238330006|001|4300001998|00080|CME0010|60|EA|285|KRW|17100|20150115|1300|
C|005186|2015|50001238340001|001|4300001989|00010|CMA0001|130|EA|240|KRW|31200|20150115|1300|
C|005186|2015|50001238340002|001|4300001989|00030|CMA0007|130|EA|270|KRW|35100|20150115|1300|
C|005186|2015|50001238340003|001|4300001989|00040|CMA0008|40|EA|690|KRW|27600|20150115|1300|
C|005186|2015|50001238340004|001|4300001989|00050|CMA0016|10|EA|2840|KRW|28400|20150115|1300|
C|005186|2015|50001238340005|001|4300001989|00070|CMB0001|20|EA|655|KRW|13100|20150115|1300|
C|005186|2015|50001238340006|001|4300001989|00080|CMB0003|180|EA|2420|KRW|435600|20150115|1300|
C|005186|2015|50001238340007|001|4300001989|00090|CME0001|11|EA|4910|KRW|54010|20150115|1300|
C|005186|2015|50001238340008|001|4300001989|00100|CME0002|5|EA|2300|KRW|11500|20150115|1300|
C|005186|2015|50001238340009|001|4300001989|00110|CME0006|3|EA|3400|KRW|10200|20150115|1300|
C|005186|2015|50001238340010|001|4300001989|00120|CME0010|10|EA|285|KRW|2850|20150115|1300|
C|005186|2015|50001238340011|001|4300001989|00130|CME0011|2|EA|480|KRW|960|20150115|1300|
C|005186|2015|50001238340012|001|4300001989|00140|CME0013|3|EA|20300|KRW|60900|20150115|1300|
C|005186|2015|50001238340013|001|4300001989|00190|CMH0007|1|EA|11700|KRW|11700|20150115|1300|
C|005186|2015|50001238350001|001|4300001988|00010|CMA0001|450|EA|240|KRW|108000|20150115|1300|
C|005186|2015|50001238350002|001|4300001988|00020|CMA0007|300|EA|270|KRW|81000|20150115|1300|
C|005186|2015|50001238350003|001|4300001988|00030|CMA0008|300|EA|690|KRW|207000|20150115|1300|
C|005186|2015|50001238350004|001|4300001988|00040|CMA0016|100|EA|2840|KRW|284000|20150115|1300|
C|005186|2015|50001238350005|001|4300001988|00060|CMB0001|300|EA|655|KRW|196500|20150115|1300|
C|005186|2015|50001238350006|001|4300001988|00070|CMB0010|300|EA|1100|KRW|330000|20150115|1300|
C|005186|2015|50001238350007|001|4300001988|00080|CMC0005|200|EA|190|KRW|38000|20150115|1300|
C|005186|2015|50001238350008|001|4300001988|00090|CME0002|30|EA|2300|KRW|69000|20150115|1300|
C|005186|2015|50001238350009|001|4300001988|00100|CME0010|180|EA|285|KRW|51300|20150115|1300|
C|005186|2015|50001238350010|001|4300001988|00150|CMH0007|5|EA|11700|KRW|58500|20150115|1300|
C|005186|2015|50001238360001|001|4300001986|00010|CMA0001|400|EA|240|KRW|96000|20150115|1300|
C|005186|2015|50001238360002|001|4300001986|00020|CMA0005|30|EA|2470|KRW|74100|20150115|1300|
C|005186|2015|50001238360003|001|4300001986|00030|CMA0007|300|EA|270|KRW|81000|20150115|1300|
C|005186|2015|50001238360004|001|4300001986|00040|CMA0008|100|EA|690|KRW|69000|20150115|1300|
C|005186|2015|50001238360005|001|4300001986|00050|CMA0016|30|EA|2840|KRW|85200|20150115|1300|
C|005186|2015|50001238360006|001|4300001986|00070|CMB0001|20|EA|655|KRW|13100|20150115|1300|
C|005186|2015|50001238360007|001|4300001986|00080|CMB0002|40|EA|2420|KRW|96800|20150115|1300|
C|005186|2015|50001238360008|001|4300001986|00090|CMB0010|40|EA|1100|KRW|44000|20150115|1300|
C|005186|2015|50001238360009|001|4300001986|00100|CMC0002|2|EA|9350|KRW|18700|20150115|1300|
C|005186|2015|50001238360010|001|4300001986|00110|CMC0005|100|EA|190|KRW|19000|20150115|1300|
C|005186|2015|50001238360011|001|4300001986|00150|CME0001|19|EA|4910|KRW|93290|20150115|1300|
C|005186|2015|50001238360012|001|4300001986|00160|CME0002|80|EA|2300|KRW|184000|20150115|1300|
C|005186|2015|50001238360013|001|4300001986|00170|CME0010|100|EA|285|KRW|28500|20150115|1300|
C|005186|2015|50001238360014|001|4300001986|00230|CMH0007|5|EA|11700|KRW|58500|20150115|1300|
C|005186|2015|50001238370001|001|4300002005|00010|CMA0001|120|EA|240|KRW|28800|20150115|1300|
C|005186|2015|50001238370002|001|4300002005|00020|CMA0007|70|EA|270|KRW|18900|20150115|1300|
C|005186|2015|50001238370003|001|4300002005|00030|CMA0008|10|EA|690|KRW|6900|20150115|1300|
C|005186|2015|50001238370004|001|4300002005|00040|CMB0001|40|EA|655|KRW|26200|20150115|1300|
C|005186|2015|50001238370005|001|4300002005|00050|CME0011|30|EA|480|KRW|14400|20150115|1300|
