C|005186|2019|50005080060001|001|4300014187|00010|CMA0028|2|EA|7350|KRW|14700|20190726|1300|
C|005186|2019|50005080060002|001|4300014187|00030|CMD0001|3|EA|8000|KRW|24000|20190726|1300|
C|005186|2019|50005080060003|001|4300014187|00040|CMD0011|3|EA|24100|KRW|72300|20190726|1300|
C|005186|2019|50005080060004|001|4300014187|00050|CMA0002|10|EA|1440|KRW|14400|20190726|1300|
C|005186|2019|50005080060005|001|4300014187|00060|CMA0008|30|EA|470|KRW|14100|20190726|1300|
C|005186|2019|50005080060006|001|4300014187|00090|CMA0001|180|EA|151|KRW|27180|20190726|1300|
C|005186|2019|50005080060007|001|4300014187|00100|CMA0007|180|EA|151|KRW|27180|20190726|1300|
C|005186|2019|50005080060008|001|4300014187|00110|CMB0003|200|EA|2200|KRW|440000|20190726|1300|
C|005186|2019|50005080060009|001|4300014187|00120|CMC0005|200|EA|150|KRW|30000|20190726|1300|
C|005186|2019|50005080070001|001|4300013905|00010|CMG0001|3|EA|1290|KRW|3870|20190726|1300|
C|005186|2019|50005080080001|001|4300014184|00010|CMD0011|1|EA|24100|KRW|24100|20190726|1300|
C|005186|2019|50005080080002|001|4300014184|00020|CMD0017|2|EA|23760|KRW|47520|20190726|1300|
C|005186|2019|50005080080003|001|4300014184|00030|CMD0016|2|EA|29000|KRW|58000|20190726|1300|
C|005186|2019|50005080080004|001|4300014184|00050|CME0002|20|EA|1100|KRW|22000|20190726|1300|
C|005186|2019|50005080080005|001|4300014184|00060|CMA0007|100|EA|151|KRW|15100|20190726|1300|
C|005186|2019|50005080080006|001|4300014184|00090|CMA0001|200|EA|151|KRW|30200|20190726|1300|
C|005186|2019|50005080080007|001|4300014184|00100|CMB0001|240|EA|520|KRW|124800|20190726|1300|
C|005186|2019|50005080090001|001|4300014186|00020|CMG0001|2|EA|1290|KRW|2580|20190726|1300|
C|005186|2019|50005080090002|001|4300014186|00130|CME0002|150|EA|1100|KRW|165000|20190726|1300|
C|005186|2019|50005080100001|001|4300014186|00030|CMC0002|3|EA|10300|KRW|30900|20190726|1300|
C|005186|2019|50005080100002|001|4300014186|00040|CMH0005|5|EA|720|KRW|3600|20190726|1300|
C|005186|2019|50005080100003|001|4300014186|00050|CMC0003|30|EA|310|KRW|9300|20190726|1300|
C|005186|2019|50005080100004|001|4300014186|00080|CMA0017|50|EA|770|KRW|38500|20190726|1300|
C|005186|2019|50005080100005|001|4300014186|00090|CMC0005|50|EA|150|KRW|7500|20190726|1300|
C|005186|2019|50005080100006|001|4300014186|00110|CMB0003|100|EA|2200|KRW|220000|20190726|1300|
C|005186|2019|50005080100007|001|4300014186|00120|CMB0001|100|EA|520|KRW|52000|20190726|1300|
C|005186|2019|50005080100008|001|4300014186|00140|CMB0002|200|EA|2100|KRW|420000|20190726|1300|
C|005186|2019|50005080100009|001|4300014186|00160|CMA0007|200|EA|151|KRW|30200|20190726|1300|
C|005186|2019|50005080100010|001|4300014186|00170|CMA0001|800|EA|151|KRW|120800|20190726|1300|
C|005186|2019|50005081420001|001|4300013824|00010|UFKC0082|1|EA|60630|KRW|60630|20190726|1300|
C|005186|2019|50005081420002|001|4300013873|00020|UFGC0042|1|EA|58900|KRW|58900|20190726|1300|
C|005186|2019|50005081420003|001|4300013874|00020|UGAC0052|5|EA|57170|KRW|285850|20190726|1300|
C|005186|2019|50005081420004|001|4300013878|00020|UKGC0008|7|EA|2940|KRW|20580|20190726|1300|
