C|005186|2018|50004246940001|001|4300010451|00050|CME0006|5|EA|3080|KRW|15400|20180614|1300|
C|005186|2018|50004246940002|001|4300010455|00020|CMH0007|2|EA|11600|KRW|23200|20180614|1300|
C|005186|2018|50004246940003|001|4300010457|00010|CMH0007|10|EA|11600|KRW|116000|20180614|1300|
C|005186|2018|50004246940004|001|4300010458|00010|CMH0007|2|EA|11600|KRW|23200|20180614|1300|
C|005186|2018|50004246940005|001|4300010460|00020|CMH0007|2|EA|11600|KRW|23200|20180614|1300|
C|005186|2018|50004246940006|001|4300010463|00130|CMH0007|3|EA|11600|KRW|34800|20180614|1300|
C|005186|2018|50004246940007|001|4300010464|00090|CMH0007|1|EA|11600|KRW|11600|20180614|1300|
C|005186|2018|50004246940008|001|4300010493|00050|CMH0007|10|EA|11600|KRW|116000|20180614|1300|
C|005186|2018|50004246950001|001|4300010462|00020|CMB0010|120|EA|1280|KRW|153600|20180614|1300|
C|005186|2018|50004246950002|001|4300010462|00040|CMF0001|2|EA|1950|KRW|3900|20180614|1300|
C|005186|2018|50004246950003|001|4300010462|00050|CMF0021|2|EA|3100|KRW|6200|20180614|1300|
C|005186|2018|50004246950004|001|4300010463|00040|CMA0009|10|EA|2110|KRW|21100|20180614|1300|
C|005186|2018|50004246950005|001|4300010463|00060|CMB0010|20|EA|1280|KRW|25600|20180614|1300|
C|005186|2018|50004246950006|001|4300010463|00090|CME0001|10|EA|3300|KRW|33000|20180614|1300|
C|005186|2018|50004246950007|001|4300010463|00110|CME0010|40|EA|240|KRW|9600|20180614|1300|
C|005186|2018|50004246950008|001|4300010464|00070|CME0010|100|EA|240|KRW|24000|20180614|1300|
C|005186|2018|50004246950009|001|4300010465|00040|CMB0010|80|EA|1280|KRW|102400|20180614|1300|
C|005186|2018|50004246950010|001|4300010465|00070|CMZ0014|1|EA|19000|KRW|19000|20180614|1300|
C|005186|2018|50004246960001|001|4300010450|00060|CMB0010|20|EA|1280|KRW|25600|20180614|1300|
C|005186|2018|50004246960002|001|4300010450|00070|CME0001|28|EA|3300|KRW|92400|20180614|1300|
C|005186|2018|50004246960003|001|4300010450|00080|CMA0016|50|EA|2140|KRW|107000|20180614|1300|
C|005186|2018|50004246960004|001|4300010450|00100|CME0010|100|EA|240|KRW|24000|20180614|1300|
C|005186|2018|50004246960005|001|4300010451|00020|CME0001|5|EA|3300|KRW|16500|20180614|1300|
C|005186|2018|50004246960006|001|4300010451|00060|CMF0001|5|EA|1950|KRW|9750|20180614|1300|
C|005186|2018|50004246960007|001|4300010451|00080|CMF0009|5|EA|4950|KRW|24750|20180614|1300|
C|005186|2018|50004246960008|001|4300010451|00100|CME0010|200|EA|240|KRW|48000|20180614|1300|
C|005186|2018|50004246960009|001|4300010451|00110|CMA0016|300|EA|2140|KRW|642000|20180614|1300|
C|005186|2018|50004246960010|001|4300010451|00140|CMB0010|500|EA|1280|KRW|640000|20180614|1300|
C|005186|2018|50004246960011|001|4300010453|00020|CMB0010|100|EA|1280|KRW|128000|20180614|1300|
C|005186|2018|50004246960012|001|4300010455|00010|CMF0006|1|EA|9500|KRW|9500|20180614|1300|
C|005186|2018|50004246960013|001|4300010455|00040|CME0001|13|EA|3300|KRW|42900|20180614|1300|
C|005186|2018|50004246960014|001|4300010455|00050|CMA0015|20|EA|2520|KRW|50400|20180614|1300|
C|005186|2018|50004246960015|001|4300010456|00030|CMF0020|5|EA|650|KRW|3250|20180614|1300|
C|005186|2018|50004246960016|001|4300010456|00040|CME0001|8|EA|3300|KRW|26400|20180614|1300|
C|005186|2018|50004246960017|001|4300010456|00070|CME0010|100|EA|240|KRW|24000|20180614|1300|
C|005186|2018|50004246960018|001|4300010457|00030|CMF0001|20|EA|1950|KRW|39000|20180614|1300|
C|005186|2018|50004246960019|001|4300010457|00040|CMF0020|20|EA|650|KRW|13000|20180614|1300|
C|005186|2018|50004246960020|001|4300010457|00060|CME0010|60|EA|240|KRW|14400|20180614|1300|
C|005186|2018|50004246960021|001|4300010457|00080|CMB0010|240|EA|1280|KRW|307200|20180614|1300|
C|005186|2018|50004246960022|001|4300010458|00020|CMF0021|3|EA|3100|KRW|9300|20180614|1300|
C|005186|2018|50004246960023|001|4300010460|00050|CMB0010|40|EA|1280|KRW|51200|20180614|1300|
C|005186|2018|50004246960024|001|4300010460|00110|CME0010|100|EA|240|KRW|24000|20180614|1300|
C|005186|2018|50004246960025|001|4300010466|00010|CMZ0014|1|EA|19000|KRW|19000|20180614|1300|
C|005186|2018|50004246960026|001|4300010466|00040|CMA0005|20|EA|2000|KRW|40000|20180614|1300|
C|005186|2018|50004246960027|001|4300010466|00110|CME0010|70|EA|240|KRW|16800|20180614|1300|
C|005186|2018|50004246960028|001|4300010493|00140|CMA0016|200|EA|2140|KRW|428000|20180614|1300|
C|005186|2018|50004246960029|001|4300010493|00160|CMB0010|360|EA|1280|KRW|460800|20180614|1300|
C|005186|2018|50004246960030|001|4300010504|00010|CME0006|20|EA|3080|KRW|61600|20180614|1300|
C|005186|2018|50004246960031|001|4300010504|00060|CME0010|100|EA|240|KRW|24000|20180614|1300|
C|005186|2018|50004246960032|001|4300010504|00080|CMA0016|150|EA|2140|KRW|321000|20180614|1300|
C|005186|2018|50004246970001|001|4300010184|00030|CMA0008|100|EA|470|KRW|47000|20180614|1300|
C|005186|2018|50004246970002|001|4300010184|00040|CMB0001|100|EA|520|KRW|52000|20180614|1300|
C|005186|2018|50004246970003|001|4300010184|00050|CMB0003|100|EA|2200|KRW|220000|20180614|1300|
C|005186|2018|50004246970004|001|4300010184|00070|CMA0007|150|EA|151|KRW|22650|20180614|1300|
C|005186|2018|50004246970005|001|4300010184|00080|CMA0001|400|EA|151|KRW|60400|20180614|1300|
C|005186|2018|50004246980001|001|4300010452|00010|CMA0007|100|EA|151|KRW|15100|20180614|1300|
C|005186|2018|50004246990001|001|4300010466|00050|CMA0017|30|EA|770|KRW|23100|20180614|1300|
C|005186|2018|50004246990002|001|4300010466|00060|CMB0001|100|EA|520|KRW|52000|20180614|1300|
C|005186|2018|50004246990003|001|4300010466|00070|CMB0003|100|EA|2200|KRW|220000|20180614|1300|
C|005186|2018|50004246990004|001|4300010466|00080|CMA0007|150|EA|151|KRW|22650|20180614|1300|
C|005186|2018|50004246990005|001|4300010466|00090|CMA0008|200|EA|470|KRW|94000|20180614|1300|
C|005186|2018|50004246990006|001|4300010466|00100|CMA0001|400|EA|151|KRW|60400|20180614|1300|
C|005186|2018|50004247000001|001|4300010462|00010|CMA0007|120|EA|151|KRW|18120|20180614|1300|
C|005186|2018|50004247010001|001|4300010455|00060|CMC0005|30|EA|150|KRW|4500|20180614|1300|
C|005186|2018|50004247010002|001|4300010455|00070|CMB0002|100|EA|2100|KRW|210000|20180614|1300|
C|005186|2018|50004247010003|001|4300010455|00080|CMA0001|350|EA|151|KRW|52850|20180614|1300|
C|005186|2018|50004247010004|001|4300010455|00090|CMA0007|350|EA|151|KRW|52850|20180614|1300|
C|005186|2018|50004247020001|001|4300010453|00030|CMA0007|200|EA|151|KRW|30200|20180614|1300|
C|005186|2018|50004247030001|001|4300010457|00020|CMA0008|20|EA|470|KRW|9400|20180614|1300|
C|005186|2018|50004247030002|001|4300010457|00070|CMA0007|220|EA|151|KRW|33220|20180614|1300|
C|005186|2018|50004247030003|001|4300010457|00090|CMA0001|400|EA|151|KRW|60400|20180614|1300|
C|005186|2018|50004247040001|001|4300010456|00050|CMB0001|40|EA|520|KRW|20800|20180614|1300|
C|005186|2018|50004247040002|001|4300010456|00060|CMA0007|100|EA|151|KRW|15100|20180614|1300|
C|005186|2018|50004247040003|001|4300010456|00080|CMA0001|150|EA|151|KRW|22650|20180614|1300|
C|005186|2018|50004247050001|001|4300010451|00030|CME0002|5|EA|1100|KRW|5500|20180614|1300|
C|005186|2018|50004247050002|001|4300010451|00040|CME0005|5|EA|2600|KRW|13000|20180614|1300|
C|005186|2018|50004247050003|001|4300010451|00070|CMF0002|5|EA|860|KRW|4300|20180614|1300|
C|005186|2018|50004247050004|001|4300010451|00090|CMA0008|200|EA|470|KRW|94000|20180614|1300|
C|005186|2018|50004247050005|001|4300010451|00120|CMB0001|300|EA|520|KRW|156000|20180614|1300|
C|005186|2018|50004247050006|001|4300010451|00130|CMC0005|400|EA|150|KRW|60000|20180614|1300|
C|005186|2018|50004247050007|001|4300010451|00150|CMA0007|600|EA|151|KRW|90600|20180614|1300|
C|005186|2018|50004247050008|001|4300010451|00160|CMA0001|700|EA|151|KRW|105700|20180614|1300|
C|005186|2018|50004247060001|001|4300010504|00030|CME0002|50|EA|1100|KRW|55000|20180614|1300|
C|005186|2018|50004247060002|001|4300010504|00040|CMA0007|100|EA|151|KRW|15100|20180614|1300|
C|005186|2018|50004247060003|001|4300010504|00050|CMC0003|100|EA|310|KRW|31000|20180614|1300|
C|005186|2018|50004247060004|001|4300010504|00090|CMB0001|240|EA|520|KRW|124800|20180614|1300|
C|005186|2018|50004247060005|001|4300010504|00100|CMB0002|240|EA|2100|KRW|504000|20180614|1300|
C|005186|2018|50004247060006|001|4300010504|00110|CMA0001|300|EA|151|KRW|45300|20180614|1300|
C|005186|2018|50004247070001|001|4300010450|00020|CMC0002|3|EA|10300|KRW|30900|20180614|1300|
C|005186|2018|50004247070002|001|4300010450|00030|CME0008|10|EA|1950|KRW|19500|20180614|1300|
C|005186|2018|50004247070003|001|4300010450|00040|CMB0001|20|EA|520|KRW|10400|20180614|1300|
C|005186|2018|50004247070004|001|4300010450|00050|CMB0007|20|EA|760|KRW|15200|20180614|1300|
C|005186|2018|50004247070005|001|4300010450|00090|CMC0005|50|EA|150|KRW|7500|20180614|1300|
C|005186|2018|50004247070006|001|4300010450|00110|CMA0007|200|EA|151|KRW|30200|20180614|1300|
C|005186|2018|50004247070007|001|4300010450|00120|CMB0002|240|EA|2100|KRW|504000|20180614|1300|
C|005186|2018|50004247070008|001|4300010450|00130|CMA0001|600|EA|151|KRW|90600|20180614|1300|
C|005186|2018|50004247080001|001|4300010462|00030|CMD0016|4|EA|29000|KRW|116000|20180614|1300|
C|005186|2018|50004247080002|001|4300010463|00070|CMD0011|3|EA|24100|KRW|72300|20180614|1300|
C|005186|2018|50004247080003|001|4300010463|00080|CMD0012|1|EA|22000|KRW|22000|20180614|1300|
C|005186|2018|50004247080004|001|4300010464|00050|CMD0011|5|EA|24100|KRW|120500|20180614|1300|
C|005186|2018|50004247080005|001|4300010464|00060|CMD0012|4|EA|22000|KRW|88000|20180614|1300|
C|005186|2018|50004247080006|001|4300010465|00050|CMD0016|1|EA|29000|KRW|29000|20180614|1300|
C|005186|2018|50004247080007|001|4300010466|00020|CMD0011|6|EA|24100|KRW|144600|20180614|1300|
C|005186|2018|50004247080008|001|4300010493|00010|CMD0017|4|EA|23760|KRW|95040|20180614|1300|
C|005186|2018|50004247080009|001|4300010503|00010|CMD0017|1|EA|23760|KRW|23760|20180614|1300|
C|005186|2018|50004247080010|001|4300010503|00070|CMD0016|2|EA|29000|KRW|58000|20180614|1300|
