C|005186|2014|50000734800001|001|4300001349|00210|UALC0094|24|EA|62800|KRW|1507200|20140515|1300|
C|005186|2014|50000734800002|001|4300001355|00070|UALC0108|12|EA|91210|KRW|1094520|20140515|1300|
C|005186|2014|50000734800003|001|4300001355|00080|UALC0109|12|EA|59800|KRW|717600|20140515|1300|
C|005186|2014|50000734810001|001|4300001340|00090|UEBC0006|10|EA|46250|KRW|462500|20140515|1300|
C|005186|2014|50000734810002|001|4300001340|00100|UDDC0088|1|EA|195800|KRW|195800|20140515|1300|
C|005186|2014|50000734810003|001|4300001340|00110|UDAC0274|2|EA|20500|KRW|41000|20140515|1300|
C|005186|2014|50000734810004|001|4300001340|00130|UIDC0108|1|EA|59330|KRW|59330|20140515|1300|
C|005186|2014|50000734810005|001|4300001340|00150|UEBC0385|2|EA|5820|KRW|11640|20140515|1300|
C|005186|2014|50000734810006|001|4300001340|00170|UDEC0047|1|EA|85680|KRW|85680|20140515|1300|
C|005186|2014|50000734810007|001|4300001340|00190|UEBC0133|10|EA|2090|KRW|20900|20140515|1300|
C|005186|2014|50000734810008|001|4300001340|00200|UEBC0427|4|EA|47200|KRW|188800|20140515|1300|
C|005186|2014|50000734810009|001|4300001340|00220|UEBC0007|10|EA|58800|KRW|588000|20140515|1300|
C|005186|2014|50000734810010|001|4300001340|00230|UEBC0043|1|EA|112460|KRW|112460|20140515|1300|
C|005186|2014|50000734810011|001|4300001340|00240|UHTC0504|10|EA|68220|KRW|682200|20140515|1300|
C|005186|2014|50000734810012|001|4300001340|00250|UHTC0153|10|EA|5780|KRW|57800|20140515|1300|
C|005186|2014|50000734820001|001|4300001349|00010|UZZC0143|3|EA|120000|KRW|360000|20140515|1300|
C|005186|2014|50000734820002|001|4300001349|00020|UZZC0144|2|EA|66400|KRW|132800|20140515|1300|
C|005186|2014|50000734820003|001|4300001349|00030|UZZC0145|4|EA|66400|KRW|265600|20140515|1300|
C|005186|2014|50000734820004|001|4300001349|00040|UZZC0146|2|EA|66400|KRW|132800|20140515|1300|
C|005186|2014|50000734820005|001|4300001349|00050|UHTC0433|1|EA|28300|KRW|28300|20140515|1300|
C|005186|2014|50000734820006|001|4300001349|00080|UJBC0004|10|EA|4337|KRW|43370|20140515|1300|
C|005186|2014|50000734820007|001|4300001349|00090|UJBC0005|10|EA|14700|KRW|147000|20140515|1300|
C|005186|2014|50000734820008|001|4300001349|00220|UALC0052|10|EA|2540|KRW|25400|20140515|1300|
C|005186|2014|50000734820009|001|4300001349|00250|UKBC0010|1|EA|91480|KRW|91480|20140515|1300|
C|005186|2014|50000734820010|001|4300001349|00380|UFKC0082|1|EA|60630|KRW|60630|20140515|1300|
C|005186|2014|50000734820011|001|4300001349|00390|UHFC0231|3|EA|2405|KRW|7215|20140515|1300|
C|005186|2014|50000734820012|001|4300001349|00400|UGBC0449|100|EA|1270|KRW|127000|20140515|1300|
C|005186|2014|50000734820013|001|4300001355|00030|UKGC0005|1|EA|10280|KRW|10280|20140515|1300|
C|005186|2014|50000734820014|001|4300001355|00040|UKBC0010|1|EA|91480|KRW|91480|20140515|1300|
C|005186|2014|50000734820015|001|4300001355|00090|UJCC0014|500|EA|641|KRW|320500|20140515|1300|
C|005186|2014|50000734820016|001|4300001355|00280|UZZC0045|20|EA|4050|KRW|81000|20140515|1300|
C|005186|2014|50000734830001|001|4300001349|00110|UKBC0010|1|EA|91480|KRW|91480|20140515|1300|
C|005186|2014|50000734830002|001|4300001349|00130|UADC0160|1|EA|515000|KRW|515000|20140515|1300|
C|005186|2014|50000734830003|001|4300001349|00160|UGCC0659|1|EA|26250|KRW|26250|20140515|1300|
C|005186|2014|50000734830004|001|4300001349|00170|UGCC0657|1|EA|26500|KRW|26500|20140515|1300|
C|005186|2014|50000734830005|001|4300001349|00180|UAEC0332|2|EA|2320|KRW|4640|20140515|1300|
C|005186|2014|50000734830006|001|4300001349|00190|UAEC0218|2|EA|2920|KRW|5840|20140515|1300|
C|005186|2014|50000734830007|001|4300001349|00200|UAEC0247|2|EA|2920|KRW|5840|20140515|1300|
C|005186|2014|50000734830008|001|4300001349|00230|UAGC0216|1|EA|102900|KRW|102900|20140515|1300|
C|005186|2014|50000734830009|001|4300001349|00280|UGCC0829|1|EA|30320|KRW|30320|20140515|1300|
C|005186|2014|50000734830010|001|4300001349|00320|UAEC0022|2|EA|14590|KRW|29180|20140515|1300|
C|005186|2014|50000734830011|001|4300001349|00330|UAEC0247|2|EA|2920|KRW|5840|20140515|1300|
C|005186|2014|50000734830012|001|4300001355|00010|UEBC0662|1|EA|99320|KRW|99320|20140515|1300|
C|005186|2014|50000734830013|001|4300001355|00110|UAIC0035|1|EA|20780|KRW|20780|20140515|1300|
C|005186|2014|50000734840001|001|4300001299|00080|UGCC0885|2|EA|31800|KRW|63600|20140515|1300|
C|005186|2014|50000734840002|001|4300001349|00100|UDDC0144|3|EA|68250|KRW|204750|20140515|1300|
C|005186|2014|50000734840003|001|4300001349|00120|UAAC0001|10|EA|1890|KRW|18900|20140515|1300|
C|005186|2014|50000734840004|001|4300001349|00140|UAGC0379|3|EA|35700|KRW|107100|20140515|1300|
C|005186|2014|50000734840005|001|4300001349|00150|UCGC0001|4|EA|6760|KRW|27040|20140515|1300|
C|005186|2014|50000734840006|001|4300001349|00240|UGCC0207|50|EA|3630|KRW|181500|20140515|1300|
C|005186|2014|50000734840007|001|4300001349|00290|UAGC0383|20|EA|1010|KRW|20200|20140515|1300|
C|005186|2014|50000734840008|001|4300001349|00300|UAGC0392|20|EA|960|KRW|19200|20140515|1300|
C|005186|2014|50000734840009|001|4300001349|00310|UAEC0034|2|EA|3470|KRW|6940|20140515|1300|
C|005186|2014|50000734840010|001|4300001349|00340|UAEC0249|2|EA|3450|KRW|6900|20140515|1300|
C|005186|2014|50000734840011|001|4300001349|00350|UAEC0250|2|EA|3930|KRW|7860|20140515|1300|
C|005186|2014|50000734840012|001|4300001349|00360|UAEC0037|2|EA|4520|KRW|9040|20140515|1300|
C|005186|2014|50000734840013|001|4300001349|00370|UAEC0038|2|EA|4520|KRW|9040|20140515|1300|
C|005186|2014|50000734840014|001|4300001355|00020|UEBC0789|10|EA|2450|KRW|24500|20140515|1300|
C|005186|2014|50000734840015|001|4300001355|00060|UAAC0031|5|EA|8925|KRW|44625|20140515|1300|
C|005186|2014|50000734840016|001|4300001355|00260|UEBC0487|4|EA|3800|KRW|15200|20140515|1300|
C|005186|2014|50000734850001|001|4300001355|00120|UICC0023|10|EA|3360|KRW|33600|20140515|1300|
C|005186|2014|50000734850002|001|4300001355|00130|UICC0047|10|EA|19110|KRW|191100|20140515|1300|
C|005186|2014|50000734860001|001|4300001372|00030|UADC0017|2|EA|15750|KRW|31500|20140515|1300|
C|005186|2014|50000734860002|001|4300001372|00040|UADC0108|10|EA|2520|KRW|25200|20140515|1300|
C|005186|2014|50000734860003|001|4300001372|00050|UAKC0030|2|EA|14000|KRW|28000|20140515|1300|
C|005186|2014|50000734860004|001|4300001372|00060|UKEC0015|20|EA|1530|KRW|30600|20140515|1300|
C|005186|2014|50000734870001|001|4300001374|00010|UKBC0010|1|EA|91480|KRW|91480|20140515|1300|
C|005186|2014|50000734870002|001|4300001374|00020|UGCC0718|50|EA|23200|KRW|1160000|20140515|1300|
C|005186|2014|50000734870003|001|4300001374|00030|UGAC0083|2|EA|33500|KRW|67000|20140515|1300|
C|005186|2014|50000734870004|001|4300001374|00040|UEBC0494|4|EA|4770|KRW|19080|20140515|1300|
C|005186|2014|50000734870005|001|4300001374|00050|UJCC0043|5000|EA|70|KRW|350000|20140515|1300|
C|005186|2014|50000734870006|001|4300001374|00060|UDBC0501|2000|EA|296|KRW|592000|20140515|1300|
C|005186|2014|50000734870007|001|4300001374|00070|UAEC0310|2|EA|1580|KRW|3160|20140515|1300|
C|005186|2014|50000734870008|001|4300001374|00080|UEBC0440|5|EA|23960|KRW|119800|20140515|1300|
C|005186|2014|50000734870009|001|4300001375|00050|UJAC0106|2|EA|32540|KRW|65080|20140515|1300|
C|005186|2014|50000734870010|001|4300001375|00080|UGCC0190|1|EA|19350|KRW|19350|20140515|1300|
C|005186|2014|50000734870011|001|4300001375|00090|UJAC0107|2|EA|24100|KRW|48200|20140515|1300|
C|005186|2014|50000734870012|001|4300001375|00100|UJAC0130|1|EA|60640|KRW|60640|20140515|1300|
C|005186|2014|50000734880001|001|4300001349|00270|UCKC0035|15|EA|44520|KRW|667800|20140515|1300|
C|005186|2014|50000734880002|001|4300001355|00100|UCKC0037|80|EA|14050|KRW|1124000|20140515|1300|
C|005186|2014|50000734880003|001|4300001355|00140|UHEC0027|10|EA|40000|KRW|400000|20140515|1300|
C|005186|2014|50000734880004|001|4300001355|00150|UHGC0262|3|EA|22700|KRW|68100|20140515|1300|
C|005186|2014|50000734880005|001|4300001355|00180|UHTC0576|10|EA|34730|KRW|347300|20140515|1300|
C|005186|2014|50000734880006|001|4300001355|00190|UHTC0577|10|EA|16840|KRW|168400|20140515|1300|
C|005186|2014|50000734880007|001|4300001355|00200|UHTC0578|5|EA|5800|KRW|29000|20140515|1300|
C|005186|2014|50000734880008|001|4300001355|00210|UHTC0579|5|EA|3500|KRW|17500|20140515|1300|
C|005186|2014|50000734880009|001|4300001355|00220|UHHC0191|30|EA|230|KRW|6900|20140515|1300|
