C|005186|2019|50005283530001|001|4300015057|00040|CMA0007|100|EA|151|KRW|15100|20191031|1300|
C|005186|2019|50005283530002|001|4300015057|00050|CMA0008|100|EA|470|KRW|47000|20191031|1300|
C|005186|2019|50005283530003|001|4300015057|00080|CMB0001|120|EA|520|KRW|62400|20191031|1300|
C|005186|2019|50005283530004|001|4300015057|00090|CMA0001|200|EA|151|KRW|30200|20191031|1300|
C|005186|2019|50005283530005|001|4300015057|00100|CMC0005|200|EA|150|KRW|30000|20191031|1300|
C|005186|2019|50005283540001|001|4300015051|00040|CMF0005|5|EA|18700|KRW|93500|20191031|1300|
C|005186|2019|50005283540002|001|4300015051|00050|CMF0002|5|EA|860|KRW|4300|20191031|1300|
C|005186|2019|50005283540003|001|4300015051|00080|CMC0005|30|EA|150|KRW|4500|20191031|1300|
C|005186|2019|50005283540004|001|4300015051|00130|CMB0001|100|EA|520|KRW|52000|20191031|1300|
C|005186|2019|50005283540005|001|4300015051|00160|CMA0008|100|EA|470|KRW|47000|20191031|1300|
C|005186|2019|50005283540006|001|4300015051|00180|CME0002|200|EA|1100|KRW|220000|20191031|1300|
C|005186|2019|50005283540007|001|4300015051|00190|CMA0007|400|EA|151|KRW|60400|20191031|1300|
C|005186|2019|50005283540008|001|4300015051|00200|CMA0001|800|EA|151|KRW|120800|20191031|1300|
C|005186|2019|50005283570001|001|4300015050|00030|CMA0001|600|EA|151|KRW|90600|20191031|1300|
C|005186|2019|50005283570002|001|4300015050|00040|CMA0007|70|EA|151|KRW|10570|20191031|1300|
C|005186|2019|50005283570003|001|4300015050|00080|CMF0005|3|EA|18700|KRW|56100|20191031|1300|
C|005186|2019|50005283600001|001|4300015053|00010|CMA0007|200|EA|151|KRW|30200|20191031|1300|
C|005186|2019|50005283670001|001|4300015058|00090|CMC0007|10|EA|13000|KRW|130000|20191031|1300|
C|005186|2019|50005283680001|001|4300015058|00020|CMA0007|300|EA|151|KRW|45300|20191031|1300|
C|005186|2019|50005283680002|001|4300015058|00100|CMZ0032|20|EA|1300|KRW|26000|20191031|1300|
C|005186|2019|50005283680003|001|4300015058|00110|CMF0005|6|EA|18700|KRW|112200|20191031|1300|
C|005186|2019|50005283810001|001|4300015066|00010|CMA0028|13|EA|7350|KRW|95550|20191031|1300|
C|005186|2019|50005283810002|001|4300015066|00020|CMA0007|200|EA|151|KRW|30200|20191031|1300|
C|005186|2019|50005283810003|001|4300015066|00030|CMA0008|200|EA|470|KRW|94000|20191031|1300|
C|005186|2019|50005283810004|001|4300015066|00040|CMF0005|10|EA|18700|KRW|187000|20191031|1300|
C|005186|2019|50005283820001|001|4300015031|00010|CMF0005|2|EA|18700|KRW|37400|20191031|1300|
C|005186|2019|50005283820002|001|4300015031|00040|CMA0008|20|EA|470|KRW|9400|20191031|1300|
C|005186|2019|50005283820003|001|4300015031|00100|CMA0007|150|EA|151|KRW|22650|20191031|1300|
C|005186|2019|50005283820004|001|4300015031|00120|CMA0001|400|EA|151|KRW|60400|20191031|1300|
C|005186|2019|50005283830001|001|4300015099|00020|CMF0005|6|EA|18700|KRW|112200|20191031|1300|
C|005186|2019|50005283830002|001|4300015099|00090|CME0002|50|EA|1100|KRW|55000|20191031|1300|
C|005186|2019|50005283830003|001|4300015099|00110|CMB0001|100|EA|520|KRW|52000|20191031|1300|
C|005186|2019|50005283830004|001|4300015099|00130|CMA0007|300|EA|151|KRW|45300|20191031|1300|
C|005186|2019|50005283830005|001|4300015099|00150|CMC0005|400|EA|150|KRW|60000|20191031|1300|
C|005186|2019|50005283830006|001|4300015099|00160|CMA0001|600|EA|151|KRW|90600|20191031|1300|
C|005186|2019|50005283840001|001|4300015069|00020|CMF0005|3|EA|18700|KRW|56100|20191031|1300|
C|005186|2019|50005283840002|001|4300015069|00130|CMA0008|100|EA|470|KRW|47000|20191031|1300|
C|005186|2019|50005283840003|001|4300015069|00150|CMC0005|100|EA|150|KRW|15000|20191031|1300|
C|005186|2019|50005283840004|001|4300015069|00160|CMB0001|440|EA|520|KRW|228800|20191031|1300|
C|005186|2019|50005283840005|001|4300015069|00170|CMA0001|800|EA|151|KRW|120800|20191031|1300|
C|005186|2019|50005283840006|001|4300015069|00180|CMA0007|500|EA|151|KRW|75500|20191031|1300|
C|005186|2019|50005283850001|001|4300015050|00070|CME0013|2|EA|11880|KRW|23760|20191031|1300|
C|005186|2019|50005283860001|001|4300015055|00020|CMA0007|160|EA|151|KRW|24160|20191031|1300|
C|005186|2019|50005283860002|001|4300015055|00030|CMB0001|50|EA|520|KRW|26000|20191031|1300|
C|005186|2019|50005283860003|001|4300015055|00050|CMA0002|10|EA|1440|KRW|14400|20191031|1300|
