C|005186|2013|50000335700001|001|4300000593|00060|UCEC0012|5|EA|50400|KRW|252000|20131015|1300|
C|005186|2013|50000335700002|001|4300000607|00010|UDBC0746|500|EA|9|KRW|4500|20131015|1300|
C|005186|2013|50000335700003|001|4300000607|00020|UDBC0714|500|EA|17|KRW|8500|20131015|1300|
C|005186|2013|50000335700004|001|4300000607|00030|UDBC0719|500|EA|19|KRW|9500|20131015|1300|
C|005186|2013|50000335700005|001|4300000607|00160|UDBC0393|300|EA|230|KRW|69000|20131015|1300|
C|005186|2013|50000335700006|001|4300000607|00170|UDBC0502|200|EA|90|KRW|18000|20131015|1300|
C|005186|2013|50000335700007|001|4300000607|00180|UDBC0504|200|EA|96|KRW|19200|20131015|1300|
C|005186|2013|50000335700008|001|4300000607|00190|UDBC0507|200|EA|100|KRW|20000|20131015|1300|
C|005186|2013|50000335700009|001|4300000607|00200|UDBC0617|200|EA|50|KRW|10000|20131015|1300|
C|005186|2013|50000335700010|001|4300000607|00210|UDBC0366|300|EA|8|KRW|2400|20131015|1300|
C|005186|2013|50000335700011|001|4300000607|00220|UDBC0368|300|EA|21|KRW|6300|20131015|1300|
C|005186|2013|50000335700012|001|4300000607|00230|UDBC0342|300|EA|38|KRW|11400|20131015|1300|
C|005186|2013|50000335700013|001|4300000607|00240|UDBC0347|300|EA|56|KRW|16800|20131015|1300|
C|005186|2013|50000335700014|001|4300000607|00250|UDBC0317|500|EA|9|KRW|4500|20131015|1300|
C|005186|2013|50000335700015|001|4300000607|00270|UDBC0298|500|EA|11|KRW|5500|20131015|1300|
C|005186|2013|50000335700016|001|4300000607|00280|UDBC0302|500|EA|32|KRW|16000|20131015|1300|
C|005186|2013|50000335700017|001|4300000607|00290|UDBC0735|500|EA|8|KRW|4000|20131015|1300|
C|005186|2013|50000335700018|001|4300000608|00140|UDBC0319|500|EA|8|KRW|4000|20131015|1300|
C|005186|2013|50000335700019|001|4300000608|00150|UDBC0740|500|EA|8|KRW|4000|20131015|1300|
C|005186|2013|50000335700020|001|4300000608|00160|UEBC0149|20|EA|5890|KRW|117800|20131015|1300|
C|005186|2013|50000335700021|001|4300000608|00170|UEBC0151|20|EA|6130|KRW|122600|20131015|1300|
C|005186|2013|50000335700022|001|4300000608|00180|UEBC0368|10|EA|2050|KRW|20500|20131015|1300|
C|005186|2013|50000335700023|001|4300000608|00190|UDFC0052|10|EA|1680|KRW|16800|20131015|1300|
C|005186|2013|50000335700024|001|4300000608|00250|UDBC0403|300|EA|27|KRW|8100|20131015|1300|
C|005186|2013|50000335700025|001|4300000608|00260|UDBC0405|300|EA|27|KRW|8100|20131015|1300|
C|005186|2013|50000335700026|001|4300000608|00270|UDBC0407|300|EA|30|KRW|9000|20131015|1300|
C|005186|2013|50000335700027|001|4300000608|00280|UDBC0413|300|EA|42|KRW|12600|20131015|1300|
C|005186|2013|50000335700028|001|4300000608|00290|UDBC0418|300|EA|68|KRW|20400|20131015|1300|
C|005186|2013|50000335700029|001|4300000608|00300|UDBC0422|300|EA|69|KRW|20700|20131015|1300|
C|005186|2013|50000335700030|001|4300000610|00040|UAEC0074|3|EA|9110|KRW|27330|20131015|1300|
C|005186|2013|50000335700031|001|4300000610|00050|UAEC0076|3|EA|24210|KRW|72630|20131015|1300|
C|005186|2013|50000335700032|001|4300000610|00060|UAEC0079|3|EA|12075|KRW|36225|20131015|1300|
C|005186|2013|50000335700033|001|4300000610|00070|UJAC0039|100|EA|1470|KRW|147000|20131015|1300|
C|005186|2013|50000335700034|001|4300000610|00080|UICC0007|20|EA|1580|KRW|31600|20131015|1300|
C|005186|2013|50000335700035|001|4300000610|00090|UDAC0077|10|EA|1060|KRW|10600|20131015|1300|
C|005186|2013|50000335700036|001|4300000611|00120|UGCC0640|5|EA|30450|KRW|152250|20131015|1300|
C|005186|2013|50000335700037|001|4300000611|00150|UAEC0073|3|EA|5540|KRW|16620|20131015|1300|
C|005186|2013|50000335710001|001|4300000595|00070|UBBC0006|2|EA|103370|KRW|206740|20131015|1300|
C|005186|2013|50000335710002|001|4300000595|00080|UJAC0010|1|EA|17120|KRW|17120|20131015|1300|
C|005186|2013|50000335710003|001|4300000596|00130|UALC0006|100|EA|1733|KRW|173300|20131015|1300|
C|005186|2013|50000335710004|001|4300000613|00020|UEBC0063|2|EA|144900|KRW|289800|20131015|1300|
C|005186|2013|50000335710005|001|4300000613|00030|UEBC0064|2|EA|181130|KRW|362260|20131015|1300|
C|005186|2013|50000335710006|001|4300000613|00040|UEBC0066|2|EA|938700|KRW|1877400|20131015|1300|
C|005186|2013|50000335710007|001|4300000613|00050|UEBC0290|40|EA|45360|KRW|1814400|20131015|1300|
C|005186|2013|50000335710008|001|4300000613|00080|UHTC0257|60|EA|810|KRW|48600|20131015|1300|
C|005186|2013|50000335710009|001|4300000613|00100|UAEC0094|2|EA|22630|KRW|45260|20131015|1300|
C|005186|2013|50000335710010|001|4300000613|00120|UEBC0837|4|EA|37800|KRW|151200|20131015|1300|
C|005186|2013|50000335710011|001|4300000613|00130|UAAC0003|3|EA|24150|KRW|72450|20131015|1300|
C|005186|2013|50000335710012|001|4300000613|00150|UAIC0036|1|EA|273700|KRW|273700|20131015|1300|
