C|005186|2014|50000768400001|001|4300001461|00060|UBCC0008|4|EA|54600|KRW|218400|20140530|1300|
C|005186|2014|50000768400002|001|4300001461|00080|UDDC0131|5|EA|24360|KRW|121800|20140530|1300|
C|005186|2014|50000768400003|001|4300001461|00110|UDFC0133|20|EA|2740|KRW|54800|20140530|1300|
C|005186|2014|50000768400004|001|4300001461|00160|UGCC0890|1|EA|57000|KRW|57000|20140530|1300|
C|005186|2014|50000768400005|001|4300001461|00240|UEBC1168|20|EA|23800|KRW|476000|20140530|1300|
C|005186|2014|50000768400006|001|4300001461|00260|UEBC1172|1|EA|237500|KRW|237500|20140530|1300|
C|005186|2014|50000768400007|001|4300001461|00270|UGCC0894|200|EA|4220|KRW|844000|20140530|1300|
C|005186|2014|50000768400008|001|4300001461|00320|UKAC0050|1|EA|206500|KRW|206500|20140530|1300|
C|005186|2014|50000768400009|001|4300001461|00400|UAEC0407|1|EA|4350|KRW|4350|20140530|1300|
C|005186|2014|50000768400010|001|4300001461|00410|UAEC0408|1|EA|5200|KRW|5200|20140530|1300|
C|005186|2014|50000768400011|001|4300001461|00420|UAEC0409|1|EA|11720|KRW|11720|20140530|1300|
C|005186|2014|50000768400012|001|4300001461|00430|UAEC0410|1|EA|22000|KRW|22000|20140530|1300|
C|005186|2014|50000768400013|001|4300001461|00440|UAEC0411|1|EA|6890|KRW|6890|20140530|1300|
C|005186|2014|50000768400014|001|4300001461|00450|UAEC0412|1|EA|9010|KRW|9010|20140530|1300|
C|005186|2014|50000768400015|001|4300001461|00460|UAEC0413|1|EA|11660|KRW|11660|20140530|1300|
C|005186|2014|50000768400016|001|4300001461|00470|UEBC1164|2|EA|215000|KRW|430000|20140530|1300|
C|005186|2014|50000768400017|001|4300001461|00480|UEBC1165|4|EA|72500|KRW|290000|20140530|1300|
C|005186|2014|50000768400018|001|4300001461|00490|UEBC1166|10|EA|104000|KRW|1040000|20140530|1300|
C|005186|2014|50000768400019|001|4300001461|00500|UEBC1167|10|EA|46850|KRW|468500|20140530|1300|
C|005186|2014|50000768400020|001|4300001461|00530|UEBC1169|1|EA|62000|KRW|62000|20140530|1300|
C|005186|2014|50000768400021|001|4300001461|00540|UEBC0070|1|EA|86310|KRW|86310|20140530|1300|
