C|005186|2018|50004357840001|001|4300011024|00030|UGCC0608|2|EA|6300|KRW|12600|20180814|1300|
C|005186|2018|50004357840002|001|4300011026|00020|UAAC0033|2|EA|16480|KRW|32960|20180814|1300|
C|005186|2018|50004357840003|001|4300011026|00030|UIDC0111|1|EA|72450|KRW|72450|20180814|1300|
C|005186|2018|50004357840004|001|4300011026|00040|UIDC0107|1|EA|141120|KRW|141120|20180814|1300|
C|005186|2018|50004357840005|001|4300011026|00060|UGBC0548|50|EA|39900|KRW|199500|20180814|1300|
C|005186|2018|50004357840006|001|4300011028|00060|UEAC0084|2|EA|86630|KRW|173260|20180814|1300|
C|005186|2018|50004357840007|001|4300011028|00070|UDBC0867|50|EA|31500|KRW|31500|20180814|1300|
C|005186|2018|50004357840008|001|4300011028|00080|UDBC0391|100|EA|37000|KRW|37000|20180814|1300|
C|005186|2018|50004357840009|001|4300011028|00090|UDDC0002|1|EA|55650|KRW|55650|20180814|1300|
C|005186|2018|50004357850001|001|4300011024|00010|UGCC0644|1|EA|136500|KRW|136500|20180814|1300|
C|005186|2018|50004357850002|001|4300011024|00060|UEBC0656|2|EA|58380|KRW|116760|20180814|1300|
C|005186|2018|50004357850003|001|4300011024|00070|UEBC0773|20|EA|29400|KRW|29400|20180814|1300|
C|005186|2018|50004357850004|001|4300011024|00080|UEBC0772|20|EA|50000|KRW|50000|20180814|1300|
C|005186|2018|50004357850005|001|4300011024|00090|UEBC0774|20|EA|10300|KRW|10300|20180814|1300|
C|005186|2018|50004357850006|001|4300011024|00100|UEBC0775|20|EA|18400|KRW|18400|20180814|1300|
C|005186|2018|50004357850007|001|4300011025|00010|UEAC1122|1|EA|1135000|KRW|1135000|20180814|1300|
C|005186|2018|50004357850008|001|4300011028|00010|UAEC0139|1|EA|11150|KRW|11150|20180814|1300|
C|005186|2018|50004357850009|001|4300011028|00020|UEBC0043|1|EA|112460|KRW|112460|20180814|1300|
C|005186|2018|50004357850010|001|4300011028|00030|UEBC1510|6|EA|213400|KRW|640200|20180814|1300|
C|005186|2018|50004357850011|001|4300011028|00040|UEBC1339|1|EA|223700|KRW|223700|20180814|1300|
C|005186|2018|50004357850012|001|4300011028|00050|UEBC1492|10|EA|33800|KRW|338000|20180814|1300|
C|005186|2018|50004357850013|001|4300011029|00010|UEBC0003|10|EA|3650|KRW|36500|20180814|1300|
C|005186|2018|50004357850014|001|4300011029|00020|UDAC0250|10|EA|17900|KRW|179000|20180814|1300|
C|005186|2018|50004357850015|001|4300011029|00030|UDAC0251|5|EA|24300|KRW|121500|20180814|1300|
C|005186|2018|50004357850016|001|4300011029|00040|UBCC0045|10|EA|25250|KRW|50500|20180814|1300|
C|005186|2018|50004357850017|001|4300011029|00050|UEBC1279|5|EA|146000|KRW|730000|20180814|1300|
C|005186|2018|50004357850018|001|4300011029|00060|UEBC1177|5|EA|44500|KRW|222500|20180814|1300|
C|005186|2018|50004357850019|001|4300011029|00070|UIEC0022|1|EA|22050|KRW|22050|20180814|1300|
C|005186|2018|50004357860001|001|4300010802|00010|UHFC0203|10|EA|94500|KRW|94500|20180814|1300|
C|005186|2018|50004357860002|001|4300010889|00020|UHGC0328|5|EA|135150|KRW|135150|20180814|1300|
C|005186|2018|50004357860003|001|4300010890|00010|UHGC0328|5|EA|135150|KRW|135150|20180814|1300|
C|005186|2018|50004357860004|001|4300010988|00010|UHTC0647|10|EA|305000|KRW|305000|20180814|1300|
C|005186|2018|50004357860005|001|4300010988|00020|UHNC0113|1|EA|772800|KRW|772800|20180814|1300|
C|005186|2018|50004357860006|001|4300010988|00030|UHGC0330|3|EA|257250|KRW|771750|20180814|1300|
C|005186|2018|50004357860007|001|4300010989|00010|UHNC0100|10|EA|336000|KRW|336000|20180814|1300|
C|005186|2018|50004357860008|001|4300010989|00020|UHGC0254|1|EA|800000|KRW|800000|20180814|1300|
C|005186|2018|50004357860009|001|4300010990|00010|UHBC0003|1|EA|1572900|KRW|1572900|20180814|1300|
C|005186|2018|50004357860010|001|4300010990|00020|UHHC0182|2|EA|82100|KRW|164200|20180814|1300|
C|005186|2018|50004357860011|001|4300011016|00010|UHGC0347|2|EA|861000|KRW|1722000|20180814|1300|
C|005186|2018|50004357860012|001|4300011019|00010|KE050801|10|EA|1900|KRW|19000|20180814|1300|
C|005186|2018|50004357860013|001|4300011040|00010|UHTC0852|1|EA|1520000|KRW|1520000|20180814|1300|
C|005186|2018|50004357870001|001|4300010781|00020|UEAC0158|1|EA|440000|KRW|440000|20180814|1300|
C|005186|2018|50004357870002|001|4300011024|00020|UHHC0136|2|EA|96600|KRW|193200|20180814|1300|
C|005186|2018|50004357880001|001|4300011030|00010|UHGC0137|2|EA|415800|KRW|831600|20180814|1300|
C|005186|2018|50004357880002|001|4300011030|00020|UHGC0024|5|EA|380500|KRW|380500|20180814|1300|
C|005186|2018|50004357880003|001|4300011031|00010|UHTC0802|20|EA|249100|KRW|996400|20180814|1300|
C|005186|2018|50004357880004|001|4300011031|00020|UHTC0772|40|EA|466400|KRW|932800|20180814|1300|
C|005186|2018|50004357880005|001|4300011032|00010|UHHC0155|1|EA|499800|KRW|499800|20180814|1300|
C|005186|2018|50004357880006|001|4300011032|00020|UHHC0157|1|EA|333900|KRW|333900|20180814|1300|
C|005186|2018|50004357880007|001|4300011032|00030|UHHC0042|1|EA|655200|KRW|655200|20180814|1300|
C|005186|2018|50004357880008|001|4300011035|00010|UHNC0046|2|EA|246750|KRW|493500|20180814|1300|
C|005186|2018|50004357880009|001|4300011035|00020|UHNC0127|2|EA|406350|KRW|812700|20180814|1300|
C|005186|2018|50004357880010|001|4300011035|00030|UHGC0294|5|EA|96460|KRW|482300|20180814|1300|
C|005186|2018|50004357880011|001|4300011036|00010|UHGC0289|1|EA|645000|KRW|645000|20180814|1300|
C|005186|2018|50004357880012|001|4300011036|00020|UHOC0003|3|EA|310800|KRW|932400|20180814|1300|
C|005186|2018|50004357880013|001|4300011037|00010|UHNC0018|1|EA|1111950|KRW|1111950|20180814|1300|
C|005186|2018|50004357880014|001|4300011037|00020|UHGC0203|5|EA|103950|KRW|519750|20180814|1300|
C|005186|2018|50004357880015|001|4300011038|00010|UHFC0112|1|EA|695310|KRW|695310|20180814|1300|
C|005186|2018|50004357880016|001|4300011038|00020|UHGC0336|1|EA|347000|KRW|347000|20180814|1300|
C|005186|2018|50004357880017|001|4300011038|00030|UHDC0063|5|EA|304500|KRW|304500|20180814|1300|
C|005186|2018|50004357890001|001|4300011026|00010|UGBC1260|1|EA|458000|KRW|458000|20180814|1300|
C|005186|2018|50004357890002|001|4300011026|00050|UGBC1464|1|EA|954000|KRW|954000|20180814|1300|
C|005186|2018|50004357890003|001|4300011027|00010|UGBC1246|1|EA|1821100|KRW|1821100|20180814|1300|
C|005186|2018|50004358000001|001|4300010426|00010|UALC0120|1|EA|110000|KRW|110000|20180814|1300|
C|005186|2018|50004358000002|001|4300010426|00020|UALC0121|2|EA|200000|KRW|400000|20180814|1300|
C|005186|2018|50004358000003|001|4300010593|00020|UHTC0849|1|EA|63000|KRW|63000|20180814|1300|
C|005186|2018|50004358010001|001|4300011047|00040|UICC0061|3|EA|4540|KRW|13620|20180814|1300|
C|005186|2018|50004358010002|001|4300011052|00020|UEBC0454|7|EA|1520|KRW|10640|20180814|1300|
C|005186|2018|50004358010003|001|4300011055|00040|UDBC1062|100|EA|1800|KRW|18000|20180814|1300|
C|005186|2018|50004358010004|001|4300011055|00050|UEBC1512|12|EA|50620|KRW|303720|20180814|1300|
C|005186|2018|50004358010005|001|4300011055|00060|UKBC0056|1|EA|50400|KRW|50400|20180814|1300|
C|005186|2018|50004358010006|001|4300011070|00010|UBEC0007|3|EA|112200|KRW|336600|20180814|1300|
C|005186|2018|50004358010007|001|4300011103|00030|UICC0061|2|EA|4540|KRW|9080|20180814|1300|
C|005186|2018|50004358010008|001|4300011104|00040|UKGC0010|1|EA|27370|KRW|27370|20180814|1300|
C|005186|2018|50004358010009|001|4300011104|00050|UGCC0510|1|EA|41060|KRW|41060|20180814|1300|
C|005186|2018|50004358010010|001|4300011104|00060|UGCC0503|1|EA|66200|KRW|66200|20180814|1300|
C|005186|2018|50004358010011|001|4300011104|00070|UGCC0713|1|EA|35500|KRW|35500|20180814|1300|
C|005186|2018|50004358010012|001|4300011105|00010|UKEC0024|10|EA|15200|KRW|15200|20180814|1300|
C|005186|2018|50004358010013|001|4300011106|00020|UCHC0023|9|EA|100000|KRW|900000|20180814|1300|
C|005186|2018|50004358010014|001|4300011106|00030|UCHC0033|8|EA|93000|KRW|744000|20180814|1300|
C|005186|2018|50004358020001|001|4300010679|00010|UGCC0695|8|EA|28630|KRW|229040|20180814|1300|
C|005186|2018|50004358030001|001|4300010124|00020|UICC0038|30|EA|4520|KRW|135600|20180814|1300|
C|005186|2018|50004358030002|001|4300010129|00050|UHGC0346|1|EA|63000|KRW|63000|20180814|1300|
C|005186|2018|50004358030003|001|4300011071|00010|UHHC0145|2|EA|81690|KRW|163380|20180814|1300|
C|005186|2018|50004358030004|001|4300011093|00010|UGAC0057|1|EA|152250|KRW|152250|20180814|1300|
C|005186|2018|50004358030005|001|4300011094|00010|UGAC0053|1|EA|69880|KRW|69880|20180814|1300|
C|005186|2018|50004358030006|001|4300011098|00010|UGAC0056|1|EA|139760|KRW|139760|20180814|1300|
C|005186|2018|50004358030007|001|4300011103|00040|UIDC0141|3|EA|232280|KRW|696840|20180814|1300|
C|005186|2018|50004358030008|001|4300011105|00030|UHTC0486|1|EA|46410|KRW|46410|20180814|1300|
C|005186|2018|50004358040001|001|4300011048|00010|UGCC0652|5|EA|348600|KRW|1743000|20180814|1300|
C|005186|2018|50004358040002|001|4300011051|00010|UGCC0646|5|EA|383300|KRW|1916500|20180814|1300|
C|005186|2018|50004358040003|001|4300011055|00030|UEBC1507|4|EA|37100|KRW|148400|20180814|1300|
C|005186|2018|50004358040004|001|4300011055|00080|UDFC0206|100|EA|26300|KRW|263000|20180814|1300|
C|005186|2018|50004358040005|001|4300011063|00010|UGCC0644|5|EA|136500|KRW|682500|20180814|1300|
C|005186|2018|50004358040006|001|4300011064|00010|UGCC0650|5|EA|277030|KRW|1385150|20180814|1300|
C|005186|2018|50004358040007|001|4300011065|00010|UHDC0099|100|EA|3150|KRW|315000|20180814|1300|
C|005186|2018|50004358040008|001|4300011065|00020|UHHC0071|1|EA|573300|KRW|573300|20180814|1300|
C|005186|2018|50004358040009|001|4300011065|00030|UHHC0072|1|EA|412650|KRW|412650|20180814|1300|
C|005186|2018|50004358040010|001|4300011069|00010|UHGC0254|2|EA|800000|KRW|1600000|20180814|1300|
C|005186|2018|50004358040011|001|4300011091|00010|UHFC0331|3|EA|83000|KRW|249000|20180814|1300|
C|005186|2018|50004358040012|001|4300011091|00020|UHNC0118|1|EA|483000|KRW|483000|20180814|1300|
C|005186|2018|50004358040013|001|4300011091|00030|UHNC0009|1|EA|346500|KRW|346500|20180814|1300|
C|005186|2018|50004358040014|001|4300011091|00040|UHNC0007|1|EA|346500|KRW|346500|20180814|1300|
C|005186|2018|50004358040015|001|4300011091|00050|UHHC0132|1|EA|543900|KRW|543900|20180814|1300|
C|005186|2018|50004358040016|001|4300011092|00010|UEAC0184|5|EA|1897400|KRW|1897400|20180814|1300|
C|005186|2018|50004358040017|001|4300011105|00020|UZZC0164|600|EA|164600|KRW|493800|20180814|1300|
C|005186|2018|50004358050001|001|4300011046|00020|UDEC0016|5|EA|47350|KRW|47350|20180814|1300|
C|005186|2018|50004358050002|001|4300011046|00030|UDEC0049|2|EA|27510|KRW|55020|20180814|1300|
C|005186|2018|50004358050003|001|4300011046|00040|UDBC0804|2|EA|387200|KRW|774400|20180814|1300|
C|005186|2018|50004358050004|001|4300011046|00050|UDBC0805|2|EA|248000|KRW|496000|20180814|1300|
C|005186|2018|50004358050005|001|4300011047|00010|UEBC1295|10|EA|42250|KRW|84500|20180814|1300|
C|005186|2018|50004358050006|001|4300011047|00020|UEBC1262|10|EA|30687|KRW|306870|20180814|1300|
C|005186|2018|50004358050007|001|4300011047|00060|UEAC1122|1|EA|1135000|KRW|1135000|20180814|1300|
C|005186|2018|50004358050008|001|4300011049|00020|UEBC0170|2|EA|705600|KRW|1411200|20180814|1300|
C|005186|2018|50004358050009|001|4300011052|00030|UEBC1005|1|EA|17230|KRW|17230|20180814|1300|
C|005186|2018|50004358050010|001|4300011052|00040|UEBC0310|4|EA|46540|KRW|93080|20180814|1300|
C|005186|2018|50004358050011|001|4300011052|00060|UEBC1385|8|EA|6760|KRW|54080|20180814|1300|
C|005186|2018|50004358050012|001|4300011052|00070|UEBC0021|10|EA|20550|KRW|205500|20180814|1300|
C|005186|2018|50004358050013|001|4300011052|00080|UCIC0191|1|EA|630700|KRW|630700|20180814|1300|
C|005186|2018|50004358050014|001|4300011067|00020|UEBC1408|50|EA|4880|KRW|244000|20180814|1300|
C|005186|2018|50004358050015|001|4300011107|00030|UHGC0072|1|EA|223650|KRW|223650|20180814|1300|
C|005186|2018|50004358050016|001|4300011107|00040|UHGC0081|1|EA|106050|KRW|106050|20180814|1300|
C|005186|2018|50004358060001|001|4300011112|00120|KS061503|7|EA|3150|KRW|22050|20180814|1300|
C|005186|2018|50004358060002|001|4300011112|00130|KS061505|2|EA|6230|KRW|12460|20180814|1300|
C|005186|2018|50004358060003|001|4300011112|00140|KS061508|2|EA|10510|KRW|21020|20180814|1300|
C|005186|2018|50004358060004|001|4300011112|00150|KS067004|3|EA|2000|KRW|6000|20180814|1300|
C|005186|2018|50004358060005|001|4300011112|00160|KS067208|5|EA|7940|KRW|39700|20180814|1300|
C|005186|2018|50004358060006|001|4300011112|00170|KS067210|2|EA|14350|KRW|28700|20180814|1300|
C|005186|2018|50004358060007|001|4300011112|00180|KS080705|2|EA|18500|KRW|37000|20180814|1300|
C|005186|2018|50004358060008|001|4300011112|00190|KS080711|4|EA|32300|KRW|129200|20180814|1300|
C|005186|2018|50004358060009|001|4300011112|00200|KS080721|1|EA|71710|KRW|71710|20180814|1300|
C|005186|2018|50004358060010|001|4300011117|00010|UEBC0647|3|EA|45680|KRW|137040|20180814|1300|
C|005186|2018|50004358060011|001|4300011118|00010|UGCC0073|1|EA|136500|KRW|136500|20180814|1300|
C|005186|2018|50004358060012|001|4300011118|00020|UGCC0650|2|EA|277030|KRW|554060|20180814|1300|
C|005186|2018|50004358060013|001|4300011121|00030|UEBC0418|10|EA|40580|KRW|202900|20180814|1300|
C|005186|2018|50004358060014|001|4300011121|00040|UEBC0268|2|EA|91350|KRW|182700|20180814|1300|
C|005186|2018|50004358060015|001|4300011121|00050|UEBC0238|10|EA|19000|KRW|38000|20180814|1300|
C|005186|2018|50004358060016|001|4300011121|00060|UEBC0115|10|EA|20000|KRW|20000|20180814|1300|
C|005186|2018|50004358060017|001|4300011121|00070|UEAC1128|2|EA|185100|KRW|370200|20180814|1300|
C|005186|2018|50004358070001|001|4300011118|00030|UGBC0465|100|EA|127000|KRW|127000|20180814|1300|
C|005186|2018|50004358070002|001|4300011118|00040|UDAC0390|100|EA|261000|KRW|522000|20180814|1300|
C|005186|2018|50004358070003|001|4300011118|00050|UDAC0391|100|EA|261000|KRW|522000|20180814|1300|
C|005186|2018|50004358070004|001|4300011118|00060|UDBC0532|100|EA|19000|KRW|19000|20180814|1300|
C|005186|2018|50004358070005|001|4300011119|00010|UGBC0780|50|EA|5700|KRW|28500|20180814|1300|
C|005186|2018|50004358070006|001|4300011119|00020|UGBC0781|50|EA|5800|KRW|29000|20180814|1300|
C|005186|2018|50004358080001|001|4300011103|00010|UJCC0024|40|EA|87200|KRW|174400|20180814|1300|
C|005186|2018|50004358080002|001|4300011103|00020|UZZC0086|40|EA|9180|KRW|367200|20180814|1300|
C|005186|2018|50004358080003|001|4300011112|00010|KT020005|2|EA|5640|KRW|11280|20180814|1300|
C|005186|2018|50004358080004|001|4300011112|00020|KT020012|2|EA|13110|KRW|26220|20180814|1300|
C|005186|2018|50004358080005|001|4300011112|00030|KT020021|1|EA|28350|KRW|28350|20180814|1300|
C|005186|2018|50004358080006|001|4300011112|00040|KT020500|10|EA|31100|KRW|31100|20180814|1300|
C|005186|2018|50004358080007|001|4300011112|00050|KT020610|2|EA|29150|KRW|58300|20180814|1300|
C|005186|2018|50004358080008|001|4300011112|00060|KT020611|1|EA|28140|KRW|28140|20180814|1300|
C|005186|2018|50004358080009|001|4300011112|00070|KT020700|24|EA|2680|KRW|64320|20180814|1300|
C|005186|2018|50004358080010|001|4300011112|00080|KT080500|1|EA|26500|KRW|26500|20180814|1300|
C|005186|2018|50004358080011|001|4300011112|00090|KT080520|5|EA|2760|KRW|13800|20180814|1300|
C|005186|2018|50004358080012|001|4300011112|00100|KT990001|100|EA|5100|KRW|51000|20180814|1300|
C|005186|2018|50004358080013|001|4300011112|00110|KT990010|50|EA|3700|KRW|18500|20180814|1300|
