C|005186|2021|50006130210001|001|4300019187|00010|UEBC1415|1|EA|1900000|KRW|1900000|20210115|1300|
C|005186|2021|50006130210002|001|4300019194|00030|UEBC0387|5|EA|12980|KRW|64900|20210115|1300|
C|005186|2021|50006130210003|001|4300019194|00040|UEBC1609|5|EA|59000|KRW|295000|20210115|1300|
C|005186|2021|50006130210004|001|4300019194|00050|UEBC0730|5|EA|30030|KRW|150150|20210115|1300|
C|005186|2021|50006130210005|001|4300019194|00060|UGBC0768|40|EA|6090|KRW|24360|20210115|1300|
C|005186|2021|50006130210006|001|4300019195|00010|UEBC1806|5|EA|354900|KRW|1774500|20210115|1300|
C|005186|2021|50006130210007|001|4300019196|00020|UDDC0212|2|EA|124950|KRW|249900|20210115|1300|
C|005186|2021|50006130210008|001|4300019197|00050|UDDC0143|3|EA|68250|KRW|204750|20210115|1300|
C|005186|2021|50006130210009|001|4300019197|00060|UDBC0506|100|EA|103|KRW|10300|20210115|1300|
C|005186|2021|50006130210010|001|4300019197|00070|UEBC0787|40|EA|850|KRW|34000|20210115|1300|
C|005186|2021|50006130210011|001|4300019197|00080|UEBC0775|40|EA|920|KRW|36800|20210115|1300|
C|005186|2021|50006130210012|001|4300019197|00090|UDBC0742|500|EA|12|KRW|6000|20210115|1300|
C|005186|2021|50006130210013|001|4300019197|00100|UEBC1804|1|EA|92400|KRW|92400|20210115|1300|
C|005186|2021|50006130210014|001|4300019197|00140|UEBC0956|2|EA|65520|KRW|131040|20210115|1300|
C|005186|2021|50006130210015|001|4300019197|00150|UEBC1167|1|EA|46850|KRW|46850|20210115|1300|
C|005186|2021|50006130210016|001|4300019197|00160|UEBC1720|3|EA|286200|KRW|858600|20210115|1300|
C|005186|2021|50006130210017|001|4300019198|00010|UDBC0804|5|EA|387200|KRW|1936000|20210115|1300|
C|005186|2021|50006130220001|001|4300019165|00030|UFGC0034|1|EA|19690|KRW|19690|20210115|1300|
C|005186|2021|50006130220002|001|4300019194|00070|UAJC0052|50|EA|810|KRW|40500|20210115|1300|
C|005186|2021|50006130220003|001|4300019194|00080|UDBC0403|500|EA|27|KRW|13500|20210115|1300|
C|005186|2021|50006130220004|001|4300019194|00090|UDBC0405|500|EA|27|KRW|13500|20210115|1300|
C|005186|2021|50006130220005|001|4300019194|00100|UDBC0407|500|EA|30|KRW|15000|20210115|1300|
C|005186|2021|50006130220006|001|4300019194|00110|UDBC0803|500|EA|8|KRW|4000|20210115|1300|
C|005186|2021|50006130220007|001|4300019194|00120|UDBC0801|500|EA|6|KRW|3000|20210115|1300|
C|005186|2021|50006130220008|001|4300019194|00130|UDBC0802|500|EA|11|KRW|5500|20210115|1300|
C|005186|2021|50006130220009|001|4300019197|00010|UDBC0422|500|EA|6900|KRW|34500|20210115|1300|
C|005186|2021|50006130220010|001|4300019197|00020|UDBC0373|500|EA|22|KRW|11000|20210115|1300|
C|005186|2021|50006130220011|001|4300019197|00030|UDBC0319|500|EA|8|KRW|4000|20210115|1300|
C|005186|2021|50006130220012|001|4300019197|00040|UEBC0895|5|EA|25200|KRW|126000|20210115|1300|
C|005186|2021|50006130220013|001|4300019197|00120|UGBC0415|10|EA|810|KRW|8100|20210115|1300|
C|005186|2021|50006130220014|001|4300019197|00130|UEBC0471|10|EA|10970|KRW|109700|20210115|1300|
C|005186|2021|50006130220015|001|4300019197|00170|UEBC1472|10|EA|9860|KRW|98600|20210115|1300|
