C|005186|2020|50005727220001|001|4300017176|00080|UGBC1799|30|EA|6720|KRW|201600|20200624|1300|
C|005186|2020|50005727220002|001|4300017192|00010|UAGC0599|5|EA|5290|KRW|26450|20200624|1300|
C|005186|2020|50005727220003|001|4300017192|00020|UAGC0600|3|EA|5290|KRW|15870|20200624|1300|
C|005186|2020|50005727220004|001|4300017192|00030|UAGC0601|1|EA|61950|KRW|61950|20200624|1300|
C|005186|2020|50005727220005|001|4300017192|00040|UAGC0602|1|EA|61950|KRW|61950|20200624|1300|
C|005186|2020|50005727220006|001|4300017192|00050|UAGC0603|1|EA|52500|KRW|52500|20200624|1300|
C|005186|2020|50005727230001|001|4300017192|00120|UDFC0235|50|EA|57600|KRW|288000|20200624|1300|
C|005186|2020|50005727240001|001|4300017089|00010|UHDC0024|10|EA|91600|KRW|916000|20200624|1300|
C|005186|2020|50005727240002|001|4300017089|00020|UHGC0134|1|EA|756000|KRW|756000|20200624|1300|
C|005186|2020|50005727240003|001|4300017090|00010|UHGC0134|2|EA|756000|KRW|1512000|20200624|1300|
C|005186|2020|50005727240004|001|4300017119|00010|KE110200|20|EA|65100|KRW|1302000|20200624|1300|
C|005186|2020|50005727250001|001|4300017095|00020|UHGC0137|2|EA|415800|KRW|831600|20200624|1300|
C|005186|2020|50005727250002|001|4300017095|00030|UFJC0014|2|EA|78750|KRW|157500|20200624|1300|
C|005186|2020|50005727250003|001|4300017095|00040|UHGC0294|5|EA|96460|KRW|482300|20200624|1300|
C|005186|2020|50005727250004|001|4300017095|00050|UHGC0201|2|EA|103950|KRW|207900|20200624|1300|
C|005186|2020|50005727250005|001|4300017095|00060|UHGC0238|5|EA|144750|KRW|144750|20200624|1300|
C|005186|2020|50005727250006|001|4300017109|00010|UHGC0197|5|EA|180000|KRW|180000|20200624|1300|
C|005186|2020|50005727250007|001|4300017109|00020|UHTC0244|20|EA|70000|KRW|70000|20200624|1300|
C|005186|2020|50005727250008|001|4300017110|00010|UHGC0294|10|EA|96460|KRW|964600|20200624|1300|
C|005186|2020|50005727250009|001|4300017110|00020|UHNC0136|1|EA|947380|KRW|947380|20200624|1300|
C|005186|2020|50005727250010|001|4300017125|00010|UFJC0010|12|EA|58940|KRW|707280|20200624|1300|
C|005186|2020|50005727250011|001|4300017125|00020|UHFC0130|3|EA|41900|KRW|125700|20200624|1300|
C|005186|2020|50005727250012|001|4300017125|00040|UHFC0231|5|EA|2405|KRW|12025|20200624|1300|
C|005186|2020|50005727250013|001|4300017125|00050|UHFC0232|5|EA|9790|KRW|48950|20200624|1300|
C|005186|2020|50005727250014|001|4300017125|00060|UHFC0233|5|EA|11660|KRW|58300|20200624|1300|
C|005186|2020|50005727250015|001|4300017125|00070|UHFC0234|2|EA|12075|KRW|24150|20200624|1300|
C|005186|2020|50005727250016|001|4300017125|00080|UHFC0235|3|EA|12800|KRW|38400|20200624|1300|
C|005186|2020|50005727260001|001|4300017175|00010|UEAC1169|3|EA|179760|KRW|539280|20200624|1300|
C|005186|2020|50005727260002|001|4300017190|00010|UBEC0001|10|EA|189000|KRW|189000|20200624|1300|
C|005186|2020|50005727260003|001|4300017190|00020|UFGC0047|10|EA|6350|KRW|63500|20200624|1300|
C|005186|2020|50005727260004|001|4300017190|00030|UFGC0055|5|EA|172860|KRW|864300|20200624|1300|
C|005186|2020|50005727260005|001|4300017191|00020|UDBC1152|1000|EA|4600|KRW|46000|20200624|1300|
C|005186|2020|50005727260006|001|4300017191|00030|UEBC1735|6|EA|15300|KRW|91800|20200624|1300|
C|005186|2020|50005727260007|001|4300017192|00090|UDBC1151|500|EA|1300|KRW|13000|20200624|1300|
C|005186|2020|50005727260008|001|4300017192|00100|UDDC3910|5|EA|4100|KRW|20500|20200624|1300|
C|005186|2020|50005727260009|001|4300017196|00060|UDBC0974|40|EA|4500|KRW|18000|20200624|1300|
C|005186|2020|50005727260010|001|4300017196|00090|UEAC0002|1|EA|149630|KRW|149630|20200624|1300|
C|005186|2020|50005727260011|001|4300017196|00100|UDAC0040|10|EA|3830|KRW|38300|20200624|1300|
C|005186|2020|50005727260012|001|4300017196|00110|UDEC0010|1|EA|247170|KRW|247170|20200624|1300|
C|005186|2020|50005727260013|001|4300017196|00120|UDDC0329|1|EA|18400|KRW|18400|20200624|1300|
C|005186|2020|50005727260014|001|4300017196|00270|UDEC0026|1|EA|126590|KRW|126590|20200624|1300|
