C|005186|2013|50000369530001|001|4300000537|00050|CMA0002|300|EA|1530|KRW|459000|20131031|1300|
C|005186|2013|50000369530002|001|4300000537|00060|CMA0017|10|EA|780|KRW|7800|20131031|1300|
C|005186|2013|50000369530003|001|4300000537|00080|CMZ0032|20|EA|1970|KRW|39400|20131031|1300|
C|005186|2013|50000369540001|001|4300000676|00010|CMF0004|4|EA|22050|KRW|88200|20131031|1300|
C|005186|2013|50000369540002|001|4300000677|00030|CMA0017|30|EA|780|KRW|23400|20131031|1300|
C|005186|2013|50000369540003|001|4300000677|00050|CMA0003|10|EA|950|KRW|9500|20131031|1300|
C|005186|2013|50000369540004|001|4300000677|00070|CMZ0032|30|EA|1970|KRW|59100|20131031|1300|
C|005186|2013|50000369540005|001|4300000677|00080|CMH0006|6|EA|400|KRW|2400|20131031|1300|
C|005186|2013|50000369540006|001|4300000677|00100|CMF0001|3|EA|1680|KRW|5040|20131031|1300|
C|005186|2013|50000369540007|001|4300000677|00110|CMH0007|4|EA|11700|KRW|46800|20131031|1300|
C|005186|2013|50000369540008|001|4300000677|00130|CMF0002|2|EA|1100|KRW|2200|20131031|1300|
C|005186|2013|50000369550001|001|4300000684|00030|CMH0007|1|EA|11700|KRW|11700|20131031|1300|
C|005186|2013|50000369550002|001|4300000684|00080|CMF0001|2|EA|1680|KRW|3360|20131031|1300|
C|005186|2013|50000369550003|001|4300000684|00090|CMF0003|3|EA|1820|KRW|5460|20131031|1300|
C|005186|2013|50000369550004|001|4300000684|00110|CMG0001|10|EA|1840|KRW|18400|20131031|1300|
C|005186|2013|50000369550005|001|4300000684|00120|CMZ0032|2|EA|1970|KRW|3940|20131031|1300|
C|005186|2013|50000369550006|001|4300000685|00090|CMH0007|1|EA|11700|KRW|11700|20131031|1300|
C|005186|2013|50000369550007|001|4300000686|00040|CMA0017|5|EA|780|KRW|3900|20131031|1300|
C|005186|2013|50000369560001|001|4300000602|00160|CMF0005|6|EA|20700|KRW|124200|20131031|1300|
C|005186|2013|50000369560002|001|4300000603|00130|CMF0005|2|EA|20700|KRW|41400|20131031|1300|
C|005186|2013|50000369560003|001|4300000605|00160|CMF0005|6|EA|20700|KRW|124200|20131031|1300|
C|005186|2013|50000369560004|001|4300000619|00120|CMF0005|6|EA|20700|KRW|124200|20131031|1300|
C|005186|2013|50000369560005|001|4300000622|00080|CMF0005|2|EA|20700|KRW|41400|20131031|1300|
C|005186|2013|50000369560006|001|4300000623|00150|CMF0005|5|EA|20700|KRW|103500|20131031|1300|
C|005186|2013|50000369560007|001|4300000624|00110|CMF0005|3|EA|20700|KRW|62100|20131031|1300|
C|005186|2013|50000369570001|001|4300000675|00010|CME0010|60|EA|285|KRW|17100|20131031|1300|
C|005186|2013|50000369570002|001|4300000675|00020|CMA0001|200|EA|240|KRW|48000|20131031|1300|
C|005186|2013|50000369570003|001|4300000675|00030|CMA0008|200|EA|690|KRW|138000|20131031|1300|
C|005186|2013|50000369570004|001|4300000675|00040|CMB0001|120|EA|655|KRW|78600|20131031|1300|
C|005186|2013|50000369580001|001|4300000677|00010|CMA0001|200|EA|240|KRW|48000|20131031|1300|
C|005186|2013|50000369580002|001|4300000677|00020|CMA0007|400|EA|270|KRW|108000|20131031|1300|
C|005186|2013|50000369580003|001|4300000677|00040|CMB0001|200|EA|655|KRW|131000|20131031|1300|
C|005186|2013|50000369580004|001|4300000677|00090|CMZ0006|3|EA|1155|KRW|3465|20131031|1300|
C|005186|2013|50000369580005|001|4300000677|00120|CMZ0006|3|EA|1155|KRW|3465|20131031|1300|
C|005186|2013|50000369580006|001|4300000677|00140|CMZ0004|3|EA|380|KRW|1140|20131031|1300|
