C|005186|2014|50000659370001|001|4300001265|00010|CMD0001|3|EA|9555|KRW|28665|20140331|1300|
C|005186|2014|50000659370002|001|4300001265|00020|CMA0002|60|EA|1530|KRW|91800|20140331|1300|
C|005186|2014|50000659370003|001|4300001265|00030|CMA0001|50|EA|240|KRW|12000|20140331|1300|
C|005186|2014|50000659370004|001|4300001265|00040|CMH0007|20|EA|11700|KRW|234000|20140331|1300|
C|005186|2014|50000659380001|001|4300001249|00010|CMA0001|80|EA|240|KRW|19200|20140331|1300|
C|005186|2014|50000659380002|001|4300001249|00020|CMA0007|220|EA|270|KRW|59400|20140331|1300|
C|005186|2014|50000659380003|001|4300001249|00030|CMH0007|1|EA|11700|KRW|11700|20140331|1300|
C|005186|2014|50000659380004|001|4300001249|00040|CMB0001|20|EA|655|KRW|13100|20140331|1300|
C|005186|2014|50000659380005|001|4300001249|00050|CMB0010|80|EA|1100|KRW|88000|20140331|1300|
C|005186|2014|50000659380006|001|4300001249|00060|CMC0007|5|EA|12100|KRW|60500|20140331|1300|
C|005186|2014|50000659380007|001|4300001249|00070|CMC0005|5|EA|190|KRW|950|20140331|1300|
C|005186|2014|50000659380008|001|4300001249|00090|CMZ0032|2|EA|1970|KRW|3940|20140331|1300|
C|005186|2014|50000659380009|001|4300001250|00010|CMA0001|320|EA|240|KRW|76800|20140331|1300|
C|005186|2014|50000659380010|001|4300001250|00020|CMA0007|30|EA|270|KRW|8100|20140331|1300|
C|005186|2014|50000659380011|001|4300001250|00030|CMA0017|10|EA|780|KRW|7800|20140331|1300|
C|005186|2014|50000659380012|001|4300001250|00040|CME0010|60|EA|285|KRW|17100|20140331|1300|
C|005186|2014|50000659380013|001|4300001250|00050|CME0013|5|EA|20300|KRW|101500|20140331|1300|
C|005186|2014|50000659380014|001|4300001250|00070|CMH0007|1|EA|11700|KRW|11700|20140331|1300|
C|005186|2014|50000659380015|001|4300001251|00010|CMA0001|80|EA|240|KRW|19200|20140331|1300|
C|005186|2014|50000659380016|001|4300001251|00020|CMA0007|40|EA|270|KRW|10800|20140331|1300|
C|005186|2014|50000659380017|001|4300001251|00030|CMA0008|40|EA|690|KRW|27600|20140331|1300|
C|005186|2014|50000659380018|001|4300001251|00040|CMB0001|40|EA|655|KRW|26200|20140331|1300|
C|005186|2014|50000659380019|001|4300001251|00050|CMF0001|2|EA|1680|KRW|3360|20140331|1300|
C|005186|2014|50000659380020|001|4300001251|00060|CME0010|40|EA|285|KRW|11400|20140331|1300|
C|005186|2014|50000659380021|001|4300001252|00010|CMF0001|1|EA|1680|KRW|1680|20140331|1300|
C|005186|2014|50000659380022|001|4300001252|00020|CMA0002|1|EA|1530|KRW|1530|20140331|1300|
C|005186|2014|50000659390001|001|4300001255|00010|CMA0001|200|EA|240|KRW|48000|20140331|1300|
C|005186|2014|50000659390002|001|4300001255|00020|CMA0007|400|EA|270|KRW|108000|20140331|1300|
C|005186|2014|50000659390003|001|4300001255|00030|CMA0017|30|EA|780|KRW|23400|20140331|1300|
C|005186|2014|50000659390004|001|4300001255|00040|CMB0001|200|EA|655|KRW|131000|20140331|1300|
C|005186|2014|50000659390005|001|4300001255|00050|CMA0003|10|EA|950|KRW|9500|20140331|1300|
C|005186|2014|50000659390006|001|4300001255|00080|CMZ0032|30|EA|1970|KRW|59100|20140331|1300|
C|005186|2014|50000659390007|001|4300001255|00090|CMH0006|6|EA|400|KRW|2400|20140331|1300|
C|005186|2014|50000659390008|001|4300001255|00100|CMZ0006|3|EA|1155|KRW|3465|20140331|1300|
C|005186|2014|50000659390009|001|4300001255|00110|CMF0001|3|EA|1680|KRW|5040|20140331|1300|
C|005186|2014|50000659390010|001|4300001255|00120|CMH0007|4|EA|11700|KRW|46800|20140331|1300|
C|005186|2014|50000659390011|001|4300001255|00130|CMZ0006|3|EA|1155|KRW|3465|20140331|1300|
C|005186|2014|50000659390012|001|4300001255|00140|CMF0002|2|EA|1100|KRW|2200|20140331|1300|
C|005186|2014|50000659390013|001|4300001255|00150|CMZ0004|3|EA|380|KRW|1140|20140331|1300|
C|005186|2014|50000659390014|001|4300001255|00160|CMF0004|2|EA|22050|KRW|44100|20140331|1300|
C|005186|2014|50000659400001|001|4300001256|00010|CMB0001|40|EA|655|KRW|26200|20140331|1300|
C|005186|2014|50000659400002|001|4300001256|00020|CMB0010|40|EA|1100|KRW|44000|20140331|1300|
C|005186|2014|50000659400003|001|4300001256|00030|CMF0004|5|EA|22050|KRW|110250|20140331|1300|
C|005186|2014|50000659400004|001|4300001256|00040|CMA0001|200|EA|240|KRW|48000|20140331|1300|
C|005186|2014|50000659400005|001|4300001256|00050|CMA0007|200|EA|270|KRW|54000|20140331|1300|
C|005186|2014|50000659400006|001|4300001256|00070|CMZ0032|40|EA|1970|KRW|78800|20140331|1300|
C|005186|2014|50000659400007|001|4300001259|00010|CME0005|50|EA|3465|KRW|173250|20140331|1300|
C|005186|2014|50000659410001|001|4300001247|00180|CMF0007|2|EA|1780|KRW|3560|20140331|1300|
C|005186|2014|50000659410002|001|4300001247|00190|CMF0008|2|EA|1785|KRW|3570|20140331|1300|
C|005186|2014|50000659410003|001|4300001254|00010|CMA0001|80|EA|240|KRW|19200|20140331|1300|
C|005186|2014|50000659410004|001|4300001254|00020|CMA0007|80|EA|270|KRW|21600|20140331|1300|
C|005186|2014|50000659410005|001|4300001254|00030|CMA0008|30|EA|690|KRW|20700|20140331|1300|
C|005186|2014|50000659410006|001|4300001254|00040|CMB0001|20|EA|655|KRW|13100|20140331|1300|
C|005186|2014|50000659420001|001|4300001235|00010|CMA0001|400|EA|240|KRW|96000|20140331|1300|
C|005186|2014|50000659420002|001|4300001235|00020|CMA0005|10|EA|2470|KRW|24700|20140331|1300|
C|005186|2014|50000659420003|001|4300001235|00030|CMA0007|300|EA|270|KRW|81000|20140331|1300|
C|005186|2014|50000659420004|001|4300001235|00040|CMA0016|10|EA|2840|KRW|28400|20140331|1300|
C|005186|2014|50000659420005|001|4300001235|00050|CMA0017|5|EA|780|KRW|3900|20140331|1300|
C|005186|2014|50000659420006|001|4300001235|00060|CMB0001|20|EA|655|KRW|13100|20140331|1300|
C|005186|2014|50000659420007|001|4300001235|00070|CMB0002|20|EA|2420|KRW|48400|20140331|1300|
C|005186|2014|50000659420008|001|4300001235|00080|CMB0010|20|EA|1100|KRW|22000|20140331|1300|
C|005186|2014|50000659420009|001|4300001235|00090|CME0001|18|EA|4910|KRW|88380|20140331|1300|
C|005186|2014|50000659420010|001|4300001235|00100|CME0002|20|EA|2300|KRW|46000|20140331|1300|
C|005186|2014|50000659420011|001|4300001235|00110|CME0010|100|EA|285|KRW|28500|20140331|1300|
C|005186|2014|50000659420012|001|4300001235|00120|CMF0001|2|EA|1680|KRW|3360|20140331|1300|
C|005186|2014|50000659420013|001|4300001235|00140|CMG0002|1|EA|6830|KRW|6830|20140331|1300|
C|005186|2014|50000659420014|001|4300001235|00150|CMH0007|1|EA|11700|KRW|11700|20140331|1300|
C|005186|2014|50000659420015|001|4300001235|00160|CMZ0003|2|EA|1470|KRW|2940|20140331|1300|
C|005186|2014|50000659420016|001|4300001235|00170|CMZ0004|10|EA|380|KRW|3800|20140331|1300|
C|005186|2014|50000659420017|001|4300001237|00010|CMA0001|100|EA|240|KRW|24000|20140331|1300|
C|005186|2014|50000659420018|001|4300001237|00020|CMA0002|10|EA|1530|KRW|15300|20140331|1300|
C|005186|2014|50000659420019|001|4300001237|00030|CMA0007|100|EA|270|KRW|27000|20140331|1300|
C|005186|2014|50000659420020|001|4300001237|00040|CMA0008|30|EA|690|KRW|20700|20140331|1300|
C|005186|2014|50000659420021|001|4300001237|00050|CMA0016|10|EA|2840|KRW|28400|20140331|1300|
C|005186|2014|50000659420022|001|4300001237|00060|CMA0017|10|EA|780|KRW|7800|20140331|1300|
C|005186|2014|50000659420023|001|4300001237|00070|CMB0001|20|EA|655|KRW|13100|20140331|1300|
C|005186|2014|50000659420024|001|4300001237|00080|CMB0003|180|EA|2420|KRW|435600|20140331|1300|
C|005186|2014|50000659420025|001|4300001237|00090|CME0001|13|EA|4910|KRW|63830|20140331|1300|
C|005186|2014|50000659420026|001|4300001237|00100|CME0006|3|EA|3400|KRW|10200|20140331|1300|
C|005186|2014|50000659420027|001|4300001237|00110|CMF0006|20|EA|11970|KRW|239400|20140331|1300|
C|005186|2014|50000659420028|001|4300001237|00120|CMF0021|5|EA|5400|KRW|27000|20140331|1300|
C|005186|2014|50000659420029|001|4300001237|00130|CMZ0014|1|EA|23300|KRW|23300|20140331|1300|
C|005186|2014|50000659420030|001|4300001237|00140|CMD0016|2|EA|30450|KRW|60900|20140331|1300|
C|005186|2014|50000659420031|001|4300001237|00150|CMD0011|2|EA|24150|KRW|48300|20140331|1300|
C|005186|2014|50000659420032|001|4300001239|00010|CMA0001|200|EA|240|KRW|48000|20140331|1300|
C|005186|2014|50000659420033|001|4300001239|00020|CMA0007|250|EA|270|KRW|67500|20140331|1300|
C|005186|2014|50000659420034|001|4300001239|00030|CMA0008|20|EA|690|KRW|13800|20140331|1300|
C|005186|2014|50000659420035|001|4300001239|00040|CMA0016|20|EA|2840|KRW|56800|20140331|1300|
C|005186|2014|50000659420036|001|4300001239|00050|CMB0002|160|EA|2420|KRW|387200|20140331|1300|
C|005186|2014|50000659420037|001|4300001239|00060|CMB0010|20|EA|1100|KRW|22000|20140331|1300|
C|005186|2014|50000659420038|001|4300001239|00070|CMC0005|10|EA|190|KRW|1900|20140331|1300|
C|005186|2014|50000659420039|001|4300001239|00080|CME0001|12|EA|4910|KRW|58920|20140331|1300|
C|005186|2014|50000659420040|001|4300001239|00090|CME0002|5|EA|2300|KRW|11500|20140331|1300|
C|005186|2014|50000659420041|001|4300001239|00110|CMF0006|1|EA|11970|KRW|11970|20140331|1300|
C|005186|2014|50000659420042|001|4300001239|00120|CMF0009|2|EA|5700|KRW|11400|20140331|1300|
C|005186|2014|50000659420043|001|4300001239|00130|CMF0021|2|EA|5400|KRW|10800|20140331|1300|
C|005186|2014|50000659420044|001|4300001239|00140|CMH0007|3|EA|11700|KRW|35100|20140331|1300|
C|005186|2014|50000659420045|001|4300001239|00150|CMZ0001|12|EA|765|KRW|9180|20140331|1300|
C|005186|2014|50000659420046|001|4300001239|00160|CMZ0004|10|EA|380|KRW|3800|20140331|1300|
C|005186|2014|50000659420047|001|4300001239|00170|CMZ0005|10|EA|750|KRW|7500|20140331|1300|
C|005186|2014|50000659420048|001|4300001239|00180|CMD0001|13|EA|9555|KRW|124215|20140331|1300|
C|005186|2014|50000659420049|001|4300001241|00010|CMA0001|250|EA|240|KRW|60000|20140331|1300|
C|005186|2014|50000659420050|001|4300001241|00020|CMA0002|10|EA|1530|KRW|15300|20140331|1300|
C|005186|2014|50000659420051|001|4300001241|00030|CMA0005|10|EA|2470|KRW|24700|20140331|1300|
C|005186|2014|50000659420052|001|4300001241|00040|CMA0007|200|EA|270|KRW|54000|20140331|1300|
C|005186|2014|50000659420053|001|4300001241|00050|CMA0008|150|EA|690|KRW|103500|20140331|1300|
C|005186|2014|50000659420054|001|4300001241|00060|CMB0002|100|EA|2420|KRW|242000|20140331|1300|
C|005186|2014|50000659420055|001|4300001241|00070|CMB0010|20|EA|1100|KRW|22000|20140331|1300|
C|005186|2014|50000659420056|001|4300001241|00080|CMC0002|3|EA|9350|KRW|28050|20140331|1300|
C|005186|2014|50000659420057|001|4300001241|00090|CMC0005|30|EA|190|KRW|5700|20140331|1300|
C|005186|2014|50000659420058|001|4300001241|00100|CME0010|50|EA|285|KRW|14250|20140331|1300|
C|005186|2014|50000659420059|001|4300001241|00110|CMF0001|7|EA|1680|KRW|11760|20140331|1300|
C|005186|2014|50000659420060|001|4300001241|00120|CMZ0002|10|EA|430|KRW|4300|20140331|1300|
C|005186|2014|50000659420061|001|4300001241|00130|CMZ0005|50|EA|750|KRW|37500|20140331|1300|
C|005186|2014|50000659420062|001|4300001241|00140|CMZ0006|30|EA|1155|KRW|34650|20140331|1300|
C|005186|2014|50000659420063|001|4300001241|00150|CMZ0009|40|EA|740|KRW|29600|20140331|1300|
C|005186|2014|50000659420064|001|4300001241|00160|CMZ0014|2|EA|23300|KRW|46600|20140331|1300|
C|005186|2014|50000659420065|001|4300001241|00170|CMZ0032|1|EA|1970|KRW|1970|20140331|1300|
C|005186|2014|50000659420066|001|4300001241|00180|CMD0016|2|EA|30450|KRW|60900|20140331|1300|
C|005186|2014|50000659420067|001|4300001243|00010|CMA0001|200|EA|240|KRW|48000|20140331|1300|
C|005186|2014|50000659420068|001|4300001243|00020|CMA0007|100|EA|270|KRW|27000|20140331|1300|
C|005186|2014|50000659420069|001|4300001243|00030|CMA0015|200|EA|2830|KRW|566000|20140331|1300|
C|005186|2014|50000659420070|001|4300001243|00040|CMA0016|100|EA|2840|KRW|284000|20140331|1300|
C|005186|2014|50000659420071|001|4300001243|00050|CMA0017|5|EA|780|KRW|3900|20140331|1300|
C|005186|2014|50000659420072|001|4300001243|00060|CMB0001|300|EA|655|KRW|196500|20140331|1300|
C|005186|2014|50000659420073|001|4300001243|00070|CMB0002|200|EA|2420|KRW|484000|20140331|1300|
C|005186|2014|50000659420074|001|4300001243|00080|CMC0003|50|EA|340|KRW|17000|20140331|1300|
C|005186|2014|50000659420075|001|4300001243|00090|CMC0005|50|EA|190|KRW|9500|20140331|1300|
C|005186|2014|50000659420076|001|4300001243|00100|CME0001|20|EA|4910|KRW|98200|20140331|1300|
C|005186|2014|50000659420077|001|4300001243|00110|CME0010|100|EA|285|KRW|28500|20140331|1300|
C|005186|2014|50000659420078|001|4300001243|00120|CMF0001|10|EA|1680|KRW|16800|20140331|1300|
C|005186|2014|50000659420079|001|4300001243|00130|CMF0002|2|EA|1100|KRW|2200|20140331|1300|
C|005186|2014|50000659420080|001|4300001243|00150|CMF0013|20|EA|760|KRW|15200|20140331|1300|
C|005186|2014|50000659420081|001|4300001243|00160|CMF0020|10|EA|700|KRW|7000|20140331|1300|
C|005186|2014|50000659420082|001|4300001243|00170|CMH0007|3|EA|11700|KRW|35100|20140331|1300|
C|005186|2014|50000659420083|001|4300001243|00180|CMZ0014|2|EA|23300|KRW|46600|20140331|1300|
C|005186|2014|50000659420084|001|4300001243|00190|CMD0016|2|EA|30450|KRW|60900|20140331|1300|
C|005186|2014|50000659420085|001|4300001244|00010|CMA0001|200|EA|240|KRW|48000|20140331|1300|
C|005186|2014|50000659420086|001|4300001244|00020|CMA0007|60|EA|270|KRW|16200|20140331|1300|
C|005186|2014|50000659420087|001|4300001244|00030|CMB0001|60|EA|655|KRW|39300|20140331|1300|
C|005186|2014|50000659420088|001|4300001244|00040|CMB0003|60|EA|2420|KRW|145200|20140331|1300|
C|005186|2014|50000659420089|001|4300001244|00050|CMB0010|100|EA|1100|KRW|110000|20140331|1300|
C|005186|2014|50000659420090|001|4300001244|00070|CME0001|13|EA|4910|KRW|63830|20140331|1300|
C|005186|2014|50000659420091|001|4300001244|00090|CMZ0014|1|EA|23300|KRW|23300|20140331|1300|
C|005186|2014|50000659420092|001|4300001245|00010|CMA0001|100|EA|240|KRW|24000|20140331|1300|
C|005186|2014|50000659420093|001|4300001245|00020|CMA0008|100|EA|690|KRW|69000|20140331|1300|
C|005186|2014|50000659420094|001|4300001245|00030|CMB0001|60|EA|655|KRW|39300|20140331|1300|
C|005186|2014|50000659420095|001|4300001245|00040|CME0010|40|EA|285|KRW|11400|20140331|1300|
C|005186|2014|50000659420096|001|4300001245|00050|CMH0007|4|EA|11700|KRW|46800|20140331|1300|
C|005186|2014|50000659420097|001|4300001246|00010|CMA0001|500|EA|240|KRW|120000|20140331|1300|
C|005186|2014|50000659420098|001|4300001246|00020|CMA0007|100|EA|270|KRW|27000|20140331|1300|
C|005186|2014|50000659420099|001|4300001246|00030|CMA0008|50|EA|690|KRW|34500|20140331|1300|
C|005186|2014|50000659420100|001|4300001246|00040|CMA0015|50|EA|2830|KRW|141500|20140331|1300|
C|005186|2014|50000659420101|001|4300001246|00050|CMA0016|100|EA|2840|KRW|284000|20140331|1300|
C|005186|2014|50000659420102|001|4300001246|00060|CMB0001|100|EA|655|KRW|65500|20140331|1300|
C|005186|2014|50000659420103|001|4300001246|00070|CMB0010|300|EA|1100|KRW|330000|20140331|1300|
C|005186|2014|50000659420104|001|4300001246|00080|CMC0005|100|EA|190|KRW|19000|20140331|1300|
C|005186|2014|50000659420105|001|4300001246|00100|CME0001|20|EA|4910|KRW|98200|20140331|1300|
C|005186|2014|50000659420106|001|4300001246|00110|CME0002|50|EA|2300|KRW|115000|20140331|1300|
C|005186|2014|50000659420107|001|4300001246|00120|CME0005|20|EA|3465|KRW|69300|20140331|1300|
C|005186|2014|50000659420108|001|4300001246|00130|CME0010|100|EA|285|KRW|28500|20140331|1300|
C|005186|2014|50000659420109|001|4300001246|00140|CME0013|5|EA|20300|KRW|101500|20140331|1300|
C|005186|2014|50000659420110|001|4300001246|00150|CMF0001|5|EA|1680|KRW|8400|20140331|1300|
C|005186|2014|50000659420111|001|4300001246|00160|CMF0004|3|EA|22050|KRW|66150|20140331|1300|
C|005186|2014|50000659420112|001|4300001246|00180|CMF0013|20|EA|760|KRW|15200|20140331|1300|
C|005186|2014|50000659420113|001|4300001246|00190|CMF0021|5|EA|5400|KRW|27000|20140331|1300|
C|005186|2014|50000659420114|001|4300001246|00200|CMH0007|3|EA|11700|KRW|35100|20140331|1300|
C|005186|2014|50000659420115|001|4300001246|00210|CMZ0006|10|EA|1155|KRW|11550|20140331|1300|
C|005186|2014|50000659420116|001|4300001246|00220|CMZ0014|2|EA|23300|KRW|46600|20140331|1300|
C|005186|2014|50000659420117|001|4300001247|00010|CMA0001|300|EA|240|KRW|72000|20140331|1300|
C|005186|2014|50000659420118|001|4300001247|00020|CMA0007|300|EA|270|KRW|81000|20140331|1300|
C|005186|2014|50000659420119|001|4300001247|00030|CMA0017|16|EA|780|KRW|12480|20140331|1300|
C|005186|2014|50000659420120|001|4300001247|00040|CMB0010|240|EA|1100|KRW|264000|20140331|1300|
C|005186|2014|50000659420121|001|4300001247|00050|CMC0005|50|EA|190|KRW|9500|20140331|1300|
C|005186|2014|50000659420122|001|4300001247|00070|CME0006|20|EA|3400|KRW|68000|20140331|1300|
C|005186|2014|50000659420123|001|4300001247|00080|CME0010|60|EA|285|KRW|17100|20140331|1300|
C|005186|2014|50000659420124|001|4300001247|00090|CMF0004|3|EA|22050|KRW|66150|20140331|1300|
C|005186|2014|50000659420125|001|4300001247|00110|CMF0007|5|EA|1780|KRW|8900|20140331|1300|
C|005186|2014|50000659420126|001|4300001247|00120|CMF0008|5|EA|1785|KRW|8925|20140331|1300|
C|005186|2014|50000659420127|001|4300001247|00130|CMF0013|10|EA|760|KRW|7600|20140331|1300|
C|005186|2014|50000659420128|001|4300001247|00140|CMF0020|10|EA|700|KRW|7000|20140331|1300|
C|005186|2014|50000659420129|001|4300001247|00150|CMH0007|3|EA|11700|KRW|35100|20140331|1300|
C|005186|2014|50000659420130|001|4300001247|00160|CMZ0005|10|EA|750|KRW|7500|20140331|1300|
C|005186|2014|50000659420131|001|4300001247|00170|CMZ0006|20|EA|1155|KRW|23100|20140331|1300|
C|005186|2014|50000659420132|001|4300001248|00010|CMA0001|80|EA|240|KRW|19200|20140331|1300|
C|005186|2014|50000659420133|001|4300001248|00020|CMB0007|80|EA|925|KRW|74000|20140331|1300|
C|005186|2014|50000659420134|001|4300001260|00010|CMA0001|400|EA|240|KRW|96000|20140331|1300|
C|005186|2014|50000659420135|001|4300001260|00020|CMA0005|10|EA|2470|KRW|24700|20140331|1300|
C|005186|2014|50000659420136|001|4300001260|00030|CMA0007|300|EA|270|KRW|81000|20140331|1300|
C|005186|2014|50000659420137|001|4300001260|00040|CMA0008|200|EA|690|KRW|138000|20140331|1300|
C|005186|2014|50000659420138|001|4300001260|00050|CMA0017|20|EA|780|KRW|15600|20140331|1300|
C|005186|2014|50000659420139|001|4300001260|00060|CMB0002|100|EA|2420|KRW|242000|20140331|1300|
C|005186|2014|50000659420140|001|4300001260|00070|CMB0003|100|EA|2420|KRW|242000|20140331|1300|
C|005186|2014|50000659420141|001|4300001260|00080|CMB0010|100|EA|1100|KRW|110000|20140331|1300|
C|005186|2014|50000659420142|001|4300001260|00090|CMC0005|200|EA|190|KRW|38000|20140331|1300|
C|005186|2014|50000659420143|001|4300001260|00110|CMF0013|10|EA|760|KRW|7600|20140331|1300|
C|005186|2014|50000659420144|001|4300001260|00120|CMF0014|10|EA|630|KRW|6300|20140331|1300|
C|005186|2014|50000659420145|001|4300001260|00130|CMF0015|10|EA|500|KRW|5000|20140331|1300|
C|005186|2014|50000659420146|001|4300001260|00140|CMF0016|10|EA|470|KRW|4700|20140331|1300|
C|005186|2014|50000659420147|001|4300001260|00150|CMF0020|10|EA|700|KRW|7000|20140331|1300|
C|005186|2014|50000659420148|001|4300001260|00160|CMF0022|5|EA|5400|KRW|27000|20140331|1300|
C|005186|2014|50000659420149|001|4300001260|00170|CMG0001|50|EA|1840|KRW|92000|20140331|1300|
C|005186|2014|50000659420150|001|4300001260|00180|CMZ0002|22|EA|430|KRW|9460|20140331|1300|
C|005186|2014|50000659420151|001|4300001260|00190|CMZ0014|1|EA|23300|KRW|23300|20140331|1300|
C|005186|2014|50000659420152|001|4300001260|00200|CMZ0015|1|EA|15500|KRW|15500|20140331|1300|
C|005186|2014|50000659420153|001|4300001261|00010|CMA0007|200|EA|270|KRW|54000|20140331|1300|
C|005186|2014|50000659420154|001|4300001261|00020|CMA0008|100|EA|690|KRW|69000|20140331|1300|
C|005186|2014|50000659420155|001|4300001261|00030|CMA0016|100|EA|2840|KRW|284000|20140331|1300|
C|005186|2014|50000659420156|001|4300001261|00040|CMA0017|10|EA|780|KRW|7800|20140331|1300|
C|005186|2014|50000659420157|001|4300001261|00050|CMB0001|200|EA|655|KRW|131000|20140331|1300|
C|005186|2014|50000659420158|001|4300001261|00060|CMB0010|200|EA|1100|KRW|220000|20140331|1300|
C|005186|2014|50000659420159|001|4300001261|00070|CMC0005|200|EA|190|KRW|38000|20140331|1300|
C|005186|2014|50000659420160|001|4300001261|00080|CME0002|30|EA|2300|KRW|69000|20140331|1300|
C|005186|2014|50000659420161|001|4300001261|00090|CME0010|180|EA|285|KRW|51300|20140331|1300|
C|005186|2014|50000659420162|001|4300001261|00100|CMF0001|10|EA|1680|KRW|16800|20140331|1300|
C|005186|2014|50000659420163|001|4300001261|00110|CMF0002|10|EA|1100|KRW|11000|20140331|1300|
C|005186|2014|50000659420164|001|4300001261|00130|CMF0020|10|EA|700|KRW|7000|20140331|1300|
C|005186|2014|50000659420165|001|4300001261|00140|CMH0007|4|EA|11700|KRW|46800|20140331|1300|
C|005186|2014|50000659420166|001|4300001261|00150|CMZ0001|40|EA|765|KRW|30600|20140331|1300|
C|005186|2014|50000659420167|001|4300001261|00160|CMZ0002|40|EA|430|KRW|17200|20140331|1300|
C|005186|2014|50000659420168|001|4300001261|00170|CMZ0004|50|EA|380|KRW|19000|20140331|1300|
C|005186|2014|50000659420169|001|4300001261|00180|CMZ0006|30|EA|1155|KRW|34650|20140331|1300|
C|005186|2014|50000659430001|001|4300001244|00060|CMD0016|2|EA|30450|KRW|60900|20140331|1300|
C|005186|2014|50000659430002|001|4300001246|00090|CMD0011|2|EA|24150|KRW|48300|20140331|1300|
C|005186|2014|50000659430003|001|4300001246|00230|CMD0016|1|EA|30450|KRW|30450|20140331|1300|
C|005186|2014|50000659430004|001|4300001247|00060|CMD0016|1|EA|30450|KRW|30450|20140331|1300|
C|005186|2014|50000659430005|001|4300001248|00030|CMD0016|2|EA|30450|KRW|60900|20140331|1300|
C|005186|2014|50000659430006|001|4300001249|00100|CMD0016|1|EA|30450|KRW|30450|20140331|1300|
C|005186|2014|50000659430007|001|4300001252|00030|CMD0016|1|EA|30450|KRW|30450|20140331|1300|
C|005186|2014|50000659430008|001|4300001254|00050|CMD0011|3|EA|24150|KRW|72450|20140331|1300|
C|005186|2014|50000659430009|001|4300001255|00060|CMD0016|3|EA|30450|KRW|91350|20140331|1300|
C|005186|2014|50000659430010|001|4300001260|00100|CMD0011|4|EA|24150|KRW|96600|20140331|1300|
C|005186|2014|50000659430011|001|4300001260|00210|CMD0011|20|EA|24150|KRW|483000|20140331|1300|
C|005186|2014|50000659430012|001|4300001260|00220|CMD0016|4|EA|30450|KRW|121800|20140331|1300|
C|005186|2014|50000659430013|001|4300001261|00190|CMD0011|14|EA|24150|KRW|338100|20140331|1300|
C|005186|2014|50000659440001|001|4300001235|00130|CMF0005|5|EA|20700|KRW|103500|20140331|1300|
C|005186|2014|50000659440002|001|4300001239|00100|CMF0005|3|EA|20700|KRW|62100|20140331|1300|
C|005186|2014|50000659440003|001|4300001243|00140|CMF0005|2|EA|20700|KRW|41400|20140331|1300|
C|005186|2014|50000659440004|001|4300001244|00080|CMF0005|2|EA|20700|KRW|41400|20140331|1300|
C|005186|2014|50000659440005|001|4300001246|00170|CMF0005|3|EA|20700|KRW|62100|20140331|1300|
C|005186|2014|50000659440006|001|4300001249|00080|CMF0005|1|EA|20700|KRW|20700|20140331|1300|
C|005186|2014|50000659440007|001|4300001250|00060|CMF0005|3|EA|20700|KRW|62100|20140331|1300|
C|005186|2014|50000659440008|001|4300001251|00070|CMF0005|2|EA|20700|KRW|41400|20140331|1300|
C|005186|2014|50000659440009|001|4300001255|00070|CMF0005|1|EA|20700|KRW|20700|20140331|1300|
C|005186|2014|50000659440010|001|4300001256|00060|CMF0005|5|EA|20700|KRW|103500|20140331|1300|
C|005186|2014|50000659440011|001|4300001261|00120|CMF0005|2|EA|20700|KRW|41400|20140331|1300|
C|005186|2014|50000659450001|001|4300001247|00100|CMF0005|3|EA|20700|KRW|62100|20140331|1300|
