C|005186|2016|50003026610001|001|4300006389|00010|CMA0001|700|EA|151|KRW|105700|20161122|1300|
C|005186|2016|50003026610002|001|4300006389|00020|CMA0007|600|EA|151|KRW|90600|20161122|1300|
C|005186|2016|50003026610003|001|4300006389|00030|CMA0008|300|EA|470|KRW|141000|20161122|1300|
C|005186|2016|50003026610004|001|4300006389|00050|CMB0001|500|EA|520|KRW|260000|20161122|1300|
C|005186|2016|50003026610005|001|4300006389|00070|CMC0005|600|EA|150|KRW|90000|20161122|1300|
C|005186|2016|50003026610006|001|4300006389|00080|CMF0004|3|EA|17000|KRW|51000|20161122|1300|
C|005186|2016|50003026610007|001|4300006389|00100|CMG0001|20|EA|1290|KRW|25800|20161122|1300|
C|005186|2016|50003026610008|001|4300006389|00110|CMH0004|5|EA|600|KRW|3000|20161122|1300|
C|005186|2016|50003026610009|001|4300006389|00120|CMH0005|10|EA|720|KRW|7200|20161122|1300|
C|005186|2016|50003026610010|001|4300006389|00130|CMH0006|10|EA|460|KRW|4600|20161122|1300|
C|005186|2016|50003026610011|001|4300006389|00150|CMZ0001|100|EA|760|KRW|76000|20161122|1300|
C|005186|2016|50003026610012|001|4300006389|00160|CMZ0002|100|EA|400|KRW|40000|20161122|1300|
C|005186|2016|50003026610013|001|4300006389|00170|CMZ0004|100|EA|220|KRW|22000|20161122|1300|
C|005186|2016|50003026610014|001|4300006389|00180|CMZ0005|100|EA|810|KRW|81000|20161122|1300|
C|005186|2016|50003026620001|001|4300006371|00030|CMA0001|500|EA|151|KRW|75500|20161122|1300|
C|005186|2016|50003026620002|001|4300006371|00050|CMA0007|200|EA|151|KRW|30200|20161122|1300|
C|005186|2016|50003026620003|001|4300006371|00060|CMA0008|100|EA|470|KRW|47000|20161122|1300|
C|005186|2016|50003026620004|001|4300006371|00070|CMB0001|220|EA|520|KRW|114400|20161122|1300|
C|005186|2016|50003026620005|001|4300006371|00080|CMB0003|120|EA|2200|KRW|264000|20161122|1300|
C|005186|2016|50003026620006|001|4300006371|00110|CME0002|10|EA|1100|KRW|11000|20161122|1300|
C|005186|2016|50003026630001|001|4300006376|00010|CMA0001|200|EA|151|KRW|30200|20161122|1300|
C|005186|2016|50003026630002|001|4300006376|00020|CMA0007|250|EA|151|KRW|37750|20161122|1300|
C|005186|2016|50003026630003|001|4300006376|00040|CMB0002|100|EA|2100|KRW|210000|20161122|1300|
C|005186|2016|50003026630004|001|4300006376|00050|CMC0005|30|EA|150|KRW|4500|20161122|1300|
C|005186|2016|50003026630005|001|4300006376|00060|CMD0001|2|EA|8000|KRW|16000|20161122|1300|
C|005186|2016|50003026630006|001|4300006376|00130|CMZ0004|10|EA|220|KRW|2200|20161122|1300|
C|005186|2016|50003026630007|001|4300006376|00140|CMZ0005|20|EA|810|KRW|16200|20161122|1300|
C|005186|2016|50003026640001|001|4300006378|00010|CMA0001|300|EA|151|KRW|45300|20161122|1300|
C|005186|2016|50003026640002|001|4300006378|00040|CMB0001|240|EA|520|KRW|124800|20161122|1300|
C|005186|2016|50003026640003|001|4300006378|00050|CMB0002|240|EA|2100|KRW|504000|20161122|1300|
C|005186|2016|50003026650001|001|4300006379|00010|CMA0001|200|EA|151|KRW|30200|20161122|1300|
C|005186|2016|50003026650002|001|4300006379|00020|CMA0007|100|EA|151|KRW|15100|20161122|1300|
C|005186|2016|50003026650003|001|4300006379|00030|CMB0001|100|EA|520|KRW|52000|20161122|1300|
C|005186|2016|50003026650004|001|4300006379|00070|CMZ0004|50|EA|220|KRW|11000|20161122|1300|
C|005186|2016|50003026650005|001|4300006379|00080|CMZ0005|50|EA|810|KRW|40500|20161122|1300|
C|005186|2016|50003026660001|001|4300006385|00010|CMA0001|500|EA|151|KRW|75500|20161122|1300|
C|005186|2016|50003026660002|001|4300006385|00020|CMA0007|400|EA|151|KRW|60400|20161122|1300|
C|005186|2016|50003026660003|001|4300006385|00060|CMC0005|400|EA|150|KRW|60000|20161122|1300|
C|005186|2016|50003026660004|001|4300006385|00090|CME0002|20|EA|1100|KRW|22000|20161122|1300|
C|005186|2016|50003026660005|001|4300006385|00100|CME0005|10|EA|2600|KRW|26000|20161122|1300|
C|005186|2016|50003026660006|001|4300006385|00110|CMF0004|4|EA|17000|KRW|68000|20161122|1300|
C|005186|2016|50003026670001|001|4300006382|00030|CMZ0002|5|EA|400|KRW|2000|20161122|1300|
C|005186|2016|50003026680001|001|4300006391|00010|CMZ0002|10|EA|400|KRW|4000|20161122|1300|
C|005186|2016|50003026690001|001|4300006381|00010|CMA0001|90|EA|151|KRW|13590|20161122|1300|
C|005186|2016|50003026690002|001|4300006381|00020|CMA0007|140|EA|151|KRW|21140|20161122|1300|
C|005186|2016|50003026690003|001|4300006381|00030|CMA0008|30|EA|470|KRW|14100|20161122|1300|
C|005186|2016|50003026690004|001|4300006381|00040|CMB0001|20|EA|520|KRW|10400|20161122|1300|
C|005186|2016|50003026690005|001|4300006381|00070|CMB0002|60|EA|2100|KRW|126000|20161122|1300|
C|005186|2016|50003026700001|001|4300006374|00010|CMZ0032|2|EA|1300|KRW|2600|20161122|1300|
C|005186|2016|50003026700002|001|4300006374|00020|CMA0028|2|EA|7350|KRW|14700|20161122|1300|
C|005186|2016|50003026700003|001|4300006374|00030|CMA0001|400|EA|151|KRW|60400|20161122|1300|
C|005186|2016|50003026700004|001|4300006374|00040|CMA0007|500|EA|151|KRW|75500|20161122|1300|
C|005186|2016|50003026700005|001|4300006374|00050|CMA0017|30|EA|770|KRW|23100|20161122|1300|
C|005186|2016|50003026700006|001|4300006374|00060|CMB0001|400|EA|520|KRW|208000|20161122|1300|
C|005186|2016|50003026700007|001|4300006374|00070|CMA0003|10|EA|1150|KRW|11500|20161122|1300|
C|005186|2016|50003026700008|001|4300006374|00080|CMB0002|400|EA|2100|KRW|840000|20161122|1300|
C|005186|2016|50003026700009|001|4300006374|00090|CMB0003|400|EA|2200|KRW|880000|20161122|1300|
C|005186|2016|50003026710001|001|4300006380|00010|CMA0001|30|EA|151|KRW|4530|20161122|1300|
C|005186|2016|50003026710002|001|4300006380|00020|CMA0007|60|EA|151|KRW|9060|20161122|1300|
C|005186|2016|50003026710003|001|4300006380|00040|CMZ0002|8|EA|400|KRW|3200|20161122|1300|
C|005186|2016|50003026710004|001|4300006380|00070|CMZ0007|30|EA|220|KRW|6600|20161122|1300|
C|005186|2016|50003026720001|001|4300006383|00010|CMA0001|600|EA|151|KRW|90600|20161122|1300|
C|005186|2016|50003026720002|001|4300006383|00020|CMA0007|50|EA|151|KRW|7550|20161122|1300|
C|005186|2016|50003026720003|001|4300006383|00030|CMA0017|10|EA|770|KRW|7700|20161122|1300|
C|005186|2016|50003026720004|001|4300006383|00050|CME0013|2|EA|11880|KRW|23760|20161122|1300|
C|005186|2016|50003026730001|001|4300006384|00010|CMA0001|100|EA|151|KRW|15100|20161122|1300|
C|005186|2016|50003026730002|001|4300006384|00020|CMA0007|40|EA|151|KRW|6040|20161122|1300|
C|005186|2016|50003026730003|001|4300006384|00030|CMA0008|40|EA|470|KRW|18800|20161122|1300|
C|005186|2016|50003026730004|001|4300006384|00040|CMA0017|5|EA|770|KRW|3850|20161122|1300|
C|005186|2016|50003026740001|001|4300006377|00140|CMA0002|10|EA|1440|KRW|14400|20161122|1300|
