C|005186|2013|50000048480001|001|4300000055|00010|UKBC0010|2|EA|91480|KRW|182960|20130430|1300|
C|005186|2013|50000048480002|001|4300000055|00020|UKEC0051|2|EA|71400|KRW|142800|20130430|1300|
C|005186|2013|50000048480003|001|4300000055|00030|UKEC0038|2|EA|27300|KRW|54600|20130430|1300|
C|005186|2013|50000048480004|001|4300000055|00040|UKEC0031|5|EA|2000|KRW|10000|20130430|1300|
C|005186|2013|50000048480005|001|4300000055|00050|UKEC0088|5|EA|2000|KRW|10000|20130430|1300|
C|005186|2013|50000048480006|001|4300000055|00060|UKEC0002|20|EA|530|KRW|10600|20130430|1300|
C|005186|2013|50000048480007|001|4300000055|00070|UALC0006|50|EA|1733|KRW|86650|20130430|1300|
C|005186|2013|50000048480008|001|4300000055|00080|UADC0057|2|EA|352800|KRW|705600|20130430|1300|
C|005186|2013|50000048480009|001|4300000055|00090|UAGC0323|10|EA|14180|KRW|141800|20130430|1300|
C|005186|2013|50000048480010|001|4300000055|00100|UADC0040|20|EA|7880|KRW|157600|20130430|1300|
C|005186|2013|50000048480011|001|4300000055|00110|UKEC0091|20|EA|1270|KRW|25400|20130430|1300|
C|005186|2013|50000048480012|001|4300000055|00120|UAAC0001|20|EA|1890|KRW|37800|20130430|1300|
C|005186|2013|50000048480013|001|4300000055|00130|UDBC0859|19|EA|8310|KRW|157890|20130430|1300|
C|005186|2013|50000048480014|001|4300000055|00140|UKBC0010|1|EA|91480|KRW|91480|20130430|1300|
C|005186|2013|50000048480015|001|4300000055|00150|UADC0078|1|EA|7670|KRW|7670|20130430|1300|
C|005186|2013|50000048490001|001|4300000047|00010|UGCC0810|4|EA|11600|KRW|46400|20130430|1300|
C|005186|2013|50000048490002|001|4300000047|00020|UEBC1104|10|EA|3010|KRW|30100|20130430|1300|
C|005186|2013|50000048490003|001|4300000047|00040|UEBC1103|50|EA|9260|KRW|463000|20130430|1300|
C|005186|2013|50000048490004|001|4300000047|00050|UAGC0447|1|EA|398000|KRW|398000|20130430|1300|
C|005186|2013|50000048490005|001|4300000047|00070|UDBC0859|1|EA|8310|KRW|8310|20130430|1300|
C|005186|2013|50000048490006|001|4300000047|00080|UCKC0037|80|EA|14050|KRW|1124000|20130430|1300|
C|005186|2013|50000048490007|001|4300000047|00090|UZZC0079|4|EA|10500|KRW|42000|20130430|1300|
C|005186|2013|50000048490008|001|4300000047|00100|UHTC0238|2|EA|10100|KRW|20200|20130430|1300|
C|005186|2013|50000048490009|001|4300000047|00110|UAEC0252|2|EA|5220|KRW|10440|20130430|1300|
C|005186|2013|50000048490010|001|4300000047|00120|UJCC0013|300|EA|665|KRW|199500|20130430|1300|
C|005186|2013|50000048490011|001|4300000047|00130|UAIC0002|10|EA|3680|KRW|36800|20130430|1300|
C|005186|2013|50000048490012|001|4300000047|00140|UJBC0004|30|EA|4337|KRW|130110|20130430|1300|
C|005186|2013|50000048490013|001|4300000047|00150|UKAC0011|3|EA|117495|KRW|352485|20130430|1300|
C|005186|2013|50000048500001|001|4300000053|00010|UDBC0067|14|EA|8940|KRW|125160|20130430|1300|
C|005186|2013|50000048500002|001|4300000053|00020|UDBC0827|500|EA|67|KRW|33500|20130430|1300|
C|005186|2013|50000048510001|001|4300000018|00170|UHFC0360|3|EA|45675|KRW|137025|20130430|1300|
C|005186|2013|50000048510002|001|4300000018|00180|UHTC0214|5|EA|86630|KRW|433150|20130430|1300|
C|005186|2013|50000048510003|001|4300000018|00190|UHTC0399|8|EA|1890|KRW|15120|20130430|1300|
C|005186|2013|50000048510004|001|4300000018|00200|UHTC0047|5|EA|132500|KRW|662500|20130430|1300|
C|005186|2013|50000048510005|001|4300000018|00210|UFJC0014|2|EA|78750|KRW|157500|20130430|1300|
C|005186|2013|50000048510006|001|4300000018|00240|UHFC0348|1|EA|78750|KRW|78750|20130430|1300|
C|005186|2013|50000048510007|001|4300000018|00250|UHFC0164|50|EA|210|KRW|10500|20130430|1300|
C|005186|2013|50000048510008|001|4300000018|00260|UHDC0202|5|EA|8340|KRW|41700|20130430|1300|
C|005186|2013|50000048510009|001|4300000018|00270|UHHC0165|1|EA|81900|KRW|81900|20130430|1300|
C|005186|2013|50000048510010|001|4300000018|00280|UHHC0166|1|EA|81900|KRW|81900|20130430|1300|
C|005186|2013|50000048510011|001|4300000018|00290|UHHC0167|1|EA|120750|KRW|120750|20130430|1300|
C|005186|2013|50000048510012|001|4300000018|00300|UHGC0134|1|EA|756000|KRW|756000|20130430|1300|
C|005186|2013|50000048510013|001|4300000018|00320|UHEC0013|3|EA|100800|KRW|302400|20130430|1300|
C|005186|2013|50000048510014|001|4300000018|00330|UEAC0093|2|EA|253260|KRW|506520|20130430|1300|
C|005186|2013|50000048510015|001|4300000018|00340|UHFC0336|2|EA|82950|KRW|165900|20130430|1300|
C|005186|2013|50000048510016|001|4300000018|00350|UHFC0337|1|EA|104210|KRW|104210|20130430|1300|
C|005186|2013|50000048520001|001|4300000005|00010|UBEC0003|3|EA|166430|KRW|499290|20130430|1300|
C|005186|2013|50000048530001|001|4300000018|00010|UFKC0125|10|EA|36750|KRW|367500|20130430|1300|
C|005186|2013|50000048530002|001|4300000018|00020|UFKC0127|10|EA|22310|KRW|223100|20130430|1300|
C|005186|2013|50000048530003|001|4300000018|00030|UDBC0644|500|EA|32|KRW|16000|20130430|1300|
C|005186|2013|50000048530004|001|4300000018|00040|UICC0046|4|EA|2990|KRW|11960|20130430|1300|
C|005186|2013|50000048530005|001|4300000018|00050|UZZC0018|2|EA|16320|KRW|32640|20130430|1300|
C|005186|2013|50000048530006|001|4300000018|00060|UAEC0009|2|EA|6050|KRW|12100|20130430|1300|
C|005186|2013|50000048530007|001|4300000018|00070|UALC0108|8|EA|91210|KRW|729680|20130430|1300|
C|005186|2013|50000048530008|001|4300000018|00080|UALC0110|2|EA|550400|KRW|1100800|20130430|1300|
C|005186|2013|50000048530009|001|4300000018|00090|UALC0109|4|EA|54400|KRW|217600|20130430|1300|
C|005186|2013|50000048530010|001|4300000018|00100|UALC0111|2|EA|294500|KRW|589000|20130430|1300|
C|005186|2013|50000048530011|001|4300000018|00110|UIEC0035|10|EA|37800|KRW|378000|20130430|1300|
C|005186|2013|50000048530012|001|4300000018|00120|UKBC0010|2|EA|91480|KRW|182960|20130430|1300|
C|005186|2013|50000048530013|001|4300000018|00130|UKBC0010|1|EA|91480|KRW|91480|20130430|1300|
C|005186|2013|50000048530014|001|4300000018|00140|UKBC0010|1|EA|91480|KRW|91480|20130430|1300|
C|005186|2013|50000048530015|001|4300000018|00150|UKBC0010|1|EA|91480|KRW|91480|20130430|1300|
C|005186|2013|50000048530016|001|4300000018|00160|UHTC0244|30|EA|3500|KRW|105000|20130430|1300|
C|005186|2013|50000048530017|001|4300000018|00220|UHTC0517|3|EA|81060|KRW|243180|20130430|1300|
C|005186|2013|50000048530018|001|4300000018|00230|UHDC0221|100|EA|190|KRW|19000|20130430|1300|
C|005186|2013|50000048530019|001|4300000018|00310|UAEC0360|6|EA|12600|KRW|75600|20130430|1300|
C|005186|2013|50000048530020|001|4300000018|00360|UEBC0178|2|EA|72450|KRW|144900|20130430|1300|
C|005186|2013|50000048530021|001|4300000018|00370|UIDC0143|1|EA|437220|KRW|437220|20130430|1300|
C|005186|2013|50000048530022|001|4300000018|00380|UALC0059|50|EA|1365|KRW|68250|20130430|1300|
C|005186|2013|50000048530023|001|4300000018|00390|UDBC0649|200|EA|40|KRW|8000|20130430|1300|
C|005186|2013|50000048530024|001|4300000018|00400|UAGC0136|10|EA|6980|KRW|69800|20130430|1300|
C|005186|2013|50000048530025|001|4300000018|00410|UDBC0691|5|EA|840|KRW|4200|20130430|1300|
C|005186|2013|50000048530026|001|4300000018|00420|UDBC0692|5|EA|720|KRW|3600|20130430|1300|
C|005186|2013|50000048530027|001|4300000018|00430|UDBC0682|5|EA|990|KRW|4950|20130430|1300|
C|005186|2013|50000048530028|001|4300000018|00440|UDBC0683|5|EA|1470|KRW|7350|20130430|1300|
C|005186|2013|50000048530029|001|4300000018|00450|UDBC0685|5|EA|1960|KRW|9800|20130430|1300|
C|005186|2013|50000048530030|001|4300000018|00460|UDBC0687|5|EA|3480|KRW|17400|20130430|1300|
C|005186|2013|50000048530031|001|4300000018|00470|UAEC0045|1|EA|16640|KRW|16640|20130430|1300|
C|005186|2013|50000048530032|001|4300000018|00480|UFKC0125|10|EA|36750|KRW|367500|20130430|1300|
C|005186|2013|50000048530033|001|4300000018|00490|UFKC0127|10|EA|22310|KRW|223100|20130430|1300|
C|005186|2013|50000048530034|001|4300000018|00500|UGBC0382|20|EA|6510|KRW|130200|20130430|1300|
C|005186|2013|50000048530035|001|4300000018|00510|UHTC0486|1|EA|46410|KRW|46410|20130430|1300|
C|005186|2013|50000048530036|001|4300000018|00520|UGCC0256|20|EA|11580|KRW|231600|20130430|1300|
C|005186|2013|50000048530037|001|4300000018|00530|UGCC0244|20|EA|9980|KRW|199600|20130430|1300|
C|005186|2013|50000048530038|001|4300000018|00540|UGBC0073|10|EA|6930|KRW|69300|20130430|1300|
C|005186|2013|50000048530039|001|4300000018|00550|UGBC0378|20|EA|4620|KRW|92400|20130430|1300|
C|005186|2013|50000048530040|001|4300000018|00560|UGBC0380|30|EA|2940|KRW|88200|20130430|1300|
C|005186|2013|50000048530041|001|4300000018|00570|UGBC1010|10|EA|9980|KRW|99800|20130430|1300|
C|005186|2013|50000048530042|001|4300000018|00580|UGBC0526|5|EA|37800|KRW|189000|20130430|1300|
C|005186|2013|50000048530043|001|4300000018|00590|UDFC0054|2|EA|178080|KRW|356160|20130430|1300|
C|005186|2013|50000048540001|001|4300000002|00010|KE030011|12|EA|8190|KRW|98280|20130430|1300|
C|005186|2013|50000048540002|001|4300000002|00020|KE030110|1|EA|38540|KRW|38540|20130430|1300|
C|005186|2013|50000048540003|001|4300000002|00030|KE030123|6|EA|31500|KRW|189000|20130430|1300|
C|005186|2013|50000048540004|001|4300000002|00040|KE030205|4|EA|31290|KRW|125160|20130430|1300|
C|005186|2013|50000048540005|001|4300000002|00050|KE030211|2|EA|145740|KRW|291480|20130430|1300|
C|005186|2013|50000048540006|001|4300000002|00060|KE050001|7|EA|1400|KRW|9800|20130430|1300|
C|005186|2013|50000048540007|001|4300000002|00070|KE050301|7|EA|1160|KRW|8120|20130430|1300|
C|005186|2013|50000048540008|001|4300000002|00080|KE051050|2|EA|12600|KRW|25200|20130430|1300|
C|005186|2013|50000048540009|001|4300000002|00090|KE090112|6|EA|16800|KRW|100800|20130430|1300|
C|005186|2013|50000048540010|001|4300000002|00100|KE090116|1|EA|28040|KRW|28040|20130430|1300|
C|005186|2013|50000048540011|001|4300000002|00110|KE090165|4|EA|165900|KRW|663600|20130430|1300|
C|005186|2013|50000048540012|001|4300000002|00120|KE110100|10|EA|124000|KRW|1240000|20130430|1300|
C|005186|2013|50000048540013|001|4300000002|00130|KE180203|8|EA|13650|KRW|109200|20130430|1300|
C|005186|2013|50000048540014|001|4300000002|00140|KE190003|7|EA|29300|KRW|205100|20130430|1300|
C|005186|2013|50000048540015|001|4300000002|00150|KE200113|4|EA|130000|KRW|520000|20130430|1300|
C|005186|2013|50000048540016|001|4300000002|00160|KE210001|2|EA|53030|KRW|106060|20130430|1300|
C|005186|2013|50000048540017|001|4300000002|00170|KE230003|100|EA|1870|KRW|187000|20130430|1300|
C|005186|2013|50000048540018|001|4300000002|00180|KE231001|31|EA|16150|KRW|500650|20130430|1300|
C|005186|2013|50000048540019|001|4300000002|00190|KE231403|8|EA|1840|KRW|14720|20130430|1300|
C|005186|2013|50000048540020|001|4300000002|00200|KE270302|4|EA|6900|KRW|27600|20130430|1300|
C|005186|2013|50000048540021|001|4300000002|00210|KE280401|3|EA|20800|KRW|62400|20130430|1300|
C|005186|2013|50000048540022|001|4300000002|00220|KE281401|14|EA|840|KRW|11760|20130430|1300|
C|005186|2013|50000048540023|001|4300000002|00230|KH990100|4|EA|27220|KRW|108880|20130430|1300|
C|005186|2013|50000048540024|001|4300000002|00240|KH990101|6|EA|7250|KRW|43500|20130430|1300|
C|005186|2013|50000048540025|001|4300000002|00250|KS061502|4|EA|2970|KRW|11880|20130430|1300|
C|005186|2013|50000048540026|001|4300000002|00260|KS061503|12|EA|3150|KRW|37800|20130430|1300|
C|005186|2013|50000048540027|001|4300000002|00270|KS066902|4|EA|1540|KRW|6160|20130430|1300|
C|005186|2013|50000048540028|001|4300000002|00280|KS067003|3|EA|1550|KRW|4650|20130430|1300|
C|005186|2013|50000048540029|001|4300000002|00290|KS067207|3|EA|5780|KRW|17340|20130430|1300|
C|005186|2013|50000048540030|001|4300000002|00300|KS067208|5|EA|7940|KRW|39700|20130430|1300|
C|005186|2013|50000048540031|001|4300000002|00310|KS990007|5|EA|51450|KRW|257250|20130430|1300|
C|005186|2013|50000048540032|001|4300000002|00320|KT020004|4|EA|5600|KRW|22400|20130430|1300|
C|005186|2013|50000048540033|001|4300000002|00330|KT020006|3|EA|6250|KRW|18750|20130430|1300|
C|005186|2013|50000048540034|001|4300000002|00340|KT020014|2|EA|14490|KRW|28980|20130430|1300|
C|005186|2013|50000048540035|001|4300000002|00350|KT020017|1|EA|18730|KRW|18730|20130430|1300|
C|005186|2013|50000048540036|001|4300000002|00360|KT020600|5|EA|14910|KRW|74550|20130430|1300|
C|005186|2013|50000048540037|001|4300000002|00370|KT020610|2|EA|29150|KRW|58300|20130430|1300|
C|005186|2013|50000048540038|001|4300000002|00380|KT020611|1|EA|28140|KRW|28140|20130430|1300|
C|005186|2013|50000048540039|001|4300000002|00390|KT020700|20|EA|2680|KRW|53600|20130430|1300|
C|005186|2013|50000048540040|001|4300000002|00400|KT020704|15|EA|610|KRW|9150|20130430|1300|
C|005186|2013|50000048540041|001|4300000002|00410|KT020705|5|EA|1390|KRW|6950|20130430|1300|
C|005186|2013|50000048540042|001|4300000002|00420|KT080300|20.000|KG|2770|KRW|55400|20130430|1300|
C|005186|2013|50000048540043|001|4300000002|00430|KT080311|2|EA|72980|KRW|145960|20130430|1300|
C|005186|2013|50000048540044|001|4300000002|00440|KT080370|19|EA|760|KRW|14440|20130430|1300|
C|005186|2013|50000048540045|001|4300000002|00450|KT080500|1|EA|26500|KRW|26500|20130430|1300|
C|005186|2013|50000048540046|001|4300000002|00460|KT990001|200|EA|510|KRW|102000|20130430|1300|
C|005186|2013|50000048540047|001|4300000002|00470|KT990010|150|EA|370|KRW|55500|20130430|1300|
