C|005186|2017|50003863850001|001|4300009090|00010|UDFC0196|100|EA|2120|KRW|212000|20171130|1300|
C|005186|2017|50003863850002|001|4300009090|00020|UEBC1414|5|EA|168000|KRW|840000|20171130|1300|
C|005186|2017|50003863850003|001|4300009091|00010|UEBC1415|1|EA|1900000|KRW|1900000|20171130|1300|
C|005186|2017|50003863850004|001|4300009092|00010|UEBC1415|1|EA|1900000|KRW|1900000|20171130|1300|
C|005186|2017|50003863850005|001|4300009093|00010|UEBC1416|5|EA|47700|KRW|238500|20171130|1300|
C|005186|2017|50003863850006|001|4300009095|00050|UEAC0196|1|EA|38690|KRW|38690|20171130|1300|
C|005186|2017|50003863850007|001|4300009095|00060|UEAC0197|1|EA|38690|KRW|38690|20171130|1300|
C|005186|2017|50003863860001|001|4300008987|00010|UHTC0720|21|EA|24700|KRW|518700|20171130|1300|
C|005186|2017|50003863860002|001|4300009041|00010|UDDC0283|3|EA|22470|KRW|67410|20171130|1300|
C|005186|2017|50003863860003|001|4300009111|00030|UGCC0894|200|EA|3000|KRW|600000|20171130|1300|
C|005186|2017|50003863870001|001|4300008977|00010|UGBC0678|1|EA|65100|KRW|65100|20171130|1300|
C|005186|2017|50003863870002|001|4300009104|00010|UGBC1329|1|EA|200000|KRW|200000|20171130|1300|
C|005186|2017|50003864100001|001|4300009110|00110|UKGC0022|80|EA|19100|KRW|1528000|20171130|1300|
