C|005186|2019|50005077220001|001|4300014194|00010|CMF0004|4|EA|17000|KRW|68000|20190725|1300|
C|005186|2019|50005077220002|001|4300014194|00020|CMD0017|6|EA|23760|KRW|142560|20190725|1300|
C|005186|2019|50005077220003|001|4300014194|00030|CMF0005|6|EA|18700|KRW|112200|20190725|1300|
C|005186|2019|50005077220004|001|4300014194|00040|CMB0001|100|EA|520|KRW|52000|20190725|1300|
C|005186|2019|50005077220005|001|4300014194|00050|CME0008|35|EA|1950|KRW|68250|20190725|1300|
C|005186|2019|50005077220006|001|4300014194|00060|CME0002|100|EA|1100|KRW|110000|20190725|1300|
C|005186|2019|50005077220007|001|4300014194|00070|CMA0007|200|EA|151|KRW|30200|20190725|1300|
C|005186|2019|50005077220008|001|4300014194|00100|CMC0005|300|EA|150|KRW|45000|20190725|1300|
C|005186|2019|50005077220009|001|4300014194|00120|CMA0001|700|EA|151|KRW|105700|20190725|1300|
C|005186|2019|50005077230001|001|4300014190|00010|CMD0011|3|EA|24100|KRW|72300|20190725|1300|
C|005186|2019|50005077230002|001|4300014190|00020|CMF0005|6|EA|18700|KRW|112200|20190725|1300|
C|005186|2019|50005077230003|001|4300014190|00040|CME0002|30|EA|1100|KRW|33000|20190725|1300|
C|005186|2019|50005077230004|001|4300014190|00070|CMB0003|80|EA|2200|KRW|176000|20190725|1300|
C|005186|2019|50005077230005|001|4300014190|00080|CMA0007|100|EA|151|KRW|15100|20190725|1300|
C|005186|2019|50005077230006|001|4300014190|00090|CMA0008|100|EA|470|KRW|47000|20190725|1300|
C|005186|2019|50005077230007|001|4300014190|00100|CMB0001|140|EA|520|KRW|72800|20190725|1300|
C|005186|2019|50005077230008|001|4300014190|00110|CMA0001|250|EA|151|KRW|37750|20190725|1300|
C|005186|2019|50005077240001|001|4300013374|00030|CMG0001|3|EA|1290|KRW|3870|20190725|1300|
C|005186|2019|50005077250001|001|4300014191|00010|CMF0005|1|EA|18700|KRW|18700|20190725|1300|
C|005186|2019|50005077250002|001|4300014191|00050|CMC0003|10|EA|310|KRW|3100|20190725|1300|
C|005186|2019|50005077250003|001|4300014191|00060|CMF0015|20|EA|450|KRW|9000|20190725|1300|
C|005186|2019|50005077250004|001|4300014191|00070|CMC0005|30|EA|150|KRW|4500|20190725|1300|
C|005186|2019|50005077250005|001|4300014191|00080|CMB0002|40|EA|2100|KRW|84000|20190725|1300|
C|005186|2019|50005077250006|001|4300014191|00090|CMB0003|40|EA|2200|KRW|88000|20190725|1300|
C|005186|2019|50005077250007|001|4300014191|00120|CMB0001|60|EA|520|KRW|31200|20190725|1300|
C|005186|2019|50005077250008|001|4300014191|00130|CMA0007|200|EA|151|KRW|30200|20190725|1300|
C|005186|2019|50005077250009|001|4300014191|00140|CMA0008|200|EA|470|KRW|94000|20190725|1300|
C|005186|2019|50005077250010|001|4300014191|00150|CMA0001|300|EA|151|KRW|45300|20190725|1300|
C|005186|2019|50005077260001|001|4300014192|00010|CMD0012|1|EA|22000|KRW|22000|20190725|1300|
C|005186|2019|50005077260002|001|4300014192|00020|CMF0005|2|EA|18700|KRW|37400|20190725|1300|
C|005186|2019|50005077260003|001|4300014192|00030|CMD0016|4|EA|29000|KRW|116000|20190725|1300|
C|005186|2019|50005077260004|001|4300014192|00040|CMZ0032|5|EA|1300|KRW|6500|20190725|1300|
C|005186|2019|50005077260005|001|4300014192|00050|CMD0017|10|EA|23760|KRW|237600|20190725|1300|
C|005186|2019|50005077260006|001|4300014192|00080|CMA0017|20|EA|770|KRW|15400|20190725|1300|
C|005186|2019|50005077260007|001|4300014192|00100|CME0002|100|EA|1100|KRW|110000|20190725|1300|
C|005186|2019|50005077260008|001|4300014192|00110|CMA0007|150|EA|151|KRW|22650|20190725|1300|
C|005186|2019|50005077260009|001|4300014192|00130|CMA0001|400|EA|151|KRW|60400|20190725|1300|
C|005186|2019|50005077270001|001|4300014193|00030|CMF0005|2|EA|18700|KRW|37400|20190725|1300|
C|005186|2019|50005077270002|001|4300014193|00040|CME0002|5|EA|1100|KRW|5500|20190725|1300|
C|005186|2019|50005077270003|001|4300014193|00080|CMB0001|100|EA|520|KRW|52000|20190725|1300|
C|005186|2019|50005077270004|001|4300014193|00090|CMA0007|100|EA|151|KRW|15100|20190725|1300|
C|005186|2019|50005077270005|001|4300014193|00100|CMA0001|150|EA|151|KRW|22650|20190725|1300|
C|005186|2019|50005077280001|001|4300014182|00030|CME0006|10|EA|3080|KRW|30800|20190725|1300|
C|005186|2019|50005077280002|001|4300014182|00050|CME0010|200|EA|240|KRW|48000|20190725|1300|
C|005186|2019|50005077280003|001|4300014182|00070|CMA0016|300|EA|2140|KRW|642000|20190725|1300|
C|005186|2019|50005077280004|001|4300014182|00090|CMB0010|600|EA|1280|KRW|768000|20190725|1300|
C|005186|2019|50005077280005|001|4300014184|00040|CMF0013|10|EA|940|KRW|9400|20190725|1300|
C|005186|2019|50005077280006|001|4300014184|00080|CME0010|200|EA|240|KRW|48000|20190725|1300|
C|005186|2019|50005077280007|001|4300014185|00030|CMH0007|2|EA|11600|KRW|23200|20190725|1300|
C|005186|2019|50005077280008|001|4300014185|00050|CME0001|16|EA|3300|KRW|52800|20190725|1300|
C|005186|2019|50005077280009|001|4300014185|00060|CMA0016|20|EA|2140|KRW|42800|20190725|1300|
C|005186|2019|50005077280010|001|4300014186|00010|CMH0007|1|EA|11600|KRW|11600|20190725|1300|
C|005186|2019|50005077280011|001|4300014186|00060|CME0001|39|EA|3300|KRW|128700|20190725|1300|
C|005186|2019|50005077280012|001|4300014186|00070|CMA0005|50|EA|2000|KRW|100000|20190725|1300|
C|005186|2019|50005077280013|001|4300014186|00100|CMB0010|60|EA|1280|KRW|76800|20190725|1300|
C|005186|2019|50005077280014|001|4300014186|00150|CME0010|200|EA|240|KRW|48000|20190725|1300|
C|005186|2019|50005077280015|001|4300014187|00020|CMH0007|2|EA|11600|KRW|23200|20190725|1300|
C|005186|2019|50005077280016|001|4300014187|00070|CMF0006|30|EA|9500|KRW|285000|20190725|1300|
C|005186|2019|50005077280017|001|4300014187|00080|CMB0010|40|EA|1280|KRW|51200|20190725|1300|
C|005186|2019|50005077280018|001|4300014190|00030|CME0003|10|EA|5500|KRW|55000|20190725|1300|
C|005186|2019|50005077280019|001|4300014190|00050|CMB0010|40|EA|1280|KRW|51200|20190725|1300|
C|005186|2019|50005077280020|001|4300014190|00060|CMA0005|50|EA|2000|KRW|100000|20190725|1300|
C|005186|2019|50005077280021|001|4300014191|00020|CMH0007|1|EA|11600|KRW|11600|20190725|1300|
C|005186|2019|50005077280022|001|4300014191|00030|CMF0020|3|EA|650|KRW|1950|20190725|1300|
C|005186|2019|50005077280023|001|4300014191|00040|CMF0001|5|EA|1950|KRW|9750|20190725|1300|
C|005186|2019|50005077280024|001|4300014191|00100|CME0010|50|EA|240|KRW|12000|20190725|1300|
C|005186|2019|50005077280025|001|4300014191|00110|CMB0010|60|EA|1280|KRW|76800|20190725|1300|
C|005186|2019|50005077280026|001|4300014192|00060|CMA0005|10|EA|2000|KRW|20000|20190725|1300|
C|005186|2019|50005077280027|001|4300014192|00070|CME0006|20|EA|3080|KRW|61600|20190725|1300|
C|005186|2019|50005077280028|001|4300014192|00090|CME0010|80|EA|240|KRW|19200|20190725|1300|
C|005186|2019|50005077280029|001|4300014192|00120|CMB0010|300|EA|1280|KRW|384000|20190725|1300|
C|005186|2019|50005077280030|001|4300014193|00010|CMH0007|1|EA|11600|KRW|11600|20190725|1300|
C|005186|2019|50005077280031|001|4300014193|00020|CMF0006|2|EA|9500|KRW|19000|20190725|1300|
C|005186|2019|50005077280032|001|4300014193|00050|CME0001|10|EA|3300|KRW|33000|20190725|1300|
C|005186|2019|50005077280033|001|4300014193|00060|CMA0016|20|EA|2140|KRW|42800|20190725|1300|
C|005186|2019|50005077280034|001|4300014193|00070|CMB0010|40|EA|1280|KRW|51200|20190725|1300|
C|005186|2019|50005077280035|001|4300014194|00080|CMA0005|200|EA|2000|KRW|400000|20190725|1300|
C|005186|2019|50005077280036|001|4300014194|00090|CME0010|200|EA|240|KRW|48000|20190725|1300|
C|005186|2019|50005077280037|001|4300014194|00110|CMB0010|600|EA|1280|KRW|768000|20190725|1300|
C|005186|2019|50005077290001|001|4300014179|00010|CMH0007|1|EA|11600|KRW|11600|20190725|1300|
C|005186|2019|50005077290002|001|4300014179|00050|CME0001|20|EA|3300|KRW|66000|20190725|1300|
C|005186|2019|50005077290003|001|4300014179|00060|CME0010|150|EA|240|KRW|36000|20190725|1300|
C|005186|2019|50005077290004|001|4300014180|00040|CMB0010|70|EA|1280|KRW|89600|20190725|1300|
C|005186|2019|50005077290005|001|4300014180|00050|CMH0007|1|EA|11600|KRW|11600|20190725|1300|
C|005186|2019|50005077290006|001|4300014180|00060|CMZ0014|1|EA|19000|KRW|19000|20190725|1300|
C|005186|2019|50005077290007|001|4300014181|00050|CME0001|12|EA|3300|KRW|39600|20190725|1300|
C|005186|2019|50005077290008|001|4300014181|00060|CME0010|60|EA|240|KRW|14400|20190725|1300|
C|005186|2019|50005077290009|001|4300014188|00020|CMB0010|120|EA|1280|KRW|153600|20190725|1300|
