C|005186|2019|50004811490001|001|4300012963|00080|KE090102|1|EA|15430|KRW|15430|20190318|1300|
C|005186|2019|50004811490002|001|4300012993|00010|UHDC0026|1|EA|29000|KRW|29000|20190318|1300|
C|005186|2019|50004811490003|001|4300012993|00020|UHDC0025|1|EA|24000|KRW|24000|20190318|1300|
C|005186|2019|50004811490004|001|4300012993|00030|UHGC0336|2|EA|347000|KRW|694000|20190318|1300|
C|005186|2019|50004811490005|001|4300012993|00040|UHGC0337|1|EA|233000|KRW|233000|20190318|1300|
C|005186|2019|50004811490006|001|4300012993|00050|UHTC0190|2|EA|300300|KRW|600600|20190318|1300|
C|005186|2019|50004811490007|001|4300012993|00060|UHTC0578|10|EA|29000|KRW|58000|20190318|1300|
C|005186|2019|50004811490008|001|4300012993|00070|UDFC0003|20|EA|2220|KRW|44400|20190318|1300|
C|005186|2019|50004811490009|001|4300012993|00080|UDBC0642|10|EA|1420|KRW|14200|20190318|1300|
C|005186|2019|50004811490010|001|4300012993|00090|UHGC0209|10|EA|16420|KRW|164200|20190318|1300|
C|005186|2019|50004811490011|001|4300012994|00010|UHTC0576|20|EA|347300|KRW|694600|20190318|1300|
C|005186|2019|50004811490012|001|4300012994|00020|UHGC0277|2|EA|605270|KRW|1210540|20190318|1300|
C|005186|2019|50004811490013|001|4300012995|00010|UHFC0150|20|EA|496000|KRW|992000|20190318|1300|
C|005186|2019|50004811490014|001|4300012995|00020|UHTC0802|10|EA|249100|KRW|498200|20190318|1300|
C|005186|2019|50004811490015|001|4300012995|00030|UHNC0076|1|EA|350000|KRW|350000|20190318|1300|
C|005186|2019|50004811490016|001|4300012996|00010|UHGC0134|2|EA|756000|KRW|1512000|20190318|1300|
C|005186|2019|50004811490017|001|4300012997|00010|UHTC0772|40|EA|466400|KRW|932800|20190318|1300|
C|005186|2019|50004811490018|001|4300012998|00010|UHTC0800|5|EA|795000|KRW|795000|20190318|1300|
C|005186|2019|50004811490019|001|4300012999|00010|UICC0007|20|EA|15800|KRW|31600|20190318|1300|
C|005186|2019|50004811490020|001|4300012999|00020|UAGC0193|100|EA|162750|KRW|325500|20190318|1300|
C|005186|2019|50004811490021|001|4300013001|00020|UALC0038|3|EA|248850|KRW|248850|20190318|1300|
C|005186|2019|50004811500001|001|4300012964|00080|KH990101|6|EA|7250|KRW|43500|20190318|1300|
C|005186|2019|50004811530001|001|4300012963|00080|KE090102|1|EA|15430|KRW|15430|20190315|1300|
C|005186|2019|50004811530002|001|4300012993|00010|UHDC0026|1|EA|29000|KRW|29000|20190315|1300|
C|005186|2019|50004811530003|001|4300012993|00020|UHDC0025|1|EA|24000|KRW|24000|20190315|1300|
C|005186|2019|50004811530004|001|4300012993|00030|UHGC0336|2|EA|347000|KRW|694000|20190315|1300|
C|005186|2019|50004811530005|001|4300012993|00040|UHGC0337|1|EA|233000|KRW|233000|20190315|1300|
C|005186|2019|50004811530006|001|4300012993|00050|UHTC0190|2|EA|300300|KRW|600600|20190315|1300|
C|005186|2019|50004811530007|001|4300012993|00060|UHTC0578|10|EA|29000|KRW|58000|20190315|1300|
C|005186|2019|50004811530008|001|4300012993|00070|UDFC0003|20|EA|2220|KRW|44400|20190315|1300|
C|005186|2019|50004811530009|001|4300012993|00080|UDBC0642|10|EA|1420|KRW|14200|20190315|1300|
C|005186|2019|50004811530010|001|4300012993|00090|UHGC0209|10|EA|16420|KRW|164200|20190315|1300|
C|005186|2019|50004811530011|001|4300012994|00010|UHTC0576|20|EA|347300|KRW|694600|20190315|1300|
C|005186|2019|50004811530012|001|4300012994|00020|UHGC0277|2|EA|605270|KRW|1210540|20190315|1300|
C|005186|2019|50004811530013|001|4300012995|00010|UHFC0150|20|EA|496000|KRW|992000|20190315|1300|
C|005186|2019|50004811530014|001|4300012995|00020|UHTC0802|10|EA|249100|KRW|498200|20190315|1300|
C|005186|2019|50004811530015|001|4300012995|00030|UHNC0076|1|EA|350000|KRW|350000|20190315|1300|
C|005186|2019|50004811530016|001|4300012996|00010|UHGC0134|2|EA|756000|KRW|1512000|20190315|1300|
C|005186|2019|50004811530017|001|4300012997|00010|UHTC0772|40|EA|466400|KRW|932800|20190315|1300|
C|005186|2019|50004811530018|001|4300012998|00010|UHTC0800|5|EA|795000|KRW|795000|20190315|1300|
C|005186|2019|50004811530019|001|4300012999|00010|UICC0007|20|EA|15800|KRW|31600|20190315|1300|
C|005186|2019|50004811530020|001|4300012999|00020|UAGC0193|100|EA|162750|KRW|325500|20190315|1300|
C|005186|2019|50004811530021|001|4300013001|00020|UALC0038|3|EA|248850|KRW|248850|20190315|1300|
C|005186|2019|50004811540001|001|4300012964|00080|KH990101|6|EA|7250|KRW|43500|20190315|1300|
