C|005186|2017|50003186230001|001|4300006796|00010|UCHC0013|2|EA|21000|KRW|42000|20170125|1300|
C|005186|2017|50003186230002|001|4300006797|00070|UEBC0663|2|EA|69930|KRW|139860|20170125|1300|
C|005186|2017|50003186230003|001|4300006797|00110|UIEC0035|5|EA|37800|KRW|189000|20170125|1300|
C|005186|2017|50003186230004|001|4300006797|00120|UDFC0101|5|EA|16170|KRW|80850|20170125|1300|
C|005186|2017|50003186230005|001|4300006798|00060|UKBC0010|1|EA|91480|KRW|91480|20170125|1300|
C|005186|2017|50003186230006|001|4300006800|00060|UEBC1358|20|EA|17500|KRW|350000|20170125|1300|
C|005186|2017|50003186230007|001|4300006800|00070|UEBC1359|2|EA|12100|KRW|24200|20170125|1300|
C|005186|2017|50003186230008|001|4300006812|00010|UKBC0048|100|EA|13300|KRW|1330000|20170125|1300|
C|005186|2017|50003186230009|001|4300006813|00010|UKBC0049|100|EA|7420|KRW|742000|20170125|1300|
C|005186|2017|50003186230010|001|4300006833|00020|UEBC1352|2|EA|3870|KRW|7740|20170125|1300|
C|005186|2017|50003186230011|001|4300006836|00040|UEBC1350|4|EA|12300|KRW|49200|20170125|1300|
C|005186|2017|50003186230012|001|4300006836|00050|UGBC1585|10|EA|3150|KRW|31500|20170125|1300|
C|005186|2017|50003186230013|001|4300006837|00010|UGBC1577|20|EA|3150|KRW|63000|20170125|1300|
C|005186|2017|50003186230014|001|4300006837|00110|UDBC0964|1|EA|39500|KRW|39500|20170125|1300|
C|005186|2017|50003186230015|001|4300006837|00150|UGBC1583|20|EA|4830|KRW|96600|20170125|1300|
C|005186|2017|50003186230016|001|4300006838|00090|UEBC1346|2|EA|20700|KRW|41400|20170125|1300|
C|005186|2017|50003186230017|001|4300006838|00130|UGCC1148|10|EA|2610|KRW|26100|20170125|1300|
C|005186|2017|50003186230018|001|4300006839|00010|UBEC0006|7|EA|20000|KRW|140000|20170125|1300|
C|005186|2017|50003186230019|001|4300006842|00020|UEAC0195|2|EA|870000|KRW|1740000|20170125|1300|
C|005186|2017|50003186240001|001|4300006797|00050|UAEC0354|1|EA|464300|KRW|464300|20170125|1300|
C|005186|2017|50003186240002|001|4300006797|00090|UAEC0427|3|EA|3738|KRW|11214|20170125|1300|
C|005186|2017|50003186240003|001|4300006797|00100|UAGC0077|10|EA|3940|KRW|39400|20170125|1300|
C|005186|2017|50003186240004|001|4300006831|00010|UEBC1354|1|EA|8910|KRW|8910|20170125|1300|
C|005186|2017|50003186240005|001|4300006831|00020|UEBC1355|10|EA|8910|KRW|89100|20170125|1300|
C|005186|2017|50003186240006|001|4300006831|00030|UEBC1356|4|EA|12800|KRW|51200|20170125|1300|
C|005186|2017|50003186240007|001|4300006831|00070|UEBC1357|4|EA|25500|KRW|102000|20170125|1300|
C|005186|2017|50003186240008|001|4300006832|00030|UEBC1360|1|EA|9440|KRW|9440|20170125|1300|
C|005186|2017|50003186240009|001|4300006832|00040|UEBC1361|12|EA|9860|KRW|118320|20170125|1300|
C|005186|2017|50003186240010|001|4300006832|00050|UDAC0367|1|EA|850|KRW|850|20170125|1300|
C|005186|2017|50003186240011|001|4300006832|00060|UEBC1362|2|EA|13950|KRW|27900|20170125|1300|
C|005186|2017|50003186240012|001|4300006835|00010|UDAC0365|100|EA|1600|KRW|160000|20170125|1300|
C|005186|2017|50003186240013|001|4300006835|00030|UEBC1353|2|EA|125000|KRW|250000|20170125|1300|
C|005186|2017|50003186240014|001|4300006835|00040|UDAC0366|5|EA|125100|KRW|625500|20170125|1300|
C|005186|2017|50003186240015|001|4300006835|00050|UAGC0513|1|EA|21520|KRW|21520|20170125|1300|
C|005186|2017|50003186240016|001|4300006837|00020|UGBC1578|7|EA|18700|KRW|130900|20170125|1300|
C|005186|2017|50003186240017|001|4300006837|00030|UGBC1579|50|EA|470|KRW|23500|20170125|1300|
C|005186|2017|50003186240018|001|4300006837|00040|UGBC1580|50|EA|1810|KRW|90500|20170125|1300|
C|005186|2017|50003186240019|001|4300006837|00050|UGBC1581|50|EA|1170|KRW|58500|20170125|1300|
C|005186|2017|50003186240020|001|4300006837|00060|UDAC0362|20|EA|50|KRW|1000|20170125|1300|
C|005186|2017|50003186240021|001|4300006837|00070|UEBC1349|1|EA|57900|KRW|57900|20170125|1300|
C|005186|2017|50003186240022|001|4300006837|00100|UDBC0963|50|EA|160|KRW|8000|20170125|1300|
C|005186|2017|50003186240023|001|4300006837|00120|UDFC0191|100|EA|2650|KRW|265000|20170125|1300|
C|005186|2017|50003186240024|001|4300006838|00020|UDAC0360|4|EA|1910|KRW|7640|20170125|1300|
C|005186|2017|50003186240025|001|4300006838|00040|UEBC1344|10|EA|20200|KRW|202000|20170125|1300|
C|005186|2017|50003186240026|001|4300006838|00050|UEBC1345|10|EA|20700|KRW|207000|20170125|1300|
C|005186|2017|50003186240027|001|4300006838|00060|UAGC0509|2|EA|20140|KRW|40280|20170125|1300|
C|005186|2017|50003186240028|001|4300006838|00070|UAGC0511|2|EA|27880|KRW|55760|20170125|1300|
C|005186|2017|50003186240029|001|4300006838|00080|UAGC0512|2|EA|46330|KRW|92660|20170125|1300|
C|005186|2017|50003186240030|001|4300006838|00100|UEBC1347|10|EA|8740|KRW|87400|20170125|1300|
C|005186|2017|50003186240031|001|4300006838|00110|UDFC0189|20|EA|3200|KRW|64000|20170125|1300|
C|005186|2017|50003186240032|001|4300006838|00120|UDFC0190|20|EA|2650|KRW|53000|20170125|1300|
C|005186|2017|50003186240033|001|4300006838|00140|UDAC0361|50|EA|70|KRW|3500|20170125|1300|
C|005186|2017|50003186240034|001|4300006840|00110|UEBC1351|5|EA|5900|KRW|29500|20170125|1300|
C|005186|2017|50003186250001|001|4300006826|00010|UHTC0816|5|EA|65190|KRW|325950|20170125|1300|
C|005186|2017|50003186250002|001|4300006826|00020|UHNC0062|1|EA|1501500|KRW|1501500|20170125|1300|
C|005186|2017|50003186250003|001|4300006826|00030|UHHC0119|10|EA|6930|KRW|69300|20170125|1300|
C|005186|2017|50003186250004|001|4300006826|00040|UHTC0287|6|EA|16200|KRW|97200|20170125|1300|
C|005186|2017|50003186250005|001|4300006827|00010|UHTC0817|5|EA|69960|KRW|349800|20170125|1300|
C|005186|2017|50003186250006|001|4300006827|00020|UHTC0046|3|EA|132500|KRW|397500|20170125|1300|
C|005186|2017|50003186250007|001|4300006827|00030|UFJC0010|5|EA|58940|KRW|294700|20170125|1300|
C|005186|2017|50003186250008|001|4300006827|00040|UHGC0235|5|EA|22950|KRW|114750|20170125|1300|
C|005186|2017|50003186250009|001|4300006827|00050|UGCC0232|2|EA|300300|KRW|600600|20170125|1300|
C|005186|2017|50003186250010|001|4300006828|00010|UHGC0134|2|EA|756000|KRW|1512000|20170125|1300|
C|005186|2017|50003186250011|001|4300006828|00020|UHGC0107|1|EA|342100|KRW|342100|20170125|1300|
C|005186|2017|50003186250012|001|4300006829|00010|UHTC0145|5|EA|85050|KRW|425250|20170125|1300|
C|005186|2017|50003186250013|001|4300006829|00020|UHEC0033|5|EA|102000|KRW|510000|20170125|1300|
C|005186|2017|50003186250014|001|4300006829|00030|UHTC0403|6|EA|89400|KRW|536400|20170125|1300|
C|005186|2017|50003186250015|001|4300006830|00010|UHGC0129|2|EA|612680|KRW|1225360|20170125|1300|
C|005186|2017|50003186260001|001|4300006831|00040|UGCC1175|2|EA|47200|KRW|94400|20170125|1300|
C|005186|2017|50003186260002|001|4300006831|00050|UGCC1184|4|EA|83300|KRW|333200|20170125|1300|
C|005186|2017|50003186260003|001|4300006831|00060|UGCC1176|2|EA|115000|KRW|230000|20170125|1300|
C|005186|2017|50003186260004|001|4300006831|00080|UGCC1041|6|EA|119780|KRW|718680|20170125|1300|
C|005186|2017|50003186260005|001|4300006831|00090|UGCC1179|2|EA|161000|KRW|322000|20170125|1300|
C|005186|2017|50003186260006|001|4300006832|00010|UGCC1178|3|EA|334000|KRW|1002000|20170125|1300|
C|005186|2017|50003186260007|001|4300006832|00020|UGCC1181|20|EA|12800|KRW|256000|20170125|1300|
C|005186|2017|50003186260008|001|4300006832|00070|UGCC1185|2|EA|118720|KRW|237440|20170125|1300|
C|005186|2017|50003186260009|001|4300006833|00010|UGCC1180|20|EA|69000|KRW|1380000|20170125|1300|
C|005186|2017|50003186260010|001|4300006833|00030|UGCC1165|2|EA|164900|KRW|329800|20170125|1300|
C|005186|2017|50003186260011|001|4300006833|00040|UGCC1166|2|EA|78000|KRW|156000|20170125|1300|
C|005186|2017|50003186260012|001|4300006834|00010|UGCC1180|10|EA|69000|KRW|690000|20170125|1300|
C|005186|2017|50003186260013|001|4300006834|00020|UGCC1167|2|EA|89600|KRW|179200|20170125|1300|
C|005186|2017|50003186260014|001|4300006834|00030|UGCC1168|4|EA|252300|KRW|1009200|20170125|1300|
C|005186|2017|50003186260015|001|4300006835|00060|UDAC0359|1|EA|21800|KRW|21800|20170125|1300|
C|005186|2017|50003186260016|001|4300006836|00010|UGCC1171|1|EA|259700|KRW|259700|20170125|1300|
C|005186|2017|50003186260017|001|4300006836|00020|UGCC1172|2|EA|542800|KRW|1085600|20170125|1300|
C|005186|2017|50003186260018|001|4300006836|00030|UGCC1173|1|EA|107100|KRW|107100|20170125|1300|
C|005186|2017|50003186260019|001|4300006836|00060|UGCC1156|2|EA|159000|KRW|318000|20170125|1300|
C|005186|2017|50003186260020|001|4300006836|00070|UGCC1157|2|EA|40100|KRW|80200|20170125|1300|
C|005186|2017|50003186260021|001|4300006837|00080|UGCC1149|2|EA|35000|KRW|70000|20170125|1300|
C|005186|2017|50003186260022|001|4300006837|00090|UGCC1150|1|EA|28700|KRW|28700|20170125|1300|
C|005186|2017|50003186260023|001|4300006837|00130|UGCC1151|2|EA|51000|KRW|102000|20170125|1300|
C|005186|2017|50003186260024|001|4300006838|00010|UGBC1576|10|EA|38200|KRW|382000|20170125|1300|
C|005186|2017|50003186260025|001|4300006838|00030|UGCC1146|1|EA|649000|KRW|649000|20170125|1300|
C|005186|2017|50003186260026|001|4300006840|00010|UGCC1153|1|EA|148500|KRW|148500|20170125|1300|
C|005186|2017|50003186260027|001|4300006840|00020|UGCC1154|4|EA|27100|KRW|108400|20170125|1300|
C|005186|2017|50003186260028|001|4300006840|00030|UGCC1155|4|EA|30400|KRW|121600|20170125|1300|
C|005186|2017|50003186260029|001|4300006840|00040|UGBC1586|2|EA|173400|KRW|346800|20170125|1300|
C|005186|2017|50003186260030|001|4300006840|00050|UGCC1158|4|EA|31300|KRW|125200|20170125|1300|
C|005186|2017|50003186260031|001|4300006840|00070|UGCC1161|1|EA|401300|KRW|401300|20170125|1300|
C|005186|2017|50003186260032|001|4300006840|00080|UGCC1162|5|EA|58300|KRW|291500|20170125|1300|
C|005186|2017|50003186260033|001|4300006840|00090|UGCC1163|2|EA|138900|KRW|277800|20170125|1300|
C|005186|2017|50003186260034|001|4300006840|00100|UGCC1164|1|EA|130400|KRW|130400|20170125|1300|
C|005186|2017|50003186260035|001|4300006842|00010|UGCC1160|1|EA|164300|KRW|164300|20170125|1300|
C|005186|2017|50003186270001|001|4300006797|00060|UAIC0013|3|EA|45680|KRW|137040|20170125|1300|
C|005186|2017|50003186270002|001|4300006837|00140|UGBC1582|2|EA|22100|KRW|44200|20170125|1300|
C|005186|2017|50003186270003|001|4300006856|00010|UHNC0142|2|EA|185500|KRW|371000|20170125|1300|
C|005186|2017|50003186270004|001|4300006856|00020|UHFC0276|1|EA|452000|KRW|452000|20170125|1300|
C|005186|2017|50003186270005|001|4300006856|00030|UHGC0248|5|EA|73690|KRW|368450|20170125|1300|
C|005186|2017|50003186270006|001|4300006856|00050|UHGC0111|5|EA|18370|KRW|91850|20170125|1300|
C|005186|2017|50003186270007|001|4300006856|00060|UHGC0112|3|EA|38540|KRW|115620|20170125|1300|
C|005186|2017|50003186270008|001|4300006857|00010|UHFC0285|1|EA|447300|KRW|447300|20170125|1300|
C|005186|2017|50003186270009|001|4300006857|00020|UHGC0115|5|EA|28320|KRW|141600|20170125|1300|
C|005186|2017|50003186270010|001|4300006857|00030|UDBC0702|3|EA|8190|KRW|24570|20170125|1300|
C|005186|2017|50003186270011|001|4300006857|00050|UDBC0700|3|EA|11580|KRW|34740|20170125|1300|
C|005186|2017|50003186270012|001|4300006857|00060|UHNC0109|100|EA|650|KRW|65000|20170125|1300|
C|005186|2017|50003186270013|001|4300006857|00070|UHFC0164|100|EA|210|KRW|21000|20170125|1300|
C|005186|2017|50003186270014|001|4300006857|00080|UHFC0233|5|EA|11660|KRW|58300|20170125|1300|
C|005186|2017|50003186270015|001|4300006857|00090|UHTC0348|7|EA|51975|KRW|363825|20170125|1300|
C|005186|2017|50003186270016|001|4300006858|00100|UGCC0223|10|EA|4670|KRW|46700|20170125|1300|
C|005186|2017|50003186270017|001|4300006860|00010|UKGC0008|2|EA|2940|KRW|5880|20170125|1300|
C|005186|2017|50003186270018|001|4300006861|00050|UACC0026|1|EA|372000|KRW|372000|20170125|1300|
C|005186|2017|50003186270019|001|4300006867|00010|UAJC0076|200|EA|350|KRW|70000|20170125|1300|
C|005186|2017|50003186270020|001|4300006867|00020|UGCC1036|5|EA|74200|KRW|371000|20170125|1300|
