C|005186|2020|50005590020001|001|4300016535|00040|UEBC0363|10|EA|38350|KRW|76700|20200409|1300|
C|005186|2020|50005590020002|001|4300016535|00050|UEBC1197|20|EA|21200|KRW|424000|20200409|1300|
C|005186|2020|50005590020003|001|4300016535|00120|UEBC0823|10|EA|18010|KRW|180100|20200409|1300|
C|005186|2020|50005590020004|001|4300016535|00140|UDAC0159|50|EA|79000|KRW|79000|20200409|1300|
C|005186|2020|50005590020005|001|4300016535|00150|UDBC0519|20|EA|630|KRW|12600|20200409|1300|
C|005186|2020|50005590020006|001|4300016535|00160|UEBC1592|5|EA|29930|KRW|149650|20200409|1300|
C|005186|2020|50005590020007|001|4300016536|00010|UEBC0368|4|EA|2050|KRW|8200|20200409|1300|
C|005186|2020|50005590020008|001|4300016536|00020|UEBC0423|5|EA|121280|KRW|606400|20200409|1300|
C|005186|2020|50005590020009|001|4300016536|00030|UEBC0426|5|EA|193200|KRW|966000|20200409|1300|
C|005186|2020|50005590020010|001|4300016537|00040|UEBC1432|40|EA|6180|KRW|247200|20200409|1300|
C|005186|2020|50005590020011|001|4300016537|00050|UEBC0712|2|EA|14070|KRW|28140|20200409|1300|
C|005186|2020|50005590020012|001|4300016537|00070|UEBC1669|12|EA|2650|KRW|31800|20200409|1300|
C|005186|2020|50005590020013|001|4300016537|00080|UGCC1481|20|EA|2100|KRW|4200|20200409|1300|
C|005186|2020|50005590020014|001|4300016537|00090|UDBC1132|5|EA|13200|KRW|66000|20200409|1300|
C|005186|2020|50005590020015|001|4300016537|00100|UEBC1622|5|EA|13160|KRW|65800|20200409|1300|
C|005186|2020|50005590020016|001|4300016537|00110|UEBC0021|8|EA|20550|KRW|164400|20200409|1300|
C|005186|2020|50005590020017|001|4300016568|00010|UEBC1708|1|EA|1575000|KRW|1575000|20200409|1300|
C|005186|2020|50005590020018|001|4300016568|00020|UEBC1709|3|EA|84000|KRW|252000|20200409|1300|
C|005186|2020|50005590020019|001|4300016568|00030|UEBC1710|5|EA|2000|KRW|10000|20200409|1300|
C|005186|2020|50005590020020|001|4300016569|00010|UEBC1708|1|EA|1575000|KRW|1575000|20200409|1300|
C|005186|2020|50005590020021|001|4300016569|00020|UEAC1156|2|EA|75600|KRW|151200|20200409|1300|
C|005186|2020|50005590020022|001|4300016569|00030|UEAC1157|2|EA|68250|KRW|136500|20200409|1300|
C|005186|2020|50005590020023|001|4300016570|00010|UEBC1712|10|EA|25200|KRW|252000|20200409|1300|
C|005186|2020|50005590020024|001|4300016570|00020|UEBC1713|10|EA|3900|KRW|39000|20200409|1300|
C|005186|2020|50005590020025|001|4300016570|00030|UDFC0228|4|EA|32000|KRW|128000|20200409|1300|
C|005186|2020|50005590020026|001|4300016570|00040|UDFC0229|4|EA|47500|KRW|190000|20200409|1300|
C|005186|2020|50005590020027|001|4300016570|00050|UDFC0230|4|EA|74000|KRW|296000|20200409|1300|
C|005186|2020|50005590020028|001|4300016570|00060|UDFC0231|4|EA|43000|KRW|172000|20200409|1300|
C|005186|2020|50005590020029|001|4300016570|00070|UDFC0232|4|EA|74000|KRW|296000|20200409|1300|
C|005186|2020|50005590020030|001|4300016570|00090|UEBC1702|4|EA|37800|KRW|151200|20200409|1300|
C|005186|2020|50005590020031|001|4300016570|00100|UEBC1703|2|EA|3680|KRW|7360|20200409|1300|
C|005186|2020|50005590020032|001|4300016570|00110|UEBC1715|2|EA|38850|KRW|77700|20200409|1300|
C|005186|2020|50005590020033|001|4300016570|00120|UHBC0025|1|EA|187950|KRW|187950|20200409|1300|
C|005186|2020|50005590020034|001|4300016571|00010|UDBC1142|4|EA|191100|KRW|764400|20200409|1300|
C|005186|2020|50005590020035|001|4300016571|00020|UDBC1143|2|EA|277200|KRW|554400|20200409|1300|
C|005186|2020|50005590020036|001|4300016571|00030|UEAC1159|1|EA|170630|KRW|170630|20200409|1300|
C|005186|2020|50005590020037|001|4300016571|00050|UEBC1701|6|EA|9050|KRW|54300|20200409|1300|
