C|005186|2013|50000426710001|001|4300000780|00070|UDDC0119|15|EA|1764|KRW|26460|20131129|1300|
C|005186|2013|50000426710002|001|4300000780|00080|UDDC0121|15|EA|2667|KRW|40005|20131129|1300|
C|005186|2013|50000426710003|001|4300000780|00090|UDDC0110|15|EA|3990|KRW|59850|20131129|1300|
C|005186|2013|50000426710004|001|4300000780|00100|UDDC0111|15|EA|5775|KRW|86625|20131129|1300|
C|005186|2013|50000426710005|001|4300000780|00110|UDDC0024|5|EA|31240|KRW|156200|20131129|1300|
C|005186|2013|50000426710006|001|4300000780|00120|UDDC0336|5|EA|30400|KRW|152000|20131129|1300|
C|005186|2013|50000426710007|001|4300000780|00130|UDDC0025|3|EA|107600|KRW|322800|20131129|1300|
C|005186|2013|50000426710008|001|4300000780|00140|UDDC0118|1|EA|224270|KRW|224270|20131129|1300|
C|005186|2013|50000426710009|001|4300000780|00150|UDDC0029|3|EA|111090|KRW|333270|20131129|1300|
C|005186|2013|50000426710010|001|4300000780|00160|UDDC0030|3|EA|126590|KRW|379770|20131129|1300|
C|005186|2013|50000426710011|001|4300000780|00170|UDDC0031|3|EA|166690|KRW|500070|20131129|1300|
C|005186|2013|50000426710012|001|4300000781|00010|UAGC0156|10|EA|5510|KRW|55100|20131129|1300|
C|005186|2013|50000426710013|001|4300000781|00020|UAGC0157|10|EA|9090|KRW|90900|20131129|1300|
C|005186|2013|50000426710014|001|4300000781|00030|UAGC0158|10|EA|10920|KRW|109200|20131129|1300|
C|005186|2013|50000426710015|001|4300000781|00040|UDFC0123|50|EA|3885|KRW|194250|20131129|1300|
C|005186|2013|50000426710016|001|4300000781|00050|UDFC0080|50|EA|4850|KRW|242500|20131129|1300|
C|005186|2013|50000426710017|001|4300000781|00060|UDFC0081|50|EA|4830|KRW|241500|20131129|1300|
C|005186|2013|50000426710018|001|4300000781|00070|UDDC0193|1|EA|61100|KRW|61100|20131129|1300|
C|005186|2013|50000426710019|001|4300000781|00080|UDDC0194|1|EA|82470|KRW|82470|20131129|1300|
C|005186|2013|50000426710020|001|4300000781|00090|UDDC0195|1|EA|121160|KRW|121160|20131129|1300|
C|005186|2013|50000426710021|001|4300000781|00100|UDDC0192|5|EA|35810|KRW|179050|20131129|1300|
C|005186|2013|50000426710022|001|4300000781|00110|UDDC0045|10|EA|18900|KRW|189000|20131129|1300|
C|005186|2013|50000426710023|001|4300000781|00120|UDDC0231|10|EA|20910|KRW|209100|20131129|1300|
C|005186|2013|50000426710024|001|4300000781|00130|UDDC0279|1|EA|144900|KRW|144900|20131129|1300|
C|005186|2013|50000426710025|001|4300000781|00140|UGBC0293|1|EA|353900|KRW|353900|20131129|1300|
C|005186|2013|50000426710026|001|4300000781|00150|UGBC1344|1|EA|509000|KRW|509000|20131129|1300|
C|005186|2013|50000426710027|001|4300000782|00010|UDAC0241|2|EA|3260|KRW|6520|20131129|1300|
C|005186|2013|50000426710028|001|4300000782|00020|UGCC0654|1|EA|310530|KRW|310530|20131129|1300|
C|005186|2013|50000426710029|001|4300000782|00030|UDAC0107|20|EA|1160|KRW|23200|20131129|1300|
C|005186|2013|50000426710030|001|4300000782|00040|UGCC0144|1|EA|113400|KRW|113400|20131129|1300|
C|005186|2013|50000426710031|001|4300000782|00050|UDDC0226|15|EA|7250|KRW|108750|20131129|1300|
C|005186|2013|50000426710032|001|4300000782|00060|UDDC0232|10|EA|6720|KRW|67200|20131129|1300|
C|005186|2013|50000426710033|001|4300000782|00070|UDDC0106|5|EA|57960|KRW|289800|20131129|1300|
C|005186|2013|50000426710034|001|4300000782|00080|UDDC0016|3|EA|103010|KRW|309030|20131129|1300|
C|005186|2013|50000426710035|001|4300000782|00090|UDDC0017|3|EA|133090|KRW|399270|20131129|1300|
C|005186|2013|50000426710036|001|4300000782|00100|UDDC0018|2|EA|203910|KRW|407820|20131129|1300|
C|005186|2013|50000426710037|001|4300000782|00110|UDDC0019|1|EA|181020|KRW|181020|20131129|1300|
C|005186|2013|50000426710038|001|4300000782|00120|UDDC0293|3|EA|65380|KRW|196140|20131129|1300|
C|005186|2013|50000426710039|001|4300000782|00130|UDDC0342|6|EA|56840|KRW|341040|20131129|1300|
C|005186|2013|50000426710040|001|4300000782|00140|UAJC0010|5|EA|45740|KRW|228700|20131129|1300|
C|005186|2013|50000426710041|001|4300000782|00150|UAJC0011|5|EA|45740|KRW|228700|20131129|1300|
C|005186|2013|50000426710042|001|4300000783|00010|UIDC0087|2|EA|185260|KRW|370520|20131129|1300|
C|005186|2013|50000426710043|001|4300000783|00020|UDBC0845|20|EA|2730|KRW|54600|20131129|1300|
C|005186|2013|50000426710044|001|4300000783|00030|UDBC0790|20|EA|4673|KRW|93460|20131129|1300|
C|005186|2013|50000426710045|001|4300000783|00040|UDBC0530|200|EA|380|KRW|76000|20131129|1300|
C|005186|2013|50000426710046|001|4300000783|00050|UDBC0047|400|EA|537|KRW|214800|20131129|1300|
C|005186|2013|50000426710047|001|4300000783|00060|UEBC0559|4|EA|67100|KRW|268400|20131129|1300|
C|005186|2013|50000426710048|001|4300000783|00070|UCKC0028|4|EA|77500|KRW|310000|20131129|1300|
C|005186|2013|50000426710049|001|4300000783|00080|UEBC0104|6|EA|2170|KRW|13020|20131129|1300|
C|005186|2013|50000426710050|001|4300000783|00100|UDEC0009|1|EA|211710|KRW|211710|20131129|1300|
C|005186|2013|50000426710051|001|4300000783|00110|UDEC0064|1|EA|325500|KRW|325500|20131129|1300|
C|005186|2013|50000426710052|001|4300000783|00120|UEBC0208|2|EA|113800|KRW|227600|20131129|1300|
C|005186|2013|50000426710053|001|4300000783|00130|UEBC0209|2|EA|164460|KRW|328920|20131129|1300|
C|005186|2013|50000426710054|001|4300000783|00140|UEBC0216|2|EA|246440|KRW|492880|20131129|1300|
C|005186|2013|50000426710055|001|4300000783|00150|UDAC0062|2|EA|38400|KRW|76800|20131129|1300|
C|005186|2013|50000426710056|001|4300000783|00160|UGBC0692|2|EA|280350|KRW|560700|20131129|1300|
C|005186|2013|50000426710057|001|4300000784|00060|UEBC0155|200|EA|8230|KRW|1646000|20131129|1300|
C|005186|2013|50000426720001|001|4300000768|00010|UGCC0197|2|EA|236840|KRW|473680|20131129|1300|
C|005186|2013|50000426720002|001|4300000768|00040|UCKC0087|1|EA|308550|KRW|308550|20131129|1300|
C|005186|2013|50000426720003|001|4300000768|00050|UAHC0048|20|EA|540|KRW|10800|20131129|1300|
C|005186|2013|50000426720004|001|4300000768|00060|UDFC0147|2|EA|31580|KRW|63160|20131129|1300|
C|005186|2013|50000426720005|001|4300000768|00070|UJAC0088|18|EA|49350|KRW|888300|20131129|1300|
C|005186|2013|50000426720006|001|4300000768|00080|UAGC0033|1|EA|122100|KRW|122100|20131129|1300|
C|005186|2013|50000426720007|001|4300000768|00090|UABC0045|30|EA|11040|KRW|331200|20131129|1300|
C|005186|2013|50000426720008|001|4300000768|00100|UDAC0266|100|EA|4840|KRW|484000|20131129|1300|
C|005186|2013|50000426720009|001|4300000769|00010|UGCC0737|1|EA|1769000|KRW|1769000|20131129|1300|
C|005186|2013|50000426720010|001|4300000770|00010|UGCC0030|1|EA|83160|KRW|83160|20131129|1300|
C|005186|2013|50000426720011|001|4300000770|00020|UHTC0238|2|EA|10100|KRW|20200|20131129|1300|
C|005186|2013|50000426720012|001|4300000770|00030|UDAC0012|100|EA|4220|KRW|422000|20131129|1300|
C|005186|2013|50000426720013|001|4300000770|00040|UJBC0034|5|EA|10500|KRW|52500|20131129|1300|
C|005186|2013|50000426720014|001|4300000770|00050|UAGC0187|1|EA|147000|KRW|147000|20131129|1300|
C|005186|2013|50000426720015|001|4300000770|00060|UAGC0390|3|EA|30384|KRW|91152|20131129|1300|
C|005186|2013|50000426720016|001|4300000770|00090|UHTC0486|1|EA|46410|KRW|46410|20131129|1300|
C|005186|2013|50000426720017|001|4300000770|00100|UZZC0029|20|EA|11550|KRW|231000|20131129|1300|
C|005186|2013|50000426720018|001|4300000770|00110|UAGC0025|2|EA|6060|KRW|12120|20131129|1300|
C|005186|2013|50000426720019|001|4300000778|00010|KT020007|4|EA|6860|KRW|27440|20131129|1300|
C|005186|2013|50000426720020|001|4300000778|00020|KT020008|3|EA|8030|KRW|24090|20131129|1300|
C|005186|2013|50000426720021|001|4300000778|00030|KT020012|2|EA|13110|KRW|26220|20131129|1300|
C|005186|2013|50000426720022|001|4300000778|00040|KT020013|4|EA|13110|KRW|52440|20131129|1300|
C|005186|2013|50000426720023|001|4300000778|00050|KT020500|20|EA|3110|KRW|62200|20131129|1300|
C|005186|2013|50000426720024|001|4300000778|00060|KT020610|1|EA|29150|KRW|29150|20131129|1300|
C|005186|2013|50000426720025|001|4300000778|00070|KT020611|1|EA|28140|KRW|28140|20131129|1300|
C|005186|2013|50000426720026|001|4300000778|00080|KT020612|1|EA|44100|KRW|44100|20131129|1300|
C|005186|2013|50000426720027|001|4300000778|00090|KT020613|1|EA|49000|KRW|49000|20131129|1300|
C|005186|2013|50000426720028|001|4300000778|00120|KT020705|5|EA|1390|KRW|6950|20131129|1300|
C|005186|2013|50000426720029|001|4300000778|00130|KT080110|2|EA|25440|KRW|50880|20131129|1300|
C|005186|2013|50000426720030|001|4300000778|00140|KT080111|1|EA|24360|KRW|24360|20131129|1300|
C|005186|2013|50000426720031|001|4300000778|00150|KT080300|20.000|KG|2770|KRW|55400|20131129|1300|
C|005186|2013|50000426720032|001|4300000778|00160|KT080311|2|EA|72980|KRW|145960|20131129|1300|
C|005186|2013|50000426720033|001|4300000778|00190|KT990001|150|EA|510|KRW|76500|20131129|1300|
C|005186|2013|50000426720034|001|4300000778|00200|KT990010|170|EA|370|KRW|62900|20131129|1300|
C|005186|2013|50000426720035|001|4300000778|00220|KH990100|4|EA|27220|KRW|108880|20131129|1300|
C|005186|2013|50000426720036|001|4300000778|00230|KH990101|4|EA|7250|KRW|29000|20131129|1300|
C|005186|2013|50000426720037|001|4300000784|00010|UKEC0017|1|EA|61200|KRW|61200|20131129|1300|
C|005186|2013|50000426720038|001|4300000784|00020|UKEC0108|1|EA|137020|KRW|137020|20131129|1300|
C|005186|2013|50000426720039|001|4300000784|00030|UADC0106|6|EA|2310|KRW|13860|20131129|1300|
C|005186|2013|50000426720040|001|4300000784|00040|UFFC0032|1|EA|165900|KRW|165900|20131129|1300|
C|005186|2013|50000426720041|001|4300000784|00050|UBBC0006|3|EA|103370|KRW|310110|20131129|1300|
C|005186|2013|50000426730001|001|4300000749|00130|UALC0096|20|EA|28400|KRW|568000|20131129|1300|
C|005186|2013|50000426740001|001|4300000778|00100|KT020700|10|EA|2680|KRW|26800|20131129|1300|
C|005186|2013|50000426740002|001|4300000778|00110|KT020704|33|EA|610|KRW|20130|20131129|1300|
C|005186|2013|50000426740003|001|4300000778|00170|KT080360|1|EA|5250|KRW|5250|20131129|1300|
C|005186|2013|50000426740004|001|4300000778|00180|KT080520|5|EA|2760|KRW|13800|20131129|1300|
C|005186|2013|50000426740005|001|4300000778|00210|KT990030|5|EA|2630|KRW|13150|20131129|1300|
C|005186|2013|50000426740006|001|4300000778|00240|KS061502|10|EA|2970|KRW|29700|20131129|1300|
C|005186|2013|50000426740007|001|4300000778|00250|KS061503|10|EA|3150|KRW|31500|20131129|1300|
C|005186|2013|50000426740008|001|4300000778|00260|KS061504|4|EA|4050|KRW|16200|20131129|1300|
C|005186|2013|50000426740009|001|4300000778|00270|KS061505|4|EA|6230|KRW|24920|20131129|1300|
C|005186|2013|50000426740010|001|4300000778|00280|KS061506|2|EA|7850|KRW|15700|20131129|1300|
C|005186|2013|50000426740011|001|4300000778|00290|KS061508|4|EA|10510|KRW|42040|20131129|1300|
C|005186|2013|50000426740012|001|4300000778|00300|KS066902|5|EA|1540|KRW|7700|20131129|1300|
C|005186|2013|50000426740013|001|4300000778|00310|KS066906|5|EA|2970|KRW|14850|20131129|1300|
C|005186|2013|50000426740014|001|4300000778|00320|KS066906|5|EA|2970|KRW|14850|20131129|1300|
C|005186|2013|50000426740015|001|4300000778|00330|KS067004|3|EA|2000|KRW|6000|20131129|1300|
C|005186|2013|50000426740016|001|4300000778|00340|KS067005|3|EA|2400|KRW|7200|20131129|1300|
C|005186|2013|50000426740017|001|4300000778|00350|KS067007|2|EA|4100|KRW|8200|20131129|1300|
C|005186|2013|50000426740018|001|4300000778|00360|KS067203|2|EA|2330|KRW|4660|20131129|1300|
C|005186|2013|50000426740019|001|4300000778|00370|KS067204|2|EA|2570|KRW|5140|20131129|1300|
C|005186|2013|50000426740020|001|4300000778|00380|KS067210|5|EA|14350|KRW|71750|20131129|1300|
C|005186|2013|50000426740021|001|4300000778|00390|KS080705|4|EA|18500|KRW|74000|20131129|1300|
C|005186|2013|50000426740022|001|4300000778|00400|KS080709|5|EA|24700|KRW|123500|20131129|1300|
C|005186|2013|50000426740023|001|4300000778|00410|KS080711|10|EA|32300|KRW|323000|20131129|1300|
C|005186|2013|50000426740024|001|4300000784|00070|UHTC0553|1|EA|589530|KRW|589530|20131129|1300|
C|005186|2013|50000426750001|001|4300000659|00030|UEAC0117|4|EA|543900|KRW|2175600|20131129|1300|
C|005186|2013|50000426750002|001|4300000715|00010|UEAC0143|1|EA|252300|KRW|252300|20131129|1300|
C|005186|2013|50000426750003|001|4300000715|00020|UEAC0135|2|EA|519700|KRW|1039400|20131129|1300|
C|005186|2013|50000426750004|001|4300000715|00040|UEAC1113|1|EA|795000|KRW|795000|20131129|1300|
C|005186|2013|50000426750005|001|4300000727|00070|UEAC0117|2|EA|543900|KRW|1087800|20131129|1300|
