C|005186|2018|50004590920001|001|4300011912|00010|KE030011|11|EA|8190|KRW|90090|20181130|1300|
C|005186|2018|50004590920002|001|4300011912|00020|KE030110|1|EA|38540|KRW|38540|20181130|1300|
C|005186|2018|50004590920003|001|4300011912|00030|KE030200|2|EA|15230|KRW|30460|20181130|1300|
C|005186|2018|50004590920004|001|4300011912|00040|KE030211|1|EA|145740|KRW|145740|20181130|1300|
C|005186|2018|50004590920005|001|4300011912|00050|KE050003|14|EA|1400|KRW|19600|20181130|1300|
C|005186|2018|50004590920006|001|4300011912|00060|KE050302|17|EA|1160|KRW|19720|20181130|1300|
C|005186|2018|50004590920007|001|4300011912|00070|KE090102|3|EA|15430|KRW|46290|20181130|1300|
C|005186|2018|50004590920008|001|4300011912|00080|KE090127|1|EA|34000|KRW|34000|20181130|1300|
C|005186|2018|50004590920009|001|4300011912|00090|KE110200|10|EA|65100|KRW|651000|20181130|1300|
C|005186|2018|50004590920010|001|4300011912|00100|KE180203|30|EA|13650|KRW|409500|20181130|1300|
C|005186|2018|50004590920011|001|4300011912|00110|KE210001|2|EA|53030|KRW|106060|20181130|1300|
C|005186|2018|50004590920012|001|4300011912|00120|KE230003|100|EA|46750|KRW|187000|20181130|1300|
C|005186|2018|50004590920013|001|4300011912|00130|KE231406|7|EA|7140|KRW|49980|20181130|1300|
C|005186|2018|50004590920014|001|4300011912|00140|KE231503|4|EA|1160|KRW|4640|20181130|1300|
C|005186|2018|50004590920015|001|4300011912|00150|KE270300|80|EA|9400|KRW|37600|20181130|1300|
C|005186|2018|50004590920016|001|4300011912|00160|KE270302|3|EA|6900|KRW|20700|20181130|1300|
C|005186|2018|50004590920017|001|4300011912|00170|KE281401|21|EA|840|KRW|17640|20181130|1300|
C|005186|2018|50004590920018|001|4300011913|00010|KE110100|15|EA|124000|KRW|1860000|20181130|1300|
C|005186|2018|50004590950001|001|4300011822|00030|UDDC0396|2|EA|93800|KRW|187600|20181130|1300|
C|005186|2018|50004590950002|001|4300011835|00040|UJAC0036|50|EA|735000|KRW|735000|20181130|1300|
C|005186|2018|50004590950003|001|4300011934|00010|UDBC0943|100|EA|28650|KRW|57300|20181130|1300|
C|005186|2018|50004590950004|001|4300011934|00020|UEBC1333|2|EA|68900|KRW|137800|20181130|1300|
C|005186|2018|50004590950005|001|4300011934|00030|UDBC0805|1|EA|248000|KRW|248000|20181130|1300|
C|005186|2018|50004590950006|001|4300011934|00040|UEBC0113|3|EA|16510|KRW|49530|20181130|1300|
C|005186|2018|50004590950007|001|4300011934|00050|UEBC0331|5|EA|14700|KRW|73500|20181130|1300|
C|005186|2018|50004590950008|001|4300011934|00060|UEBC0017|6|EA|12130|KRW|72780|20181130|1300|
C|005186|2018|50004590950009|001|4300011935|00010|UEBC1210|5|EA|732500|KRW|732500|20181130|1300|
C|005186|2018|50004590950010|001|4300011935|00020|UEBC0049|2|EA|266070|KRW|532140|20181130|1300|
C|005186|2018|50004590950011|001|4300011935|00030|UEBC1269|5|EA|254400|KRW|254400|20181130|1300|
C|005186|2018|50004590950012|001|4300011937|00010|UEBC1414|10|EA|168000|KRW|1680000|20181130|1300|
C|005186|2018|50004590950013|001|4300011938|00030|UEBC1166|10|EA|520000|KRW|1040000|20181130|1300|
C|005186|2018|50004590950014|001|4300011938|00050|UCIC0016|2|EA|37470|KRW|74940|20181130|1300|
C|005186|2018|50004590980001|001|4300011467|00020|UJAC0011|2|EA|9100|KRW|18200|20181130|1300|
C|005186|2018|50004590980002|001|4300011634|00040|UDCC0029|1|EA|51450|KRW|51450|20181130|1300|
C|005186|2018|50004590980003|001|4300011934|00070|UKBC0047|8|EA|25200|KRW|201600|20181130|1300|
C|005186|2018|50004590980004|001|4300011939|00010|UJBC0031|18|EA|16630|KRW|299340|20181130|1300|
C|005186|2018|50004590980005|001|4300011940|00040|UCKC0049|1|EA|86630|KRW|86630|20181130|1300|
C|005186|2018|50004591010001|001|4300011594|00090|UIDC0121|1|EA|283500|KRW|283500|20181130|1300|
C|005186|2018|50004591010002|001|4300011594|00100|UDEC0108|1|EA|43460|KRW|43460|20181130|1300|
C|005186|2018|50004591010003|001|4300011782|00030|UDEC0054|5|EA|148050|KRW|740250|20181130|1300|
C|005186|2018|50004591010004|001|4300011783|00020|UDDC0231|15|EA|20910|KRW|313650|20181130|1300|
C|005186|2018|50004591010005|001|4300011819|00010|UFKC0148|12|EA|5200|KRW|62400|20181130|1300|
C|005186|2018|50004591040001|001|4300011485|00100|UDCC0054|3|EA|84100|KRW|252300|20181130|1300|
C|005186|2018|50004591040002|001|4300011528|00030|UIDC0042|1|EA|109050|KRW|109050|20181130|1300|
C|005186|2018|50004591040003|001|4300011528|00170|UIDC0113|1|EA|656840|KRW|656840|20181130|1300|
C|005186|2018|50004591040004|001|4300011529|00020|UFFC0050|2|EA|7400|KRW|14800|20181130|1300|
C|005186|2018|50004591040005|001|4300011594|00130|UDEC0014|1|EA|58440|KRW|58440|20181130|1300|
C|005186|2018|50004591040006|001|4300011632|00030|UDDC0340|1|EA|151900|KRW|151900|20181130|1300|
C|005186|2018|50004591040007|001|4300011779|00010|UDEC0058|5|EA|190050|KRW|950250|20181130|1300|
C|005186|2018|50004591040008|001|4300011782|00050|UDCC0019|1|EA|44520|KRW|44520|20181130|1300|
C|005186|2018|50004591040009|001|4300011839|00100|UIDC0108|1|EA|59330|KRW|59330|20181130|1300|
C|005186|2018|50004591040010|001|4300011937|00020|UDDC0043|1|EA|89040|KRW|89040|20181130|1300|
C|005186|2018|50004591040011|001|4300011938|00020|UIDC0039|1|EA|48300|KRW|48300|20181130|1300|
C|005186|2018|50004591040012|001|4300011938|00040|UDDC0181|2|EA|8230|KRW|16460|20181130|1300|
C|005186|2018|50004591070001|001|4300011468|00020|UIDC0086|2|EA|140000|KRW|280000|20181130|1300|
C|005186|2018|50004591070002|001|4300011470|00010|UIDC0108|1|EA|59330|KRW|59330|20181130|1300|
C|005186|2018|50004591070003|001|4300011470|00020|UIDC0111|2|EA|72450|KRW|144900|20181130|1300|
C|005186|2018|50004591070004|001|4300011471|00010|UDDC0109|8|EA|98010|KRW|784080|20181130|1300|
C|005186|2018|50004591070005|001|4300011471|00020|UDDC0270|8|EA|65380|KRW|523040|20181130|1300|
C|005186|2018|50004591070006|001|4300011471|00030|UDDC0275|5|EA|85820|KRW|429100|20181130|1300|
C|005186|2018|50004591070007|001|4300011485|00020|UDCC0020|1|EA|62580|KRW|62580|20181130|1300|
C|005186|2018|50004591070008|001|4300011486|00060|UDDC0242|2|EA|57660|KRW|115320|20181130|1300|
C|005186|2018|50004591070009|001|4300011486|00070|UDDC0014|10|EA|31770|KRW|317700|20181130|1300|
C|005186|2018|50004591070010|001|4300011486|00080|UDDC0015|10|EA|54180|KRW|541800|20181130|1300|
C|005186|2018|50004591070011|001|4300011486|00090|UDDC0106|10|EA|57960|KRW|579600|20181130|1300|
C|005186|2018|50004591070012|001|4300011487|00010|UDDC0293|6|EA|65380|KRW|392280|20181130|1300|
C|005186|2018|50004591070013|001|4300011487|00020|UDDC0342|6|EA|56840|KRW|341040|20181130|1300|
C|005186|2018|50004591070014|001|4300011531|00010|UDEC0066|3|EA|444680|KRW|1334040|20181130|1300|
C|005186|2018|50004591070015|001|4300011532|00040|UDEC0064|5|EA|325500|KRW|1627500|20181130|1300|
C|005186|2018|50004591070016|001|4300011632|00010|UDDC0180|1|EA|15440|KRW|15440|20181130|1300|
C|005186|2018|50004591070017|001|4300011632|00040|UIDC0106|1|EA|289800|KRW|289800|20181130|1300|
C|005186|2018|50004591070018|001|4300011782|00060|UDDC0323|1|EA|45500|KRW|45500|20181130|1300|
C|005186|2018|50004591070019|001|4300011792|00110|UDEC0047|2|EA|85680|KRW|171360|20181130|1300|
C|005186|2018|50004591070020|001|4300011914|00010|UIDC0085|5|EA|111160|KRW|555800|20181130|1300|
C|005186|2018|50004591070021|001|4300011914|00020|UIDC0086|5|EA|140000|KRW|700000|20181130|1300|
C|005186|2018|50004591070022|001|4300011931|00010|KS990007|5|EA|51450|KRW|257250|20181130|1300|
C|005186|2018|50004591080001|001|4300011935|00040|UAGC0252|2|EA|67060|KRW|134120|20181130|1300|
C|005186|2018|50004591080002|001|4300011937|00030|UICC0010|10|EA|15800|KRW|15800|20181130|1300|
C|005186|2018|50004591080003|001|4300011937|00040|UAGC0524|1|EA|145500|KRW|145500|20181130|1300|
C|005186|2018|50004591080004|001|4300011941|00010|UADC0031|2|EA|23100|KRW|46200|20181130|1300|
C|005186|2018|50004591100001|001|4300011931|00020|KT020004|2|EA|5600|KRW|11200|20181130|1300|
C|005186|2018|50004591100002|001|4300011931|00030|KT020005|2|EA|5640|KRW|11280|20181130|1300|
C|005186|2018|50004591100003|001|4300011931|00040|KT020006|2|EA|6250|KRW|12500|20181130|1300|
C|005186|2018|50004591100004|001|4300011931|00050|KT020013|2|EA|13110|KRW|26220|20181130|1300|
C|005186|2018|50004591100005|001|4300011931|00060|KT020014|1|EA|14490|KRW|14490|20181130|1300|
C|005186|2018|50004591100006|001|4300011931|00070|KT020015|1|EA|15720|KRW|15720|20181130|1300|
C|005186|2018|50004591100007|001|4300011931|00080|KT020016|1|EA|18620|KRW|18620|20181130|1300|
C|005186|2018|50004591100008|001|4300011931|00090|KT020018|1|EA|22630|KRW|22630|20181130|1300|
C|005186|2018|50004591100009|001|4300011931|00100|KT020500|20|EA|31100|KRW|62200|20181130|1300|
C|005186|2018|50004591100010|001|4300011931|00110|KT020600|2|EA|14910|KRW|29820|20181130|1300|
C|005186|2018|50004591100011|001|4300011931|00120|KT020610|1|EA|29150|KRW|29150|20181130|1300|
C|005186|2018|50004591100012|001|4300011942|00020|KT020611|2|EA|28140|KRW|56280|20181130|1300|
C|005186|2018|50004591100013|001|4300011942|00030|KT020612|1|EA|44100|KRW|44100|20181130|1300|
C|005186|2018|50004591100014|001|4300011942|00040|KT020613|1|EA|49000|KRW|49000|20181130|1300|
C|005186|2018|50004591100015|001|4300011942|00050|KT020700|11|EA|2680|KRW|29480|20181130|1300|
C|005186|2018|50004591100016|001|4300011942|00060|KT080300|15.000|KG|13850|KRW|41550|20181130|1300|
C|005186|2018|50004591100017|001|4300011942|00070|KT080320|1.000|KG|14175|KRW|14175|20181130|1300|
C|005186|2018|50004591100018|001|4300011942|00080|KT990001|200|EA|5100|KRW|102000|20181130|1300|
C|005186|2018|50004591100019|001|4300011942|00090|KT990010|40|EA|3700|KRW|14800|20181130|1300|
C|005186|2018|50004591100020|001|4300011958|00010|UAGC0058|10|EA|11900|KRW|11900|20181130|1300|
C|005186|2018|50004591100021|001|4300011958|00020|UAGC0109|10|EA|16380|KRW|16380|20181130|1300|
C|005186|2018|50004591100022|001|4300011958|00030|UAGC0125|10|EA|18400|KRW|18400|20181130|1300|
C|005186|2018|50004591100023|001|4300011958|00040|UAGC0297|10|EA|52000|KRW|52000|20181130|1300|
C|005186|2018|50004591100024|001|4300011958|00050|UAGC0128|10|EA|16400|KRW|32800|20181130|1300|
C|005186|2018|50004591100025|001|4300011958|00060|UAGC0416|10|EA|21550|KRW|43100|20181130|1300|
C|005186|2018|50004591100026|001|4300011958|00070|UAGC0111|10|EA|5410|KRW|54100|20181130|1300|
C|005186|2018|50004591110001|001|4300011468|00100|UDDC0304|10|EA|22370|KRW|223700|20181130|1300|
C|005186|2018|50004591110002|001|4300011934|00080|UAGC0058|10|EA|11900|KRW|11900|20181130|1300|
C|005186|2018|50004591110003|001|4300011941|00020|UDAC0358|1|EA|75300|KRW|75300|20181130|1300|
C|005186|2018|50004591110004|001|4300011941|00030|UEBC1220|10|EA|6570|KRW|65700|20181130|1300|
C|005186|2018|50004591110005|001|4300011941|00040|UEBC1423|10|EA|6570|KRW|65700|20181130|1300|
C|005186|2018|50004591110006|001|4300011941|00060|UEBC1398|4|EA|30000|KRW|120000|20181130|1300|
C|005186|2018|50004591130001|001|4300011940|00020|UGBC1415|1|EA|434000|KRW|434000|20181130|1300|
C|005186|2018|50004591130002|001|4300011943|00010|UGBC0555|10|EA|420000|KRW|420000|20181130|1300|
C|005186|2018|50004591130003|001|4300011943|00020|UGBC0556|10|EA|525000|KRW|525000|20181130|1300|
C|005186|2018|50004591130004|001|4300011943|00030|UGBC0051|5|EA|2730|KRW|13650|20181130|1300|
C|005186|2018|50004591130005|001|4300011943|00050|UGBC0532|20|EA|39900|KRW|79800|20181130|1300|
C|005186|2018|50004591130006|001|4300011960|00010|UGBC0658|10|EA|803250|KRW|1606500|20181130|1300|
C|005186|2018|50004591140001|001|4300011828|00050|UCIC0196|1|EA|660000|KRW|660000|20181130|1300|
C|005186|2018|50004591140002|001|4300011829|00010|UCIC0194|1|EA|1370000|KRW|1370000|20181130|1300|
C|005186|2018|50004591140003|001|4300011829|00020|UGBC0275|3|EA|126000|KRW|378000|20181130|1300|
C|005186|2018|50004591140004|001|4300011830|00010|UCIC0172|1|EA|1852000|KRW|1852000|20181130|1300|
C|005186|2018|50004591140005|001|4300011921|00020|UCEC0034|1|EA|48300|KRW|48300|20181130|1300|
C|005186|2018|50004591140006|001|4300011943|00040|UGBC0057|10|EA|1470|KRW|14700|20181130|1300|
C|005186|2018|50004591140007|001|4300011960|00020|UJCC0027|1|EA|100800|KRW|100800|20181130|1300|
C|005186|2018|50004591140008|001|4300011960|00030|UJCC0028|1|EA|100800|KRW|100800|20181130|1300|
C|005186|2018|50004591140009|001|4300011960|00040|UGBC0048|5|EA|1470|KRW|7350|20181130|1300|
C|005186|2018|50004591150001|001|4300011828|00010|UGBC0481|10|EA|76125|KRW|152250|20181130|1300|
C|005186|2018|50004591150002|001|4300011828|00020|UGBC1087|4|EA|105000|KRW|210000|20181130|1300|
C|005186|2018|50004591150003|001|4300011828|00030|UGBC1101|10|EA|262500|KRW|525000|20181130|1300|
C|005186|2018|50004591150004|001|4300011828|00040|UGBC1065|5|EA|325500|KRW|325500|20181130|1300|
C|005186|2018|50004591150005|001|4300011843|00010|UGBC0193|10|EA|13150|KRW|26300|20181130|1300|
C|005186|2018|50004591150006|001|4300011843|00020|UGBC1064|10|EA|17850|KRW|35700|20181130|1300|
C|005186|2018|50004591150007|001|4300011843|00030|UGBC0194|10|EA|18025|KRW|36050|20181130|1300|
C|005186|2018|50004591150008|001|4300011843|00040|UGBC0195|5|EA|23650|KRW|23650|20181130|1300|
C|005186|2018|50004591150009|001|4300011843|00050|UGBC0196|10|EA|34650|KRW|69300|20181130|1300|
C|005186|2018|50004591150010|001|4300011843|00060|UGBC0123|40|EA|5500|KRW|11000|20181130|1300|
C|005186|2018|50004591150011|001|4300011843|00070|UGBC1225|40|EA|2300|KRW|9200|20181130|1300|
C|005186|2018|50004591150012|001|4300011843|00080|UGBC0622|20|EA|21000|KRW|21000|20181130|1300|
C|005186|2018|50004591150013|001|4300011843|00090|UGBC0165|20|EA|10600|KRW|10600|20181130|1300|
C|005186|2018|50004591150014|001|4300011843|00100|UGBC0168|10|EA|16800|KRW|16800|20181130|1300|
C|005186|2018|50004591150015|001|4300011843|00110|UGBC0170|10|EA|2310|KRW|23100|20181130|1300|
C|005186|2018|50004591160001|001|4300011831|00040|UHTC0695|40|EA|610000|KRW|1220000|20181130|1300|
