C|005186|2020|50006065240001|001|4300018632|00010|UHHC0042|1|EA|655200|KRW|655200|20201210|1300|
C|005186|2020|50006065240002|001|4300018632|00020|UHDC0225|10|EA|5350|KRW|53500|20201210|1300|
C|005186|2020|50006065240003|001|4300018632|00030|UHHC0136|1|EA|96600|KRW|96600|20201210|1300|
C|005186|2020|50006065240004|001|4300018703|00010|UHGC0208|10|EA|76650|KRW|766500|20201210|1300|
C|005186|2020|50006065240005|001|4300018704|00010|UHTC0872|33|EA|58850|KRW|1942050|20201210|1300|
C|005186|2020|50006065240006|001|4300018734|00010|UHFC0020|20|EA|86630|KRW|1732600|20201210|1300|
C|005186|2020|50006065240007|001|4300018739|00030|UHDC0061|60|EA|103000|KRW|618000|20201210|1300|
C|005186|2020|50006065240008|001|4300018740|00020|UHTC0246|20|EA|169400|KRW|169400|20201210|1300|
C|005186|2020|50006065240009|001|4300018741|00010|UHHC0214|20|EA|762000|KRW|1524000|20201210|1300|
C|005186|2020|50006065240010|001|4300018742|00010|UHDC0097|100|EA|137800|KRW|1378000|20201210|1300|
C|005186|2020|50006065240011|001|4300018791|00010|UCKC0052|1|EA|255150|KRW|255150|20201210|1300|
C|005186|2020|50006065240012|001|4300018799|00050|KP150400|300|EA|17000|KRW|51000|20201210|1300|
C|005186|2020|50006065240013|001|4300018829|00060|UAGC0005|5|EA|16680|KRW|83400|20201210|1300|
C|005186|2020|50006065240014|001|4300018833|00030|UDEC0008|2|EA|40430|KRW|80860|20201210|1300|
C|005186|2020|50006065240015|001|4300018834|00030|UAEC0229|1|EA|3050|KRW|3050|20201210|1300|
C|005186|2020|50006065240016|001|4300018835|00010|UDEC0010|3|EA|247170|KRW|741510|20201210|1300|
C|005186|2020|50006065250001|001|4300018799|00130|KT020003|1|EA|5600|KRW|5600|20201210|1300|
C|005186|2020|50006065250002|001|4300018799|00140|KT020004|1|EA|5600|KRW|5600|20201210|1300|
C|005186|2020|50006065250003|001|4300018799|00150|KT020007|2|EA|6860|KRW|13720|20201210|1300|
C|005186|2020|50006065250004|001|4300018799|00160|KT020008|3|EA|8030|KRW|24090|20201210|1300|
C|005186|2020|50006065250005|001|4300018799|00170|KT020009|4|EA|8030|KRW|32120|20201210|1300|
C|005186|2020|50006065250006|001|4300018799|00180|KT020010|4|EA|10190|KRW|40760|20201210|1300|
C|005186|2020|50006065250007|001|4300018799|00190|KT020011|1|EA|10400|KRW|10400|20201210|1300|
C|005186|2020|50006065250008|001|4300018799|00200|KT020012|1|EA|13110|KRW|13110|20201210|1300|
C|005186|2020|50006065250009|001|4300018799|00210|KT020013|2|EA|13110|KRW|26220|20201210|1300|
C|005186|2020|50006065250010|001|4300018799|00220|KT020015|2|EA|15720|KRW|31440|20201210|1300|
C|005186|2020|50006065250011|001|4300018799|00230|KT020016|2|EA|18620|KRW|37240|20201210|1300|
C|005186|2020|50006065250012|001|4300018799|00240|KT020022|1|EA|28350|KRW|28350|20201210|1300|
C|005186|2020|50006065250013|001|4300018799|00250|KT020023|1|EA|32400|KRW|32400|20201210|1300|
C|005186|2020|50006065250014|001|4300018799|00260|KT020500|20|EA|31100|KRW|62200|20201210|1300|
C|005186|2020|50006065250015|001|4300018799|00270|KT020600|3|EA|14910|KRW|44730|20201210|1300|
C|005186|2020|50006065250016|001|4300018799|00280|KT020700|13|EA|2680|KRW|34840|20201210|1300|
C|005186|2020|50006065250017|001|4300018799|00290|KT080110|2|EA|25440|KRW|50880|20201210|1300|
C|005186|2020|50006065250018|001|4300018799|00300|KT080300|10.000|KG|13850|KRW|27700|20201210|1300|
C|005186|2020|50006065250019|001|4300018799|00310|KT080311|2|EA|72980|KRW|145960|20201210|1300|
C|005186|2020|50006065250020|001|4300018799|00320|KT990001|100|EA|5100|KRW|51000|20201210|1300|
C|005186|2020|50006065260001|001|4300018837|00020|UAGC0613|4|EA|7910|KRW|31640|20201210|1300|
C|005186|2020|50006065260002|001|4300018837|00050|UKAC0022|1|EA|45150|KRW|45150|20201210|1300|
C|005186|2020|50006065270001|001|4300018829|00010|UEBC0436|12|EA|18950|KRW|227400|20201210|1300|
C|005186|2020|50006065270002|001|4300018829|00020|UEBC0202|4|EA|132680|KRW|530720|20201210|1300|
C|005186|2020|50006065270003|001|4300018829|00030|UEBC1132|4|EA|106700|KRW|426800|20201210|1300|
C|005186|2020|50006065270004|001|4300018829|00040|UEBC1353|1|EA|125000|KRW|125000|20201210|1300|
C|005186|2020|50006065270005|001|4300018830|00030|UEBC0143|20|EA|23500|KRW|94000|20201210|1300|
C|005186|2020|50006065270006|001|4300018832|00010|UEBC1505|4|EA|454000|KRW|1816000|20201210|1300|
C|005186|2020|50006065270007|001|4300018833|00010|UEBC1762|50|EA|1930|KRW|96500|20201210|1300|
C|005186|2020|50006065270008|001|4300018834|00010|UEBC0262|3|EA|32890|KRW|98670|20201210|1300|
C|005186|2020|50006065270009|001|4300018834|00020|UEBC1717|10|EA|2020|KRW|20200|20201210|1300|
C|005186|2020|50006065270010|001|4300018834|00040|UCKC0179|1|EA|13700|KRW|13700|20201210|1300|
C|005186|2020|50006065270011|001|4300018834|00050|UEBC1827|2|EA|244860|KRW|489720|20201210|1300|
C|005186|2020|50006065270012|001|4300018834|00060|UEBC1828|4|EA|108650|KRW|434600|20201210|1300|
C|005186|2020|50006065270013|001|4300018834|00070|UEBC1829|4|EA|210520|KRW|842080|20201210|1300|
C|005186|2020|50006065270014|001|4300018834|00080|UEBC1426|1|EA|50800|KRW|50800|20201210|1300|
C|005186|2020|50006065270015|001|4300018836|00010|UEBC1439|2|EA|101700|KRW|203400|20201210|1300|
C|005186|2020|50006065270016|001|4300018836|00020|UDAC0348|2|EA|7208|KRW|14416|20201210|1300|
C|005186|2020|50006065270017|001|4300018836|00030|UDAC0413|1|EA|3150|KRW|3150|20201210|1300|
C|005186|2020|50006065270018|001|4300018836|00040|UEBC1107|100|EA|6710|KRW|671000|20201210|1300|
C|005186|2020|50006065270019|001|4300018836|00050|UEBC1819|8|EA|2550|KRW|20400|20201210|1300|
C|005186|2020|50006065270020|001|4300018836|00060|UEBC0542|4|EA|60900|KRW|243600|20201210|1300|
C|005186|2020|50006065270021|001|4300018836|00070|UEBC1770|8|EA|29150|KRW|233200|20201210|1300|
C|005186|2020|50006065270022|001|4300018836|00080|UDBC1163|2|EA|123900|KRW|247800|20201210|1300|
C|005186|2020|50006065270023|001|4300018836|00090|UDBC1164|1|EA|62120|KRW|62120|20201210|1300|
C|005186|2020|50006065270024|001|4300018837|00010|UEBC1804|5|EA|92400|KRW|462000|20201210|1300|
C|005186|2020|50006065270025|001|4300018837|00030|UEBC0648|6|EA|82950|KRW|497700|20201210|1300|
C|005186|2020|50006065270026|001|4300018837|00040|UEBC1830|20|EA|2160|KRW|43200|20201210|1300|
C|005186|2020|50006065270027|001|4300018837|00060|UEBC1831|10|EA|17210|KRW|172100|20201210|1300|
C|005186|2020|50006065270028|001|4300018837|00070|UEBC1832|10|EA|8910|KRW|89100|20201210|1300|
C|005186|2020|50006065270029|001|4300018837|00080|UDAC0169|100|EA|1600|KRW|16000|20201210|1300|
C|005186|2020|50006065270030|001|4300018837|00090|UEBC1833|1|EA|323300|KRW|323300|20201210|1300|
C|005186|2020|50006065270031|001|4300018839|00010|UEBC1780|10|EA|77380|KRW|773800|20201210|1300|
C|005186|2020|50006065270032|001|4300018839|00020|UDAC0456|10|EA|1380|KRW|13800|20201210|1300|
C|005186|2020|50006065270033|001|4300018839|00030|UEBC1834|20|EA|27560|KRW|551200|20201210|1300|
C|005186|2020|50006065270034|001|4300018840|00010|UEAC1178|1|EA|1028200|KRW|1028200|20201210|1300|
C|005186|2020|50006065270035|001|4300018840|00020|UEBC1835|2|EA|209880|KRW|419760|20201210|1300|
C|005186|2020|50006065270036|001|4300018840|00030|UDAC0449|15|EA|21000|KRW|63000|20201210|1300|
C|005186|2020|50006065270037|001|4300018840|00040|UEBC1811|2|EA|111300|KRW|222600|20201210|1300|
C|005186|2020|50006065270038|001|4300018840|00050|UEBC1812|2|EA|85860|KRW|171720|20201210|1300|
C|005186|2020|50006065270039|001|4300018841|00010|UEBC1810|16|EA|81620|KRW|1305920|20201210|1300|
C|005186|2020|50006065270040|001|4300018842|00010|UDAC0242|40|EA|1050|KRW|42000|20201210|1300|
C|005186|2020|50006065270041|001|4300018842|00020|UEBC1814|5|EA|3820|KRW|19100|20201210|1300|
C|005186|2020|50006065270042|001|4300018842|00030|UEBC1815|5|EA|9330|KRW|46650|20201210|1300|
C|005186|2020|50006065270043|001|4300018842|00040|UEBC1816|5|EA|3610|KRW|18050|20201210|1300|
C|005186|2020|50006065270044|001|4300018842|00050|UEBC1768|5|EA|3021|KRW|15105|20201210|1300|
C|005186|2020|50006065270045|001|4300018842|00060|UEBC1817|5|EA|5410|KRW|27050|20201210|1300|
C|005186|2020|50006065270046|001|4300018842|00070|UEBC1818|5|EA|4990|KRW|24950|20201210|1300|
C|005186|2020|50006065270047|001|4300018843|00010|UEBC1820|2|EA|118720|KRW|237440|20201210|1300|
C|005186|2020|50006065270048|001|4300018843|00020|UEBC1824|8|EA|190800|KRW|1526400|20201210|1300|
C|005186|2020|50006065270049|001|4300018844|00010|UEBC1821|10|EA|3110|KRW|31100|20201210|1300|
C|005186|2020|50006065270050|001|4300018844|00020|UEBC1822|10|EA|12240|KRW|122400|20201210|1300|
C|005186|2020|50006065270051|001|4300018844|00030|UDBC1162|50|EA|99300|KRW|496500|20201210|1300|
C|005186|2020|50006065270052|001|4300018844|00040|UEBC1824|7|EA|190800|KRW|1335600|20201210|1300|
C|005186|2020|50006065270053|001|4300018846|00010|UDAC0455|10|EA|2340|KRW|23400|20201210|1300|
C|005186|2020|50006065270054|001|4300018846|00030|UEBC1825|7|EA|233200|KRW|1632400|20201210|1300|
C|005186|2020|50006065270055|001|4300018847|00010|UEBC1825|8|EA|233200|KRW|1865600|20201210|1300|
C|005186|2020|50006065280001|001|4300018799|00060|KS061504|3|EA|4050|KRW|12150|20201210|1300|
C|005186|2020|50006065280002|001|4300018799|00070|KS061507|2|EA|8260|KRW|16520|20201210|1300|
C|005186|2020|50006065280003|001|4300018799|00080|KS066900|5|EA|1290|KRW|6450|20201210|1300|
C|005186|2020|50006065280004|001|4300018799|00090|KS067207|3|EA|5780|KRW|17340|20201210|1300|
C|005186|2020|50006065280005|001|4300018799|00100|KS067208|4|EA|7940|KRW|31760|20201210|1300|
C|005186|2020|50006065280006|001|4300018799|00110|KS080705|2|EA|18500|KRW|37000|20201210|1300|
C|005186|2020|50006065280007|001|4300018799|00120|KS080709|2|EA|24700|KRW|49400|20201210|1300|
C|005186|2020|50006065280008|001|4300018829|00050|UEBC1598|2|EA|14700|KRW|29400|20201210|1300|
C|005186|2020|50006065280009|001|4300018842|00080|UAEC0530|8|EA|79050|KRW|632400|20201210|1300|
C|005186|2020|50006065280010|001|4300018849|00010|UEBC1415|1|EA|1900000|KRW|1900000|20201210|1300|
C|005186|2020|50006065280011|001|4300018850|00010|UEBC1415|1|EA|1900000|KRW|1900000|20201210|1300|
C|005186|2020|50006065290001|001|4300018745|00080|UCIC0082|2|EA|516600|KRW|1033200|20201210|1300|
C|005186|2020|50006065290002|001|4300018830|00040|UGCC1825|3|EA|120750|KRW|362250|20201210|1300|
C|005186|2020|50006065290003|001|4300018831|00010|UGCC1209|2|EA|865000|KRW|1730000|20201210|1300|
C|005186|2020|50006065290004|001|4300018833|00020|UGCC1825|3|EA|120750|KRW|362250|20201210|1300|
C|005186|2020|50006065290005|001|4300018838|00010|UGCC1827|4|EA|491400|KRW|1965600|20201210|1300|
C|005186|2020|50006065290006|001|4300018842|00090|UCIC0250|3|EA|265000|KRW|795000|20201210|1300|
C|005186|2020|50006065290007|001|4300018842|00100|UGCC1852|3|EA|126000|KRW|378000|20201210|1300|
C|005186|2020|50006065290008|001|4300018845|00010|UGCC1853|2|EA|997500|KRW|1995000|20201210|1300|
C|005186|2020|50006065300001|001|4300018790|00010|UCAC0051|2|EA|136500|KRW|273000|20201210|1300|
C|005186|2020|50006065300002|001|4300018829|00070|UDBC1048|200|EA|3700|KRW|74000|20201210|1300|
C|005186|2020|50006065300003|001|4300018829|00080|UDBC1080|200|EA|4950|KRW|99000|20201210|1300|
C|005186|2020|50006065300004|001|4300018830|00010|UDBC0114|200|EA|158550|KRW|634200|20201210|1300|
C|005186|2020|50006065300005|001|4300018846|00020|UEBC1823|10|EA|12720|KRW|127200|20201210|1300|
C|005186|2020|50006065300006|001|4300018848|00010|UDBC0848|5|EA|24000|KRW|120000|20201210|1300|
C|005186|2020|50006065310001|001|4300018827|00010|UGCC1582|6|EA|305000|KRW|1830000|20201210|1300|
C|005186|2020|50006065310002|001|4300018828|00010|UGCC1557|6|EA|305000|KRW|1830000|20201210|1300|
