C|005186|2014|50001003360001|001|4300001717|00220|KS061503|15|EA|3150|KRW|47250|20140930|1300|
C|005186|2014|50001003360002|001|4300001717|00230|KS061505|2|EA|6230|KRW|12460|20140930|1300|
C|005186|2014|50001003360003|001|4300001717|00240|KS066905|2|EA|2260|KRW|4520|20140930|1300|
C|005186|2014|50001003360004|001|4300001717|00250|KS067000|5|EA|1350|KRW|6750|20140930|1300|
C|005186|2014|50001003360005|001|4300001717|00260|KS067002|10|EA|1460|KRW|14600|20140930|1300|
C|005186|2014|50001003360006|001|4300001717|00270|KS067006|2|EA|3120|KRW|6240|20140930|1300|
C|005186|2014|50001003360007|001|4300001717|00280|KS067007|2|EA|4100|KRW|8200|20140930|1300|
C|005186|2014|50001003360008|001|4300001717|00290|KS067207|3|EA|5780|KRW|17340|20140930|1300|
C|005186|2014|50001003360009|001|4300001717|00300|KS067401|5|EA|3780|KRW|18900|20140930|1300|
C|005186|2014|50001003360010|001|4300001717|00310|KS080721|2|EA|71710|KRW|143420|20140930|1300|
C|005186|2014|50001003360011|001|4300001717|00330|KS990008|1|EA|39900|KRW|39900|20140930|1300|
C|005186|2014|50001003360012|001|4300001718|00020|UZZC0016|8|EA|33600|KRW|268800|20140930|1300|
C|005186|2014|50001003360013|001|4300001718|00050|UEBC0066|2|EA|938700|KRW|1877400|20140930|1300|
C|005186|2014|50001003370001|001|4300001718|00230|UEBC0118|10|EA|2060|KRW|20600|20140930|1300|
C|005186|2014|50001003370002|001|4300001718|00240|UEBC0919|10|EA|18010|KRW|180100|20140930|1300|
C|005186|2014|50001003370003|001|4300001718|00250|UEBC0914|2|EA|408450|KRW|816900|20140930|1300|
C|005186|2014|50001003370004|001|4300001718|00260|UEBC0213|1|EA|585522|KRW|585522|20140930|1300|
C|005186|2014|50001003370005|001|4300001718|00270|UEBC0650|1|EA|277900|KRW|277900|20140930|1300|
C|005186|2014|50001003370006|001|4300001718|00280|UEBC0762|1|EA|13780|KRW|13780|20140930|1300|
C|005186|2014|50001003370007|001|4300001718|00290|UEBC0917|4|EA|93030|KRW|372120|20140930|1300|
C|005186|2014|50001003370008|001|4300001718|00300|UDAC0063|2|EA|6360|KRW|12720|20140930|1300|
C|005186|2014|50001003370009|001|4300001718|00310|UDAC0068|2|EA|16210|KRW|32420|20140930|1300|
C|005186|2014|50001003370010|001|4300001718|00320|UDAC0183|4|EA|1730|KRW|6920|20140930|1300|
C|005186|2014|50001003370011|001|4300001718|00350|UEBC1032|4|EA|75800|KRW|303200|20140930|1300|
C|005186|2014|50001003370012|001|4300001718|00360|UEBC0560|4|EA|55970|KRW|223880|20140930|1300|
C|005186|2014|50001003370013|001|4300001718|00370|UCKC0082|2|EA|86300|KRW|172600|20140930|1300|
C|005186|2014|50001003370014|001|4300001718|00380|UDBC0785|2|EA|571300|KRW|1142600|20140930|1300|
C|005186|2014|50001003370015|001|4300001718|00500|UGCC0075|1|EA|383300|KRW|383300|20140930|1300|
C|005186|2014|50001003370016|001|4300001718|00570|UDBC0121|10|EA|1260|KRW|12600|20140930|1300|
C|005186|2014|50001003370017|001|4300001718|00580|UDBC0691|5|EA|840|KRW|4200|20140930|1300|
C|005186|2014|50001003370018|001|4300001718|00590|UDBC0692|5|EA|720|KRW|3600|20140930|1300|
C|005186|2014|50001003370019|001|4300001718|00600|UDBC0682|5|EA|990|KRW|4950|20140930|1300|
C|005186|2014|50001003370020|001|4300001718|00610|UDBC0683|5|EA|1470|KRW|7350|20140930|1300|
C|005186|2014|50001003370021|001|4300001718|00620|UDBC0685|5|EA|1960|KRW|9800|20140930|1300|
C|005186|2014|50001003370022|001|4300001718|00630|UDBC0687|5|EA|3480|KRW|17400|20140930|1300|
C|005186|2014|50001003370023|001|4300001718|00640|UDBC0689|5|EA|3980|KRW|19900|20140930|1300|
