C|005186|2020|50005974640001|001|4300018278|00020|UHTC0691|20|EA|357000|KRW|714000|20201029|1300|
C|005186|2020|50005974640002|001|4300018278|00030|UHTC0805|10|EA|636000|KRW|636000|20201029|1300|
C|005186|2020|50005974640003|001|4300018278|00040|UHTC0761|10|EA|53000|KRW|530000|20201029|1300|
C|005186|2020|50005974650001|001|4300018375|00010|UAEC0094|4|EA|22630|KRW|90520|20201029|1300|
C|005186|2020|50005974650002|001|4300018375|00030|UAGC0557|1|EA|506500|KRW|506500|20201029|1300|
C|005186|2020|50005974650003|001|4300018376|00060|UCIC0078|10|EA|7160|KRW|71600|20201029|1300|
C|005186|2020|50005974650004|001|4300018378|00030|UAAC0001|10|EA|18900|KRW|18900|20201029|1300|
C|005186|2020|50005974650005|001|4300018378|00040|UFFC0012|10|EA|31190|KRW|311900|20201029|1300|
C|005186|2020|50005974650006|001|4300018379|00020|UAAC0022|20|EA|9970|KRW|199400|20201029|1300|
C|005186|2020|50005974650007|001|4300018380|00020|UAEC0459|100|EA|199500|KRW|399000|20201029|1300|
C|005186|2020|50005974660001|001|4300018375|00040|UKEC0105|20|EA|6840|KRW|136800|20201029|1300|
C|005186|2020|50005974660002|001|4300018375|00050|UKEC0023|20|EA|1530|KRW|30600|20201029|1300|
C|005186|2020|50005974660003|001|4300018375|00060|UCKC0025|5|EA|78500|KRW|78500|20201029|1300|
C|005186|2020|50005974660004|001|4300018376|00020|UKEC0109|40|EA|1526|KRW|61040|20201029|1300|
C|005186|2020|50005974660005|001|4300018376|00030|UKEC0107|20|EA|6851|KRW|137020|20201029|1300|
C|005186|2020|50005974660006|001|4300018376|00040|UCAC0039|30|EA|11130|KRW|333900|20201029|1300|
C|005186|2020|50005974660007|001|4300018376|00050|UKEC0109|40|EA|1526|KRW|61040|20201029|1300|
C|005186|2020|50005974660008|001|4300018378|00020|UKEC0107|20|EA|6851|KRW|137020|20201029|1300|
C|005186|2020|50005974670001|001|4300018332|00020|UFGC0035|13|EA|11077|KRW|144001|20201029|1300|
C|005186|2020|50005974670002|001|4300018414|00010|UJCC0023|30|EA|6850|KRW|205500|20201029|1300|
