C|005186|2015|50001319460001|001|4300002188|00010|CMC0002|10|EA|9350|KRW|93500|20150223|1300|
C|005186|2015|50001319460002|001|4300002192|00010|CMA0001|130|EA|240|KRW|31200|20150223|1300|
C|005186|2015|50001319460003|001|4300002192|00020|CMA0007|100|EA|270|KRW|27000|20150223|1300|
C|005186|2015|50001319460004|001|4300002192|00030|CMA0008|30|EA|690|KRW|20700|20150223|1300|
C|005186|2015|50001319460005|001|4300002192|00040|CMB0001|20|EA|655|KRW|13100|20150223|1300|
C|005186|2015|50001319460006|001|4300002192|00050|CMA0016|20|EA|2840|KRW|56800|20150223|1300|
C|005186|2015|50001319460007|001|4300002192|00060|CMB0002|20|EA|2420|KRW|48400|20150223|1300|
C|005186|2015|50001319460008|001|4300002206|00010|CMD0001|7|EA|9555|KRW|66885|20150223|1300|
C|005186|2015|50001319460009|001|4300002206|00030|CMA0001|100|EA|240|KRW|24000|20150223|1300|
C|005186|2015|50001319460010|001|4300002206|00060|CMA0014|200|EA|380|KRW|76000|20150223|1300|
C|005186|2015|50001319470001|001|4300002171|00010|CMA0001|450|EA|240|KRW|108000|20150223|1300|
C|005186|2015|50001319470002|001|4300002171|00020|CMA0007|200|EA|270|KRW|54000|20150223|1300|
C|005186|2015|50001319470003|001|4300002171|00030|CMA0008|200|EA|690|KRW|138000|20150223|1300|
C|005186|2015|50001319470004|001|4300002171|00040|CMA0016|50|EA|2840|KRW|142000|20150223|1300|
C|005186|2015|50001319470005|001|4300002171|00050|CMB0001|300|EA|655|KRW|196500|20150223|1300|
C|005186|2015|50001319470006|001|4300002171|00060|CMB0010|300|EA|1100|KRW|330000|20150223|1300|
C|005186|2015|50001319470007|001|4300002171|00070|CMC0005|200|EA|190|KRW|38000|20150223|1300|
C|005186|2015|50001319470008|001|4300002171|00080|CME0010|180|EA|285|KRW|51300|20150223|1300|
C|005186|2015|50001319470009|001|4300002174|00010|CMA0001|700|EA|240|KRW|168000|20150223|1300|
C|005186|2015|50001319470010|001|4300002174|00030|CMA0007|300|EA|270|KRW|81000|20150223|1300|
C|005186|2015|50001319470011|001|4300002174|00040|CMA0008|250|EA|690|KRW|172500|20150223|1300|
C|005186|2015|50001319470012|001|4300002174|00050|CMA0016|10|EA|2840|KRW|28400|20150223|1300|
C|005186|2015|50001319470013|001|4300002174|00060|CMB0001|100|EA|655|KRW|65500|20150223|1300|
C|005186|2015|50001319470014|001|4300002174|00070|CMB0003|160|EA|2420|KRW|387200|20150223|1300|
C|005186|2015|50001319470015|001|4300002174|00080|CMB0010|100|EA|1100|KRW|110000|20150223|1300|
C|005186|2015|50001319470016|001|4300002174|00090|CMC0002|5|EA|9350|KRW|46750|20150223|1300|
C|005186|2015|50001319470017|001|4300002174|00110|CME0002|20|EA|2300|KRW|46000|20150223|1300|
C|005186|2015|50001319470018|001|4300002175|00010|CMA0001|200|EA|240|KRW|48000|20150223|1300|
C|005186|2015|50001319470019|001|4300002175|00020|CMA0007|250|EA|270|KRW|67500|20150223|1300|
C|005186|2015|50001319470020|001|4300002175|00030|CMA0008|20|EA|690|KRW|13800|20150223|1300|
C|005186|2015|50001319470021|001|4300002175|00040|CMA0016|20|EA|2840|KRW|56800|20150223|1300|
C|005186|2015|50001319470022|001|4300002175|00050|CMB0002|100|EA|2420|KRW|242000|20150223|1300|
C|005186|2015|50001319470023|001|4300002175|00060|CMC0005|10|EA|190|KRW|1900|20150223|1300|
C|005186|2015|50001319470024|001|4300002175|00080|CME0001|12|EA|4910|KRW|58920|20150223|1300|
C|005186|2015|50001319470025|001|4300002175|00090|CME0010|20|EA|285|KRW|5700|20150223|1300|
C|005186|2015|50001319470026|001|4300002176|00040|CMB0010|60|EA|1100|KRW|66000|20150223|1300|
C|005186|2015|50001319470027|001|4300002176|00050|CMB0002|60|EA|2420|KRW|145200|20150223|1300|
C|005186|2015|50001319470028|001|4300002176|00060|CMB0003|60|EA|2420|KRW|145200|20150223|1300|
C|005186|2015|50001319470029|001|4300002176|00070|CMB0001|80|EA|655|KRW|52400|20150223|1300|
C|005186|2015|50001319470030|001|4300002176|00080|CMC0005|30|EA|190|KRW|5700|20150223|1300|
C|005186|2015|50001319470031|001|4300002176|00090|CMC0002|3|EA|9350|KRW|28050|20150223|1300|
C|005186|2015|50001319470032|001|4300002176|00100|CMC0007|2|EA|12100|KRW|24200|20150223|1300|
C|005186|2015|50001319470033|001|4300002176|00110|CME0010|30|EA|285|KRW|8550|20150223|1300|
C|005186|2015|50001319470034|001|4300002176|00120|CMA0016|20|EA|2840|KRW|56800|20150223|1300|
C|005186|2015|50001319470035|001|4300002176|00130|CMA0001|200|EA|240|KRW|48000|20150223|1300|
C|005186|2015|50001319470036|001|4300002176|00140|CMA0007|100|EA|270|KRW|27000|20150223|1300|
C|005186|2015|50001319470037|001|4300002176|00150|CMA0008|200|EA|690|KRW|138000|20150223|1300|
C|005186|2015|50001319470038|001|4300002184|00010|CMA0001|400|EA|240|KRW|96000|20150223|1300|
C|005186|2015|50001319470039|001|4300002184|00020|CMA0007|300|EA|270|KRW|81000|20150223|1300|
C|005186|2015|50001319470040|001|4300002184|00040|CMB0010|240|EA|1100|KRW|264000|20150223|1300|
C|005186|2015|50001319470041|001|4300002184|00050|CMC0005|200|EA|190|KRW|38000|20150223|1300|
C|005186|2015|50001319470042|001|4300002184|00070|CME0002|100|EA|2300|KRW|230000|20150223|1300|
C|005186|2015|50001319470043|001|4300002184|00080|CME0010|100|EA|285|KRW|28500|20150223|1300|
C|005186|2015|50001319470044|001|4300002200|00010|CMA0001|80|EA|240|KRW|19200|20150223|1300|
C|005186|2015|50001319470045|001|4300002200|00020|CMA0008|80|EA|690|KRW|55200|20150223|1300|
C|005186|2015|50001319470046|001|4300002200|00030|CMB0001|50|EA|655|KRW|32750|20150223|1300|
C|005186|2015|50001319470047|001|4300002224|00010|CMA0001|400|EA|240|KRW|96000|20150223|1300|
C|005186|2015|50001319470048|001|4300002224|00020|CMA0007|100|EA|270|KRW|27000|20150223|1300|
C|005186|2015|50001319470049|001|4300002224|00030|CMA0008|100|EA|690|KRW|69000|20150223|1300|
C|005186|2015|50001319470050|001|4300002224|00040|CMA0015|50|EA|2830|KRW|141500|20150223|1300|
C|005186|2015|50001319470051|001|4300002224|00050|CMA0016|200|EA|2840|KRW|568000|20150223|1300|
C|005186|2015|50001319470052|001|4300002224|00060|CMB0001|200|EA|655|KRW|131000|20150223|1300|
C|005186|2015|50001319470053|001|4300002224|00070|CMB0002|160|EA|2420|KRW|387200|20150223|1300|
C|005186|2015|50001319470054|001|4300002224|00080|CMB0007|20|EA|925|KRW|18500|20150223|1300|
C|005186|2015|50001319470055|001|4300002224|00090|CMB0010|100|EA|1100|KRW|110000|20150223|1300|
C|005186|2015|50001319470056|001|4300002224|00100|CMC0003|50|EA|340|KRW|17000|20150223|1300|
C|005186|2015|50001319470057|001|4300002224|00110|CMC0005|100|EA|190|KRW|19000|20150223|1300|
C|005186|2015|50001319470058|001|4300002224|00120|CME0002|60|EA|2300|KRW|138000|20150223|1300|
C|005186|2015|50001319470059|001|4300002224|00130|CME0003|10|EA|5400|KRW|54000|20150223|1300|
C|005186|2015|50001319470060|001|4300002224|00140|CME0010|200|EA|285|KRW|57000|20150223|1300|
C|005186|2015|50001319470061|001|4300002224|00150|CME0013|5|EA|20300|KRW|101500|20150223|1300|
C|005186|2015|50001319470062|001|4300002225|00010|CMA0001|400|EA|240|KRW|96000|20150223|1300|
C|005186|2015|50001319470063|001|4300002225|00020|CMA0005|30|EA|2470|KRW|74100|20150223|1300|
C|005186|2015|50001319470064|001|4300002225|00030|CMA0007|300|EA|270|KRW|81000|20150223|1300|
C|005186|2015|50001319470065|001|4300002225|00040|CMA0008|100|EA|690|KRW|69000|20150223|1300|
C|005186|2015|50001319470066|001|4300002225|00050|CMA0016|30|EA|2840|KRW|85200|20150223|1300|
C|005186|2015|50001319470067|001|4300002225|00070|CMB0001|20|EA|655|KRW|13100|20150223|1300|
C|005186|2015|50001319470068|001|4300002225|00080|CMB0002|40|EA|2420|KRW|96800|20150223|1300|
C|005186|2015|50001319470069|001|4300002225|00090|CMB0010|40|EA|1100|KRW|44000|20150223|1300|
C|005186|2015|50001319470070|001|4300002225|00100|CMC0002|2|EA|9350|KRW|18700|20150223|1300|
C|005186|2015|50001319470071|001|4300002225|00110|CMC0005|100|EA|190|KRW|19000|20150223|1300|
C|005186|2015|50001319470072|001|4300002225|00150|CME0001|19|EA|4910|KRW|93290|20150223|1300|
C|005186|2015|50001319470073|001|4300002225|00160|CME0002|80|EA|2300|KRW|184000|20150223|1300|
C|005186|2015|50001319470074|001|4300002225|00170|CME0010|100|EA|285|KRW|28500|20150223|1300|
C|005186|2015|50001319470075|001|4300002227|00010|CMA0001|130|EA|240|KRW|31200|20150223|1300|
C|005186|2015|50001319470076|001|4300002227|00020|CMA0007|130|EA|270|KRW|35100|20150223|1300|
C|005186|2015|50001319470077|001|4300002227|00030|CMA0008|40|EA|690|KRW|27600|20150223|1300|
C|005186|2015|50001319470078|001|4300002227|00040|CMA0016|10|EA|2840|KRW|28400|20150223|1300|
C|005186|2015|50001319470079|001|4300002227|00060|CMB0003|100|EA|2420|KRW|242000|20150223|1300|
C|005186|2015|50001319470080|001|4300002227|00070|CMB0010|20|EA|1100|KRW|22000|20150223|1300|
C|005186|2015|50001319470081|001|4300002227|00080|CMD0001|2|EA|9555|KRW|19110|20150223|1300|
C|005186|2015|50001319470082|001|4300002227|00090|CME0001|11|EA|4910|KRW|54010|20150223|1300|
C|005186|2015|50001319470083|001|4300002227|00100|CME0006|3|EA|3400|KRW|10200|20150223|1300|
C|005186|2015|50001319470084|001|4300002227|00110|CME0010|10|EA|285|KRW|2850|20150223|1300|
C|005186|2015|50001319470085|001|4300002227|00120|CME0011|2|EA|480|KRW|960|20150223|1300|
C|005186|2015|50001319480001|001|4300002193|00010|CMA0001|600|EA|240|KRW|144000|20150223|1300|
C|005186|2015|50001319480002|001|4300002193|00020|CMA0007|50|EA|270|KRW|13500|20150223|1300|
C|005186|2015|50001319480003|001|4300002193|00040|CME0010|150|EA|285|KRW|42750|20150223|1300|
C|005186|2015|50001319480004|001|4300002193|00050|CME0013|2|EA|20300|KRW|40600|20150223|1300|
C|005186|2015|50001319480005|001|4300002194|00010|CMA0001|80|EA|240|KRW|19200|20150223|1300|
C|005186|2015|50001319480006|001|4300002194|00020|CMA0007|220|EA|270|KRW|59400|20150223|1300|
C|005186|2015|50001319480007|001|4300002194|00040|CMB0001|20|EA|655|KRW|13100|20150223|1300|
C|005186|2015|50001319480008|001|4300002194|00050|CMB0010|80|EA|1100|KRW|88000|20150223|1300|
C|005186|2015|50001319480009|001|4300002194|00060|CMC0003|5|EA|340|KRW|1700|20150223|1300|
C|005186|2015|50001319480010|001|4300002194|00080|CME0010|20|EA|285|KRW|5700|20150223|1300|
C|005186|2015|50001319480011|001|4300002203|00010|CMA0001|10|EA|240|KRW|2400|20150223|1300|
C|005186|2015|50001319480012|001|4300002203|00020|CMA0007|50|EA|270|KRW|13500|20150223|1300|
C|005186|2015|50001319480013|001|4300002203|00030|CMB0010|50|EA|1100|KRW|55000|20150223|1300|
