C|005186|2019|50004712480001|001|4300012185|00010|CMA0028|10|EA|7350|KRW|73500|20190129|1300|
C|005186|2019|50004712490001|001|4300012170|00010|CMA0028|2|EA|7350|KRW|14700|20190129|1300|
C|005186|2019|50004712500001|001|4300012190|00010|CMA0028|2|EA|7350|KRW|14700|20190129|1300|
C|005186|2019|50004712510001|001|4300012171|00010|CMA0028|1|EA|7350|KRW|7350|20190129|1300|
C|005186|2019|50004712520001|001|4300012522|00020|CMA0017|2|EA|770|KRW|1540|20190129|1300|
C|005186|2019|50004712520002|001|4300012522|00050|CMA0002|10|EA|1440|KRW|14400|20190129|1300|
C|005186|2019|50004712520003|001|4300012522|00080|CMC0005|30|EA|150|KRW|4500|20190129|1300|
C|005186|2019|50004712520004|001|4300012522|00090|CMB0002|190|EA|2100|KRW|399000|20190129|1300|
C|005186|2019|50004712520005|001|4300012522|00100|CMA0001|350|EA|151|KRW|52850|20190129|1300|
C|005186|2019|50004712520006|001|4300012522|00110|CMA0007|350|EA|151|KRW|52850|20190129|1300|
C|005186|2019|50004712530001|001|4300012519|00030|CMA0001|200|EA|151|KRW|30200|20190129|1300|
C|005186|2019|50004712530002|001|4300012519|00040|CMA0007|200|EA|151|KRW|30200|20190129|1300|
C|005186|2019|50004712530003|001|4300012519|00050|CMD0016|2|EA|29000|KRW|58000|20190129|1300|
C|005186|2019|50004712540001|001|4300012530|00010|CMD0011|2|EA|24100|KRW|48200|20190129|1300|
C|005186|2019|50004712540002|001|4300012530|00030|CMD0017|5|EA|23760|KRW|118800|20190129|1300|
C|005186|2019|50004712540003|001|4300012530|00050|CMB0002|100|EA|2100|KRW|210000|20190129|1300|
C|005186|2019|50004712540004|001|4300012530|00060|CMA0007|100|EA|151|KRW|15100|20190129|1300|
C|005186|2019|50004712540005|001|4300012530|00070|CMB0001|150|EA|520|KRW|78000|20190129|1300|
C|005186|2019|50004712540006|001|4300012530|00080|CMA0001|200|EA|151|KRW|30200|20190129|1300|
C|005186|2019|50004712550001|001|4300012531|00030|CMF0005|2|EA|18700|KRW|37400|20190129|1300|
C|005186|2019|50004712550002|001|4300012531|00040|CMF0007|5|EA|1620|KRW|8100|20190129|1300|
C|005186|2019|50004712550003|001|4300012531|00050|CMF0008|5|EA|1620|KRW|8100|20190129|1300|
C|005186|2019|50004712550004|001|4300012531|00070|CMB0003|20|EA|2200|KRW|44000|20190129|1300|
C|005186|2019|50004712550005|001|4300012531|00090|CMB0001|60|EA|520|KRW|31200|20190129|1300|
C|005186|2019|50004712550006|001|4300012531|00100|CMA0007|100|EA|151|KRW|15100|20190129|1300|
C|005186|2019|50004712550007|001|4300012531|00110|CMA0001|150|EA|151|KRW|22650|20190129|1300|
C|005186|2019|50004712560001|001|4300012534|00010|CMF0004|4|EA|17000|KRW|68000|20190129|1300|
C|005186|2019|50004712560002|001|4300012534|00020|CMD0017|6|EA|23760|KRW|142560|20190129|1300|
C|005186|2019|50004712560003|001|4300012534|00030|CMF0005|3|EA|18700|KRW|56100|20190129|1300|
C|005186|2019|50004712560004|001|4300012534|00040|CME0005|10|EA|2600|KRW|26000|20190129|1300|
C|005186|2019|50004712560005|001|4300012534|00080|CMF0008|10|EA|1620|KRW|16200|20190129|1300|
C|005186|2019|50004712560006|001|4300012534|00110|CME0002|20|EA|1100|KRW|22000|20190129|1300|
C|005186|2019|50004712560007|001|4300012534|00120|CMB0002|60|EA|2100|KRW|126000|20190129|1300|
C|005186|2019|50004712560008|001|4300012534|00140|CMA0007|200|EA|151|KRW|30200|20190129|1300|
C|005186|2019|50004712560009|001|4300012534|00160|CMB0011|240|EA|2220|KRW|532800|20190129|1300|
C|005186|2019|50004712560010|001|4300012534|00180|CMA0001|600|EA|151|KRW|90600|20190129|1300|
C|005186|2019|50004712570001|001|4300012536|00010|CMD0012|2|EA|22000|KRW|44000|20190129|1300|
C|005186|2019|50004712570002|001|4300012536|00020|CMA0028|2|EA|7350|KRW|14700|20190129|1300|
C|005186|2019|50004712570003|001|4300012536|00030|CMD0016|4|EA|29000|KRW|116000|20190129|1300|
C|005186|2019|50004712570004|001|4300012536|00040|CMD0017|8|EA|23760|KRW|190080|20190129|1300|
C|005186|2019|50004712570005|001|4300012536|00050|CMA0008|20|EA|470|KRW|9400|20190129|1300|
C|005186|2019|50004712570006|001|4300012536|00060|CMA0017|20|EA|770|KRW|15400|20190129|1300|
C|005186|2019|50004712570007|001|4300012536|00100|CMA0007|150|EA|151|KRW|22650|20190129|1300|
C|005186|2019|50004712570008|001|4300012536|00120|CMA0001|300|EA|151|KRW|45300|20190129|1300|
C|005186|2019|50004712580001|001|4300012537|00010|CMA0001|100|EA|151|KRW|15100|20190129|1300|
C|005186|2019|50004712580002|001|4300012537|00020|CMA0007|50|EA|151|KRW|7550|20190129|1300|
C|005186|2019|50004712580003|001|4300012537|00030|CMA0008|50|EA|470|KRW|23500|20190129|1300|
C|005186|2019|50004712580004|001|4300012537|00060|CMF0005|3|EA|18700|KRW|56100|20190129|1300|
C|005186|2019|50004712580005|001|4300012537|00110|CMZ0005|10|EA|810|KRW|8100|20190129|1300|
C|005186|2019|50004712590001|001|4300012540|00010|CMA0001|400|EA|151|KRW|60400|20190129|1300|
C|005186|2019|50004712590002|001|4300012540|00020|CMA0007|50|EA|151|KRW|7550|20190129|1300|
C|005186|2019|50004712590003|001|4300012540|00030|CMA0017|10|EA|770|KRW|7700|20190129|1300|
C|005186|2019|50004712590004|001|4300012540|00040|CMB0011|120|EA|2220|KRW|266400|20190129|1300|
C|005186|2019|50004712590005|001|4300012540|00070|CME0013|2|EA|11880|KRW|23760|20190129|1300|
C|005186|2019|50004712590006|001|4300012540|00080|CMF0005|3|EA|18700|KRW|56100|20190129|1300|
C|005186|2019|50004712600001|001|4300012538|00010|CMA0007|200|EA|151|KRW|30200|20190129|1300|
C|005186|2019|50004712600002|001|4300012538|00020|CMB0001|20|EA|520|KRW|10400|20190129|1300|
C|005186|2019|50004712600003|001|4300012538|00070|CMZ0032|3|EA|1300|KRW|3900|20190129|1300|
C|005186|2019|50004712600004|001|4300012538|00080|CMA0001|60|EA|151|KRW|9060|20190129|1300|
C|005186|2019|50004712610001|001|4300012539|00010|CMA0007|100|EA|151|KRW|15100|20190129|1300|
C|005186|2019|50004712620001|001|4300012538|00040|CMG0002|2|EA|7060|KRW|14120|20190129|1300|
C|005186|2019|50004712630001|001|4300012573|00010|CMD0016|1|EA|29000|KRW|29000|20190129|1300|
