C|005186|2013|50000096420001|001|4300000167|00010|KE270300|76|EA|470|KRW|35720|20130531|1300|
C|005186|2013|50000096420002|001|4300000167|00020|KE281401|29|EA|840|KRW|24360|20130531|1300|
C|005186|2013|50000096420003|001|4300000167|00030|KH990100|4|EA|27220|KRW|108880|20130531|1300|
C|005186|2013|50000096420004|001|4300000167|00040|KH990101|4|EA|7250|KRW|29000|20130531|1300|
C|005186|2013|50000096420005|001|4300000167|00050|KP100300|2|EA|31500|KRW|63000|20130531|1300|
C|005186|2013|50000096420006|001|4300000167|00060|KP150400|200|EA|170|KRW|34000|20130531|1300|
C|005186|2013|50000096420007|001|4300000167|00070|KS061504|1|EA|4050|KRW|4050|20130531|1300|
C|005186|2013|50000096420008|001|4300000167|00080|KS061508|3|EA|10510|KRW|31530|20130531|1300|
C|005186|2013|50000096420009|001|4300000167|00090|KS066900|6|EA|1290|KRW|7740|20130531|1300|
C|005186|2013|50000096420010|001|4300000167|00100|KS066904|2|EA|2000|KRW|4000|20130531|1300|
C|005186|2013|50000096420011|001|4300000167|00110|KS067001|5|EA|1400|KRW|7000|20130531|1300|
C|005186|2013|50000096420012|001|4300000167|00120|KS067006|3|EA|3120|KRW|9360|20130531|1300|
C|005186|2013|50000096420013|001|4300000167|00130|KS067206|3|EA|4480|KRW|13440|20130531|1300|
C|005186|2013|50000096420014|001|4300000167|00140|KS067208|2|EA|7940|KRW|15880|20130531|1300|
C|005186|2013|50000096420015|001|4300000167|00150|KS067210|1|EA|14350|KRW|14350|20130531|1300|
C|005186|2013|50000096420016|001|4300000167|00200|KS080705|1|EA|18500|KRW|18500|20130531|1300|
C|005186|2013|50000096420017|001|4300000168|00010|UFFC0033|9|EA|115850|KRW|1042650|20130531|1300|
C|005186|2013|50000096420018|001|4300000168|00020|UJCC0043|10000|EA|70|KRW|700000|20130531|1300|
C|005186|2013|50000096420019|001|4300000168|00030|UZZC0003|9|EA|27160|KRW|244440|20130531|1300|
C|005186|2013|50000096420020|001|4300000168|00040|UFKC0127|6|EA|22310|KRW|133860|20130531|1300|
C|005186|2013|50000096420021|001|4300000168|00050|UFFC0013|3|EA|30450|KRW|91350|20130531|1300|
C|005186|2013|50000096420022|001|4300000168|00060|UALC0064|1400|EA|91|KRW|127400|20130531|1300|
C|005186|2013|50000096420023|001|4300000168|00070|UAGC0066|50|EA|840|KRW|42000|20130531|1300|
C|005186|2013|50000096420024|001|4300000168|00080|UIEC0035|2|EA|37800|KRW|75600|20130531|1300|
C|005186|2013|50000096420025|001|4300000168|00090|UALC0008|30|EA|1575|KRW|47250|20130531|1300|
C|005186|2013|50000096420026|001|4300000168|00100|UZZC0030|30|EA|1520|KRW|45600|20130531|1300|
C|005186|2013|50000096420027|001|4300000168|00110|UADC0106|8|EA|2310|KRW|18480|20130531|1300|
C|005186|2013|50000096420028|001|4300000168|00120|UDFC0011|1|EA|32850|KRW|32850|20130531|1300|
C|005186|2013|50000096420029|001|4300000168|00130|UAEC0114|1|EA|12290|KRW|12290|20130531|1300|
C|005186|2013|50000096420030|001|4300000168|00140|UAEC0015|1|EA|9830|KRW|9830|20130531|1300|
C|005186|2013|50000096420031|001|4300000168|00150|UKEC0018|20|EA|1530|KRW|30600|20130531|1300|
C|005186|2013|50000096420032|001|4300000182|00010|UHFC0331|2|EA|83000|KRW|166000|20130531|1300|
C|005186|2013|50000096420033|001|4300000182|00020|UHHC0060|1|EA|412650|KRW|412650|20130531|1300|
C|005186|2013|50000096420034|001|4300000182|00030|UHFC0234|5|EA|12075|KRW|60375|20130531|1300|
C|005186|2013|50000096420035|001|4300000182|00040|UHFC0245|1|EA|1350000|KRW|1350000|20130531|1300|
C|005186|2013|50000096420036|001|4300000183|00010|UAEC0266|1|EA|245700|KRW|245700|20130531|1300|
C|005186|2013|50000096420037|001|4300000183|00020|UGCC0611|5|EA|9660|KRW|48300|20130531|1300|
C|005186|2013|50000096420038|001|4300000183|00030|UAEC0115|30|EA|7780|KRW|233400|20130531|1300|
C|005186|2013|50000096420039|001|4300000183|00040|UAIC0002|5|EA|3680|KRW|18400|20130531|1300|
C|005186|2013|50000096420040|001|4300000183|00050|UKEC0051|1|EA|71400|KRW|71400|20130531|1300|
C|005186|2013|50000096420041|001|4300000183|00060|UKEC0071|1|EA|105200|KRW|105200|20130531|1300|
C|005186|2013|50000096420042|001|4300000183|00070|UKEC0079|1|EA|105200|KRW|105200|20130531|1300|
C|005186|2013|50000096420043|001|4300000183|00080|UKEC0065|1|EA|28350|KRW|28350|20130531|1300|
C|005186|2013|50000096420044|001|4300000183|00090|UKEC0088|3|EA|2000|KRW|6000|20130531|1300|
C|005186|2013|50000096420045|001|4300000183|00100|UKEC0101|5|EA|2016|KRW|10080|20130531|1300|
C|005186|2013|50000096420046|001|4300000184|00010|UALC0022|11|EA|20140|KRW|221540|20130531|1300|
C|005186|2013|50000096420047|001|4300000184|00020|UALC0023|5|EA|22260|KRW|111300|20130531|1300|
C|005186|2013|50000096420048|001|4300000184|00030|UALC0024|5|EA|26500|KRW|132500|20130531|1300|
C|005186|2013|50000096420049|001|4300000184|00040|UALC0027|2|EA|38160|KRW|76320|20130531|1300|
C|005186|2013|50000096420050|001|4300000184|00050|UALC0105|7|EA|20140|KRW|140980|20130531|1300|
C|005186|2013|50000096420051|001|4300000184|00060|UALC0104|5|EA|20140|KRW|100700|20130531|1300|
C|005186|2013|50000096420052|001|4300000184|00070|UALC0097|5|EA|22260|KRW|111300|20130531|1300|
C|005186|2013|50000096420053|001|4300000184|00080|UIDC0144|9|EA|177240|KRW|1595160|20130531|1300|
C|005186|2013|50000096420054|001|4300000184|00090|UKBC0010|1|EA|91480|KRW|91480|20130531|1300|
C|005186|2013|50000096420055|001|4300000184|00100|UZZC0046|1|EA|444210|KRW|444210|20130531|1300|
C|005186|2013|50000096420056|001|4300000184|00110|UZZC0039|10|EA|710|KRW|7100|20130531|1300|
C|005186|2013|50000096420057|001|4300000184|00120|UHTC0244|30|EA|3500|KRW|105000|20130531|1300|
C|005186|2013|50000096420058|001|4300000185|00010|UIDC0127|5|EA|49350|KRW|246750|20130531|1300|
C|005186|2013|50000096420059|001|4300000185|00020|UKEC0106|1|EA|20000|KRW|20000|20130531|1300|
C|005186|2013|50000096420060|001|4300000185|00030|UKEC0058|1|EA|73500|KRW|73500|20130531|1300|
C|005186|2013|50000096420061|001|4300000186|00010|UZZC0089|300|EA|200|KRW|60000|20130531|1300|
C|005186|2013|50000096420062|001|4300000186|00020|UKEC0010|20|EA|1530|KRW|30600|20130531|1300|
C|005186|2013|50000096420063|001|4300000186|00030|UKEC0015|20|EA|1530|KRW|30600|20130531|1300|
C|005186|2013|50000096420064|001|4300000186|00040|UKEC0019|20|EA|1530|KRW|30600|20130531|1300|
C|005186|2013|50000096420065|001|4300000186|00050|UKEC0068|3|EA|105200|KRW|315600|20130531|1300|
C|005186|2013|50000096420066|001|4300000186|00060|UKEC0065|1|EA|28350|KRW|28350|20130531|1300|
C|005186|2013|50000096420067|001|4300000186|00070|UKEC0086|5|EA|2100|KRW|10500|20130531|1300|
C|005186|2013|50000096420068|001|4300000189|00020|UKEC0008|2|EA|77700|KRW|155400|20130531|1300|
C|005186|2013|50000096420069|001|4300000191|00010|UDAC0012|300|EA|4220|KRW|1266000|20130531|1300|
C|005186|2013|50000096420070|001|4300000192|00010|UCIC0172|1|EA|1852000|KRW|1852000|20130531|1300|
C|005186|2013|50000096420071|001|4300000192|00020|UCIC0109|1|EA|220500|KRW|220500|20130531|1300|
C|005186|2013|50000096420072|001|4300000192|00030|UGBC0694|2|EA|294000|KRW|588000|20130531|1300|
C|005186|2013|50000096420073|001|4300000193|00010|UAEC0286|4|EA|208440|KRW|833760|20130531|1300|
C|005186|2013|50000096420074|001|4300000193|00020|UZZC0077|2|EA|232050|KRW|464100|20130531|1300|
C|005186|2013|50000096420075|001|4300000193|00030|UZZC0107|3|EA|35770|KRW|107310|20130531|1300|
C|005186|2013|50000096420076|001|4300000194|00010|UIDC0116|1|EA|29400|KRW|29400|20130531|1300|
C|005186|2013|50000096420077|001|4300000196|00010|UAJC0064|100|EA|180|KRW|18000|20130531|1300|
C|005186|2013|50000096420078|001|4300000196|00020|UAJC0063|100|EA|180|KRW|18000|20130531|1300|
C|005186|2013|50000096420079|001|4300000196|00030|UAJC0054|100|EA|270|KRW|27000|20130531|1300|
C|005186|2013|50000096420080|001|4300000196|00040|UAGC0090|2|EA|4380|KRW|8760|20130531|1300|
C|005186|2013|50000096420081|001|4300000196|00060|UZZC0029|20|EA|11550|KRW|231000|20130531|1300|
C|005186|2013|50000096420082|001|4300000197|00010|UKCC0003|5|EA|4520|KRW|22600|20130531|1300|
C|005186|2013|50000096420083|001|4300000197|00020|UKEC0077|4|EA|26250|KRW|105000|20130531|1300|
C|005186|2013|50000096420084|001|4300000197|00030|UKEC0068|3|EA|105200|KRW|315600|20130531|1300|
C|005186|2013|50000096420085|001|4300000197|00040|UKEC0101|10|EA|2016|KRW|20160|20130531|1300|
C|005186|2013|50000096420086|001|4300000197|00050|UKEC0086|5|EA|2100|KRW|10500|20130531|1300|
C|005186|2013|50000096420087|001|4300000198|00020|UKBC0030|10|EA|16280|KRW|162800|20130531|1300|
C|005186|2013|50000096470001|001|4300000062|00010|UDBC0070|1|EA|13060|KRW|13060|20130531|1300|
C|005186|2013|50000096470002|001|4300000062|00020|UDBC0071|1|EA|14700|KRW|14700|20130531|1300|
C|005186|2013|50000096470003|001|4300000062|00030|UDBC0702|3|EA|8190|KRW|24570|20130531|1300|
C|005186|2013|50000096470004|001|4300000062|00040|UDBC0703|2|EA|9650|KRW|19300|20130531|1300|
C|005186|2013|50000096470005|001|4300000062|00050|UHFC0053|100|EA|315|KRW|31500|20130531|1300|
C|005186|2013|50000096470006|001|4300000062|00060|UHFC0054|100|EA|158|KRW|15800|20130531|1300|
C|005186|2013|50000096470007|001|4300000062|00070|UHTC0110|3|EA|18900|KRW|56700|20130531|1300|
C|005186|2013|50000096470008|001|4300000062|00080|UHTC0287|5|EA|16200|KRW|81000|20130531|1300|
C|005186|2013|50000096470009|001|4300000062|00090|UAGC0374|5|EA|7880|KRW|39400|20130531|1300|
C|005186|2013|50000096470010|001|4300000062|00100|UHFC0345|100|EA|1270|KRW|127000|20130531|1300|
C|005186|2013|50000096470011|001|4300000063|00010|UGCC0218|50|EA|2877|KRW|143850|20130531|1300|
C|005186|2013|50000096470012|001|4300000063|00020|UAEC0091|1|EA|30540|KRW|30540|20130531|1300|
C|005186|2013|50000096470013|001|4300000063|00030|UAEC0319|1|EA|73470|KRW|73470|20130531|1300|
C|005186|2013|50000096470014|001|4300000063|00040|UDBC0246|1|EA|405300|KRW|405300|20130531|1300|
C|005186|2013|50000096470015|001|4300000063|00050|UAEC0230|2|EA|8610|KRW|17220|20130531|1300|
C|005186|2013|50000096470016|001|4300000063|00060|UAEC0231|2|EA|7280|KRW|14560|20130531|1300|
C|005186|2013|50000096470017|001|4300000063|00070|UDEC0053|20|EA|63000|KRW|1260000|20130531|1300|
C|005186|2013|50000096470018|001|4300000063|00090|UALC0032|50|EA|2950|KRW|147500|20130531|1300|
C|005186|2013|50000096470019|001|4300000063|00100|UICC0007|50|EA|1580|KRW|79000|20130531|1300|
C|005186|2013|50000096470020|001|4300000063|00110|UDDC0043|5|EA|89040|KRW|445200|20130531|1300|
C|005186|2013|50000096470021|001|4300000063|00120|UEBC0980|1|EA|131300|KRW|131300|20130531|1300|
C|005186|2013|50000096470022|001|4300000063|00130|UDCC0022|6|EA|168000|KRW|1008000|20130531|1300|
C|005186|2013|50000096470023|001|4300000063|00140|UJAC0081|6|EA|24070|KRW|144420|20130531|1300|
C|005186|2013|50000096470024|001|4300000063|00150|UJAC0082|6|EA|25410|KRW|152460|20130531|1300|
C|005186|2013|50000096470025|001|4300000082|00060|UGBC0096|10|EA|28350|KRW|283500|20130531|1300|
C|005186|2013|50000096470026|001|4300000101|00030|UCKC0058|1|EA|343200|KRW|343200|20130531|1300|
C|005186|2013|50000096470027|001|4300000103|00010|UGCC0813|2|EA|44740|KRW|89480|20130531|1300|
C|005186|2013|50000096470028|001|4300000103|00020|UGCC0814|4|EA|24740|KRW|98960|20130531|1300|
C|005186|2013|50000096470029|001|4300000103|00030|UGCC0816|2|EA|96320|KRW|192640|20130531|1300|
C|005186|2013|50000096470030|001|4300000103|00040|UZZC0133|4|EA|6000|KRW|24000|20130531|1300|
C|005186|2013|50000096470031|001|4300000103|00050|UZZC0134|4|EA|1580|KRW|6320|20130531|1300|
C|005186|2013|50000096470032|001|4300000103|00060|UDBC0254|100|EA|400|KRW|40000|20130531|1300|
C|005186|2013|50000096470033|001|4300000103|00070|UIDC0086|5|EA|140000|KRW|700000|20130531|1300|
C|005186|2013|50000096470034|001|4300000103|00080|UDEC0047|3|EA|85680|KRW|257040|20130531|1300|
C|005186|2013|50000096470035|001|4300000103|00090|UDFC0021|100|EA|740|KRW|74000|20130531|1300|
C|005186|2013|50000096470036|001|4300000104|00020|UEBC0518|4|EA|10400|KRW|41600|20130531|1300|
C|005186|2013|50000096470037|001|4300000104|00040|UCEC0026|1|EA|90950|KRW|90950|20130531|1300|
C|005186|2013|50000096470038|001|4300000104|00050|UCEC0027|1|EA|106320|KRW|106320|20130531|1300|
C|005186|2013|50000096470039|001|4300000105|00010|UAGC0446|1|EA|65300|KRW|65300|20130531|1300|
C|005186|2013|50000096470040|001|4300000105|00020|UCKC0102|2|EA|694800|KRW|1389600|20130531|1300|
C|005186|2013|50000096470041|001|4300000105|00030|UDAC0283|20|EA|2520|KRW|50400|20130531|1300|
C|005186|2013|50000096470042|001|4300000105|00040|UDAC0284|10|EA|1050|KRW|10500|20130531|1300|
C|005186|2013|50000096470043|001|4300000105|00050|UDBC0860|20|EA|220|KRW|4400|20130531|1300|
C|005186|2013|50000096470044|001|4300000105|00060|UDBC0861|5|EA|5060|KRW|25300|20130531|1300|
C|005186|2013|50000096470045|001|4300000105|00070|UDDC0358|1|EA|2530|KRW|2530|20130531|1300|
C|005186|2013|50000096470046|001|4300000105|00080|UDEC0106|5|EA|230000|KRW|1150000|20130531|1300|
C|005186|2013|50000096470047|001|4300000105|00090|UEAC0139|1|EA|876900|KRW|876900|20130531|1300|
C|005186|2013|50000096470048|001|4300000105|00100|UEBC1102|3|EA|176850|KRW|530550|20130531|1300|
C|005186|2013|50000096470049|001|4300000105|00110|UEBC1105|1|EA|14310|KRW|14310|20130531|1300|
C|005186|2013|50000096470050|001|4300000105|00120|UEBC1107|6|EA|6710|KRW|40260|20130531|1300|
C|005186|2013|50000096470051|001|4300000105|00130|UGCC0706|2|EA|35790|KRW|71580|20130531|1300|
C|005186|2013|50000096470052|001|4300000105|00140|UGCC0811|2|EA|37370|KRW|74740|20130531|1300|
C|005186|2013|50000096470053|001|4300000105|00150|UGCC0812|2|EA|33160|KRW|66320|20130531|1300|
