C|005186|2017|50003860620001|001|4300008853|00010|UGCC0200|3|EA|344400|KRW|1033200|20171130|1300|
C|005186|2017|50003860620002|001|4300008921|00010|UHGC0161|5|EA|126000|KRW|630000|20171130|1300|
C|005186|2017|50003860620003|001|4300008921|00020|UHGC0180|1|EA|1344000|KRW|1344000|20171130|1300|
C|005186|2017|50003860620004|001|4300008922|00010|UHTC0806|1|EA|551200|KRW|551200|20171130|1300|
C|005186|2017|50003860620005|001|4300008922|00030|UHBC0022|1|EA|430360|KRW|430360|20171130|1300|
C|005186|2017|50003860620006|001|4300008922|00040|UHGC0016|1|EA|499800|KRW|499800|20171130|1300|
C|005186|2017|50003860620007|001|4300008922|00050|UHHC0100|1|EA|495012|KRW|495012|20171130|1300|
C|005186|2017|50003860620008|001|4300008923|00020|UHDC0019|10|EA|36750|KRW|367500|20171130|1300|
C|005186|2017|50003860620009|001|4300008923|00030|UHEC0033|10|EA|102000|KRW|1020000|20171130|1300|
C|005186|2017|50003860620010|001|4300008923|00040|UHDC0021|1|EA|127050|KRW|127050|20171130|1300|
C|005186|2017|50003860620011|001|4300008923|00050|UHFC0035|10|EA|8000|KRW|80000|20171130|1300|
C|005186|2017|50003860620012|001|4300008923|00060|UHHC0208|5|EA|15582|KRW|77910|20171130|1300|
C|005186|2017|50003860620013|001|4300008924|00010|UHAC0008|1|EA|893030|KRW|893030|20171130|1300|
C|005186|2017|50003860620014|001|4300008924|00020|UHNC0123|2|EA|496850|KRW|993700|20171130|1300|
C|005186|2017|50003860620015|001|4300008925|00010|UHGC0134|2|EA|756000|KRW|1512000|20171130|1300|
C|005186|2017|50003860620016|001|4300008925|00020|UHFC0138|2|EA|165360|KRW|330720|20171130|1300|
C|005186|2017|50003860620017|001|4300008925|00030|UHTC0344|10|EA|4400|KRW|44000|20171130|1300|
C|005186|2017|50003860620018|001|4300008925|00040|UHTC0344|20|EA|4400|KRW|88000|20171130|1300|
C|005186|2017|50003860620019|001|4300008926|00010|UHTC0349|6|EA|50190|KRW|301140|20171130|1300|
C|005186|2017|50003860620020|001|4300008926|00020|UHCC0014|2|EA|395790|KRW|791580|20171130|1300|
C|005186|2017|50003860620021|001|4300008926|00030|UDBC0329|160|EA|220|KRW|35200|20171130|1300|
C|005186|2017|50003860620022|001|4300008926|00040|UHGC0326|2|EA|237000|KRW|474000|20171130|1300|
C|005186|2017|50003860620023|001|4300008928|00010|UHHC0085|1|EA|1011150|KRW|1011150|20171130|1300|
C|005186|2017|50003860620024|001|4300008928|00020|UHNC0127|2|EA|406350|KRW|812700|20171130|1300|
C|005186|2017|50003860620025|001|4300008928|00030|UIEC0036|1|EA|157900|KRW|157900|20171130|1300|
C|005186|2017|50003860620026|001|4300008930|00030|UHTC0374|2|EA|491400|KRW|982800|20171130|1300|
C|005186|2017|50003860620027|001|4300008930|00040|UHHC0140|2|EA|81690|KRW|163380|20171130|1300|
C|005186|2017|50003860620028|001|4300008959|00080|UHHC0136|3|EA|96600|KRW|289800|20171130|1300|
C|005186|2017|50003860620029|001|4300008962|00010|KE030011|15|EA|8190|KRW|122850|20171130|1300|
C|005186|2017|50003860620030|001|4300008962|00020|KE030205|5|EA|31290|KRW|156450|20171130|1300|
C|005186|2017|50003860620031|001|4300008962|00030|KE050302|20|EA|1160|KRW|23200|20171130|1300|
C|005186|2017|50003860620032|001|4300008962|00040|KE050801|10|EA|1900|KRW|19000|20171130|1300|
C|005186|2017|50003860620033|001|4300008962|00050|KE051050|3|EA|12600|KRW|37800|20171130|1300|
C|005186|2017|50003860620034|001|4300008962|00060|KE090101|2|EA|24680|KRW|49360|20171130|1300|
C|005186|2017|50003860620035|001|4300008962|00070|KE090106|6|EA|15370|KRW|92220|20171130|1300|
C|005186|2017|50003860620036|001|4300008962|00080|KE090127|2|EA|34000|KRW|68000|20171130|1300|
C|005186|2017|50003860620037|001|4300008962|00090|KE090165|3|EA|165900|KRW|497700|20171130|1300|
C|005186|2017|50003860620038|001|4300008962|00100|KE110200|10|EA|65100|KRW|651000|20171130|1300|
C|005186|2017|50003860620039|001|4300008962|00110|KE200200|2|EA|130200|KRW|260400|20171130|1300|
C|005186|2017|50003860620040|001|4300008963|00010|KE210001|1|EA|53030|KRW|53030|20171130|1300|
C|005186|2017|50003860620041|001|4300008963|00050|KE231406|18|EA|7140|KRW|128520|20171130|1300|
C|005186|2017|50003860620042|001|4300008963|00060|KE231503|9|EA|1160|KRW|10440|20171130|1300|
C|005186|2017|50003860620043|001|4300008963|00070|KE270302|5|EA|6900|KRW|34500|20171130|1300|
C|005186|2017|50003860620044|001|4300008968|00010|UHHC0201|60|EA|31580|KRW|1894800|20171130|1300|
C|005186|2017|50003860620045|001|4300008972|00010|UHNC0136|1|EA|947380|KRW|947380|20171130|1300|
C|005186|2017|50003860620046|001|4300008972|00020|UHGC0329|3|EA|91160|KRW|273480|20171130|1300|
C|005186|2017|50003860620047|001|4300008972|00030|UHDC0066|5|EA|99750|KRW|498750|20171130|1300|
C|005186|2017|50003860620048|001|4300008974|00020|UHGC0054|5|EA|16200|KRW|81000|20171130|1300|
C|005186|2017|50003860620049|001|4300008974|00030|UHGC0197|5|EA|36000|KRW|180000|20171130|1300|
C|005186|2017|50003860620050|001|4300008975|00010|UHTC0334|22|EA|87150|KRW|1917300|20171130|1300|
C|005186|2017|50003860620051|001|4300008981|00010|UHFC0290|10|EA|26250|KRW|262500|20171130|1300|
C|005186|2017|50003860620052|001|4300008981|00020|UHHC0071|1|EA|573300|KRW|573300|20171130|1300|
C|005186|2017|50003860620053|001|4300008981|00030|UHFC0336|1|EA|82950|KRW|82950|20171130|1300|
C|005186|2017|50003860620054|001|4300008981|00040|UHHC0161|2|EA|111825|KRW|223650|20171130|1300|
C|005186|2017|50003860620055|001|4300008981|00050|UHHC0160|1|EA|111825|KRW|111825|20171130|1300|
C|005186|2017|50003860620056|001|4300008981|00060|UHHC0162|1|EA|111830|KRW|111830|20171130|1300|
C|005186|2017|50003860620057|001|4300008981|00070|UHHC0167|1|EA|120750|KRW|120750|20171130|1300|
C|005186|2017|50003860620058|001|4300008981|00080|UHEC0019|100|EA|4740|KRW|474000|20171130|1300|
C|005186|2017|50003860620059|001|4300008982|00010|UHFC0150|20|EA|49600|KRW|992000|20171130|1300|
C|005186|2017|50003860620060|001|4300008982|00020|UHTC0403|9|EA|89400|KRW|804600|20171130|1300|
C|005186|2017|50003860620061|001|4300008985|00010|UHNC0018|1|EA|1111950|KRW|1111950|20171130|1300|
C|005186|2017|50003860620062|001|4300008985|00020|UHTC0800|5|EA|159000|KRW|795000|20171130|1300|
C|005186|2017|50003860630001|001|4300008931|00120|UGCC0891|1|EA|44200|KRW|44200|20171130|1300|
C|005186|2017|50003860630002|001|4300008932|00080|UCIC0002|20|EA|950|KRW|19000|20171130|1300|
C|005186|2017|50003860630003|001|4300008933|00020|UICC0032|1|EA|10290|KRW|10290|20171130|1300|
C|005186|2017|50003860630004|001|4300008964|00010|KS990007|7|EA|51450|KRW|360150|20171130|1300|
C|005186|2017|50003860630005|001|4300008977|00020|UCHC0023|2|EA|100000|KRW|200000|20171130|1300|
C|005186|2017|50003860640001|001|4300008931|00100|UAGC0049|10|EA|2110|KRW|21100|20171130|1300|
C|005186|2017|50003860640002|001|4300008932|00010|UJAC0150|1|EA|474300|KRW|474300|20171130|1300|
C|005186|2017|50003860640003|001|4300008933|00010|UAEC0095|2|EA|22630|KRW|45260|20171130|1300|
C|005186|2017|50003860640004|001|4300008963|00200|KT020700|24|EA|2680|KRW|64320|20171130|1300|
C|005186|2017|50003860650001|001|4300009039|00010|CMA0001|60|EA|151|KRW|9060|20171130|1300|
C|005186|2017|50003860650002|001|4300009039|00020|CMA0007|40|EA|151|KRW|6040|20171130|1300|
C|005186|2017|50003860650003|001|4300009039|00030|CMA0008|10|EA|470|KRW|4700|20171130|1300|
C|005186|2017|50003860650004|001|4300009039|00040|CMB0001|40|EA|520|KRW|20800|20171130|1300|
C|005186|2017|50003860660001|001|4300009038|00010|CMA0001|60|EA|151|KRW|9060|20171130|1300|
C|005186|2017|50003860660002|001|4300009038|00020|CMA0007|200|EA|151|KRW|30200|20171130|1300|
C|005186|2017|50003860660003|001|4300009038|00030|CMB0001|20|EA|520|KRW|10400|20171130|1300|
C|005186|2017|50003860670001|001|4300009037|00010|CMA0001|100|EA|151|KRW|15100|20171130|1300|
C|005186|2017|50003860670002|001|4300009037|00020|CMA0007|40|EA|151|KRW|6040|20171130|1300|
C|005186|2017|50003860670003|001|4300009037|00030|CMA0008|40|EA|470|KRW|18800|20171130|1300|
C|005186|2017|50003860680001|001|4300009036|00010|CMA0007|100|EA|151|KRW|15100|20171130|1300|
C|005186|2017|50003860690001|001|4300009035|00010|CMA0001|600|EA|151|KRW|90600|20171130|1300|
C|005186|2017|50003860690002|001|4300009035|00020|CMA0007|50|EA|151|KRW|7550|20171130|1300|
C|005186|2017|50003860700001|001|4300009034|00010|CMA0001|800|EA|151|KRW|120800|20171130|1300|
C|005186|2017|50003860700002|001|4300009034|00030|CMA0007|200|EA|151|KRW|30200|20171130|1300|
C|005186|2017|50003860700003|001|4300009034|00040|CMA0008|50|EA|470|KRW|23500|20171130|1300|
C|005186|2017|50003860700004|001|4300009034|00070|CMB0001|40|EA|520|KRW|20800|20171130|1300|
C|005186|2017|50003860700005|001|4300009034|00080|CMB0002|100|EA|2100|KRW|210000|20171130|1300|
C|005186|2017|50003860700006|001|4300009034|00110|CMC0005|100|EA|150|KRW|15000|20171130|1300|
C|005186|2017|50003860710001|001|4300009033|00010|CMA0001|700|EA|151|KRW|105700|20171130|1300|
C|005186|2017|50003860710002|001|4300009033|00020|CMA0007|500|EA|151|KRW|75500|20171130|1300|
C|005186|2017|50003860710003|001|4300009033|00030|CMA0008|500|EA|470|KRW|235000|20171130|1300|
C|005186|2017|50003860710004|001|4300009033|00040|CMB0001|300|EA|520|KRW|156000|20171130|1300|
C|005186|2017|50003860710005|001|4300009033|00060|CMC0005|400|EA|150|KRW|60000|20171130|1300|
C|005186|2017|50003860710006|001|4300009033|00100|CME0005|5|EA|2600|KRW|13000|20171130|1300|
C|005186|2017|50003860720001|001|4300009032|00010|CMA0001|80|EA|151|KRW|12080|20171130|1300|
C|005186|2017|50003860720002|001|4300009032|00030|CMA0007|80|EA|151|KRW|12080|20171130|1300|
C|005186|2017|50003860720003|001|4300009032|00040|CMA0008|40|EA|470|KRW|18800|20171130|1300|
C|005186|2017|50003860720004|001|4300009032|00050|CMA0028|2|EA|7350|KRW|14700|20171130|1300|
C|005186|2017|50003860730001|001|4300009031|00010|CMA0001|400|EA|151|KRW|60400|20171130|1300|
C|005186|2017|50003860730002|001|4300009031|00030|CMA0007|300|EA|151|KRW|45300|20171130|1300|
C|005186|2017|50003860730003|001|4300009031|00040|CMA0008|250|EA|470|KRW|117500|20171130|1300|
C|005186|2017|50003860730004|001|4300009031|00050|CMB0001|200|EA|520|KRW|104000|20171130|1300|
C|005186|2017|50003860730005|001|4300009031|00060|CMB0003|100|EA|2200|KRW|220000|20171130|1300|
C|005186|2017|50003860730006|001|4300009031|00080|CMC0005|300|EA|150|KRW|45000|20171130|1300|
C|005186|2017|50003860730007|001|4300009031|00090|CME0002|20|EA|1100|KRW|22000|20171130|1300|
C|005186|2017|50003860750001|001|4300009030|00010|CMA0001|250|EA|151|KRW|37750|20171130|1300|
C|005186|2017|50003860750002|001|4300009030|00020|CMA0007|300|EA|151|KRW|45300|20171130|1300|
C|005186|2017|50003860750003|001|4300009030|00040|CMB0002|100|EA|2100|KRW|210000|20171130|1300|
C|005186|2017|50003860750004|001|4300009030|00050|CMC0005|30|EA|150|KRW|4500|20171130|1300|
C|005186|2017|50003860770001|001|4300009029|00050|CMB0002|40|EA|2100|KRW|84000|20171130|1300|
C|005186|2017|50003860770002|001|4300009029|00060|CMB0003|40|EA|2200|KRW|88000|20171130|1300|
C|005186|2017|50003860770003|001|4300009029|00070|CMB0001|60|EA|520|KRW|31200|20171130|1300|
C|005186|2017|50003860770004|001|4300009029|00080|CMC0005|30|EA|150|KRW|4500|20171130|1300|
C|005186|2017|50003860770005|001|4300009029|00090|CMC0003|20|EA|310|KRW|6200|20171130|1300|
C|005186|2017|50003860770006|001|4300009029|00130|CMA0001|200|EA|151|KRW|30200|20171130|1300|
C|005186|2017|50003860770007|001|4300009029|00140|CMA0007|200|EA|151|KRW|30200|20171130|1300|
C|005186|2017|50003860770008|001|4300009029|00150|CMA0008|100|EA|470|KRW|47000|20171130|1300|
