C|005186|2016|50002597020001|001|4300005225|00090|UGCC0179|10|EA|36330|KRW|363300|20160615|1300|
C|005186|2016|50002597020002|001|4300005227|00080|UGBC1523|10|EA|19000|KRW|190000|20160615|1300|
C|005186|2016|50002597020003|001|4300005233|00010|UGCC1071|3|EA|597000|KRW|1791000|20160615|1300|
C|005186|2016|50002597020004|001|4300005234|00010|UGBC1499|2|EA|30700|KRW|61400|20160615|1300|
C|005186|2016|50002597020005|001|4300005234|00020|UGBC1500|5|EA|133000|KRW|665000|20160615|1300|
C|005186|2016|50002597020006|001|4300005234|00060|UGCC1058|2|EA|47700|KRW|95400|20160615|1300|
C|005186|2016|50002597020007|001|4300005234|00070|UGCC1059|2|EA|279800|KRW|559600|20160615|1300|
C|005186|2016|50002597020008|001|4300005236|00080|UGCC1063|1|EA|89000|KRW|89000|20160615|1300|
C|005186|2016|50002597020009|001|4300005236|00090|UGCC1064|1|EA|230000|KRW|230000|20160615|1300|
C|005186|2016|50002597020010|001|4300005237|00030|UCIC0198|1|EA|943000|KRW|943000|20160615|1300|
C|005186|2016|50002597020011|001|4300005237|00040|UGCC1066|3|EA|309500|KRW|928500|20160615|1300|
C|005186|2016|50002597020012|001|4300005238|00010|UGBC1512|4|EA|12700|KRW|50800|20160615|1300|
C|005186|2016|50002597020013|001|4300005238|00030|UGBC1513|3|EA|14300|KRW|42900|20160615|1300|
C|005186|2016|50002597020014|001|4300005238|00040|UGCC1067|2|EA|202000|KRW|404000|20160615|1300|
C|005186|2016|50002597020015|001|4300005238|00050|UGCC1068|1|EA|69400|KRW|69400|20160615|1300|
C|005186|2016|50002597020016|001|4300005238|00060|UGCC1069|2|EA|165000|KRW|330000|20160615|1300|
C|005186|2016|50002597020017|001|4300005238|00070|UGCC1070|2|EA|183000|KRW|366000|20160615|1300|
C|005186|2016|50002597020018|001|4300005239|00010|UGBC1514|10|EA|99500|KRW|995000|20160615|1300|
C|005186|2016|50002597020019|001|4300005239|00020|UGBC1515|10|EA|7950|KRW|79500|20160615|1300|
C|005186|2016|50002597020020|001|4300005239|00030|UGBC1517|5|EA|159000|KRW|795000|20160615|1300|
C|005186|2016|50002597020021|001|4300005240|00010|UGBC1516|5|EA|240000|KRW|1200000|20160615|1300|
C|005186|2016|50002597020022|001|4300005241|00010|UGCC1071|3|EA|597000|KRW|1791000|20160615|1300|
C|005186|2016|50002597020023|001|4300005244|00010|UGBC1358|2|EA|885000|KRW|1770000|20160615|1300|
C|005186|2016|50002597030001|001|4300005227|00010|UFFC0049|30|EA|15800|KRW|474000|20160615|1300|
C|005186|2016|50002597040001|001|4300005228|00010|UEAC0184|3|EA|379480|KRW|1138440|20160615|1300|
C|005186|2016|50002597040002|001|4300005228|00020|UHNC0134|1|EA|812640|KRW|812640|20160615|1300|
C|005186|2016|50002597040003|001|4300005229|00010|UHHC0085|1|EA|1011150|KRW|1011150|20160615|1300|
C|005186|2016|50002597040004|001|4300005229|00020|UHTC0250|10|EA|88730|KRW|887300|20160615|1300|
C|005186|2016|50002597040005|001|4300005230|00010|UHTC0360|1|EA|898800|KRW|898800|20160615|1300|
C|005186|2016|50002597040006|001|4300005230|00020|UHGC0310|10|EA|47700|KRW|477000|20160615|1300|
C|005186|2016|50002597040007|001|4300005230|00030|UHDC0019|10|EA|36750|KRW|367500|20160615|1300|
C|005186|2016|50002597040008|001|4300005230|00040|UHHC0206|1|EA|116600|KRW|116600|20160615|1300|
C|005186|2016|50002597040009|001|4300005231|00010|UHGC0213|3|EA|28004|KRW|84012|20160615|1300|
C|005186|2016|50002597040010|001|4300005231|00020|UHGC0055|5|EA|17100|KRW|85500|20160615|1300|
C|005186|2016|50002597040011|001|4300005231|00030|UHFC0109|20|EA|1300|KRW|26000|20160615|1300|
C|005186|2016|50002597040012|001|4300005231|00040|UHGC0115|5|EA|28320|KRW|141600|20160615|1300|
C|005186|2016|50002597040013|001|4300005231|00050|UHFC0356|5|EA|50400|KRW|252000|20160615|1300|
C|005186|2016|50002597040014|001|4300005231|00060|UHAC0009|1|EA|527000|KRW|527000|20160615|1300|
C|005186|2016|50002597040015|001|4300005231|00070|UHNC0113|1|EA|772800|KRW|772800|20160615|1300|
C|005186|2016|50002597040016|001|4300005232|00010|UHNC0136|1|EA|947380|KRW|947380|20160615|1300|
C|005186|2016|50002597040017|001|4300005232|00020|UHCC0010|1|EA|1007000|KRW|1007000|20160615|1300|
C|005186|2016|50002597040018|001|4300005247|00010|KE030011|4|EA|8190|KRW|32760|20160615|1300|
C|005186|2016|50002597040019|001|4300005247|00020|KE030110|1|EA|38540|KRW|38540|20160615|1300|
C|005186|2016|50002597040020|001|4300005247|00030|KE030200|5|EA|15230|KRW|76150|20160615|1300|
C|005186|2016|50002597040021|001|4300005247|00040|KE030207|1|EA|41900|KRW|41900|20160615|1300|
C|005186|2016|50002597040022|001|4300005247|00050|KE030211|1|EA|145740|KRW|145740|20160615|1300|
C|005186|2016|50002597040023|001|4300005247|00060|KE050207|1|EA|6930|KRW|6930|20160615|1300|
C|005186|2016|50002597040024|001|4300005247|00070|KE050302|10|EA|1160|KRW|11600|20160615|1300|
C|005186|2016|50002597040025|001|4300005247|00080|KE050502|5|EA|10000|KRW|50000|20160615|1300|
C|005186|2016|50002597040026|001|4300005247|00090|KE050700|10|EA|2200|KRW|22000|20160615|1300|
C|005186|2016|50002597040027|001|4300005247|00100|KE050801|10|EA|1900|KRW|19000|20160615|1300|
C|005186|2016|50002597040028|001|4300005247|00110|KE090102|3|EA|15430|KRW|46290|20160615|1300|
C|005186|2016|50002597040029|001|4300005247|00120|KE090106|2|EA|15370|KRW|30740|20160615|1300|
C|005186|2016|50002597040030|001|4300005247|00130|KE090112|15|EA|16800|KRW|252000|20160615|1300|
C|005186|2016|50002597040031|001|4300005247|00140|KE090127|1|EA|34000|KRW|34000|20160615|1300|
C|005186|2016|50002597040032|001|4300005247|00150|KE190003|10|EA|29300|KRW|293000|20160615|1300|
C|005186|2016|50002597040033|001|4300005247|00160|KE200200|2|EA|130200|KRW|260400|20160615|1300|
C|005186|2016|50002597040034|001|4300005247|00170|KE210006|2|EA|53030|KRW|106060|20160615|1300|
C|005186|2016|50002597040035|001|4300005247|00180|KE230003|129|EA|1870|KRW|241230|20160615|1300|
C|005186|2016|50002597040036|001|4300005247|00190|KE231001|18|EA|16150|KRW|290700|20160615|1300|
C|005186|2016|50002597040037|001|4300005248|00010|KE231406|9|EA|7140|KRW|64260|20160615|1300|
C|005186|2016|50002597040038|001|4300005248|00020|KE270300|108|EA|470|KRW|50760|20160615|1300|
C|005186|2016|50002597040039|001|4300005248|00030|KE280401|10|EA|20800|KRW|208000|20160615|1300|
C|005186|2016|50002597040040|001|4300005248|00040|KE281401|26|EA|840|KRW|21840|20160615|1300|
C|005186|2016|50002597070001|001|4300005214|00030|UCAC0042|2|EA|262500|KRW|525000|20160615|1300|
C|005186|2016|50002597070002|001|4300005214|00070|UCIC0107|1|EA|336000|KRW|336000|20160615|1300|
C|005186|2016|50002597070003|001|4300005214|00090|UCIC0042|2|EA|143100|KRW|286200|20160615|1300|
C|005186|2016|50002597070004|001|4300005214|00100|UCIC0113|2|EA|693000|KRW|1386000|20160615|1300|
C|005186|2016|50002597070005|001|4300005245|00080|UGBC1508|5|EA|1581|KRW|7905|20160615|1300|
C|005186|2016|50002597070006|001|4300005245|00090|UGBC1509|5|EA|5060|KRW|25300|20160615|1300|
C|005186|2016|50002597070007|001|4300005245|00110|UCAC0301|1|EA|53000|KRW|53000|20160615|1300|
C|005186|2016|50002597070008|001|4300005245|00120|UCIC0194|1|EA|1370000|KRW|1370000|20160615|1300|
C|005186|2016|50002597070009|001|4300005246|00010|UGBC1510|1|EA|284300|KRW|284300|20160615|1300|
C|005186|2016|50002597070010|001|4300005246|00020|UCIC0195|1|EA|1540000|KRW|1540000|20160615|1300|
C|005186|2016|50002597300001|001|4300005175|00040|CMD0011|2|EA|24150|KRW|48300|20160615|1300|
C|005186|2016|50002597310001|001|4300005168|00050|CMD0016|5|EA|30450|KRW|152250|20160615|1300|
C|005186|2016|50002597320001|001|4300005181|00070|CMD0016|5|EA|30450|KRW|152250|20160615|1300|
C|005186|2016|50002597330001|001|4300005164|00070|CMD0016|2|EA|30450|KRW|60900|20160615|1300|
C|005186|2016|50002597330002|001|4300005166|00050|CMD0016|2|EA|30450|KRW|60900|20160615|1300|
C|005186|2016|50002597330003|001|4300005185|00080|CMD0016|2|EA|30450|KRW|60900|20160615|1300|
C|005186|2016|50002597340001|001|4300005170|00080|CMD0016|2|EA|30450|KRW|60900|20160615|1300|
C|005186|2016|50002597340002|001|4300005174|00070|CMD0011|2|EA|24150|KRW|48300|20160615|1300|
C|005186|2016|50002597340003|001|4300005180|00050|CMD0016|6|EA|30450|KRW|182700|20160615|1300|
C|005186|2016|50002597340004|001|4300005182|00070|CMD0011|6|EA|24150|KRW|144900|20160615|1300|
C|005186|2016|50002597340005|001|4300005183|00150|CMD0011|5|EA|24150|KRW|120750|20160615|1300|
