C|005186|2014|50000683010001|001|4300001276|00200|UGBC0744|40|EA|520|KRW|20800|20140414|1300|
C|005186|2014|50000683150001|001|4300001193|00250|UJCC0043|5000|EA|70|KRW|350000|20140414|1300|
C|005186|2014|50000683150002|001|4300001206|00010|UFGC0017|100|EA|3500|KRW|350000|20140414|1300|
C|005186|2014|50000683150003|001|4300001207|00070|UEBC1153|6|EA|14800|KRW|88800|20140414|1300|
C|005186|2014|50000683150004|001|4300001212|00250|UJCC0013|500|EA|665|KRW|332500|20140414|1300|
C|005186|2014|50000683150005|001|4300001276|00010|UAEC0299|5|EA|18900|KRW|94500|20140414|1300|
C|005186|2014|50000683150006|001|4300001276|00020|UKGC0008|7|EA|2940|KRW|20580|20140414|1300|
C|005186|2014|50000683150007|001|4300001276|00030|UKBC0010|1|EA|91480|KRW|91480|20140414|1300|
C|005186|2014|50000683150008|001|4300001276|00040|UALC0006|50|EA|1733|KRW|86650|20140414|1300|
C|005186|2014|50000683150009|001|4300001276|00060|UCKC0052|1|EA|255150|KRW|255150|20140414|1300|
C|005186|2014|50000683150010|001|4300001276|00070|UAEC0330|1|EA|50240|KRW|50240|20140414|1300|
C|005186|2014|50000683150011|001|4300001276|00090|UGBC0771|20|EA|840|KRW|16800|20140414|1300|
C|005186|2014|50000683150012|001|4300001276|00100|UAEC0299|5|EA|18900|KRW|94500|20140414|1300|
C|005186|2014|50000683150013|001|4300001276|00110|UKBC0010|1|EA|91480|KRW|91480|20140414|1300|
C|005186|2014|50000683150014|001|4300001276|00120|UAGC0068|50|EA|860|KRW|43000|20140414|1300|
C|005186|2014|50000683150015|001|4300001276|00190|UJBC0033|5000|EA|70|KRW|350000|20140414|1300|
C|005186|2014|50000683150016|001|4300001276|00230|UKFC0002|2|EA|47600|KRW|95200|20140414|1300|
C|005186|2014|50000683150017|001|4300001276|00240|UAEC0015|2|EA|9830|KRW|19660|20140414|1300|
C|005186|2014|50000683150018|001|4300001276|00250|UKBC0010|1|EA|91480|KRW|91480|20140414|1300|
C|005186|2014|50000683150019|001|4300001276|00260|UKBC0022|3|EA|27510|KRW|82530|20140414|1300|
C|005186|2014|50000683150020|001|4300001276|00290|UGCC0660|2|EA|24200|KRW|48400|20140414|1300|
C|005186|2014|50000683150021|001|4300001276|00300|UKBC0010|1|EA|91480|KRW|91480|20140414|1300|
C|005186|2014|50000683150022|001|4300001276|00310|UKCC0003|20|EA|4520|KRW|90400|20140414|1300|
C|005186|2014|50000683150023|001|4300001276|00330|UAGC0044|3|EA|15260|KRW|45780|20140414|1300|
C|005186|2014|50000683150024|001|4300001276|00340|UKEC0017|1|EA|61200|KRW|61200|20140414|1300|
C|005186|2014|50000683150025|001|4300001276|00400|UIDC0108|1|EA|59330|KRW|59330|20140414|1300|
C|005186|2014|50000683150026|001|4300001276|00450|UDDC0004|1|EA|87780|KRW|87780|20140414|1300|
C|005186|2014|50000683150027|001|4300001276|00460|UDDC0343|1|EA|130900|KRW|130900|20140414|1300|
C|005186|2014|50000683150028|001|4300001276|00500|UICC0037|1|EA|3160|KRW|3160|20140414|1300|
C|005186|2014|50000683150029|001|4300001276|00640|UDBC0019|500|EA|116|KRW|58000|20140414|1300|
C|005186|2014|50000683150030|001|4300001276|00650|UDBC0077|500|EA|23|KRW|11500|20140414|1300|
C|005186|2014|50000683150031|001|4300001276|00660|UDDC0218|5|EA|26570|KRW|132850|20140414|1300|
C|005186|2014|50000683150032|001|4300001276|00670|UDDC0219|3|EA|110420|KRW|331260|20140414|1300|
C|005186|2014|50000683150033|001|4300001276|00680|UDDC0042|5|EA|66938|KRW|334690|20140414|1300|
C|005186|2014|50000683150034|001|4300001276|00690|UGAC0041|10|EA|19425|KRW|194250|20140414|1300|
C|005186|2014|50000683210001|001|4300001276|00080|UEBC0661|2|EA|75690|KRW|151380|20140414|1300|
C|005186|2014|50000683210002|001|4300001276|00130|UADC0141|30|EA|2000|KRW|60000|20140414|1300|
C|005186|2014|50000683210003|001|4300001276|00140|UEBC0064|2|EA|181130|KRW|362260|20140414|1300|
C|005186|2014|50000683210004|001|4300001276|00150|UEBC0077|20|EA|3070|KRW|61400|20140414|1300|
C|005186|2014|50000683210005|001|4300001276|00160|UEBC0078|20|EA|1910|KRW|38200|20140414|1300|
C|005186|2014|50000683210006|001|4300001276|00170|UEBC0338|20|EA|10640|KRW|212800|20140414|1300|
C|005186|2014|50000683210007|001|4300001276|00270|UEBC0774|20|EA|515|KRW|10300|20140414|1300|
C|005186|2014|50000683210008|001|4300001276|00280|UEBC0775|20|EA|920|KRW|18400|20140414|1300|
C|005186|2014|50000683210009|001|4300001276|00350|UGAC0062|20|EA|21000|KRW|420000|20140414|1300|
C|005186|2014|50000683210010|001|4300001281|00030|UAEC0234|1|EA|61580|KRW|61580|20140414|1300|
C|005186|2014|50000683210011|001|4300001281|00050|UADC0108|3|EA|2520|KRW|7560|20140414|1300|
C|005186|2014|50000683210012|001|4300001281|00090|UDAC0247|1000|EA|640|KRW|640000|20140414|1300|
C|005186|2014|50000683260001|001|4300001290|00010|UHTC0167|25|EA|530|KRW|13250|20140414|1300|
C|005186|2014|50000683260002|001|4300001290|00020|UAGC0252|1|EA|67060|KRW|67060|20140414|1300|
C|005186|2014|50000683260003|001|4300001290|00030|UGCC0025|1|EA|54600|KRW|54600|20140414|1300|
C|005186|2014|50000683260004|001|4300001290|00040|UJCC0013|500|EA|665|KRW|332500|20140414|1300|
C|005186|2014|50000683260005|001|4300001290|00050|UEBC0436|5|EA|18950|KRW|94750|20140414|1300|
C|005186|2014|50000683260006|001|4300001290|00060|UICC0038|2|EA|4520|KRW|9040|20140414|1300|
C|005186|2014|50000683260007|001|4300001290|00070|UJCC0009|1|EA|82950|KRW|82950|20140414|1300|
C|005186|2014|50000683260008|001|4300001290|00080|UKBC0010|1|EA|91480|KRW|91480|20140414|1300|
C|005186|2014|50000683260009|001|4300001290|00100|UDEC0020|5|EA|8190|KRW|40950|20140414|1300|
C|005186|2014|50000683260010|001|4300001290|00110|UDEC0022|5|EA|9975|KRW|49875|20140414|1300|
C|005186|2014|50000683260011|001|4300001290|00120|UAHC0038|50|EA|7660|KRW|383000|20140414|1300|
C|005186|2014|50000683260012|001|4300001290|00130|UKBC0010|2|EA|91480|KRW|182960|20140414|1300|
C|005186|2014|50000683260013|001|4300001290|00160|UAEC0329|2|EA|31320|KRW|62640|20140414|1300|
C|005186|2014|50000683260014|001|4300001290|00170|UAEC0063|4|EA|4260|KRW|17040|20140414|1300|
C|005186|2014|50000683330001|001|4300001290|00260|UCEC0035|1|EA|252730|KRW|252730|20140414|1300|
C|005186|2014|50000683330002|001|4300001290|00280|UEBC0438|6|EA|20400|KRW|122400|20140414|1300|
C|005186|2014|50000683330003|001|4300001290|00320|UDBC0437|100|EA|440|KRW|44000|20140414|1300|
C|005186|2014|50000683330004|001|4300001290|00360|UDDC0119|10|EA|1764|KRW|17640|20140414|1300|
C|005186|2014|50000683330005|001|4300001290|00370|UDDC0121|10|EA|2667|KRW|26670|20140414|1300|
C|005186|2014|50000683330006|001|4300001290|00380|UDDC0122|10|EA|3570|KRW|35700|20140414|1300|
C|005186|2014|50000683330007|001|4300001290|00390|UDDC0113|10|EA|19220|KRW|192200|20140414|1300|
C|005186|2014|50000683330008|001|4300001290|00400|UDDC0023|10|EA|20270|KRW|202700|20140414|1300|
C|005186|2014|50000683330009|001|4300001290|00410|UDDC0118|1|EA|224270|KRW|224270|20140414|1300|
C|005186|2014|50000683330010|001|4300001290|00420|UDDC0319|10|EA|6070|KRW|60700|20140414|1300|
C|005186|2014|50000683330011|001|4300001290|00430|UDDC0013|10|EA|13440|KRW|134400|20140414|1300|
C|005186|2014|50000683330012|001|4300001290|00440|UDDC0014|10|EA|31770|KRW|317700|20140414|1300|
C|005186|2014|50000683330013|001|4300001290|00450|UDDC0015|5|EA|54180|KRW|270900|20140414|1300|
C|005186|2014|50000683330014|001|4300001290|00460|UDDC0320|1|EA|132900|KRW|132900|20140414|1300|
C|005186|2014|50000683330015|001|4300001290|00470|UDDC0335|1|EA|193500|KRW|193500|20140414|1300|
C|005186|2014|50000683350001|001|4300001298|00010|UJAC0130|1|EA|60640|KRW|60640|20140414|1300|
C|005186|2014|50000683350002|001|4300001299|00030|UCHC0024|10|EA|15800|KRW|158000|20140414|1300|
C|005186|2014|50000683350003|001|4300001299|00090|UCHC0025|10|EA|7370|KRW|73700|20140414|1300|
C|005186|2014|50000683350004|001|4300001299|00100|UCHC0026|8|EA|15800|KRW|126400|20140414|1300|
C|005186|2014|50000683370001|001|4300001276|00180|UCKC0035|12|EA|44520|KRW|534240|20140414|1300|
C|005186|2014|50000683370002|001|4300001287|00030|UGCC0653|2|EA|36610|KRW|73220|20140414|1300|
C|005186|2014|50000683420001|001|4300001288|00150|KH990100|4|EA|27220|KRW|108880|20140414|1300|
C|005186|2014|50000683420002|001|4300001288|00160|KH990101|6|EA|7250|KRW|43500|20140414|1300|
C|005186|2014|50000683420003|001|4300001288|00170|KP150400|100|EA|170|KRW|17000|20140414|1300|
C|005186|2014|50000683420004|001|4300001288|00320|KT020007|2|EA|6860|KRW|13720|20140414|1300|
C|005186|2014|50000683420005|001|4300001288|00330|KT020012|2|EA|13110|KRW|26220|20140414|1300|
C|005186|2014|50000683420006|001|4300001288|00340|KT020013|4|EA|13110|KRW|52440|20140414|1300|
C|005186|2014|50000683420007|001|4300001288|00350|KT020019|1|EA|23570|KRW|23570|20140414|1300|
C|005186|2014|50000683420008|001|4300001288|00360|KT020021|1|EA|28350|KRW|28350|20140414|1300|
C|005186|2014|50000683420009|001|4300001288|00370|KT020500|30|EA|3110|KRW|93300|20140414|1300|
C|005186|2014|50000683420010|001|4300001288|00380|KT020600|2|EA|14910|KRW|29820|20140414|1300|
C|005186|2014|50000683420011|001|4300001288|00390|KT020700|15|EA|2680|KRW|40200|20140414|1300|
C|005186|2014|50000683420012|001|4300001288|00400|KT080500|1|EA|26500|KRW|26500|20140414|1300|
C|005186|2014|50000683420013|001|4300001288|00410|KT080520|3|EA|2760|KRW|8280|20140414|1300|
C|005186|2014|50000683420014|001|4300001288|00420|KT990001|180|EA|510|KRW|91800|20140414|1300|
C|005186|2014|50000683420015|001|4300001288|00430|KT990010|200|EA|370|KRW|74000|20140414|1300|
C|005186|2014|50000683450001|001|4300001286|00010|UDBC0572|80|EA|510|KRW|40800|20140414|1300|
C|005186|2014|50000683450002|001|4300001286|00020|UDBC0356|80|EA|130|KRW|10400|20140414|1300|
C|005186|2014|50000683450003|001|4300001286|00030|UDBC0728|160|EA|50|KRW|8000|20140414|1300|
C|005186|2014|50000683450004|001|4300001287|00010|UJAC0130|1|EA|60640|KRW|60640|20140414|1300|
C|005186|2014|50000683450005|001|4300001287|00040|UZZC0124|1|EA|125000|KRW|125000|20140414|1300|
C|005186|2014|50000683500001|001|4300001276|00360|UHGC0054|5|EA|16200|KRW|81000|20140414|1300|
C|005186|2014|50000683500002|001|4300001276|00370|UHGC0197|5|EA|36000|KRW|180000|20140414|1300|
C|005186|2014|50000683500003|001|4300001276|00380|UHTC0444|6|EA|53130|KRW|318780|20140414|1300|
C|005186|2014|50000683500004|001|4300001281|00150|UHFC0303|30|EA|39900|KRW|1197000|20140414|1300|
C|005186|2014|50000683500005|001|4300001281|00160|UHFC0032|1|EA|998550|KRW|998550|20140414|1300|
C|005186|2014|50000683500006|001|4300001281|00220|UHNC0046|1|EA|246750|KRW|246750|20140414|1300|
C|005186|2014|50000683500007|001|4300001281|00230|UHNC0113|1|EA|772800|KRW|772800|20140414|1300|
C|005186|2014|50000683500008|001|4300001281|00240|UHGC0134|2|EA|756000|KRW|1512000|20140414|1300|
C|005186|2014|50000683500009|001|4300001287|00050|UHGC0060|3|EA|16910|KRW|50730|20140414|1300|
C|005186|2014|50000683500010|001|4300001287|00060|UHCC0014|1|EA|395790|KRW|395790|20140414|1300|
