C|005186|2015|50001872640001|001|4300003615|00060|CMF0001|4|EA|1680|KRW|6720|20150930|1300|
C|005186|2015|50001872640002|001|4300003615|00070|CMF0002|3|EA|1100|KRW|3300|20150930|1300|
C|005186|2015|50001872640003|001|4300003615|00080|CMF0020|4|EA|700|KRW|2800|20150930|1300|
C|005186|2015|50001872640004|001|4300003616|00010|CMF0016|50|EA|470|KRW|23500|20150930|1300|
C|005186|2015|50001872650001|001|4300003553|00120|CMF0005|1|EA|20700|KRW|20700|20150930|1300|
C|005186|2015|50001872650002|001|4300003555|00070|CMF0005|4|EA|20700|KRW|82800|20150930|1300|
C|005186|2015|50001872650003|001|4300003556|00060|CMF0005|3|EA|20700|KRW|62100|20150930|1300|
C|005186|2015|50001872650004|001|4300003559|00170|CMF0005|1|EA|20700|KRW|20700|20150930|1300|
C|005186|2015|50001872650005|001|4300003560|00150|CMF0005|12|EA|20700|KRW|248400|20150930|1300|
C|005186|2015|50001872650006|001|4300003562|00100|CMF0005|6|EA|20700|KRW|124200|20150930|1300|
C|005186|2015|50001872650007|001|4300003564|00060|CMF0005|3|EA|20700|KRW|62100|20150930|1300|
C|005186|2015|50001872650008|001|4300003567|00180|CMF0005|10|EA|20700|KRW|207000|20150930|1300|
C|005186|2015|50001872650009|001|4300003568|00090|CMF0005|2|EA|20700|KRW|41400|20150930|1300|
