C|005186|2013|50000375600001|001|4300000660|00140|KS080705|8|EA|18500|KRW|148000|20131031|1300|
C|005186|2013|50000375600002|001|4300000660|00150|KS990007|5|EA|51450|KRW|257250|20131031|1300|
C|005186|2013|50000375600003|001|4300000660|00160|KS990008|2|EA|39900|KRW|79800|20131031|1300|
C|005186|2013|50000375600004|001|4300000660|00170|KT020004|2|EA|5600|KRW|11200|20131031|1300|
C|005186|2013|50000375600005|001|4300000660|00180|KT020006|3|EA|6250|KRW|18750|20131031|1300|
C|005186|2013|50000375600006|001|4300000660|00190|KT020014|1|EA|14490|KRW|14490|20131031|1300|
C|005186|2013|50000375600007|001|4300000660|00200|KT020610|2|EA|29150|KRW|58300|20131031|1300|
C|005186|2013|50000375600008|001|4300000660|00210|KT020620|20|EA|290|KRW|5800|20131031|1300|
C|005186|2013|50000375600009|001|4300000660|00220|KT020700|10|EA|2680|KRW|26800|20131031|1300|
C|005186|2013|50000375600010|001|4300000660|00230|KT080300|20.000|KG|2770|KRW|55400|20131031|1300|
C|005186|2013|50000375600011|001|4300000660|00240|KT080500|2|EA|26500|KRW|53000|20131031|1300|
C|005186|2013|50000375600012|001|4300000660|00250|KT990001|120|EA|510|KRW|61200|20131031|1300|
C|005186|2013|50000375600013|001|4300000660|00260|KT990010|150|EA|370|KRW|55500|20131031|1300|
C|005186|2013|50000375600014|001|4300000660|00270|KT990030|10|EA|2630|KRW|26300|20131031|1300|
C|005186|2013|50000375600015|001|4300000660|00280|KT991000|2|EA|1961|KRW|3922|20131031|1300|
C|005186|2013|50000375600016|001|4300000661|00130|KH990101|6|EA|7250|KRW|43500|20131031|1300|
C|005186|2013|50000375600017|001|4300000661|00140|KS061502|4|EA|2970|KRW|11880|20131031|1300|
C|005186|2013|50000375600018|001|4300000661|00150|KS061503|20|EA|3150|KRW|63000|20131031|1300|
C|005186|2013|50000375600019|001|4300000661|00160|KS061505|8|EA|6230|KRW|49840|20131031|1300|
C|005186|2013|50000375600020|001|4300000661|00170|KS061506|4|EA|7850|KRW|31400|20131031|1300|
C|005186|2013|50000375600021|001|4300000661|00180|KS066902|2|EA|1540|KRW|3080|20131031|1300|
C|005186|2013|50000375600022|001|4300000661|00190|KS066904|5|EA|2000|KRW|10000|20131031|1300|
C|005186|2013|50000375600023|001|4300000661|00200|KS066905|2|EA|2260|KRW|4520|20131031|1300|
C|005186|2013|50000375600024|001|4300000661|00210|KS067000|4|EA|1350|KRW|5400|20131031|1300|
C|005186|2013|50000375600025|001|4300000661|00220|KS067205|2|EA|3290|KRW|6580|20131031|1300|
C|005186|2013|50000375600026|001|4300000661|00230|KS067207|2|EA|5780|KRW|11560|20131031|1300|
C|005186|2013|50000375600027|001|4300000661|00240|KS067210|2|EA|14350|KRW|28700|20131031|1300|
