C|005186|2013|50000286500001|001|4300000450|00080|UAEC0058|3|EA|12350|KRW|37050|20130915|1300|
C|005186|2013|50000286500002|001|4300000450|00090|UALC0109|12|EA|54400|KRW|652800|20130915|1300|
C|005186|2013|50000286500003|001|4300000450|00100|UALC0108|12|EA|91210|KRW|1094520|20130915|1300|
C|005186|2013|50000286500004|001|4300000466|00010|UEBC0601|4|EA|30300|KRW|121200|20130915|1300|
C|005186|2013|50000286500005|001|4300000466|00020|UDBC0532|50|EA|190|KRW|9500|20130915|1300|
C|005186|2013|50000286500006|001|4300000466|00030|UALC0090|30|EA|44850|KRW|1345500|20130915|1300|
C|005186|2013|50000286500007|001|4300000466|00040|UKAC0011|1|EA|117495|KRW|117495|20130915|1300|
C|005186|2013|50000286500008|001|4300000466|00050|UKAC0026|1|EA|30320|KRW|30320|20130915|1300|
C|005186|2013|50000286500009|001|4300000466|00060|UZZC0128|1|EA|201000|KRW|201000|20130915|1300|
C|005186|2013|50000286500010|001|4300000466|00070|UICC0027|1|EA|14210|KRW|14210|20130915|1300|
C|005186|2013|50000286500011|001|4300000466|00080|UKAC0048|2|EA|347200|KRW|694400|20130915|1300|
C|005186|2013|50000286500012|001|4300000466|00090|UKBC0010|1|EA|91480|KRW|91480|20130915|1300|
C|005186|2013|50000286500013|001|4300000466|00100|UBBC0006|3|EA|103370|KRW|310110|20130915|1300|
C|005186|2013|50000286500014|001|4300000466|00110|UHTC0486|1|EA|46410|KRW|46410|20130915|1300|
C|005186|2013|50000286500015|001|4300000466|00120|UJBC0004|30|EA|4337|KRW|130110|20130915|1300|
C|005186|2013|50000286500016|001|4300000466|00130|UGAC0056|6|EA|139760|KRW|838560|20130915|1300|
C|005186|2013|50000286500017|001|4300000466|00140|UHHC0140|2|EA|81690|KRW|163380|20130915|1300|
C|005186|2013|50000286500018|001|4300000466|00150|UAAC0003|3|EA|24150|KRW|72450|20130915|1300|
C|005186|2013|50000286500019|001|4300000466|00160|UEBC1002|2|EA|80000|KRW|160000|20130915|1300|
C|005186|2013|50000286500020|001|4300000466|00170|UGAC0052|1|EA|57170|KRW|57170|20130915|1300|
C|005186|2013|50000286510001|001|4300000485|00010|UKBC0010|1|EA|91480|KRW|91480|20130915|1300|
C|005186|2013|50000286510002|001|4300000485|00020|UKAC0045|4|EA|188500|KRW|754000|20130915|1300|
C|005186|2013|50000286510003|001|4300000485|00040|UKBC0010|1|EA|91480|KRW|91480|20130915|1300|
C|005186|2013|50000286510004|001|4300000485|00050|UGBC0956|30|EA|3390|KRW|101700|20130915|1300|
C|005186|2013|50000286510005|001|4300000485|00060|UDAC0227|500|EA|630|KRW|315000|20130915|1300|
C|005186|2013|50000286510006|001|4300000485|00070|UKEC0077|3|EA|26250|KRW|78750|20130915|1300|
C|005186|2013|50000286510007|001|4300000485|00080|UKEC0070|2|EA|26250|KRW|52500|20130915|1300|
C|005186|2013|50000286510008|001|4300000485|00090|UAEC0324|30|EA|8630|KRW|258900|20130915|1300|
C|005186|2013|50000286510009|001|4300000485|00100|UAAC0022|10|EA|9970|KRW|99700|20130915|1300|
C|005186|2013|50000286510010|001|4300000485|00110|UIDC0144|11|EA|177240|KRW|1949640|20130915|1300|
