C|005186|2016|50003046310001|001|4300006404|00010|UGCC0862|2|EA|53300|KRW|106600|20161130|1300|
C|005186|2016|50003046310002|001|4300006404|00100|UKEC0108|1|EA|137020|KRW|137020|20161130|1300|
C|005186|2016|50003046310003|001|4300006404|00110|UGCC0453|6|EA|25700|KRW|154200|20161130|1300|
C|005186|2016|50003046310004|001|4300006404|00120|UGCC0397|2|EA|58950|KRW|117900|20161130|1300|
C|005186|2016|50003046310005|001|4300006405|00070|UGCC0725|10|EA|44190|KRW|441900|20161130|1300|
C|005186|2016|50003046310006|001|4300006405|00150|UDAC0227|500|EA|630|KRW|315000|20161130|1300|
C|005186|2016|50003046310007|001|4300006405|00200|UGBC0871|10|EA|31500|KRW|315000|20161130|1300|
C|005186|2016|50003046310008|001|4300006405|00240|UDAC0120|1|EA|367500|KRW|367500|20161130|1300|
C|005186|2016|50003046310009|001|4300006405|00270|UADC0040|10|EA|7880|KRW|78800|20161130|1300|
C|005186|2016|50003046310010|001|4300006407|00010|UGCC0623|1|EA|35300|KRW|35300|20161130|1300|
C|005186|2016|50003046310011|001|4300006411|00070|UDBC0859|10|EA|8310|KRW|83100|20161130|1300|
C|005186|2016|50003046310012|001|4300006412|00010|UHTC0339|5|EA|56700|KRW|283500|20161130|1300|
C|005186|2016|50003046310013|001|4300006412|00020|UHGC0048|5|EA|33000|KRW|165000|20161130|1300|
C|005186|2016|50003046310014|001|4300006412|00030|UHGC0039|5|EA|16940|KRW|84700|20161130|1300|
C|005186|2016|50003046310015|001|4300006412|00040|UHGC0053|10|EA|22940|KRW|229400|20161130|1300|
C|005186|2016|50003046310016|001|4300006412|00050|UHGC0134|2|EA|756000|KRW|1512000|20161130|1300|
C|005186|2016|50003046310017|001|4300006413|00020|UALC0069|100|EA|760|KRW|76000|20161130|1300|
C|005186|2016|50003046320001|001|4300006404|00020|UDDC0279|1|EA|144900|KRW|144900|20161130|1300|
C|005186|2016|50003046320002|001|4300006404|00030|UEBC1160|10|EA|154800|KRW|1548000|20161130|1300|
C|005186|2016|50003046320003|001|4300006404|00040|UDAC0304|5|EA|1060|KRW|5300|20161130|1300|
C|005186|2016|50003046320004|001|4300006404|00050|UEBC0849|1|EA|157500|KRW|157500|20161130|1300|
C|005186|2016|50003046320005|001|4300006404|00080|UEBC1046|2|EA|42900|KRW|85800|20161130|1300|
C|005186|2016|50003046320006|001|4300006404|00090|UEBC1051|2|EA|31900|KRW|63800|20161130|1300|
C|005186|2016|50003046320007|001|4300006406|00010|UDBC0422|500|EA|69|KRW|34500|20161130|1300|
C|005186|2016|50003046320008|001|4300006406|00020|UDBC0424|500|EA|72|KRW|36000|20161130|1300|
C|005186|2016|50003046320009|001|4300006406|00030|UDBC0182|500|EA|84|KRW|42000|20161130|1300|
C|005186|2016|50003046320010|001|4300006406|00040|UDBC0405|500|EA|27|KRW|13500|20161130|1300|
C|005186|2016|50003046320011|001|4300006406|00050|UDBC0407|500|EA|30|KRW|15000|20161130|1300|
C|005186|2016|50003046320012|001|4300006406|00060|UDBC0411|500|EA|45|KRW|22500|20161130|1300|
C|005186|2016|50003046320013|001|4300006406|00070|UDBC0366|500|EA|8|KRW|4000|20161130|1300|
C|005186|2016|50003046320014|001|4300006406|00080|UDBC0368|500|EA|21|KRW|10500|20161130|1300|
C|005186|2016|50003046320015|001|4300006406|00090|UDBC0317|500|EA|9|KRW|4500|20161130|1300|
C|005186|2016|50003046320016|001|4300006406|00100|UDBC0322|500|EA|10|KRW|5000|20161130|1300|
C|005186|2016|50003046320017|001|4300006406|00110|UDBC0737|500|EA|16|KRW|8000|20161130|1300|
C|005186|2016|50003046320018|001|4300006406|00120|UDBC0604|200|EA|39|KRW|7800|20161130|1300|
C|005186|2016|50003046320019|001|4300006406|00130|UDBC0598|200|EA|34|KRW|6800|20161130|1300|
C|005186|2016|50003046320020|001|4300006406|00140|UDBC0511|200|EA|102|KRW|20400|20161130|1300|
C|005186|2016|50003046330001|001|4300006411|00060|UDBC0648|100|EA|40|KRW|4000|20161130|1300|
C|005186|2016|50003046330002|001|4300006411|00080|UDAC0131|10|EA|11570|KRW|115700|20161130|1300|
