C|005186|2016|50002227680001|001|4300004353|00010|UEBC1039|8|EA|16840|KRW|134720|20160130|1300|
C|005186|2016|50002227680002|001|4300004354|00030|UIEC0005|1|EA|10530|KRW|10530|20160130|1300|
C|005186|2016|50002227680003|001|4300004354|00040|UHTC0771|3|EA|18600|KRW|55800|20160130|1300|
C|005186|2016|50002227680004|001|4300004360|00030|UHHC0145|2|EA|81690|KRW|163380|20160130|1300|
C|005186|2016|50002227680005|001|4300004364|00020|UDBC0062|30|EA|313|KRW|9390|20160130|1300|
C|005186|2016|50002227680006|001|4300004365|00040|UDBC0842|100|EA|197|KRW|19700|20160130|1300|
C|005186|2016|50002227680007|001|4300004366|00030|UGCC0510|1|EA|41060|KRW|41060|20160130|1300|
C|005186|2016|50002227680008|001|4300004366|00040|UGCC0511|1|EA|41060|KRW|41060|20160130|1300|
C|005186|2016|50002227680009|001|4300004369|00010|UCIC0081|2|EA|496840|KRW|993680|20160130|1300|
C|005186|2016|50002227680010|001|4300004393|00280|UGCC0207|50|EA|3630|KRW|181500|20160130|1300|
C|005186|2016|50002227680011|001|4300004393|00290|UGBC0789|30|EA|690|KRW|20700|20160130|1300|
C|005186|2016|50002227680012|001|4300004393|00300|UGBC0787|30|EA|720|KRW|21600|20160130|1300|
C|005186|2016|50002227680013|001|4300004393|00320|UGBC0790|30|EA|1230|KRW|36900|20160130|1300|
C|005186|2016|50002227690001|001|4300004276|00010|UDBC0405|500|EA|27|KRW|13500|20160130|1300|
C|005186|2016|50002227690002|001|4300004276|00020|UDBC0442|200|EA|70|KRW|14000|20160130|1300|
C|005186|2016|50002227690003|001|4300004276|00030|UDBC0586|250|EA|95|KRW|23750|20160130|1300|
C|005186|2016|50002227690004|001|4300004276|00040|UDBC0585|250|EA|80|KRW|20000|20160130|1300|
C|005186|2016|50002227690005|001|4300004276|00050|UDBC0057|200|EA|155|KRW|31000|20160130|1300|
C|005186|2016|50002227690006|001|4300004276|00060|UDBC0596|200|EA|74|KRW|14800|20160130|1300|
C|005186|2016|50002227690007|001|4300004276|00070|UDBC0597|200|EA|80|KRW|16000|20160130|1300|
C|005186|2016|50002227690008|001|4300004276|00080|UDBC0622|200|EA|186|KRW|37200|20160130|1300|
C|005186|2016|50002227690009|001|4300004276|00090|UDBC0061|200|EA|226|KRW|45200|20160130|1300|
C|005186|2016|50002227690010|001|4300004276|00100|UDBC0627|200|EA|230|KRW|46000|20160130|1300|
C|005186|2016|50002227690011|001|4300004276|00110|UDBC0562|100|EA|990|KRW|99000|20160130|1300|
C|005186|2016|50002227690012|001|4300004276|00120|UDBC0053|100|EA|1150|KRW|115000|20160130|1300|
C|005186|2016|50002227690013|001|4300004276|00130|UDBC0367|200|EA|21|KRW|4200|20160130|1300|
C|005186|2016|50002227690014|001|4300004276|00140|UDBC0037|200|EA|28|KRW|5600|20160130|1300|
C|005186|2016|50002227690015|001|4300004276|00150|UDBC0376|200|EA|58|KRW|11600|20160130|1300|
C|005186|2016|50002227690016|001|4300004350|00050|KS061506|3|EA|7850|KRW|23550|20160130|1300|
C|005186|2016|50002227690017|001|4300004350|00060|KS064102|2|EA|5860|KRW|11720|20160130|1300|
C|005186|2016|50002227690018|001|4300004350|00070|KS066904|5|EA|2000|KRW|10000|20160130|1300|
C|005186|2016|50002227690019|001|4300004350|00080|KS067004|2|EA|2000|KRW|4000|20160130|1300|
C|005186|2016|50002227690020|001|4300004350|00100|KS080721|4|EA|71710|KRW|286840|20160130|1300|
C|005186|2016|50002227690021|001|4300004350|00260|KS066905|10|EA|2260|KRW|22600|20160130|1300|
C|005186|2016|50002227690022|001|4300004393|00010|UDBC0351|100|EA|284|KRW|28400|20160130|1300|
C|005186|2016|50002227690023|001|4300004393|00020|UDBC0303|200|EA|84|KRW|16800|20160130|1300|
C|005186|2016|50002227690024|001|4300004393|00050|UDBC0406|500|EA|73|KRW|36500|20160130|1300|
C|005186|2016|50002227690025|001|4300004393|00160|UDBC0375|500|EA|16|KRW|8000|20160130|1300|
C|005186|2016|50002227690026|001|4300004393|00170|UDBC0344|200|EA|47|KRW|9400|20160130|1300|
C|005186|2016|50002227690027|001|4300004393|00180|UDBC0347|200|EA|56|KRW|11200|20160130|1300|
C|005186|2016|50002227690028|001|4300004393|00190|UDBC0350|100|EA|80|KRW|8000|20160130|1300|
C|005186|2016|50002227690029|001|4300004393|00220|UDBC0298|100|EA|11|KRW|1100|20160130|1300|
C|005186|2016|50002227690030|001|4300004393|00230|UDBC0302|100|EA|32|KRW|3200|20160130|1300|
C|005186|2016|50002227690031|001|4300004393|00250|UDBC0735|500|EA|8|KRW|4000|20160130|1300|
C|005186|2016|50002227900001|001|4300004305|00050|UGCC0605|1|EA|11030|KRW|11030|20160130|1300|
C|005186|2016|50002227900002|001|4300004355|00010|UEAC0171|3|EA|197000|KRW|591000|20160130|1300|
