C|005186|2017|50003396370001|001|4300007419|00020|UGBC0761|30|EA|820|KRW|24600|20170428|1300|
C|005186|2017|50003396370002|001|4300007424|00020|UGAC0085|1|EA|31500|KRW|31500|20170428|1300|
C|005186|2017|50003396370003|001|4300007426|00010|UGBC0763|30|EA|2100|KRW|63000|20170428|1300|
C|005186|2017|50003396370004|001|4300007426|00020|UGCC0670|2|EA|40530|KRW|81060|20170428|1300|
C|005186|2017|50003396370005|001|4300007426|00030|UGCC0328|1|EA|86100|KRW|86100|20170428|1300|
C|005186|2017|50003396370006|001|4300007426|00050|UGCC0973|2|EA|154000|KRW|308000|20170428|1300|
C|005186|2017|50003396370007|001|4300007426|00060|UGCC0306|2|EA|51980|KRW|103960|20170428|1300|
C|005186|2017|50003396370008|001|4300007426|00070|UGCC0332|1|EA|84000|KRW|84000|20170428|1300|
C|005186|2017|50003396370009|001|4300007426|00110|UGCC0732|20|EA|5260|KRW|105200|20170428|1300|
C|005186|2017|50003396370010|001|4300007426|00130|UGCC0306|4|EA|51980|KRW|207920|20170428|1300|
C|005186|2017|50003396380001|001|4300007411|00070|UHDC0073|50|EA|10320|KRW|516000|20170428|1300|
C|005186|2017|50003396380002|001|4300007412|00010|UHDC0116|100|EA|10290|KRW|1029000|20170428|1300|
C|005186|2017|50003396380003|001|4300007424|00030|UHGC0134|2|EA|756000|KRW|1512000|20170428|1300|
C|005186|2017|50003396380004|001|4300007424|00040|UHFC0341|1|EA|172500|KRW|172500|20170428|1300|
C|005186|2017|50003396380005|001|4300007425|00010|UHFC0349|4|EA|6570|KRW|26280|20170428|1300|
C|005186|2017|50003396380006|001|4300007425|00020|UHHC0029|200|M|7298|KRW|1459600|20170428|1300|
C|005186|2017|50003396390001|001|4300007410|00090|UAEC0399|2|EA|175000|KRW|350000|20170428|1300|
C|005186|2017|50003396390002|001|4300007424|00010|UEAC0010|1|EA|185640|KRW|185640|20170428|1300|
C|005186|2017|50003396390003|001|4300007426|00040|UAGC0316|1|EA|63530|KRW|63530|20170428|1300|
C|005186|2017|50003396390004|001|4300007426|00080|UEBC0184|1|EA|208700|KRW|208700|20170428|1300|
C|005186|2017|50003396390005|001|4300007426|00090|UEBC0630|4|EA|29260|KRW|117040|20170428|1300|
C|005186|2017|50003396390006|001|4300007426|00100|UEBC0800|2|EA|65520|KRW|131040|20170428|1300|
C|005186|2017|50003396390007|001|4300007426|00140|UGCC0659|1|EA|26250|KRW|26250|20170428|1300|
C|005186|2017|50003396390008|001|4300007426|00150|UDBC0787|50|EA|210|KRW|10500|20170428|1300|
C|005186|2017|50003397100001|001|4300007419|00010|UIDC0046|20|EA|69230|KRW|1384600|20170428|1300|
