C|005186|2015|50001625600001|001|4300002937|00020|UHDC0090|20|EA|2120|KRW|42400|20150626|1300|
C|005186|2015|50001625600002|001|4300002937|00030|UCKC0037|80|EA|14050|KRW|1124000|20150626|1300|
C|005186|2015|50001625600003|001|4300002975|00010|UHHC0200|120|EA|8600|KRW|1032000|20150626|1300|
C|005186|2015|50001625600004|001|4300002977|00010|UHNC0113|1|EA|772800|KRW|772800|20150626|1300|
C|005186|2015|50001625600005|001|4300002977|00020|UHNC0082|2|EA|285600|KRW|571200|20150626|1300|
C|005186|2015|50001625600006|001|4300002977|00030|UHGC0129|1|EA|612680|KRW|612680|20150626|1300|
C|005186|2015|50001625600007|001|4300002977|00040|UHTC0491|2|EA|15750|KRW|31500|20150626|1300|
C|005186|2015|50001625600008|001|4300002978|00010|UCKC0035|15|EA|44520|KRW|667800|20150626|1300|
C|005186|2015|50001625600009|001|4300002979|00090|UHNC0079|1|EA|135000|KRW|135000|20150626|1300|
C|005186|2015|50001625600010|001|4300002997|00010|KE030011|5|EA|8190|KRW|40950|20150626|1300|
C|005186|2015|50001625600011|001|4300002997|00020|KE030122|2|EA|31500|KRW|63000|20150626|1300|
C|005186|2015|50001625600012|001|4300002997|00030|KE030200|2|EA|15230|KRW|30460|20150626|1300|
C|005186|2015|50001625600013|001|4300002997|00040|KE030205|5|EA|31290|KRW|156450|20150626|1300|
C|005186|2015|50001625600014|001|4300002997|00050|KE030206|3|EA|16380|KRW|49140|20150626|1300|
C|005186|2015|50001625600015|001|4300002997|00060|KE030209|1|EA|74450|KRW|74450|20150626|1300|
C|005186|2015|50001625600016|001|4300002997|00070|KE050003|6|EA|1400|KRW|8400|20150626|1300|
C|005186|2015|50001625600017|001|4300002997|00080|KE050201|1|EA|8460|KRW|8460|20150626|1300|
C|005186|2015|50001625600018|001|4300002997|00090|KE050213|3|EA|8440|KRW|25320|20150626|1300|
C|005186|2015|50001625600019|001|4300002997|00100|KE050302|12|EA|1160|KRW|13920|20150626|1300|
C|005186|2015|50001625600020|001|4300002997|00110|KE050304|6|EA|2600|KRW|15600|20150626|1300|
C|005186|2015|50001625600021|001|4300002997|00120|KE050801|5|EA|1900|KRW|9500|20150626|1300|
C|005186|2015|50001625600022|001|4300002997|00130|KE090102|6|EA|15430|KRW|92580|20150626|1300|
C|005186|2015|50001625600023|001|4300002997|00140|KE090106|8|EA|15370|KRW|122960|20150626|1300|
C|005186|2015|50001625600024|001|4300002997|00150|KE090116|2|EA|28040|KRW|56080|20150626|1300|
C|005186|2015|50001625600025|001|4300002997|00160|KE090127|1|EA|34000|KRW|34000|20150626|1300|
C|005186|2015|50001625600026|001|4300002997|00170|KE090165|3|EA|165900|KRW|497700|20150626|1300|
C|005186|2015|50001625600027|001|4300002997|00180|KE210001|2|EA|53030|KRW|106060|20150626|1300|
C|005186|2015|50001625600028|001|4300002997|00190|KE230003|127|EA|1870|KRW|237490|20150626|1300|
C|005186|2015|50001625600029|001|4300002997|00200|KE231001|21|EA|16150|KRW|339150|20150626|1300|
C|005186|2015|50001625600030|001|4300002997|00210|KE231200|5|EA|1580|KRW|7900|20150626|1300|
C|005186|2015|50001625600031|001|4300002998|00380|KE231406|10|EA|7140|KRW|71400|20150626|1300|
C|005186|2015|50001625600032|001|4300002998|00390|KE231503|9|EA|1160|KRW|10440|20150626|1300|
C|005186|2015|50001625600033|001|4300002998|00400|KE270300|60|EA|470|KRW|28200|20150626|1300|
C|005186|2015|50001625600034|001|4300002998|00410|KE270302|3|EA|6900|KRW|20700|20150626|1300|
C|005186|2015|50001625600035|001|4300002998|00420|KE281401|12|EA|840|KRW|10080|20150626|1300|
C|005186|2015|50001625600036|001|4300003028|00040|UHNC0046|1|EA|246750|KRW|246750|20150626|1300|
C|005186|2015|50001625610001|001|4300002972|00130|UAEC0219|1|EA|5310|KRW|5310|20150626|1300|
C|005186|2015|50001625610002|001|4300002972|00140|UICC0037|1|EA|3160|KRW|3160|20150626|1300|
C|005186|2015|50001625610003|001|4300002973|00010|UDEC0044|2|EA|11920|KRW|23840|20150626|1300|
C|005186|2015|50001625610004|001|4300002973|00030|UDBC0112|20|EA|315|KRW|6300|20150626|1300|
C|005186|2015|50001625610005|001|4300002973|00040|UDDC0339|1|EA|51200|KRW|51200|20150626|1300|
C|005186|2015|50001625610006|001|4300002975|00050|UDBC0055|12|EA|1420|KRW|17040|20150626|1300|
C|005186|2015|50001625610007|001|4300002976|00010|UAGC0472|1|EA|382200|KRW|382200|20150626|1300|
C|005186|2015|50001625610008|001|4300002976|00020|UAGC0169|5|EA|49430|KRW|247150|20150626|1300|
C|005186|2015|50001625610009|001|4300002976|00050|UALC0109|12|EA|59800|KRW|717600|20150626|1300|
C|005186|2015|50001625610010|001|4300002978|00020|UALC0094|20|EA|62800|KRW|1256000|20150626|1300|
C|005186|2015|50001625620001|001|4300002874|00120|UAGC0471|7|EA|68250|KRW|477750|20150626|1300|
C|005186|2015|50001625630001|001|4300002874|00080|UHTC0745|5|EA|27500|KRW|137500|20150626|1300|
C|005186|2015|50001625630002|001|4300002876|00010|UHTC0752|10|EA|37000|KRW|370000|20150626|1300|
C|005186|2015|50001625630003|001|4300002937|00090|UADC0040|20|EA|7880|KRW|157600|20150626|1300|
C|005186|2015|50001625630004|001|4300002953|00020|UHTC0753|5|EA|63600|KRW|318000|20150626|1300|
C|005186|2015|50001625630005|001|4300002953|00070|UHTC0744|4|EA|276000|KRW|1104000|20150626|1300|
C|005186|2015|50001625630006|001|4300002953|00090|UAJC0026|20|EA|4200|KRW|84000|20150626|1300|
C|005186|2015|50001625630007|001|4300002953|00100|UAJC0027|20|EA|4450|KRW|89000|20150626|1300|
C|005186|2015|50001625630008|001|4300002953|00110|UAJC0028|20|EA|5570|KRW|111400|20150626|1300|
C|005186|2015|50001625630009|001|4300002954|00030|UHTC0751|10|EA|38200|KRW|382000|20150626|1300|
