C|005186|2017|50003252810001|001|4300007005|00010|CMA0001|150|EA|151|KRW|22650|20170227|1300|
C|005186|2017|50003252810002|001|4300007005|00020|CMA0007|100|EA|151|KRW|15100|20170227|1300|
C|005186|2017|50003252810003|001|4300007005|00040|CMB0001|100|EA|520|KRW|52000|20170227|1300|
C|005186|2017|50003252810004|001|4300007005|00060|CMD0001|6|EA|8000|KRW|48000|20170227|1300|
C|005186|2017|50003252820001|001|4300007006|00010|CMA0001|500|EA|151|KRW|75500|20170227|1300|
C|005186|2017|50003252820002|001|4300007006|00020|CMA0007|400|EA|151|KRW|60400|20170227|1300|
C|005186|2017|50003252820003|001|4300007006|00050|CMC0005|200|EA|150|KRW|30000|20170227|1300|
C|005186|2017|50003252820004|001|4300007006|00080|CME0002|40|EA|1100|KRW|44000|20170227|1300|
C|005186|2017|50003252820005|001|4300007006|00090|CME0005|10|EA|2600|KRW|26000|20170227|1300|
C|005186|2017|50003252820006|001|4300007006|00110|CMF0004|4|EA|17000|KRW|68000|20170227|1300|
C|005186|2017|50003252830001|001|4300007007|00010|CMA0001|400|EA|151|KRW|60400|20170227|1300|
C|005186|2017|50003252830002|001|4300007007|00020|CMA0007|200|EA|151|KRW|30200|20170227|1300|
C|005186|2017|50003252830003|001|4300007007|00040|CMC0005|200|EA|150|KRW|30000|20170227|1300|
C|005186|2017|50003252830004|001|4300007007|00060|CMF0004|10|EA|17000|KRW|170000|20170227|1300|
C|005186|2017|50003252830005|001|4300007007|00090|CMZ0004|20|EA|220|KRW|4400|20170227|1300|
C|005186|2017|50003252840001|001|4300007008|00010|CMA0001|110|EA|151|KRW|16610|20170227|1300|
C|005186|2017|50003252840002|001|4300007008|00020|CMA0007|70|EA|151|KRW|10570|20170227|1300|
C|005186|2017|50003252840003|001|4300007008|00030|CMB0001|20|EA|520|KRW|10400|20170227|1300|
C|005186|2017|50003252840004|001|4300007008|00060|CMF0007|6|EA|1620|KRW|9720|20170227|1300|
C|005186|2017|50003252840005|001|4300007008|00070|CMF0008|6|EA|1620|KRW|9720|20170227|1300|
C|005186|2017|50003252850001|001|4300007009|00010|CMA0001|60|EA|151|KRW|9060|20170227|1300|
C|005186|2017|50003252850002|001|4300007009|00020|CMA0007|200|EA|151|KRW|30200|20170227|1300|
C|005186|2017|50003252850003|001|4300007009|00030|CMB0001|20|EA|520|KRW|10400|20170227|1300|
C|005186|2017|50003252850004|001|4300007009|00050|CMZ0032|2|EA|1300|KRW|2600|20170227|1300|
C|005186|2017|50003252850005|001|4300007009|00060|CMF0002|1|EA|860|KRW|860|20170227|1300|
C|005186|2017|50003252850006|001|4300007009|00070|CMF0003|2|EA|2020|KRW|4040|20170227|1300|
