C|005186|2020|50005675880001|001|4300016838|00010|UHHC0008|1|EA|1013800|KRW|1013800|20200526|1300|
C|005186|2020|50005675880002|001|4300016839|00010|UHFC0377|10|EA|8630|KRW|86300|20200526|1300|
C|005186|2020|50005675880003|001|4300016839|00020|UHGC0347|1|EA|861000|KRW|861000|20200526|1300|
C|005186|2020|50005675880004|001|4300016921|00030|UDFC0003|15|EA|2220|KRW|33300|20200526|1300|
C|005186|2020|50005675890001|001|4300016879|00010|UHOC0003|3|EA|310800|KRW|932400|20200526|1300|
C|005186|2020|50005675890002|001|4300016879|00020|UHTC0800|5|EA|795000|KRW|795000|20200526|1300|
C|005186|2020|50005675890003|001|4300016879|00030|UHGC0049|5|EA|165000|KRW|165000|20200526|1300|
C|005186|2020|50005675890004|001|4300016879|00040|UHTC0491|2|EA|15750|KRW|31500|20200526|1300|
C|005186|2020|50005675890005|001|4300016880|00010|UHFC0175|10|EA|387300|KRW|387300|20200526|1300|
C|005186|2020|50005675890006|001|4300016880|00020|UHGC0048|5|EA|165000|KRW|165000|20200526|1300|
C|005186|2020|50005675890007|001|4300016880|00030|UHGC0330|5|EA|257250|KRW|1286250|20200526|1300|
C|005186|2020|50005675890008|001|4300016880|00040|UHGC0318|10|EA|15900|KRW|159000|20200526|1300|
C|005186|2020|50005675890009|001|4300016881|00010|UHTC0802|10|EA|249100|KRW|498200|20200526|1300|
C|005186|2020|50005675890010|001|4300016881|00020|UHTC0772|20|EA|466400|KRW|466400|20200526|1300|
C|005186|2020|50005675890011|001|4300016881|00030|UHGC0317|3|EA|318000|KRW|954000|20200526|1300|
C|005186|2020|50005675890012|001|4300016908|00010|UHGC0139|1|EA|561750|KRW|561750|20200526|1300|
C|005186|2020|50005675890013|001|4300016908|00020|UHGC0357|1|EA|759000|KRW|759000|20200526|1300|
C|005186|2020|50005675890014|001|4300016908|00030|UHTC0347|4|EA|50400|KRW|201600|20200526|1300|
C|005186|2020|50005675890015|001|4300016908|00040|UHTC0337|4|EA|50400|KRW|201600|20200526|1300|
C|005186|2020|50005675890016|001|4300016908|00050|UHTC0345|10|EA|4410|KRW|44100|20200526|1300|
C|005186|2020|50005675890017|001|4300016908|00060|UDBC0329|100|EA|22000|KRW|22000|20200526|1300|
C|005186|2020|50005675890018|001|4300016909|00010|UHHC0028|100|M|1433000|KRW|1433000|20200526|1300|
C|005186|2020|50005675890019|001|4300016909|00020|UHFC0020|3|EA|86630|KRW|259890|20200526|1300|
C|005186|2020|50005675890020|001|4300016920|00010|UHTC0156|5|EA|102900|KRW|514500|20200526|1300|
C|005186|2020|50005675890021|001|4300016920|00020|UHTC0772|40|EA|466400|KRW|932800|20200526|1300|
C|005186|2020|50005675890022|001|4300016921|00010|UHTC0576|10|EA|347300|KRW|347300|20200526|1300|
C|005186|2020|50005675890023|001|4300016921|00020|UHTC0578|10|EA|29000|KRW|58000|20200526|1300|
C|005186|2020|50005675890024|001|4300016921|00040|UHTC0156|15|EA|102900|KRW|1543500|20200526|1300|
C|005186|2020|50005675890025|001|4300016921|00050|UHFC0143|10|EA|4100|KRW|41000|20200526|1300|
C|005186|2020|50005675890026|001|4300016926|00010|UHHC0042|1|EA|655200|KRW|655200|20200526|1300|
C|005186|2020|50005675890027|001|4300016926|00020|UHFC0330|10|EA|168000|KRW|168000|20200526|1300|
C|005186|2020|50005675890028|001|4300016926|00030|UHNC0113|1|EA|772800|KRW|772800|20200526|1300|
C|005186|2020|50005675890029|001|4300016927|00010|UHGC0134|2|EA|756000|KRW|1512000|20200526|1300|
C|005186|2020|50005675900001|001|4300016916|00010|UHTC0246|20|EA|169400|KRW|169400|20200526|1300|
C|005186|2020|50005675900002|001|4300016916|00020|UCKC0035|15|EA|222600|KRW|667800|20200526|1300|
C|005186|2020|50005675900003|001|4300016916|00030|UALC0075|3000|EA|45000|KRW|135000|20200526|1300|
C|005186|2020|50005675900004|001|4300016916|00040|UHDC0106|100|EA|63000|KRW|126000|20200526|1300|
C|005186|2020|50005675900005|001|4300016919|00010|UHHC0211|50|EA|380000|KRW|1900000|20200526|1300|
C|005186|2020|50005675900006|001|4300016928|00010|KE030200|4|EA|15230|KRW|60920|20200526|1300|
C|005186|2020|50005675900007|001|4300016928|00020|KE030205|4|EA|31290|KRW|125160|20200526|1300|
C|005186|2020|50005675900008|001|4300016928|00030|KE030206|2|EA|16380|KRW|32760|20200526|1300|
C|005186|2020|50005675900009|001|4300016928|00040|KE050700|20|EA|2200|KRW|44000|20200526|1300|
C|005186|2020|50005675900010|001|4300016928|00050|KE050701|20|EA|2630|KRW|52600|20200526|1300|
C|005186|2020|50005675900011|001|4300016928|00060|KE050801|10|EA|1900|KRW|19000|20200526|1300|
C|005186|2020|50005675900012|001|4300016928|00070|KE280401|5|EA|20800|KRW|104000|20200526|1300|
