C|005186|2017|50003789670001|001|4300008675|00080|UAGC0193|100|EA|3255|KRW|325500|20171031|1300|
C|005186|2017|50003789680001|001|4300008675|00040|UDEC0014|1|EA|58440|KRW|58440|20171031|1300|
C|005186|2017|50003789680002|001|4300008764|00010|UJCC0043|10000|EA|42|KRW|420000|20171031|1300|
C|005186|2017|50003789690001|001|4300008675|00070|UDCC0063|1|EA|67400|KRW|67400|20171031|1300|
C|005186|2017|50003789690002|001|4300008675|00150|UDDC0253|30|EA|3560|KRW|106800|20171031|1300|
C|005186|2017|50003789690003|001|4300008676|00020|UDBC0102|15|EA|356|KRW|5340|20171031|1300|
C|005186|2017|50003789690004|001|4300008710|00030|UDDC0266|10|EA|8090|KRW|80900|20171031|1300|
C|005186|2017|50003789690005|001|4300008710|00040|UDDC0273|10|EA|13230|KRW|132300|20171031|1300|
C|005186|2017|50003789690006|001|4300008710|00110|UDEC0008|2|EA|40430|KRW|80860|20171031|1300|
C|005186|2017|50003789710001|001|4300008670|00010|UHTC0540|2|EA|321000|KRW|642000|20171031|1300|
C|005186|2017|50003789710002|001|4300008670|00020|UHTC0541|2|EA|82100|KRW|164200|20171031|1300|
C|005186|2017|50003789710003|001|4300008671|00010|UHGC0243|2|EA|400000|KRW|800000|20171031|1300|
C|005186|2017|50003789710004|001|4300008678|00010|UZZC0033|2|EA|41700|KRW|83400|20171031|1300|
C|005186|2017|50003789710005|001|4300008678|00030|UZZC0128|4|EA|201000|KRW|804000|20171031|1300|
C|005186|2017|50003789710006|001|4300008678|00070|UGCC0969|2|EA|190000|KRW|380000|20171031|1300|
C|005186|2017|50003789710007|001|4300008763|00030|UDBC0147|2000|EA|27|KRW|54000|20171031|1300|
C|005186|2017|50003789710008|001|4300008764|00020|UJBC0004|2|EA|4337|KRW|8674|20171031|1300|
C|005186|2017|50003789710009|001|4300008764|00030|UDBC1025|100|EA|213|KRW|21300|20171031|1300|
C|005186|2017|50003789710010|001|4300008764|00080|UDBC0653|300|EA|45|KRW|13500|20171031|1300|
C|005186|2017|50003789710011|001|4300008765|00010|UDBC0532|50|EA|190|KRW|9500|20171031|1300|
C|005186|2017|50003789710012|001|4300008765|00020|UDBC0304|50|EA|32|KRW|1600|20171031|1300|
C|005186|2017|50003789710013|001|4300008765|00040|UJCC0060|500|EA|590|KRW|295000|20171031|1300|
C|005186|2017|50003789710014|001|4300008765|00050|UDBC0169|300|EA|24|KRW|7200|20171031|1300|
C|005186|2017|50003789710015|001|4300008766|00020|UDBC1029|180|EA|205|KRW|36900|20171031|1300|
C|005186|2017|50003789710016|001|4300008766|00030|UJBC0004|20|EA|4337|KRW|86740|20171031|1300|
C|005186|2017|50003789710017|001|4300008766|00040|UJBC0005|10|EA|14700|KRW|147000|20171031|1300|
C|005186|2017|50003789710018|001|4300008797|00040|UGBC0243|20|EA|3050|KRW|61000|20171031|1300|
C|005186|2017|50003789720001|001|4300008763|00040|UHHC0164|3|EA|111830|KRW|335490|20171031|1300|
C|005186|2017|50003789720002|001|4300008763|00050|UCKC0037|80|EA|14050|KRW|1124000|20171031|1300|
C|005186|2017|50003789740001|001|4300008674|00010|UGBC0123|30|EA|275|KRW|8250|20171031|1300|
C|005186|2017|50003789740002|001|4300008674|00020|UGBC1225|30|EA|230|KRW|6900|20171031|1300|
C|005186|2017|50003789740003|001|4300008674|00030|UGBC0124|20|EA|315|KRW|6300|20171031|1300|
C|005186|2017|50003789740004|001|4300008674|00040|UGBC0127|10|EA|1010|KRW|10100|20171031|1300|
C|005186|2017|50003789740005|001|4300008674|00050|UGBC0189|20|EA|340|KRW|6800|20171031|1300|
C|005186|2017|50003789740006|001|4300008674|00060|UGBC0201|3|EA|38850|KRW|116550|20171031|1300|
C|005186|2017|50003789740007|001|4300008674|00070|UGBC1398|10|EA|78500|KRW|785000|20171031|1300|
C|005186|2017|50003789740008|001|4300008678|00020|UGCC0600|10|EA|61430|KRW|614300|20171031|1300|
C|005186|2017|50003789740009|001|4300008764|00060|UEBC1073|10|EA|11570|KRW|115700|20171031|1300|
C|005186|2017|50003789740010|001|4300008765|00030|UGCC0894|400|EA|3000|KRW|1200000|20171031|1300|
C|005186|2017|50003789740011|001|4300008766|00010|UDAC0247|2500|EA|640|KRW|1600000|20171031|1300|
C|005186|2017|50003789740012|001|4300008767|00010|UDAC0247|1500|EA|640|KRW|960000|20171031|1300|
C|005186|2017|50003789740013|001|4300008794|00010|UGCC0913|1|EA|202000|KRW|202000|20171031|1300|
C|005186|2017|50003789740014|001|4300008794|00020|KS061508|6|EA|10510|KRW|63060|20171031|1300|
C|005186|2017|50003789740015|001|4300008794|00030|KS080705|10|EA|18500|KRW|185000|20171031|1300|
C|005186|2017|50003789740016|001|4300008794|00040|KS080711|5|EA|32300|KRW|161500|20171031|1300|
C|005186|2017|50003789740017|001|4300008796|00010|UCIC0172|1|EA|1852000|KRW|1852000|20171031|1300|
C|005186|2017|50003789740018|001|4300008797|00010|UGBC0912|10|EA|36225|KRW|362250|20171031|1300|
C|005186|2017|50003789740019|001|4300008797|00030|UCIC0034|1|EA|619500|KRW|619500|20171031|1300|
C|005186|2017|50003789740020|001|4300008797|00050|UGBC1281|5|EA|19500|KRW|97500|20171031|1300|
C|005186|2017|50003789740021|001|4300008797|00060|UGBC1650|5|EA|1010|KRW|5050|20171031|1300|
C|005186|2017|50003789740022|001|4300008797|00070|UCIC0186|5|EA|19000|KRW|95000|20171031|1300|
C|005186|2017|50003789740023|001|4300008797|00080|UGBC1176|5|EA|18900|KRW|94500|20171031|1300|
C|005186|2017|50003789760001|001|4300008710|00060|UDFC0169|1|EA|104000|KRW|104000|20171031|1300|
C|005186|2017|50003789770001|001|4300008803|00010|UALC0119|3000|EA|20|KRW|60000|20171031|1300|
C|005186|2017|50003789770002|001|4300008803|00020|UALC0118|3000|EA|110|KRW|330000|20171031|1300|
C|005186|2017|50003789790001|001|4300008763|00010|UAGC0240|1|EA|149100|KRW|149100|20171031|1300|
C|005186|2017|50003789790002|001|4300008763|00020|UAGC0308|5|EA|1750|KRW|8750|20171031|1300|
C|005186|2017|50003789790003|001|4300008764|00040|UKEC0091|20|EA|1270|KRW|25400|20171031|1300|
C|005186|2017|50003789790004|001|4300008764|00050|UAAC0029|30|EA|1890|KRW|56700|20171031|1300|
C|005186|2017|50003789790005|001|4300008765|00060|UAHC0047|50|EA|7680|KRW|384000|20171031|1300|
C|005186|2017|50003789790006|001|4300008766|00050|UAEC0255|2|EA|28850|KRW|57700|20171031|1300|
C|005186|2017|50003789790007|001|4300008767|00020|UAEC0413|2|EA|11660|KRW|23320|20171031|1300|
C|005186|2017|50003789790008|001|4300008767|00030|UAEC0252|2|EA|5220|KRW|10440|20171031|1300|
C|005186|2017|50003789790009|001|4300008767|00040|UAGC0064|1|EA|112630|KRW|112630|20171031|1300|
C|005186|2017|50003789790010|001|4300008767|00050|UAEC0247|2|EA|2920|KRW|5840|20171031|1300|
C|005186|2017|50003789790011|001|4300008767|00060|UAEC0246|2|EA|2920|KRW|5840|20171031|1300|
C|005186|2017|50003789790012|001|4300008767|00070|UAEC0426|1|EA|18375|KRW|18375|20171031|1300|
C|005186|2017|50003789790013|001|4300008767|00080|UAEC0364|2|EA|3160|KRW|6320|20171031|1300|
C|005186|2017|50003789800001|001|4300008795|00010|KT080311|3|EA|72980|KRW|218940|20171031|1300|
C|005186|2017|50003789800002|001|4300008795|00020|KT080350|3|EA|4720|KRW|14160|20171031|1300|
C|005186|2017|50003789800003|001|4300008795|00030|KT080370|11|EA|760|KRW|8360|20171031|1300|
C|005186|2017|50003789800004|001|4300008795|00040|KT080520|5|EA|2760|KRW|13800|20171031|1300|
C|005186|2017|50003789800005|001|4300008795|00050|KT990001|180|EA|510|KRW|91800|20171031|1300|
C|005186|2017|50003789800006|001|4300008795|00060|KT990010|190|EA|370|KRW|70300|20171031|1300|
C|005186|2017|50003789800007|001|4300008795|00070|KT991000|1|EA|1961|KRW|1961|20171031|1300|
C|005186|2017|50003789810001|001|4300008783|00010|UHNC0123|2|EA|496850|KRW|993700|20171031|1300|
C|005186|2017|50003789810002|001|4300008783|00020|UHHC0208|5|EA|15582|KRW|77910|20171031|1300|
C|005186|2017|50003789810003|001|4300008783|00030|UABC0027|6|EA|7670|KRW|46020|20171031|1300|
C|005186|2017|50003789810004|001|4300008783|00050|UHNC0127|2|EA|406350|KRW|812700|20171031|1300|
C|005186|2017|50003789810005|001|4300008784|00010|UHNC0136|1|EA|947380|KRW|947380|20171031|1300|
C|005186|2017|50003789810006|001|4300008784|00020|UHGC0329|3|EA|91160|KRW|273480|20171031|1300|
C|005186|2017|50003789810007|001|4300008784|00030|UHDC0066|5|EA|99750|KRW|498750|20171031|1300|
C|005186|2017|50003789810008|001|4300008785|00010|UHTC0365|4|EA|132300|KRW|529200|20171031|1300|
C|005186|2017|50003789810009|001|4300008785|00020|UFJC0010|4|EA|58940|KRW|235760|20171031|1300|
C|005186|2017|50003789810010|001|4300008785|00030|UHGC0236|1|EA|932700|KRW|932700|20171031|1300|
C|005186|2017|50003789810011|001|4300008785|00040|UICC0034|1|EA|23100|KRW|23100|20171031|1300|
C|005186|2017|50003789810012|001|4300008785|00050|UHDC0254|1|EA|114480|KRW|114480|20171031|1300|
C|005186|2017|50003789810013|001|4300008785|00060|UHGC0009|1|EA|66150|KRW|66150|20171031|1300|
C|005186|2017|50003789810014|001|4300008786|00010|UHTC0728|4|EA|121060|KRW|484240|20171031|1300|
C|005186|2017|50003789810015|001|4300008786|00030|UHTC0822|20|EA|6700|KRW|134000|20171031|1300|
C|005186|2017|50003789810016|001|4300008788|00020|UHGC0024|5|EA|76100|KRW|380500|20171031|1300|
C|005186|2017|50003789810017|001|4300008788|00030|UHFC0232|3|EA|9790|KRW|29370|20171031|1300|
C|005186|2017|50003789810018|001|4300008788|00040|UHFC0233|3|EA|11660|KRW|34980|20171031|1300|
C|005186|2017|50003789810019|001|4300008789|00020|UHTC0772|20|EA|23320|KRW|466400|20171031|1300|
C|005186|2017|50003789810020|001|4300008789|00030|UHNC0098|10|EA|18480|KRW|184800|20171031|1300|
C|005186|2017|50003789810021|001|4300008790|00070|UDFC0078|50|EA|4260|KRW|213000|20171031|1300|
C|005186|2017|50003789810022|001|4300008790|00080|UDFC0080|50|EA|4850|KRW|242500|20171031|1300|
C|005186|2017|50003789810023|001|4300008790|00090|UAGC0100|1|EA|65490|KRW|65490|20171031|1300|
C|005186|2017|50003789810024|001|4300008790|00100|UAJC0011|1|EA|45740|KRW|45740|20171031|1300|
C|005186|2017|50003789810025|001|4300008791|00010|UAJC0010|2|EA|45740|KRW|91480|20171031|1300|
C|005186|2017|50003789810026|001|4300008791|00020|UDFC0121|1|EA|67900|KRW|67900|20171031|1300|
C|005186|2017|50003789810027|001|4300008791|00030|UAGC0102|10|EA|9090|KRW|90900|20171031|1300|
C|005186|2017|50003789810028|001|4300008791|00040|UAGC0480|1|EA|506000|KRW|506000|20171031|1300|
C|005186|2017|50003789810029|001|4300008791|00050|UAGC0101|10|EA|5510|KRW|55100|20171031|1300|
C|005186|2017|50003789810030|001|4300008791|00060|UAGC0112|10|EA|690|KRW|6900|20171031|1300|
C|005186|2017|50003789810031|001|4300008792|00010|UAGC0107|10|EA|640|KRW|6400|20171031|1300|
C|005186|2017|50003789810032|001|4300008792|00020|UAGC0056|10|EA|770|KRW|7700|20171031|1300|
C|005186|2017|50003789810033|001|4300008792|00030|UAGC0108|10|EA|890|KRW|8900|20171031|1300|
C|005186|2017|50003789810034|001|4300008792|00040|UAGC0278|10|EA|2050|KRW|20500|20171031|1300|
C|005186|2017|50003789810035|001|4300008792|00050|UAGC0121|10|EA|1400|KRW|14000|20171031|1300|
C|005186|2017|50003789810036|001|4300008792|00060|UAGC0285|10|EA|2440|KRW|24400|20171031|1300|
C|005186|2017|50003789810037|001|4300008792|00070|UAGC0122|10|EA|1530|KRW|15300|20171031|1300|
C|005186|2017|50003789810038|001|4300008792|00080|UAGC0123|10|EA|1530|KRW|15300|20171031|1300|
C|005186|2017|50003789810039|001|4300008792|00090|UAGC0109|10|EA|1638|KRW|16380|20171031|1300|
C|005186|2017|50003789810040|001|4300008792|00100|UAGC0432|10|EA|1940|KRW|19400|20171031|1300|
C|005186|2017|50003789810041|001|4300008792|00110|UAGC0292|10|EA|3780|KRW|37800|20171031|1300|
C|005186|2017|50003789810042|001|4300008792|00120|UAGC0125|10|EA|1840|KRW|18400|20171031|1300|
C|005186|2017|50003789810043|001|4300008792|00130|UAGC0296|10|EA|4780|KRW|47800|20171031|1300|
C|005186|2017|50003789810044|001|4300008792|00140|UAGC0297|10|EA|5200|KRW|52000|20171031|1300|
C|005186|2017|50003789810045|001|4300008792|00150|UAGC0302|10|EA|5880|KRW|58800|20171031|1300|
C|005186|2017|50003789810046|001|4300008792|00160|UAGC0128|10|EA|3280|KRW|32800|20171031|1300|
C|005186|2017|50003789810047|001|4300008792|00170|UAGC0305|10|EA|6580|KRW|65800|20171031|1300|
C|005186|2017|50003789830001|001|4300008764|00070|UAEC0234|2|EA|61580|KRW|123160|20171031|1300|
C|005186|2017|50003789830002|001|4300008790|00020|UAGC0064|1|EA|112630|KRW|112630|20171031|1300|
C|005186|2017|50003789830003|001|4300008790|00030|UEBC0024|2|EA|68240|KRW|136480|20171031|1300|
C|005186|2017|50003789830004|001|4300008790|00040|UDAC0007|30|EA|1380|KRW|41400|20171031|1300|
C|005186|2017|50003789830005|001|4300008790|00050|UEAC0029|1|EA|237830|KRW|237830|20171031|1300|
C|005186|2017|50003789830006|001|4300008791|00070|UDAC0053|5|EA|196350|KRW|981750|20171031|1300|
C|005186|2017|50003789850001|001|4300008678|00050|UDEC0014|1|EA|58440|KRW|58440|20171031|1300|
C|005186|2017|50003789850002|001|4300008783|00040|UEBC0637|6|EA|7400|KRW|44400|20171031|1300|
C|005186|2017|50003789850003|001|4300008790|00010|UEAC0158|1|EA|440000|KRW|440000|20171031|1300|
C|005186|2017|50003789850004|001|4300008790|00060|UEAC0034|1|EA|397950|KRW|397950|20171031|1300|
C|005186|2017|50003789850005|001|4300008797|00020|UDFC0166|5|EA|40200|KRW|201000|20171031|1300|
C|005186|2017|50003789860001|001|4300008786|00020|UHGC0237|2|EA|561000|KRW|1122000|20171031|1300|
C|005186|2017|50003789860002|001|4300008788|00010|UHHC0029|200|M|7298|KRW|1459600|20171031|1300|
C|005186|2017|50003789860003|001|4300008789|00010|UHGC0129|2|EA|612680|KRW|1225360|20171031|1300|
C|005186|2017|50003789870001|001|4300008805|00080|CMF0005|6|EA|18700|KRW|112200|20171031|1300|
C|005186|2017|50003789870002|001|4300008806|00130|CMF0005|8|EA|18700|KRW|149600|20171031|1300|
C|005186|2017|50003789870003|001|4300008807|00070|CMF0005|2|EA|18700|KRW|37400|20171031|1300|
C|005186|2017|50003789870004|001|4300008808|00140|CMF0005|2|EA|18700|KRW|37400|20171031|1300|
C|005186|2017|50003789870005|001|4300008809|00080|CMF0005|6|EA|18700|KRW|112200|20171031|1300|
C|005186|2017|50003789870006|001|4300008813|00130|CMF0005|10|EA|18700|KRW|187000|20171031|1300|
C|005186|2017|50003789870007|001|4300008818|00060|CMF0005|3|EA|18700|KRW|56100|20171031|1300|
C|005186|2017|50003789870008|001|4300008819|00060|CMF0005|3|EA|18700|KRW|56100|20171031|1300|
C|005186|2017|50003789870009|001|4300008820|00060|CMF0005|1|EA|18700|KRW|18700|20171031|1300|
C|005186|2017|50003789880001|001|4300008805|00010|CMA0001|400|EA|151|KRW|60400|20171031|1300|
C|005186|2017|50003789880002|001|4300008805|00020|CMA0002|20|EA|1440|KRW|28800|20171031|1300|
C|005186|2017|50003789880003|001|4300008805|00030|CMA0007|100|EA|151|KRW|15100|20171031|1300|
C|005186|2017|50003789880004|001|4300008805|00070|CMF0004|5|EA|17000|KRW|85000|20171031|1300|
C|005186|2017|50003789890001|001|4300008818|00010|CMA0001|600|EA|151|KRW|90600|20171031|1300|
C|005186|2017|50003789890002|001|4300008818|00020|CMA0007|50|EA|151|KRW|7550|20171031|1300|
C|005186|2017|50003789890003|001|4300008818|00030|CMA0017|10|EA|770|KRW|7700|20171031|1300|
C|005186|2017|50003789890004|001|4300008818|00050|CME0013|2|EA|11880|KRW|23760|20171031|1300|
C|005186|2017|50003789900001|001|4300008814|00010|CMA0007|200|EA|151|KRW|30200|20171031|1300|
C|005186|2017|50003789900002|001|4300008814|00020|CMH0006|50|EA|460|KRW|23000|20171031|1300|
C|005186|2017|50003789910001|001|4300008811|00010|CMA0001|400|EA|151|KRW|60400|20171031|1300|
C|005186|2017|50003789910002|001|4300008811|00020|CMA0007|200|EA|151|KRW|30200|20171031|1300|
C|005186|2017|50003789910003|001|4300008811|00030|CMA0008|250|EA|470|KRW|117500|20171031|1300|
C|005186|2017|50003789910004|001|4300008811|00040|CMB0001|200|EA|520|KRW|104000|20171031|1300|
C|005186|2017|50003789910005|001|4300008811|00050|CMB0003|100|EA|2200|KRW|220000|20171031|1300|
C|005186|2017|50003789910006|001|4300008811|00070|CMC0005|200|EA|150|KRW|30000|20171031|1300|
C|005186|2017|50003789920001|001|4300008810|00010|CMA0001|200|EA|151|KRW|30200|20171031|1300|
C|005186|2017|50003789920002|001|4300008810|00020|CMA0007|200|EA|151|KRW|30200|20171031|1300|
C|005186|2017|50003789920003|001|4300008810|00030|CMA0008|100|EA|470|KRW|47000|20171031|1300|
C|005186|2017|50003789920004|001|4300008810|00060|CMB0001|240|EA|520|KRW|124800|20171031|1300|
C|005186|2017|50003789930001|001|4300008809|00010|CMA0001|250|EA|151|KRW|37750|20171031|1300|
C|005186|2017|50003789930002|001|4300008809|00020|CMA0007|300|EA|151|KRW|45300|20171031|1300|
C|005186|2017|50003789930003|001|4300008809|00040|CMB0002|100|EA|2100|KRW|210000|20171031|1300|
C|005186|2017|50003789930004|001|4300008809|00050|CMC0005|30|EA|150|KRW|4500|20171031|1300|
C|005186|2017|50003789930005|001|4300008809|00130|CMZ0004|10|EA|220|KRW|2200|20171031|1300|
C|005186|2017|50003789930006|001|4300008809|00140|CMZ0005|10|EA|810|KRW|8100|20171031|1300|
C|005186|2017|50003789940001|001|4300008806|00010|CMA0001|500|EA|151|KRW|75500|20171031|1300|
C|005186|2017|50003789940002|001|4300008806|00020|CMA0007|400|EA|151|KRW|60400|20171031|1300|
C|005186|2017|50003789940003|001|4300008806|00030|CMA0008|100|EA|470|KRW|47000|20171031|1300|
C|005186|2017|50003789940004|001|4300008806|00060|CMC0003|100|EA|310|KRW|31000|20171031|1300|
C|005186|2017|50003789940005|001|4300008806|00090|CME0002|20|EA|1100|KRW|22000|20171031|1300|
C|005186|2017|50003789940006|001|4300008806|00100|CME0005|10|EA|2600|KRW|26000|20171031|1300|
C|005186|2017|50003789940007|001|4300008806|00120|CMF0004|4|EA|17000|KRW|68000|20171031|1300|
C|005186|2017|50003789940008|001|4300008806|00140|CMF0008|10|EA|1620|KRW|16200|20171031|1300|
C|005186|2017|50003789940009|001|4300008806|00170|CMZ0002|30|EA|400|KRW|12000|20171031|1300|
C|005186|2017|50003789950001|001|4300008837|00010|CMA0001|700|EA|151|KRW|105700|20171031|1300|
C|005186|2017|50003789950002|001|4300008837|00020|CMA0007|500|EA|151|KRW|75500|20171031|1300|
C|005186|2017|50003789950003|001|4300008837|00030|CMA0008|100|EA|470|KRW|47000|20171031|1300|
C|005186|2017|50003789950004|001|4300008837|00050|CMB0001|200|EA|520|KRW|104000|20171031|1300|
C|005186|2017|50003789950005|001|4300008837|00070|CMC0005|400|EA|150|KRW|60000|20171031|1300|
C|005186|2017|50003789950006|001|4300008837|00090|CMF0004|3|EA|17000|KRW|51000|20171031|1300|
C|005186|2017|50003789960001|001|4300008816|00010|CMA0001|60|EA|151|KRW|9060|20171031|1300|
C|005186|2017|50003789960002|001|4300008816|00020|CMF0008|5|EA|1620|KRW|8100|20171031|1300|
C|005186|2017|50003789960003|001|4300008816|00030|CMA0007|80|EA|151|KRW|12080|20171031|1300|
C|005186|2017|50003789960004|001|4300008816|00040|CMA0008|20|EA|470|KRW|9400|20171031|1300|
C|005186|2017|50003789960005|001|4300008816|00050|CMB0001|40|EA|520|KRW|20800|20171031|1300|
C|005186|2017|50003789980001|001|4300008812|00010|CMA0001|80|EA|151|KRW|12080|20171031|1300|
C|005186|2017|50003789980002|001|4300008812|00020|CMA0007|80|EA|151|KRW|12080|20171031|1300|
C|005186|2017|50003789980003|001|4300008812|00030|CMA0008|40|EA|470|KRW|18800|20171031|1300|
C|005186|2017|50003789980004|001|4300008812|00050|CMA0017|10|EA|770|KRW|7700|20171031|1300|
C|005186|2017|50003789980005|001|4300008812|00080|CMZ0005|20|EA|810|KRW|16200|20171031|1300|
C|005186|2017|50003789980006|001|4300008812|00100|CMZ0015|1|EA|11800|KRW|11800|20171031|1300|
