C|005186|2017|50003893810001|001|4300009200|00010|KH990100|4|EA|27220|KRW|108880|20171215|1300|
C|005186|2017|50003893810002|001|4300009200|00030|KP150400|100|EA|170|KRW|17000|20171215|1300|
C|005186|2017|50003893810003|001|4300009200|00040|KS990007|2|EA|51450|KRW|102900|20171215|1300|
C|005186|2017|50003893810004|001|4300009200|00050|KT020004|2|EA|5600|KRW|11200|20171215|1300|
C|005186|2017|50003893810005|001|4300009200|00060|KT020005|4|EA|5640|KRW|22560|20171215|1300|
C|005186|2017|50003893810006|001|4300009200|00070|KT020006|2|EA|6250|KRW|12500|20171215|1300|
C|005186|2017|50003893810007|001|4300009200|00080|KT020007|3|EA|6860|KRW|20580|20171215|1300|
C|005186|2017|50003893810008|001|4300009200|00090|KT020010|2|EA|10190|KRW|20380|20171215|1300|
C|005186|2017|50003893810009|001|4300009200|00100|KT020012|2|EA|13110|KRW|26220|20171215|1300|
C|005186|2017|50003893810010|001|4300009200|00110|KT020015|2|EA|15720|KRW|31440|20171215|1300|
C|005186|2017|50003893810011|001|4300009200|00120|KT020017|1|EA|18730|KRW|18730|20171215|1300|
C|005186|2017|50003893810012|001|4300009200|00130|KT020500|30|EA|3110|KRW|93300|20171215|1300|
C|005186|2017|50003893810013|001|4300009200|00140|KT080110|2|EA|25440|KRW|50880|20171215|1300|
C|005186|2017|50003893810014|001|4300009200|00150|KT080360|1|EA|5250|KRW|5250|20171215|1300|
C|005186|2017|50003893810015|001|4300009200|00160|KT080500|4|EA|26500|KRW|106000|20171215|1300|
C|005186|2017|50003893810016|001|4300009200|00170|KT990001|110|EA|510|KRW|56100|20171215|1300|
C|005186|2017|50003893810017|001|4300009200|00180|KT990010|140|EA|370|KRW|51800|20171215|1300|
C|005186|2017|50003893820001|001|4300009198|00010|UAGC0441|10|EA|8020|KRW|80200|20171215|1300|
C|005186|2017|50003893820002|001|4300009198|00060|UAEC0049|1|EA|9900|KRW|9900|20171215|1300|
C|005186|2017|50003893820003|001|4300009198|00100|UAGC0055|10|EA|730|KRW|7300|20171215|1300|
C|005186|2017|50003893820004|001|4300009198|00120|UAGC0445|2|EA|24200|KRW|48400|20171215|1300|
C|005186|2017|50003893820005|001|4300009198|00130|UAGC0394|2|EA|19850|KRW|39700|20171215|1300|
C|005186|2017|50003893820006|001|4300009198|00140|UAGC0462|2|EA|22300|KRW|44600|20171215|1300|
C|005186|2017|50003893820007|001|4300009198|00150|UAGC0395|2|EA|22150|KRW|44300|20171215|1300|
C|005186|2017|50003893820008|001|4300009204|00020|UAJC0090|2|EA|65210|KRW|130420|20171215|1300|
C|005186|2017|50003893820009|001|4300009211|00030|UAGC0484|1|EA|55500|KRW|55500|20171215|1300|
C|005186|2017|50003893820010|001|4300009211|00040|UAGC0485|1|EA|55500|KRW|55500|20171215|1300|
C|005186|2017|50003893820011|001|4300009211|00060|UABC0036|100|EA|2470|KRW|247000|20171215|1300|
C|005186|2017|50003893820012|001|4300009211|00070|UABC0039|100|EA|1950|KRW|195000|20171215|1300|
C|005186|2017|50003893830001|001|4300009198|00080|UAGC0087|10|EA|1020|KRW|10200|20171215|1300|
C|005186|2017|50003893830002|001|4300009203|00040|UAGC0061|2|EA|50930|KRW|101860|20171215|1300|
C|005186|2017|50003893830003|001|4300009203|00050|UAGC0062|1|EA|80330|KRW|80330|20171215|1300|
C|005186|2017|50003893830004|001|4300009204|00010|UAJC0027|10|EA|4450|KRW|44500|20171215|1300|
C|005186|2017|50003893830005|001|4300009204|00060|UAGC0437|3|EA|18520|KRW|55560|20171215|1300|
C|005186|2017|50003893840001|001|4300009189|00010|UAHC0047|100|EA|7680|KRW|768000|20171215|1300|
C|005186|2017|50003893840002|001|4300009189|00020|UAGC0468|5|EA|6090|KRW|30450|20171215|1300|
C|005186|2017|50003893840003|001|4300009190|00020|UAGC0526|7|EA|51650|KRW|361550|20171215|1300|
C|005186|2017|50003893840004|001|4300009191|00020|UAGC0525|20|EA|9600|KRW|192000|20171215|1300|
C|005186|2017|50003893840005|001|4300009192|00020|UAGC0091|1|EA|8890|KRW|8890|20171215|1300|
C|005186|2017|50003893850001|001|4300009192|00040|UKDC0003|10|EA|70560|KRW|705600|20171215|1300|
C|005186|2017|50003893860001|001|4300009097|00020|UHGC0294|5|EA|96460|KRW|482300|20171215|1300|
C|005186|2017|50003893860002|001|4300009144|00020|UHNC0115|1|EA|34650|KRW|34650|20171215|1300|
C|005186|2017|50003893860003|001|4300009144|00030|UHNC0102|4|EA|18900|KRW|75600|20171215|1300|
C|005186|2017|50003893860004|001|4300009145|00010|UHNC0032|1|EA|293000|KRW|293000|20171215|1300|
C|005186|2017|50003893860005|001|4300009146|00020|UHTC0035|1|EA|60900|KRW|60900|20171215|1300|
C|005186|2017|50003893860006|001|4300009195|00010|UHTC0811|1|EA|65190|KRW|65190|20171215|1300|
C|005186|2017|50003893860007|001|4300009195|00020|UHEC0003|1|EA|133000|KRW|133000|20171215|1300|
C|005186|2017|50003893860008|001|4300009195|00030|UHEC0004|1|EA|186500|KRW|186500|20171215|1300|
C|005186|2017|50003893860009|001|4300009195|00040|UHGC0337|1|EA|233000|KRW|233000|20171215|1300|
C|005186|2017|50003893860010|001|4300009195|00050|UHGC0189|5|EA|31500|KRW|157500|20171215|1300|
C|005186|2017|50003893860011|001|4300009196|00020|UHTC0137|2|EA|52900|KRW|105800|20171215|1300|
C|005186|2017|50003893860012|001|4300009197|00010|UHGC0134|2|EA|756000|KRW|1512000|20171215|1300|
C|005186|2017|50003893870001|001|4300009199|00010|KE030011|3|EA|8190|KRW|24570|20171215|1300|
C|005186|2017|50003893870002|001|4300009199|00020|KE030200|1|EA|15230|KRW|15230|20171215|1300|
C|005186|2017|50003893870003|001|4300009199|00030|KE030205|5|EA|31290|KRW|156450|20171215|1300|
C|005186|2017|50003893870004|001|4300009199|00040|KE030206|1|EA|16380|KRW|16380|20171215|1300|
C|005186|2017|50003893870005|001|4300009199|00050|KE030207|1|EA|41900|KRW|41900|20171215|1300|
C|005186|2017|50003893870006|001|4300009199|00060|KE030208|1|EA|57230|KRW|57230|20171215|1300|
C|005186|2017|50003893870007|001|4300009199|00070|KE030209|1|EA|74450|KRW|74450|20171215|1300|
C|005186|2017|50003893870008|001|4300009199|00080|KE050003|8|EA|1400|KRW|11200|20171215|1300|
C|005186|2017|50003893870009|001|4300009199|00090|KE050004|7|EA|1400|KRW|9800|20171215|1300|
C|005186|2017|50003893870010|001|4300009199|00100|KE050201|2|EA|8460|KRW|16920|20171215|1300|
C|005186|2017|50003893870011|001|4300009199|00110|KE050304|13|EA|2600|KRW|33800|20171215|1300|
C|005186|2017|50003893870012|001|4300009199|00120|KE050700|7|EA|2200|KRW|15400|20171215|1300|
C|005186|2017|50003893870013|001|4300009199|00130|KE050701|14|EA|2630|KRW|36820|20171215|1300|
C|005186|2017|50003893870014|001|4300009199|00150|KE090106|9|EA|15370|KRW|138330|20171215|1300|
C|005186|2017|50003893870015|001|4300009199|00160|KE090112|6|EA|16800|KRW|100800|20171215|1300|
C|005186|2017|50003893870016|001|4300009199|00170|KE090116|1|EA|28040|KRW|28040|20171215|1300|
C|005186|2017|50003893870017|001|4300009199|00180|KE090127|1|EA|34000|KRW|34000|20171215|1300|
C|005186|2017|50003893870018|001|4300009199|00190|KE190003|3|EA|29300|KRW|87900|20171215|1300|
C|005186|2017|50003893870019|001|4300009199|00200|KE200113|1|EA|130000|KRW|130000|20171215|1300|
C|005186|2017|50003893870020|001|4300009199|00210|KE210001|1|EA|53030|KRW|53030|20171215|1300|
C|005186|2017|50003893870021|001|4300009199|00220|KE230002|20|EA|950|KRW|19000|20171215|1300|
C|005186|2017|50003893870022|001|4300009199|00230|KE230003|175|EA|1870|KRW|327250|20171215|1300|
C|005186|2017|50003893870023|001|4300009199|00240|KE231001|12|EA|16150|KRW|193800|20171215|1300|
C|005186|2017|50003893870024|001|4300009199|00250|KE231300|2|EA|19030|KRW|38060|20171215|1300|
C|005186|2017|50003893870025|001|4300009199|00260|KE231403|6|EA|1840|KRW|11040|20171215|1300|
C|005186|2017|50003893870026|001|4300009199|00270|KE231406|4|EA|7140|KRW|28560|20171215|1300|
C|005186|2017|50003893870027|001|4300009199|00280|KE281401|21|EA|840|KRW|17640|20171215|1300|
C|005186|2017|50003893880001|001|4300009200|00190|KS061502|5|EA|2970|KRW|14850|20171215|1300|
C|005186|2017|50003893880002|001|4300009200|00200|KS061503|9|EA|3150|KRW|28350|20171215|1300|
C|005186|2017|50003893880003|001|4300009200|00210|KS061508|2|EA|10510|KRW|21020|20171215|1300|
C|005186|2017|50003893880004|001|4300009200|00220|KS066900|2|EA|1290|KRW|2580|20171215|1300|
C|005186|2017|50003893880005|001|4300009200|00230|KS066901|5|EA|1290|KRW|6450|20171215|1300|
C|005186|2017|50003893880006|001|4300009200|00240|KS066902|3|EA|1540|KRW|4620|20171215|1300|
C|005186|2017|50003893880007|001|4300009200|00250|KS067003|2|EA|1550|KRW|3100|20171215|1300|
C|005186|2017|50003893880008|001|4300009200|00260|KS067006|3|EA|3120|KRW|9360|20171215|1300|
C|005186|2017|50003893880009|001|4300009200|00270|KS067208|4|EA|7940|KRW|31760|20171215|1300|
C|005186|2017|50003893880010|001|4300009200|00280|KS067404|4|EA|3930|KRW|15720|20171215|1300|
C|005186|2017|50003893880011|001|4300009200|00290|KS080702|1|EA|19850|KRW|19850|20171215|1300|
C|005186|2017|50003893880012|001|4300009200|00300|KS080705|3|EA|18500|KRW|55500|20171215|1300|
C|005186|2017|50003893880013|001|4300009200|00310|KS080709|2|EA|24700|KRW|49400|20171215|1300|
C|005186|2017|50003893880014|001|4300009200|00320|KS080711|2|EA|32300|KRW|64600|20171215|1300|
C|005186|2017|50003893880015|001|4300009200|00330|KS080721|1|EA|71710|KRW|71710|20171215|1300|
C|005186|2017|50003893880016|001|4300009200|00340|KS990008|2|EA|39900|KRW|79800|20171215|1300|
C|005186|2017|50003893890001|001|4300009198|00020|UEBC1030|4|EA|68100|KRW|272400|20171215|1300|
C|005186|2017|50003893890002|001|4300009198|00030|UCKC0090|2|EA|125800|KRW|251600|20171215|1300|
C|005186|2017|50003893890003|001|4300009198|00040|UDAC0111|30|EA|320|KRW|9600|20171215|1300|
C|005186|2017|50003893890004|001|4300009198|00070|UEBC1279|4|EA|146000|KRW|584000|20171215|1300|
C|005186|2017|50003893890005|001|4300009198|00090|UEBC1177|4|EA|44500|KRW|178000|20171215|1300|
C|005186|2017|50003893890006|001|4300009202|00010|UEBC0334|10|EA|4420|KRW|44200|20171215|1300|
C|005186|2017|50003893890007|001|4300009202|00020|UEBC0368|10|EA|2050|KRW|20500|20171215|1300|
C|005186|2017|50003893890008|001|4300009202|00030|UEBC1166|10|EA|104000|KRW|1040000|20171215|1300|
C|005186|2017|50003893890009|001|4300009203|00010|UEBC1338|2|EA|88820|KRW|177640|20171215|1300|
C|005186|2017|50003893890010|001|4300009203|00060|UEBC0722|1|EA|15000|KRW|15000|20171215|1300|
C|005186|2017|50003893890011|001|4300009203|00120|UEBC0030|10|EA|12130|KRW|121300|20171215|1300|
C|005186|2017|50003893890012|001|4300009203|00130|UDAC0159|80|EA|1580|KRW|126400|20171215|1300|
C|005186|2017|50003893890013|001|4300009204|00030|UEBC0268|2|EA|91350|KRW|182700|20171215|1300|
C|005186|2017|50003893890014|001|4300009204|00040|UEBC0218|2|EA|505270|KRW|1010540|20171215|1300|
C|005186|2017|50003893890015|001|4300009204|00050|UEBC0352|2|EA|86100|KRW|172200|20171215|1300|
C|005186|2017|50003893890016|001|4300009205|00020|UEBC0706|1|EA|10630|KRW|10630|20171215|1300|
C|005186|2017|50003893890017|001|4300009206|00030|UEBC1008|10|EA|11550|KRW|115500|20171215|1300|
C|005186|2017|50003893890018|001|4300009206|00040|UEBC0010|4|EA|89570|KRW|358280|20171215|1300|
C|005186|2017|50003893890019|001|4300009211|00110|UEBC1210|4|EA|146500|KRW|586000|20171215|1300|
C|005186|2017|50003893890020|001|4300009212|00010|UEBC0010|4|EA|89570|KRW|358280|20171215|1300|
C|005186|2017|50003893890021|001|4300009212|00030|UEBC0542|10|EA|60900|KRW|609000|20171215|1300|
C|005186|2017|50003893890022|001|4300009212|00040|UDAC0253|30|EA|1270|KRW|38100|20171215|1300|
C|005186|2017|50003893900001|001|4300009070|00010|UIDC0157|10|EA|199500|KRW|1995000|20171215|1300|
C|005186|2017|50003893900002|001|4300009198|00110|UDDC0246|1|EA|83790|KRW|83790|20171215|1300|
C|005186|2017|50003893900003|001|4300009207|00020|UFGC0058|20|EA|4000|KRW|80000|20171215|1300|
C|005186|2017|50003893900004|001|4300009212|00020|UDDC0260|1|EA|143330|KRW|143330|20171215|1300|
C|005186|2017|50003893910001|001|4300009189|00080|UDAC0378|1|EA|48760|KRW|48760|20171215|1300|
C|005186|2017|50003893910002|001|4300009209|00010|UEBC1410|6|EA|127200|KRW|763200|20171215|1300|
C|005186|2017|50003893910003|001|4300009209|00020|UEBC1411|2|EA|95400|KRW|190800|20171215|1300|
C|005186|2017|50003893910004|001|4300009213|00010|UDAC0282|150|EA|420|KRW|63000|20171215|1300|
