C|005186|2018|50004281290001|001|4300010669|00120|CME0005|24|EA|2600|KRW|62400|20180629|1300|
C|005186|2018|50004283090001|001|4300010758|00010|UCKC0037|100|EA|1405000|KRW|1405000|20180629|1300|
C|005186|2018|50004283090002|001|4300010763|00020|UHFC0441|40|EA|16430|KRW|657200|20180629|1300|
C|005186|2018|50004283090003|001|4300010776|00010|UHDC0136|300|EA|99000|KRW|297000|20180629|1300|
C|005186|2018|50004283090004|001|4300010776|00020|UHDC0137|300|EA|98700|KRW|296100|20180629|1300|
C|005186|2018|50004283090005|001|4300010776|00030|UHFC0182|1|EA|62000|KRW|62000|20180629|1300|
C|005186|2018|50004283090006|001|4300010776|00040|UHFC0183|1|EA|103000|KRW|103000|20180629|1300|
C|005186|2018|50004283110001|001|4300010762|00030|UHGC0291|5|EA|118500|KRW|118500|20180629|1300|
C|005186|2018|50004283110002|001|4300010762|00040|UHGC0050|5|EA|110250|KRW|110250|20180629|1300|
C|005186|2018|50004283110003|001|4300010762|00070|UHFC0223|10|EA|239600|KRW|239600|20180629|1300|
C|005186|2018|50004283110004|001|4300010762|00080|UHGC0053|5|EA|114700|KRW|114700|20180629|1300|
C|005186|2018|50004283110005|001|4300010762|00090|UHCC0034|10|EA|271600|KRW|271600|20180629|1300|
C|005186|2018|50004283110006|001|4300010763|00010|UHTC0179|10|EA|1050|KRW|10500|20180629|1300|
C|005186|2018|50004283110007|001|4300010763|00030|UHGC0077|10|EA|54810|KRW|548100|20180629|1300|
C|005186|2018|50004283110008|001|4300010763|00040|UHGC0076|10|EA|54900|KRW|549000|20180629|1300|
C|005186|2018|50004283110009|001|4300010764|00010|UHCC0022|1|EA|498000|KRW|498000|20180629|1300|
C|005186|2018|50004283110010|001|4300010764|00020|UHCC0023|2|EA|394800|KRW|789600|20180629|1300|
C|005186|2018|50004283110011|001|4300010764|00030|UHGC0012|3|EA|66150|KRW|198450|20180629|1300|
C|005186|2018|50004283110012|001|4300010764|00040|UHFC0022|5|EA|438400|KRW|438400|20180629|1300|
C|005186|2018|50004283110013|001|4300010765|00010|UHCC0024|2|EA|493680|KRW|987360|20180629|1300|
C|005186|2018|50004283110014|001|4300010765|00020|UHGC0033|2|EA|14200|KRW|28400|20180629|1300|
C|005186|2018|50004283110015|001|4300010765|00030|UHFC0112|1|EA|695310|KRW|695310|20180629|1300|
C|005186|2018|50004283110016|001|4300010766|00010|UHGC0134|2|EA|756000|KRW|1512000|20180629|1300|
C|005186|2018|50004283110017|001|4300010778|00010|UHGC0337|3|EA|233000|KRW|699000|20180629|1300|
C|005186|2018|50004283110018|001|4300010778|00020|UHFC0232|5|EA|9790|KRW|48950|20180629|1300|
C|005186|2018|50004283110019|001|4300010778|00030|UHFC0345|50|EA|63500|KRW|63500|20180629|1300|
C|005186|2018|50004283110020|001|4300010778|00040|UHTC0118|20|EA|393000|KRW|393000|20180629|1300|
C|005186|2018|50004283110021|001|4300010779|00010|UHTC0156|16|EA|102900|KRW|1646400|20180629|1300|
C|005186|2018|50004283140001|001|4300010760|00030|UGCC1031|24|EA|15370|KRW|368880|20180629|1300|
C|005186|2018|50004283140002|001|4300010762|00060|UHFC0208|10|EA|10500|KRW|105000|20180629|1300|
C|005186|2018|50004283140003|001|4300010777|00060|UIDC0086|1|EA|140000|KRW|140000|20180629|1300|
C|005186|2018|50004283180001|001|4300010498|00010|UEAC1126|1|EA|879000|KRW|879000|20180629|1300|
C|005186|2018|50004283180002|001|4300010502|00010|UEAC1127|1|EA|1370000|KRW|1370000|20180629|1300|
C|005186|2018|50004283180003|001|4300010785|00010|UICC0031|1|EA|14210|KRW|14210|20180629|1300|
C|005186|2018|50004283180004|001|4300010790|00010|UJBC0040|2|EA|75600|KRW|151200|20180629|1300|
