C|005186|2020|50005847340001|001|4300017757|00010|UEAC1175|2|EA|386900|KRW|773800|20200827|1300|
C|005186|2020|50005847340002|001|4300017757|00020|UDBC1153|400|EA|4600|KRW|18400|20200827|1300|
C|005186|2020|50005847340003|001|4300017757|00030|UDBC1154|400|EA|4700|KRW|18800|20200827|1300|
C|005186|2020|50005847340004|001|4300017757|00040|UDBC1155|400|EA|4000|KRW|16000|20200827|1300|
C|005186|2020|50005847340005|001|4300017757|00090|UGBC1812|20|EA|3130|KRW|62600|20200827|1300|
C|005186|2020|50005847340006|001|4300017758|00050|UDAC0441|20|EA|7420|KRW|148400|20200827|1300|
C|005186|2020|50005847340007|001|4300017763|00150|UDBC1158|20|EA|5200|KRW|10400|20200827|1300|
C|005186|2020|50005847340008|001|4300017765|00030|UDDC3913|1|EA|9980|KRW|9980|20200827|1300|
C|005186|2020|50005847340009|001|4300017765|00040|UGBC1826|1|EA|703500|KRW|703500|20200827|1300|
C|005186|2020|50005847340010|001|4300017767|00020|UDBC0973|100|EA|1500|KRW|1500|20200827|1300|
C|005186|2020|50005847340011|001|4300017767|00040|UDBC0609|50|EA|1640|KRW|8200|20200827|1300|
C|005186|2020|50005847340012|001|4300017768|00020|UDEC0010|1|EA|247170|KRW|247170|20200827|1300|
C|005186|2020|50005847350001|001|4300017733|00060|UGCC0950|2|EA|45900|KRW|91800|20200827|1300|
C|005186|2020|50005847350002|001|4300017733|00070|UGCC1217|3|EA|98600|KRW|295800|20200827|1300|
C|005186|2020|50005847350003|001|4300017733|00080|UGCC0931|4|EA|44550|KRW|178200|20200827|1300|
C|005186|2020|50005847350004|001|4300017753|00010|UGBC1815|20|EA|25410|KRW|508200|20200827|1300|
C|005186|2020|50005847350005|001|4300017753|00020|UZZC0196|50|EA|47300|KRW|236500|20200827|1300|
C|005186|2020|50005847360001|001|4300017733|00040|UKBC0035|2|EA|62910|KRW|125820|20200827|1300|
C|005186|2020|50005847360002|001|4300017754|00070|UKGC0008|7|EA|2940|KRW|20580|20200827|1300|
C|005186|2020|50005847360003|001|4300017756|00020|UGAC0053|2|EA|69880|KRW|139760|20200827|1300|
C|005186|2020|50005847360004|001|4300017756|00040|UHHC0146|2|EA|131250|KRW|262500|20200827|1300|
C|005186|2020|50005847360005|001|4300017769|00020|UHTC0833|10|EA|79690|KRW|796900|20200827|1300|
C|005186|2020|50005847370001|001|4300017732|00010|UGBC1804|4|EA|336000|KRW|1344000|20200827|1300|
C|005186|2020|50005847370002|001|4300017733|00020|UGCC0140|5|EA|57750|KRW|288750|20200827|1300|
C|005186|2020|50005847370003|001|4300017733|00030|UGBC0913|5|EA|36225|KRW|181125|20200827|1300|
C|005186|2020|50005847370004|001|4300017757|00060|UGCC1769|10|EA|10700|KRW|107000|20200827|1300|
C|005186|2020|50005847370005|001|4300017758|00020|UGBC1813|5|EA|157500|KRW|787500|20200827|1300|
C|005186|2020|50005847370006|001|4300017763|00140|UGCC1775|2|EA|33000|KRW|66000|20200827|1300|
C|005186|2020|50005847370007|001|4300017764|00010|UGCC1776|2|EA|491400|KRW|982800|20200827|1300|
C|005186|2020|50005847370008|001|4300017764|00020|UGCC1777|2|EA|28890|KRW|57780|20200827|1300|
C|005186|2020|50005847370009|001|4300017766|00030|UGCC1778|2|EA|294000|KRW|588000|20200827|1300|
C|005186|2020|50005847380001|001|4300017660|00010|UHGC0042|5|EA|94500|KRW|94500|20200827|1300|
C|005186|2020|50005847380002|001|4300017660|00020|UHGC0051|5|EA|132850|KRW|132850|20200827|1300|
C|005186|2020|50005847380003|001|4300017660|00030|UHGC0323|10|EA|122500|KRW|245000|20200827|1300|
C|005186|2020|50005847380004|001|4300017660|00040|UHNC0113|1|EA|772800|KRW|772800|20200827|1300|
C|005186|2020|50005847380005|001|4300017660|00050|UHFC0356|5|EA|50400|KRW|252000|20200827|1300|
C|005186|2020|50005847380006|001|4300017660|00060|UHGC0269|1|EA|416850|KRW|416850|20200827|1300|
C|005186|2020|50005847380007|001|4300017661|00010|UGAC0006|20|EA|600600|KRW|600600|20200827|1300|
C|005186|2020|50005847380008|001|4300017661|00020|UHGC0092|2|EA|500000|KRW|1000000|20200827|1300|
C|005186|2020|50005847380009|001|4300017666|00010|UHHC0138|2|EA|80850|KRW|161700|20200827|1300|
C|005186|2020|50005847380010|001|4300017695|00080|KE270302|3|EA|6900|KRW|20700|20200827|1300|
C|005186|2020|50005847380011|001|4300017756|00050|UCKC0035|15|EA|222600|KRW|667800|20200827|1300|
C|005186|2020|50005847390001|001|4300017694|00010|KE030011|6|EA|8190|KRW|49140|20200827|1300|
C|005186|2020|50005847390002|001|4300017694|00020|KE030200|5|EA|15230|KRW|76150|20200827|1300|
C|005186|2020|50005847390003|001|4300017694|00030|KE050302|11|EA|1160|KRW|12760|20200827|1300|
C|005186|2020|50005847390004|001|4300017694|00040|KE090102|4|EA|15430|KRW|61720|20200827|1300|
C|005186|2020|50005847390005|001|4300017694|00050|KE090106|4|EA|15370|KRW|61480|20200827|1300|
C|005186|2020|50005847390006|001|4300017694|00060|KE090165|1|EA|165900|KRW|165900|20200827|1300|
C|005186|2020|50005847390007|001|4300017694|00070|KE110200|10|EA|65100|KRW|651000|20200827|1300|
C|005186|2020|50005847390008|001|4300017694|00080|KE180203|50|EA|13650|KRW|682500|20200827|1300|
C|005186|2020|50005847390009|001|4300017695|00010|KE190001|1|EA|6300|KRW|6300|20200827|1300|
C|005186|2020|50005847390010|001|4300017695|00020|KE190003|7|EA|29300|KRW|205100|20200827|1300|
C|005186|2020|50005847390011|001|4300017695|00030|KE230003|125|EA|46750|KRW|233750|20200827|1300|
C|005186|2020|50005847390012|001|4300017695|00040|KE231403|4|EA|1840|KRW|7360|20200827|1300|
C|005186|2020|50005847390013|001|4300017695|00050|KE231406|15|EA|7140|KRW|107100|20200827|1300|
C|005186|2020|50005847390014|001|4300017695|00060|KE231503|6|EA|1160|KRW|6960|20200827|1300|
C|005186|2020|50005847390015|001|4300017695|00070|KE270300|80|EA|9400|KRW|37600|20200827|1300|
