C|005186|2015|50001872660001|001|4300003552|00010|CMA0001|600|EA|240|KRW|144000|20150930|1300|
C|005186|2015|50001872660002|001|4300003552|00020|CMA0007|300|EA|270|KRW|81000|20150930|1300|
C|005186|2015|50001872660003|001|4300003552|00030|CMA0008|300|EA|690|KRW|207000|20150930|1300|
C|005186|2015|50001872660004|001|4300003552|00040|CMA0016|100|EA|2840|KRW|284000|20150930|1300|
C|005186|2015|50001872660005|001|4300003552|00050|CMB0001|300|EA|655|KRW|196500|20150930|1300|
C|005186|2015|50001872660006|001|4300003552|00060|CMB0010|300|EA|1100|KRW|330000|20150930|1300|
C|005186|2015|50001872660007|001|4300003552|00070|CMC0005|300|EA|190|KRW|57000|20150930|1300|
C|005186|2015|50001872660008|001|4300003552|00080|CME0010|200|EA|285|KRW|57000|20150930|1300|
C|005186|2015|50001872660009|001|4300003552|00090|CMF0004|2|EA|22050|KRW|44100|20150930|1300|
C|005186|2015|50001872660010|001|4300003552|00100|CMF0021|10|EA|5400|KRW|54000|20150930|1300|
C|005186|2015|50001872660011|001|4300003552|00110|CMZ0004|30|EA|380|KRW|11400|20150930|1300|
C|005186|2015|50001872660012|001|4300003552|00120|CMZ0006|30|EA|1155|KRW|34650|20150930|1300|
C|005186|2015|50001872660013|001|4300003553|00010|CMA0001|150|EA|240|KRW|36000|20150930|1300|
C|005186|2015|50001872660014|001|4300003553|00020|CMA0007|70|EA|270|KRW|18900|20150930|1300|
C|005186|2015|50001872660015|001|4300003553|00030|CMA0008|40|EA|690|KRW|27600|20150930|1300|
C|005186|2015|50001872660016|001|4300003553|00040|CMA0016|10|EA|2840|KRW|28400|20150930|1300|
C|005186|2015|50001872660017|001|4300003553|00050|CMA0017|5|EA|780|KRW|3900|20150930|1300|
C|005186|2015|50001872660018|001|4300003553|00060|CMB0003|50|EA|2420|KRW|121000|20150930|1300|
C|005186|2015|50001872660019|001|4300003553|00080|CME0001|11|EA|4910|KRW|54010|20150930|1300|
C|005186|2015|50001872660020|001|4300003553|00090|CME0006|3|EA|3400|KRW|10200|20150930|1300|
C|005186|2015|50001872660021|001|4300003553|00100|CME0010|10|EA|285|KRW|2850|20150930|1300|
C|005186|2015|50001872660022|001|4300003553|00110|CMF0004|2|EA|22050|KRW|44100|20150930|1300|
C|005186|2015|50001872660023|001|4300003553|00130|CMF0006|20|EA|11970|KRW|239400|20150930|1300|
C|005186|2015|50001872660024|001|4300003553|00140|CMH0007|1|EA|11700|KRW|11700|20150930|1300|
C|005186|2015|50001872660025|001|4300003553|00150|CMZ0004|10|EA|380|KRW|3800|20150930|1300|
C|005186|2015|50001872660026|001|4300003553|00160|CMZ0005|20|EA|750|KRW|15000|20150930|1300|
C|005186|2015|50001872660027|001|4300003553|00170|CMZ0014|1|EA|23300|KRW|23300|20150930|1300|
C|005186|2015|50001872660028|001|4300003554|00010|CMA0001|600|EA|240|KRW|144000|20150930|1300|
C|005186|2015|50001872660029|001|4300003554|00020|CMA0007|200|EA|270|KRW|54000|20150930|1300|
C|005186|2015|50001872660030|001|4300003554|00030|CMA0008|270|EA|690|KRW|186300|20150930|1300|
C|005186|2015|50001872660031|001|4300003554|00040|CMB0001|100|EA|655|KRW|65500|20150930|1300|
C|005186|2015|50001872660032|001|4300003554|00050|CMC0005|300|EA|190|KRW|57000|20150930|1300|
C|005186|2015|50001872660033|001|4300003554|00070|CMF0001|20|EA|1680|KRW|33600|20150930|1300|
C|005186|2015|50001872660034|001|4300003554|00080|CMF0015|20|EA|500|KRW|10000|20150930|1300|
C|005186|2015|50001872660035|001|4300003554|00090|CMG0001|50|EA|1840|KRW|92000|20150930|1300|
C|005186|2015|50001872660036|001|4300003555|00010|CMA0001|400|EA|240|KRW|96000|20150930|1300|
C|005186|2015|50001872660037|001|4300003555|00020|CMA0007|300|EA|270|KRW|81000|20150930|1300|
C|005186|2015|50001872660038|001|4300003555|00030|CMB0010|240|EA|1100|KRW|264000|20150930|1300|
C|005186|2015|50001872660039|001|4300003555|00040|CME0005|24|EA|3465|KRW|83160|20150930|1300|
C|005186|2015|50001872660040|001|4300003555|00050|CME0010|80|EA|285|KRW|22800|20150930|1300|
C|005186|2015|50001872660041|001|4300003555|00060|CMF0004|3|EA|22050|KRW|66150|20150930|1300|
C|005186|2015|50001872660042|001|4300003555|00080|CMF0013|10|EA|760|KRW|7600|20150930|1300|
C|005186|2015|50001872660043|001|4300003555|00090|CMF0017|50|EA|505|KRW|25250|20150930|1300|
C|005186|2015|50001872660044|001|4300003557|00010|CMA0001|200|EA|240|KRW|48000|20150930|1300|
C|005186|2015|50001872660045|001|4300003557|00020|CMA0015|100|EA|2830|KRW|283000|20150930|1300|
C|005186|2015|50001872660046|001|4300003557|00030|CMB0001|240|EA|655|KRW|157200|20150930|1300|
C|005186|2015|50001872660047|001|4300003557|00040|CMB0002|120|EA|2420|KRW|290400|20150930|1300|
C|005186|2015|50001872660048|001|4300003557|00070|CME0010|100|EA|285|KRW|28500|20150930|1300|
C|005186|2015|50001872660049|001|4300003557|00080|CMZ0014|2|EA|23300|KRW|46600|20150930|1300|
C|005186|2015|50001872660050|001|4300003559|00010|CMZ0009|20|EA|740|KRW|14800|20150930|1300|
C|005186|2015|50001872660051|001|4300003559|00020|CMZ0001|10|EA|765|KRW|7650|20150930|1300|
C|005186|2015|50001872660052|001|4300003559|00030|CMZ0002|10|EA|430|KRW|4300|20150930|1300|
C|005186|2015|50001872660053|001|4300003559|00040|CMZ0005|20|EA|750|KRW|15000|20150930|1300|
C|005186|2015|50001872660054|001|4300003559|00050|CMZ0004|20|EA|380|KRW|7600|20150930|1300|
C|005186|2015|50001872660055|001|4300003559|00060|CMB0010|20|EA|1100|KRW|22000|20150930|1300|
C|005186|2015|50001872660056|001|4300003559|00070|CMB0002|40|EA|2420|KRW|96800|20150930|1300|
C|005186|2015|50001872660057|001|4300003559|00080|CMB0003|40|EA|2420|KRW|96800|20150930|1300|
C|005186|2015|50001872660058|001|4300003559|00090|CMB0001|100|EA|655|KRW|65500|20150930|1300|
C|005186|2015|50001872660059|001|4300003559|00100|CMC0005|30|EA|190|KRW|5700|20150930|1300|
C|005186|2015|50001872660060|001|4300003559|00110|CMC0002|3|EA|9350|KRW|28050|20150930|1300|
C|005186|2015|50001872660061|001|4300003559|00120|CMA0001|200|EA|240|KRW|48000|20150930|1300|
C|005186|2015|50001872660062|001|4300003559|00130|CMA0007|100|EA|270|KRW|27000|20150930|1300|
C|005186|2015|50001872660063|001|4300003559|00140|CMA0008|100|EA|690|KRW|69000|20150930|1300|
C|005186|2015|50001872660064|001|4300003559|00160|CMF0006|1|EA|11970|KRW|11970|20150930|1300|
C|005186|2015|50001872660065|001|4300003559|00180|CMF0009|4|EA|5700|KRW|22800|20150930|1300|
C|005186|2015|50001872660066|001|4300003560|00010|CMA0001|500|EA|240|KRW|120000|20150930|1300|
C|005186|2015|50001872660067|001|4300003560|00020|CMA0007|300|EA|270|KRW|81000|20150930|1300|
C|005186|2015|50001872660068|001|4300003560|00030|CMA0008|150|EA|690|KRW|103500|20150930|1300|
C|005186|2015|50001872660069|001|4300003560|00040|CMA0015|150|EA|2830|KRW|424500|20150930|1300|
C|005186|2015|50001872660070|001|4300003560|00050|CMA0016|150|EA|2840|KRW|426000|20150930|1300|
C|005186|2015|50001872660071|001|4300003560|00060|CMB0007|60|EA|925|KRW|55500|20150930|1300|
C|005186|2015|50001872660072|001|4300003560|00070|CMB0010|480|EA|1100|KRW|528000|20150930|1300|
C|005186|2015|50001872660073|001|4300003560|00080|CMC0003|50|EA|340|KRW|17000|20150930|1300|
C|005186|2015|50001872660074|001|4300003560|00090|CMC0005|200|EA|190|KRW|38000|20150930|1300|
C|005186|2015|50001872660075|001|4300003560|00100|CMD0001|5|EA|9555|KRW|47775|20150930|1300|
C|005186|2015|50001872660076|001|4300003560|00110|CME0002|50|EA|2300|KRW|115000|20150930|1300|
C|005186|2015|50001872660077|001|4300003560|00120|CME0008|20|EA|4410|KRW|88200|20150930|1300|
C|005186|2015|50001872660078|001|4300003560|00130|CME0010|200|EA|285|KRW|57000|20150930|1300|
C|005186|2015|50001872660079|001|4300003560|00140|CMF0004|6|EA|22050|KRW|132300|20150930|1300|
C|005186|2015|50001872660080|001|4300003560|00160|CMF0009|10|EA|5700|KRW|57000|20150930|1300|
C|005186|2015|50001872660081|001|4300003560|00170|CMF0020|10|EA|700|KRW|7000|20150930|1300|
C|005186|2015|50001872660082|001|4300003560|00180|CMF0021|10|EA|5400|KRW|54000|20150930|1300|
C|005186|2015|50001872660083|001|4300003560|00190|CMH0007|6|EA|11700|KRW|70200|20150930|1300|
C|005186|2015|50001872660084|001|4300003560|00200|CMZ0014|3|EA|23300|KRW|69900|20150930|1300|
C|005186|2015|50001872660085|001|4300003562|00010|CMA0001|200|EA|240|KRW|48000|20150930|1300|
C|005186|2015|50001872660086|001|4300003562|00020|CMA0007|250|EA|270|KRW|67500|20150930|1300|
C|005186|2015|50001872660087|001|4300003562|00030|CMA0008|20|EA|690|KRW|13800|20150930|1300|
C|005186|2015|50001872660088|001|4300003562|00040|CMA0016|20|EA|2840|KRW|56800|20150930|1300|
C|005186|2015|50001872660089|001|4300003562|00050|CMB0002|100|EA|2420|KRW|242000|20150930|1300|
C|005186|2015|50001872660090|001|4300003562|00060|CMC0005|15|EA|190|KRW|2850|20150930|1300|
C|005186|2015|50001872660091|001|4300003562|00080|CME0001|13|EA|4910|KRW|63830|20150930|1300|
C|005186|2015|50001872660092|001|4300003562|00090|CMF0001|6|EA|1680|KRW|10080|20150930|1300|
C|005186|2015|50001872660093|001|4300003562|00110|CMF0006|1|EA|11970|KRW|11970|20150930|1300|
C|005186|2015|50001872660094|001|4300003562|00120|CMF0007|2|EA|1780|KRW|3560|20150930|1300|
C|005186|2015|50001872660095|001|4300003562|00130|CMF0008|4|EA|1785|KRW|7140|20150930|1300|
C|005186|2015|50001872660096|001|4300003562|00140|CMF0009|2|EA|5700|KRW|11400|20150930|1300|
C|005186|2015|50001872660097|001|4300003562|00150|CMF0013|10|EA|760|KRW|7600|20150930|1300|
C|005186|2015|50001872660098|001|4300003562|00160|CMF0021|2|EA|5400|KRW|10800|20150930|1300|
C|005186|2015|50001872660099|001|4300003562|00170|CMH0007|3|EA|11700|KRW|35100|20150930|1300|
C|005186|2015|50001872660100|001|4300003562|00180|CMZ0004|10|EA|380|KRW|3800|20150930|1300|
C|005186|2015|50001872660101|001|4300003566|00010|CMA0001|50|EA|240|KRW|12000|20150930|1300|
C|005186|2015|50001872660102|001|4300003566|00020|CMA0007|100|EA|270|KRW|27000|20150930|1300|
C|005186|2015|50001872660103|001|4300003566|00030|CMH0006|10|EA|400|KRW|4000|20150930|1300|
C|005186|2015|50001872660104|001|4300003566|00040|CMZ0001|100|EA|765|KRW|76500|20150930|1300|
C|005186|2015|50001872660105|001|4300003566|00050|CMZ0002|100|EA|430|KRW|43000|20150930|1300|
C|005186|2015|50001872660106|001|4300003566|00060|CMZ0007|10|EA|330|KRW|3300|20150930|1300|
C|005186|2015|50001872660107|001|4300003566|00070|CMZ0032|5|EA|1970|KRW|9850|20150930|1300|
C|005186|2015|50001872660108|001|4300003567|00010|CMA0001|600|EA|240|KRW|144000|20150930|1300|
C|005186|2015|50001872660109|001|4300003567|00020|CMA0005|70|EA|2470|KRW|172900|20150930|1300|
C|005186|2015|50001872660110|001|4300003567|00030|CMA0007|150|EA|270|KRW|40500|20150930|1300|
C|005186|2015|50001872660111|001|4300003567|00040|CMA0008|50|EA|690|KRW|34500|20150930|1300|
C|005186|2015|50001872660112|001|4300003567|00050|CMA0016|50|EA|2840|KRW|142000|20150930|1300|
C|005186|2015|50001872660113|001|4300003567|00060|CMA0017|50|EA|780|KRW|39000|20150930|1300|
C|005186|2015|50001872660114|001|4300003567|00070|CMB0001|60|EA|655|KRW|39300|20150930|1300|
C|005186|2015|50001872660115|001|4300003567|00080|CMB0002|100|EA|2420|KRW|242000|20150930|1300|
C|005186|2015|50001872660116|001|4300003567|00090|CMB0007|20|EA|925|KRW|18500|20150930|1300|
C|005186|2015|50001872660117|001|4300003567|00100|CMB0010|60|EA|1100|KRW|66000|20150930|1300|
C|005186|2015|50001872660118|001|4300003567|00110|CMC0003|50|EA|340|KRW|17000|20150930|1300|
C|005186|2015|50001872660119|001|4300003567|00120|CMC0005|50|EA|190|KRW|9500|20150930|1300|
C|005186|2015|50001872660120|001|4300003567|00150|CME0001|20|EA|4910|KRW|98200|20150930|1300|
C|005186|2015|50001872660121|001|4300003567|00160|CME0002|100|EA|2300|KRW|230000|20150930|1300|
C|005186|2015|50001872660122|001|4300003567|00170|CME0010|200|EA|285|KRW|57000|20150930|1300|
C|005186|2015|50001872660123|001|4300003567|00190|CMF0006|1|EA|11970|KRW|11970|20150930|1300|
C|005186|2015|50001872660124|001|4300003567|00200|CMH0007|2|EA|11700|KRW|23400|20150930|1300|
C|005186|2015|50001872660125|001|4300003567|00210|CMZ0002|20|EA|430|KRW|8600|20150930|1300|
C|005186|2015|50001872660126|001|4300003567|00220|CMZ0003|1|EA|1470|KRW|1470|20150930|1300|
C|005186|2015|50001872660127|001|4300003567|00230|CMZ0004|20|EA|380|KRW|7600|20150930|1300|
C|005186|2015|50001872660128|001|4300003568|00010|CMA0001|200|EA|240|KRW|48000|20150930|1300|
C|005186|2015|50001872660129|001|4300003568|00020|CMA0007|100|EA|270|KRW|27000|20150930|1300|
C|005186|2015|50001872660130|001|4300003568|00030|CMA0016|30|EA|2840|KRW|85200|20150930|1300|
C|005186|2015|50001872660131|001|4300003568|00040|CMB0001|100|EA|655|KRW|65500|20150930|1300|
C|005186|2015|50001872660132|001|4300003568|00050|CMB0003|20|EA|2420|KRW|48400|20150930|1300|
C|005186|2015|50001872660133|001|4300003568|00060|CMB0010|60|EA|1100|KRW|66000|20150930|1300|
C|005186|2015|50001872660134|001|4300003568|00070|CMD0001|6|EA|9555|KRW|57330|20150930|1300|
C|005186|2015|50001872660135|001|4300003568|00100|CMF0006|2|EA|11970|KRW|23940|20150930|1300|
C|005186|2015|50001872660136|001|4300003568|00110|CMZ0014|1|EA|23300|KRW|23300|20150930|1300|
C|005186|2015|50001872670001|001|4300003556|00010|CMA0001|100|EA|240|KRW|24000|20150930|1300|
C|005186|2015|50001872670002|001|4300003556|00020|CMA0007|40|EA|270|KRW|10800|20150930|1300|
C|005186|2015|50001872670003|001|4300003556|00030|CMA0008|40|EA|690|KRW|27600|20150930|1300|
C|005186|2015|50001872670004|001|4300003556|00040|CMB0010|40|EA|1100|KRW|44000|20150930|1300|
C|005186|2015|50001872670005|001|4300003556|00050|CME0010|40|EA|285|KRW|11400|20150930|1300|
C|005186|2015|50001872670006|001|4300003556|00070|CMA0017|5|EA|780|KRW|3900|20150930|1300|
C|005186|2015|50001872670007|001|4300003556|00080|CME0001|10|EA|4910|KRW|49100|20150930|1300|
C|005186|2015|50001872670008|001|4300003556|00090|CMH0007|2|EA|11700|KRW|23400|20150930|1300|
C|005186|2015|50001872670009|001|4300003556|00100|CMA0006|5|EA|2270|KRW|11350|20150930|1300|
C|005186|2015|50001872670010|001|4300003556|00110|CMA0009|10|EA|2120|KRW|21200|20150930|1300|
C|005186|2015|50001872670011|001|4300003556|00120|CMC0003|10|EA|340|KRW|3400|20150930|1300|
C|005186|2015|50001872670012|001|4300003563|00010|CMA0001|100|EA|240|KRW|24000|20150930|1300|
C|005186|2015|50001872670013|001|4300003563|00020|CMA0007|100|EA|270|KRW|27000|20150930|1300|
C|005186|2015|50001872670014|001|4300003563|00030|CMB0010|50|EA|1100|KRW|55000|20150930|1300|
C|005186|2015|50001872670015|001|4300003563|00040|CMZ0014|1|EA|23300|KRW|23300|20150930|1300|
C|005186|2015|50001872670016|001|4300003563|00060|CMZ0007|30|EA|330|KRW|9900|20150930|1300|
C|005186|2015|50001872670017|001|4300003563|00070|CMA0002|1|EA|1530|KRW|1530|20150930|1300|
C|005186|2015|50001872670018|001|4300003563|00080|CMH0005|3|EA|980|KRW|2940|20150930|1300|
C|005186|2015|50001872670019|001|4300003563|00090|CMH0006|3|EA|400|KRW|1200|20150930|1300|
C|005186|2015|50001872670020|001|4300003564|00010|CMA0001|700|EA|240|KRW|168000|20150930|1300|
C|005186|2015|50001872670021|001|4300003564|00020|CMA0007|100|EA|270|KRW|27000|20150930|1300|
C|005186|2015|50001872670022|001|4300003564|00030|CMA0017|10|EA|780|KRW|7800|20150930|1300|
C|005186|2015|50001872670023|001|4300003564|00040|CME0010|200|EA|285|KRW|57000|20150930|1300|
C|005186|2015|50001872670024|001|4300003564|00050|CME0013|3|EA|20300|KRW|60900|20150930|1300|
C|005186|2015|50001872670025|001|4300003564|00070|CMH0007|1|EA|11700|KRW|11700|20150930|1300|
C|005186|2015|50001872680001|001|4300003551|00010|CMF0002|5|EA|1100|KRW|5500|20150930|1300|
C|005186|2015|50001872680002|001|4300003551|00020|CMZ0032|1|EA|1970|KRW|1970|20150930|1300|
C|005186|2015|50001872680003|001|4300003551|00030|CMB0001|20|EA|655|KRW|13100|20150930|1300|
C|005186|2015|50001872680004|001|4300003551|00040|CMA0001|110|EA|240|KRW|26400|20150930|1300|
C|005186|2015|50001872680005|001|4300003551|00050|CMA0007|130|EA|270|KRW|35100|20150930|1300|
C|005186|2015|50001872680006|001|4300003551|00060|CMA0008|30|EA|690|KRW|20700|20150930|1300|
C|005186|2015|50001872680007|001|4300003551|00070|CMB0001|20|EA|655|KRW|13100|20150930|1300|
C|005186|2015|50001872680008|001|4300003551|00090|CMF0002|15|EA|1100|KRW|16500|20150930|1300|
C|005186|2015|50001872680009|001|4300003551|00100|CMF0020|10|EA|700|KRW|7000|20150930|1300|
C|005186|2015|50001872680010|001|4300003551|00110|CMF0001|5|EA|1680|KRW|8400|20150930|1300|
C|005186|2015|50001872680011|001|4300003551|00120|CME0010|20|EA|285|KRW|5700|20150930|1300|
C|005186|2015|50001872680012|001|4300003551|00130|CMF0023|5|EA|1260|KRW|6300|20150930|1300|
C|005186|2015|50001872690001|001|4300003550|00010|CMB0010|400|EA|1100|KRW|440000|20150930|1300|
C|005186|2015|50001872690002|001|4300003550|00020|CMH0007|2|EA|11700|KRW|23400|20150930|1300|
C|005186|2015|50001872690003|001|4300003550|00030|CMZ0032|10|EA|1970|KRW|19700|20150930|1300|
C|005186|2015|50001872690004|001|4300003550|00040|CMF0004|20|EA|22050|KRW|441000|20150930|1300|
C|005186|2015|50001872690005|001|4300003550|00050|CMA0008|500|EA|690|KRW|345000|20150930|1300|
C|005186|2015|50001872690006|001|4300003550|00060|CMA0007|500|EA|270|KRW|135000|20150930|1300|
C|005186|2015|50001872700001|001|4300003550|00070|CMD0016|6|EA|30450|KRW|182700|20150930|1300|
C|005186|2015|50001872700002|001|4300003551|00080|CMD0016|2|EA|30450|KRW|60900|20150930|1300|
C|005186|2015|50001872700003|001|4300003553|00070|CMD0011|2|EA|24150|KRW|48300|20150930|1300|
C|005186|2015|50001872700004|001|4300003554|00060|CMD0011|6|EA|24150|KRW|144900|20150930|1300|
C|005186|2015|50001872700005|001|4300003556|00130|CMD0011|3|EA|24150|KRW|72450|20150930|1300|
C|005186|2015|50001872700006|001|4300003556|00140|CMD0012|1|EA|29400|KRW|29400|20150930|1300|
C|005186|2015|50001872700007|001|4300003557|00050|CMD0011|2|EA|24150|KRW|48300|20150930|1300|
C|005186|2015|50001872700008|001|4300003557|00060|CMD0016|6|EA|30450|KRW|182700|20150930|1300|
C|005186|2015|50001872700009|001|4300003559|00150|CMD0011|9|EA|24150|KRW|217350|20150930|1300|
C|005186|2015|50001872700010|001|4300003562|00070|CMD0011|7|EA|24150|KRW|169050|20150930|1300|
C|005186|2015|50001872700011|001|4300003563|00050|CMD0016|1|EA|30450|KRW|30450|20150930|1300|
C|005186|2015|50001872700012|001|4300003564|00080|CMD0011|4|EA|24150|KRW|96600|20150930|1300|
C|005186|2015|50001872700013|001|4300003567|00130|CMD0011|17|EA|24150|KRW|410550|20150930|1300|
C|005186|2015|50001872700014|001|4300003567|00140|CMD0016|4|EA|30450|KRW|121800|20150930|1300|
C|005186|2015|50001872700015|001|4300003568|00080|CMD0011|5|EA|24150|KRW|120750|20150930|1300|
