C|005186|2017|50003724670001|001|4300008556|00010|CMA0001|500|EA|151|KRW|75500|20170929|1300|
C|005186|2017|50003724670002|001|4300008556|00020|CMA0007|400|EA|151|KRW|60400|20170929|1300|
C|005186|2017|50003724670003|001|4300008556|00030|CMA0008|100|EA|470|KRW|47000|20170929|1300|
C|005186|2017|50003724670004|001|4300008556|00060|CMC0003|100|EA|310|KRW|31000|20170929|1300|
C|005186|2017|50003724670005|001|4300008556|00080|CME0002|20|EA|1100|KRW|22000|20170929|1300|
C|005186|2017|50003724670006|001|4300008556|00090|CME0005|10|EA|2600|KRW|26000|20170929|1300|
C|005186|2017|50003724670007|001|4300008556|00120|CMF0004|4|EA|17000|KRW|68000|20170929|1300|
C|005186|2017|50003724670008|001|4300008556|00130|CMF0008|10|EA|1620|KRW|16200|20170929|1300|
C|005186|2017|50003724680001|001|4300008561|00010|CMA0001|700|EA|151|KRW|105700|20170929|1300|
C|005186|2017|50003724680002|001|4300008561|00020|CMA0007|500|EA|151|KRW|75500|20170929|1300|
C|005186|2017|50003724680003|001|4300008561|00030|CMA0008|100|EA|470|KRW|47000|20170929|1300|
C|005186|2017|50003724680004|001|4300008561|00050|CMB0001|100|EA|520|KRW|52000|20170929|1300|
C|005186|2017|50003724680005|001|4300008561|00070|CMC0005|500|EA|150|KRW|75000|20170929|1300|
C|005186|2017|50003724680006|001|4300008561|00080|CMC0007|3|EA|13000|KRW|39000|20170929|1300|
C|005186|2017|50003724680007|001|4300008561|00110|CMF0004|2|EA|17000|KRW|34000|20170929|1300|
C|005186|2017|50003724680008|001|4300008561|00130|CMH0004|5|EA|600|KRW|3000|20170929|1300|
C|005186|2017|50003724680009|001|4300008561|00140|CMH0005|3|EA|720|KRW|2160|20170929|1300|
C|005186|2017|50003724680010|001|4300008561|00150|CMH0006|3|EA|460|KRW|1380|20170929|1300|
C|005186|2017|50003724690001|001|4300008560|00010|CMA0001|80|EA|151|KRW|12080|20170929|1300|
C|005186|2017|50003724690002|001|4300008560|00020|CMA0007|80|EA|151|KRW|12080|20170929|1300|
C|005186|2017|50003724690003|001|4300008560|00030|CMA0008|40|EA|470|KRW|18800|20170929|1300|
C|005186|2017|50003724690004|001|4300008560|00040|CMA0017|10|EA|770|KRW|7700|20170929|1300|
C|005186|2017|50003724690005|001|4300008560|00090|CMZ0005|20|EA|810|KRW|16200|20170929|1300|
C|005186|2017|50003724700001|001|4300008547|00010|CMA0001|600|EA|151|KRW|90600|20170929|1300|
C|005186|2017|50003724700002|001|4300008547|00020|CMA0007|50|EA|151|KRW|7550|20170929|1300|
C|005186|2017|50003724700003|001|4300008547|00030|CMA0017|10|EA|770|KRW|7700|20170929|1300|
C|005186|2017|50003724710001|001|4300008553|00030|CMA0007|200|EA|151|KRW|30200|20170929|1300|
C|005186|2017|50003724710002|001|4300008553|00040|CMB0001|200|EA|520|KRW|104000|20170929|1300|
C|005186|2017|50003724710003|001|4300008553|00090|CMF0004|3|EA|17000|KRW|51000|20170929|1300|
C|005186|2017|50003724710004|001|4300008553|00120|CMF0014|10|EA|680|KRW|6800|20170929|1300|
C|005186|2017|50003724710005|001|4300008553|00140|CMZ0004|40|EA|220|KRW|8800|20170929|1300|
C|005186|2017|50003724710006|001|4300008553|00150|CMZ0005|50|EA|810|KRW|40500|20170929|1300|
C|005186|2017|50003724720001|001|4300008553|00020|CMA0001|600|EA|151|KRW|90600|20170929|1300|
C|005186|2017|50003724720002|001|4300008553|00050|CMB0003|100|EA|2200|KRW|220000|20170929|1300|
C|005186|2017|50003724730001|001|4300008615|00040|UJCC0043|10000|EA|42|KRW|420000|20170929|1300|
C|005186|2017|50003724740001|001|4300008547|00050|CME0013|2|EA|11880|KRW|23760|20170929|1300|
C|005186|2017|50003724750001|001|4300008561|00170|CMZ0002|70|EA|400|KRW|28000|20170929|1300|
C|005186|2017|50003724760001|001|4300008560|00140|CMZ0002|30|EA|400|KRW|12000|20170929|1300|
C|005186|2017|50003724770001|001|4300008516|00040|UZZC0165|4|EA|115940|KRW|463760|20170929|1300|
C|005186|2017|50003724770002|001|4300008516|00080|UGBC1652|20|EA|22130|KRW|442600|20170929|1300|
C|005186|2017|50003724770003|001|4300008517|00010|UBCC0063|25|EA|3690|KRW|92250|20170929|1300|
C|005186|2017|50003724770004|001|4300008517|00020|UDBC0992|100|EA|1390|KRW|139000|20170929|1300|
C|005186|2017|50003724770005|001|4300008527|00010|UGCC1148|20|EA|2610|KRW|52200|20170929|1300|
C|005186|2017|50003724770006|001|4300008527|00020|UGCC0218|50|EA|2877|KRW|143850|20170929|1300|
C|005186|2017|50003724770007|001|4300008527|00030|UGCC0222|20|EA|3470|KRW|69400|20170929|1300|
C|005186|2017|50003724770008|001|4300008527|00040|UGCC0214|10|EA|4600|KRW|46000|20170929|1300|
C|005186|2017|50003724770009|001|4300008527|00050|UGBC0744|50|EA|520|KRW|26000|20170929|1300|
C|005186|2017|50003724770010|001|4300008527|00060|UGBC0745|20|EA|560|KRW|11200|20170929|1300|
C|005186|2017|50003724770011|001|4300008527|00070|UGBC0747|10|EA|690|KRW|6900|20170929|1300|
C|005186|2017|50003724770012|001|4300008527|00100|UGBC0752|30|EA|672|KRW|20160|20170929|1300|
C|005186|2017|50003724770013|001|4300008527|00110|UGBC0754|20|EA|910|KRW|18200|20170929|1300|
C|005186|2017|50003724770014|001|4300008527|00120|UGBC1597|10|EA|600|KRW|6000|20170929|1300|
C|005186|2017|50003724770015|001|4300008527|00130|UGBC1440|20|EA|1330|KRW|26600|20170929|1300|
C|005186|2017|50003724770016|001|4300008527|00140|UGBC0765|30|EA|510|KRW|15300|20170929|1300|
C|005186|2017|50003724770017|001|4300008527|00150|UGBC0766|10|EA|650|KRW|6500|20170929|1300|
C|005186|2017|50003724770018|001|4300008527|00160|UGBC0768|50|EA|609|KRW|30450|20170929|1300|
C|005186|2017|50003724770019|001|4300008527|00170|UGBC0769|10|EA|809|KRW|8090|20170929|1300|
C|005186|2017|50003724770020|001|4300008527|00180|UGBC0770|10|EA|1155|KRW|11550|20170929|1300|
C|005186|2017|50003724770021|001|4300008527|00190|UGBC0771|40|EA|840|KRW|33600|20170929|1300|
C|005186|2017|50003724770022|001|4300008527|00200|UGBC0772|20|EA|924|KRW|18480|20170929|1300|
C|005186|2017|50003724770023|001|4300008527|00210|UGBC0773|10|EA|1218|KRW|12180|20170929|1300|
C|005186|2017|50003724770024|001|4300008527|00220|UGBC0774|10|EA|1134|KRW|11340|20170929|1300|
C|005186|2017|50003724770025|001|4300008527|00230|UGBC0775|10|EA|1155|KRW|11550|20170929|1300|
C|005186|2017|50003724770026|001|4300008527|00240|UGBC0776|20|EA|1313|KRW|26260|20170929|1300|
C|005186|2017|50003724770027|001|4300008527|00250|UGBC0791|50|EA|760|KRW|38000|20170929|1300|
C|005186|2017|50003724770028|001|4300008527|00260|UGBC0792|20|EA|840|KRW|16800|20170929|1300|
C|005186|2017|50003724770029|001|4300008527|00270|UGBC0793|20|EA|1030|KRW|20600|20170929|1300|
C|005186|2017|50003724770030|001|4300008527|00280|UGBC0794|20|EA|1380|KRW|27600|20170929|1300|
C|005186|2017|50003724770031|001|4300008527|00290|UGBC0789|20|EA|690|KRW|13800|20170929|1300|
C|005186|2017|50003724770032|001|4300008527|00300|UGBC0788|30|EA|920|KRW|27600|20170929|1300|
C|005186|2017|50003724770033|001|4300008527|00310|UGBC0753|30|EA|740|KRW|22200|20170929|1300|
C|005186|2017|50003724770034|001|4300008531|00010|UGCC1132|1|EA|283500|KRW|283500|20170929|1300|
C|005186|2017|50003724770035|001|4300008531|00030|UDBC0957|100|EA|4770|KRW|477000|20170929|1300|
C|005186|2017|50003724770036|001|4300008532|00030|UGCC0505|1|EA|99800|KRW|99800|20170929|1300|
C|005186|2017|50003724770037|001|4300008532|00080|UGBC0780|50|EA|570|KRW|28500|20170929|1300|
C|005186|2017|50003724770038|001|4300008532|00090|UGBC0781|20|EA|580|KRW|11600|20170929|1300|
C|005186|2017|50003724770039|001|4300008532|00100|UICC0060|2|EA|11600|KRW|23200|20170929|1300|
C|005186|2017|50003724770040|001|4300008581|00010|UGBC0748|50|EA|452|KRW|22600|20170929|1300|
C|005186|2017|50003724770041|001|4300008581|00020|UGBC0749|50|EA|520|KRW|26000|20170929|1300|
C|005186|2017|50003724770042|001|4300008581|00030|UGBC0790|10|EA|1230|KRW|12300|20170929|1300|
C|005186|2017|50003724770043|001|4300008581|00040|UGBC0797|50|EA|500|KRW|25000|20170929|1300|
C|005186|2017|50003724770044|001|4300008581|00050|UGBC0798|30|EA|540|KRW|16200|20170929|1300|
C|005186|2017|50003724770045|001|4300008581|00060|UGBC0785|20|EA|670|KRW|13400|20170929|1300|
C|005186|2017|50003724770046|001|4300008581|00070|UGBC0786|10|EA|850|KRW|8500|20170929|1300|
C|005186|2017|50003724770047|001|4300008581|00080|UGBC0780|60|EA|570|KRW|34200|20170929|1300|
C|005186|2017|50003724770048|001|4300008581|00090|UGBC0781|50|EA|580|KRW|29000|20170929|1300|
C|005186|2017|50003724770049|001|4300008581|00100|UGBC0782|40|EA|720|KRW|28800|20170929|1300|
C|005186|2017|50003724770050|001|4300008581|00110|UGBC0783|30|EA|830|KRW|24900|20170929|1300|
C|005186|2017|50003724770051|001|4300008581|00120|UGBC1148|10|EA|3750|KRW|37500|20170929|1300|
C|005186|2017|50003724770052|001|4300008581|00130|UGBC1149|10|EA|4080|KRW|40800|20170929|1300|
C|005186|2017|50003724770053|001|4300008581|00140|UGBC1150|20|EA|4390|KRW|87800|20170929|1300|
C|005186|2017|50003724770054|001|4300008581|00150|UGCC0228|30|EA|3150|KRW|94500|20170929|1300|
C|005186|2017|50003724770055|001|4300008581|00160|UGCC0868|10|EA|4100|KRW|41000|20170929|1300|
C|005186|2017|50003724770056|001|4300008581|00170|UGCC0288|50|EA|378|KRW|18900|20170929|1300|
C|005186|2017|50003724770057|001|4300008585|00010|UGBC1448|20|EA|33700|KRW|674000|20170929|1300|
C|005186|2017|50003724770058|001|4300008597|00020|UJBC0045|4|EA|121800|KRW|487200|20170929|1300|
C|005186|2017|50003724770059|001|4300008598|00050|UGBC1640|10|EA|1960|KRW|19600|20170929|1300|
C|005186|2017|50003724770060|001|4300008598|00060|UGBC1641|10|EA|3180|KRW|31800|20170929|1300|
C|005186|2017|50003724770061|001|4300008598|00070|UGBC1642|10|EA|2870|KRW|28700|20170929|1300|
C|005186|2017|50003724770062|001|4300008598|00080|UGBC1643|24|EA|32880|KRW|789120|20170929|1300|
C|005186|2017|50003724770063|001|4300008615|00050|UJBC0024|5|EA|1520|KRW|7600|20170929|1300|
C|005186|2017|50003724770064|001|4300008615|00100|UKGC0008|7|EA|2940|KRW|20580|20170929|1300|
C|005186|2017|50003724770065|001|4300008615|00180|UJBC0047|6|EA|9890|KRW|59340|20170929|1300|
C|005186|2017|50003724770066|001|4300008615|00190|UJBC0055|8|EA|8840|KRW|70720|20170929|1300|
C|005186|2017|50003724770067|001|4300008615|00210|UICC0034|2|EA|23100|KRW|46200|20170929|1300|
C|005186|2017|50003724770068|001|4300008630|00030|UGCC1247|1|EA|250850|KRW|250850|20170929|1300|
C|005186|2017|50003724770069|001|4300008630|00050|UJAC0127|6|EA|3030|KRW|18180|20170929|1300|
C|005186|2017|50003724770070|001|4300008630|00060|UJAC0126|6|EA|2530|KRW|15180|20170929|1300|
C|005186|2017|50003724770071|001|4300008631|00010|UIEC0035|10|EA|37800|KRW|378000|20170929|1300|
C|005186|2017|50003724770072|001|4300008634|00050|UGBC1191|10|EA|4100|KRW|41000|20170929|1300|
C|005186|2017|50003724780001|001|4300008529|00010|UHHC0201|60|EA|31580|KRW|1894800|20170929|1300|
C|005186|2017|50003724780002|001|4300008532|00010|UHTC0246|40|EA|8470|KRW|338800|20170929|1300|
C|005186|2017|50003724780003|001|4300008532|00020|UHTC0244|20|EA|3500|KRW|70000|20170929|1300|
C|005186|2017|50003724780004|001|4300008533|00010|UHGC0024|10|EA|76100|KRW|761000|20170929|1300|
C|005186|2017|50003724780005|001|4300008533|00020|UHGC0009|3|EA|66150|KRW|198450|20170929|1300|
C|005186|2017|50003724780006|001|4300008533|00030|UHGC0310|5|EA|47700|KRW|238500|20170929|1300|
C|005186|2017|50003724780007|001|4300008533|00040|UHFC0300|1|EA|26430|KRW|26430|20170929|1300|
C|005186|2017|50003724780008|001|4300008533|00050|UHGC0107|1|EA|342100|KRW|342100|20170929|1300|
C|005186|2017|50003724780009|001|4300008586|00020|KE110200|20|EA|65100|KRW|1302000|20170929|1300|
C|005186|2017|50003724780010|001|4300008588|00050|UHFC0194|1|EA|195300|KRW|195300|20170929|1300|
C|005186|2017|50003724780011|001|4300008589|00010|UHHC0168|1|EA|885150|KRW|885150|20170929|1300|
C|005186|2017|50003724780012|001|4300008589|00030|UHTC0802|10|EA|49820|KRW|498200|20170929|1300|
C|005186|2017|50003724780013|001|4300008590|00010|UHHC0069|1|EA|412650|KRW|412650|20170929|1300|
C|005186|2017|50003724780014|001|4300008590|00020|UHHC0059|1|EA|565950|KRW|565950|20170929|1300|
C|005186|2017|50003724780015|001|4300008590|00030|UHNC0080|2|EA|286320|KRW|572640|20170929|1300|
C|005186|2017|50003724780016|001|4300008590|00040|UHDC0102|200|EA|998|KRW|199600|20170929|1300|
C|005186|2017|50003724780017|001|4300008590|00050|UHHC0206|2|EA|116600|KRW|233200|20170929|1300|
C|005186|2017|50003724780018|001|4300008601|00010|UHNC0081|2|EA|460000|KRW|920000|20170929|1300|
C|005186|2017|50003724780019|001|4300008601|00020|UHGC0269|2|EA|416850|KRW|833700|20170929|1300|
C|005186|2017|50003724780020|001|4300008602|00010|UHHC0149|1|EA|1869000|KRW|1869000|20170929|1300|
C|005186|2017|50003724780021|001|4300008603|00010|UHHC0028|100|M|14330|KRW|1433000|20170929|1300|
C|005186|2017|50003724780022|001|4300008603|00020|UHHC0036|1|EA|517860|KRW|517860|20170929|1300|
C|005186|2017|50003724780023|001|4300008604|00020|UGCC0231|1|EA|298200|KRW|298200|20170929|1300|
C|005186|2017|50003724780024|001|4300008604|00030|UHFC0337|2|EA|104210|KRW|208420|20170929|1300|
C|005186|2017|50003724780025|001|4300008605|00020|UHHC0069|2|EA|412650|KRW|825300|20170929|1300|
C|005186|2017|50003724780026|001|4300008605|00030|UHTC0118|20|EA|19650|KRW|393000|20170929|1300|
C|005186|2017|50003724780027|001|4300008606|00020|UHFC0336|3|EA|82950|KRW|248850|20170929|1300|
C|005186|2017|50003724780028|001|4300008607|00010|UHGC0134|2|EA|756000|KRW|1512000|20170929|1300|
C|005186|2017|50003724780029|001|4300008608|00010|UHHC0071|2|EA|573300|KRW|1146600|20170929|1300|
C|005186|2017|50003724780030|001|4300008608|00020|UHCC0014|2|EA|395790|KRW|791580|20170929|1300|
C|005186|2017|50003724780031|001|4300008609|00010|UHGC0092|3|EA|500000|KRW|1500000|20170929|1300|
C|005186|2017|50003724780032|001|4300008609|00030|UHFC0356|3|EA|50400|KRW|151200|20170929|1300|
C|005186|2017|50003724780033|001|4300008626|00010|UHGC0331|5|EA|249900|KRW|1249500|20170929|1300|
C|005186|2017|50003724780034|001|4300008626|00020|UHGC0332|2|EA|126000|KRW|252000|20170929|1300|
C|005186|2017|50003724780035|001|4300008626|00030|UHGC0323|5|EA|24500|KRW|122500|20170929|1300|
C|005186|2017|50003724780036|001|4300008626|00040|UHGC0123|1|EA|100800|KRW|100800|20170929|1300|
C|005186|2017|50003724780037|001|4300008626|00050|UHTC0226|1|EA|189000|KRW|189000|20170929|1300|
C|005186|2017|50003724780038|001|4300008627|00010|UHHC0039|60|M|22470|KRW|1348200|20170929|1300|
C|005186|2017|50003724780039|001|4300008627|00020|UHFC0019|5|EA|85050|KRW|425250|20170929|1300|
C|005186|2017|50003724780040|001|4300008628|00020|UHFC0018|5|EA|87680|KRW|438400|20170929|1300|
C|005186|2017|50003724780041|001|4300008628|00030|UHGC0124|20|EA|22100|KRW|442000|20170929|1300|
C|005186|2017|50003724780042|001|4300008629|00010|UHNC0113|1|EA|772800|KRW|772800|20170929|1300|
C|005186|2017|50003724780043|001|4300008629|00050|UEAC0184|2|EA|379480|KRW|758960|20170929|1300|
C|005186|2017|50003724780044|001|4300008629|00070|UHTC0081|10|EA|680|KRW|6800|20170929|1300|
C|005186|2017|50003724780045|001|4300008629|00080|UHGC0310|5|EA|47700|KRW|238500|20170929|1300|
C|005186|2017|50003724780046|001|4300008634|00150|UHGC0242|50|EA|6950|KRW|347500|20170929|1300|
C|005186|2017|50003724780047|001|4300008635|00010|UHNC0082|2|EA|285600|KRW|571200|20170929|1300|
C|005186|2017|50003724780048|001|4300008635|00020|UHNC0070|1|EA|435750|KRW|435750|20170929|1300|
C|005186|2017|50003724780049|001|4300008636|00010|UHGC0295|5|EA|36040|KRW|180200|20170929|1300|
C|005186|2017|50003724780050|001|4300008636|00020|UHDC0254|2|EA|114480|KRW|228960|20170929|1300|
C|005186|2017|50003724780051|001|4300008636|00040|UHGC0332|2|EA|126000|KRW|252000|20170929|1300|
C|005186|2017|50003724780052|001|4300008636|00050|UHGC0333|2|EA|205800|KRW|411600|20170929|1300|
C|005186|2017|50003724780053|001|4300008636|00060|UHGC0323|5|EA|24500|KRW|122500|20170929|1300|
C|005186|2017|50003724780054|001|4300008636|00100|UHFC0205|10|EA|9550|KRW|95500|20170929|1300|
C|005186|2017|50003724780055|001|4300008636|00110|UHFC0208|10|EA|10500|KRW|105000|20170929|1300|
C|005186|2017|50003724780056|001|4300008636|00120|UHGC0238|3|EA|28950|KRW|86850|20170929|1300|
C|005186|2017|50003724790001|001|4300008516|00010|UEBC1399|10|EA|20040|KRW|200400|20170929|1300|
C|005186|2017|50003724790002|001|4300008516|00020|UAEC0469|2|EA|2640|KRW|5280|20170929|1300|
C|005186|2017|50003724790003|001|4300008516|00030|UAEC0470|2|EA|2640|KRW|5280|20170929|1300|
C|005186|2017|50003724790004|001|4300008516|00050|UAEC0471|1|EA|14760|KRW|14760|20170929|1300|
C|005186|2017|50003724790005|001|4300008516|00060|UAEC0472|3|EA|17080|KRW|51240|20170929|1300|
C|005186|2017|50003724790006|001|4300008516|00070|UAEC0473|2|EA|43540|KRW|87080|20170929|1300|
C|005186|2017|50003724790007|001|4300008516|00090|UADC0175|1|EA|35100|KRW|35100|20170929|1300|
C|005186|2017|50003724790008|001|4300008517|00030|UAGC0519|1|EA|98030|KRW|98030|20170929|1300|
C|005186|2017|50003724790009|001|4300008517|00050|UAGC0520|1|EA|19930|KRW|19930|20170929|1300|
C|005186|2017|50003724790010|001|4300008517|00060|UEBC1403|3|EA|2332|KRW|6996|20170929|1300|
C|005186|2017|50003724790011|001|4300008517|00070|UAEC0474|20|EA|1590|KRW|31800|20170929|1300|
C|005186|2017|50003724790012|001|4300008517|00080|UDBC1024|200|EA|76|KRW|15200|20170929|1300|
C|005186|2017|50003724790013|001|4300008517|00090|UDBC1025|200|EA|213|KRW|42600|20170929|1300|
C|005186|2017|50003724790014|001|4300008517|00100|UDBC1026|100|EA|215|KRW|21500|20170929|1300|
C|005186|2017|50003724790015|001|4300008517|00110|UDBC1027|100|EA|152|KRW|15200|20170929|1300|
C|005186|2017|50003724790016|001|4300008517|00120|UDBC1028|200|EA|215|KRW|43000|20170929|1300|
C|005186|2017|50003724790017|001|4300008517|00130|UDBC1029|20|EA|205|KRW|4100|20170929|1300|
C|005186|2017|50003724790018|001|4300008517|00140|UAGC0521|1|EA|125500|KRW|125500|20170929|1300|
C|005186|2017|50003724790019|001|4300008517|00150|UDBC1030|100|EA|212|KRW|21200|20170929|1300|
C|005186|2017|50003724790020|001|4300008528|00050|UDBC0788|50|EA|230|KRW|11500|20170929|1300|
C|005186|2017|50003724790021|001|4300008531|00020|UGCC1134|1|EA|95550|KRW|95550|20170929|1300|
C|005186|2017|50003724790022|001|4300008531|00040|UADC0165|2|EA|4242|KRW|8484|20170929|1300|
C|005186|2017|50003724790023|001|4300008531|00050|UADC0166|2|EA|4242|KRW|8484|20170929|1300|
C|005186|2017|50003724790024|001|4300008531|00060|UADC0167|2|EA|4242|KRW|8484|20170929|1300|
C|005186|2017|50003724790025|001|4300008531|00070|UAGC0505|1|EA|8400|KRW|8400|20170929|1300|
C|005186|2017|50003724790026|001|4300008531|00080|UAGC0506|1|EA|11025|KRW|11025|20170929|1300|
C|005186|2017|50003724790027|001|4300008531|00090|UAGC0507|1|EA|11550|KRW|11550|20170929|1300|
C|005186|2017|50003724790028|001|4300008531|00100|UAGC0508|1|EA|14700|KRW|14700|20170929|1300|
C|005186|2017|50003724790029|001|4300008531|00110|UAHC0060|200|EA|3150|KRW|630000|20170929|1300|
C|005186|2017|50003724790030|001|4300008531|00120|UAEC0459|100|EA|3990|KRW|399000|20170929|1300|
C|005186|2017|50003724790031|001|4300008532|00040|UKEC0091|20|EA|1270|KRW|25400|20170929|1300|
C|005186|2017|50003724790032|001|4300008532|00050|UAAC0029|20|EA|1890|KRW|37800|20170929|1300|
C|005186|2017|50003724790033|001|4300008532|00110|UAKC0021|5|EA|10200|KRW|51000|20170929|1300|
C|005186|2017|50003724790034|001|4300008532|00120|UAKC0011|2|EA|4730|KRW|9460|20170929|1300|
C|005186|2017|50003724790035|001|4300008581|00230|UDBC0532|50|EA|190|KRW|9500|20170929|1300|
C|005186|2017|50003724790036|001|4300008581|00270|UEBC1209|5|EA|27600|KRW|138000|20170929|1300|
C|005186|2017|50003724790037|001|4300008582|00010|UEBC1208|10|EA|43500|KRW|435000|20170929|1300|
C|005186|2017|50003724790038|001|4300008582|00060|UADC0077|5|EA|5796|KRW|28980|20170929|1300|
C|005186|2017|50003724790039|001|4300008582|00080|UDDC0368|2|EA|193000|KRW|386000|20170929|1300|
C|005186|2017|50003724790040|001|4300008582|00090|UDBC0843|30|EA|680|KRW|20400|20170929|1300|
C|005186|2017|50003724790041|001|4300008583|00030|UEBC0514|3|EA|9040|KRW|27120|20170929|1300|
C|005186|2017|50003724790042|001|4300008583|00040|UDBC0930|10|EA|1039|KRW|10390|20170929|1300|
C|005186|2017|50003724790043|001|4300008583|00060|UADC0024|1|EA|9530|KRW|9530|20170929|1300|
C|005186|2017|50003724790044|001|4300008584|00010|UAEC0451|20|EA|1580|KRW|31600|20170929|1300|
C|005186|2017|50003724790045|001|4300008584|00020|UAEC0202|20|EA|9140|KRW|182800|20170929|1300|
C|005186|2017|50003724790046|001|4300008584|00030|UCGC0001|3|EA|6760|KRW|20280|20170929|1300|
C|005186|2017|50003724790047|001|4300008584|00040|UCIC0016|3|EA|37470|KRW|112410|20170929|1300|
C|005186|2017|50003724790048|001|4300008584|00050|UCIC0017|3|EA|17050|KRW|51150|20170929|1300|
C|005186|2017|50003724790049|001|4300008584|00060|UCIC0018|3|EA|8510|KRW|25530|20170929|1300|
C|005186|2017|50003724790050|001|4300008584|00070|UCKC0052|1|EA|255150|KRW|255150|20170929|1300|
C|005186|2017|50003724790051|001|4300008585|00020|UHTC0246|40|EA|8470|KRW|338800|20170929|1300|
C|005186|2017|50003724790052|001|4300008597|00010|UDEC0011|2|EA|200000|KRW|400000|20170929|1300|
C|005186|2017|50003724790053|001|4300008599|00010|UDBC0993|50|EA|215|KRW|10750|20170929|1300|
C|005186|2017|50003724790054|001|4300008599|00020|UDBC0994|100|EA|218|KRW|21800|20170929|1300|
C|005186|2017|50003724790055|001|4300008599|00030|UDBC0995|50|EA|232|KRW|11600|20170929|1300|
C|005186|2017|50003724790056|001|4300008599|00040|UDBC0996|50|EA|265|KRW|13250|20170929|1300|
C|005186|2017|50003724790057|001|4300008599|00050|UDBC0997|100|EA|26|KRW|2600|20170929|1300|
C|005186|2017|50003724790058|001|4300008599|00060|UDBC0998|100|EA|29|KRW|2900|20170929|1300|
C|005186|2017|50003724790059|001|4300008599|00070|UDBC0999|100|EA|33|KRW|3300|20170929|1300|
C|005186|2017|50003724790060|001|4300008599|00080|UDBC1000|100|EA|20|KRW|2000|20170929|1300|
C|005186|2017|50003724790061|001|4300008599|00090|UDBC1001|100|EA|28|KRW|2800|20170929|1300|
C|005186|2017|50003724790062|001|4300008599|00100|UDBC1002|100|EA|56|KRW|5600|20170929|1300|
C|005186|2017|50003724790063|001|4300008599|00110|UDBC1003|50|EA|113|KRW|5650|20170929|1300|
C|005186|2017|50003724790064|001|4300008599|00120|UDBC1004|50|EA|116|KRW|5800|20170929|1300|
C|005186|2017|50003724790065|001|4300008599|00130|UDBC1005|50|EA|105|KRW|5250|20170929|1300|
C|005186|2017|50003724790066|001|4300008599|00140|UDBC1006|50|EA|140|KRW|7000|20170929|1300|
C|005186|2017|50003724790067|001|4300008599|00150|UDBC1007|50|EA|78|KRW|3900|20170929|1300|
C|005186|2017|50003724790068|001|4300008599|00160|UDBC1008|50|EA|98|KRW|4900|20170929|1300|
C|005186|2017|50003724790069|001|4300008600|00090|UADC0173|1|EA|33730|KRW|33730|20170929|1300|
C|005186|2017|50003724790070|001|4300008615|00010|UAGC0384|1|EA|486700|KRW|486700|20170929|1300|
C|005186|2017|50003724790071|001|4300008615|00020|UAEC0299|2|EA|18900|KRW|37800|20170929|1300|
C|005186|2017|50003724790072|001|4300008615|00030|UEBC0438|5|EA|20400|KRW|102000|20170929|1300|
C|005186|2017|50003724790073|001|4300008615|00060|UAEC0062|3|EA|2880|KRW|8640|20170929|1300|
C|005186|2017|50003724790074|001|4300008615|00070|UAEC0063|5|EA|4260|KRW|21300|20170929|1300|
C|005186|2017|50003724790075|001|4300008615|00080|UAEC0064|3|EA|3480|KRW|10440|20170929|1300|
C|005186|2017|50003724790076|001|4300008615|00090|UAEC0261|2|EA|3090|KRW|6180|20170929|1300|
C|005186|2017|50003724790077|001|4300008615|00130|UAEC0197|3|EA|7270|KRW|21810|20170929|1300|
C|005186|2017|50003724790078|001|4300008615|00150|UHTC0486|1|EA|46410|KRW|46410|20170929|1300|
C|005186|2017|50003724790079|001|4300008615|00170|UAEC0071|2|EA|37110|KRW|74220|20170929|1300|
C|005186|2017|50003724790080|001|4300008615|00200|UHFC0237|5|EA|2415|KRW|12075|20170929|1300|
C|005186|2017|50003724790081|001|4300008615|00220|UHTC0233|2|EA|29900|KRW|59800|20170929|1300|
C|005186|2017|50003724790082|001|4300008615|00230|UAEC0299|3|EA|18900|KRW|56700|20170929|1300|
C|005186|2017|50003724790083|001|4300008615|00240|UAEC0198|3|EA|7270|KRW|21810|20170929|1300|
C|005186|2017|50003724790084|001|4300008615|00250|UEBC0477|6|EA|2800|KRW|16800|20170929|1300|
C|005186|2017|50003724790085|001|4300008615|00260|UHTC0486|2|EA|46410|KRW|92820|20170929|1300|
C|005186|2017|50003724790086|001|4300008615|00270|UEBC1163|4|EA|4130|KRW|16520|20170929|1300|
C|005186|2017|50003724790087|001|4300008630|00010|UADC0174|1|EA|69570|KRW|69570|20170929|1300|
C|005186|2017|50003724790088|001|4300008630|00020|UAEC0475|3|EA|18130|KRW|54390|20170929|1300|
C|005186|2017|50003724790089|001|4300008630|00080|UDBC0682|5|EA|990|KRW|4950|20170929|1300|
C|005186|2017|50003724790090|001|4300008630|00090|UDBC0683|5|EA|1470|KRW|7350|20170929|1300|
C|005186|2017|50003724790091|001|4300008630|00100|UDBC0687|5|EA|3480|KRW|17400|20170929|1300|
C|005186|2017|50003724790092|001|4300008630|00110|UDDC0131|10|EA|24360|KRW|243600|20170929|1300|
C|005186|2017|50003724790093|001|4300008630|00120|UDBC0876|50|EA|2340|KRW|117000|20170929|1300|
C|005186|2017|50003724790094|001|4300008630|00150|UDAC0092|100|EA|47|KRW|4700|20170929|1300|
C|005186|2017|50003724790095|001|4300008630|00160|UAEC0083|10|EA|2640|KRW|26400|20170929|1300|
C|005186|2017|50003724790096|001|4300008631|00020|UAKC0012|2|EA|9080|KRW|18160|20170929|1300|
C|005186|2017|50003724790097|001|4300008631|00030|UAEC0252|2|EA|5220|KRW|10440|20170929|1300|
C|005186|2017|50003724790098|001|4300008631|00040|UAIC0035|4|EA|20780|KRW|83120|20170929|1300|
C|005186|2017|50003724790099|001|4300008634|00020|UCAC0010|5|EA|19690|KRW|98450|20170929|1300|
C|005186|2017|50003724790100|001|4300008634|00060|UGAC0083|1|EA|33500|KRW|33500|20170929|1300|
C|005186|2017|50003724790101|001|4300008634|00100|UAEC0025|4|EA|8900|KRW|35600|20170929|1300|
C|005186|2017|50003724790102|001|4300008634|00110|UAEC0346|1|EA|8630|KRW|8630|20170929|1300|
C|005186|2017|50003724790103|001|4300008634|00130|UGCC0240|5|EA|16900|KRW|84500|20170929|1300|
C|005186|2017|50003724790104|001|4300008634|00160|UDBC0189|100|EA|104|KRW|10400|20170929|1300|
C|005186|2017|50003724790105|001|4300008634|00170|UAGC0442|1|EA|204400|KRW|204400|20170929|1300|
C|005186|2017|50003724800001|001|4300008517|00040|UALC0129|20|EA|2940|KRW|58800|20170929|1300|
C|005186|2017|50003724800002|001|4300008581|00200|UKEC0010|40|EA|1530|KRW|61200|20170929|1300|
C|005186|2017|50003724800003|001|4300008587|00010|UFDC0003|30|EA|15280|KRW|458400|20170929|1300|
C|005186|2017|50003724800004|001|4300008588|00030|UDFC0175|1|EA|35830|KRW|35830|20170929|1300|
C|005186|2017|50003724800005|001|4300008588|00100|UHTC0771|1|EA|18600|KRW|18600|20170929|1300|
C|005186|2017|50003724800006|001|4300008588|00110|UZZC0029|20|EA|11550|KRW|231000|20170929|1300|
C|005186|2017|50003724800007|001|4300008588|00140|UEBC1018|3|EA|21600|KRW|64800|20170929|1300|
C|005186|2017|50003724800008|001|4300008607|00020|UHTC0826|2|EA|150800|KRW|301600|20170929|1300|
C|005186|2017|50003724800009|001|4300008609|00020|UAEC0358|2|EA|53445|KRW|106890|20170929|1300|
C|005186|2017|50003724800010|001|4300008615|00160|UKBC0014|1|EA|52500|KRW|52500|20170929|1300|
C|005186|2017|50003724800011|001|4300008615|00280|UKEC0010|10|EA|1530|KRW|15300|20170929|1300|
C|005186|2017|50003724800012|001|4300008627|00030|UAEC0030|6|EA|15750|KRW|94500|20170929|1300|
C|005186|2017|50003724800013|001|4300008627|00040|UAEC0055|6|EA|15380|KRW|92280|20170929|1300|
C|005186|2017|50003724800014|001|4300008628|00040|UAEC0209|6|EA|9100|KRW|54600|20170929|1300|
C|005186|2017|50003724800015|001|4300008628|00050|UAEC0210|6|EA|9100|KRW|54600|20170929|1300|
C|005186|2017|50003724800016|001|4300008629|00020|UADC0013|8|EA|4800|KRW|38400|20170929|1300|
C|005186|2017|50003724800017|001|4300008629|00030|UAEC0138|2|EA|12600|KRW|25200|20170929|1300|
C|005186|2017|50003724800018|001|4300008629|00040|UAEC0132|2|EA|9030|KRW|18060|20170929|1300|
C|005186|2017|50003724800019|001|4300008636|00030|UHTC0826|2|EA|150800|KRW|301600|20170929|1300|
C|005186|2017|50003724800020|001|4300008636|00070|UDBC0070|2|EA|13060|KRW|26120|20170929|1300|
C|005186|2017|50003724810001|001|4300008530|00020|UGCC0914|50|EA|12700|KRW|635000|20170929|1300|
C|005186|2017|50003724810002|001|4300008532|00060|UDFC0059|30|EA|8400|KRW|252000|20170929|1300|
C|005186|2017|50003724810003|001|4300008532|00070|UDFC0059|20|EA|8400|KRW|168000|20170929|1300|
C|005186|2017|50003724810004|001|4300008577|00020|UJBC0045|4|EA|121800|KRW|487200|20170929|1300|
C|005186|2017|50003724810005|001|4300008581|00220|UGCC1020|2|EA|68370|KRW|136740|20170929|1300|
C|005186|2017|50003724810006|001|4300008582|00050|UGCC1082|2|EA|85800|KRW|171600|20170929|1300|
C|005186|2017|50003724810007|001|4300008583|00010|UGCC0973|8|EA|154000|KRW|1232000|20170929|1300|
C|005186|2017|50003724810008|001|4300008586|00010|UJBC0058|1|EA|30980|KRW|30980|20170929|1300|
C|005186|2017|50003724810009|001|4300008587|00020|UJBC0017|2|EA|37380|KRW|74760|20170929|1300|
C|005186|2017|50003724810010|001|4300008588|00090|UBBC0006|1|EA|103370|KRW|103370|20170929|1300|
C|005186|2017|50003724810011|001|4300008588|00120|UCHC0018|1|EA|11040|KRW|11040|20170929|1300|
C|005186|2017|50003724810012|001|4300008588|00130|UGCC0042|1|EA|90000|KRW|90000|20170929|1300|
C|005186|2017|50003724810013|001|4300008589|00020|UHTC0720|21|EA|24700|KRW|518700|20170929|1300|
C|005186|2017|50003724810014|001|4300008598|00040|UGCC1243|10|EA|6950|KRW|69500|20170929|1300|
C|005186|2017|50003724810015|001|4300008604|00010|UHTC0713|40|EA|35700|KRW|1428000|20170929|1300|
C|005186|2017|50003724810016|001|4300008605|00010|UHTC0713|20|EA|35700|KRW|714000|20170929|1300|
C|005186|2017|50003724810017|001|4300008606|00010|UHTC0720|60|EA|24700|KRW|1482000|20170929|1300|
C|005186|2017|50003724810018|001|4300008629|00060|UHTC0550|20|EA|5260|KRW|105200|20170929|1300|
C|005186|2017|50003724810019|001|4300008634|00030|UHTC0661|10|EA|56700|KRW|567000|20170929|1300|
C|005186|2017|50003724820001|001|4300008553|00160|CMZ0009|100|EA|920|KRW|92000|20170929|1300|
