C|005186|2019|50005081430001|001|4300014124|00020|UKGC0008|7|EA|2940|KRW|20580|20190726|1300|
C|005186|2019|50005081430002|001|4300014124|00030|UIEC0035|10|EA|37800|KRW|378000|20190726|1300|
C|005186|2019|50005081430003|001|4300014171|00010|UKEC0018|20|EA|15300|KRW|30600|20190726|1300|
C|005186|2019|50005081430004|001|4300014171|00020|UKEC0023|20|EA|1530|KRW|30600|20190726|1300|
C|005186|2019|50005081430005|001|4300014171|00030|UKEC0024|20|EA|15200|KRW|30400|20190726|1300|
C|005186|2019|50005081430006|001|4300014174|00010|UCEC0038|1|EA|25900|KRW|25900|20190726|1300|
C|005186|2019|50005081430007|001|4300014177|00010|UDFC0122|10|EA|656500|KRW|1313000|20190726|1300|
C|005186|2019|50005081430008|001|4300014178|00010|CMB0010|110|EA|1280|KRW|140800|20190726|1300|
C|005186|2019|50005081430009|001|4300014183|00040|CMB0010|200|EA|1280|KRW|256000|20190726|1300|
C|005186|2019|50005081430010|001|4300014199|00020|UAGC0520|2|EA|19930|KRW|39860|20190726|1300|
C|005186|2019|50005081430011|001|4300014199|00080|UHHC0136|2|EA|96600|KRW|193200|20190726|1300|
C|005186|2019|50005081430012|001|4300014199|00090|UADC0145|2|EA|70702|KRW|141404|20190726|1300|
C|005186|2019|50005081430013|001|4300014199|00100|UADC0170|2|EA|4530|KRW|9060|20190726|1300|
C|005186|2019|50005081430014|001|4300014199|00110|UADC0171|2|EA|4530|KRW|9060|20190726|1300|
C|005186|2019|50005081430015|001|4300014199|00120|UADC0172|2|EA|4530|KRW|9060|20190726|1300|
C|005186|2019|50005081430016|001|4300014199|00130|UADC0176|2|EA|3520|KRW|3520|20190726|1300|
C|005186|2019|50005081430017|001|4300014202|00020|UGCC0630|1|EA|36750|KRW|36750|20190726|1300|
C|005186|2019|50005081510001|001|4300014182|00010|CMF0005|1|EA|18700|KRW|18700|20190726|1300|
C|005186|2019|50005081510002|001|4300014182|00040|CMC0005|100|EA|150|KRW|15000|20190726|1300|
C|005186|2019|50005081510003|001|4300014182|00060|CMA0008|100|EA|470|KRW|47000|20190726|1300|
C|005186|2019|50005081510004|001|4300014182|00080|CMB0001|200|EA|520|KRW|104000|20190726|1300|
C|005186|2019|50005081510005|001|4300014182|00100|CMA0007|500|EA|151|KRW|75500|20190726|1300|
C|005186|2019|50005081510006|001|4300014182|00110|CMA0001|800|EA|151|KRW|120800|20190726|1300|
C|005186|2019|50005081520001|001|4300014182|00020|CME0008|10|EA|1950|KRW|19500|20190726|1300|
C|005186|2019|50005081530001|001|4300014183|00020|CMA0028|10|EA|7350|KRW|73500|20190726|1300|
C|005186|2019|50005081530002|001|4300014183|00030|CMA0017|10|EA|770|KRW|7700|20190726|1300|
C|005186|2019|50005081530003|001|4300014183|00050|CMA0001|200|EA|151|KRW|30200|20190726|1300|
C|005186|2019|50005081530004|001|4300014183|00060|CMA0007|100|EA|151|KRW|15100|20190726|1300|
C|005186|2019|50005081530005|001|4300014183|00070|CMD0016|4|EA|29000|KRW|116000|20190726|1300|
C|005186|2019|50005081540001|001|4300014178|00080|CMA0014|30|EA|320|KRW|9600|20190726|1300|
C|005186|2019|50005081550001|001|4300014178|00020|CMA0028|10|EA|7350|KRW|73500|20190726|1300|
C|005186|2019|50005081550002|001|4300014178|00030|CMA0001|100|EA|151|KRW|15100|20190726|1300|
C|005186|2019|50005081550003|001|4300014178|00040|CMA0007|300|EA|151|KRW|45300|20190726|1300|
C|005186|2019|50005081550004|001|4300014178|00050|CMD0016|2|EA|29000|KRW|58000|20190726|1300|
C|005186|2019|50005081550005|001|4300014178|00060|CMC0005|5|EA|150|KRW|750|20190726|1300|
C|005186|2019|50005081550006|001|4300014178|00070|CMC0003|5|EA|310|KRW|1550|20190726|1300|
C|005186|2019|50005081550007|001|4300014178|00090|CMD0016|2|EA|29000|KRW|58000|20190726|1300|
C|005186|2019|50005081560001|001|4300014181|00010|CMA0001|120|EA|151|KRW|18120|20190726|1300|
C|005186|2019|50005081560002|001|4300014181|00020|CMA0007|70|EA|151|KRW|10570|20190726|1300|
C|005186|2019|50005081560003|001|4300014181|00030|CMA0008|70|EA|470|KRW|32900|20190726|1300|
C|005186|2019|50005081560004|001|4300014181|00040|CMD0001|1|EA|8000|KRW|8000|20190726|1300|
C|005186|2019|50005081560005|001|4300014181|00070|CMF0005|3|EA|18700|KRW|56100|20190726|1300|
C|005186|2019|50005081570001|001|4300014185|00010|CMA0017|1|EA|770|KRW|770|20190726|1300|
C|005186|2019|50005081570002|001|4300014185|00020|CMD0001|2|EA|8000|KRW|16000|20190726|1300|
C|005186|2019|50005081570003|001|4300014185|00040|CMF0005|4|EA|18700|KRW|74800|20190726|1300|
C|005186|2019|50005081570004|001|4300014185|00070|CMB0002|190|EA|2100|KRW|399000|20190726|1300|
C|005186|2019|50005081570005|001|4300014185|00080|CMA0001|350|EA|151|KRW|52850|20190726|1300|
C|005186|2019|50005081570006|001|4300014185|00090|CMA0007|350|EA|151|KRW|52850|20190726|1300|
C|005186|2019|50005081580001|001|4300014188|00010|CMA0007|120|EA|151|KRW|18120|20190726|1300|
C|005186|2019|50005081590001|001|4300014179|00020|CMA0001|500|EA|151|KRW|75500|20190726|1300|
C|005186|2019|50005081590002|001|4300014179|00030|CMA0007|50|EA|151|KRW|7550|20190726|1300|
C|005186|2019|50005081590003|001|4300014179|00040|CMA0017|15|EA|770|KRW|11550|20190726|1300|
C|005186|2019|50005081590004|001|4300014179|00080|CMF0005|3|EA|18700|KRW|56100|20190726|1300|
C|005186|2019|50005081590005|001|4300014179|00090|CMB0011|120|EA|2220|KRW|266400|20190726|1300|
C|005186|2019|50005081590006|001|4300014179|00100|CMD0011|1|EA|24100|KRW|24100|20190726|1300|
C|005186|2019|50005081590007|001|4300014179|00110|CMD0012|2|EA|22000|KRW|44000|20190726|1300|
C|005186|2019|50005081590008|001|4300014179|00120|CMD0016|1|EA|29000|KRW|29000|20190726|1300|
C|005186|2019|50005081590009|001|4300014179|00130|CME0005|20|EA|2600|KRW|52000|20190726|1300|
C|005186|2019|50005081600001|001|4300014179|00070|CME0013|2|EA|11880|KRW|23760|20190726|1300|
C|005186|2019|50005081610001|001|4300014189|00040|CMG0001|10|EA|1290|KRW|12900|20190726|1300|
C|005186|2019|50005081620001|001|4300013383|00040|CMG0001|20|EA|1290|KRW|25800|20190726|1300|
C|005186|2019|50005081630001|001|4300014189|00050|CMB0001|40|EA|520|KRW|20800|20190726|1300|
C|005186|2019|50005081630002|001|4300014189|00060|CMA0007|50|EA|151|KRW|7550|20190726|1300|
C|005186|2019|50005081630003|001|4300014189|00070|CMD0012|1|EA|22000|KRW|22000|20190726|1300|
C|005186|2019|50005081630004|001|4300014189|00080|CMD0016|1|EA|29000|KRW|29000|20190726|1300|
C|005186|2019|50005081630005|001|4300014189|00090|CMH0004|5|EA|600|KRW|3000|20190726|1300|
C|005186|2019|50005081630006|001|4300014189|00100|CMH0006|5|EA|460|KRW|2300|20190726|1300|
C|005186|2019|50005081630007|001|4300014189|00110|CMH0005|5|EA|720|KRW|3600|20190726|1300|
C|005186|2019|50005081640001|001|4300014205|00010|CME0004|25|EA|7100|KRW|177500|20190726|1300|
C|005186|2019|50005081650001|001|4300014180|00010|CMA0001|60|EA|151|KRW|9060|20190726|1300|
C|005186|2019|50005081650002|001|4300014180|00020|CMA0007|200|EA|151|KRW|30200|20190726|1300|
C|005186|2019|50005081650003|001|4300014180|00030|CMB0001|20|EA|520|KRW|10400|20190726|1300|
C|005186|2019|50005081650004|001|4300014180|00070|CMZ0032|3|EA|1300|KRW|3900|20190726|1300|
