C|005186|2014|50000911080001|001|4300001623|00040|UFGC0007|3|EA|35180|KRW|105540|20140814|1300|
C|005186|2014|50000911080002|001|4300001623|00060|UJCC0014|800|EA|641|KRW|512800|20140814|1300|
C|005186|2014|50000911080003|001|4300001623|00080|UGAC0056|3|EA|139760|KRW|419280|20140814|1300|
C|005186|2014|50000911080004|001|4300001623|00090|UGAC0053|1|EA|69880|KRW|69880|20140814|1300|
C|005186|2014|50000911080005|001|4300001623|00100|UGCC0240|10|EA|16900|KRW|169000|20140814|1300|
C|005186|2014|50000911080006|001|4300001623|00110|UKBC0010|1|EA|91480|KRW|91480|20140814|1300|
C|005186|2014|50000911080007|001|4300001623|00120|UZZC0079|4|EA|10500|KRW|42000|20140814|1300|
C|005186|2014|50000911080008|001|4300001623|00130|UCFC0006|10|EA|8210|KRW|82100|20140814|1300|
C|005186|2014|50000911080009|001|4300001623|00150|UJCC0043|2000|EA|70|KRW|140000|20140814|1300|
C|005186|2014|50000911080010|001|4300001623|00170|UGCC0531|1|EA|175000|KRW|175000|20140814|1300|
C|005186|2014|50000911080011|001|4300001623|00180|UZZC0033|2|EA|41700|KRW|83400|20140814|1300|
C|005186|2014|50000911080012|001|4300001623|00210|UADC0084|12|EA|8870|KRW|106440|20140814|1300|
C|005186|2014|50000911080013|001|4300001623|00250|UKBC0010|1|EA|91480|KRW|91480|20140814|1300|
C|005186|2014|50000911080014|001|4300001623|00270|UKBC0010|1|EA|91480|KRW|91480|20140814|1300|
C|005186|2014|50000911090001|001|4300001620|00070|UKEC0010|1|EA|1530|KRW|1530|20140814|1300|
C|005186|2014|50000911090002|001|4300001623|00310|UJBC0045|1|EA|121800|KRW|121800|20140814|1300|
C|005186|2014|50000911090003|001|4300001623|00320|UGBC1344|3|EA|509000|KRW|1527000|20140814|1300|
C|005186|2014|50000911100001|001|4300001620|00010|UDBC0622|300|EA|186|KRW|55800|20140814|1300|
C|005186|2014|50000911100002|001|4300001620|00020|UDBC0368|300|EA|21|KRW|6300|20140814|1300|
C|005186|2014|50000911100003|001|4300001620|00030|UDBC0342|300|EA|38|KRW|11400|20140814|1300|
C|005186|2014|50000911100004|001|4300001620|00040|UDBC0743|300|EA|10|KRW|3000|20140814|1300|
C|005186|2014|50000911100005|001|4300001620|00050|UDBC0713|300|EA|16|KRW|4800|20140814|1300|
C|005186|2014|50000911100006|001|4300001620|00110|UAJC0075|50|EA|720|KRW|36000|20140814|1300|
C|005186|2014|50000911100007|001|4300001620|00120|UDFC0041|50|EA|1580|KRW|79000|20140814|1300|
C|005186|2014|50000911100008|001|4300001620|00130|UEBC0071|1|EA|104800|KRW|104800|20140814|1300|
C|005186|2014|50000911100009|001|4300001620|00140|UEBC1170|1|EA|116000|KRW|116000|20140814|1300|
C|005186|2014|50000911100010|001|4300001620|00150|UEBC0154|4|EA|9500|KRW|38000|20140814|1300|
C|005186|2014|50000911100011|001|4300001620|00160|UDFC0030|1|EA|75600|KRW|75600|20140814|1300|
C|005186|2014|50000911100012|001|4300001620|00170|UDBC0874|50|EA|95|KRW|4750|20140814|1300|
C|005186|2014|50000911100013|001|4300001620|00180|UDBC0875|50|EA|230|KRW|11500|20140814|1300|
C|005186|2014|50000911100014|001|4300001620|00190|UCKC0092|2|EA|183170|KRW|366340|20140814|1300|
C|005186|2014|50000911100015|001|4300001620|00200|UDBC0018|300|EA|80|KRW|24000|20140814|1300|
C|005186|2014|50000911100016|001|4300001620|00210|UDBC0019|300|EA|90|KRW|27000|20140814|1300|
C|005186|2014|50000911100017|001|4300001620|00220|UDBC0020|300|EA|100|KRW|30000|20140814|1300|
C|005186|2014|50000911100018|001|4300001620|00230|UDBC0179|300|EA|68|KRW|20400|20140814|1300|
C|005186|2014|50000911100019|001|4300001620|00240|UDBC0180|300|EA|74|KRW|22200|20140814|1300|
C|005186|2014|50000911100020|001|4300001620|00260|UDBC0387|300|EA|194|KRW|58200|20140814|1300|
C|005186|2014|50000911110001|001|4300001620|00060|UHTC0121|10|EA|33600|KRW|336000|20140814|1300|
C|005186|2014|50000911110002|001|4300001620|00080|UHNC0090|1|EA|156000|KRW|156000|20140814|1300|
C|005186|2014|50000911110003|001|4300001620|00090|UHGC0071|10|EA|49560|KRW|495600|20140814|1300|
C|005186|2014|50000911110004|001|4300001620|00100|UHFC0290|10|EA|26250|KRW|262500|20140814|1300|
C|005186|2014|50000911110005|001|4300001623|00020|UHDC0198|70|EA|10500|KRW|735000|20140814|1300|
C|005186|2014|50000911110006|001|4300001623|00030|UHDC0199|70|EA|10500|KRW|735000|20140814|1300|
C|005186|2014|50000911120001|001|4300001623|00070|UEBC0155|100|EA|8230|KRW|823000|20140814|1300|
C|005186|2014|50000911120002|001|4300001623|00140|UAEC0115|30|EA|7780|KRW|233400|20140814|1300|
C|005186|2014|50000911120003|001|4300001623|00160|UAEC0363|2|EA|376215|KRW|752430|20140814|1300|
C|005186|2014|50000911120004|001|4300001623|00240|UDFC0132|20|EA|1580|KRW|31600|20140814|1300|
C|005186|2014|50000911120005|001|4300001623|00280|UDBC0741|300|EA|18|KRW|5400|20140814|1300|
C|005186|2014|50000911120006|001|4300001623|00290|UDBC0800|300|EA|65|KRW|19500|20140814|1300|
C|005186|2014|50000911120007|001|4300001623|00300|UAJC0049|30|EA|390|KRW|11700|20140814|1300|
