C|005186|2020|50005874610001|001|4300017898|00010|UHNC0136|1|EA|947380|KRW|947380|20200910|1300|
C|005186|2020|50005874610002|001|4300017898|00020|UHGC0331|3|EA|249900|KRW|749700|20200910|1300|
C|005186|2020|50005874610003|001|4300017898|00030|UHDC0171|2|EA|24780|KRW|49560|20200910|1300|
C|005186|2020|50005874610004|001|4300017898|00040|UHDC0211|2|EA|31600|KRW|63200|20200910|1300|
C|005186|2020|50005874610005|001|4300017898|00050|UHFC0189|1|EA|27300|KRW|27300|20200910|1300|
C|005186|2020|50005874610006|001|4300017899|00010|UHTC0465|30|EA|138900|KRW|416700|20200910|1300|
C|005186|2020|50005874610007|001|4300017899|00020|UHGC0336|1|EA|347000|KRW|347000|20200910|1300|
C|005186|2020|50005874610008|001|4300017899|00030|UHGC0337|1|EA|233000|KRW|233000|20200910|1300|
C|005186|2020|50005874610009|001|4300017899|00040|UHGC0338|1|EA|175000|KRW|175000|20200910|1300|
C|005186|2020|50005874610010|001|4300017899|00050|UHHC0060|2|EA|412650|KRW|825300|20200910|1300|
C|005186|2020|50005874610011|001|4300017919|00010|UHFC0437|5|EA|63600|KRW|63600|20200910|1300|
C|005186|2020|50005874610012|001|4300017919|00020|UHFC0438|5|EA|70490|KRW|70490|20200910|1300|
C|005186|2020|50005874610013|001|4300017919|00030|UHEC0041|2|EA|270000|KRW|540000|20200910|1300|
C|005186|2020|50005874610014|001|4300017919|00040|UHGC0365|10|EA|54500|KRW|545000|20200910|1300|
C|005186|2020|50005874610015|001|4300017920|00010|UHCC0014|2|EA|395790|KRW|791580|20200910|1300|
C|005186|2020|50005874610016|001|4300017920|00020|UHGC0054|5|EA|16200|KRW|81000|20200910|1300|
C|005186|2020|50005874610017|001|4300017920|00030|UHDC0245|5|EA|312500|KRW|312500|20200910|1300|
C|005186|2020|50005874610018|001|4300017920|00040|UHDC0256|5|EA|62540|KRW|312700|20200910|1300|
C|005186|2020|50005874610019|001|4300017921|00040|UHNC0113|1|EA|772800|KRW|772800|20200910|1300|
C|005186|2020|50005874620001|001|4300017903|00020|UAAC0032|5|EA|43990|KRW|43990|20200910|1300|
C|005186|2020|50005874620002|001|4300017903|00030|UAIC0002|10|EA|3680|KRW|36800|20200910|1300|
C|005186|2020|50005874620003|001|4300017906|00010|KP100301|2|EA|31200|KRW|62400|20200910|1300|
C|005186|2020|50005874620004|001|4300017906|00130|KT020004|1|EA|5600|KRW|5600|20200910|1300|
C|005186|2020|50005874620005|001|4300017906|00140|KT020007|3|EA|6860|KRW|20580|20200910|1300|
C|005186|2020|50005874620006|001|4300017906|00150|KT020011|1|EA|10400|KRW|10400|20200910|1300|
C|005186|2020|50005874620007|001|4300017906|00160|KT020013|1|EA|13110|KRW|13110|20200910|1300|
C|005186|2020|50005874620008|001|4300017906|00170|KT020017|2|EA|18730|KRW|37460|20200910|1300|
C|005186|2020|50005874620009|001|4300017906|00180|KT020612|1|EA|44100|KRW|44100|20200910|1300|
C|005186|2020|50005874620010|001|4300017906|00190|KT020702|10|EA|470|KRW|4700|20200910|1300|
C|005186|2020|50005874620011|001|4300017906|00200|KT020704|20|EA|610|KRW|12200|20200910|1300|
C|005186|2020|50005874620012|001|4300017906|00210|KT080300|15.000|KG|13850|KRW|41550|20200910|1300|
C|005186|2020|50005874620013|001|4300017906|00220|KT080110|2|EA|25440|KRW|50880|20200910|1300|
C|005186|2020|50005874620014|001|4300017906|00230|KT990001|200|EA|5100|KRW|102000|20200910|1300|
C|005186|2020|50005874620015|001|4300017906|00240|KT990010|200|EA|3700|KRW|74000|20200910|1300|
C|005186|2020|50005874630001|001|4300017859|00030|UGBC0123|40|EA|5500|KRW|11000|20200910|1300|
C|005186|2020|50005874630002|001|4300017859|00040|UGBC0712|20|EA|8300|KRW|16600|20200910|1300|
C|005186|2020|50005874630003|001|4300017859|00050|UGBC1249|3|EA|187400|KRW|562200|20200910|1300|
C|005186|2020|50005874630004|001|4300017859|00060|UBCC0038|10|EA|89500|KRW|179000|20200910|1300|
C|005186|2020|50005874630005|001|4300017859|00070|UBCC0039|10|EA|37800|KRW|189000|20200910|1300|
C|005186|2020|50005874630006|001|4300017859|00080|UJCC0027|1|EA|100800|KRW|100800|20200910|1300|
C|005186|2020|50005874630007|001|4300017859|00090|UJCC0028|2|EA|100800|KRW|201600|20200910|1300|
C|005186|2020|50005874630008|001|4300017859|00100|UGBC0241|1|EA|115500|KRW|115500|20200910|1300|
C|005186|2020|50005874630009|001|4300017876|00020|UGBC1797|2|EA|194250|KRW|388500|20200910|1300|
C|005186|2020|50005874630010|001|4300017876|00030|UGBC1800|10|EA|920|KRW|9200|20200910|1300|
C|005186|2020|50005874630011|001|4300017876|00040|UGBC1801|20|EA|1420|KRW|28400|20200910|1300|
C|005186|2020|50005874630012|001|4300017876|00070|UGBC1805|5|EA|65100|KRW|325500|20200910|1300|
C|005186|2020|50005874640001|001|4300017894|00010|UGBC1816|1|EA|1123500|KRW|1123500|20200910|1300|
C|005186|2020|50005874640002|001|4300017894|00020|UGBC1817|20|EA|4100|KRW|82000|20200910|1300|
C|005186|2020|50005874640003|001|4300017894|00030|UGBC1818|20|EA|1260|KRW|25200|20200910|1300|
C|005186|2020|50005874640004|001|4300017895|00010|UGBC1819|20|EA|160500|KRW|321000|20200910|1300|
C|005186|2020|50005874640005|001|4300017895|00020|UGBC1820|20|EA|139100|KRW|278200|20200910|1300|
C|005186|2020|50005874640006|001|4300017895|00030|UGBC1821|20|EA|128400|KRW|256800|20200910|1300|
C|005186|2020|50005874640007|001|4300017895|00040|UGBC1822|30|EA|117700|KRW|353100|20200910|1300|
C|005186|2020|50005874640008|001|4300017895|00050|UGBC1823|30|EA|107000|KRW|321000|20200910|1300|
C|005186|2020|50005874640009|001|4300017896|00010|UGBC1825|1|EA|1239000|KRW|1239000|20200910|1300|
C|005186|2020|50005874640010|001|4300017897|00010|UGBC1825|1|EA|1239000|KRW|1239000|20200910|1300|
C|005186|2020|50005874640011|001|4300017934|00020|UCIC0235|1|EA|790000|KRW|790000|20200910|1300|
C|005186|2020|50005874640012|001|4300017935|00010|UCIC0172|1|EA|1852000|KRW|1852000|20200910|1300|
