C|005186|2014|50001036480001|001|4300001767|00010|UEBC0507|20|EA|6384|KRW|127680|20141015|1300|
C|005186|2014|50001036480002|001|4300001767|00020|UEBC0458|20|EA|2200|KRW|44000|20141015|1300|
C|005186|2014|50001036480003|001|4300001767|00050|UCIC0018|2|EA|8510|KRW|17020|20141015|1300|
C|005186|2014|50001036480004|001|4300001767|00060|UAEC0093|1|EA|33260|KRW|33260|20141015|1300|
C|005186|2014|50001036480005|001|4300001767|00100|UAEC0139|1|EA|11150|KRW|11150|20141015|1300|
C|005186|2014|50001036480006|001|4300001767|00110|UJBC0004|20|EA|4337|KRW|86740|20141015|1300|
C|005186|2014|50001036480007|001|4300001767|00130|UAGC0323|10|EA|14180|KRW|141800|20141015|1300|
C|005186|2014|50001036480008|001|4300001767|00140|UKEC0091|20|EA|1270|KRW|25400|20141015|1300|
C|005186|2014|50001036480009|001|4300001767|00150|UAAC0001|20|EA|1890|KRW|37800|20141015|1300|
C|005186|2014|50001036480010|001|4300001767|00720|UJCC0014|200|EA|641|KRW|128200|20141015|1300|
C|005186|2014|50001036480011|001|4300001767|00730|UIDC0086|1|EA|140000|KRW|140000|20141015|1300|
C|005186|2014|50001036480012|001|4300001767|00760|UAEC0033|3|EA|14940|KRW|44820|20141015|1300|
C|005186|2014|50001036480013|001|4300001767|00780|UAEC0029|40|EA|7500|KRW|300000|20141015|1300|
C|005186|2014|50001036480014|001|4300001767|00810|UHGC0171|1|EA|12070|KRW|12070|20141015|1300|
C|005186|2014|50001036480015|001|4300001767|00820|UHTC0233|1|EA|29900|KRW|29900|20141015|1300|
C|005186|2014|50001036480016|001|4300001767|00870|UEBC0441|4|EA|29560|KRW|118240|20141015|1300|
C|005186|2014|50001036480017|001|4300001785|00030|UAEC0095|1|EA|22630|KRW|22630|20141015|1300|
C|005186|2014|50001036480018|001|4300001785|00040|UAEC0079|4|EA|12075|KRW|48300|20141015|1300|
C|005186|2014|50001036480019|001|4300001785|00050|UAEC0074|4|EA|9110|KRW|36440|20141015|1300|
C|005186|2014|50001036480020|001|4300001785|00060|UAEC0198|3|EA|7270|KRW|21810|20141015|1300|
C|005186|2014|50001036480021|001|4300001785|00070|UAEC0197|3|EA|7270|KRW|21810|20141015|1300|
C|005186|2014|50001036480022|001|4300001785|00080|UHTC0290|1|EA|59970|KRW|59970|20141015|1300|
C|005186|2014|50001036480023|001|4300001785|00090|UDBC0843|10|EA|680|KRW|6800|20141015|1300|
C|005186|2014|50001036480024|001|4300001785|00100|UJBC0040|1|EA|75600|KRW|75600|20141015|1300|
C|005186|2014|50001036480025|001|4300001785|00110|UFAC0002|1|EA|18900|KRW|18900|20141015|1300|
C|005186|2014|50001036480026|001|4300001785|00140|UKBC0010|1|EA|91480|KRW|91480|20141015|1300|
C|005186|2014|50001036480027|001|4300001785|00160|UHTC0486|1|EA|46410|KRW|46410|20141015|1300|
C|005186|2014|50001036480028|001|4300001785|00170|UKBC0010|1|EA|91480|KRW|91480|20141015|1300|
C|005186|2014|50001036480029|001|4300001785|00180|UKBC0010|2|EA|91480|KRW|182960|20141015|1300|
C|005186|2014|50001036480030|001|4300001785|00190|UZZC0123|30|EA|6310|KRW|189300|20141015|1300|
C|005186|2014|50001036480031|001|4300001785|00200|UAIC0013|1|EA|45680|KRW|45680|20141015|1300|
C|005186|2014|50001036490001|001|4300001767|00190|UAGC0037|1|EA|21210|KRW|21210|20141015|1300|
C|005186|2014|50001036490002|001|4300001767|00620|UDEC0035|2|EA|100800|KRW|201600|20141015|1300|
C|005186|2014|50001036490003|001|4300001785|00320|UAGC0266|20|EA|1050|KRW|21000|20141015|1300|
C|005186|2014|50001036490004|001|4300001785|00330|UAGC0272|20|EA|1550|KRW|31000|20141015|1300|
C|005186|2014|50001036490005|001|4300001785|00350|UAGC0286|20|EA|2625|KRW|52500|20141015|1300|
C|005186|2014|50001036490006|001|4300001785|00360|UAGC0112|10|EA|690|KRW|6900|20141015|1300|
C|005186|2014|50001036490007|001|4300001785|00370|UAEC0396|2|EA|43000|KRW|86000|20141015|1300|
C|005186|2014|50001036500001|001|4300001785|00340|UAGC0277|20|EA|1870|KRW|37400|20141015|1300|
C|005186|2014|50001036510001|001|4300001786|00010|UGBC0771|20|EA|840|KRW|16800|20141015|1300|
C|005186|2014|50001036510002|001|4300001786|00020|UGBC0774|20|EA|1134|KRW|22680|20141015|1300|
C|005186|2014|50001036510003|001|4300001786|00030|UGBC0775|20|EA|1155|KRW|23100|20141015|1300|
C|005186|2014|50001036510004|001|4300001786|00040|UGBC0776|20|EA|1313|KRW|26260|20141015|1300|
C|005186|2014|50001036510005|001|4300001786|00050|UGBC0780|30|EA|570|KRW|17100|20141015|1300|
C|005186|2014|50001036510006|001|4300001786|00060|UGBC0781|30|EA|580|KRW|17400|20141015|1300|
C|005186|2014|50001036510007|001|4300001786|00070|UGBC0782|30|EA|720|KRW|21600|20141015|1300|
C|005186|2014|50001036510008|001|4300001786|00080|UGBC0783|30|EA|830|KRW|24900|20141015|1300|
C|005186|2014|50001036510009|001|4300001786|00090|UGBC0789|20|EA|690|KRW|13800|20141015|1300|
C|005186|2014|50001036510010|001|4300001786|00100|UGBC0787|20|EA|720|KRW|14400|20141015|1300|
C|005186|2014|50001036510011|001|4300001786|00110|UGBC0788|20|EA|920|KRW|18400|20141015|1300|
C|005186|2014|50001036510012|001|4300001786|00120|UGBC0790|20|EA|1230|KRW|24600|20141015|1300|
C|005186|2014|50001036510013|001|4300001786|00130|UGBC0798|20|EA|540|KRW|10800|20141015|1300|
C|005186|2014|50001036510014|001|4300001786|00140|UGBC0761|20|EA|820|KRW|16400|20141015|1300|
C|005186|2014|50001036510015|001|4300001786|00150|UGBC0762|20|EA|1030|KRW|20600|20141015|1300|
C|005186|2014|50001036510016|001|4300001786|00160|UGBC0763|20|EA|2100|KRW|42000|20141015|1300|
C|005186|2014|50001036520001|001|4300001767|00180|UGBC1308|10|EA|24210|KRW|242100|20141015|1300|
C|005186|2014|50001036520002|001|4300001767|00200|UCIC0107|1|EA|336000|KRW|336000|20141015|1300|
C|005186|2014|50001036520003|001|4300001767|00580|UGBC0275|3|EA|126000|KRW|378000|20141015|1300|
C|005186|2014|50001036520004|001|4300001767|00590|UCIC0031|1|EA|432640|KRW|432640|20141015|1300|
C|005186|2014|50001036520005|001|4300001767|00600|UGBC1370|2|EA|429000|KRW|858000|20141015|1300|
C|005186|2014|50001036520006|001|4300001784|00010|UCIC0172|1|EA|1852000|KRW|1852000|20141015|1300|
C|005186|2014|50001036520007|001|4300001785|00230|UGBC1285|1|EA|189500|KRW|189500|20141015|1300|
C|005186|2014|50001036520008|001|4300001785|00390|UCIC0068|1|EA|556500|KRW|556500|20141015|1300|
C|005186|2014|50001036530001|001|4300001767|00290|UGCC0741|2|EA|44710|KRW|89420|20141015|1300|
C|005186|2014|50001036530002|001|4300001767|00310|UGCC0360|1|EA|55650|KRW|55650|20141015|1300|
C|005186|2014|50001036530003|001|4300001767|00320|UGCC0383|2|EA|47300|KRW|94600|20141015|1300|
C|005186|2014|50001036530004|001|4300001767|00750|UGCC0733|2|EA|104700|KRW|209400|20141015|1300|
