C|005186|2019|50004725680001|001|4300012405|00010|UGCC1464|6|EA|273000|KRW|1638000|20190131|1300|
C|005186|2019|50004725680002|001|4300012443|00030|UGBC0868|4|EA|312900|KRW|1251600|20190131|1300|
C|005186|2019|50004725680003|001|4300012518|00070|CMB0010|130|EA|1280|KRW|166400|20190131|1300|
C|005186|2019|50004725680004|001|4300012519|00010|CMB0010|110|EA|1280|KRW|140800|20190131|1300|
C|005186|2019|50004725690001|001|4300012458|00010|UGBC1717|50|EA|30750|KRW|153750|20190131|1300|
C|005186|2019|50004725690002|001|4300012458|00020|UGBC1718|100|EA|34650|KRW|346500|20190131|1300|
C|005186|2019|50004725690003|001|4300012459|00020|UKEC0117|6|EA|18850|KRW|113100|20190131|1300|
C|005186|2019|50004725690004|001|4300012468|00010|UICC0026|2|EA|8820|KRW|17640|20190131|1300|
C|005186|2019|50004725690005|001|4300012468|00020|UICC0034|1|EA|23100|KRW|23100|20190131|1300|
C|005186|2019|50004725690006|001|4300012469|00020|UKEC0091|30|EA|12700|KRW|38100|20190131|1300|
C|005186|2019|50004725690007|001|4300012469|00030|UAGC0064|1|EA|112630|KRW|112630|20190131|1300|
C|005186|2019|50004725690008|001|4300012469|00040|UCGC0001|5|EA|33800|KRW|33800|20190131|1300|
C|005186|2019|50004725690009|001|4300012469|00050|UAGC0028|10|EA|48200|KRW|241000|20190131|1300|
C|005186|2019|50004725690010|001|4300012469|00060|UEBC0476|10|EA|14000|KRW|28000|20190131|1300|
C|005186|2019|50004725690011|001|4300012469|00070|UCKC0107|1|EA|477000|KRW|477000|20190131|1300|
C|005186|2019|50004725690012|001|4300012469|00100|UALC0024|15|EA|132500|KRW|397500|20190131|1300|
C|005186|2019|50004725690013|001|4300012469|00110|UALC0022|10|EA|100700|KRW|201400|20190131|1300|
C|005186|2019|50004725690014|001|4300012469|00120|UALC0088|5|EA|190800|KRW|190800|20190131|1300|
C|005186|2019|50004725690015|001|4300012470|00010|UALC0023|10|EA|111300|KRW|222600|20190131|1300|
C|005186|2019|50004725690016|001|4300012470|00050|UALC0117|200|EA|126000|KRW|252000|20190131|1300|
C|005186|2019|50004725690017|001|4300012470|00060|UADC0108|6|EA|5040|KRW|15120|20190131|1300|
C|005186|2019|50004725690018|001|4300012471|00010|UGCC0914|50|EA|12700|KRW|635000|20190131|1300|
C|005186|2019|50004725690019|001|4300012471|00020|UHTC0486|3|EA|46410|KRW|139230|20190131|1300|
C|005186|2019|50004725690020|001|4300012471|00030|UAGC0434|1|EA|227360|KRW|227360|20190131|1300|
C|005186|2019|50004725690021|001|4300012471|00040|UAEC0079|2|EA|12075|KRW|24150|20190131|1300|
C|005186|2019|50004725690022|001|4300012471|00050|UAEC0419|10|EA|1300|KRW|13000|20190131|1300|
C|005186|2019|50004725690023|001|4300012471|00060|UAEC0420|10|EA|1300|KRW|13000|20190131|1300|
C|005186|2019|50004725690024|001|4300012471|00070|UAEC0062|10|EA|5760|KRW|28800|20190131|1300|
C|005186|2019|50004725690025|001|4300012471|00080|UAEC0063|10|EA|6440|KRW|32200|20190131|1300|
C|005186|2019|50004725690026|001|4300012471|00090|UAEC0064|10|EA|6960|KRW|34800|20190131|1300|
C|005186|2019|50004725690027|001|4300012472|00020|UDAC0390|50|EA|261000|KRW|261000|20190131|1300|
C|005186|2019|50004725690028|001|4300012472|00030|UDAC0389|50|EA|197500|KRW|197500|20190131|1300|
C|005186|2019|50004725690029|001|4300012472|00040|UAEC0301|5|EA|57750|KRW|57750|20190131|1300|
C|005186|2019|50004725690030|001|4300012472|00050|UAEC0302|5|EA|50400|KRW|50400|20190131|1300|
C|005186|2019|50004725690031|001|4300012507|00010|UAEC0065|6|EA|12600|KRW|37800|20190131|1300|
C|005186|2019|50004725690032|001|4300012507|00020|UADC0095|2|EA|72730|KRW|145460|20190131|1300|
C|005186|2019|50004725700001|001|4300012451|00020|UHEC0032|10|EA|163200|KRW|816000|20190131|1300|
C|005186|2019|50004725700002|001|4300012473|00010|UHFC0205|50|EA|95500|KRW|477500|20190131|1300|
C|005186|2019|50004725700003|001|4300012473|00020|UHTC0234|5|EA|236250|KRW|236250|20190131|1300|
C|005186|2019|50004725700004|001|4300012473|00030|UHTC0576|10|EA|347300|KRW|347300|20190131|1300|
C|005186|2019|50004725700005|001|4300012473|00040|UHTC0578|5|EA|29000|KRW|29000|20190131|1300|
C|005186|2019|50004725700006|001|4300012473|00050|UHDC0233|10|EA|505000|KRW|505000|20190131|1300|
C|005186|2019|50004725700007|001|4300012473|00060|UHGC0296|2|EA|159000|KRW|318000|20190131|1300|
C|005186|2019|50004725700008|001|4300012474|00010|UHTC0250|20|EA|887300|KRW|1774600|20190131|1300|
C|005186|2019|50004725700009|001|4300012474|00020|UHFC0450|40|EA|1380|KRW|27600|20190131|1300|
C|005186|2019|50004725700010|001|4300012476|00010|UHGC0134|2|EA|756000|KRW|1512000|20190131|1300|
C|005186|2019|50004725700011|001|4300012477|00010|UHNC0134|1|EA|812640|KRW|812640|20190131|1300|
C|005186|2019|50004725700012|001|4300012477|00020|UHGC0351|10|EA|104860|KRW|1048600|20190131|1300|
C|005186|2019|50004725700013|001|4300012478|00010|UHGC0350|2|EA|743650|KRW|1487300|20190131|1300|
C|005186|2019|50004725700014|001|4300012479|00010|UHGC0352|3|EA|223630|KRW|670890|20190131|1300|
C|005186|2019|50004725700015|001|4300012503|00010|UHTC0249|3|EA|337050|KRW|1011150|20190131|1300|
C|005186|2019|50004725700016|001|4300012503|00020|UHBC0022|1|EA|430360|KRW|430360|20190131|1300|
C|005186|2019|50004725700017|001|4300012503|00030|UHDC0019|10|EA|367500|KRW|367500|20190131|1300|
C|005186|2019|50004725700018|001|4300012504|00010|UHGC0134|2|EA|756000|KRW|1512000|20190131|1300|
C|005186|2019|50004725700019|001|4300012504|00020|UHTC0559|3|EA|103160|KRW|309480|20190131|1300|
C|005186|2019|50004725700020|001|4300012504|00030|UHFC0448|5|EA|11400|KRW|57000|20190131|1300|
C|005186|2019|50004725700021|001|4300012505|00010|UHFC0399|1|EA|944000|KRW|944000|20190131|1300|
C|005186|2019|50004725700022|001|4300012505|00020|UHDC0254|2|EA|114480|KRW|228960|20190131|1300|
C|005186|2019|50004725700023|001|4300012505|00030|UHFC0273|1|EA|576850|KRW|576850|20190131|1300|
C|005186|2019|50004725700024|001|4300012506|00010|UHGC0330|3|EA|257250|KRW|771750|20190131|1300|
C|005186|2019|50004725700025|001|4300012506|00020|UHGC0139|1|EA|561750|KRW|561750|20190131|1300|
C|005186|2019|50004725710001|001|4300012443|00020|UHFC0155|2|EA|80430|KRW|160860|20190131|1300|
C|005186|2019|50004725710002|001|4300012457|00010|UHHC0211|50|EA|38000|KRW|1900000|20190131|1300|
C|005186|2019|50004725710003|001|4300012508|00010|UHHC0211|50|EA|38000|KRW|1900000|20190131|1300|
C|005186|2019|50004725720001|001|4300012453|00110|UGCC0210|30|EA|32900|KRW|98700|20190131|1300|
C|005186|2019|50004725720002|001|4300012453|00120|UGCC0211|20|EA|40000|KRW|80000|20190131|1300|
C|005186|2019|50004725720003|001|4300012453|00130|UGCC0214|20|EA|46000|KRW|92000|20190131|1300|
C|005186|2019|50004725720004|001|4300012467|00010|UEBC0133|10|EA|10450|KRW|20900|20190131|1300|
C|005186|2019|50004725720005|001|4300012467|00020|UDEC0098|300|EA|168000|KRW|1008000|20190131|1300|
C|005186|2019|50004725720006|001|4300012468|00050|UKEC0091|20|EA|12700|KRW|25400|20190131|1300|
C|005186|2019|50004725720007|001|4300012468|00060|UAAC0029|20|EA|18900|KRW|37800|20190131|1300|
C|005186|2019|50004725720008|001|4300012468|00070|UAGC0323|10|EA|141800|KRW|141800|20190131|1300|
C|005186|2019|50004725720009|001|4300012469|00010|UADC0040|20|EA|78800|KRW|157600|20190131|1300|
C|005186|2019|50004725720010|001|4300012469|00080|UFAC0002|2|EA|18900|KRW|37800|20190131|1300|
C|005186|2019|50004725720011|001|4300012470|00040|UKAC0045|1|EA|188500|KRW|188500|20190131|1300|
C|005186|2019|50004725730001|001|4300012400|00100|UJAC1549|15|EA|1940|KRW|29100|20190131|1300|
C|005186|2019|50004725730002|001|4300012445|00080|UJAC0088|16|EA|98700|KRW|789600|20190131|1300|
C|005186|2019|50004725730003|001|4300012446|00010|UJAC0087|16|EA|89680|KRW|717440|20190131|1300|
C|005186|2019|50004725730004|001|4300012446|00060|UJCC0058|2|EA|12630|KRW|25260|20190131|1300|
C|005186|2019|50004725730005|001|4300012449|00040|UEBC0577|5|EA|7900|KRW|7900|20190131|1300|
C|005186|2019|50004725730006|001|4300012456|00010|UJAC0071|2|EA|14070|KRW|14070|20190131|1300|
C|005186|2019|50004725730007|001|4300012460|00010|UZZC0183|100|EA|765000|KRW|1530000|20190131|1300|
C|005186|2019|50004725730008|001|4300012500|00010|UJAC0148|1|EA|110250|KRW|110250|20190131|1300|
C|005186|2019|50004725740001|001|4300012470|00020|UJAC0079|2|EA|52500|KRW|52500|20190131|1300|
C|005186|2019|50004725740002|001|4300012470|00030|UJAC0080|2|EA|60900|KRW|60900|20190131|1300|
C|005186|2019|50004725750001|001|4300012147|00020|UCCC0013|2|EA|401000|KRW|802000|20190131|1300|
C|005186|2019|50004725760001|001|4300012443|00010|UCIC0031|1|EA|432640|KRW|432640|20190131|1300|
C|005186|2019|50004725760002|001|4300012444|00010|UBCC0060|1|EA|466400|KRW|466400|20190131|1300|
C|005186|2019|50004725760003|001|4300012449|00070|UCEC0012|5|EA|50400|KRW|252000|20190131|1300|
C|005186|2019|50004725760004|001|4300012449|00080|UJCC0053|10|EA|420000|KRW|420000|20190131|1300|
C|005186|2019|50004725760005|001|4300012454|00010|UGBC1720|10|EA|45350|KRW|90700|20190131|1300|
C|005186|2019|50004725760006|001|4300012454|00020|UGBC1721|10|EA|131750|KRW|263500|20190131|1300|
C|005186|2019|50004725760007|001|4300012454|00030|UGBC1722|2|EA|71400|KRW|142800|20190131|1300|
C|005186|2019|50004725760008|001|4300012454|00050|UGBC1725|2|EA|52500|KRW|105000|20190131|1300|
C|005186|2019|50004725760009|001|4300012454|00060|UGBC1726|5|EA|147000|KRW|735000|20190131|1300|
C|005186|2019|50004725760010|001|4300012455|00030|UGBC1728|10|EA|28500|KRW|57000|20190131|1300|
C|005186|2019|50004725780001|001|4300012511|00020|UAGC0324|1|EA|330800|KRW|330800|20190131|1300|
C|005186|2019|50004725780002|001|4300012523|00050|UHTC0233|5|EA|149500|KRW|149500|20190131|1300|
C|005186|2019|50004725780003|001|4300012527|00020|UZZC0153|10|EA|3180|KRW|31800|20190131|1300|
C|005186|2019|50004725780004|001|4300012527|00040|UIEC0083|10|EA|17790|KRW|177900|20190131|1300|
C|005186|2019|50004725780005|001|4300012575|00020|UGAC0065|1|EA|124800|KRW|124800|20190131|1300|
C|005186|2019|50004725780006|001|4300012576|00020|UADC0081|5|EA|6720|KRW|33600|20190131|1300|
C|005186|2019|50004725780007|001|4300012576|00030|UAEC0056|6|EA|18000|KRW|54000|20190131|1300|
C|005186|2019|50004725790001|001|4300012527|00030|UDBC1056|100|EA|27750|KRW|55500|20190131|1300|
C|005186|2019|50004725790002|001|4300012580|00010|UHFC0237|2|EA|2415|KRW|4830|20190131|1300|
C|005186|2019|50004725790003|001|4300012580|00020|UAIC0012|1|EA|36610|KRW|36610|20190131|1300|
C|005186|2019|50004725790004|001|4300012583|00050|UHCC0007|1|EA|136500|KRW|136500|20190131|1300|
C|005186|2019|50004725800001|001|4300012577|00020|UHTC0486|2|EA|46410|KRW|92820|20190131|1300|
C|005186|2019|50004725800002|001|4300012577|00030|UADC0018|2|EA|17220|KRW|34440|20190131|1300|
C|005186|2019|50004725810001|001|4300012575|00030|UFGC0008|5|EA|35180|KRW|175900|20190131|1300|
C|005186|2019|50004725810002|001|4300012579|00010|UFGC0046|1|EA|237000|KRW|237000|20190131|1300|
C|005186|2019|50004725830001|001|4300012511|00030|UGCC0969|1|EA|190000|KRW|190000|20190131|1300|
C|005186|2019|50004725830002|001|4300012523|00030|UZZC0020|100|EA|33500|KRW|67000|20190131|1300|
C|005186|2019|50004725830003|001|4300012523|00040|UADC0026|2|EA|4000|KRW|4000|20190131|1300|
C|005186|2019|50004725830004|001|4300012525|00020|UHTC0782|20|EA|6890|KRW|137800|20190131|1300|
C|005186|2019|50004725830005|001|4300012526|00020|UGCC0546|2|EA|115500|KRW|231000|20190131|1300|
C|005186|2019|50004725830006|001|4300012575|00040|UCAC0010|4|EA|19690|KRW|78760|20190131|1300|
C|005186|2019|50004725840001|001|4300012509|00010|UGBC1587|10|EA|110000|KRW|1100000|20190131|1300|
C|005186|2019|50004725840002|001|4300012511|00070|UKBC0053|20|EA|10290|KRW|205800|20190131|1300|
C|005186|2019|50004725840003|001|4300012511|00080|UKEC0117|10|EA|18850|KRW|188500|20190131|1300|
C|005186|2019|50004725840004|001|4300012577|00010|UGBC1708|2|EA|89250|KRW|178500|20190131|1300|
C|005186|2019|50004725840005|001|4300012579|00020|UFGC0002|2|EA|36610|KRW|73220|20190131|1300|
C|005186|2019|50004725840006|001|4300012590|00010|UKBC0035|2|EA|62910|KRW|125820|20190131|1300|
C|005186|2019|50004725850001|001|4300012528|00010|UEBC0441|6|EA|29560|KRW|177360|20190131|1300|
C|005186|2019|50004725850002|001|4300012528|00020|UAHC0017|1|EA|332630|KRW|332630|20190131|1300|
C|005186|2019|50004725850003|001|4300012528|00030|UDBC0656|100|EA|6000|KRW|6000|20190131|1300|
C|005186|2019|50004725850004|001|4300012528|00040|UDBC0660|100|EA|26500|KRW|26500|20190131|1300|
C|005186|2019|50004725850005|001|4300012528|00050|UDBC0828|20|EA|1470|KRW|29400|20190131|1300|
C|005186|2019|50004725850006|001|4300012528|00060|UEBC1457|4|EA|36500|KRW|146000|20190131|1300|
C|005186|2019|50004725850007|001|4300012528|00070|UEBC1527|4|EA|115000|KRW|460000|20190131|1300|
C|005186|2019|50004725850008|001|4300012528|00080|UEBC0421|20|EA|19900|KRW|398000|20190131|1300|
C|005186|2019|50004725850009|001|4300012528|00090|UEBC0787|20|EA|17000|KRW|17000|20190131|1300|
C|005186|2019|50004725850010|001|4300012528|00120|UEBC0331|2|EA|14700|KRW|29400|20190131|1300|
C|005186|2019|50004725850011|001|4300012528|00130|UDAC0325|10|EA|1600|KRW|16000|20190131|1300|
C|005186|2019|50004725850012|001|4300012528|00140|UDAC0088|10|EA|1270|KRW|12700|20190131|1300|
C|005186|2019|50004725850013|001|4300012529|00010|UEBC1518|2|EA|675000|KRW|1350000|20190131|1300|
C|005186|2019|50004725850014|001|4300012529|00020|UEBC0073|20|EA|315800|KRW|315800|20190131|1300|
C|005186|2019|50004725850015|001|4300012583|00010|UCIC0191|1|EA|630700|KRW|630700|20190131|1300|
C|005186|2019|50004725850016|001|4300012583|00020|UEBC0300|2|EA|55350|KRW|110700|20190131|1300|
C|005186|2019|50004725850017|001|4300012583|00030|UCIC0081|1|EA|496840|KRW|496840|20190131|1300|
C|005186|2019|50004725850018|001|4300012591|00010|UEBC1518|2|EA|675000|KRW|1350000|20190131|1300|
C|005186|2019|50004725860001|001|4300012511|00010|UGCC0894|300|EA|300000|KRW|900000|20190131|1300|
C|005186|2019|50004725860002|001|4300012511|00040|UDBC0699|1|EA|9980|KRW|9980|20190131|1300|
C|005186|2019|50004725860003|001|4300012511|00050|UDBC0701|1|EA|6510|KRW|6510|20190131|1300|
C|005186|2019|50004725860004|001|4300012511|00060|UDBC0702|1|EA|8190|KRW|8190|20190131|1300|
C|005186|2019|50004725860005|001|4300012511|00090|UEBC0225|20|EA|14100|KRW|56400|20190131|1300|
C|005186|2019|50004725860006|001|4300012523|00010|UDAC0012|300|EA|300000|KRW|900000|20190131|1300|
C|005186|2019|50004725860007|001|4300012523|00060|UEBC1423|20|EA|13140|KRW|131400|20190131|1300|
C|005186|2019|50004725860008|001|4300012528|00110|UEBC0441|6|EA|29560|KRW|177360|20190131|1300|
C|005186|2019|50004725860009|001|4300012575|00010|UGCC0894|400|EA|300000|KRW|1200000|20190131|1300|
C|005186|2019|50004725860010|001|4300012589|00010|UAHC0009|1|EA|88200|KRW|88200|20190131|1300|
C|005186|2019|50004725870001|001|4300012449|00020|UHTC0768|10|EA|42500|KRW|425000|20190131|1300|
C|005186|2019|50004725870002|001|4300012451|00010|UHTC0804|10|EA|583000|KRW|583000|20190131|1300|
C|005186|2019|50004725870003|001|4300012479|00020|UHTC0855|15|EA|48150|KRW|722250|20190131|1300|
C|005186|2019|50004725870004|001|4300012501|00010|UHTC0649|20|EA|18400|KRW|368000|20190131|1300|
C|005186|2019|50004725870005|001|4300012525|00040|UHTC0794|10|EA|402800|KRW|402800|20190131|1300|
C|005186|2019|50004725870006|001|4300012525|00050|UHTC0795|10|EA|381600|KRW|381600|20190131|1300|
C|005186|2019|50004725870007|001|4300012583|00060|UHTC0768|10|EA|42500|KRW|425000|20190131|1300|
C|005186|2019|50004725880001|001|4300012526|00010|UCKC0037|100|EA|1405000|KRW|1405000|20190131|1300|
C|005186|2019|50004725880002|001|4300012526|00030|UALC0075|3000|EA|45000|KRW|135000|20190131|1300|
C|005186|2019|50004725880003|001|4300012584|00010|UHGC0347|2|EA|861000|KRW|1722000|20190131|1300|
C|005186|2019|50004725880004|001|4300012585|00010|UHFC0291|50|EA|31500|KRW|1575000|20190131|1300|
C|005186|2019|50004725880005|001|4300012586|00010|UHTC0548|80|EA|84700|KRW|677600|20190131|1300|
C|005186|2019|50004725880006|001|4300012587|00010|UHGC0113|25|EA|50400|KRW|1260000|20190131|1300|
C|005186|2019|50004725880007|001|4300012588|00010|KE110200|10|EA|65100|KRW|651000|20190131|1300|
C|005186|2019|50004725890001|001|4300012523|00020|UAEC0372|50|EA|656250|KRW|656250|20190131|1300|
C|005186|2019|50004725890002|001|4300012524|00010|UAEC0406|50|EA|13200|KRW|660000|20190131|1300|
C|005186|2019|50004725890003|001|4300012576|00010|UAEC0372|50|EA|656250|KRW|656250|20190131|1300|
