C|005186|2014|50001142930001|001|4300001893|00140|CMF0005|8|EA|20700|KRW|165600|20141203|1300|
C|005186|2014|50001142930002|001|4300001894|00130|CMF0005|2|EA|20700|KRW|41400|20141203|1300|
C|005186|2014|50001142930003|001|4300001895|00100|CMF0005|5|EA|20700|KRW|103500|20141203|1300|
C|005186|2014|50001142930004|001|4300001898|00090|CMF0005|3|EA|20700|KRW|62100|20141203|1300|
C|005186|2014|50001142930005|001|4300001903|00060|CMF0005|2|EA|20700|KRW|41400|20141203|1300|
C|005186|2014|50001142930006|001|4300001904|00100|CMF0005|2|EA|20700|KRW|41400|20141203|1300|
C|005186|2014|50001142930007|001|4300001906|00130|CMF0005|5|EA|20700|KRW|103500|20141203|1300|
C|005186|2014|50001142930008|001|4300001908|00080|CMF0005|1|EA|20700|KRW|20700|20141203|1300|
C|005186|2014|50001142930009|001|4300001909|00060|CMF0005|3|EA|20700|KRW|62100|20141203|1300|
C|005186|2014|50001142930010|001|4300001910|00070|CMF0005|2|EA|20700|KRW|41400|20141203|1300|
