C|005186|2014|50001075010001|001|4300001809|00100|CMF0005|3|EA|20700|KRW|62100|20141031|1300|
C|005186|2014|50001075010002|001|4300001814|00120|CMF0005|15|EA|20700|KRW|310500|20141031|1300|
C|005186|2014|50001075010003|001|4300001816|00070|CMF0005|2|EA|20700|KRW|41400|20141031|1300|
C|005186|2014|50001075010004|001|4300001818|00130|CMF0005|5|EA|20700|KRW|103500|20141031|1300|
C|005186|2014|50001075010005|001|4300001819|00090|CMF0005|2|EA|20700|KRW|41400|20141031|1300|
C|005186|2014|50001075010006|001|4300001821|00080|CMF0005|1|EA|20700|KRW|20700|20141031|1300|
C|005186|2014|50001075010007|001|4300001822|00070|CMF0005|2|EA|20700|KRW|41400|20141031|1300|
C|005186|2014|50001075010008|001|4300001823|00060|CMF0005|3|EA|20700|KRW|62100|20141031|1300|
C|005186|2014|50001075010009|001|4300001827|00130|CMF0005|2|EA|20700|KRW|41400|20141031|1300|
C|005186|2014|50001075010010|001|4300001829|00130|CMF0005|6|EA|20700|KRW|124200|20141031|1300|
C|005186|2014|50001075020001|001|4300001802|00100|CMD0011|17|EA|24150|KRW|410550|20141031|1300|
C|005186|2014|50001075020002|001|4300001802|00110|CMD0016|1|EA|30450|KRW|30450|20141031|1300|
C|005186|2014|50001075020003|001|4300001803|00010|CMD0016|6|EA|30450|KRW|182700|20141031|1300|
C|005186|2014|50001075030001|001|4300001802|00010|CMA0001|400|EA|240|KRW|96000|20141031|1300|
C|005186|2014|50001075030002|001|4300001802|00020|CMA0005|30|EA|2470|KRW|74100|20141031|1300|
C|005186|2014|50001075030003|001|4300001802|00030|CMA0007|300|EA|270|KRW|81000|20141031|1300|
C|005186|2014|50001075030004|001|4300001802|00040|CMA0016|30|EA|2840|KRW|85200|20141031|1300|
C|005186|2014|50001075030005|001|4300001802|00050|CMA0017|20|EA|780|KRW|15600|20141031|1300|
C|005186|2014|50001075030006|001|4300001802|00060|CMB0001|20|EA|655|KRW|13100|20141031|1300|
C|005186|2014|50001075030007|001|4300001802|00070|CMB0002|20|EA|2420|KRW|48400|20141031|1300|
C|005186|2014|50001075030008|001|4300001802|00080|CMB0010|20|EA|1100|KRW|22000|20141031|1300|
C|005186|2014|50001075030009|001|4300001802|00090|CMC0002|2|EA|9350|KRW|18700|20141031|1300|
C|005186|2014|50001075030010|001|4300001802|00120|CME0001|18|EA|4910|KRW|88380|20141031|1300|
C|005186|2014|50001075030011|001|4300001802|00130|CME0002|80|EA|2300|KRW|184000|20141031|1300|
C|005186|2014|50001075030012|001|4300001802|00140|CME0010|100|EA|285|KRW|28500|20141031|1300|
C|005186|2014|50001075030013|001|4300001802|00160|CMH0007|2|EA|11700|KRW|23400|20141031|1300|
C|005186|2014|50001075030014|001|4300001802|00170|CMZ0003|2|EA|1470|KRW|2940|20141031|1300|
C|005186|2014|50001075030015|001|4300001802|00180|CMZ0004|10|EA|380|KRW|3800|20141031|1300|
C|005186|2014|50001075030016|001|4300001802|00190|CMZ0006|5|EA|1155|KRW|5775|20141031|1300|
C|005186|2014|50001075040001|001|4300001821|00010|CMA0001|80|EA|240|KRW|19200|20141031|1300|
C|005186|2014|50001075040002|001|4300001821|00020|CMA0007|220|EA|270|KRW|59400|20141031|1300|
C|005186|2014|50001075040003|001|4300001821|00030|CMH0007|1|EA|11700|KRW|11700|20141031|1300|
C|005186|2014|50001075040004|001|4300001821|00040|CMB0001|20|EA|655|KRW|13100|20141031|1300|
C|005186|2014|50001075040005|001|4300001821|00050|CMB0010|80|EA|1100|KRW|88000|20141031|1300|
C|005186|2014|50001075040006|001|4300001821|00060|CME0004|3|EA|11550|KRW|34650|20141031|1300|
C|005186|2014|50001075040007|001|4300001821|00070|CMC0003|5|EA|340|KRW|1700|20141031|1300|
C|005186|2014|50001075040008|001|4300001821|00100|CME0010|20|EA|285|KRW|5700|20141031|1300|
C|005186|2014|50001075040009|001|4300001821|00110|CMZ0032|3|EA|1970|KRW|5910|20141031|1300|
C|005186|2014|50001075040010|001|4300001821|00120|CME0004|3|EA|11550|KRW|34650|20141031|1300|
C|005186|2014|50001075040011|001|4300001822|00010|CMA0001|80|EA|240|KRW|19200|20141031|1300|
C|005186|2014|50001075040012|001|4300001822|00020|CMA0007|40|EA|270|KRW|10800|20141031|1300|
C|005186|2014|50001075040013|001|4300001822|00030|CMA0008|40|EA|690|KRW|27600|20141031|1300|
C|005186|2014|50001075040014|001|4300001822|00040|CMB0001|40|EA|655|KRW|26200|20141031|1300|
C|005186|2014|50001075040015|001|4300001822|00050|CMF0022|2|EA|5400|KRW|10800|20141031|1300|
C|005186|2014|50001075040016|001|4300001822|00060|CME0010|40|EA|285|KRW|11400|20141031|1300|
C|005186|2014|50001075040017|001|4300001822|00080|CMF0013|10|EA|760|KRW|7600|20141031|1300|
C|005186|2014|50001075040018|001|4300001822|00090|CMA0017|5|EA|780|KRW|3900|20141031|1300|
C|005186|2014|50001075040019|001|4300001822|00100|CMC0003|10|EA|340|KRW|3400|20141031|1300|
C|005186|2014|50001075040020|001|4300001823|00010|CMA0001|600|EA|240|KRW|144000|20141031|1300|
C|005186|2014|50001075040021|001|4300001823|00020|CMA0007|50|EA|270|KRW|13500|20141031|1300|
C|005186|2014|50001075040022|001|4300001823|00030|CMA0017|10|EA|780|KRW|7800|20141031|1300|
C|005186|2014|50001075040023|001|4300001823|00040|CME0010|150|EA|285|KRW|42750|20141031|1300|
C|005186|2014|50001075040024|001|4300001823|00050|CME0013|2|EA|20300|KRW|40600|20141031|1300|
C|005186|2014|50001075040025|001|4300001823|00070|CMH0007|1|EA|11700|KRW|11700|20141031|1300|
C|005186|2014|50001075040026|001|4300001824|00010|CMA0001|10|EA|240|KRW|2400|20141031|1300|
C|005186|2014|50001075040027|001|4300001824|00020|CMA0007|50|EA|270|KRW|13500|20141031|1300|
C|005186|2014|50001075040028|001|4300001824|00030|CMB0010|50|EA|1100|KRW|55000|20141031|1300|
C|005186|2014|50001075040029|001|4300001824|00040|CMZ0014|1|EA|23300|KRW|23300|20141031|1300|
C|005186|2014|50001075040030|001|4300001824|00050|CMG0001|1|EA|1840|KRW|1840|20141031|1300|
C|005186|2014|50001075050001|001|4300001820|00010|CMA0001|130|EA|240|KRW|31200|20141031|1300|
C|005186|2014|50001075050002|001|4300001820|00020|CMA0007|90|EA|270|KRW|24300|20141031|1300|
C|005186|2014|50001075050003|001|4300001820|00030|CMA0008|30|EA|690|KRW|20700|20141031|1300|
C|005186|2014|50001075050004|001|4300001820|00040|CMB0001|60|EA|655|KRW|39300|20141031|1300|
C|005186|2014|50001075050005|001|4300001820|00050|CMF0002|5|EA|1100|KRW|5500|20141031|1300|
C|005186|2014|50001075050006|001|4300001820|00070|CME0005|10|EA|3465|KRW|34650|20141031|1300|
C|005186|2014|50001075050007|001|4300001820|00080|CME0001|5|EA|4910|KRW|24550|20141031|1300|
C|005186|2014|50001075050008|001|4300001820|00090|CMA0016|20|EA|2840|KRW|56800|20141031|1300|
C|005186|2014|50001075060001|001|4300001809|00150|CMZ0001|12|EA|765|KRW|9180|20141031|1300|
C|005186|2014|50001075060002|001|4300001809|00160|CMZ0005|10|EA|750|KRW|7500|20141031|1300|
C|005186|2014|50001075060003|001|4300001810|00110|CMZ0001|10|EA|765|KRW|7650|20141031|1300|
C|005186|2014|50001075060004|001|4300001810|00120|CMZ0002|10|EA|430|KRW|4300|20141031|1300|
C|005186|2014|50001075060005|001|4300001810|00130|CMZ0006|10|EA|1155|KRW|11550|20141031|1300|
C|005186|2014|50001075060006|001|4300001814|00160|CMZ0006|5|EA|1155|KRW|5775|20141031|1300|
C|005186|2014|50001075060007|001|4300001818|00210|CMZ0002|60|EA|430|KRW|25800|20141031|1300|
C|005186|2014|50001075060008|001|4300001819|00120|CMZ0004|50|EA|380|KRW|19000|20141031|1300|
C|005186|2014|50001075060009|001|4300001819|00130|CMZ0006|10|EA|1155|KRW|11550|20141031|1300|
C|005186|2014|50001075060010|001|4300001827|00160|CMZ0001|40|EA|765|KRW|30600|20141031|1300|
C|005186|2014|50001075060011|001|4300001827|00170|CMZ0002|40|EA|430|KRW|17200|20141031|1300|
C|005186|2014|50001075060012|001|4300001827|00180|CMZ0004|50|EA|380|KRW|19000|20141031|1300|
C|005186|2014|50001075060013|001|4300001827|00190|CMZ0006|30|EA|1155|KRW|34650|20141031|1300|
C|005186|2014|50001075060014|001|4300001829|00160|CMZ0004|10|EA|380|KRW|3800|20141031|1300|
C|005186|2014|50001075060015|001|4300001829|00170|CMZ0006|5|EA|1155|KRW|5775|20141031|1300|
C|005186|2014|50001075060016|001|4300001832|00170|UALC0094|30|EA|62800|KRW|1884000|20141031|1300|
C|005186|2014|50001075070001|001|4300001809|00110|CMF0006|1|EA|11970|KRW|11970|20141031|1300|
C|005186|2014|50001075070002|001|4300001809|00120|CMF0009|2|EA|5700|KRW|11400|20141031|1300|
C|005186|2014|50001075070003|001|4300001809|00130|CMF0021|2|EA|5400|KRW|10800|20141031|1300|
C|005186|2014|50001075070004|001|4300001810|00100|CMF0006|1|EA|11970|KRW|11970|20141031|1300|
C|005186|2014|50001075070005|001|4300001810|00140|CMZ0009|20|EA|740|KRW|14800|20141031|1300|
C|005186|2014|50001075070006|001|4300001810|00150|CMZ0014|1|EA|23300|KRW|23300|20141031|1300|
C|005186|2014|50001075070007|001|4300001810|00160|CMZ0032|2|EA|1970|KRW|3940|20141031|1300|
C|005186|2014|50001075070008|001|4300001812|00050|CMA0017|5|EA|780|KRW|3900|20141031|1300|
C|005186|2014|50001075070009|001|4300001812|00110|CMZ0014|2|EA|23300|KRW|46600|20141031|1300|
C|005186|2014|50001075070010|001|4300001813|00020|CMA0002|10|EA|1530|KRW|15300|20141031|1300|
C|005186|2014|50001075070011|001|4300001813|00060|CMA0017|20|EA|780|KRW|15600|20141031|1300|
C|005186|2014|50001075070012|001|4300001813|00120|CMF0004|2|EA|22050|KRW|44100|20141031|1300|
C|005186|2014|50001075070013|001|4300001813|00130|CMF0006|20|EA|11970|KRW|239400|20141031|1300|
C|005186|2014|50001075070014|001|4300001813|00140|CMZ0014|1|EA|23300|KRW|23300|20141031|1300|
C|005186|2014|50001075070015|001|4300001813|00150|CMZ0032|1|EA|1970|KRW|1970|20141031|1300|
C|005186|2014|50001075070016|001|4300001814|00100|CMF0001|10|EA|1680|KRW|16800|20141031|1300|
C|005186|2014|50001075070017|001|4300001814|00110|CMF0004|1|EA|22050|KRW|22050|20141031|1300|
C|005186|2014|50001075070018|001|4300001814|00130|CMF0006|5|EA|11970|KRW|59850|20141031|1300|
C|005186|2014|50001075070019|001|4300001814|00140|CMF0008|5|EA|1785|KRW|8925|20141031|1300|
C|005186|2014|50001075070020|001|4300001814|00150|CMG0001|100|EA|1840|KRW|184000|20141031|1300|
C|005186|2014|50001075070021|001|4300001814|00170|CMZ0014|1|EA|23300|KRW|23300|20141031|1300|
C|005186|2014|50001075070022|001|4300001816|00080|CMZ0014|1|EA|23300|KRW|23300|20141031|1300|
C|005186|2014|50001075070023|001|4300001818|00120|CMF0004|6|EA|22050|KRW|132300|20141031|1300|
C|005186|2014|50001075070024|001|4300001818|00140|CMF0007|10|EA|1780|KRW|17800|20141031|1300|
C|005186|2014|50001075070025|001|4300001818|00150|CMF0008|10|EA|1785|KRW|17850|20141031|1300|
C|005186|2014|50001075070026|001|4300001818|00160|CMF0009|10|EA|5700|KRW|57000|20141031|1300|
C|005186|2014|50001075070027|001|4300001818|00170|CMF0021|5|EA|5400|KRW|27000|20141031|1300|
C|005186|2014|50001075070028|001|4300001818|00180|CMF0022|10|EA|5400|KRW|54000|20141031|1300|
C|005186|2014|50001075070029|001|4300001818|00220|CMZ0014|2|EA|23300|KRW|46600|20141031|1300|
C|005186|2014|50001075070030|001|4300001818|00230|CMZ0032|10|EA|1970|KRW|19700|20141031|1300|
C|005186|2014|50001075070031|001|4300001819|00030|CMA0017|20|EA|780|KRW|15600|20141031|1300|
C|005186|2014|50001075070032|001|4300001819|00080|CMF0004|2|EA|22050|KRW|44100|20141031|1300|
C|005186|2014|50001075070033|001|4300001819|00100|CMF0006|10|EA|11970|KRW|119700|20141031|1300|
C|005186|2014|50001075070034|001|4300001819|00110|CMF0013|10|EA|760|KRW|7600|20141031|1300|
C|005186|2014|50001075070035|001|4300001827|00050|CMA0017|10|EA|780|KRW|7800|20141031|1300|
C|005186|2014|50001075070036|001|4300001827|00110|CMF0001|10|EA|1680|KRW|16800|20141031|1300|
C|005186|2014|50001075070037|001|4300001827|00120|CMF0002|10|EA|1100|KRW|11000|20141031|1300|
C|005186|2014|50001075070038|001|4300001827|00140|CMF0020|10|EA|700|KRW|7000|20141031|1300|
C|005186|2014|50001075070039|001|4300001829|00050|CMA0017|20|EA|780|KRW|15600|20141031|1300|
C|005186|2014|50001075070040|001|4300001829|00150|CMZ0003|2|EA|1470|KRW|2940|20141031|1300|
C|005186|2014|50001075070041|001|4300001830|00020|CMA0002|5|EA|1530|KRW|7650|20141031|1300|
C|005186|2014|50001075070042|001|4300001830|00030|CMA0017|3|EA|780|KRW|2340|20141031|1300|
C|005186|2014|50001075070043|001|4300001830|00060|CMZ0032|5|EA|1970|KRW|9850|20141031|1300|
