C|005186|2015|50001488690001|001|4300002535|00010|UHNC0113|1|EA|772800|KRW|772800|20150430|1300|
C|005186|2015|50001488690002|001|4300002535|00020|UGCC0671|4|EA|171150|KRW|684600|20150430|1300|
C|005186|2015|50001488690003|001|4300002536|00020|UHFC0148|1|EA|27700|KRW|27700|20150430|1300|
C|005186|2015|50001488690004|001|4300002543|00030|UHFC0276|1|EA|452000|KRW|452000|20150430|1300|
C|005186|2015|50001488690005|001|4300002543|00040|UHTC0246|30|EA|8470|KRW|254100|20150430|1300|
C|005186|2015|50001488690006|001|4300002548|00020|UGBC0748|40|EA|452|KRW|18080|20150430|1300|
C|005186|2015|50001488690007|001|4300002578|00020|UGBC0585|10|EA|1050|KRW|10500|20150430|1300|
C|005186|2015|50001488690008|001|4300002580|00010|UGBC0503|1|EA|273000|KRW|273000|20150430|1300|
C|005186|2015|50001488690009|001|4300002580|00060|UGAC0091|15|EA|33920|KRW|508800|20150430|1300|
C|005186|2015|50001488690010|001|4300002580|00070|UHGC0065|3|EA|8190|KRW|24570|20150430|1300|
C|005186|2015|50001488690011|001|4300002580|00080|UHHC0119|10|EA|6930|KRW|69300|20150430|1300|
C|005186|2015|50001488690012|001|4300002581|00010|UGAC0084|10|EA|31500|KRW|315000|20150430|1300|
C|005186|2015|50001488690013|001|4300002581|00020|UHGC0197|5|EA|36000|KRW|180000|20150430|1300|
C|005186|2015|50001488690014|001|4300002581|00040|UHHC0189|1|EA|178950|KRW|178950|20150430|1300|
C|005186|2015|50001488690015|001|4300002581|00050|UHHC0116|1|EA|215250|KRW|215250|20150430|1300|
C|005186|2015|50001488690016|001|4300002581|00060|UHGC0263|2|EA|265000|KRW|530000|20150430|1300|
C|005186|2015|50001488690017|001|4300002581|00070|UHTC0504|5|EA|68220|KRW|341100|20150430|1300|
C|005186|2015|50001489500001|001|4300002603|00010|KE200113|14|EA|130000|KRW|1820000|20150430|1300|
C|005186|2015|50001489500002|001|4300002603|00020|KE231406|11|EA|7140|KRW|78540|20150430|1300|
C|005186|2015|50001489500003|001|4300002603|00030|KE281401|43|EA|840|KRW|36120|20150430|1300|
C|005186|2015|50001489500004|001|4300002604|00010|KE231001|32|EA|16150|KRW|516800|20150430|1300|
C|005186|2015|50001489500005|001|4300002604|00220|UHNC0109|50|EA|650|KRW|32500|20150430|1300|
C|005186|2015|50001489500006|001|4300002604|00230|UHNC0110|50|EA|770|KRW|38500|20150430|1300|
C|005186|2015|50001489500007|001|4300002604|00240|UHFC0231|5|EA|2405|KRW|12025|20150430|1300|
C|005186|2015|50001489500008|001|4300002605|00010|UHFC0232|5|EA|9790|KRW|48950|20150430|1300|
C|005186|2015|50001489500009|001|4300002605|00020|UHFC0233|5|EA|11660|KRW|58300|20150430|1300|
C|005186|2015|50001489500010|001|4300002605|00030|UHNC0100|10|EA|33600|KRW|336000|20150430|1300|
C|005186|2015|50001489500011|001|4300002609|00030|UHGC0071|10|EA|49560|KRW|495600|20150430|1300|
C|005186|2015|50001489500012|001|4300002609|00040|UHFC0293|10|EA|41580|KRW|415800|20150430|1300|
C|005186|2015|50001489500013|001|4300002609|00050|UHGC0062|3|EA|17750|KRW|53250|20150430|1300|
C|005186|2015|50001489500014|001|4300002609|00060|UHGC0274|3|EA|71580|KRW|214740|20150430|1300|
C|005186|2015|50001489500015|001|4300002610|00020|UHNC0090|1|EA|156000|KRW|156000|20150430|1300|
C|005186|2015|50001489500016|001|4300002610|00030|UHCC0021|2|EA|395000|KRW|790000|20150430|1300|
C|005186|2015|50001489500017|001|4300002610|00040|UHGC0129|1|EA|612680|KRW|612680|20150430|1300|
C|005186|2015|50001489500018|001|4300002622|00120|UCKC0035|15|EA|44520|KRW|667800|20150430|1300|
C|005186|2015|50001489500019|001|4300002644|00080|UCKC0037|80|EA|14050|KRW|1124000|20150430|1300|
C|005186|2015|50001489500020|001|4300002647|00190|UHGC0052|5|EA|33000|KRW|165000|20150430|1300|
C|005186|2015|50001489500021|001|4300002647|00200|UHGC0241|5|EA|20000|KRW|100000|20150430|1300|
C|005186|2015|50001489500022|001|4300002649|00170|UHTC0510|1|EA|421080|KRW|421080|20150430|1300|
C|005186|2015|50001489500023|001|4300002649|00180|KE050213|3|EA|8440|KRW|25320|20150430|1300|
C|005186|2015|50001489500024|001|4300002650|00020|UHHC0185|3|EA|521100|KRW|1563300|20150430|1300|
C|005186|2015|50001489500025|001|4300002650|00030|UHNC0084|1|EA|295740|KRW|295740|20150430|1300|
C|005186|2015|50001489500026|001|4300002651|00030|UFJC0022|3|EA|119480|KRW|358440|20150430|1300|
C|005186|2015|50001489500027|001|4300002651|00040|KE050201|4|EA|8460|KRW|33840|20150430|1300|
C|005186|2015|50001489500028|001|4300002651|00070|UHGC0235|5|EA|22950|KRW|114750|20150430|1300|
C|005186|2015|50001489500029|001|4300002651|00080|UHGC0053|5|EA|22940|KRW|114700|20150430|1300|
C|005186|2015|50001489500030|001|4300002651|00090|UHFC0392|3|EA|60000|KRW|180000|20150430|1300|
C|005186|2015|50001489510001|001|4300002647|00110|UKGC0023|40|EA|2600|KRW|104000|20150430|1300|
C|005186|2015|50001489520001|001|4300002578|00060|KE030011|6|EA|8190|KRW|49140|20150430|1300|
C|005186|2015|50001489520002|001|4300002578|00070|KE030110|2|EA|38540|KRW|77080|20150430|1300|
C|005186|2015|50001489520003|001|4300002578|00080|KE030114|3|EA|63840|KRW|191520|20150430|1300|
C|005186|2015|50001489520004|001|4300002578|00090|KE030123|3|EA|31500|KRW|94500|20150430|1300|
C|005186|2015|50001489520005|001|4300002578|00100|KE030205|3|EA|31290|KRW|93870|20150430|1300|
C|005186|2015|50001489520006|001|4300002578|00110|KE030206|3|EA|16380|KRW|49140|20150430|1300|
C|005186|2015|50001489520007|001|4300002578|00120|KE030211|2|EA|145740|KRW|291480|20150430|1300|
C|005186|2015|50001489520008|001|4300002578|00130|KE050004|9|EA|1400|KRW|12600|20150430|1300|
C|005186|2015|50001489520009|001|4300002578|00140|KE050302|10|EA|1160|KRW|11600|20150430|1300|
C|005186|2015|50001489520010|001|4300002578|00150|KE050801|20|EA|1900|KRW|38000|20150430|1300|
C|005186|2015|50001489520011|001|4300002578|00160|KE090112|4|EA|16800|KRW|67200|20150430|1300|
C|005186|2015|50001489520012|001|4300002578|00170|KE090116|1|EA|28040|KRW|28040|20150430|1300|
C|005186|2015|50001489520013|001|4300002578|00180|KE090127|3|EA|34000|KRW|102000|20150430|1300|
C|005186|2015|50001489520014|001|4300002579|00010|KE090165|2|EA|165900|KRW|331800|20150430|1300|
C|005186|2015|50001489520015|001|4300002579|00020|KE180203|18|EA|13650|KRW|245700|20150430|1300|
C|005186|2015|50001489520016|001|4300002579|00030|KE190003|7|EA|29300|KRW|205100|20150430|1300|
C|005186|2015|50001489520017|001|4300002579|00040|KE200113|6|EA|130000|KRW|780000|20150430|1300|
C|005186|2015|50001489520018|001|4300002579|00050|KE200200|1|EA|130200|KRW|130200|20150430|1300|
C|005186|2015|50001489520019|001|4300002579|00060|KE230003|100|EA|1870|KRW|187000|20150430|1300|
C|005186|2015|50001489520020|001|4300002579|00070|KE231100|30|EA|530|KRW|15900|20150430|1300|
C|005186|2015|50001489520021|001|4300002579|00080|KE231403|18|EA|1840|KRW|33120|20150430|1300|
C|005186|2015|50001489520022|001|4300002579|00090|KE270300|60|EA|470|KRW|28200|20150430|1300|
C|005186|2015|50001489530001|001|4300002623|00080|UAGC0064|1|EA|112630|KRW|112630|20150430|1300|
C|005186|2015|50001489530002|001|4300002623|00090|UAAC0022|5|EA|9970|KRW|49850|20150430|1300|
C|005186|2015|50001489530003|001|4300002644|00010|UGCC0607|5|EA|9870|KRW|49350|20150430|1300|
C|005186|2015|50001489530004|001|4300002645|00050|UAIC0002|5|EA|3680|KRW|18400|20150430|1300|
C|005186|2015|50001489530005|001|4300002647|00090|UKEC0091|20|EA|1270|KRW|25400|20150430|1300|
C|005186|2015|50001489530006|001|4300002647|00100|UAAC0001|20|EA|1890|KRW|37800|20150430|1300|
C|005186|2015|50001489530007|001|4300002647|00130|UAEC0246|2|EA|2920|KRW|5840|20150430|1300|
C|005186|2015|50001489530008|001|4300002647|00140|UAEC0247|2|EA|2920|KRW|5840|20150430|1300|
C|005186|2015|50001489530009|001|4300002647|00150|UAEC0249|2|EA|3450|KRW|6900|20150430|1300|
C|005186|2015|50001489530010|001|4300002647|00160|UAEC0250|2|EA|3930|KRW|7860|20150430|1300|
C|005186|2015|50001489530011|001|4300002647|00180|UAEC0047|2|EA|21000|KRW|42000|20150430|1300|
C|005186|2015|50001489530012|001|4300002651|00010|UJAC0121|1|EA|409500|KRW|409500|20150430|1300|
