C|005186|2019|50004962600001|001|4300013646|00010|UHBC0016|1|EA|1349250|KRW|1349250|20190531|1300|
C|005186|2019|50004962600002|001|4300013646|00020|UHHC0206|1|EA|116600|KRW|116600|20190531|1300|
C|005186|2019|50004962600003|001|4300013646|00030|UHFC0336|2|EA|82950|KRW|165900|20190531|1300|
C|005186|2019|50004962600004|001|4300013646|00040|UFJC0018|3|EA|96600|KRW|289800|20190531|1300|
C|005186|2019|50004962600005|001|4300013647|00010|UHHC0088|1|EA|1600200|KRW|1600200|20190531|1300|
C|005186|2019|50004962600006|001|4300013647|00030|UHFC0266|10|EA|26000|KRW|26000|20190531|1300|
C|005186|2019|50004962600007|001|4300013647|00040|UHGC0119|10|EA|7980|KRW|79800|20190531|1300|
C|005186|2019|50004962600008|001|4300013650|00010|UHFC0108|4|EA|233100|KRW|932400|20190531|1300|
C|005186|2019|50004962600009|001|4300013651|00010|UHDC0205|3|EA|73500|KRW|220500|20190531|1300|
C|005186|2019|50004962600010|001|4300013651|00020|UHGC0317|3|EA|318000|KRW|954000|20190531|1300|
C|005186|2019|50004962600011|001|4300013651|00030|UHTC0580|5|EA|144200|KRW|721000|20190531|1300|
C|005186|2019|50004962600012|001|4300013651|00040|UHHC0151|2|EA|44210|KRW|88420|20190531|1300|
C|005186|2019|50004962600013|001|4300013652|00010|UHGC0336|2|EA|347000|KRW|694000|20190531|1300|
C|005186|2019|50004962600014|001|4300013652|00020|UHGC0270|5|EA|35790|KRW|178950|20190531|1300|
C|005186|2019|50004962600015|001|4300013652|00030|UHGC0295|5|EA|180200|KRW|180200|20190531|1300|
C|005186|2019|50004962600016|001|4300013652|00040|UHGC0314|5|EA|46640|KRW|46640|20190531|1300|
C|005186|2019|50004962600017|001|4300013652|00050|UHHC0208|5|EA|77910|KRW|77910|20190531|1300|
C|005186|2019|50004962600018|001|4300013652|00060|UHGC0173|2|EA|165000|KRW|165000|20190531|1300|
C|005186|2019|50004962600019|001|4300013652|00070|UHDC0106|50|EA|63000|KRW|63000|20190531|1300|
C|005186|2019|50004962600020|001|4300013652|00080|UFJC0009|3|EA|58940|KRW|176820|20190531|1300|
C|005186|2019|50004962600021|001|4300013652|00090|UHTC0533|2|EA|130530|KRW|261060|20190531|1300|
C|005186|2019|50004962600022|001|4300013653|00010|UHNC0127|2|EA|406350|KRW|812700|20190531|1300|
C|005186|2019|50004962600023|001|4300013653|00020|UHGC0107|2|EA|342100|KRW|684200|20190531|1300|
C|005186|2019|50004962600024|001|4300013677|00010|UCKC0037|100|EA|1405000|KRW|1405000|20190531|1300|
C|005186|2019|50004962610001|001|4300013706|00020|UGBC0302|20|EA|8800|KRW|8800|20190531|1300|
C|005186|2019|50004962610002|001|4300013706|00060|UAEC0078|2|EA|10530|KRW|21060|20190531|1300|
C|005186|2019|50004962610003|001|4300013706|00070|UAEC0405|1|EA|4810|KRW|4810|20190531|1300|
C|005186|2019|50004962610004|001|4300013706|00080|UAEC0252|1|EA|5220|KRW|5220|20190531|1300|
C|005186|2019|50004962610005|001|4300013706|00090|UHTC0807|5|EA|26250|KRW|131250|20190531|1300|
C|005186|2019|50004962610006|001|4300013706|00130|UAGC0077|10|EA|19700|KRW|39400|20190531|1300|
C|005186|2019|50004962610007|001|4300013706|00140|UGCC0653|6|EA|36610|KRW|219660|20190531|1300|
C|005186|2019|50004962610008|001|4300013712|00070|UGCC0604|5|EA|9780|KRW|48900|20190531|1300|
C|005186|2019|50004962610009|001|4300013712|00080|UGCC0613|5|EA|9450|KRW|47250|20190531|1300|
C|005186|2019|50004962610010|001|4300013713|00010|UDBC0185|200|EA|9500|KRW|19000|20190531|1300|
C|005186|2019|50004962610011|001|4300013713|00020|UDBC0446|100|EA|10800|KRW|10800|20190531|1300|
C|005186|2019|50004962610012|001|4300013713|00030|UDBC0161|100|EA|22900|KRW|22900|20190531|1300|
C|005186|2019|50004962620001|001|4300013704|00010|UEBC1518|2|EA|675000|KRW|1350000|20190531|1300|
C|005186|2019|50004962620002|001|4300013708|00010|UEAC0040|2|EA|505300|KRW|1010600|20190531|1300|
C|005186|2019|50004962620003|001|4300013708|00030|UEBC0573|2|EA|246440|KRW|492880|20190531|1300|
C|005186|2019|50004962620004|001|4300013708|00040|UEBC0570|2|EA|153500|KRW|307000|20190531|1300|
C|005186|2019|50004962620005|001|4300013710|00010|UEBC0208|2|EA|113800|KRW|227600|20190531|1300|
C|005186|2019|50004962620006|001|4300013710|00020|UDAC0060|2|EA|115500|KRW|115500|20190531|1300|
C|005186|2019|50004962620007|001|4300013710|00030|UDAC0058|2|EA|32840|KRW|32840|20190531|1300|
C|005186|2019|50004962620008|001|4300013712|00010|UDAC0012|100|EA|300000|KRW|300000|20190531|1300|
