C|005186|2015|50001685130001|001|4300003110|00130|UAGC0406|2|EA|64800|KRW|129600|20150715|1300|
C|005186|2015|50001685140001|001|4300003105|00010|UCAC0038|50|EA|11130|KRW|556500|20150715|1300|
C|005186|2015|50001685150001|001|4300003103|00020|UKBC0010|2|EA|91480|KRW|182960|20150715|1300|
C|005186|2015|50001685150002|001|4300003103|00030|UKFC0002|2|EA|47600|KRW|95200|20150715|1300|
C|005186|2015|50001685150003|001|4300003103|00040|UBBC0006|1|EA|103370|KRW|103370|20150715|1300|
C|005186|2015|50001685150004|001|4300003103|00050|UKBC0010|1|EA|91480|KRW|91480|20150715|1300|
C|005186|2015|50001685150005|001|4300003103|00060|UEBC0649|2|EA|124740|KRW|249480|20150715|1300|
C|005186|2015|50001685150006|001|4300003103|00070|UALC0088|2|EA|38160|KRW|76320|20150715|1300|
C|005186|2015|50001685150007|001|4300003103|00080|UALC0099|2|EA|38160|KRW|76320|20150715|1300|
C|005186|2015|50001685150008|001|4300003103|00090|UALC0023|10|EA|22260|KRW|222600|20150715|1300|
C|005186|2015|50001685150009|001|4300003104|00030|UDAC0266|100|EA|4840|KRW|484000|20150715|1300|
C|005186|2015|50001685150010|001|4300003119|00010|UDAC0266|100|EA|4840|KRW|484000|20150715|1300|
C|005186|2015|50001685150011|001|4300003119|00020|UGCC0894|100|EA|4220|KRW|422000|20150715|1300|
C|005186|2015|50001685160001|001|4300003110|00070|UDAC0261|20|EA|1900|KRW|38000|20150715|1300|
C|005186|2015|50001685160002|001|4300003112|00020|UEBC0043|1|EA|112460|KRW|112460|20150715|1300|
C|005186|2015|50001685160003|001|4300003116|00110|UKBC0010|2|EA|91480|KRW|182960|20150715|1300|
C|005186|2015|50001685160004|001|4300003116|00120|UGCC0098|2|EA|36230|KRW|72460|20150715|1300|
C|005186|2015|50001685160005|001|4300003140|00020|UBBC0006|2|EA|103370|KRW|206740|20150715|1300|
C|005186|2015|50001685160006|001|4300003140|00030|UEBC1161|4|EA|290000|KRW|1160000|20150715|1300|
C|005186|2015|50001685160007|001|4300003156|00090|KS061503|8|EA|3150|KRW|25200|20150715|1300|
C|005186|2015|50001685160008|001|4300003156|00100|KS061505|2|EA|6230|KRW|12460|20150715|1300|
C|005186|2015|50001685160009|001|4300003156|00110|KS061508|3|EA|10510|KRW|31530|20150715|1300|
C|005186|2015|50001685160010|001|4300003156|00120|KS080702|2|EA|19850|KRW|39700|20150715|1300|
C|005186|2015|50001685160011|001|4300003156|00130|KS080705|3|EA|18500|KRW|55500|20150715|1300|
C|005186|2015|50001685160012|001|4300003156|00140|KS080711|4|EA|32300|KRW|129200|20150715|1300|
