C|005186|2021|50006183930001|001|4300019269|00010|UALC0024|10|EA|26500|KRW|265000|20210208|1300|
C|005186|2021|50006183930002|001|4300019269|00020|UALC0100|5|EA|18430|KRW|92150|20210208|1300|
C|005186|2021|50006183930003|001|4300019273|00010|UHHC0239|20|EA|76100|KRW|1522000|20210208|1300|
C|005186|2021|50006183930004|001|4300019336|00010|UHGC0005|1|EA|1879000|KRW|1879000|20210208|1300|
C|005186|2021|50006183930005|001|4300019343|00010|UHTC0567|3|EA|292650|KRW|877950|20210208|1300|
C|005186|2021|50006183930006|001|4300019343|00020|UHGC0008|1|EA|798000|KRW|798000|20210208|1300|
C|005186|2021|50006183930007|001|4300019344|00010|UHFC0270|2|EA|825300|KRW|1650600|20210208|1300|
C|005186|2021|50006183930008|001|4300019389|00020|UCKC0035|15|EA|44520|KRW|667800|20210208|1300|
C|005186|2021|50006183930009|001|4300019389|00030|UALC0075|3000|EA|45|KRW|135000|20210208|1300|
C|005186|2021|50006183930010|001|4300019397|00010|UEAC0184|5|EA|379480|KRW|1897400|20210208|1300|
C|005186|2021|50006183930011|001|4300019398|00010|UHNC0119|1|EA|1042000|KRW|1042000|20210208|1300|
C|005186|2021|50006183930012|001|4300019414|00010|UHCC0026|1|EA|1980000|KRW|1980000|20210208|1300|
C|005186|2021|50006183930013|001|4300019415|00010|UHCC0017|1|EA|1081500|KRW|1081500|20210208|1300|
C|005186|2021|50006183930014|001|4300019416|00010|UHBC0024|1|EA|1950000|KRW|1950000|20210208|1300|
