C|005186|2018|50004136060001|001|4300010028|00060|UKEC0108|1|EA|137020|KRW|137020|20180414|1300|
C|005186|2018|50004136060002|001|4300010029|00040|UZZC0172|10|EA|47250|KRW|94500|20180414|1300|
C|005186|2018|50004136060003|001|4300010029|00050|UKEC0108|1|EA|137020|KRW|137020|20180414|1300|
C|005186|2018|50004136060004|001|4300010045|00010|UEBC1213|5|EA|774000|KRW|774000|20180414|1300|
C|005186|2018|50004136060005|001|4300010045|00050|UDBC0196|200|EA|26500|KRW|53000|20180414|1300|
C|005186|2018|50004136060006|001|4300010050|00010|UGCC0985|5|EA|63250|KRW|63250|20180414|1300|
C|005186|2018|50004136060007|001|4300010050|00020|UGCC0983|5|EA|63250|KRW|63250|20180414|1300|
C|005186|2018|50004136060008|001|4300010050|00030|UGCC0980|5|EA|55400|KRW|55400|20180414|1300|
C|005186|2018|50004136060009|001|4300010050|00040|UGCC0975|5|EA|47500|KRW|47500|20180414|1300|
C|005186|2018|50004136060010|001|4300010050|00050|UGCC0986|10|EA|63250|KRW|126500|20180414|1300|
C|005186|2018|50004136060011|001|4300010050|00060|UGCC0979|10|EA|55400|KRW|110800|20180414|1300|
C|005186|2018|50004136070001|001|4300010041|00010|UEBC1392|50|EA|132500|KRW|1325000|20180414|1300|
C|005186|2018|50004136070002|001|4300010045|00040|UEBC0736|2|EA|25940|KRW|51880|20180414|1300|
C|005186|2018|50004136070003|001|4300010045|00060|UEBC0182|1|EA|111560|KRW|111560|20180414|1300|
C|005186|2018|50004136070004|001|4300010045|00070|UDBC0031|30|EA|7500|KRW|22500|20180414|1300|
C|005186|2018|50004136070005|001|4300010045|00080|UEBC1426|2|EA|50800|KRW|101600|20180414|1300|
C|005186|2018|50004136070006|001|4300010045|00090|UEBC0956|2|EA|65520|KRW|131040|20180414|1300|
C|005186|2018|50004136070007|001|4300010048|00060|UEBC0418|6|EA|40580|KRW|121740|20180414|1300|
C|005186|2018|50004136070008|001|4300010049|00010|UEBC0263|5|EA|36120|KRW|180600|20180414|1300|
C|005186|2018|50004136070009|001|4300010050|00090|UGCC0894|400|EA|300000|KRW|1200000|20180414|1300|
C|005186|2018|50004136070010|001|4300010052|00020|UGCC0652|5|EA|348600|KRW|1743000|20180414|1300|
C|005186|2018|50004136070011|001|4300010052|00030|UGBC1631|100|EA|6000|KRW|60000|20180414|1300|
C|005186|2018|50004136070012|001|4300010052|00040|UDAC0246|100|EA|1200|KRW|6000|20180414|1300|
C|005186|2018|50004136070013|001|4300010053|00040|UGCC0043|1|EA|234150|KRW|234150|20180414|1300|
C|005186|2018|50004136070014|001|4300010054|00010|UCKC0133|4|EA|1054000|KRW|1054000|20180414|1300|
C|005186|2018|50004136080001|001|4300010010|00010|UHTC0486|1|EA|46410|KRW|46410|20180414|1300|
C|005186|2018|50004136080002|001|4300010012|00010|UCIC0061|1|EA|337890|KRW|337890|20180414|1300|
C|005186|2018|50004136080003|001|4300010013|00070|UAEC0373|4|EA|115500|KRW|462000|20180414|1300|
C|005186|2018|50004136080004|001|4300010028|00070|UZZC0128|2|EA|201000|KRW|402000|20180414|1300|
C|005186|2018|50004136080005|001|4300010028|00090|UJBC0047|5|EA|9890|KRW|49450|20180414|1300|
C|005186|2018|50004136080006|001|4300010043|00010|UJCC0063|1|EA|59850|KRW|59850|20180414|1300|
C|005186|2018|50004136080007|001|4300010045|00020|UZZC0104|1|EA|14730|KRW|14730|20180414|1300|
C|005186|2018|50004136080008|001|4300010053|00030|UCAC0009|3|EA|17890|KRW|53670|20180414|1300|
C|005186|2018|50004136090001|001|4300010028|00030|UAEC0057|1|EA|9830|KRW|9830|20180414|1300|
C|005186|2018|50004136090002|001|4300010028|00040|UAEC0049|1|EA|9900|KRW|9900|20180414|1300|
C|005186|2018|50004136090003|001|4300010028|00050|UKEC0116|30|EA|14300|KRW|42900|20180414|1300|
C|005186|2018|50004136090004|001|4300010029|00060|UAEC0069|2|EA|16310|KRW|32620|20180414|1300|
C|005186|2018|50004136090005|001|4300010029|00070|UAEC0025|3|EA|8900|KRW|26700|20180414|1300|
C|005186|2018|50004136090006|001|4300010030|00020|UHTC0833|2|EA|79690|KRW|159380|20180414|1300|
C|005186|2018|50004136090007|001|4300010030|00030|UAHC0015|4|EA|36850|KRW|147400|20180414|1300|
C|005186|2018|50004136090008|001|4300010030|00040|UAGC0064|1|EA|112630|KRW|112630|20180414|1300|
C|005186|2018|50004136090009|001|4300010030|00050|UCIC0016|2|EA|37470|KRW|74940|20180414|1300|
C|005186|2018|50004136090010|001|4300010051|00010|UEAC0108|1|EA|1997000|KRW|1997000|20180414|1300|
C|005186|2018|50004136090011|001|4300010052|00010|UAEC0140|50|EA|20600|KRW|103000|20180414|1300|
C|005186|2018|50004136800001|001|4300010026|00020|UICC0035|20|EA|49400|KRW|98800|20180414|1300|
C|005186|2018|50004136800002|001|4300010026|00030|UICC0007|20|EA|15800|KRW|31600|20180414|1300|
C|005186|2018|50004136800003|001|4300010028|00010|UJCC0043|10000|EA|210000|KRW|420000|20180414|1300|
C|005186|2018|50004136800004|001|4300010028|00020|UAEC0015|1|EA|9830|KRW|9830|20180414|1300|
C|005186|2018|50004136800005|001|4300010029|00010|UAEC0234|2|EA|61580|KRW|123160|20180414|1300|
C|005186|2018|50004136800006|001|4300010029|00020|UAEC0095|1|EA|22630|KRW|22630|20180414|1300|
C|005186|2018|50004136800007|001|4300010029|00030|UAEC0093|1|EA|33260|KRW|33260|20180414|1300|
C|005186|2018|50004136800008|001|4300010053|00050|UKBC0045|60|EA|168600|KRW|505800|20180414|1300|
C|005186|2018|50004136800009|001|4300010053|00060|UKBC0044|60|EA|147400|KRW|442200|20180414|1300|
C|005186|2018|50004136800010|001|4300010053|00070|UKBC0044|60|EA|147400|KRW|442200|20180414|1300|
C|005186|2018|50004136800011|001|4300010062|00020|UKEC0091|20|EA|12700|KRW|25400|20180414|1300|
C|005186|2018|50004136800012|001|4300010062|00030|UAAC0029|40|EA|18900|KRW|75600|20180414|1300|
C|005186|2018|50004136800013|001|4300010062|00040|UAGC0323|10|EA|141800|KRW|141800|20180414|1300|
C|005186|2018|50004136800014|001|4300010063|00010|UDAC0225|300|EA|94500|KRW|283500|20180414|1300|
C|005186|2018|50004136800015|001|4300010063|00040|UDBC0147|2000|EA|13500|KRW|54000|20180414|1300|
C|005186|2018|50004136800016|001|4300010063|00060|UDBC0369|1000|EA|32000|KRW|320000|20180414|1300|
C|005186|2018|50004136800017|001|4300010063|00070|UDBC0760|1000|EA|9500|KRW|95000|20180414|1300|
C|005186|2018|50004136800018|001|4300010063|00080|UDBC0372|1000|EA|3000|KRW|30000|20180414|1300|
C|005186|2018|50004136810001|001|4300009714|00070|UGBC0871|10|EA|31500|KRW|315000|20180414|1300|
C|005186|2018|50004136820001|001|4300009696|00090|UGBC1590|5|EA|68900|KRW|344500|20180414|1300|
C|005186|2018|50004136830001|001|4300010056|00020|UKEC0114|1|EA|42000|KRW|42000|20180414|1300|
C|005186|2018|50004136840001|001|4300010100|00010|CME0002|100|EA|1100|KRW|110000|20180414|1300|
C|005186|2018|50004136850001|001|4300010062|00050|UADC0040|20|EA|78800|KRW|157600|20180414|1300|
C|005186|2018|50004136860001|001|4300010048|00010|UHGC0048|5|EA|165000|KRW|165000|20180414|1300|
C|005186|2018|50004136860002|001|4300010048|00020|UHGC0037|5|EA|99015|KRW|99015|20180414|1300|
C|005186|2018|50004136860003|001|4300010048|00040|UHGC0039|5|EA|84700|KRW|84700|20180414|1300|
C|005186|2018|50004136860004|001|4300010048|00050|UHNC0018|1|EA|1111950|KRW|1111950|20180414|1300|
C|005186|2018|50004136860005|001|4300010049|00020|UHGC0277|2|EA|605270|KRW|1210540|20180414|1300|
C|005186|2018|50004136860006|001|4300010049|00030|UHHC0155|1|EA|499800|KRW|499800|20180414|1300|
C|005186|2018|50004136860007|001|4300010055|00010|UHGC0254|1|EA|800000|KRW|800000|20180414|1300|
C|005186|2018|50004136860008|001|4300010055|00020|UHNC0143|1|EA|394320|KRW|394320|20180414|1300|
C|005186|2018|50004136860009|001|4300010055|00030|UHHC0129|1|EA|433125|KRW|433125|20180414|1300|
C|005186|2018|50004136860010|001|4300010055|00040|UHTC0578|10|EA|29000|KRW|58000|20180414|1300|
C|005186|2018|50004136860011|001|4300010057|00010|UHTC0576|10|EA|347300|KRW|347300|20180414|1300|
C|005186|2018|50004136860012|001|4300010057|00020|UDFC0003|20|EA|2220|KRW|44400|20180414|1300|
C|005186|2018|50004136860013|001|4300010057|00030|UDBC0642|30|EA|1420|KRW|42600|20180414|1300|
C|005186|2018|50004136860014|001|4300010057|00040|UHTC0802|10|EA|249100|KRW|498200|20180414|1300|
C|005186|2018|50004136860015|001|4300010057|00050|UHHC0014|1|EA|878960|KRW|878960|20180414|1300|
C|005186|2018|50004136860016|001|4300010062|00010|UCKC0037|100|EA|1405000|KRW|1405000|20180414|1300|
C|005186|2018|50004136860017|001|4300010063|00030|UALC0075|3000|EA|45000|KRW|135000|20180414|1300|
C|005186|2018|50004136860018|001|4300010063|00050|UCKC0035|15|EA|222600|KRW|667800|20180414|1300|
C|005186|2018|50004136870001|001|4300010109|00090|UGCC1398|2|EA|18970|KRW|37940|20180414|1300|
C|005186|2018|50004136870002|001|4300010109|00100|UGCC1399|2|EA|40680|KRW|81360|20180414|1300|
C|005186|2018|50004136880001|001|4300010095|00040|UALC0104|5|EA|100700|KRW|100700|20180414|1300|
C|005186|2018|50004136880002|001|4300010107|00050|UDAC0389|100|EA|197500|KRW|395000|20180414|1300|
C|005186|2018|50004136880003|001|4300010107|00060|UDAC0390|100|EA|261000|KRW|522000|20180414|1300|
C|005186|2018|50004136880004|001|4300010107|00070|UDAC0391|100|EA|261000|KRW|522000|20180414|1300|
C|005186|2018|50004136880005|001|4300010107|00090|UAJC0096|1|EA|50600|KRW|50600|20180414|1300|
C|005186|2018|50004136880006|001|4300010108|00010|UZZC0177|50|EA|1897000|KRW|1897000|20180414|1300|
C|005186|2018|50004136880007|001|4300010109|00020|UEBC1458|6|EA|24240|KRW|72720|20180414|1300|
C|005186|2018|50004136880008|001|4300010109|00070|UDBC1056|100|EA|27750|KRW|55500|20180414|1300|
C|005186|2018|50004136880009|001|4300010109|00110|UDFC0202|20|EA|21100|KRW|42200|20180414|1300|
C|005186|2018|50004136880010|001|4300010109|00120|UDFC0203|20|EA|6400|KRW|12800|20180414|1300|
C|005186|2018|50004136890001|001|4300010098|00040|UICC0038|3|EA|4520|KRW|13560|20180414|1300|
C|005186|2018|50004136890002|001|4300010107|00020|UZZC0174|10|EA|94500|KRW|189000|20180414|1300|
C|005186|2018|50004136890003|001|4300010107|00080|UIEC0081|3|EA|20000|KRW|60000|20180414|1300|
C|005186|2018|50004136890004|001|4300010109|00030|UZZC0175|15|EA|212500|KRW|637500|20180414|1300|
C|005186|2018|50004136890005|001|4300010109|00040|UJCC0065|1|EA|17640|KRW|17640|20180414|1300|
C|005186|2018|50004136890006|001|4300010109|00050|UZZC0176|2|EA|3680|KRW|7360|20180414|1300|
C|005186|2018|50004136890007|001|4300010109|00080|UJBC0063|4|EA|25200|KRW|100800|20180414|1300|
C|005186|2018|50004136900001|001|4300009997|00020|UJAC0015|50|EA|105000|KRW|105000|20180414|1300|
C|005186|2018|50004136900002|001|4300010030|00010|UJAC0036|50|EA|735000|KRW|735000|20180414|1300|
C|005186|2018|50004136900003|001|4300010098|00010|UEBC1059|1|EA|606000|KRW|606000|20180414|1300|
C|005186|2018|50004136900004|001|4300010098|00020|UEBC0716|1|EA|31400|KRW|31400|20180414|1300|
C|005186|2018|50004136900005|001|4300010098|00030|UJAC0015|100|EA|105000|KRW|210000|20180414|1300|
C|005186|2018|50004136900006|001|4300010098|00050|UEBC0143|10|EA|23500|KRW|47000|20180414|1300|
C|005186|2018|50004136900007|001|4300010105|00110|KS061505|3|EA|6230|KRW|18690|20180414|1300|
C|005186|2018|50004136900008|001|4300010105|00120|KS067002|5|EA|1460|KRW|7300|20180414|1300|
C|005186|2018|50004136900009|001|4300010105|00130|KS067004|2|EA|2000|KRW|4000|20180414|1300|
C|005186|2018|50004136900010|001|4300010105|00140|KS067207|5|EA|5780|KRW|28900|20180414|1300|
C|005186|2018|50004136900011|001|4300010105|00150|KS080705|3|EA|18500|KRW|55500|20180414|1300|
C|005186|2018|50004136900012|001|4300010105|00160|KS080711|4|EA|32300|KRW|129200|20180414|1300|
C|005186|2018|50004136900013|001|4300010106|00020|UDBC0438|400|EA|4600|KRW|92000|20180414|1300|
C|005186|2018|50004136900014|001|4300010106|00030|UDFC0132|400|EA|31600|KRW|632000|20180414|1300|
C|005186|2018|50004136910001|001|4300010106|00010|UIDC0039|20|EA|48300|KRW|966000|20180414|1300|
