C|005186|2016|50003027990001|001|4300006371|00040|CMA0005|10|EA|2000|KRW|20000|20161123|1300|
C|005186|2016|50003027990002|001|4300006371|00090|CMB0010|60|EA|1280|KRW|76800|20161123|1300|
C|005186|2016|50003027990003|001|4300006371|00130|CMF0021|10|EA|3100|KRW|31000|20161123|1300|
C|005186|2016|50003027990004|001|4300006373|00080|CMB0010|60|EA|1280|KRW|76800|20161123|1300|
C|005186|2016|50003027990005|001|4300006373|00090|CME0001|26|EA|3300|KRW|85800|20161123|1300|
C|005186|2016|50003027990006|001|4300006373|00110|CME0010|200|EA|240|KRW|48000|20161123|1300|
C|005186|2016|50003027990007|001|4300006375|00070|CMF0009|5|EA|4950|KRW|24750|20161123|1300|
C|005186|2016|50003027990008|001|4300006376|00030|CMA0016|20|EA|2140|KRW|42800|20161123|1300|
C|005186|2016|50003027990009|001|4300006376|00070|CME0001|13|EA|3300|KRW|42900|20161123|1300|
C|005186|2016|50003027990010|001|4300006376|00080|CMF0001|3|EA|1950|KRW|5850|20161123|1300|
C|005186|2016|50003027990011|001|4300006376|00100|CMF0006|1|EA|9500|KRW|9500|20161123|1300|
C|005186|2016|50003027990012|001|4300006376|00110|CMF0020|2|EA|650|KRW|1300|20161123|1300|
C|005186|2016|50003027990013|001|4300006376|00120|CMH0007|3|EA|11600|KRW|34800|20161123|1300|
C|005186|2016|50003027990014|001|4300006377|00040|CMZ0030|20|EA|180|KRW|3600|20161123|1300|
C|005186|2016|50003027990015|001|4300006377|00070|CMZ0014|1|EA|19000|KRW|19000|20161123|1300|
C|005186|2016|50003027990016|001|4300006377|00080|CMB0010|60|EA|1280|KRW|76800|20161123|1300|
C|005186|2016|50003027990017|001|4300006377|00210|CMH0007|1|EA|11600|KRW|11600|20161123|1300|
C|005186|2016|50003027990018|001|4300006378|00020|CMA0015|100|EA|2520|KRW|252000|20161123|1300|
C|005186|2016|50003027990019|001|4300006378|00030|CMA0016|150|EA|2140|KRW|321000|20161123|1300|
C|005186|2016|50003027990020|001|4300006378|00080|CME0010|100|EA|240|KRW|24000|20161123|1300|
C|005186|2016|50003027990021|001|4300006378|00090|CMG0002|1|EA|7060|KRW|7060|20161123|1300|
C|005186|2016|50003027990022|001|4300006378|00100|CMH0007|2|EA|11600|KRW|23200|20161123|1300|
C|005186|2016|50003027990023|001|4300006378|00110|CMZ0014|1|EA|19000|KRW|19000|20161123|1300|
C|005186|2016|50003027990024|001|4300006379|00040|CMB0010|60|EA|1280|KRW|76800|20161123|1300|
C|005186|2016|50003027990025|001|4300006379|00050|CME0001|10|EA|3300|KRW|33000|20161123|1300|
C|005186|2016|50003027990026|001|4300006379|00090|CMZ0014|1|EA|19000|KRW|19000|20161123|1300|
C|005186|2016|50003027990027|001|4300006385|00030|CMA0015|150|EA|2520|KRW|378000|20161123|1300|
C|005186|2016|50003027990028|001|4300006385|00040|CMA0016|150|EA|2140|KRW|321000|20161123|1300|
C|005186|2016|50003027990029|001|4300006385|00050|CMB0010|480|EA|1280|KRW|614400|20161123|1300|
C|005186|2016|50003027990030|001|4300006385|00080|CME0001|30|EA|3300|KRW|99000|20161123|1300|
C|005186|2016|50003027990031|001|4300006385|00130|CMF0020|10|EA|650|KRW|6500|20161123|1300|
C|005186|2016|50003027990032|001|4300006385|00140|CMH0007|20|EA|11600|KRW|232000|20161123|1300|
C|005186|2016|50003027990033|001|4300006385|00150|CMZ0006|10|EA|1170|KRW|11700|20161123|1300|
C|005186|2016|50003027990034|001|4300006385|00160|CMZ0014|3|EA|19000|KRW|57000|20161123|1300|
C|005186|2016|50003027990035|001|4300006386|00040|CMB0010|240|EA|1280|KRW|307200|20161123|1300|
C|005186|2016|50003027990036|001|4300006386|00060|CME0001|15|EA|3300|KRW|49500|20161123|1300|
C|005186|2016|50003027990037|001|4300006386|00070|CME0010|100|EA|240|KRW|24000|20161123|1300|
C|005186|2016|50003027990038|001|4300006386|00080|CMF0001|20|EA|1950|KRW|39000|20161123|1300|
C|005186|2016|50003027990039|001|4300006389|00040|CMA0016|100|EA|2140|KRW|214000|20161123|1300|
C|005186|2016|50003027990040|001|4300006389|00060|CMB0010|500|EA|1280|KRW|640000|20161123|1300|
C|005186|2016|50003027990041|001|4300006389|00140|CMH0007|3|EA|11600|KRW|34800|20161123|1300|
C|005186|2016|50003027990042|001|4300006389|00190|CMZ0006|50|EA|1170|KRW|58500|20161123|1300|
C|005186|2016|50003028000001|001|4300006380|00030|CMB0010|50|EA|1280|KRW|64000|20161123|1300|
C|005186|2016|50003028000002|001|4300006380|00060|CMZ0014|1|EA|19000|KRW|19000|20161123|1300|
C|005186|2016|50003028000003|001|4300006381|00050|CME0010|20|EA|240|KRW|4800|20161123|1300|
C|005186|2016|50003028000004|001|4300006381|00060|CMA0005|20|EA|2000|KRW|40000|20161123|1300|
C|005186|2016|50003028000005|001|4300006382|00010|CMB0010|100|EA|1280|KRW|128000|20161123|1300|
C|005186|2016|50003028000006|001|4300006383|00040|CME0010|100|EA|240|KRW|24000|20161123|1300|
C|005186|2016|50003028000007|001|4300006383|00070|CMH0007|1|EA|11600|KRW|11600|20161123|1300|
C|005186|2016|50003028000008|001|4300006384|00050|CME0001|10|EA|3300|KRW|33000|20161123|1300|
C|005186|2016|50003028000009|001|4300006387|00040|CMB0010|80|EA|1280|KRW|102400|20161123|1300|
