C|005186|2017|50003584380001|001|4300008032|00030|UEBC0065|2|EA|168000|KRW|336000|20170726|1300|
C|005186|2017|50003584380002|001|4300008032|00090|UADC0040|10|EA|7880|KRW|78800|20170726|1300|
C|005186|2017|50003584380003|001|4300008032|00100|UAAC0003|5|EA|24150|KRW|120750|20170726|1300|
C|005186|2017|50003584380004|001|4300008033|00010|UAIC0002|10|EA|3680|KRW|36800|20170726|1300|
C|005186|2017|50003584390001|001|4300008064|00120|CME0008|10|EA|1950|KRW|19500|20170726|1300|
C|005186|2017|50003584400001|001|4300008067|00080|CME0008|10|EA|1950|KRW|19500|20170726|1300|
C|005186|2017|50003584410001|001|4300008067|00070|CMC0007|3|EA|13000|KRW|39000|20170726|1300|
C|005186|2017|50003584420001|001|4300008060|00090|CMD0017|8|EA|23760|KRW|190080|20170726|1300|
C|005186|2017|50003584430001|001|4300008008|00010|UEAC0185|1|EA|66780|KRW|66780|20170726|1300|
C|005186|2017|50003584430002|001|4300008022|00020|UHTC0784|20|EA|10600|KRW|212000|20170726|1300|
C|005186|2017|50003584440001|001|4300008081|00010|UAEC0094|1|EA|22630|KRW|22630|20170726|1300|
C|005186|2017|50003584440002|001|4300008081|00030|UAEC0461|2|EA|6220|KRW|12440|20170726|1300|
C|005186|2017|50003584440003|001|4300008081|00040|UAEC0350|2|EA|6646|KRW|13292|20170726|1300|
C|005186|2017|50003584440004|001|4300008081|00050|UAEC0349|2|EA|6963|KRW|13926|20170726|1300|
C|005186|2017|50003584440005|001|4300008081|00060|UAEC0346|2|EA|8630|KRW|17260|20170726|1300|
C|005186|2017|50003584440006|001|4300008081|00070|UAEC0025|2|EA|8900|KRW|17800|20170726|1300|
C|005186|2017|50003584440007|001|4300008081|00080|UAEC0026|2|EA|10940|KRW|21880|20170726|1300|
C|005186|2017|50003584440008|001|4300008081|00090|UAEC0094|1|EA|22630|KRW|22630|20170726|1300|
C|005186|2017|50003584440009|001|4300008081|00100|UAEC0319|1|EA|73470|KRW|73470|20170726|1300|
C|005186|2017|50003584440010|001|4300008081|00110|UAEC0456|1|EA|42630|KRW|42630|20170726|1300|
C|005186|2017|50003584440011|001|4300008081|00120|UADC0160|1|EA|515000|KRW|515000|20170726|1300|
C|005186|2017|50003584440012|001|4300008082|00010|UAGC0468|3|EA|6090|KRW|18270|20170726|1300|
C|005186|2017|50003584440013|001|4300008082|00020|UDAC0041|2|EA|27300|KRW|54600|20170726|1300|
C|005186|2017|50003584440014|001|4300008082|00040|UAEC0452|30|EA|1680|KRW|50400|20170726|1300|
C|005186|2017|50003584440015|001|4300008083|00010|UABC0016|100|EA|15120|KRW|1512000|20170726|1300|
C|005186|2017|50003584440016|001|4300008085|00040|UJAC0151|16|EA|38470|KRW|615520|20170726|1300|
C|005186|2017|50003584440017|001|4300008088|00070|UDBC0982|20|EA|200|KRW|4000|20170726|1300|
C|005186|2017|50003584440018|001|4300008088|00100|UDDC0009|1|EA|147630|KRW|147630|20170726|1300|
C|005186|2017|50003584440019|001|4300008092|00010|UJAC0152|8|EA|35840|KRW|286720|20170726|1300|
C|005186|2017|50003584440020|001|4300008092|00020|UDBC0468|100|EA|590|KRW|59000|20170726|1300|
C|005186|2017|50003584440021|001|4300008092|00030|UAGC0468|1|EA|6090|KRW|6090|20170726|1300|
C|005186|2017|50003584450001|001|4300008082|00030|UDBC0989|100|EA|4750|KRW|475000|20170726|1300|
C|005186|2017|50003584450002|001|4300008085|00030|UGCC1228|6|EA|169000|KRW|1014000|20170726|1300|
C|005186|2017|50003584450003|001|4300008086|00020|UEBC1386|1|EA|1240000|KRW|1240000|20170726|1300|
C|005186|2017|50003584450004|001|4300008094|00010|UGCC0718|65|EA|23200|KRW|1508000|20170726|1300|
C|005186|2017|50003584450005|001|4300008118|00050|UGBC1634|30|EA|3120|KRW|93600|20170726|1300|
C|005186|2017|50003584450006|001|4300008118|00090|UDBC0990|500|EA|640|KRW|320000|20170726|1300|
C|005186|2017|50003584460001|001|4300008086|00010|UGCC1226|2|EA|56700|KRW|113400|20170726|1300|
C|005186|2017|50003584460002|001|4300008088|00020|UDAC0375|5|EA|46100|KRW|230500|20170726|1300|
C|005186|2017|50003584460003|001|4300008088|00080|UGCC1154|2|EA|27100|KRW|54200|20170726|1300|
C|005186|2017|50003584460004|001|4300008089|00020|UCIC0082|1|EA|516600|KRW|516600|20170726|1300|
C|005186|2017|50003584460005|001|4300008090|00070|UGCC0434|2|EA|156500|KRW|313000|20170726|1300|
C|005186|2017|50003584460006|001|4300008094|00050|UGBC0912|5|EA|36225|KRW|181125|20170726|1300|
C|005186|2017|50003584460007|001|4300008095|00010|UGBC0913|5|EA|36225|KRW|181125|20170726|1300|
C|005186|2017|50003584460008|001|4300008112|00060|UGCC1231|2|EA|458000|KRW|916000|20170726|1300|
C|005186|2017|50003584460009|001|4300008112|00070|UGCC1232|1|EA|72000|KRW|72000|20170726|1300|
C|005186|2017|50003584460010|001|4300008112|00080|UGCC1233|2|EA|132500|KRW|265000|20170726|1300|
C|005186|2017|50003584460011|001|4300008113|00020|UGCC1235|1|EA|143500|KRW|143500|20170726|1300|
C|005186|2017|50003584460012|001|4300008132|00020|UGCC1234|20|EA|43100|KRW|862000|20170726|1300|
C|005186|2017|50003584460013|001|4300008132|00040|UGCC1237|2|EA|256000|KRW|512000|20170726|1300|
C|005186|2017|50003584460014|001|4300008132|00050|UGCC1238|10|EA|5830|KRW|58300|20170726|1300|
C|005186|2017|50003584460015|001|4300008133|00030|UGCC1240|1|EA|68800|KRW|68800|20170726|1300|
C|005186|2017|50003584470001|001|4300008089|00010|UEBC1392|50|EA|26500|KRW|1325000|20170726|1300|
C|005186|2017|50003584480001|001|4300008081|00020|UGCC0894|400|EA|3000|KRW|1200000|20170726|1300|
C|005186|2017|50003584480002|001|4300008085|00010|UEBC1379|4|EA|10460|KRW|41840|20170726|1300|
C|005186|2017|50003584480003|001|4300008085|00020|UEBC1397|4|EA|7000|KRW|28000|20170726|1300|
C|005186|2017|50003584480004|001|4300008086|00030|UEBC1387|2|EA|292560|KRW|585120|20170726|1300|
C|005186|2017|50003584480005|001|4300008087|00010|UEBC1388|1|EA|360400|KRW|360400|20170726|1300|
C|005186|2017|50003584480006|001|4300008087|00020|UEBC1389|6|EA|46640|KRW|279840|20170726|1300|
C|005186|2017|50003584480007|001|4300008087|00040|UGBC1632|4|EA|20600|KRW|82400|20170726|1300|
C|005186|2017|50003584480008|001|4300008088|00010|UEBC1390|4|EA|7730|KRW|30920|20170726|1300|
C|005186|2017|50003584480009|001|4300008088|00030|UEBC1391|2|EA|15900|KRW|31800|20170726|1300|
C|005186|2017|50003584480010|001|4300008088|00060|UEBC1393|2|EA|205640|KRW|411280|20170726|1300|
C|005186|2017|50003584480011|001|4300008088|00090|UBCC0045|10|EA|5050|KRW|50500|20170726|1300|
C|005186|2017|50003584480012|001|4300008089|00030|UGBC1295|1|EA|121300|KRW|121300|20170726|1300|
C|005186|2017|50003584480013|001|4300008090|00010|UEBC1177|2|EA|44500|KRW|89000|20170726|1300|
C|005186|2017|50003584480014|001|4300008090|00020|UEBC1061|2|EA|15730|KRW|31460|20170726|1300|
C|005186|2017|50003584480015|001|4300008090|00030|UEBC0579|4|EA|2530|KRW|10120|20170726|1300|
C|005186|2017|50003584480016|001|4300008090|00040|UEBC0580|4|EA|4840|KRW|19360|20170726|1300|
C|005186|2017|50003584480017|001|4300008090|00050|UEBC0577|4|EA|1580|KRW|6320|20170726|1300|
C|005186|2017|50003584480018|001|4300008090|00080|UDEC0054|5|EA|148050|KRW|740250|20170726|1300|
C|005186|2017|50003584480019|001|4300008090|00090|UDEC0061|2|EA|262500|KRW|525000|20170726|1300|
C|005186|2017|50003584480020|001|4300008091|00010|UDEC0058|5|EA|190050|KRW|950250|20170726|1300|
C|005186|2017|50003584480021|001|4300008118|00020|UGBC1631|200|EA|600|KRW|120000|20170726|1300|
C|005186|2017|50003584490001|001|4300008095|00030|UKBC0019|1|EA|150150|KRW|150150|20170726|1300|
