C|005186|2016|50002311020001|001|4300004685|00010|UALC0118|3000|EA|110|KRW|0|20160229|1300|
C|005186|2016|50002311020002|001|4300004685|00020|UALC0119|3000|EA|20|KRW|0|20160229|1300|
C|005186|2016|50002311040001|001|4300004576|00010|UEAC0185|2|EA|66780|KRW|133560|20160229|1300|
C|005186|2016|50002311040002|001|4300004624|00020|UCKC0050|10|EA|4700|KRW|47000|20160229|1300|
C|005186|2016|50002311040003|001|4300004624|00050|UCKC0103|2|EA|154000|KRW|308000|20160229|1300|
C|005186|2016|50002311040004|001|4300004630|00010|UEBC0010|8|EA|89570|KRW|716560|20160229|1300|
C|005186|2016|50002311040005|001|4300004630|00020|UIDC0086|1|EA|140000|KRW|140000|20160229|1300|
C|005186|2016|50002311040006|001|4300004631|00010|UEBC0649|2|EA|124740|KRW|249480|20160229|1300|
C|005186|2016|50002311040007|001|4300004631|00020|UEBC0758|2|EA|4170|KRW|8340|20160229|1300|
C|005186|2016|50002311040008|001|4300004631|00030|UGCC0218|20|EA|2877|KRW|57540|20160229|1300|
C|005186|2016|50002311040009|001|4300004631|00040|UGCC0219|20|EA|3310|KRW|66200|20160229|1300|
C|005186|2016|50002311040010|001|4300004631|00050|UEBC0823|20|EA|18010|KRW|360200|20160229|1300|
C|005186|2016|50002311040011|001|4300004632|00030|UEBC0146|10|EA|5320|KRW|53200|20160229|1300|
C|005186|2016|50002311040012|001|4300004632|00040|UEBC1131|5|EA|33000|KRW|165000|20160229|1300|
C|005186|2016|50002311040013|001|4300004632|00060|UEBC0178|3|EA|72450|KRW|217350|20160229|1300|
C|005186|2016|50002311040014|001|4300004632|00090|UEBC0323|10|EA|15230|KRW|152300|20160229|1300|
C|005186|2016|50002311040015|001|4300004633|00010|UEBC0207|10|EA|45480|KRW|454800|20160229|1300|
C|005186|2016|50002311040016|001|4300004633|00060|UEBC0371|10|EA|4290|KRW|42900|20160229|1300|
C|005186|2016|50002311040017|001|4300004633|00090|UDBC0861|5|EA|5060|KRW|25300|20160229|1300|
C|005186|2016|50002311040018|001|4300004633|00100|UDBC0899|5|EA|3040|KRW|15200|20160229|1300|
C|005186|2016|50002311040019|001|4300004633|00140|UIDC0010|1|EA|140700|KRW|140700|20160229|1300|
C|005186|2016|50002311040020|001|4300004634|00010|UEBC0177|1|EA|204750|KRW|204750|20160229|1300|
C|005186|2016|50002311040021|001|4300004634|00030|UEBC1261|3|EA|31800|KRW|95400|20160229|1300|
C|005186|2016|50002311040022|001|4300004634|00090|UBCC0055|10|EA|5300|KRW|53000|20160229|1300|
C|005186|2016|50002311040023|001|4300004634|00140|UEAC0186|1|EA|68900|KRW|68900|20160229|1300|
C|005186|2016|50002311040024|001|4300004635|00220|UDBC0928|10|EA|2862|KRW|28620|20160229|1300|
C|005186|2016|50002311040025|001|4300004635|00230|UEBC1262|10|EA|30687|KRW|306870|20160229|1300|
C|005186|2016|50002311040026|001|4300004636|00010|UEBC1263|7|EA|39220|KRW|274540|20160229|1300|
C|005186|2016|50002311040027|001|4300004636|00070|UDDC0372|5|EA|66550|KRW|332750|20160229|1300|
C|005186|2016|50002311040028|001|4300004637|00020|UDDC0374|2|EA|153900|KRW|307800|20160229|1300|
C|005186|2016|50002311040029|001|4300004638|00060|UDFC0013|2|EA|101000|KRW|202000|20160229|1300|
C|005186|2016|50002311040030|001|4300004638|00080|UDDC0253|10|EA|3560|KRW|35600|20160229|1300|
C|005186|2016|50002311040031|001|4300004638|00090|UKEC0010|40|EA|1530|KRW|61200|20160229|1300|
C|005186|2016|50002311040032|001|4300004638|00100|UKEC0023|40|EA|1530|KRW|61200|20160229|1300|
C|005186|2016|50002311040033|001|4300004638|00110|UEBC0954|1|EA|152250|KRW|152250|20160229|1300|
C|005186|2016|50002311040034|001|4300004638|00230|UDDC0105|1|EA|23100|KRW|23100|20160229|1300|
C|005186|2016|50002311050001|001|4300004572|00040|KS061503|17|EA|3150|KRW|53550|20160229|1300|
C|005186|2016|50002311050002|001|4300004572|00050|KS061505|3|EA|6230|KRW|18690|20160229|1300|
C|005186|2016|50002311050003|001|4300004572|00060|KS066904|5|EA|2000|KRW|10000|20160229|1300|
C|005186|2016|50002311050004|001|4300004572|00070|KS066905|8|EA|2260|KRW|18080|20160229|1300|
C|005186|2016|50002311050005|001|4300004572|00080|KS067001|4|EA|1400|KRW|5600|20160229|1300|
C|005186|2016|50002311050006|001|4300004572|00090|KS067004|5|EA|2000|KRW|10000|20160229|1300|
C|005186|2016|50002311050007|001|4300004572|00100|KS067208|5|EA|7940|KRW|39700|20160229|1300|
C|005186|2016|50002311050008|001|4300004572|00110|KS080711|3|EA|32300|KRW|96900|20160229|1300|
C|005186|2016|50002311050009|001|4300004572|00120|KS990008|1|EA|39900|KRW|39900|20160229|1300|
C|005186|2016|50002311050010|001|4300004572|00130|KS990009|2|EA|8820|KRW|17640|20160229|1300|
C|005186|2016|50002311050011|001|4300004580|00040|UAEC0076|6|EA|24210|KRW|145260|20160229|1300|
C|005186|2016|50002311050012|001|4300004580|00050|UAEC0112|4|EA|18210|KRW|72840|20160229|1300|
C|005186|2016|50002311050013|001|4300004580|00060|UAEC0018|2|EA|76850|KRW|153700|20160229|1300|
C|005186|2016|50002311050014|001|4300004580|00070|UAEC0030|6|EA|15750|KRW|94500|20160229|1300|
C|005186|2016|50002311050015|001|4300004580|00080|UAEC0055|6|EA|15380|KRW|92280|20160229|1300|
C|005186|2016|50002311050016|001|4300004580|00090|UAEC0209|6|EA|9100|KRW|54600|20160229|1300|
C|005186|2016|50002311050017|001|4300004580|00100|UAEC0210|6|EA|9100|KRW|54600|20160229|1300|
C|005186|2016|50002311050018|001|4300004624|00120|UAEC0330|1|EA|50240|KRW|50240|20160229|1300|
C|005186|2016|50002311050019|001|4300004625|00050|UAEC0326|50|EA|7455|KRW|372750|20160229|1300|
C|005186|2016|50002311050020|001|4300004625|00060|UAGC0178|50|EA|7455|KRW|372750|20160229|1300|
C|005186|2016|50002311050021|001|4300004627|00050|UAEC0058|2|EA|12350|KRW|24700|20160229|1300|
C|005186|2016|50002311050022|001|4300004627|00060|UAEC0197|2|EA|7270|KRW|14540|20160229|1300|
C|005186|2016|50002311050023|001|4300004627|00070|UAEC0198|2|EA|7270|KRW|14540|20160229|1300|
C|005186|2016|50002311060001|001|4300004630|00030|UGCC0579|1|EA|968600|KRW|968600|20160229|1300|
C|005186|2016|50002311060002|001|4300004632|00010|UDDC0042|3|EA|66938|KRW|200814|20160229|1300|
C|005186|2016|50002311060003|001|4300004632|00020|UDBC0573|10|EA|3600|KRW|36000|20160229|1300|
C|005186|2016|50002311060004|001|4300004632|00080|UGBC1207|100|EA|910|KRW|91000|20160229|1300|
C|005186|2016|50002311060005|001|4300004633|00130|UDFC0017|1|EA|34730|KRW|34730|20160229|1300|
C|005186|2016|50002311060006|001|4300004635|00030|UGCC0220|20|EA|2289|KRW|45780|20160229|1300|
C|005186|2016|50002311060007|001|4300004635|00040|UGCC0218|50|EA|2877|KRW|143850|20160229|1300|
C|005186|2016|50002311060008|001|4300004635|00050|UGCC0219|50|EA|3310|KRW|165500|20160229|1300|
C|005186|2016|50002311060009|001|4300004635|00060|UGCC0208|50|EA|4180|KRW|209000|20160229|1300|
C|005186|2016|50002311060010|001|4300004635|00070|UGCC0209|50|EA|3290|KRW|164500|20160229|1300|
C|005186|2016|50002311060011|001|4300004635|00090|UGCC0211|20|EA|4000|KRW|80000|20160229|1300|
C|005186|2016|50002311060012|001|4300004635|00100|UGCC0212|20|EA|5670|KRW|113400|20160229|1300|
C|005186|2016|50002311060013|001|4300004635|00110|UGBC0744|50|EA|520|KRW|26000|20160229|1300|
C|005186|2016|50002311060014|001|4300004635|00120|UGBC0745|30|EA|560|KRW|16800|20160229|1300|
C|005186|2016|50002311060015|001|4300004635|00160|UGBC0752|30|EA|672|KRW|20160|20160229|1300|
C|005186|2016|50002311060016|001|4300004635|00170|UGBC0753|30|EA|740|KRW|22200|20160229|1300|
C|005186|2016|50002311060017|001|4300004635|00180|UGBC0781|30|EA|580|KRW|17400|20160229|1300|
C|005186|2016|50002311060018|001|4300004635|00190|UGBC0782|30|EA|720|KRW|21600|20160229|1300|
C|005186|2016|50002311060019|001|4300004635|00200|UGBC0783|30|EA|830|KRW|24900|20160229|1300|
C|005186|2016|50002311060020|001|4300004635|00210|UGBC0798|20|EA|540|KRW|10800|20160229|1300|
C|005186|2016|50002311060021|001|4300004636|00020|UDBC0929|20|EA|2003|KRW|40060|20160229|1300|
C|005186|2016|50002311060022|001|4300004637|00070|UDBC0930|20|EA|1039|KRW|20780|20160229|1300|
C|005186|2016|50002311060023|001|4300004638|00020|UDBC0346|100|EA|46|KRW|4600|20160229|1300|
C|005186|2016|50002311060024|001|4300004638|00030|UDBC0349|100|EA|60|KRW|6000|20160229|1300|
C|005186|2016|50002311060025|001|4300004639|00010|UHTC0532|1|EA|13470|KRW|13470|20160229|1300|
C|005186|2016|50002311060026|001|4300004639|00020|UBEC0003|4|EA|166430|KRW|665720|20160229|1300|
C|005186|2016|50002311060027|001|4300004640|00010|UFDC0003|30|EA|15280|KRW|458400|20160229|1300|
C|005186|2016|50002311060028|001|4300004640|00050|UFKC0048|1|EA|90900|KRW|90900|20160229|1300|
C|005186|2016|50002311060029|001|4300004640|00060|UFFC0034|1|EA|231660|KRW|231660|20160229|1300|
C|005186|2016|50002311070001|001|4300004568|00040|UGCC0605|1|EA|11030|KRW|11030|20160229|1300|
C|005186|2016|50002311070002|001|4300004572|00030|KP150400|100|EA|170|KRW|17000|20160229|1300|
C|005186|2016|50002311070003|001|4300004572|00140|KT020006|4|EA|6250|KRW|25000|20160229|1300|
C|005186|2016|50002311070004|001|4300004572|00150|KT020014|3|EA|14490|KRW|43470|20160229|1300|
C|005186|2016|50002311070005|001|4300004572|00160|KT020020|1|EA|27800|KRW|27800|20160229|1300|
C|005186|2016|50002311070006|001|4300004572|00170|KT020600|3|EA|14910|KRW|44730|20160229|1300|
C|005186|2016|50002311070007|001|4300004572|00180|KT020610|2|EA|29150|KRW|58300|20160229|1300|
C|005186|2016|50002311070008|001|4300004572|00190|KT020612|1|EA|44100|KRW|44100|20160229|1300|
C|005186|2016|50002311070009|001|4300004572|00200|KT020613|1|EA|49000|KRW|49000|20160229|1300|
C|005186|2016|50002311070010|001|4300004572|00210|KT020700|11|EA|2680|KRW|29480|20160229|1300|
C|005186|2016|50002311070011|001|4300004572|00220|KT020704|22|EA|610|KRW|13420|20160229|1300|
C|005186|2016|50002311070012|001|4300004581|00030|UAEC0350|2|EA|6646|KRW|13292|20160229|1300|
C|005186|2016|50002311070013|001|4300004582|00020|UAEC0010|2|EA|6360|KRW|12720|20160229|1300|
C|005186|2016|50002311070014|001|4300004624|00010|UCAC0010|5|EA|19690|KRW|98450|20160229|1300|
C|005186|2016|50002311070015|001|4300004624|00030|UZZC0014|30|EA|473|KRW|14190|20160229|1300|
C|005186|2016|50002311070016|001|4300004624|00040|UHHC0140|2|EA|81690|KRW|163380|20160229|1300|
C|005186|2016|50002311070017|001|4300004624|00080|UGAC0065|5|EA|124800|KRW|624000|20160229|1300|
C|005186|2016|50002311070018|001|4300004624|00090|UFGC0024|4|EA|15120|KRW|60480|20160229|1300|
C|005186|2016|50002311070019|001|4300004624|00100|UJAC0104|6|EA|12290|KRW|73740|20160229|1300|
C|005186|2016|50002311070020|001|4300004624|00110|UJAC0078|6|EA|16730|KRW|100380|20160229|1300|
C|005186|2016|50002311070021|001|4300004625|00010|UALC0061|20|EA|300|KRW|6000|20160229|1300|
C|005186|2016|50002311070022|001|4300004625|00020|UFFC0012|5|EA|31190|KRW|155950|20160229|1300|
C|005186|2016|50002311070023|001|4300004625|00030|UHHC0144|1|EA|132300|KRW|132300|20160229|1300|
C|005186|2016|50002311070024|001|4300004625|00040|UHHC0145|1|EA|81690|KRW|81690|20160229|1300|
C|005186|2016|50002311070025|001|4300004627|00020|UKGC0008|7|EA|2940|KRW|20580|20160229|1300|
C|005186|2016|50002311070026|001|4300004627|00030|UAJC0063|100|EA|180|KRW|18000|20160229|1300|
C|005186|2016|50002311070027|001|4300004627|00040|UAEC0366|1|EA|229400|KRW|229400|20160229|1300|
C|005186|2016|50002311070028|001|4300004627|00080|UAGC0241|1|EA|220000|KRW|220000|20160229|1300|
C|005186|2016|50002311070029|001|4300004627|00090|UDEC0020|5|EA|8190|KRW|40950|20160229|1300|
C|005186|2016|50002311070030|001|4300004628|00010|KT020611|2|EA|28140|KRW|56280|20160229|1300|
C|005186|2016|50002311070031|001|4300004628|00020|KT080320|2.000|KG|14175|KRW|28350|20160229|1300|
C|005186|2016|50002311070032|001|4300004628|00030|KT080500|2|EA|26500|KRW|53000|20160229|1300|
C|005186|2016|50002311070033|001|4300004628|00040|KT080520|3|EA|2760|KRW|8280|20160229|1300|
C|005186|2016|50002311070034|001|4300004628|00050|KT990001|100|EA|510|KRW|51000|20160229|1300|
C|005186|2016|50002311070035|001|4300004628|00060|KT990010|40|EA|370|KRW|14800|20160229|1300|
C|005186|2016|50002311070036|001|4300004629|00030|UDFC0080|50|EA|4850|KRW|242500|20160229|1300|
C|005186|2016|50002311070037|001|4300004629|00040|UDFC0073|50|EA|4260|KRW|213000|20160229|1300|
C|005186|2016|50002311070038|001|4300004629|00050|UDFC0077|20|EA|14150|KRW|283000|20160229|1300|
C|005186|2016|50002311070039|001|4300004629|00060|UDFC0123|50|EA|3885|KRW|194250|20160229|1300|
C|005186|2016|50002311070040|001|4300004629|00070|UDFC0142|10|EA|2050|KRW|20500|20160229|1300|
C|005186|2016|50002311070041|001|4300004638|00010|UKBC0011|5|EA|4410|KRW|22050|20160229|1300|
C|005186|2016|50002311080001|001|4300004574|00010|UHTC0773|28|EA|68900|KRW|1929200|20160229|1300|
C|005186|2016|50002311080002|001|4300004626|00010|UHDC0068|20|EA|99750|KRW|1995000|20160229|1300|
C|005186|2016|50002311080003|001|4300004644|00010|UHHC0069|1|EA|412650|KRW|412650|20160229|1300|
C|005186|2016|50002311080004|001|4300004644|00020|UHHC0078|1|EA|573300|KRW|573300|20160229|1300|
C|005186|2016|50002311080005|001|4300004644|00030|UHNC0032|2|EA|293000|KRW|586000|20160229|1300|
C|005186|2016|50002311080006|001|4300004644|00040|UHDC0233|5|EA|50500|KRW|252500|20160229|1300|
