C|005186|2014|50000890820001|001|4300001589|00060|UKBC0010|2|EA|91480|KRW|182960|20140730|1300|
C|005186|2014|50000890820002|001|4300001589|00170|UDDC0136|10|EA|13545|KRW|135450|20140730|1300|
C|005186|2014|50000890820003|001|4300001589|00180|UDDC0131|5|EA|24360|KRW|121800|20140730|1300|
C|005186|2014|50000890820004|001|4300001589|00300|UCIC0179|1|EA|212000|KRW|212000|20140730|1300|
C|005186|2014|50000890820005|001|4300001592|00200|UDAC0225|200|EA|945|KRW|189000|20140730|1300|
C|005186|2014|50000890830001|001|4300001567|00160|UEAC0147|1|EA|439900|KRW|439900|20140730|1300|
C|005186|2014|50000890830002|001|4300001567|00170|UCIC0127|5|EA|54600|KRW|273000|20140730|1300|
C|005186|2014|50000890830003|001|4300001567|00190|UGCC0623|1|EA|35300|KRW|35300|20140730|1300|
C|005186|2014|50000890840001|001|4300001566|00010|KP150400|100|EA|170|KRW|17000|20140730|1300|
C|005186|2014|50000890840002|001|4300001566|00130|KS990007|5|EA|51450|KRW|257250|20140730|1300|
C|005186|2014|50000890840003|001|4300001566|00150|KT020005|5|EA|5640|KRW|28200|20140730|1300|
C|005186|2014|50000890840004|001|4300001566|00160|KT020016|2|EA|18620|KRW|37240|20140730|1300|
C|005186|2014|50000890840005|001|4300001566|00170|KT020017|1|EA|18730|KRW|18730|20140730|1300|
C|005186|2014|50000890840006|001|4300001566|00180|KT020500|20|EA|3110|KRW|62200|20140730|1300|
C|005186|2014|50000890840007|001|4300001566|00190|KT020611|1|EA|28140|KRW|28140|20140730|1300|
C|005186|2014|50000890840008|001|4300001566|00200|KT020620|14|EA|290|KRW|4060|20140730|1300|
C|005186|2014|50000890840009|001|4300001566|00210|KT020702|20|EA|470|KRW|9400|20140730|1300|
C|005186|2014|50000890840010|001|4300001566|00220|KT080300|20.000|KG|2770|KRW|55400|20140730|1300|
C|005186|2014|50000890840011|001|4300001566|00240|KT990001|30|EA|510|KRW|15300|20140730|1300|
C|005186|2014|50000890840012|001|4300001566|00250|KT990010|50|EA|370|KRW|18500|20140730|1300|
C|005186|2014|50000890860001|001|4300001434|00060|UALC0095|4|EA|238100|KRW|952400|20140730|1300|
C|005186|2014|50000890860002|001|4300001434|00070|UALC0096|24|EA|31300|KRW|751200|20140730|1300|
C|005186|2014|50000890870001|001|4300001567|00010|UZZC0123|10|EA|6310|KRW|63100|20140730|1300|
C|005186|2014|50000890870002|001|4300001567|00030|UIEC0035|10|EA|37800|KRW|378000|20140730|1300|
C|005186|2014|50000890870003|001|4300001567|00040|UALC0084|10|EA|4200|KRW|42000|20140730|1300|
C|005186|2014|50000890870004|001|4300001567|00060|UAGC0033|1|EA|122100|KRW|122100|20140730|1300|
C|005186|2014|50000890870005|001|4300001567|00090|UKBC0010|2|EA|91480|KRW|182960|20140730|1300|
C|005186|2014|50000890870006|001|4300001567|00100|UKBC0010|1|EA|91480|KRW|91480|20140730|1300|
C|005186|2014|50000890870007|001|4300001567|00110|UAGC0064|1|EA|112630|KRW|112630|20140730|1300|
C|005186|2014|50000890870008|001|4300001567|00120|UEBC0898|8|EA|24885|KRW|199080|20140730|1300|
C|005186|2014|50000890870009|001|4300001567|00140|UAJC0007|20|EA|7820|KRW|156400|20140730|1300|
C|005186|2014|50000890870010|001|4300001567|00180|UAGC0241|1|EA|220000|KRW|220000|20140730|1300|
C|005186|2014|50000891010001|001|4300001603|00010|UKBC0010|1|EA|91480|KRW|91480|20140730|1300|
C|005186|2014|50000891010002|001|4300001603|00030|UAEC0388|2|EA|7900|KRW|15800|20140730|1300|
C|005186|2014|50000891010003|001|4300001603|00040|UAGC0323|10|EA|14180|KRW|141800|20140730|1300|
C|005186|2014|50000891010004|001|4300001603|00050|UKEC0091|10|EA|1270|KRW|12700|20140730|1300|
C|005186|2014|50000891010005|001|4300001603|00060|UAAC0001|20|EA|1890|KRW|37800|20140730|1300|
C|005186|2014|50000891010006|001|4300001603|00070|UALC0006|100|EA|1733|KRW|173300|20140730|1300|
C|005186|2014|50000891010007|001|4300001603|00080|UHTC0486|2|EA|46410|KRW|92820|20140730|1300|
C|005186|2014|50000891010008|001|4300001605|00230|UJBC0004|20|EA|4337|KRW|86740|20140730|1300|
C|005186|2014|50000891010009|001|4300001605|00240|UJAC0051|1|EA|18500|KRW|18500|20140730|1300|
C|005186|2014|50000891010010|001|4300001605|00260|UEBC1048|4|EA|1530|KRW|6120|20140730|1300|
C|005186|2014|50000891010011|001|4300001605|00270|UJBC0045|1|EA|121800|KRW|121800|20140730|1300|
C|005186|2014|50000891010012|001|4300001605|00280|UAGC0252|3|EA|67060|KRW|201180|20140730|1300|
C|005186|2014|50000891010013|001|4300001605|00290|UFAC0002|5|EA|18900|KRW|94500|20140730|1300|
C|005186|2014|50000891010014|001|4300001605|00300|UDBC0782|50|EA|98|KRW|4900|20140730|1300|
C|005186|2014|50000891010015|001|4300001605|00370|UICC0010|9|EA|1580|KRW|14220|20140730|1300|
C|005186|2014|50000891010016|001|4300001605|00380|UKAC0022|1|EA|45150|KRW|45150|20140730|1300|
C|005186|2014|50000891010017|001|4300001605|00780|UZZC0003|3|EA|27160|KRW|81480|20140730|1300|
C|005186|2014|50000891010018|001|4300001605|00800|UJBC0033|5000|EA|70|KRW|350000|20140730|1300|
C|005186|2014|50000891010019|001|4300001605|00890|UKEC0019|20|EA|1530|KRW|30600|20140730|1300|
C|005186|2014|50000891010020|001|4300001605|00940|UAEC0095|1|EA|22630|KRW|22630|20140730|1300|
C|005186|2014|50000891010021|001|4300001605|00950|UAEC0249|1|EA|3450|KRW|3450|20140730|1300|
C|005186|2014|50000891010022|001|4300001605|00960|UADC0139|1|EA|13370|KRW|13370|20140730|1300|
C|005186|2014|50000891010023|001|4300001605|00970|UHTC0197|1|EA|280670|KRW|280670|20140730|1300|
C|005186|2014|50000891010024|001|4300001605|00990|UKBC0010|1|EA|91480|KRW|91480|20140730|1300|
C|005186|2014|50000891010025|001|4300001605|01000|UALC0022|3|EA|20140|KRW|60420|20140730|1300|
C|005186|2014|50000891010026|001|4300001605|01010|UALC0023|5|EA|22260|KRW|111300|20140730|1300|
C|005186|2014|50000891010027|001|4300001605|01020|UALC0024|5|EA|26500|KRW|132500|20140730|1300|
C|005186|2014|50000891010028|001|4300001605|01030|UALC0088|5|EA|38160|KRW|190800|20140730|1300|
C|005186|2014|50000891010029|001|4300001605|01040|UALC0026|5|EA|26500|KRW|132500|20140730|1300|
C|005186|2014|50000891010030|001|4300001605|01050|UALC0097|3|EA|22260|KRW|66780|20140730|1300|
C|005186|2014|50000891030001|001|4300001603|00240|UGCC0192|10|EA|95600|KRW|956000|20140730|1300|
C|005186|2014|50000891030002|001|4300001603|00250|UGCC0781|5|EA|49400|KRW|247000|20140730|1300|
C|005186|2014|50000891030003|001|4300001603|00260|UGCC0234|1|EA|161700|KRW|161700|20140730|1300|
C|005186|2014|50000891030004|001|4300001603|00270|UGCC0103|1|EA|615300|KRW|615300|20140730|1300|
C|005186|2014|50000891030005|001|4300001603|00280|UGCC0702|1|EA|12630|KRW|12630|20140730|1300|
C|005186|2014|50000891030006|001|4300001603|00290|UGCC0197|1|EA|236840|KRW|236840|20140730|1300|
C|005186|2014|50000891030007|001|4300001605|00010|UGCC0348|5|EA|140700|KRW|703500|20140730|1300|
C|005186|2014|50000891030008|001|4300001605|00660|UGCC0895|2|EA|239000|KRW|478000|20140730|1300|
C|005186|2014|50000891030009|001|4300001605|00680|UGBC0913|5|EA|36225|KRW|181125|20140730|1300|
C|005186|2014|50000891050001|001|4300001605|00130|UAEC0079|3|EA|12075|KRW|36225|20140730|1300|
C|005186|2014|50000891050002|001|4300001605|00140|UAEC0197|2|EA|7270|KRW|14540|20140730|1300|
C|005186|2014|50000891050003|001|4300001605|00150|UAEC0198|3|EA|7270|KRW|21810|20140730|1300|
C|005186|2014|50000891050004|001|4300001605|00160|UZZC0012|2|EA|7350|KRW|14700|20140730|1300|
C|005186|2014|50000891050005|001|4300001605|00170|UABC0022|2|EA|17120|KRW|34240|20140730|1300|
C|005186|2014|50000891050006|001|4300001605|00180|UAKC0012|2|EA|9080|KRW|18160|20140730|1300|
C|005186|2014|50000891050007|001|4300001605|00190|UHHC0140|2|EA|81690|KRW|163380|20140730|1300|
C|005186|2014|50000891050008|001|4300001605|00200|UAEC0301|2|EA|11550|KRW|23100|20140730|1300|
C|005186|2014|50000891050009|001|4300001605|00210|UAGC0183|2|EA|232000|KRW|464000|20140730|1300|
C|005186|2014|50000891050010|001|4300001605|00220|UAGC0076|2|EA|34930|KRW|69860|20140730|1300|
C|005186|2014|50000891100001|001|4300001603|00140|UGAC0053|1|EA|69880|KRW|69880|20140730|1300|
C|005186|2014|50000891100002|001|4300001603|00150|UCHC0023|2|EA|100000|KRW|200000|20140730|1300|
C|005186|2014|50000891100003|001|4300001603|00420|UIDC0004|1|EA|424200|KRW|424200|20140730|1300|
C|005186|2014|50000891100004|001|4300001603|00460|UGCC0190|2|EA|19350|KRW|38700|20140730|1300|
C|005186|2014|50000891100005|001|4300001603|00470|UKBC0014|1|EA|52500|KRW|52500|20140730|1300|
C|005186|2014|50000891100006|001|4300001603|00480|UKEC0017|1|EA|61200|KRW|61200|20140730|1300|
C|005186|2014|50000891100007|001|4300001603|00490|UKEC0021|40|EA|1520|KRW|60800|20140730|1300|
C|005186|2014|50000891100008|001|4300001605|00070|UAJC0064|100|EA|180|KRW|18000|20140730|1300|
C|005186|2014|50000891100009|001|4300001605|00080|UAJC0065|100|EA|180|KRW|18000|20140730|1300|
C|005186|2014|50000891100010|001|4300001605|00090|UAJC0063|100|EA|180|KRW|18000|20140730|1300|
C|005186|2014|50000891100011|001|4300001605|00100|UAJC0044|50|EA|270|KRW|13500|20140730|1300|
C|005186|2014|50000891100012|001|4300001605|00110|UAJC0047|50|EA|470|KRW|23500|20140730|1300|
C|005186|2014|50000891100013|001|4300001605|00120|UAJC0046|30|EA|470|KRW|14100|20140730|1300|
C|005186|2014|50000891100014|001|4300001605|00630|UADC0144|1|EA|29470|KRW|29470|20140730|1300|
C|005186|2014|50000891100015|001|4300001605|00640|UIEC0024|1000|EA|240|KRW|240000|20140730|1300|
C|005186|2014|50000891100016|001|4300001605|00650|UFGC0035|5|EA|11077|KRW|55385|20140730|1300|
C|005186|2014|50000891100017|001|4300001605|00670|UCHC0024|5|EA|15800|KRW|79000|20140730|1300|
C|005186|2014|50000891100018|001|4300001605|00700|UKBC0010|1|EA|91480|KRW|91480|20140730|1300|
C|005186|2014|50000891180001|001|4300001603|00100|UAEC0325|50|EA|9050|KRW|452500|20140730|1300|
C|005186|2014|50000891180002|001|4300001603|00110|UAGC0044|2|EA|15260|KRW|30520|20140730|1300|
C|005186|2014|50000891180003|001|4300001603|00120|UCIC0016|1|EA|37470|KRW|37470|20140730|1300|
C|005186|2014|50000891180004|001|4300001603|00130|UAEC0027|2|EA|22580|KRW|45160|20140730|1300|
C|005186|2014|50000891180005|001|4300001603|00230|UEBC0005|10|EA|11700|KRW|117000|20140730|1300|
C|005186|2014|50000891180006|001|4300001603|00300|UEBC0359|10|EA|3810|KRW|38100|20140730|1300|
C|005186|2014|50000891180007|001|4300001603|00310|UEBC0010|10|EA|89570|KRW|895700|20140730|1300|
C|005186|2014|50000891180008|001|4300001603|00320|UEBC0044|2|EA|71660|KRW|143320|20140730|1300|
C|005186|2014|50000891180009|001|4300001603|00330|UDBC0861|1|EA|5060|KRW|5060|20140730|1300|
C|005186|2014|50000891180010|001|4300001603|00340|UAGC0399|6|EA|484|KRW|2904|20140730|1300|
C|005186|2014|50000891180011|001|4300001603|00350|UDBC0690|5|EA|5901|KRW|29505|20140730|1300|
C|005186|2014|50000891180012|001|4300001603|00360|UEBC0335|10|EA|4700|KRW|47000|20140730|1300|
C|005186|2014|50000891180013|001|4300001603|00370|UEBC0369|10|EA|2460|KRW|24600|20140730|1300|
C|005186|2014|50000891180014|001|4300001605|00310|UAEC0399|4|EA|175000|KRW|700000|20140730|1300|
C|005186|2014|50000891180015|001|4300001605|00320|UEBC1086|4|EA|9050|KRW|36200|20140730|1300|
C|005186|2014|50000891180016|001|4300001605|00350|UKBC0010|1|EA|91480|KRW|91480|20140730|1300|
C|005186|2014|50000891180017|001|4300001605|00360|UKBC0010|1|EA|91480|KRW|91480|20140730|1300|
C|005186|2014|50000891180018|001|4300001605|00790|UEBC1012|3|EA|23680|KRW|71040|20140730|1300|
C|005186|2014|50000891180019|001|4300001605|00810|UEBC0063|4|EA|144900|KRW|579600|20140730|1300|
C|005186|2014|50000891180020|001|4300001605|00820|UEBC0657|4|EA|181130|KRW|724520|20140730|1300|
C|005186|2014|50000891180021|001|4300001605|00830|UEBC0771|20|EA|1890|KRW|37800|20140730|1300|
C|005186|2014|50000891180022|001|4300001605|00840|UEBC0768|20|EA|2630|KRW|52600|20140730|1300|
C|005186|2014|50000891180023|001|4300001605|00850|UEBC0074|20|EA|7370|KRW|147400|20140730|1300|
C|005186|2014|50000891180024|001|4300001605|00870|UEBC0078|20|EA|1910|KRW|38200|20140730|1300|
C|005186|2014|50000891180025|001|4300001605|00930|UEBC0066|2|EA|938700|KRW|1877400|20140730|1300|
C|005186|2014|50000891180026|001|4300001605|00980|UDAC0012|100|EA|4220|KRW|422000|20140730|1300|
C|005186|2014|50000891190001|001|4300001605|00340|UDFC0119|40|EA|2100|KRW|84000|20140730|1300|
C|005186|2014|50000891190002|001|4300001605|00400|UDBC0887|300|EA|425|KRW|127500|20140730|1300|
C|005186|2014|50000891190003|001|4300001605|00410|UDBC0888|300|EA|530|KRW|159000|20140730|1300|
C|005186|2014|50000891190004|001|4300001605|00420|UDFC0151|300|EA|3180|KRW|954000|20140730|1300|
C|005186|2014|50000891190005|001|4300001605|00690|UIDC0144|1|EA|177240|KRW|177240|20140730|1300|
C|005186|2014|50000891190006|001|4300001605|00710|UKBC0011|1|EA|4410|KRW|4410|20140730|1300|
C|005186|2014|50000891190007|001|4300001605|00720|UCIC0154|100|EA|1370|KRW|137000|20140730|1300|
C|005186|2014|50000891200001|001|4300001466|00010|UDBC0003|10|EA|1420|KRW|14200|20140730|1300|
C|005186|2014|50000891200002|001|4300001466|00020|UDBC0071|1|EA|14700|KRW|14700|20140730|1300|
C|005186|2014|50000891230001|001|4300001603|00180|UGBC1050|1|EA|115500|KRW|115500|20140730|1300|
C|005186|2014|50000891230002|001|4300001605|00590|UGBC0481|10|EA|15225|KRW|152250|20140730|1300|
C|005186|2014|50000891230003|001|4300001605|00600|UGBC0482|5|EA|18000|KRW|90000|20140730|1300|
C|005186|2014|50000891230004|001|4300001605|00610|UGBC0483|5|EA|28665|KRW|143325|20140730|1300|
