C|005186|2014|50000832260001|001|4300001514|00010|CMA0001|400|EA|240|KRW|96000|20140630|1300|
C|005186|2014|50000832260002|001|4300001514|00020|CMA0005|20|EA|2470|KRW|49400|20140630|1300|
C|005186|2014|50000832260003|001|4300001514|00030|CMA0007|300|EA|270|KRW|81000|20140630|1300|
C|005186|2014|50000832260004|001|4300001514|00040|CMA0016|20|EA|2840|KRW|56800|20140630|1300|
C|005186|2014|50000832260005|001|4300001514|00060|CMB0001|20|EA|655|KRW|13100|20140630|1300|
C|005186|2014|50000832260006|001|4300001514|00070|CMB0002|20|EA|2420|KRW|48400|20140630|1300|
C|005186|2014|50000832260007|001|4300001514|00080|CMB0010|20|EA|1100|KRW|22000|20140630|1300|
C|005186|2014|50000832260008|001|4300001514|00090|CMC0002|2|EA|9350|KRW|18700|20140630|1300|
C|005186|2014|50000832260009|001|4300001514|00100|CME0001|18|EA|4910|KRW|88380|20140630|1300|
C|005186|2014|50000832260010|001|4300001514|00110|CME0002|20|EA|2300|KRW|46000|20140630|1300|
C|005186|2014|50000832260011|001|4300001514|00120|CME0010|100|EA|285|KRW|28500|20140630|1300|
C|005186|2014|50000832260012|001|4300001514|00150|CMZ0003|2|EA|1470|KRW|2940|20140630|1300|
C|005186|2014|50000832260013|001|4300001514|00160|CMZ0004|10|EA|380|KRW|3800|20140630|1300|
C|005186|2014|50000832260014|001|4300001515|00010|CMA0001|400|EA|240|KRW|96000|20140630|1300|
C|005186|2014|50000832260015|001|4300001515|00020|CMA0007|200|EA|270|KRW|54000|20140630|1300|
C|005186|2014|50000832260016|001|4300001515|00030|CMA0008|200|EA|690|KRW|138000|20140630|1300|
C|005186|2014|50000832260017|001|4300001515|00040|CMA0016|100|EA|2840|KRW|284000|20140630|1300|
C|005186|2014|50000832260018|001|4300001515|00060|CMB0001|200|EA|655|KRW|131000|20140630|1300|
C|005186|2014|50000832260019|001|4300001515|00070|CMB0010|200|EA|1100|KRW|220000|20140630|1300|
C|005186|2014|50000832260020|001|4300001515|00080|CMC0005|200|EA|190|KRW|38000|20140630|1300|
C|005186|2014|50000832260021|001|4300001515|00090|CME0002|30|EA|2300|KRW|69000|20140630|1300|
C|005186|2014|50000832260022|001|4300001515|00100|CME0010|180|EA|285|KRW|51300|20140630|1300|
C|005186|2014|50000832260023|001|4300001515|00160|CMZ0001|40|EA|765|KRW|30600|20140630|1300|
C|005186|2014|50000832260024|001|4300001515|00170|CMZ0002|40|EA|430|KRW|17200|20140630|1300|
C|005186|2014|50000832260025|001|4300001515|00180|CMZ0004|50|EA|380|KRW|19000|20140630|1300|
C|005186|2014|50000832260026|001|4300001515|00190|CMZ0006|30|EA|1155|KRW|34650|20140630|1300|
C|005186|2014|50000832260027|001|4300001516|00010|CMA0001|100|EA|240|KRW|24000|20140630|1300|
C|005186|2014|50000832260028|001|4300001516|00030|CMA0007|100|EA|270|KRW|27000|20140630|1300|
C|005186|2014|50000832260029|001|4300001516|00040|CMA0008|30|EA|690|KRW|20700|20140630|1300|
C|005186|2014|50000832260030|001|4300001516|00050|CMA0016|10|EA|2840|KRW|28400|20140630|1300|
C|005186|2014|50000832260031|001|4300001516|00070|CMB0001|20|EA|655|KRW|13100|20140630|1300|
C|005186|2014|50000832260032|001|4300001516|00080|CMB0003|180|EA|2420|KRW|435600|20140630|1300|
C|005186|2014|50000832260033|001|4300001516|00110|CME0001|13|EA|4910|KRW|63830|20140630|1300|
C|005186|2014|50000832260034|001|4300001516|00120|CME0006|3|EA|3400|KRW|10200|20140630|1300|
C|005186|2014|50000832260035|001|4300001517|00010|CMA0001|600|EA|240|KRW|144000|20140630|1300|
C|005186|2014|50000832260036|001|4300001517|00020|CMA0005|10|EA|2470|KRW|24700|20140630|1300|
C|005186|2014|50000832260037|001|4300001517|00030|CMA0007|200|EA|270|KRW|54000|20140630|1300|
C|005186|2014|50000832260038|001|4300001517|00040|CMA0008|300|EA|690|KRW|207000|20140630|1300|
C|005186|2014|50000832260039|001|4300001517|00060|CMB0001|140|EA|655|KRW|91700|20140630|1300|
C|005186|2014|50000832260040|001|4300001517|00070|CMB0003|160|EA|2420|KRW|387200|20140630|1300|
C|005186|2014|50000832260041|001|4300001517|00080|CMB0010|160|EA|1100|KRW|176000|20140630|1300|
C|005186|2014|50000832260042|001|4300001517|00090|CMC0005|200|EA|190|KRW|38000|20140630|1300|
C|005186|2014|50000832270001|001|4300001514|00050|CMA0017|10|EA|780|KRW|7800|20140630|1300|
C|005186|2014|50000832270002|001|4300001514|00140|CMH0007|2|EA|11700|KRW|23400|20140630|1300|
C|005186|2014|50000832270003|001|4300001515|00050|CMA0017|10|EA|780|KRW|7800|20140630|1300|
C|005186|2014|50000832270004|001|4300001515|00110|CMF0001|10|EA|1680|KRW|16800|20140630|1300|
C|005186|2014|50000832270005|001|4300001515|00120|CMF0002|10|EA|1100|KRW|11000|20140630|1300|
C|005186|2014|50000832270006|001|4300001515|00140|CMF0020|10|EA|700|KRW|7000|20140630|1300|
C|005186|2014|50000832270007|001|4300001515|00150|CMH0007|4|EA|11700|KRW|46800|20140630|1300|
C|005186|2014|50000832270008|001|4300001516|00020|CMA0002|10|EA|1530|KRW|15300|20140630|1300|
C|005186|2014|50000832270009|001|4300001516|00060|CMA0017|10|EA|780|KRW|7800|20140630|1300|
C|005186|2014|50000832270010|001|4300001516|00130|CMF0004|2|EA|22050|KRW|44100|20140630|1300|
C|005186|2014|50000832270011|001|4300001516|00140|CMF0006|20|EA|11970|KRW|239400|20140630|1300|
C|005186|2014|50000832270012|001|4300001516|00150|CMZ0014|1|EA|23300|KRW|23300|20140630|1300|
C|005186|2014|50000832270013|001|4300001517|00050|CMA0017|25|EA|780|KRW|19500|20140630|1300|
C|005186|2014|50000832270014|001|4300001517|00150|CMF0004|1|EA|22050|KRW|22050|20140630|1300|
C|005186|2014|50000832270015|001|4300001517|00170|CMF0006|3|EA|11970|KRW|35910|20140630|1300|
C|005186|2014|50000832270016|001|4300001517|00180|CMF0008|5|EA|1785|KRW|8925|20140630|1300|
C|005186|2014|50000832270017|001|4300001517|00190|CMF0009|5|EA|5700|KRW|28500|20140630|1300|
C|005186|2014|50000832270018|001|4300001517|00200|CMG0001|100|EA|1840|KRW|184000|20140630|1300|
C|005186|2014|50000832270019|001|4300001518|00120|CMF0006|1|EA|11970|KRW|11970|20140630|1300|
C|005186|2014|50000832270020|001|4300001518|00130|CMF0009|2|EA|5700|KRW|11400|20140630|1300|
C|005186|2014|50000832270021|001|4300001518|00140|CMF0021|2|EA|5400|KRW|10800|20140630|1300|
C|005186|2014|50000832270022|001|4300001518|00150|CMH0007|3|EA|11700|KRW|35100|20140630|1300|
C|005186|2014|50000832270023|001|4300001519|00060|CMF0004|1|EA|22050|KRW|22050|20140630|1300|
C|005186|2014|50000832270024|001|4300001519|00080|CMZ0014|1|EA|23300|KRW|23300|20140630|1300|
C|005186|2014|50000832270025|001|4300001521|00150|CMZ0009|20|EA|740|KRW|14800|20140630|1300|
C|005186|2014|50000832270026|001|4300001521|00160|CMZ0014|1|EA|23300|KRW|23300|20140630|1300|
C|005186|2014|50000832270027|001|4300001521|00170|CMZ0032|1|EA|1970|KRW|1970|20140630|1300|
C|005186|2014|50000832270028|001|4300001522|00050|CMH0007|4|EA|11700|KRW|46800|20140630|1300|
C|005186|2014|50000832270029|001|4300001523|00020|CMA0002|20|EA|1530|KRW|30600|20140630|1300|
C|005186|2014|50000832270030|001|4300001523|00040|CMA0017|20|EA|780|KRW|15600|20140630|1300|
C|005186|2014|50000832270031|001|4300001523|00070|CMF0004|2|EA|22050|KRW|44100|20140630|1300|
C|005186|2014|50000832270032|001|4300001523|00090|CMF0006|10|EA|11970|KRW|119700|20140630|1300|
C|005186|2014|50000832270033|001|4300001523|00100|CMF0013|10|EA|760|KRW|7600|20140630|1300|
C|005186|2014|50000832270034|001|4300001523|00110|CMF0017|40|EA|505|KRW|20200|20140630|1300|
C|005186|2014|50000832270035|001|4300001524|00060|CMA0017|10|EA|780|KRW|7800|20140630|1300|
C|005186|2014|50000832270036|001|4300001524|00140|CMF0004|4|EA|22050|KRW|88200|20140630|1300|
C|005186|2014|50000832270037|001|4300001524|00160|CMF0007|10|EA|1780|KRW|17800|20140630|1300|
C|005186|2014|50000832270038|001|4300001524|00170|CMF0008|20|EA|1785|KRW|35700|20140630|1300|
C|005186|2014|50000832270039|001|4300001524|00180|CMF0009|5|EA|5700|KRW|28500|20140630|1300|
C|005186|2014|50000832270040|001|4300001524|00190|CMF0013|20|EA|760|KRW|15200|20140630|1300|
C|005186|2014|50000832270041|001|4300001524|00200|CMF0014|10|EA|630|KRW|6300|20140630|1300|
C|005186|2014|50000832270042|001|4300001524|00210|CMF0021|5|EA|5400|KRW|27000|20140630|1300|
C|005186|2014|50000832270043|001|4300001524|00220|CMF0022|10|EA|5400|KRW|54000|20140630|1300|
C|005186|2014|50000832270044|001|4300001524|00230|CMH0007|3|EA|11700|KRW|35100|20140630|1300|
C|005186|2014|50000832270045|001|4300001524|00280|CMZ0014|2|EA|23300|KRW|46600|20140630|1300|
C|005186|2014|50000832270046|001|4300001525|00150|CMZ0014|1|EA|23300|KRW|23300|20140630|1300|
C|005186|2014|50000832280001|001|4300001524|00070|CMB0001|200|EA|655|KRW|131000|20140630|1300|
