C|005186|2014|50000947110001|001|4300001656|00010|CMA0001|400|EA|240|KRW|96000|20140831|1300|
C|005186|2014|50000947110002|001|4300001656|00020|CMA0005|30|EA|2470|KRW|74100|20140831|1300|
C|005186|2014|50000947110003|001|4300001656|00030|CMA0007|300|EA|270|KRW|81000|20140831|1300|
C|005186|2014|50000947110004|001|4300001656|00040|CMA0016|30|EA|2840|KRW|85200|20140831|1300|
C|005186|2014|50000947110005|001|4300001656|00060|CMB0001|20|EA|655|KRW|13100|20140831|1300|
C|005186|2014|50000947110006|001|4300001656|00070|CMB0002|20|EA|2420|KRW|48400|20140831|1300|
C|005186|2014|50000947110007|001|4300001656|00080|CMB0010|20|EA|1100|KRW|22000|20140831|1300|
C|005186|2014|50000947110008|001|4300001656|00090|CMC0002|2|EA|9350|KRW|18700|20140831|1300|
C|005186|2014|50000947110009|001|4300001656|00100|CME0001|18|EA|4910|KRW|88380|20140831|1300|
C|005186|2014|50000947110010|001|4300001656|00110|CME0002|100|EA|2300|KRW|230000|20140831|1300|
C|005186|2014|50000947110011|001|4300001656|00120|CME0010|100|EA|285|KRW|28500|20140831|1300|
C|005186|2014|50000947110012|001|4300001657|00010|CMA0001|400|EA|240|KRW|96000|20140831|1300|
C|005186|2014|50000947110013|001|4300001657|00020|CMA0007|200|EA|270|KRW|54000|20140831|1300|
C|005186|2014|50000947110014|001|4300001657|00030|CMA0008|200|EA|690|KRW|138000|20140831|1300|
C|005186|2014|50000947110015|001|4300001657|00040|CMA0016|100|EA|2840|KRW|284000|20140831|1300|
C|005186|2014|50000947110016|001|4300001657|00060|CMB0001|200|EA|655|KRW|131000|20140831|1300|
C|005186|2014|50000947110017|001|4300001657|00070|CMB0010|200|EA|1100|KRW|220000|20140831|1300|
C|005186|2014|50000947110018|001|4300001657|00080|CMC0005|200|EA|190|KRW|38000|20140831|1300|
C|005186|2014|50000947110019|001|4300001657|00090|CME0002|30|EA|2300|KRW|69000|20140831|1300|
C|005186|2014|50000947110020|001|4300001657|00100|CME0010|180|EA|285|KRW|51300|20140831|1300|
C|005186|2014|50000947110021|001|4300001658|00010|CMA0001|100|EA|240|KRW|24000|20140831|1300|
C|005186|2014|50000947110022|001|4300001658|00030|CMA0007|100|EA|270|KRW|27000|20140831|1300|
C|005186|2014|50000947110023|001|4300001658|00040|CMA0008|30|EA|690|KRW|20700|20140831|1300|
C|005186|2014|50000947110024|001|4300001658|00050|CMA0016|10|EA|2840|KRW|28400|20140831|1300|
C|005186|2014|50000947110025|001|4300001658|00070|CMB0001|20|EA|655|KRW|13100|20140831|1300|
C|005186|2014|50000947110026|001|4300001658|00080|CMB0003|180|EA|2420|KRW|435600|20140831|1300|
C|005186|2014|50000947110027|001|4300001658|00100|CME0001|13|EA|4910|KRW|63830|20140831|1300|
C|005186|2014|50000947110028|001|4300001658|00110|CME0006|3|EA|3400|KRW|10200|20140831|1300|
C|005186|2014|50000947110029|001|4300001667|00010|CMA0001|300|EA|240|KRW|72000|20140831|1300|
C|005186|2014|50000947110030|001|4300001667|00020|CMA0007|100|EA|270|KRW|27000|20140831|1300|
C|005186|2014|50000947110031|001|4300001667|00030|CMA0015|200|EA|2830|KRW|566000|20140831|1300|
C|005186|2014|50000947110032|001|4300001667|00040|CMA0016|150|EA|2840|KRW|426000|20140831|1300|
C|005186|2014|50000947110033|001|4300001667|00050|CMB0001|200|EA|655|KRW|131000|20140831|1300|
C|005186|2014|50000947110034|001|4300001667|00060|CMB0002|120|EA|2420|KRW|290400|20140831|1300|
C|005186|2014|50000947110035|001|4300001667|00070|CMC0005|50|EA|190|KRW|9500|20140831|1300|
C|005186|2014|50000947110036|001|4300001667|00090|CME0001|20|EA|4910|KRW|98200|20140831|1300|
C|005186|2014|50000947110037|001|4300001667|00100|CME0003|20|EA|5400|KRW|108000|20140831|1300|
C|005186|2014|50000947110038|001|4300001667|00110|CME0010|200|EA|285|KRW|57000|20140831|1300|
C|005186|2014|50000947110039|001|4300001669|00010|CMA0001|200|EA|240|KRW|48000|20140831|1300|
C|005186|2014|50000947110040|001|4300001669|00020|CMA0007|50|EA|270|KRW|13500|20140831|1300|
C|005186|2014|50000947110041|001|4300001669|00030|CMA0016|100|EA|2840|KRW|284000|20140831|1300|
C|005186|2014|50000947110042|001|4300001669|00040|CMB0001|60|EA|655|KRW|39300|20140831|1300|
C|005186|2014|50000947110043|001|4300001669|00050|CMB0003|40|EA|2420|KRW|96800|20140831|1300|
C|005186|2014|50000947110044|001|4300001669|00060|CMB0010|60|EA|1100|KRW|66000|20140831|1300|
C|005186|2014|50000947110045|001|4300001669|00070|CME0010|200|EA|285|KRW|57000|20140831|1300|
C|005186|2014|50000947120001|001|4300001654|00020|CMA0002|5|EA|1530|KRW|7650|20140831|1300|
C|005186|2014|50000947120002|001|4300001654|00030|CMZ0032|5|EA|1970|KRW|9850|20140831|1300|
C|005186|2014|50000947120003|001|4300001656|00050|CMA0017|20|EA|780|KRW|15600|20140831|1300|
C|005186|2014|50000947120004|001|4300001656|00140|CMH0007|2|EA|11700|KRW|23400|20140831|1300|
C|005186|2014|50000947120005|001|4300001656|00150|CMZ0003|2|EA|1470|KRW|2940|20140831|1300|
C|005186|2014|50000947120006|001|4300001656|00160|CMZ0004|10|EA|380|KRW|3800|20140831|1300|
C|005186|2014|50000947120007|001|4300001656|00170|CMZ0006|10|EA|1155|KRW|11550|20140831|1300|
C|005186|2014|50000947120008|001|4300001657|00050|CMA0017|10|EA|780|KRW|7800|20140831|1300|
C|005186|2014|50000947120009|001|4300001657|00110|CMF0001|10|EA|1680|KRW|16800|20140831|1300|
C|005186|2014|50000947120010|001|4300001657|00120|CMF0002|10|EA|1100|KRW|11000|20140831|1300|
C|005186|2014|50000947120011|001|4300001657|00140|CMF0020|10|EA|700|KRW|7000|20140831|1300|
C|005186|2014|50000947120012|001|4300001657|00150|CMH0007|4|EA|11700|KRW|46800|20140831|1300|
C|005186|2014|50000947120013|001|4300001657|00160|CMZ0001|40|EA|765|KRW|30600|20140831|1300|
C|005186|2014|50000947120014|001|4300001657|00170|CMZ0002|40|EA|430|KRW|17200|20140831|1300|
C|005186|2014|50000947120015|001|4300001657|00180|CMZ0004|50|EA|380|KRW|19000|20140831|1300|
C|005186|2014|50000947120016|001|4300001657|00190|CMZ0006|30|EA|1155|KRW|34650|20140831|1300|
C|005186|2014|50000947120017|001|4300001658|00020|CMA0002|10|EA|1530|KRW|15300|20140831|1300|
C|005186|2014|50000947120018|001|4300001658|00060|CMA0017|10|EA|780|KRW|7800|20140831|1300|
C|005186|2014|50000947120019|001|4300001658|00120|CMF0004|2|EA|22050|KRW|44100|20140831|1300|
C|005186|2014|50000947120020|001|4300001658|00130|CMF0006|20|EA|11970|KRW|239400|20140831|1300|
C|005186|2014|50000947120021|001|4300001658|00140|CMZ0014|1|EA|23300|KRW|23300|20140831|1300|
C|005186|2014|50000947120022|001|4300001659|00050|CMA0017|25|EA|780|KRW|19500|20140831|1300|
C|005186|2014|50000947120023|001|4300001659|00140|CMF0003|5|EA|1820|KRW|9100|20140831|1300|
C|005186|2014|50000947120024|001|4300001659|00150|CMF0004|1|EA|22050|KRW|22050|20140831|1300|
C|005186|2014|50000947120025|001|4300001659|00170|CMF0013|10|EA|760|KRW|7600|20140831|1300|
C|005186|2014|50000947120026|001|4300001659|00180|CMF0014|10|EA|630|KRW|6300|20140831|1300|
C|005186|2014|50000947120027|001|4300001659|00200|CMZ0004|20|EA|380|KRW|7600|20140831|1300|
C|005186|2014|50000947120028|001|4300001665|00100|CMF0006|1|EA|11970|KRW|11970|20140831|1300|
C|005186|2014|50000947120029|001|4300001665|00110|CMF0009|2|EA|5700|KRW|11400|20140831|1300|
C|005186|2014|50000947120030|001|4300001665|00120|CMF0021|2|EA|5400|KRW|10800|20140831|1300|
C|005186|2014|50000947120031|001|4300001665|00130|CMH0007|3|EA|11700|KRW|35100|20140831|1300|
C|005186|2014|50000947120032|001|4300001665|00140|CMZ0001|12|EA|765|KRW|9180|20140831|1300|
C|005186|2014|50000947120033|001|4300001665|00150|CMZ0005|10|EA|750|KRW|7500|20140831|1300|
C|005186|2014|50000947120034|001|4300001666|00110|CMZ0001|10|EA|765|KRW|7650|20140831|1300|
C|005186|2014|50000947120035|001|4300001666|00120|CMZ0002|10|EA|430|KRW|4300|20140831|1300|
C|005186|2014|50000947120036|001|4300001666|00130|CMZ0005|10|EA|750|KRW|7500|20140831|1300|
C|005186|2014|50000947120037|001|4300001666|00140|CMZ0009|20|EA|740|KRW|14800|20140831|1300|
C|005186|2014|50000947120038|001|4300001666|00150|CMZ0014|1|EA|23300|KRW|23300|20140831|1300|
C|005186|2014|50000947120039|001|4300001667|00120|CMF0018|2|EA|5800|KRW|11600|20140831|1300|
C|005186|2014|50000947120040|001|4300001667|00130|CMZ0014|2|EA|23300|KRW|46600|20140831|1300|
C|005186|2014|50000947120041|001|4300001669|00080|CMF0004|1|EA|22050|KRW|22050|20140831|1300|
C|005186|2014|50000947120042|001|4300001669|00100|CMZ0014|1|EA|23300|KRW|23300|20140831|1300|
C|005186|2014|50000947120043|001|4300001671|00140|CMF0004|6|EA|22050|KRW|132300|20140831|1300|
C|005186|2014|50000947120044|001|4300001671|00160|CMF0007|10|EA|1780|KRW|17800|20140831|1300|
C|005186|2014|50000947120045|001|4300001671|00170|CMF0008|10|EA|1785|KRW|17850|20140831|1300|
C|005186|2014|50000947120046|001|4300001671|00180|CMF0009|10|EA|5700|KRW|57000|20140831|1300|
C|005186|2014|50000947120047|001|4300001671|00190|CMF0021|5|EA|5400|KRW|27000|20140831|1300|
C|005186|2014|50000947120048|001|4300001671|00200|CMF0022|10|EA|5400|KRW|54000|20140831|1300|
C|005186|2014|50000947120049|001|4300001671|00210|CMH0007|5|EA|11700|KRW|58500|20140831|1300|
C|005186|2014|50000947120050|001|4300001671|00220|CMZ0002|60|EA|430|KRW|25800|20140831|1300|
C|005186|2014|50000947120051|001|4300001671|00230|CMZ0014|2|EA|23300|KRW|46600|20140831|1300|
C|005186|2014|50000947120052|001|4300001671|00240|CMZ0032|10|EA|1970|KRW|19700|20140831|1300|
C|005186|2014|50000947120053|001|4300001672|00020|CMA0002|20|EA|1530|KRW|30600|20140831|1300|
C|005186|2014|50000947120054|001|4300001672|00040|CMA0017|20|EA|780|KRW|15600|20140831|1300|
C|005186|2014|50000947120055|001|4300001672|00080|CMF0004|2|EA|22050|KRW|44100|20140831|1300|
C|005186|2014|50000947120056|001|4300001672|00100|CMF0006|10|EA|11970|KRW|119700|20140831|1300|
C|005186|2014|50000947120057|001|4300001672|00110|CMF0013|10|EA|760|KRW|7600|20140831|1300|
