C|005186|2015|50001839600001|001|4300003453|00010|CMD0016|2|EA|30450|KRW|60900|20150915|1300|
C|005186|2015|50001839600002|001|4300003453|00040|CMD0016|4|EA|30450|KRW|121800|20150915|1300|
C|005186|2015|50001839600003|001|4300003455|00060|CMD0016|4|EA|30450|KRW|121800|20150915|1300|
C|005186|2015|50001839600004|001|4300003455|00180|CMD0011|1|EA|24150|KRW|24150|20150915|1300|
C|005186|2015|50001839610001|001|4300003383|00070|CMF0005|2|EA|20700|KRW|41400|20150915|1300|
C|005186|2015|50001839610002|001|4300003384|00080|CMF0005|2|EA|20700|KRW|41400|20150915|1300|
C|005186|2015|50001839610003|001|4300003385|00130|CMF0005|1|EA|20700|KRW|20700|20150915|1300|
C|005186|2015|50001839610004|001|4300003386|00090|CMF0005|4|EA|20700|KRW|82800|20150915|1300|
C|005186|2015|50001839610005|001|4300003390|00060|CMF0005|3|EA|20700|KRW|62100|20150915|1300|
C|005186|2015|50001839610006|001|4300003393|00100|CMF0005|6|EA|20700|KRW|124200|20150915|1300|
C|005186|2015|50001839610007|001|4300003395|00160|CMF0005|10|EA|20700|KRW|207000|20150915|1300|
C|005186|2015|50001839610008|001|4300003397|00170|CMF0005|10|EA|20700|KRW|207000|20150915|1300|
C|005186|2015|50001839610009|001|4300003399|00160|CMF0005|2|EA|20700|KRW|41400|20150915|1300|
C|005186|2015|50001839620001|001|4300003410|00010|UHTC0635|15|EA|51500|KRW|772500|20150915|1300|
C|005186|2015|50001839630001|001|4300003415|00030|UDFC0100|1|EA|29400|KRW|29400|20150915|1300|
C|005186|2015|50001839630002|001|4300003415|00050|UEBC0314|4|EA|29400|KRW|117600|20150915|1300|
C|005186|2015|50001839630003|001|4300003415|00060|UDAC0176|5|EA|1370|KRW|6850|20150915|1300|
C|005186|2015|50001839630004|001|4300003415|00090|UDAC0053|5|EA|196350|KRW|981750|20150915|1300|
C|005186|2015|50001839630005|001|4300003416|00040|UDAC0253|20|EA|1270|KRW|25400|20150915|1300|
C|005186|2015|50001839630006|001|4300003416|00050|UAEC0427|2|EA|3738|KRW|7476|20150915|1300|
C|005186|2015|50001839630007|001|4300003416|00060|UAEC0095|1|EA|22630|KRW|22630|20150915|1300|
C|005186|2015|50001839630008|001|4300003416|00080|UEBC1177|1|EA|44500|KRW|44500|20150915|1300|
C|005186|2015|50001839630009|001|4300003416|00090|UDEC0046|1|EA|18795|KRW|18795|20150915|1300|
C|005186|2015|50001839630010|001|4300003416|00110|UDBC0616|300|EA|147|KRW|44100|20150915|1300|
C|005186|2015|50001839630011|001|4300003416|00120|UDBC0618|300|EA|160|KRW|48000|20150915|1300|
C|005186|2015|50001839630012|001|4300003416|00130|UDBC0323|300|EA|40|KRW|12000|20150915|1300|
C|005186|2015|50001839630013|001|4300003416|00140|UDBC0747|500|EA|31|KRW|15500|20150915|1300|
C|005186|2015|50001839630014|001|4300003416|00150|UDBC0299|300|EA|53|KRW|15900|20150915|1300|
C|005186|2015|50001839630015|001|4300003416|00160|UEBC0995|3|EA|67110|KRW|201330|20150915|1300|
C|005186|2015|50001839630016|001|4300003417|00010|UCKC0104|2|EA|92800|KRW|185600|20150915|1300|
C|005186|2015|50001839630017|001|4300003417|00020|UGBC0272|2|EA|863000|KRW|1726000|20150915|1300|
C|005186|2015|50001839630018|001|4300003418|00010|UEBC0871|5|EA|18375|KRW|91875|20150915|1300|
C|005186|2015|50001839630019|001|4300003418|00030|UDBC0609|100|EA|164|KRW|16400|20150915|1300|
C|005186|2015|50001839630020|001|4300003418|00040|UDBC0375|100|EA|16|KRW|1600|20150915|1300|
C|005186|2015|50001839630021|001|4300003418|00050|UDAC0252|10|EA|6320|KRW|63200|20150915|1300|
C|005186|2015|50001839630022|001|4300003418|00080|UDBC0783|100|EA|21|KRW|2100|20150915|1300|
C|005186|2015|50001839630023|001|4300003418|00130|UDBC0068|5|EA|11760|KRW|58800|20150915|1300|
C|005186|2015|50001839630024|001|4300003420|00030|UDBC0272|25|EA|2260|KRW|56500|20150915|1300|
C|005186|2015|50001839630025|001|4300003420|00040|UDBC0913|10|EA|4240|KRW|42400|20150915|1300|
C|005186|2015|50001839630026|001|4300003420|00050|UDBC0682|10|EA|990|KRW|9900|20150915|1300|
C|005186|2015|50001839630027|001|4300003420|00060|UDBC0683|10|EA|1470|KRW|14700|20150915|1300|
C|005186|2015|50001839630028|001|4300003420|00070|UDCC0043|1|EA|204210|KRW|204210|20150915|1300|
C|005186|2015|50001839630029|001|4300003422|00030|UDBC0176|200|EA|30|KRW|6000|20150915|1300|
C|005186|2015|50001839630030|001|4300003422|00040|UDBC0177|200|EA|30|KRW|6000|20150915|1300|
C|005186|2015|50001839630031|001|4300003422|00050|UDBC0411|200|EA|45|KRW|9000|20150915|1300|
C|005186|2015|50001839630032|001|4300003422|00060|UDBC0422|200|EA|69|KRW|13800|20150915|1300|
C|005186|2015|50001839630033|001|4300003422|00070|UDBC0428|200|EA|82|KRW|16400|20150915|1300|
C|005186|2015|50001839630034|001|4300003422|00080|UDBC0446|200|EA|108|KRW|21600|20150915|1300|
C|005186|2015|50001839630035|001|4300003422|00090|UDBC0016|200|EA|52|KRW|10400|20150915|1300|
C|005186|2015|50001839630036|001|4300003422|00100|UEBC0781|20|EA|630|KRW|12600|20150915|1300|
C|005186|2015|50001839630037|001|4300003422|00110|UEBC0782|20|EA|1055|KRW|21100|20150915|1300|
C|005186|2015|50001839630038|001|4300003422|00120|UEBC0787|20|EA|850|KRW|17000|20150915|1300|
C|005186|2015|50001839630039|001|4300003422|00130|UEBC0786|20|EA|1570|KRW|31400|20150915|1300|
C|005186|2015|50001839630040|001|4300003422|00140|UEBC0791|20|EA|1350|KRW|27000|20150915|1300|
C|005186|2015|50001839630041|001|4300003422|00150|UEBC0792|20|EA|2600|KRW|52000|20150915|1300|
C|005186|2015|50001839630042|001|4300003422|00160|UEBC0771|20|EA|1890|KRW|37800|20150915|1300|
C|005186|2015|50001839630043|001|4300003422|00170|UEBC0768|20|EA|2630|KRW|52600|20150915|1300|
C|005186|2015|50001839630044|001|4300003422|00180|UEBC0778|20|EA|1890|KRW|37800|20150915|1300|
C|005186|2015|50001839630045|001|4300003422|00190|UEBC0776|20|EA|3050|KRW|61000|20150915|1300|
C|005186|2015|50001839630046|001|4300003422|00200|UEBC1003|20|EA|4320|KRW|86400|20150915|1300|
C|005186|2015|50001839630047|001|4300003422|00210|UEBC1004|20|EA|2310|KRW|46200|20150915|1300|
C|005186|2015|50001839630048|001|4300003422|00220|UEBC0794|20|EA|3030|KRW|60600|20150915|1300|
C|005186|2015|50001839630049|001|4300003459|00010|UEBC1206|1|EA|200500|KRW|200500|20150915|1300|
C|005186|2015|50001839630050|001|4300003459|00020|UDDC0323|5|EA|45500|KRW|227500|20150915|1300|
C|005186|2015|50001839630051|001|4300003459|00040|UDDC0125|1|EA|87150|KRW|87150|20150915|1300|
C|005186|2015|50001839630052|001|4300003459|00070|UEBC0080|20|EA|2770|KRW|55400|20150915|1300|
C|005186|2015|50001839630053|001|4300003459|00080|UEBC0079|20|EA|5470|KRW|109400|20150915|1300|
C|005186|2015|50001839630054|001|4300003459|00090|UEBC1230|20|EA|3100|KRW|62000|20150915|1300|
C|005186|2015|50001839630055|001|4300003459|00110|UEBC1177|3|EA|44500|KRW|133500|20150915|1300|
C|005186|2015|50001839630056|001|4300003459|00120|UEBC0254|5|EA|2440|KRW|12200|20150915|1300|
C|005186|2015|50001839630057|001|4300003459|00130|UBCC0045|20|EA|5050|KRW|101000|20150915|1300|
C|005186|2015|50001839630058|001|4300003460|00010|UGCC0075|1|EA|383300|KRW|383300|20150915|1300|
C|005186|2015|50001839630059|001|4300003460|00020|UGCC0506|1|EA|24200|KRW|24200|20150915|1300|
C|005186|2015|50001839630060|001|4300003460|00030|UGCC0507|1|EA|24200|KRW|24200|20150915|1300|
C|005186|2015|50001839630061|001|4300003460|00040|UGCC0501|1|EA|38000|KRW|38000|20150915|1300|
C|005186|2015|50001839630062|001|4300003460|00050|UGCC0502|1|EA|38000|KRW|38000|20150915|1300|
C|005186|2015|50001839630063|001|4300003460|00060|UGCC0503|1|EA|66200|KRW|66200|20150915|1300|
C|005186|2015|50001839630064|001|4300003460|00070|UGCC0504|1|EA|66200|KRW|66200|20150915|1300|
C|005186|2015|50001839630065|001|4300003460|00090|UGCC0505|1|EA|99800|KRW|99800|20150915|1300|
C|005186|2015|50001839630066|001|4300003460|00100|UGCC0500|1|EA|100700|KRW|100700|20150915|1300|
C|005186|2015|50001839630067|001|4300003460|00110|UEBC1197|5|EA|21200|KRW|106000|20150915|1300|
C|005186|2015|50001839630068|001|4300003460|00120|UICC0007|10|EA|1580|KRW|15800|20150915|1300|
C|005186|2015|50001839630069|001|4300003469|00040|UDDC0185|5|EA|34545|KRW|172725|20150915|1300|
C|005186|2015|50001839630070|001|4300003469|00060|UDAC0250|5|EA|17900|KRW|89500|20150915|1300|
C|005186|2015|50001839640001|001|4300003415|00070|UJAC0072|2|EA|12600|KRW|25200|20150915|1300|
C|005186|2015|50001839640002|001|4300003415|00080|UJAC0073|2|EA|13130|KRW|26260|20150915|1300|
C|005186|2015|50001839640003|001|4300003415|00100|UEBC0438|5|EA|20400|KRW|102000|20150915|1300|
C|005186|2015|50001839640004|001|4300003415|00110|UDBC0657|50|EA|100|KRW|5000|20150915|1300|
C|005186|2015|50001839640005|001|4300003416|00020|UDBC0889|50|EA|160|KRW|8000|20150915|1300|
C|005186|2015|50001839640006|001|4300003416|00030|UDBC0841|50|EA|48|KRW|2400|20150915|1300|
C|005186|2015|50001839640007|001|4300003416|00100|UKBC0037|1|EA|15360|KRW|15360|20150915|1300|
C|005186|2015|50001839640008|001|4300003418|00020|UDDC0133|5|EA|28245|KRW|141225|20150915|1300|
C|005186|2015|50001839640009|001|4300003418|00060|UDEC0049|2|EA|27510|KRW|55020|20150915|1300|
C|005186|2015|50001839640010|001|4300003418|00070|UGBC1405|10|EA|2280|KRW|22800|20150915|1300|
C|005186|2015|50001839640011|001|4300003418|00090|UDEC0106|5|EA|230000|KRW|1150000|20150915|1300|
C|005186|2015|50001839640012|001|4300003418|00110|UDBC0460|200|EA|212|KRW|42400|20150915|1300|
C|005186|2015|50001839640013|001|4300003418|00120|UDBC0543|50|EA|270|KRW|13500|20150915|1300|
C|005186|2015|50001839640014|001|4300003420|00010|UDEC0106|5|EA|230000|KRW|1150000|20150915|1300|
C|005186|2015|50001839640015|001|4300003420|00080|UAEC0428|20|EA|4095|KRW|81900|20150915|1300|
C|005186|2015|50001839640016|001|4300003421|00010|UAEC0417|20|EA|16000|KRW|320000|20150915|1300|
C|005186|2015|50001839640017|001|4300003421|00030|UGCC0211|20|EA|4000|KRW|80000|20150915|1300|
C|005186|2015|50001839640018|001|4300003421|00040|UGCC0206|20|EA|3490|KRW|69800|20150915|1300|
C|005186|2015|50001839640019|001|4300003421|00070|UIDC0087|2|EA|185260|KRW|370520|20150915|1300|
C|005186|2015|50001839640020|001|4300003421|00080|UGBC0780|50|EA|570|KRW|28500|20150915|1300|
C|005186|2015|50001839640021|001|4300003421|00090|UGBC0781|50|EA|580|KRW|29000|20150915|1300|
C|005186|2015|50001839640022|001|4300003421|00100|UGBC0782|50|EA|720|KRW|36000|20150915|1300|
C|005186|2015|50001839640023|001|4300003421|00110|UGBC0761|30|EA|820|KRW|24600|20150915|1300|
C|005186|2015|50001839640024|001|4300003421|00120|UGBC0762|30|EA|1030|KRW|30900|20150915|1300|
C|005186|2015|50001839640025|001|4300003421|00130|UGBC0763|30|EA|2100|KRW|63000|20150915|1300|
C|005186|2015|50001839640026|001|4300003422|00010|UGCC0228|30|EA|3150|KRW|94500|20150915|1300|
C|005186|2015|50001839640027|001|4300003422|00020|UGCC0868|30|EA|4100|KRW|123000|20150915|1300|
C|005186|2015|50001839640028|001|4300003422|00230|UAGC0068|50|EA|860|KRW|43000|20150915|1300|
C|005186|2015|50001839640029|001|4300003422|00240|UJBC0045|2|EA|121800|KRW|243600|20150915|1300|
C|005186|2015|50001839640030|001|4300003422|00250|UDCC0034|1|EA|80850|KRW|80850|20150915|1300|
C|005186|2015|50001839640031|001|4300003459|00100|UDBC0363|30|EA|280|KRW|8400|20150915|1300|
C|005186|2015|50001839660001|001|4300003409|00020|UFKC0136|150|EA|6210|KRW|931500|20150915|1300|
C|005186|2015|50001839660002|001|4300003409|00030|UGCC0257|30|EA|11550|KRW|346500|20150915|1300|
C|005186|2015|50001839660003|001|4300003411|00030|UDBC0556|50|EA|600|KRW|30000|20150915|1300|
C|005186|2015|50001839660004|001|4300003411|00040|UDBC0352|50|EA|109|KRW|5450|20150915|1300|
C|005186|2015|50001839660005|001|4300003411|00050|UDBC0724|100|EA|135|KRW|13500|20150915|1300|
C|005186|2015|50001839660006|001|4300003411|00110|UAHC0009|1|EA|88200|KRW|88200|20150915|1300|
C|005186|2015|50001839660007|001|4300003411|00190|UAGC0322|1|EA|141400|KRW|141400|20150915|1300|
C|005186|2015|50001839690001|001|4300003461|00010|UZZC0147|3|EA|3200|KRW|9600|20150915|1300|
C|005186|2015|50001839690002|001|4300003461|00020|UZZC0126|3|EA|12630|KRW|37890|20150915|1300|
C|005186|2015|50001839690003|001|4300003470|00010|UFGC0017|60|EA|3500|KRW|210000|20150915|1300|
C|005186|2015|50001839700001|001|4300003376|00010|UGCC0012|2|EA|880000|KRW|1760000|20150915|1300|
C|005186|2015|50001839700002|001|4300003404|00080|UGCC0812|3|EA|33160|KRW|99480|20150915|1300|
C|005186|2015|50001839700003|001|4300003415|00040|UGCC0379|3|EA|41580|KRW|124740|20150915|1300|
C|005186|2015|50001839700004|001|4300003416|00010|UGCC0671|7|EA|171150|KRW|1198050|20150915|1300|
C|005186|2015|50001839700005|001|4300003416|00070|UGCC0654|1|EA|310530|KRW|310530|20150915|1300|
C|005186|2015|50001839700006|001|4300003418|00100|UGCC0438|2|EA|147200|KRW|294400|20150915|1300|
C|005186|2015|50001839700007|001|4300003419|00150|UGCC0438|2|EA|147200|KRW|294400|20150915|1300|
C|005186|2015|50001839700008|001|4300003420|00020|UHFC0178|2|EA|122000|KRW|244000|20150915|1300|
C|005186|2015|50001839700009|001|4300003421|00020|UGAC0041|20|EA|19425|KRW|388500|20150915|1300|
C|005186|2015|50001839700010|001|4300003421|00050|UDAC0129|20|EA|8630|KRW|172600|20150915|1300|
C|005186|2015|50001839700011|001|4300003421|00060|UDAC0130|20|EA|9570|KRW|191400|20150915|1300|
C|005186|2015|50001839700012|001|4300003459|00030|UGCC0873|1|EA|86300|KRW|86300|20150915|1300|
C|005186|2015|50001839700013|001|4300003459|00050|UGBC0901|5|EA|135450|KRW|677250|20150915|1300|
C|005186|2015|50001839700014|001|4300003459|00060|UGCC0351|2|EA|95550|KRW|191100|20150915|1300|
C|005186|2015|50001839700015|001|4300003460|00080|UGCC0387|3|EA|45200|KRW|135600|20150915|1300|
C|005186|2015|50001839700016|001|4300003460|00130|UGBC1003|2|EA|257000|KRW|514000|20150915|1300|
C|005186|2015|50001839700017|001|4300003460|00140|UGBC0884|2|EA|126240|KRW|252480|20150915|1300|
C|005186|2015|50001839700018|001|4300003462|00010|UGCC0164|1|EA|99750|KRW|99750|20150915|1300|
C|005186|2015|50001839700019|001|4300003469|00020|UDAC0131|20|EA|11570|KRW|231400|20150915|1300|
C|005186|2015|50001839700020|001|4300003469|00030|UGCC0234|1|EA|161700|KRW|161700|20150915|1300|
C|005186|2015|50001839700021|001|4300003469|00050|UGCC0393|2|EA|72220|KRW|144440|20150915|1300|
C|005186|2015|50001839710001|001|4300003400|00040|UIEC0035|5|EA|37800|KRW|189000|20150915|1300|
C|005186|2015|50001839710002|001|4300003413|00010|UAEC0366|2|EA|229400|KRW|458800|20150915|1300|
C|005186|2015|50001839710003|001|4300003413|00020|UHFC0146|2|EA|7350|KRW|14700|20150915|1300|
C|005186|2015|50001839710004|001|4300003413|00030|UHFC0380|1|EA|8430|KRW|8430|20150915|1300|
C|005186|2015|50001839710005|001|4300003413|00040|UFKC0079|1|EA|433650|KRW|433650|20150915|1300|
C|005186|2015|50001839710006|001|4300003413|00050|UFEC0002|1|EA|352800|KRW|352800|20150915|1300|
C|005186|2015|50001839710007|001|4300003413|00060|UFCC0001|5|EA|75800|KRW|379000|20150915|1300|
C|005186|2015|50001839710008|001|4300003413|00070|UFCC0003|5|EA|28740|KRW|143700|20150915|1300|
C|005186|2015|50001839710009|001|4300003413|00080|UFCC0005|3|EA|27380|KRW|82140|20150915|1300|
C|005186|2015|50001839710010|001|4300003413|00090|UFCC0004|3|EA|19150|KRW|57450|20150915|1300|
