C|005186|2019|50004961610001|001|4300013622|00040|CMH0007|5|EA|11600|KRW|58000|20190530|1300|
C|005186|2019|50004961610002|001|4300013622|00050|CME0001|10|EA|3300|KRW|33000|20190530|1300|
C|005186|2019|50004961610003|001|4300013622|00080|CMF0001|10|EA|1950|KRW|19500|20190530|1300|
C|005186|2019|50004961610004|001|4300013622|00090|CMF0020|10|EA|650|KRW|6500|20190530|1300|
C|005186|2019|50004961610005|001|4300013622|00140|CME0010|200|EA|240|KRW|48000|20190530|1300|
C|005186|2019|50004961610006|001|4300013622|00150|CMA0016|200|EA|2140|KRW|428000|20190530|1300|
C|005186|2019|50004961610007|001|4300013622|00200|CMB0010|400|EA|1280|KRW|512000|20190530|1300|
C|005186|2019|50004961610008|001|4300013628|00030|CMF0009|10|EA|4950|KRW|49500|20190530|1300|
C|005186|2019|50004961610009|001|4300013628|00040|CMH0007|10|EA|11600|KRW|116000|20190530|1300|
C|005186|2019|50004961610010|001|4300013628|00050|CMF0020|20|EA|650|KRW|13000|20190530|1300|
C|005186|2019|50004961610011|001|4300013628|00080|CME0010|200|EA|240|KRW|48000|20190530|1300|
C|005186|2019|50004961610012|001|4300013628|00090|CMA0005|250|EA|2000|KRW|500000|20190530|1300|
C|005186|2019|50004961610013|001|4300013628|00110|CMB0010|600|EA|1280|KRW|768000|20190530|1300|
C|005186|2019|50004961610014|001|4300013629|00010|CMH0007|1|EA|11600|KRW|11600|20190530|1300|
C|005186|2019|50004961610015|001|4300013629|00040|CME0001|39|EA|3300|KRW|128700|20190530|1300|
C|005186|2019|50004961610016|001|4300013629|00050|CMA0005|50|EA|2000|KRW|100000|20190530|1300|
C|005186|2019|50004961610017|001|4300013629|00090|CMB0010|100|EA|1280|KRW|128000|20190530|1300|
C|005186|2019|50004961610018|001|4300013629|00120|CME0010|200|EA|240|KRW|48000|20190530|1300|
C|005186|2019|50004961610019|001|4300013630|00070|CME0006|20|EA|3080|KRW|61600|20190530|1300|
C|005186|2019|50004961610020|001|4300013630|00080|CME0003|30|EA|5500|KRW|165000|20190530|1300|
C|005186|2019|50004961610021|001|4300013630|00100|CME0010|200|EA|240|KRW|48000|20190530|1300|
C|005186|2019|50004961610022|001|4300013631|00030|CMH0007|1|EA|11600|KRW|11600|20190530|1300|
C|005186|2019|50004961610023|001|4300013631|00070|CMA0016|10|EA|2140|KRW|21400|20190530|1300|
C|005186|2019|50004961610024|001|4300013631|00080|CMB0010|20|EA|1280|KRW|25600|20190530|1300|
C|005186|2019|50004961610025|001|4300013631|00100|CME0010|100|EA|240|KRW|24000|20190530|1300|
C|005186|2019|50004961610026|001|4300013631|00170|CMB0010|100|EA|1280|KRW|128000|20190530|1300|
C|005186|2019|50004961610027|001|4300013640|00010|CMZ0014|1|EA|19000|KRW|19000|20190530|1300|
C|005186|2019|50004961610028|001|4300013640|00040|CME0010|20|EA|240|KRW|4800|20190530|1300|
C|005186|2019|50004961610029|001|4300013641|00020|CMH0007|1|EA|11600|KRW|11600|20190530|1300|
C|005186|2019|50004961610030|001|4300013641|00040|CMF0016|20|EA|380|KRW|7600|20190530|1300|
C|005186|2019|50004961610031|001|4300013641|00060|CMB0010|40|EA|1280|KRW|51200|20190530|1300|
C|005186|2019|50004961610032|001|4300013641|00090|CME0010|50|EA|240|KRW|12000|20190530|1300|
C|005186|2019|50004961610033|001|4300013643|00020|CMF0006|1|EA|9500|KRW|9500|20190530|1300|
C|005186|2019|50004961610034|001|4300013643|00030|CMF0021|1|EA|3100|KRW|3100|20190530|1300|
C|005186|2019|50004961610035|001|4300013643|00040|CMH0007|2|EA|11600|KRW|23200|20190530|1300|
C|005186|2019|50004961610036|001|4300013643|00060|CME0001|16|EA|3300|KRW|52800|20190530|1300|
C|005186|2019|50004961610037|001|4300013643|00070|CMA0016|30|EA|2140|KRW|64200|20190530|1300|
C|005186|2019|50004961610038|001|4300013644|00030|CME0001|20|EA|3300|KRW|66000|20190530|1300|
C|005186|2019|50004961610039|001|4300013644|00060|CME0010|80|EA|240|KRW|19200|20190530|1300|
C|005186|2019|50004961610040|001|4300013644|00090|CMB0010|240|EA|1280|KRW|307200|20190530|1300|
C|005186|2019|50004961620001|001|4300013633|00040|CMB0010|20|EA|1280|KRW|25600|20190530|1300|
C|005186|2019|50004961620002|001|4300013638|00010|CMH0007|2|EA|11600|KRW|23200|20190530|1300|
C|005186|2019|50004961620003|001|4300013638|00040|CMB0010|130|EA|1280|KRW|166400|20190530|1300|
C|005186|2019|50004961620004|001|4300013639|00010|CMB0010|110|EA|1280|KRW|140800|20190530|1300|
C|005186|2019|50004961620005|001|4300013639|00030|CMH0007|2|EA|11600|KRW|23200|20190530|1300|
C|005186|2019|50004961630001|001|4300013643|00010|CMA0017|1|EA|770|KRW|770|20190530|1300|
C|005186|2019|50004961630002|001|4300013643|00050|CMF0005|4|EA|18700|KRW|74800|20190530|1300|
C|005186|2019|50004961630003|001|4300013643|00080|CMC0005|30|EA|150|KRW|4500|20190530|1300|
C|005186|2019|50004961630004|001|4300013643|00090|CMB0002|190|EA|2100|KRW|399000|20190530|1300|
C|005186|2019|50004961640001|001|4300013641|00010|CMF0005|1|EA|18700|KRW|18700|20190530|1300|
C|005186|2019|50004961640002|001|4300013641|00030|CME0008|10|EA|1950|KRW|19500|20190530|1300|
C|005186|2019|50004961640003|001|4300013641|00050|CMC0005|30|EA|150|KRW|4500|20190530|1300|
C|005186|2019|50004961640004|001|4300013641|00070|CMB0002|40|EA|2100|KRW|84000|20190530|1300|
C|005186|2019|50004961640005|001|4300013641|00080|CMB0003|40|EA|2200|KRW|88000|20190530|1300|
C|005186|2019|50004961640006|001|4300013641|00100|CMB0001|60|EA|520|KRW|31200|20190530|1300|
C|005186|2019|50004961650001|001|4300013638|00020|CMA0028|10|EA|7350|KRW|73500|20190530|1300|
C|005186|2019|50004961650002|001|4300013638|00030|CMA0017|12|EA|770|KRW|9240|20190530|1300|
C|005186|2019|50004961650003|001|4300013638|00070|CMD0016|2|EA|29000|KRW|58000|20190530|1300|
C|005186|2019|50004961660001|001|4300013639|00020|CMA0028|5|EA|7350|KRW|36750|20190530|1300|
C|005186|2019|50004961660002|001|4300013639|00060|CMA0017|5|EA|770|KRW|3850|20190530|1300|
C|005186|2019|50004961660003|001|4300013639|00070|CMH0004|10|EA|600|KRW|6000|20190530|1300|
C|005186|2019|50004961660004|001|4300013639|00080|CMH0006|10|EA|460|KRW|4600|20190530|1300|
C|005186|2019|50004961660005|001|4300013639|00090|CMD0016|2|EA|29000|KRW|58000|20190530|1300|
C|005186|2019|50004961660006|001|4300013639|00100|CMF0005|6|EA|18700|KRW|112200|20190530|1300|
C|005186|2019|50004961660007|001|4300013639|00110|CMZ0032|20|EA|1300|KRW|26000|20190530|1300|
C|005186|2019|50004961670001|001|4300013644|00010|CMF0005|2|EA|18700|KRW|37400|20190530|1300|
C|005186|2019|50004961670002|001|4300013644|00020|CMF0004|4|EA|17000|KRW|68000|20190530|1300|
C|005186|2019|50004961670003|001|4300013644|00040|CMA0017|20|EA|770|KRW|15400|20190530|1300|
C|005186|2019|50004961670004|001|4300013644|00080|CMC0005|200|EA|150|KRW|30000|20190530|1300|
C|005186|2019|50004961680001|001|4300013629|00030|CMC0003|30|EA|310|KRW|9300|20190530|1300|
C|005186|2019|50004961680002|001|4300013629|00070|CMA0017|50|EA|770|KRW|38500|20190530|1300|
C|005186|2019|50004961680003|001|4300013629|00080|CMC0005|50|EA|150|KRW|7500|20190530|1300|
C|005186|2019|50004961680004|001|4300013629|00100|CMB0003|200|EA|2200|KRW|440000|20190530|1300|
C|005186|2019|50004961680005|001|4300013629|00110|CME0002|200|EA|1100|KRW|220000|20190530|1300|
C|005186|2019|50004961680006|001|4300013629|00130|CMB0002|300|EA|2100|KRW|630000|20190530|1300|
C|005186|2019|50004961690001|001|4300013622|00010|CMF0004|1|EA|17000|KRW|17000|20190530|1300|
C|005186|2019|50004961690002|001|4300013622|00020|CMF0005|2|EA|18700|KRW|37400|20190530|1300|
C|005186|2019|50004961690003|001|4300013622|00070|CMF0002|10|EA|860|KRW|8600|20190530|1300|
C|005186|2019|50004961690004|001|4300013622|00160|CMC0005|400|EA|150|KRW|60000|20190530|1300|
C|005186|2019|50004961690005|001|4300013622|00170|CMB0001|200|EA|520|KRW|104000|20190530|1300|
C|005186|2019|50004961700001|001|4300013631|00010|CMD0012|1|EA|22000|KRW|22000|20190530|1300|
C|005186|2019|50004961700002|001|4300013631|00020|CMF0004|1|EA|17000|KRW|17000|20190530|1300|
C|005186|2019|50004961700003|001|4300013631|00040|CMF0005|2|EA|18700|KRW|37400|20190530|1300|
C|005186|2019|50004961700004|001|4300013631|00050|CMD0001|3|EA|8000|KRW|24000|20190530|1300|
C|005186|2019|50004961700005|001|4300013631|00060|CMF0008|5|EA|1620|KRW|8100|20190530|1300|
C|005186|2019|50004961700006|001|4300013631|00090|CMB0001|40|EA|520|KRW|20800|20190530|1300|
C|005186|2019|50004961700007|001|4300013631|00130|CMC0005|200|EA|150|KRW|30000|20190530|1300|
C|005186|2019|50004961700008|001|4300013631|00140|CMD0016|1|EA|29000|KRW|29000|20190530|1300|
C|005186|2019|50004961700009|001|4300013631|00150|CMD0011|2|EA|24100|KRW|48200|20190530|1300|
C|005186|2019|50004961700010|001|4300013631|00160|CMD0017|6|EA|23760|KRW|142560|20190530|1300|
C|005186|2019|50004961710001|001|4300013628|00010|CMF0004|4|EA|17000|KRW|68000|20190530|1300|
C|005186|2019|50004961710002|001|4300013628|00020|CMF0005|5|EA|18700|KRW|93500|20190530|1300|
C|005186|2019|50004961710003|001|4300013628|00060|CMB0001|100|EA|520|KRW|52000|20190530|1300|
C|005186|2019|50004961710004|001|4300013628|00070|CME0002|100|EA|1100|KRW|110000|20190530|1300|
C|005186|2019|50004961720001|001|4300013637|00030|CMB0001|20|EA|520|KRW|10400|20190530|1300|
C|005186|2019|50004961720002|001|4300013637|00080|CMZ0032|3|EA|1300|KRW|3900|20190530|1300|
