C|005186|2019|50005177740001|001|4300014483|00010|CMD0017|2|EA|23760|KRW|47520|20190911|1300|
C|005186|2019|50005177740002|001|4300014483|00020|CMD0011|2|EA|24100|KRW|48200|20190911|1300|
C|005186|2019|50005177740003|001|4300014483|00030|CMD0016|2|EA|29000|KRW|58000|20190911|1300|
C|005186|2019|50005177750001|001|4300014494|00160|CMD0011|8|EA|24100|KRW|192800|20190911|1300|
C|005186|2019|50005177750002|001|4300014494|00170|CMD0016|3|EA|29000|KRW|87000|20190911|1300|
C|005186|2019|50005177760001|001|4300014495|00020|CMD0017|6|EA|23760|KRW|142560|20190911|1300|
C|005186|2019|50005177770001|001|4300014493|00040|CMD0016|6|EA|29000|KRW|174000|20190911|1300|
C|005186|2019|50005177780001|001|4300014485|00060|CMD0016|3|EA|29000|KRW|87000|20190911|1300|
C|005186|2019|50005177790001|001|4300014481|00050|CMD0011|2|EA|24100|KRW|48200|20190911|1300|
C|005186|2019|50005177790002|001|4300014481|00060|CMD0012|4|EA|22000|KRW|88000|20190911|1300|
C|005186|2019|50005177800001|001|4300014476|00040|CMD0016|1|EA|29000|KRW|29000|20190911|1300|
C|005186|2019|50005179310001|001|4300014478|00030|CMD0016|1|EA|29000|KRW|29000|20190911|1300|
C|005186|2019|50005179320001|001|4300014480|00050|CMD0016|3|EA|29000|KRW|87000|20190911|1300|
C|005186|2019|50005179330001|001|4300014486|00010|CMA0028|2|EA|7350|KRW|14700|20190911|1300|
C|005186|2019|50005179330002|001|4300014486|00050|CMZ0032|3|EA|1300|KRW|3900|20190911|1300|
C|005186|2019|50005179330003|001|4300014486|00070|CMA0008|30|EA|470|KRW|14100|20190911|1300|
C|005186|2019|50005179330004|001|4300014486|00100|CMB0003|160|EA|2200|KRW|352000|20190911|1300|
C|005186|2019|50005179330005|001|4300014486|00110|CMC0005|200|EA|150|KRW|30000|20190911|1300|
C|005186|2019|50005179330006|001|4300014486|00120|CMA0001|200|EA|151|KRW|30200|20190911|1300|
C|005186|2019|50005179330007|001|4300014486|00130|CMA0007|200|EA|151|KRW|30200|20190911|1300|
C|005186|2019|50005179340001|001|4300014492|00010|CMB0001|80|EA|520|KRW|41600|20190911|1300|
C|005186|2019|50005179340002|001|4300014492|00020|CMA0007|80|EA|151|KRW|12080|20190911|1300|
C|005186|2019|50005179340003|001|4300014492|00030|CMA0001|30|EA|151|KRW|4530|20190911|1300|
C|005186|2019|50005179340004|001|4300014492|00050|CMB0002|40|EA|2100|KRW|84000|20190911|1300|
