C|005186|2019|50005305720001|001|4300015117|00010|UEBC0237|10|EA|10650|KRW|21300|20191115|1300|
C|005186|2019|50005305720002|001|4300015117|00050|UCKC0157|1|EA|716000|KRW|716000|20191115|1300|
C|005186|2019|50005305720003|001|4300015128|00030|UGBC1309|100|EA|14700|KRW|147000|20191115|1300|
C|005186|2019|50005305720004|001|4300015128|00040|UGBC1310|100|EA|9000|KRW|90000|20191115|1300|
C|005186|2019|50005305720005|001|4300015128|00060|UEBC1395|5|EA|13400|KRW|67000|20191115|1300|
C|005186|2019|50005305720006|001|4300015162|00040|UEBC1518|2|EA|675000|KRW|1350000|20191115|1300|
C|005186|2019|50005305720007|001|4300015162|00060|UEBC0384|4|EA|5020|KRW|20080|20191115|1300|
C|005186|2019|50005305730001|001|4300015102|00060|UGAC0091|1|EA|33920|KRW|33920|20191115|1300|
C|005186|2019|50005305730002|001|4300015106|00070|UAEC0427|2|EA|7476|KRW|7476|20191115|1300|
C|005186|2019|50005305730003|001|4300015106|00080|UADC0172|2|EA|4530|KRW|9060|20191115|1300|
C|005186|2019|50005305730004|001|4300015108|00020|UFDC0003|30|EA|458400|KRW|458400|20191115|1300|
C|005186|2019|50005305730005|001|4300015129|00010|UHTC0778|10|EA|46480|KRW|464800|20191115|1300|
C|005186|2019|50005305730006|001|4300015130|00020|UCHC0018|3|EA|11040|KRW|33120|20191115|1300|
C|005186|2019|50005305740001|001|4300014979|00030|UJAC0089|2|EA|61530|KRW|61530|20191115|1300|
C|005186|2019|50005305740002|001|4300014979|00040|UJAC0090|2|EA|59640|KRW|59640|20191115|1300|
C|005186|2019|50005305740003|001|4300015075|00010|UKBC0016|18|EA|10110|KRW|181980|20191115|1300|
C|005186|2019|50005305740004|001|4300015076|00010|UGBC1718|100|EA|34650|KRW|346500|20191115|1300|
C|005186|2019|50005305740005|001|4300015076|00030|UAKC0027|10|EA|8190|KRW|81900|20191115|1300|
C|005186|2019|50005305740006|001|4300015076|00040|UAEC0154|3|EA|186950|KRW|560850|20191115|1300|
C|005186|2019|50005305740007|001|4300015114|00050|UAEC0299|2|EA|18900|KRW|37800|20191115|1300|
C|005186|2019|50005305740008|001|4300015114|00060|UGCC0829|2|EA|30320|KRW|60640|20191115|1300|
C|005186|2019|50005305740009|001|4300015115|00030|UAEC0238|1|EA|445260|KRW|445260|20191115|1300|
C|005186|2019|50005305740010|001|4300015115|00040|UKEC0091|20|EA|12700|KRW|25400|20191115|1300|
C|005186|2019|50005305740011|001|4300015115|00050|UAAC0029|40|EA|18900|KRW|75600|20191115|1300|
C|005186|2019|50005305740012|001|4300015115|00060|UAGC0323|10|EA|141800|KRW|141800|20191115|1300|
C|005186|2019|50005305750001|001|4300015075|00030|UEAC0142|20|EA|48000|KRW|960000|20191115|1300|
C|005186|2019|50005305750002|001|4300015105|00020|UGCC1097|10|EA|8000|KRW|80000|20191115|1300|
C|005186|2019|50005305750003|001|4300015114|00070|UKGC0008|7|EA|2940|KRW|20580|20191115|1300|
C|005186|2019|50005305750004|001|4300015114|00090|UGCC0630|2|EA|36750|KRW|73500|20191115|1300|
C|005186|2019|50005305760001|001|4300015029|00240|UDBC1016|200|EA|5800|KRW|11600|20191115|1300|
C|005186|2019|50005305760002|001|4300015081|00010|UALC0053|10|EA|37400|KRW|374000|20191115|1300|
C|005186|2019|50005305760003|001|4300015106|00020|UDBC0460|50|EA|10600|KRW|10600|20191115|1300|
C|005186|2019|50005305760004|001|4300015106|00050|UDBC0399|20|EA|735|KRW|14700|20191115|1300|
C|005186|2019|50005305760005|001|4300015111|00020|UGBC0111|5|EA|294000|KRW|1470000|20191115|1300|
C|005186|2019|50005305760006|001|4300015112|00010|UKEC0105|20|EA|6840|KRW|136800|20191115|1300|
C|005186|2019|50005305760007|001|4300015115|00020|UIEC0035|10|EA|37800|KRW|378000|20191115|1300|
C|005186|2019|50005305770001|001|4300015076|00020|UDAC0266|100|EA|484000|KRW|484000|20191115|1300|
C|005186|2019|50005305770002|001|4300015076|00050|UDBC0621|700|EA|17100|KRW|119700|20191115|1300|
C|005186|2019|50005305770003|001|4300015076|00060|UDBC0376|500|EA|5800|KRW|29000|20191115|1300|
C|005186|2019|50005305770004|001|4300015076|00070|UDBC1116|500|EA|7000|KRW|35000|20191115|1300|
C|005186|2019|50005305770005|001|4300015077|00010|UGCC0894|400|EA|300000|KRW|1200000|20191115|1300|
C|005186|2019|50005305770006|001|4300015114|00010|UAGC0562|50|EA|58000|KRW|290000|20191115|1300|
C|005186|2019|50005305770007|001|4300015114|00080|UDBC0148|500|EA|3000|KRW|15000|20191115|1300|
C|005186|2019|50005305770008|001|4300015116|00020|UADC0040|20|EA|78800|KRW|157600|20191115|1300|
C|005186|2019|50005305780001|001|4300015074|00010|KS061506|5|EA|7850|KRW|39250|20191115|1300|
C|005186|2019|50005305780002|001|4300015074|00020|KS067002|5|EA|1460|KRW|7300|20191115|1300|
C|005186|2019|50005305780003|001|4300015075|00020|UEBC1085|30|EA|185000|KRW|1110000|20191115|1300|
C|005186|2019|50005305780004|001|4300015103|00010|UEAC0103|2|EA|82680|KRW|165360|20191115|1300|
C|005186|2019|50005305780005|001|4300015103|00020|UEAC1128|1|EA|185100|KRW|185100|20191115|1300|
C|005186|2019|50005305780006|001|4300015114|00020|UCKC0095|40|EA|105200|KRW|210400|20191115|1300|
C|005186|2019|50005305780007|001|4300015114|00030|UCKC0096|40|EA|105200|KRW|210400|20191115|1300|
C|005186|2019|50005305780008|001|4300015114|00040|UEBC0193|60|EA|346600|KRW|1039800|20191115|1300|
C|005186|2019|50005305780009|001|4300015115|00010|UEBC1505|2|EA|454000|KRW|908000|20191115|1300|
C|005186|2019|50005305790001|001|4300015100|00010|UEBC0020|10|EA|42810|KRW|428100|20191115|1300|
C|005186|2019|50005305790002|001|4300015100|00020|UEBC0134|10|EA|3630|KRW|36300|20191115|1300|
C|005186|2019|50005305790003|001|4300015100|00030|UEBC0157|5|EA|54600|KRW|273000|20191115|1300|
C|005186|2019|50005305790004|001|4300015100|00040|UEBC0583|60|EA|31500|KRW|94500|20191115|1300|
C|005186|2019|50005305790005|001|4300015100|00050|UEBC0218|2|EA|505270|KRW|1010540|20191115|1300|
C|005186|2019|50005305790006|001|4300015101|00010|UEBC0352|2|EA|86100|KRW|172200|20191115|1300|
C|005186|2019|50005305790007|001|4300015101|00020|UEBC0342|10|EA|123900|KRW|247800|20191115|1300|
C|005186|2019|50005305790008|001|4300015101|00030|UEBC0787|20|EA|17000|KRW|17000|20191115|1300|
C|005186|2019|50005305790009|001|4300015105|00050|UKAC0019|1|EA|94500|KRW|94500|20191115|1300|
C|005186|2019|50005305790010|001|4300015105|00090|UEBC0656|2|EA|58380|KRW|116760|20191115|1300|
C|005186|2019|50005305790011|001|4300015105|00100|UEBC0773|40|EA|29400|KRW|58800|20191115|1300|
C|005186|2019|50005305790012|001|4300015105|00110|UEBC1218|40|EA|8600|KRW|68800|20191115|1300|
C|005186|2019|50005305790013|001|4300015106|00010|UDBC0804|1|EA|387200|KRW|387200|20191115|1300|
C|005186|2019|50005305790014|001|4300015106|00030|UEBC0910|4|EA|23100|KRW|92400|20191115|1300|
C|005186|2019|50005305790015|001|4300015106|00040|UEBC0925|10|EA|18000|KRW|180000|20191115|1300|
C|005186|2019|50005305790016|001|4300015106|00060|UEBC0384|2|EA|5020|KRW|10040|20191115|1300|
C|005186|2019|50005305790017|001|4300015111|00010|UEAC0118|1|EA|524000|KRW|524000|20191115|1300|
C|005186|2019|50005305790018|001|4300015112|00020|UEBC0382|5|EA|3810|KRW|19050|20191115|1300|
C|005186|2019|50005305790019|001|4300015112|00030|UEAC0118|3|EA|524000|KRW|1572000|20191115|1300|
C|005186|2019|50005305790020|001|4300015113|00010|UEBC1518|2|EA|675000|KRW|1350000|20191115|1300|
C|005186|2019|50005305790021|001|4300015113|00020|UEBC1387|2|EA|292560|KRW|585120|20191115|1300|
