C|005186|2019|50004962400001|001|4300013550|00040|UDBC1057|1|EA|174000|KRW|174000|20190531|1300|
C|005186|2019|50004962430001|001|4300013552|00020|UJAC0065|4|EA|4200|KRW|8400|20190531|1300|
C|005186|2019|50004962430002|001|4300013605|00010|UEBC1489|7|EA|21100|KRW|147700|20190531|1300|
C|005186|2019|50004962430003|001|4300013605|00080|UDBC0234|1|EA|312900|KRW|312900|20190531|1300|
C|005186|2019|50004962430004|001|4300013607|00020|UEBC1177|10|EA|44500|KRW|445000|20190531|1300|
C|005186|2019|50004962430005|001|4300013607|00030|UEBC0774|100|EA|10300|KRW|51500|20190531|1300|
C|005186|2019|50004962430006|001|4300013607|00040|UEBC0775|20|EA|18400|KRW|18400|20190531|1300|
C|005186|2019|50004962430007|001|4300013607|00100|UDAC0273|1|EA|73650|KRW|73650|20190531|1300|
C|005186|2019|50004962430008|001|4300013607|00110|UEBC1479|10|EA|34800|KRW|348000|20190531|1300|
C|005186|2019|50004962440001|001|4300013502|00070|UGAC0056|4|EA|139760|KRW|559040|20190531|1300|
C|005186|2019|50004962440002|001|4300013606|00030|UGBC1347|30|EA|11600|KRW|34800|20190531|1300|
C|005186|2019|50004962440003|001|4300013607|00050|UDDC0007|10|EA|14910|KRW|149100|20190531|1300|
C|005186|2019|50004962450001|001|4300013606|00010|UKBC0002|1|EA|367500|KRW|367500|20190531|1300|
C|005186|2019|50004962450002|001|4300013606|00020|UGBC0156|5|EA|105000|KRW|105000|20190531|1300|
C|005186|2019|50004962450003|001|4300013606|00040|UGBC0545|5|EA|252000|KRW|252000|20190531|1300|
C|005186|2019|50004962450004|001|4300013624|00010|UCIC0172|1|EA|1852000|KRW|1852000|20190531|1300|
C|005186|2019|50004962450005|001|4300013625|00010|UGBC1464|1|EA|954000|KRW|954000|20190531|1300|
C|005186|2019|50004962450006|001|4300013625|00020|UGBC0205|5|EA|16420|KRW|82100|20190531|1300|
C|005186|2019|50004962450007|001|4300013625|00030|UGBC0177|10|EA|94500|KRW|189000|20190531|1300|
C|005186|2019|50004962450008|001|4300013625|00040|UGBC0165|20|EA|10600|KRW|10600|20190531|1300|
C|005186|2019|50004962460001|001|4300013524|00120|UZZC0123|30|EA|189300|KRW|189300|20190531|1300|
C|005186|2019|50004962460002|001|4300013598|00010|UJBC0004|10|EA|43370|KRW|43370|20190531|1300|
C|005186|2019|50004962460003|001|4300013605|00100|UIDC0058|1|EA|127000|KRW|127000|20190531|1300|
C|005186|2019|50004962460004|001|4300013605|00120|UDDC0255|1|EA|94290|KRW|94290|20190531|1300|
C|005186|2019|50004962460005|001|4300013605|00130|UDDC3895|4|EA|9450|KRW|37800|20190531|1300|
C|005186|2019|50004962470001|001|4300013596|00010|UGCC1097|10|EA|8000|KRW|80000|20190531|1300|
C|005186|2019|50004962470002|001|4300013605|00110|UGCC0443|2|EA|47360|KRW|94720|20190531|1300|
C|005186|2019|50004962470003|001|4300013607|00010|UGCC1088|10|EA|52400|KRW|524000|20190531|1300|
C|005186|2019|50004962480001|001|4300013597|00010|UHHC0136|2|EA|96600|KRW|193200|20190531|1300|
C|005186|2019|50004962480002|001|4300013603|00020|UHTC0580|5|EA|144200|KRW|721000|20190531|1300|
C|005186|2019|50004962480003|001|4300013623|00010|UHTC0800|5|EA|795000|KRW|795000|20190531|1300|
C|005186|2019|50004962480004|001|4300013623|00020|UHTC0835|2|EA|440000|KRW|880000|20190531|1300|
C|005186|2019|50004962480005|001|4300013626|00030|UJBC0004|20|EA|43370|KRW|86740|20190531|1300|
C|005186|2019|50004962480006|001|4300013626|00080|UHDC0097|100|EA|137800|KRW|1378000|20190531|1300|
C|005186|2019|50004962480007|001|4300013627|00020|UJAC0065|12|EA|4200|KRW|25200|20190531|1300|
C|005186|2019|50004962490001|001|4300013602|00010|UHHC0088|1|EA|1600200|KRW|1600200|20190531|1300|
C|005186|2019|50004962490002|001|4300013602|00020|UHDC0205|3|EA|73500|KRW|220500|20190531|1300|
C|005186|2019|50004962490003|001|4300013603|00010|UHGC0317|3|EA|318000|KRW|954000|20190531|1300|
C|005186|2019|50004962490004|001|4300013603|00030|UHGC0270|5|EA|35790|KRW|178950|20190531|1300|
C|005186|2019|50004962490005|001|4300013603|00040|UHGC0314|5|EA|46640|KRW|46640|20190531|1300|
C|005186|2019|50004962490006|001|4300013603|00050|UHHC0208|5|EA|77910|KRW|77910|20190531|1300|
C|005186|2019|50004962490007|001|4300013604|00010|UHGC0336|2|EA|347000|KRW|694000|20190531|1300|
C|005186|2019|50004962490008|001|4300013604|00020|UHGC0295|5|EA|180200|KRW|180200|20190531|1300|
