C|005186|2020|50005731160001|001|4300017182|00040|UEAC0196|3|EA|38690|KRW|116070|20200626|1300|
C|005186|2020|50005731160002|001|4300017183|00020|UEAC0197|3|EA|38690|KRW|116070|20200626|1300|
C|005186|2020|50005731170001|001|4300017175|00020|UEBC1745|2|EA|63780|KRW|127560|20200626|1300|
C|005186|2020|50005731170002|001|4300017175|00030|UEBC1746|2|EA|13270|KRW|26540|20200626|1300|
C|005186|2020|50005731170003|001|4300017175|00040|UEBC1747|1|EA|49220|KRW|49220|20200626|1300|
C|005186|2020|50005731170004|001|4300017175|00050|UEBC1748|5|EA|18840|KRW|94200|20200626|1300|
C|005186|2020|50005731170005|001|4300017175|00060|UEBC1749|2|EA|49860|KRW|99720|20200626|1300|
C|005186|2020|50005731170006|001|4300017175|00070|UEBC1750|20|EA|25680|KRW|513600|20200626|1300|
C|005186|2020|50005731170007|001|4300017175|00080|UEBC1751|4|EA|78800|KRW|315200|20200626|1300|
C|005186|2020|50005731170008|001|4300017175|00090|UEBC1752|1|EA|66340|KRW|66340|20200626|1300|
C|005186|2020|50005731170009|001|4300017176|00010|UEBC1753|1|EA|299600|KRW|299600|20200626|1300|
C|005186|2020|50005731170010|001|4300017176|00020|UEBC1754|1|EA|128400|KRW|128400|20200626|1300|
C|005186|2020|50005731170011|001|4300017176|00030|UEBC1755|1|EA|117700|KRW|117700|20200626|1300|
C|005186|2020|50005731170012|001|4300017176|00040|UEBC1756|1|EA|149800|KRW|149800|20200626|1300|
C|005186|2020|50005731170013|001|4300017176|00050|UEBC1758|1|EA|281410|KRW|281410|20200626|1300|
C|005186|2020|50005731170014|001|4300017176|00060|UEBC1759|10|EA|1930|KRW|19300|20200626|1300|
C|005186|2020|50005731170015|001|4300017176|00070|UEBC1760|3|EA|16330|KRW|48990|20200626|1300|
C|005186|2020|50005731170016|001|4300017177|00010|UEBC1757|20|EA|66670|KRW|1333400|20200626|1300|
C|005186|2020|50005731170017|001|4300017192|00060|UBCC0066|2|EA|42380|KRW|84760|20200626|1300|
C|005186|2020|50005731170018|001|4300017192|00070|UDAC0437|300|EA|10000|KRW|60000|20200626|1300|
C|005186|2020|50005731170019|001|4300017192|00130|UEAC1169|3|EA|179760|KRW|539280|20200626|1300|
C|005186|2020|50005731170020|001|4300017193|00010|UEAC1168|1|EA|1057160|KRW|1057160|20200626|1300|
C|005186|2020|50005731170021|001|4300017193|00020|UEBC1733|10|EA|86670|KRW|866700|20200626|1300|
C|005186|2020|50005731170022|001|4300017194|00010|UEAC1170|2|EA|69550|KRW|139100|20200626|1300|
C|005186|2020|50005731170023|001|4300017194|00020|UEAC1171|1|EA|1236920|KRW|1236920|20200626|1300|
C|005186|2020|50005731170024|001|4300017194|00030|UEBC1736|10|EA|9690|KRW|96900|20200626|1300|
C|005186|2020|50005731170025|001|4300017194|00040|UEBC1737|4|EA|43870|KRW|175480|20200626|1300|
C|005186|2020|50005731170026|001|4300017194|00050|UEBC1738|2|EA|6260|KRW|12520|20200626|1300|
C|005186|2020|50005731170027|001|4300017194|00060|UEBC1739|4|EA|9100|KRW|36400|20200626|1300|
C|005186|2020|50005731170028|001|4300017194|00070|UEBC1740|4|EA|52110|KRW|208440|20200626|1300|
C|005186|2020|50005731170029|001|4300017194|00080|UEBC1741|8|EA|970|KRW|7760|20200626|1300|
C|005186|2020|50005731170030|001|4300017194|00090|UEBC1742|4|EA|1290|KRW|5160|20200626|1300|
C|005186|2020|50005731170031|001|4300017195|00010|UEBC1734|10|EA|102720|KRW|1027200|20200626|1300|
C|005186|2020|50005731170032|001|4300017195|00020|UEBC1743|1|EA|126530|KRW|126530|20200626|1300|
C|005186|2020|50005731170033|001|4300017195|00030|UEBC1744|1|EA|111610|KRW|111610|20200626|1300|
C|005186|2020|50005731170034|001|4300017196|00030|UEBC0737|5|EA|38220|KRW|191100|20200626|1300|
C|005186|2020|50005731170035|001|4300017196|00040|UEBC0780|10|EA|20900|KRW|20900|20200626|1300|
C|005186|2020|50005731170036|001|4300017196|00050|UEBC0382|10|EA|3810|KRW|38100|20200626|1300|
C|005186|2020|50005731170037|001|4300017196|00070|UEBC0678|4|EA|18900|KRW|75600|20200626|1300|
C|005186|2020|50005731170038|001|4300017196|00080|UEBC0634|1|EA|53370|KRW|53370|20200626|1300|
C|005186|2020|50005731170039|001|4300017196|00130|UDBC0932|10|EA|13700|KRW|13700|20200626|1300|
C|005186|2020|50005731170040|001|4300017196|00140|UDFC0106|10|EA|13700|KRW|13700|20200626|1300|
C|005186|2020|50005731170041|001|4300017196|00150|UDFC0107|10|EA|13700|KRW|13700|20200626|1300|
C|005186|2020|50005731170042|001|4300017196|00160|UDFC0108|10|EA|13700|KRW|13700|20200626|1300|
C|005186|2020|50005731170043|001|4300017196|00170|UDFC0171|10|EA|15000|KRW|15000|20200626|1300|
C|005186|2020|50005731170044|001|4300017196|00180|UDBC0822|10|EA|16800|KRW|16800|20200626|1300|
C|005186|2020|50005731170045|001|4300017196|00190|UDBC0769|10|EA|1680|KRW|16800|20200626|1300|
C|005186|2020|50005731170046|001|4300017196|00200|UDBC0913|10|EA|42400|KRW|42400|20200626|1300|
C|005186|2020|50005731170047|001|4300017196|00210|UDBC0926|10|EA|31800|KRW|31800|20200626|1300|
C|005186|2020|50005731170048|001|4300017196|00220|UDBC0249|10|EA|58600|KRW|58600|20200626|1300|
C|005186|2020|50005731170049|001|4300017196|00230|UDBC0250|10|EA|6880|KRW|68800|20200626|1300|
C|005186|2020|50005731170050|001|4300017196|00240|UDBC0251|10|EA|7580|KRW|75800|20200626|1300|
C|005186|2020|50005731170051|001|4300017196|00250|UEBC0367|5|EA|5800|KRW|29000|20200626|1300|
C|005186|2020|50005731170052|001|4300017198|00010|UEBC1161|4|EA|290000|KRW|1160000|20200626|1300|
C|005186|2020|50005731180001|001|4300017196|00010|UAEC0354|1|EA|464300|KRW|464300|20200626|1300|
C|005186|2020|50005731180002|001|4300017196|00260|UAGC0183|1|EA|232000|KRW|232000|20200626|1300|
