C|005186|2020|50005847400001|001|4300017755|00010|UEBC1505|2|EA|454000|KRW|908000|20200827|1300|
C|005186|2020|50005847400002|001|4300017756|00030|UJAC0036|50|EA|735000|KRW|735000|20200827|1300|
C|005186|2020|50005847410001|001|4300017757|00050|UEAC1174|1|EA|572250|KRW|572250|20200827|1300|
C|005186|2020|50005847410002|001|4300017757|00070|UEBC1761|3|EA|26750|KRW|80250|20200827|1300|
C|005186|2020|50005847410003|001|4300017757|00080|UDAC0439|10|EA|2000|KRW|2000|20200827|1300|
C|005186|2020|50005847410004|001|4300017757|00100|UEBC1762|30|EA|1930|KRW|57900|20200827|1300|
C|005186|2020|50005847410005|001|4300017757|00110|UDAC0440|30|EA|53|KRW|1590|20200827|1300|
C|005186|2020|50005847410006|001|4300017757|00120|UDBC1157|2|EA|81320|KRW|162640|20200827|1300|
C|005186|2020|50005847410007|001|4300017757|00130|UEBC1765|1|EA|121900|KRW|121900|20200827|1300|
C|005186|2020|50005847410008|001|4300017758|00010|UGCC1770|100|EA|56700|KRW|567000|20200827|1300|
C|005186|2020|50005847410009|001|4300017758|00030|UDBC1156|2|EA|74900|KRW|149800|20200827|1300|
C|005186|2020|50005847410010|001|4300017758|00040|UEBC1764|4|EA|25440|KRW|101760|20200827|1300|
C|005186|2020|50005847410011|001|4300017758|00060|UEBC1766|2|EA|22260|KRW|44520|20200827|1300|
C|005186|2020|50005847410012|001|4300017758|00070|UDDC3912|1|EA|5460|KRW|5460|20200827|1300|
C|005186|2020|50005847410013|001|4300017758|00080|UDAC0443|300|EA|20000|KRW|60000|20200827|1300|
C|005186|2020|50005847410014|001|4300017758|00090|UEBC1767|20|EA|6254|KRW|125080|20200827|1300|
C|005186|2020|50005847410015|001|4300017759|00010|UEAC1173|5|EA|367500|KRW|1837500|20200827|1300|
C|005186|2020|50005847410016|001|4300017759|00020|UEBC1768|20|EA|3021|KRW|60420|20200827|1300|
C|005186|2020|50005847410017|001|4300017760|00010|UEAC1172|4|EA|451500|KRW|1806000|20200827|1300|
C|005186|2020|50005847410018|001|4300017761|00010|UCKC0175|1|EA|1990000|KRW|1990000|20200827|1300|
C|005186|2020|50005847410019|001|4300017762|00010|UEAC1172|1|EA|451500|KRW|451500|20200827|1300|
C|005186|2020|50005847410020|001|4300017762|00020|UDDC3911|10|EA|44840|KRW|448400|20200827|1300|
C|005186|2020|50005847410021|001|4300017762|00030|UEBC1769|4|EA|135998|KRW|543992|20200827|1300|
C|005186|2020|50005847410022|001|4300017762|00040|UEBC1770|8|EA|29150|KRW|233200|20200827|1300|
C|005186|2020|50005847410023|001|4300017763|00020|UCKC0176|5|EA|39170|KRW|195850|20200827|1300|
C|005186|2020|50005847410024|001|4300017763|00030|UEBC1764|5|EA|25440|KRW|127200|20200827|1300|
C|005186|2020|50005847410025|001|4300017763|00050|UEBC1773|1|EA|117700|KRW|117700|20200827|1300|
C|005186|2020|50005847410026|001|4300017763|00060|UEBC1774|6|EA|27560|KRW|165360|20200827|1300|
C|005186|2020|50005847410027|001|4300017763|00130|UEBC1775|5|EA|16790|KRW|83950|20200827|1300|
C|005186|2020|50005847410028|001|4300017763|00200|UEBC1776|4|EA|203300|KRW|813200|20200827|1300|
C|005186|2020|50005847410029|001|4300017764|00030|UGBC1824|2|EA|80250|KRW|160500|20200827|1300|
C|005186|2020|50005847410030|001|4300017764|00050|UDAC0445|100|EA|3750|KRW|37500|20200827|1300|
C|005186|2020|50005847410031|001|4300017765|00010|UEBC1777|2|EA|110558|KRW|221116|20200827|1300|
C|005186|2020|50005847410032|001|4300017765|00020|UEBC1778|1|EA|176550|KRW|176550|20200827|1300|
C|005186|2020|50005847410033|001|4300017766|00010|UEBC1779|1|EA|19260|KRW|19260|20200827|1300|
C|005186|2020|50005847410034|001|4300017766|00020|UEBC1780|10|EA|77380|KRW|773800|20200827|1300|
C|005186|2020|50005847410035|001|4300017767|00010|UEBC0227|20|EA|2280|KRW|45600|20200827|1300|
C|005186|2020|50005847410036|001|4300017767|00030|UEBC0548|14|EA|46100|KRW|645400|20200827|1300|
C|005186|2020|50005847410037|001|4300017767|00050|UDAC0118|10|EA|3790|KRW|37900|20200827|1300|
C|005186|2020|50005847410038|001|4300017767|00060|UDBC0804|3|EA|387200|KRW|1161600|20200827|1300|
C|005186|2020|50005847410039|001|4300017767|00070|UEBC1601|10|EA|7370|KRW|73700|20200827|1300|
C|005186|2020|50005847410040|001|4300017768|00010|UEBC1443|5|EA|302000|KRW|1510000|20200827|1300|
C|005186|2020|50005847410041|001|4300017768|00030|UEBC1167|4|EA|46850|KRW|187400|20200827|1300|
C|005186|2020|50005847410042|001|4300017769|00010|UDAC0053|5|EA|981750|KRW|981750|20200827|1300|
C|005186|2020|50005847410043|001|4300017770|00010|UEBC1443|5|EA|302000|KRW|1510000|20200827|1300|
C|005186|2020|50005847410044|001|4300017770|00020|UEBC1447|2|EA|168500|KRW|337000|20200827|1300|
C|005186|2020|50005847410045|001|4300017771|00010|UEBC1031|4|EA|68100|KRW|272400|20200827|1300|
C|005186|2020|50005847410046|001|4300017771|00020|UEBC1026|4|EA|6230|KRW|24920|20200827|1300|
