C|005186|2015|50001315720001|001|4300002070|00010|UHNC0044|1|EA|397950|KRW|397950|20150215|1300|
C|005186|2015|50001315720002|001|4300002070|00020|UHHC0069|2|EA|412650|KRW|825300|20150215|1300|
C|005186|2015|50001315720003|001|4300002088|00080|UHFC0208|10|EA|10500|KRW|105000|20150215|1300|
C|005186|2015|50001315720004|001|4300002088|00090|UHGC0151|10|EA|9470|KRW|94700|20150215|1300|
C|005186|2015|50001315720005|001|4300002135|00020|UALC0024|10|EA|26500|KRW|265000|20150215|1300|
C|005186|2015|50001315720006|001|4300002139|00010|UCKC0037|80|EA|14050|KRW|1124000|20150215|1300|
C|005186|2015|50001315720007|001|4300002139|00020|UHFC0203|10|EA|9450|KRW|94500|20150215|1300|
C|005186|2015|50001315720008|001|4300002139|00030|UHFC0205|10|EA|9550|KRW|95500|20150215|1300|
C|005186|2015|50001315720009|001|4300002139|00040|UHFC0207|10|EA|14800|KRW|148000|20150215|1300|
C|005186|2015|50001315720010|001|4300002139|00050|UHFC0022|5|EA|87680|KRW|438400|20150215|1300|
C|005186|2015|50001315730001|001|4300002208|00010|UCKC0008|1|EA|1365000|KRW|1365000|20150215|1300|
C|005186|2015|50001315740001|001|4300002138|00030|KS061505|4|EA|6230|KRW|24920|20150215|1300|
C|005186|2015|50001315740002|001|4300002138|00040|KS067004|3|EA|2000|KRW|6000|20150215|1300|
C|005186|2015|50001315740003|001|4300002138|00050|KS067005|5|EA|2400|KRW|12000|20150215|1300|
C|005186|2015|50001315740004|001|4300002168|00150|UDAC0120|1|EA|367500|KRW|367500|20150215|1300|
C|005186|2015|50001315740005|001|4300002168|00160|UKAC0011|1|EA|117495|KRW|117495|20150215|1300|
C|005186|2015|50001315740006|001|4300002212|00010|UGBC0112|3|EA|231000|KRW|693000|20150215|1300|
C|005186|2015|50001315740007|001|4300002212|00020|UEBC0929|4|EA|37800|KRW|151200|20150215|1300|
C|005186|2015|50001315740008|001|4300002212|00030|UDBC0460|200|EA|212|KRW|42400|20150215|1300|
C|005186|2015|50001315740009|001|4300002212|00040|UEBC1131|10|EA|33000|KRW|330000|20150215|1300|
C|005186|2015|50001315740010|001|4300002212|00050|UAEC0096|1|EA|29190|KRW|29190|20150215|1300|
C|005186|2015|50001315740011|001|4300002212|00080|UEBC0072|1|EA|138940|KRW|138940|20150215|1300|
C|005186|2015|50001315740012|001|4300002212|00090|UDBC0224|100|EA|38|KRW|3800|20150215|1300|
C|005186|2015|50001315740013|001|4300002212|00100|UDBC0027|100|EA|36|KRW|3600|20150215|1300|
C|005186|2015|50001315750001|001|4300002138|00060|KS990007|10|EA|51450|KRW|514500|20150215|1300|
C|005186|2015|50001315750002|001|4300002138|00070|KT020016|1|EA|18620|KRW|18620|20150215|1300|
C|005186|2015|50001315750003|001|4300002138|00080|KT020500|30|EA|3110|KRW|93300|20150215|1300|
C|005186|2015|50001315750004|001|4300002138|00090|KT020705|4|EA|1390|KRW|5560|20150215|1300|
C|005186|2015|50001315750005|001|4300002138|00100|KT080500|3|EA|26500|KRW|79500|20150215|1300|
C|005186|2015|50001315750006|001|4300002167|00010|UAEC0140|20|EA|2060|KRW|41200|20150215|1300|
C|005186|2015|50001315750007|001|4300002168|00020|UKBC0010|2|EA|91480|KRW|182960|20150215|1300|
C|005186|2015|50001315750008|001|4300002168|00030|UJAC0067|2|EA|5560|KRW|11120|20150215|1300|
C|005186|2015|50001315750009|001|4300002168|00040|UJAC0068|2|EA|6070|KRW|12140|20150215|1300|
C|005186|2015|50001315750010|001|4300002168|00050|UDBC0394|30|EA|210|KRW|6300|20150215|1300|
C|005186|2015|50001315750011|001|4300002168|00060|UAGC0450|1|EA|238000|KRW|238000|20150215|1300|
C|005186|2015|50001315750012|001|4300002168|00070|UEBC0503|6|EA|5901|KRW|35406|20150215|1300|
C|005186|2015|50001315750013|001|4300002168|00080|UGCC0466|2|EA|3550|KRW|7100|20150215|1300|
C|005186|2015|50001315750014|001|4300002168|00090|UZZC0107|2|EA|35770|KRW|71540|20150215|1300|
C|005186|2015|50001315750015|001|4300002168|00100|UKAC0045|1|EA|188500|KRW|188500|20150215|1300|
C|005186|2015|50001315750016|001|4300002168|00110|UICC0051|3|EA|1050|KRW|3150|20150215|1300|
C|005186|2015|50001315750017|001|4300002168|00120|UKEC0018|10|EA|1530|KRW|15300|20150215|1300|
C|005186|2015|50001315750018|001|4300002168|00130|UJAC0119|2|EA|67520|KRW|135040|20150215|1300|
C|005186|2015|50001315750019|001|4300002168|00140|UKBC0010|1|EA|91480|KRW|91480|20150215|1300|
C|005186|2015|50001315750020|001|4300002168|00190|UAEC0305|1|EA|39380|KRW|39380|20150215|1300|
C|005186|2015|50001315750021|001|4300002212|00060|UGCC0827|1|EA|51550|KRW|51550|20150215|1300|
C|005186|2015|50001315760001|001|4300002087|00140|UGBC0621|10|EA|640|KRW|6400|20150215|1300|
C|005186|2015|50001315760002|001|4300002087|00150|UGBC1076|5|EA|5990|KRW|29950|20150215|1300|
C|005186|2015|50001315760003|001|4300002209|00010|UCIC0100|1|EA|1155000|KRW|1155000|20150215|1300|
C|005186|2015|50001315770001|001|4300002135|00010|UALC0110|2|EA|550400|KRW|1100800|20150215|1300|
