C|005186|2017|50003520400001|001|4300007827|00110|CMC0002|4|EA|10300|KRW|41200|20170629|1300|
C|005186|2017|50003520410001|001|4300007772|00070|CMC0007|5|EA|13000|KRW|65000|20170629|1300|
C|005186|2017|50003520420001|001|4300007775|00080|CMC0007|3|EA|13000|KRW|39000|20170629|1300|
C|005186|2017|50003520430001|001|4300007827|00140|CMD0010|1|EA|17000|KRW|17000|20170629|1300|
C|005186|2017|50003520440001|001|4300007772|00080|CMD0011|4|EA|24100|KRW|96400|20170629|1300|
C|005186|2017|50003520440002|001|4300007773|00060|CMD0016|1|EA|29000|KRW|29000|20170629|1300|
C|005186|2017|50003520440003|001|4300007774|00070|CMD0011|8|EA|24100|KRW|192800|20170629|1300|
C|005186|2017|50003520440004|001|4300007775|00160|CMD0016|9|EA|29000|KRW|261000|20170629|1300|
C|005186|2017|50003520440005|001|4300007775|00170|CMD0011|6|EA|24100|KRW|144600|20170629|1300|
C|005186|2017|50003520440006|001|4300007776|00050|CMD0011|2|EA|24100|KRW|48200|20170629|1300|
C|005186|2017|50003520440007|001|4300007776|00060|CMD0016|6|EA|29000|KRW|174000|20170629|1300|
C|005186|2017|50003520440008|001|4300007777|00060|CMD0016|1|EA|29000|KRW|29000|20170629|1300|
C|005186|2017|50003520440009|001|4300007778|00080|CMD0011|2|EA|24100|KRW|48200|20170629|1300|
C|005186|2017|50003520440010|001|4300007778|00090|CMD0017|6|EA|23760|KRW|142560|20170629|1300|
C|005186|2017|50003520440011|001|4300007783|00050|CMD0016|8|EA|29000|KRW|232000|20170629|1300|
C|005186|2017|50003520440012|001|4300007784|00050|CMD0016|2|EA|29000|KRW|58000|20170629|1300|
C|005186|2017|50003520440013|001|4300007785|00080|CMD0011|7|EA|24100|KRW|168700|20170629|1300|
C|005186|2017|50003520440014|001|4300007785|00090|CMD0012|2|EA|22000|KRW|44000|20170629|1300|
C|005186|2017|50003520440015|001|4300007787|00030|CMD0016|1|EA|29000|KRW|29000|20170629|1300|
C|005186|2017|50003520440016|001|4300007791|00010|CMD0016|1|EA|29000|KRW|29000|20170629|1300|
C|005186|2017|50003520440017|001|4300007791|00020|CMD0016|1|EA|29000|KRW|29000|20170629|1300|
C|005186|2017|50003520440018|001|4300007827|00150|CMD0011|20|EA|24100|KRW|482000|20170629|1300|
C|005186|2017|50003520440019|001|4300007827|00160|CMD0016|6|EA|29000|KRW|174000|20170629|1300|
C|005186|2017|50003520450001|001|4300007789|00050|CMD0016|2|EA|29000|KRW|58000|20170629|1300|
