C|005186|2020|50005450480001|001|4300015867|00010|UEBC1659|4|EA|297000|KRW|1188000|20200130|1300|
C|005186|2020|50005450480002|001|4300015869|00050|UGBC1788|2|EA|47250|KRW|94500|20200130|1300|
C|005186|2020|50005450480003|001|4300015870|00010|UEBC1654|20|EA|9000|KRW|180000|20200130|1300|
C|005186|2020|50005450480004|001|4300015871|00010|UBBC0010|500|EA|137000|KRW|685000|20200130|1300|
C|005186|2020|50005450480005|001|4300015872|00030|UEBC1443|4|EA|302000|KRW|1208000|20200130|1300|
C|005186|2020|50005450480006|001|4300015888|00010|UEBC0387|4|EA|12980|KRW|51920|20200130|1300|
C|005186|2020|50005450480007|001|4300015888|00090|UCIC0191|2|EA|630700|KRW|1261400|20200130|1300|
C|005186|2020|50005450490001|001|4300015869|00010|UGCC1653|3|EA|43050|KRW|129150|20200130|1300|
C|005186|2020|50005450490002|001|4300015877|00070|UGCC1583|1|EA|178500|KRW|178500|20200130|1300|
C|005186|2020|50005450500001|001|4300015867|00070|UAEC0523|2|EA|45000|KRW|90000|20200130|1300|
C|005186|2020|50005450500002|001|4300015867|00080|UAEC0524|2|EA|53000|KRW|106000|20200130|1300|
C|005186|2020|50005450500003|001|4300015872|00020|UAGC0283|10|EA|2430|KRW|24300|20200130|1300|
C|005186|2020|50005450500004|001|4300015876|00010|UAEC0076|1|EA|24210|KRW|24210|20200130|1300|
C|005186|2020|50005450500005|001|4300015877|00040|UAEC0389|1|EA|14400|KRW|14400|20200130|1300|
C|005186|2020|50005450500006|001|4300015877|00090|UAEC0340|2|EA|21830|KRW|43660|20200130|1300|
C|005186|2020|50005450500007|001|4300015877|00100|UAEC0341|2|EA|22890|KRW|45780|20200130|1300|
C|005186|2020|50005450500008|001|4300015877|00110|UAEC0342|2|EA|27240|KRW|54480|20200130|1300|
