C|005186|2015|50001470250001|001|4300002528|00060|CMD0016|4|EA|30450|KRW|121800|20150422|1300|
C|005186|2015|50001470250002|001|4300002531|00090|CMD0011|5|EA|24150|KRW|120750|20150422|1300|
C|005186|2015|50001470250003|001|4300002532|00090|CMD0016|1|EA|30450|KRW|30450|20150422|1300|
C|005186|2015|50001470250004|001|4300002583|00070|CMD0011|8|EA|24150|KRW|193200|20150422|1300|
C|005186|2015|50001470250005|001|4300002601|00110|CMD0011|18|EA|24150|KRW|434700|20150422|1300|
C|005186|2015|50001470250006|001|4300002601|00120|CMD0016|2|EA|30450|KRW|60900|20150422|1300|
C|005186|2015|50001470260001|001|4300002585|00050|CMD0016|2|EA|30450|KRW|60900|20150422|1300|
C|005186|2015|50001470260002|001|4300002586|00090|CMD0012|1|EA|29400|KRW|29400|20150422|1300|
C|005186|2015|50001470260003|001|4300002586|00160|CMD0016|2|EA|30450|KRW|60900|20150422|1300|
C|005186|2015|50001470260004|001|4300002588|00080|CMD0011|2|EA|24150|KRW|48300|20150422|1300|
C|005186|2015|50001470270001|001|4300002657|00060|CMF0005|5|EA|20700|KRW|103500|20150422|1300|
