C|005186|2015|50001282090001|001|4300002047|00140|UHNC0124|1|EA|313700|KRW|313700|20150131|1300|
C|005186|2015|50001282090002|001|4300002048|00010|UHFC0181|3|EA|34650|KRW|103950|20150131|1300|
C|005186|2015|50001282090003|001|4300002048|00020|UHGC0197|5|EA|36000|KRW|180000|20150131|1300|
C|005186|2015|50001282090004|001|4300002048|00030|UHFC0164|100|EA|210|KRW|21000|20150131|1300|
C|005186|2015|50001282090005|001|4300002048|00040|UHTC0278|5|EA|8400|KRW|42000|20150131|1300|
C|005186|2015|50001282090006|001|4300002048|00050|UHDC0157|5|EA|8340|KRW|41700|20150131|1300|
C|005186|2015|50001282090007|001|4300002048|00060|UHDC0163|3|EA|9730|KRW|29190|20150131|1300|
C|005186|2015|50001282090008|001|4300002048|00070|UHDC0226|1|EA|34740|KRW|34740|20150131|1300|
C|005186|2015|50001282090009|001|4300002048|00080|UHDC0227|1|EA|34740|KRW|34740|20150131|1300|
C|005186|2015|50001282090010|001|4300002048|00090|UHFC0296|10|EA|17000|KRW|170000|20150131|1300|
C|005186|2015|50001282090011|001|4300002048|00100|UHFC0302|10|EA|23800|KRW|238000|20150131|1300|
C|005186|2015|50001282090012|001|4300002048|00110|UHGC0124|20|EA|22100|KRW|442000|20150131|1300|
C|005186|2015|50001282090013|001|4300002048|00120|UHFC0314|3|EA|61690|KRW|185070|20150131|1300|
C|005186|2015|50001282090014|001|4300002048|00130|UHFC0307|3|EA|49470|KRW|148410|20150131|1300|
C|005186|2015|50001282090015|001|4300002048|00140|UHFC0312|3|EA|73000|KRW|219000|20150131|1300|
C|005186|2015|50001282090016|001|4300002049|00010|UHGC0134|2|EA|756000|KRW|1512000|20150131|1300|
C|005186|2015|50001282090017|001|4300002050|00010|UHFC0320|2|EA|124300|KRW|248600|20150131|1300|
C|005186|2015|50001282090018|001|4300002050|00020|UHGC0019|3|EA|248430|KRW|745290|20150131|1300|
C|005186|2015|50001282090019|001|4300002050|00030|UHGC0139|1|EA|561750|KRW|561750|20150131|1300|
C|005186|2015|50001282090020|001|4300002055|00030|UHHC0138|2|EA|80850|KRW|161700|20150131|1300|
C|005186|2015|50001282600001|001|4300002025|00390|UDAC0307|10|EA|4770|KRW|47700|20150131|1300|
C|005186|2015|50001282600002|001|4300002055|00110|UDBC0176|500|EA|30|KRW|15000|20150131|1300|
C|005186|2015|50001282600003|001|4300002055|00120|UDBC0175|500|EA|30|KRW|15000|20150131|1300|
C|005186|2015|50001282600004|001|4300002055|00140|UEBC0385|4|EA|5820|KRW|23280|20150131|1300|
C|005186|2015|50001282600005|001|4300002055|00150|UDBC0883|30|EA|35|KRW|1050|20150131|1300|
C|005186|2015|50001282600006|001|4300002055|00160|UEBC0022|4|EA|55350|KRW|221400|20150131|1300|
C|005186|2015|50001282610001|001|4300002055|00010|UBBC0006|2|EA|103370|KRW|206740|20150131|1300|
C|005186|2015|50001282610002|001|4300002055|00070|UBBC0006|2|EA|103370|KRW|206740|20150131|1300|
C|005186|2015|50001282620001|001|4300002055|00020|UZZC0097|2|EA|70760|KRW|141520|20150131|1300|
C|005186|2015|50001282620002|001|4300002055|00040|UZZC0085|2|EA|5097|KRW|10194|20150131|1300|
C|005186|2015|50001282620003|001|4300002055|00050|UKBC0010|1|EA|91480|KRW|91480|20150131|1300|
C|005186|2015|50001282620004|001|4300002055|00060|UJCC0043|5000|EA|70|KRW|350000|20150131|1300|
C|005186|2015|50001282620005|001|4300002055|00170|UJAC0082|2|EA|25410|KRW|50820|20150131|1300|
C|005186|2015|50001282620006|001|4300002055|00180|UJAC0081|2|EA|24070|KRW|48140|20150131|1300|
C|005186|2015|50001282620007|001|4300002055|00190|UJAC0105|2|EA|14805|KRW|29610|20150131|1300|
C|005186|2015|50001282620008|001|4300002055|00200|UJAC0104|2|EA|12290|KRW|24580|20150131|1300|
C|005186|2015|50001282620009|001|4300002055|00210|UAGC0003|20|EA|1820|KRW|36400|20150131|1300|
C|005186|2015|50001282630001|001|4300002046|00020|UGCC0671|4|EA|171150|KRW|684600|20150131|1300|
C|005186|2015|50001282630002|001|4300002046|00030|UGCC0408|2|EA|41475|KRW|82950|20150131|1300|
C|005186|2015|50001282630003|001|4300002047|00020|UGCC0471|1|EA|110250|KRW|110250|20150131|1300|
C|005186|2015|50001282630004|001|4300002047|00070|UGCC0445|1|EA|84000|KRW|84000|20150131|1300|
C|005186|2015|50001282640001|001|4300002025|00490|UKBC0007|10|EA|17540|KRW|175400|20150131|1300|
C|005186|2015|50001282640002|001|4300002025|00680|UKBC0010|2|EA|91480|KRW|182960|20150131|1300|
C|005186|2015|50001282640003|001|4300002046|00010|UHTC0239|10|EA|15750|KRW|157500|20150131|1300|
C|005186|2015|50001282640004|001|4300002046|00040|UEBC0007|8|EA|58800|KRW|470400|20150131|1300|
C|005186|2015|50001282640005|001|4300002046|00050|UEBC0925|10|EA|18000|KRW|180000|20150131|1300|
C|005186|2015|50001282640006|001|4300002046|00080|UEBC0569|2|EA|106210|KRW|212420|20150131|1300|
C|005186|2015|50001282640007|001|4300002046|00090|UDAC0060|2|EA|57750|KRW|115500|20150131|1300|
C|005186|2015|50001282640008|001|4300002046|00100|UDAC0058|2|EA|16420|KRW|32840|20150131|1300|
C|005186|2015|50001282640009|001|4300002047|00010|UAGC0078|10|EA|7790|KRW|77900|20150131|1300|
C|005186|2015|50001282640010|001|4300002047|00080|UGBC0304|20|EA|260|KRW|5200|20150131|1300|
C|005186|2015|50001282640011|001|4300002047|00090|UICC0011|10|EA|16210|KRW|162100|20150131|1300|
C|005186|2015|50001282640012|001|4300002047|00100|UICC0035|20|EA|4940|KRW|98800|20150131|1300|
C|005186|2015|50001282640013|001|4300002047|00110|UIEC0022|1|EA|22050|KRW|22050|20150131|1300|
C|005186|2015|50001282640014|001|4300002047|00120|UEBC0573|2|EA|246440|KRW|492880|20150131|1300|
C|005186|2015|50001282640015|001|4300002047|00130|UEBC0570|2|EA|153500|KRW|307000|20150131|1300|
C|005186|2015|50001282640016|001|4300002051|00040|UDAC0012|200|EA|4220|KRW|844000|20150131|1300|
C|005186|2015|50001282640017|001|4300002051|00060|UADC0077|3|EA|5796|KRW|17388|20150131|1300|
C|005186|2015|50001282640018|001|4300002051|00070|UKBC0010|1|EA|91480|KRW|91480|20150131|1300|
C|005186|2015|50001282640019|001|4300002051|00080|UAJC0074|20|EA|4470|KRW|89400|20150131|1300|
