C|005186|2014|50000822760001|001|4300001466|00050|UCIC0158|10|EA|3580|KRW|35800|20140630|1300|
C|005186|2014|50000822760002|001|4300001466|00080|UCIC0176|1|EA|120000|KRW|120000|20140630|1300|
C|005186|2014|50000822760003|001|4300001466|00090|UCIC0159|1|EA|779000|KRW|779000|20140630|1300|
C|005186|2014|50000822770001|001|4300001497|00010|UHHC0140|2|EA|81690|KRW|163380|20140630|1300|
C|005186|2014|50000822770002|001|4300001497|00020|UJAC0130|1|EA|60640|KRW|60640|20140630|1300|
C|005186|2014|50000822770003|001|4300001497|00030|UHTC0238|2|EA|10100|KRW|20200|20140630|1300|
C|005186|2014|50000822770004|001|4300001497|00080|UHGC0250|1|EA|18420|KRW|18420|20140630|1300|
C|005186|2014|50000822770005|001|4300001497|00100|UEBC0492|3|EA|4330|KRW|12990|20140630|1300|
C|005186|2014|50000822780001|001|4300001414|00170|UHGC0139|3|EA|561750|KRW|1685250|20140630|1300|
C|005186|2014|50000822780002|001|4300001507|00020|UHGC0173|5|EA|82500|KRW|412500|20140630|1300|
C|005186|2014|50000822780003|001|4300001507|00030|UHNC0046|3|EA|246750|KRW|740250|20140630|1300|
C|005186|2014|50000822790001|001|4300001497|00050|UGCC0661|10|EA|38160|KRW|381600|20140630|1300|
C|005186|2014|50000822790002|001|4300001500|00100|UEBC0259|10|EA|6330|KRW|63300|20140630|1300|
C|005186|2014|50000822790003|001|4300001500|00120|UEBC0049|2|EA|266070|KRW|532140|20140630|1300|
C|005186|2014|50000822790004|001|4300001500|00210|UEBC0208|4|EA|113800|KRW|455200|20140630|1300|
C|005186|2014|50000822790005|001|4300001500|00220|UEBC0209|4|EA|164460|KRW|657840|20140630|1300|
C|005186|2014|50000822790006|001|4300001500|00230|UEBC0573|4|EA|246440|KRW|985760|20140630|1300|
C|005186|2014|50000822790007|001|4300001500|00250|UAHC0011|1|EA|72980|KRW|72980|20140630|1300|
C|005186|2014|50000822790008|001|4300001500|00290|UDAC0052|5|EA|215250|KRW|1076250|20140630|1300|
C|005186|2014|50000822790009|001|4300001500|00380|UEBC0030|10|EA|12130|KRW|121300|20140630|1300|
C|005186|2014|50000822790010|001|4300001500|00390|UEBC0017|10|EA|12130|KRW|121300|20140630|1300|
C|005186|2014|50000822790011|001|4300001500|00400|UEBC0004|10|EA|4610|KRW|46100|20140630|1300|
C|005186|2014|50000822790012|001|4300001500|00410|UEBC0008|10|EA|5360|KRW|53600|20140630|1300|
C|005186|2014|50000822790013|001|4300001500|00440|UDBC0488|50|EA|51|KRW|2550|20140630|1300|
C|005186|2014|50000822790014|001|4300001500|00510|UAIC0002|5|EA|3680|KRW|18400|20140630|1300|
C|005186|2014|50000822800001|001|4300001507|00010|UADC0013|6|EA|4800|KRW|28800|20140630|1300|
C|005186|2014|50000822800002|001|4300001507|00040|UFGC0017|60|EA|3500|KRW|210000|20140630|1300|
C|005186|2014|50000822800003|001|4300001507|00060|UBBC0006|1|EA|103370|KRW|103370|20140630|1300|
C|005186|2014|50000822800004|001|4300001507|00120|UHHC0138|2|EA|80850|KRW|161700|20140630|1300|
C|005186|2014|50000822800005|001|4300001509|00010|UKEC0091|20|EA|1270|KRW|25400|20140630|1300|
C|005186|2014|50000822800006|001|4300001509|00020|UEBC0577|6|EA|1580|KRW|9480|20140630|1300|
C|005186|2014|50000822800007|001|4300001509|00050|UHTC0246|20|EA|8470|KRW|169400|20140630|1300|
C|005186|2014|50000822800008|001|4300001509|00070|UAEC0029|35|EA|7500|KRW|262500|20140630|1300|
C|005186|2014|50000822800009|001|4300001509|00080|UAHC0052|1|EA|108000|KRW|108000|20140630|1300|
C|005186|2014|50000822800010|001|4300001509|00090|UEBC1163|8|EA|4130|KRW|33040|20140630|1300|
C|005186|2014|50000822800011|001|4300001509|00100|UAEC0405|2|EA|4810|KRW|9620|20140630|1300|
C|005186|2014|50000822800012|001|4300001509|00110|UCAC0048|1|EA|20210|KRW|20210|20140630|1300|
C|005186|2014|50000822800013|001|4300001509|00120|UJCC0043|5000|EA|70|KRW|350000|20140630|1300|
C|005186|2014|50000822800014|001|4300001509|00130|UICC0028|1|EA|7350|KRW|7350|20140630|1300|
C|005186|2014|50000822800015|001|4300001509|00150|UDBC0701|1|EA|6510|KRW|6510|20140630|1300|
C|005186|2014|50000822800016|001|4300001509|00160|UDBC0696|1|EA|9980|KRW|9980|20140630|1300|
C|005186|2014|50000822810001|001|4300001462|00450|UEAC0112|2|EA|347200|KRW|694400|20140630|1300|
C|005186|2014|50000822810002|001|4300001483|00180|UEAC0049|2|EA|308390|KRW|616780|20140630|1300|
C|005186|2014|50000822810003|001|4300001507|00070|UDBC0244|4|EA|172200|KRW|688800|20140630|1300|
C|005186|2014|50000822810004|001|4300001507|00080|UDBC0774|6|EA|110040|KRW|660240|20140630|1300|
C|005186|2014|50000822810005|001|4300001507|00090|UEBC0066|1|EA|938700|KRW|938700|20140630|1300|
C|005186|2014|50000822810006|001|4300001509|00030|UDAC0012|100|EA|4220|KRW|422000|20140630|1300|
C|005186|2014|50000822810007|001|4300001509|00040|UHTC0409|5|EA|296000|KRW|1480000|20140630|1300|
C|005186|2014|50000822810008|001|4300001509|00140|UCKC0010|1|EA|30450|KRW|30450|20140630|1300|
C|005186|2014|50000822820001|001|4300001500|00300|UDCC0003|1|EA|199500|KRW|199500|20140630|1300|
C|005186|2014|50000822820002|001|4300001500|00310|UDCC0032|1|EA|157500|KRW|157500|20140630|1300|
C|005186|2014|50000822830001|001|4300001534|00100|UHTC0502|1|EA|95800|KRW|95800|20140630|1300|
C|005186|2014|50000822830002|001|4300001534|00140|UEAC0153|20|EA|12000|KRW|240000|20140630|1300|
C|005186|2014|50000822830003|001|4300001534|00150|UAGC0453|2|EA|122500|KRW|245000|20140630|1300|
C|005186|2014|50000822830004|001|4300001534|00160|UCIC0058|1|EA|100600|KRW|100600|20140630|1300|
C|005186|2014|50000822830005|001|4300001534|00170|UCIC0057|1|EA|98300|KRW|98300|20140630|1300|
C|005186|2014|50000822830006|001|4300001534|00180|UAEC0387|4|EA|5470|KRW|21880|20140630|1300|
C|005186|2014|50000822830007|001|4300001534|00190|UAEC0395|1|EA|1300|KRW|1300|20140630|1300|
C|005186|2014|50000822830008|001|4300001534|00200|UAEC0209|6|EA|9100|KRW|54600|20140630|1300|
C|005186|2014|50000822830009|001|4300001534|00210|UAEC0210|6|EA|9100|KRW|54600|20140630|1300|
C|005186|2014|50000822830010|001|4300001534|00220|UAEC0030|6|EA|15750|KRW|94500|20140630|1300|
C|005186|2014|50000822830011|001|4300001534|00230|UAEC0078|2|EA|10530|KRW|21060|20140630|1300|
C|005186|2014|50000822830012|001|4300001534|00240|UAEC0035|2|EA|3470|KRW|6940|20140630|1300|
C|005186|2014|50000822830013|001|4300001534|00250|UAEC0034|2|EA|3470|KRW|6940|20140630|1300|
C|005186|2014|50000822830014|001|4300001534|00260|UAEC0046|1|EA|13760|KRW|13760|20140630|1300|
C|005186|2014|50000822840001|001|4300001534|00050|UHTC0244|20|EA|3500|KRW|70000|20140630|1300|
C|005186|2014|50000822840002|001|4300001534|00280|UHTC0246|30|EA|8470|KRW|254100|20140630|1300|
