C|005186|2018|50004556020001|001|4300011874|00040|CMD0016|4|EA|29000|KRW|116000|20181115|1300|
C|005186|2018|50004556030001|001|4300011872|00010|CMF0004|5|EA|17000|KRW|85000|20181115|1300|
C|005186|2018|50004556040001|001|4300011867|00030|CMB0002|40|EA|2100|KRW|84000|20181115|1300|
C|005186|2018|50004556040002|001|4300011867|00040|CMB0003|40|EA|2200|KRW|88000|20181115|1300|
C|005186|2018|50004556050001|001|4300011866|00030|CMD0016|3|EA|29000|KRW|87000|20181115|1300|
C|005186|2018|50004556050002|001|4300011866|00100|CMB0002|190|EA|2100|KRW|399000|20181115|1300|
C|005186|2018|50004556060001|001|4300011737|00040|CMA0017|10|EA|770|KRW|7700|20181115|1300|
C|005186|2018|50004556060002|001|4300011737|00050|CMD0011|4|EA|24100|KRW|96400|20181115|1300|
C|005186|2018|50004556060003|001|4300011737|00060|CMD0012|1|EA|22000|KRW|22000|20181115|1300|
C|005186|2018|50004556070001|001|4300011739|00030|CMA0017|10|EA|770|KRW|7700|20181115|1300|
C|005186|2018|50004556070002|001|4300011739|00040|CMB0011|120|EA|2220|KRW|266400|20181115|1300|
C|005186|2018|50004556070003|001|4300011739|00060|CME0013|2|EA|11880|KRW|23760|20181115|1300|
C|005186|2018|50004556080001|001|4300011738|00030|CMD0016|1|EA|29000|KRW|29000|20181115|1300|
C|005186|2018|50004556090001|001|4300011865|00020|CMD0011|4|EA|24100|KRW|96400|20181115|1300|
C|005186|2018|50004556090002|001|4300011865|00070|CMB0003|120|EA|2200|KRW|264000|20181115|1300|
C|005186|2018|50004556100001|001|4300011736|00010|CMD0001|7|EA|8000|KRW|56000|20181115|1300|
C|005186|2018|50004556110001|001|4300011876|00060|CMD0011|1|EA|24100|KRW|24100|20181115|1300|
C|005186|2018|50004556120001|001|4300011868|00010|CMD0016|16|EA|29000|KRW|464000|20181115|1300|
C|005186|2018|50004556130001|001|4300011871|00040|CMD0011|2|EA|24100|KRW|48200|20181115|1300|
C|005186|2018|50004556130002|001|4300011871|00050|CMD0016|3|EA|29000|KRW|87000|20181115|1300|
