C|005186|2020|50005565110001|001|4300016416|00010|UCAC0010|5|EA|19690|KRW|98450|20200327|1300|
C|005186|2020|50005565110002|001|4300016419|00030|UDBC0267|100|EA|7200|KRW|72000|20200327|1300|
C|005186|2020|50005565110003|001|4300016420|00060|UDEC0078|1|EA|58330|KRW|58330|20200327|1300|
C|005186|2020|50005565110004|001|4300016420|00080|UDDC0014|1|EA|31770|KRW|31770|20200327|1300|
C|005186|2020|50005565110005|001|4300016420|00090|UDEC0010|1|EA|247170|KRW|247170|20200327|1300|
C|005186|2020|50005565110006|001|4300016420|00120|UDEC0010|1|EA|247170|KRW|247170|20200327|1300|
C|005186|2020|50005565110007|001|4300016420|00130|UDEC0108|1|EA|43460|KRW|43460|20200327|1300|
C|005186|2020|50005565110008|001|4300016420|00150|UDEC0052|2|EA|111300|KRW|222600|20200327|1300|
C|005186|2020|50005565110009|001|4300016420|00160|UDEC0047|1|EA|85680|KRW|85680|20200327|1300|
C|005186|2020|50005565110010|001|4300016420|00180|UDEC0014|2|EA|58440|KRW|116880|20200327|1300|
C|005186|2020|50005565120001|001|4300016362|00030|UDBC0700|1|EA|11580|KRW|11580|20200327|1300|
C|005186|2020|50005565120002|001|4300016362|00040|UDBC0701|1|EA|6510|KRW|6510|20200327|1300|
C|005186|2020|50005565120003|001|4300016362|00050|UDBC0702|1|EA|8190|KRW|8190|20200327|1300|
C|005186|2020|50005565120004|001|4300016373|00080|UKEC0108|1|EA|137020|KRW|137020|20200327|1300|
C|005186|2020|50005565120005|001|4300016379|00040|UFKC0022|1|EA|75600|KRW|75600|20200327|1300|
C|005186|2020|50005565130001|001|4300016364|00030|UAEC0267|3|EA|6359|KRW|19077|20200327|1300|
C|005186|2020|50005565130002|001|4300016373|00060|UAEC0290|1|EA|6360|KRW|6360|20200327|1300|
C|005186|2020|50005565130003|001|4300016378|00040|UAEC0267|3|EA|6359|KRW|19077|20200327|1300|
C|005186|2020|50005565130004|001|4300016416|00060|UAEC0140|50|EA|20600|KRW|103000|20200327|1300|
C|005186|2020|50005565130005|001|4300016416|00070|UAAC0001|20|EA|18900|KRW|37800|20200327|1300|
C|005186|2020|50005565130006|001|4300016420|00020|UAEC0137|1|EA|46950|KRW|46950|20200327|1300|
C|005186|2020|50005565130007|001|4300016420|00030|UAEC0389|2|EA|14400|KRW|28800|20200327|1300|
C|005186|2020|50005565130008|001|4300016420|00040|UDFC0111|1|EA|7770|KRW|7770|20200327|1300|
C|005186|2020|50005565130009|001|4300016420|00140|UAEC0072|10|EA|12100|KRW|121000|20200327|1300|
C|005186|2020|50005565130010|001|4300016420|00200|UAHC0045|1|EA|91350|KRW|91350|20200327|1300|
