C|005186|2017|50003364110001|001|4300007290|00010|UHTC0806|2|EA|551200|KRW|1102400|20170414|1300|
C|005186|2017|50003364110002|001|4300007294|00050|UHHC0203|50|EA|28000|KRW|1400000|20170414|1300|
C|005186|2017|50003364120001|001|4300007237|00010|UDBC0820|1|EA|14950|KRW|14950|20170414|1300|
C|005186|2017|50003364120002|001|4300007258|00070|UDEC0045|30|EA|6752|KRW|202560|20170414|1300|
C|005186|2017|50003364120003|001|4300007258|00080|UGCC1040|2|EA|201400|KRW|402800|20170414|1300|
C|005186|2017|50003364120004|001|4300007258|00090|UGCC0388|2|EA|46730|KRW|93460|20170414|1300|
C|005186|2017|50003364120005|001|4300007259|00020|UDEC0067|1|EA|89250|KRW|89250|20170414|1300|
C|005186|2017|50003364120006|001|4300007259|00050|UDDC0028|3|EA|253160|KRW|759480|20170414|1300|
C|005186|2017|50003364120007|001|4300007259|00060|UGCC0194|2|EA|131250|KRW|262500|20170414|1300|
C|005186|2017|50003364120008|001|4300007259|00070|UGCC0196|2|EA|137000|KRW|274000|20170414|1300|
C|005186|2017|50003364120009|001|4300007278|00010|UGCC0630|1|EA|36750|KRW|36750|20170414|1300|
C|005186|2017|50003364120010|001|4300007278|00030|UKBC0010|2|EA|91480|KRW|182960|20170414|1300|
C|005186|2017|50003364120011|001|4300007278|00040|UFGC0008|5|EA|35180|KRW|175900|20170414|1300|
C|005186|2017|50003364120012|001|4300007278|00050|UAIC0002|10|EA|3680|KRW|36800|20170414|1300|
C|005186|2017|50003364120013|001|4300007278|00100|UEBC1033|6|EA|25050|KRW|150300|20170414|1300|
C|005186|2017|50003364120014|001|4300007278|00110|UDBC0447|300|EA|114|KRW|34200|20170414|1300|
C|005186|2017|50003364120015|001|4300007278|00120|UDBC0760|2000|EA|95|KRW|190000|20170414|1300|
C|005186|2017|50003364120016|001|4300007278|00130|UDBC0372|2000|EA|30|KRW|60000|20170414|1300|
C|005186|2017|50003364120017|001|4300007278|00140|UDBC0147|2000|EA|27|KRW|54000|20170414|1300|
C|005186|2017|50003364120018|001|4300007278|00150|UKGC0008|7|EA|2940|KRW|20580|20170414|1300|
C|005186|2017|50003364120019|001|4300007279|00010|UGBC1597|20|EA|600|KRW|12000|20170414|1300|
C|005186|2017|50003364120020|001|4300007279|00020|UGCC1204|1|EA|94900|KRW|94900|20170414|1300|
C|005186|2017|50003364120021|001|4300007279|00030|UDBC0974|20|EA|450|KRW|9000|20170414|1300|
C|005186|2017|50003364120022|001|4300007279|00040|UDBC0975|20|EA|660|KRW|13200|20170414|1300|
C|005186|2017|50003364120023|001|4300007279|00070|UEAC1117|2|EA|534300|KRW|1068600|20170414|1300|
C|005186|2017|50003364120024|001|4300007279|00080|UGCC1205|2|EA|39300|KRW|78600|20170414|1300|
C|005186|2017|50003364120025|001|4300007280|00010|UGCC1206|2|EA|242800|KRW|485600|20170414|1300|
C|005186|2017|50003364120026|001|4300007280|00020|UGCC1207|2|EA|85900|KRW|171800|20170414|1300|
C|005186|2017|50003364120027|001|4300007280|00030|UGCC1210|2|EA|365700|KRW|731400|20170414|1300|
C|005186|2017|50003364120028|001|4300007280|00040|UGBC1601|1|EA|74200|KRW|74200|20170414|1300|
C|005186|2017|50003364120029|001|4300007281|00010|UGCC1211|1|EA|1341000|KRW|1341000|20170414|1300|
C|005186|2017|50003364120030|001|4300007281|00020|UGBC1602|2|EA|17500|KRW|35000|20170414|1300|
C|005186|2017|50003364120031|001|4300007281|00030|UDBC0973|300|EA|15|KRW|4500|20170414|1300|
C|005186|2017|50003364120032|001|4300007281|00040|UADC0169|2|EA|4530|KRW|9060|20170414|1300|
C|005186|2017|50003364120033|001|4300007281|00050|UEBC1367|9|EA|33000|KRW|297000|20170414|1300|
C|005186|2017|50003364120034|001|4300007281|00070|UGCC1202|1|EA|66800|KRW|66800|20170414|1300|
C|005186|2017|50003364120035|001|4300007282|00010|UGCC1209|2|EA|865000|KRW|1730000|20170414|1300|
C|005186|2017|50003364120036|001|4300007283|00010|UGCC1212|1|EA|1052600|KRW|1052600|20170414|1300|
C|005186|2017|50003364120037|001|4300007283|00020|UGCC1198|1|EA|75300|KRW|75300|20170414|1300|
C|005186|2017|50003364120038|001|4300007283|00030|UGCC1199|1|EA|425100|KRW|425100|20170414|1300|
C|005186|2017|50003364120039|001|4300007283|00040|UADC0170|2|EA|4530|KRW|9060|20170414|1300|
C|005186|2017|50003364120040|001|4300007283|00050|UADC0171|2|EA|4530|KRW|9060|20170414|1300|
C|005186|2017|50003364120041|001|4300007283|00060|UADC0172|2|EA|4530|KRW|9060|20170414|1300|
C|005186|2017|50003364120042|001|4300007284|00010|CMD0016|2|EA|29000|KRW|58000|20170414|1300|
C|005186|2017|50003364120043|001|4300007285|00010|UGCC1211|1|EA|1341000|KRW|1341000|20170414|1300|
C|005186|2017|50003364120044|001|4300007285|00050|UGBC1590|2|EA|68900|KRW|137800|20170414|1300|
C|005186|2017|50003364120045|001|4300007285|00060|UGCC1187|5|EA|31800|KRW|159000|20170414|1300|
C|005186|2017|50003364120046|001|4300007285|00070|UDBC0965|100|EA|210|KRW|21000|20170414|1300|
C|005186|2017|50003364120047|001|4300007286|00010|UFIC0015|1|EA|801040|KRW|801040|20170414|1300|
C|005186|2017|50003364120048|001|4300007286|00020|UGCC1188|9|EA|79500|KRW|715500|20170414|1300|
C|005186|2017|50003364120049|001|4300007286|00040|UGCC1189|2|EA|40300|KRW|80600|20170414|1300|
C|005186|2017|50003364120050|001|4300007288|00080|UGBC1593|1|EA|127200|KRW|127200|20170414|1300|
C|005186|2017|50003364120051|001|4300007289|00040|UGCC1192|1|EA|162800|KRW|162800|20170414|1300|
C|005186|2017|50003364120052|001|4300007289|00050|UGCC1193|2|EA|229000|KRW|458000|20170414|1300|
C|005186|2017|50003364120053|001|4300007289|00060|UGCC1194|2|EA|37100|KRW|74200|20170414|1300|
C|005186|2017|50003364120054|001|4300007289|00070|UGCC1195|2|EA|28700|KRW|57400|20170414|1300|
C|005186|2017|50003364120055|001|4300007289|00080|UGCC1196|1|EA|78500|KRW|78500|20170414|1300|
C|005186|2017|50003364120056|001|4300007289|00090|UGCC1197|2|EA|53000|KRW|106000|20170414|1300|
C|005186|2017|50003364120057|001|4300007294|00020|UGCC0713|1|EA|35500|KRW|35500|20170414|1300|
C|005186|2017|50003364120058|001|4300007294|00040|UGCC0510|1|EA|41060|KRW|41060|20170414|1300|
C|005186|2017|50003364120059|001|4300007295|00010|UGCC0506|1|EA|24200|KRW|24200|20170414|1300|
C|005186|2017|50003364120060|001|4300007295|00030|UAEC0014|3|EA|9000|KRW|27000|20170414|1300|
C|005186|2017|50003364120061|001|4300007295|00040|UHTC0233|5|EA|29900|KRW|149500|20170414|1300|
C|005186|2017|50003364120062|001|4300007295|00050|UAGC0236|50|EA|3330|KRW|166500|20170414|1300|
C|005186|2017|50003364120063|001|4300007295|00060|UDBC0957|100|EA|4770|KRW|477000|20170414|1300|
C|005186|2017|50003364120064|001|4300007295|00070|UKBC0010|2|EA|91480|KRW|182960|20170414|1300|
C|005186|2017|50003364120065|001|4300007295|00080|UAGC0052|10|EA|2520|KRW|25200|20170414|1300|
C|005186|2017|50003364120066|001|4300007295|00090|UGBC0768|20|EA|609|KRW|12180|20170414|1300|
C|005186|2017|50003364120067|001|4300007295|00120|UDDC0147|1|EA|92400|KRW|92400|20170414|1300|
C|005186|2017|50003364120068|001|4300007295|00130|UKCC0003|20|EA|4520|KRW|90400|20170414|1300|
C|005186|2017|50003364120069|001|4300007295|00160|UIEC0059|10|EA|10100|KRW|101000|20170414|1300|
C|005186|2017|50003364120070|001|4300007295|00170|UAHC0038|30|EA|7660|KRW|229800|20170414|1300|
C|005186|2017|50003364120071|001|4300007295|00180|UAEC0048|1|EA|12600|KRW|12600|20170414|1300|
C|005186|2017|50003364120072|001|4300007295|00190|UHTC0486|1|EA|46410|KRW|46410|20170414|1300|
C|005186|2017|50003364130001|001|4300007258|00010|UEBC0589|4|EA|12720|KRW|50880|20170414|1300|
C|005186|2017|50003364130002|001|4300007258|00020|UDDC0342|2|EA|56840|KRW|113680|20170414|1300|
C|005186|2017|50003364130003|001|4300007258|00030|UDDC0044|4|EA|91350|KRW|365400|20170414|1300|
C|005186|2017|50003364130004|001|4300007258|00040|UDDC0366|4|EA|188700|KRW|754800|20170414|1300|
C|005186|2017|50003364130005|001|4300007258|00050|UAEC0035|1|EA|3470|KRW|3470|20170414|1300|
C|005186|2017|50003364130006|001|4300007258|00060|UAEC0038|1|EA|4520|KRW|4520|20170414|1300|
C|005186|2017|50003364130007|001|4300007259|00010|UEBC0825|4|EA|32260|KRW|129040|20170414|1300|
C|005186|2017|50003364130008|001|4300007259|00030|UEBC0818|20|EA|8430|KRW|168600|20170414|1300|
C|005186|2017|50003364130009|001|4300007278|00020|UAJC0030|30|EA|4200|KRW|126000|20170414|1300|
C|005186|2017|50003364130010|001|4300007278|00060|UKBC0010|2|EA|91480|KRW|182960|20170414|1300|
C|005186|2017|50003364130011|001|4300007278|00070|UEBC0663|6|EA|69930|KRW|419580|20170414|1300|
C|005186|2017|50003364130012|001|4300007278|00080|UEBC0791|10|EA|1350|KRW|13500|20170414|1300|
C|005186|2017|50003364130013|001|4300007278|00090|UEBC0792|10|EA|2600|KRW|26000|20170414|1300|
C|005186|2017|50003364130014|001|4300007278|00160|UEBC0357|10|EA|2250|KRW|22500|20170414|1300|
C|005186|2017|50003364130015|001|4300007278|00170|UEBC0358|10|EA|2460|KRW|24600|20170414|1300|
C|005186|2017|50003364130016|001|4300007278|00180|UEBC0359|10|EA|3810|KRW|38100|20170414|1300|
C|005186|2017|50003364130017|001|4300007279|00050|UEBC1369|2|EA|72100|KRW|144200|20170414|1300|
C|005186|2017|50003364130018|001|4300007279|00060|UEBC1370|1|EA|564000|KRW|564000|20170414|1300|
C|005186|2017|50003364130019|001|4300007280|00070|UEBC1366|10|EA|35000|KRW|350000|20170414|1300|
C|005186|2017|50003364130020|001|4300007281|00060|UCKC0129|10|EA|3100|KRW|31000|20170414|1300|
C|005186|2017|50003364130021|001|4300007283|00070|UEBC1368|4|EA|59400|KRW|237600|20170414|1300|
C|005186|2017|50003364130022|001|4300007285|00020|UEBC1363|10|EA|4900|KRW|49000|20170414|1300|
C|005186|2017|50003364130023|001|4300007285|00030|UDAC0368|10|EA|11700|KRW|117000|20170414|1300|
C|005186|2017|50003364130024|001|4300007285|00040|UDAC0369|10|EA|10100|KRW|101000|20170414|1300|
C|005186|2017|50003364130025|001|4300007286|00030|UEAC1115|1|EA|186600|KRW|186600|20170414|1300|
C|005186|2017|50003364130026|001|4300007286|00050|UDBC0966|10|EA|1910|KRW|19100|20170414|1300|
C|005186|2017|50003364130027|001|4300007286|00060|UDBC0967|10|EA|2230|KRW|22300|20170414|1300|
C|005186|2017|50003364130028|001|4300007287|00010|UEAC1114|1|EA|752600|KRW|752600|20170414|1300|
C|005186|2017|50003364130029|001|4300007287|00020|UCIC0209|1|EA|1230000|KRW|1230000|20170414|1300|
C|005186|2017|50003364130030|001|4300007288|00010|UDBC0968|2|EA|335000|KRW|670000|20170414|1300|
C|005186|2017|50003364130031|001|4300007288|00020|UDBC0969|1|EA|297000|KRW|297000|20170414|1300|
C|005186|2017|50003364130032|001|4300007288|00030|UDBC0970|2|EA|367000|KRW|734000|20170414|1300|
C|005186|2017|50003364130033|001|4300007288|00040|UDBC0971|1|EA|151600|KRW|151600|20170414|1300|
C|005186|2017|50003364130034|001|4300007288|00070|UDFC0192|3|EA|6600|KRW|19800|20170414|1300|
C|005186|2017|50003364130035|001|4300007289|00010|UGCC1190|10|EA|640|KRW|6400|20170414|1300|
C|005186|2017|50003364130036|001|4300007289|00020|UGCC1191|20|EA|850|KRW|17000|20170414|1300|
C|005186|2017|50003364130037|001|4300007289|00030|UEBC1364|1|EA|136000|KRW|136000|20170414|1300|
C|005186|2017|50003364130038|001|4300007295|00020|UCHC0003|1|EA|100000|KRW|100000|20170414|1300|
C|005186|2017|50003364130039|001|4300007295|00100|UEBC0792|20|EA|2600|KRW|52000|20170414|1300|
C|005186|2017|50003364130040|001|4300007295|00110|UEBC0791|30|EA|1350|KRW|40500|20170414|1300|
C|005186|2017|50003364130041|001|4300007295|00140|UEBC0775|20|EA|920|KRW|18400|20170414|1300|
C|005186|2017|50003364130042|001|4300007295|00150|UEBC0774|30|EA|515|KRW|15450|20170414|1300|
C|005186|2017|50003364140001|001|4300007259|00040|UJAC0048|1|EA|7880|KRW|7880|20170414|1300|
C|005186|2017|50003364150001|001|4300007280|00060|UDBC0972|2|EA|89300|KRW|178600|20170414|1300|
C|005186|2017|50003364160001|001|4300007329|00050|UGCC0630|1|EA|36750|KRW|36750|20170414|1300|
C|005186|2017|50003364160002|001|4300007329|00060|UKEC0017|1|EA|61200|KRW|61200|20170414|1300|
C|005186|2017|50003364160003|001|4300007329|00070|UKEC0021|1|EA|1520|KRW|1520|20170414|1300|
C|005186|2017|50003364170001|001|4300007301|00010|UHHC0081|1|EA|674100|KRW|674100|20170414|1300|
C|005186|2017|50003364170002|001|4300007301|00030|UHDC0125|3|EA|2100|KRW|6300|20170414|1300|
C|005186|2017|50003364170003|001|4300007301|00060|UHGC0318|3|EA|15900|KRW|47700|20170414|1300|
C|005186|2017|50003364170004|001|4300007301|00070|UHNC0046|2|EA|246750|KRW|493500|20170414|1300|
C|005186|2017|50003364170005|001|4300007301|00080|UHTC0145|5|EA|85050|KRW|425250|20170414|1300|
C|005186|2017|50003364170006|001|4300007301|00090|UHNC0080|1|EA|286320|KRW|286320|20170414|1300|
C|005186|2017|50003364170007|001|4300007303|00010|UHHC0073|200|M|7140|KRW|1428000|20170414|1300|
C|005186|2017|50003364170008|001|4300007303|00030|UHGC0317|1|EA|318000|KRW|318000|20170414|1300|
C|005186|2017|50003364170009|001|4300007304|00010|UEAC0184|5|EA|379480|KRW|1897400|20170414|1300|
C|005186|2017|50003364180001|001|4300007326|00010|UALC0118|6000|EA|110|KRW|660000|20170414|1300|
C|005186|2017|50003364180002|001|4300007326|00020|UALC0119|3000|EA|20|KRW|60000|20170414|1300|
C|005186|2017|50003364190001|001|4300007302|00010|UFFC0032|2|EA|165900|KRW|331800|20170414|1300|
C|005186|2017|50003364190002|001|4300007327|00010|UFGC0017|80|EA|3500|KRW|280000|20170414|1300|
C|005186|2017|50003364500001|001|4300007298|00010|UGCC1200|3|EA|110300|KRW|330900|20170414|1300|
C|005186|2017|50003364500002|001|4300007298|00020|UGCC1201|3|EA|150600|KRW|451800|20170414|1300|
C|005186|2017|50003364500003|001|4300007299|00050|UKEC0114|1|EA|42000|KRW|42000|20170414|1300|
C|005186|2017|50003364530001|001|4300007334|00060|UDBC0042|100|EA|306|KRW|30600|20170414|1300|
C|005186|2017|50003364530002|001|4300007334|00070|UGBC0789|30|EA|690|KRW|20700|20170414|1300|
C|005186|2017|50003364530003|001|4300007334|00080|UGBC0787|30|EA|720|KRW|21600|20170414|1300|
C|005186|2017|50003364530004|001|4300007334|00090|UGBC0761|30|EA|820|KRW|24600|20170414|1300|
C|005186|2017|50003364530005|001|4300007334|00100|UGBC0762|30|EA|1030|KRW|30900|20170414|1300|
C|005186|2017|50003364530006|001|4300007334|00110|UDBC0581|500|EA|22|KRW|11000|20170414|1300|
C|005186|2017|50003364530007|001|4300007335|00010|UDBC0592|500|EA|21|KRW|10500|20170414|1300|
C|005186|2017|50003364530008|001|4300007335|00020|UDBC0595|500|EA|22|KRW|11000|20170414|1300|
C|005186|2017|50003364530009|001|4300007335|00030|UDBC0607|500|EA|37|KRW|18500|20170414|1300|
C|005186|2017|50003364530010|001|4300007369|00010|UDBC0392|100|EA|190|KRW|19000|20170414|1300|
C|005186|2017|50003364530011|001|4300007369|00020|UDBC0393|100|EA|230|KRW|23000|20170414|1300|
C|005186|2017|50003364530012|001|4300007369|00030|UDBC0302|200|EA|32|KRW|6400|20170414|1300|
C|005186|2017|50003364530013|001|4300007369|00040|UDBC0306|200|EA|24|KRW|4800|20170414|1300|
C|005186|2017|50003364530014|001|4300007369|00050|UDBC0737|200|EA|16|KRW|3200|20170414|1300|
C|005186|2017|50003364530015|001|4300007369|00060|UDBC0719|200|EA|19|KRW|3800|20170414|1300|
C|005186|2017|50003364530016|001|4300007369|00070|UDBC0722|200|EA|30|KRW|6000|20170414|1300|
C|005186|2017|50003364530017|001|4300007369|00080|UDBC0725|200|EA|42|KRW|8400|20170414|1300|
C|005186|2017|50003364530018|001|4300007369|00090|UDBC0344|200|EA|47|KRW|9400|20170414|1300|
C|005186|2017|50003364530019|001|4300007369|00100|UDBC0620|200|EA|57|KRW|11400|20170414|1300|
C|005186|2017|50003364530020|001|4300007369|00110|UDBC0626|200|EA|75|KRW|15000|20170414|1300|
C|005186|2017|50003364530021|001|4300007369|00120|UDBC0794|200|EA|77|KRW|15400|20170414|1300|
C|005186|2017|50003364530022|001|4300007369|00130|UDBC0527|100|EA|127|KRW|12700|20170414|1300|
C|005186|2017|50003364530023|001|4300007369|00140|UDBC0529|100|EA|143|KRW|14300|20170414|1300|
C|005186|2017|50003364530024|001|4300007369|00150|UDBC0531|100|EA|148|KRW|14800|20170414|1300|
C|005186|2017|50003364530025|001|4300007369|00160|UDBC0563|50|EA|340|KRW|17000|20170414|1300|
C|005186|2017|50003364530026|001|4300007369|00170|UDBC0564|50|EA|347|KRW|17350|20170414|1300|
C|005186|2017|50003364530027|001|4300007369|00180|UDBC0418|500|EA|68|KRW|34000|20170414|1300|
C|005186|2017|50003364530028|001|4300007369|00190|UDBC0422|500|EA|69|KRW|34500|20170414|1300|
C|005186|2017|50003364530029|001|4300007369|00200|UDBC0431|500|EA|90|KRW|45000|20170414|1300|
C|005186|2017|50003364530030|001|4300007369|00220|UDBC0440|500|EA|87|KRW|43500|20170414|1300|
C|005186|2017|50003364530031|001|4300007369|00240|UDBC0446|500|EA|108|KRW|54000|20170414|1300|
C|005186|2017|50003364530032|001|4300007370|00010|UDBC0433|500|EA|90|KRW|45000|20170414|1300|
C|005186|2017|50003364530033|001|4300007370|00020|UDBC0442|500|EA|70|KRW|35000|20170414|1300|
C|005186|2017|50003364530034|001|4300007370|00030|UDBC0583|500|EA|22|KRW|11000|20170414|1300|
C|005186|2017|50003364560001|001|4300007300|00010|UAIC0015|3|EA|192650|KRW|577950|20170414|1300|
C|005186|2017|50003364560002|001|4300007372|00070|UEBC0436|6|EA|18950|KRW|113700|20170414|1300|
C|005186|2017|50003364560003|001|4300007372|00080|UGCC0510|1|EA|41060|KRW|41060|20170414|1300|
C|005186|2017|50003364560004|001|4300007372|00100|UEBC0507|50|EA|6384|KRW|319200|20170414|1300|
C|005186|2017|50003364560005|001|4300007372|00110|UKBC0013|10|EA|1910|KRW|19100|20170414|1300|
C|005186|2017|50003364560006|001|4300007376|00050|UALC0117|100|EA|1260|KRW|126000|20170414|1300|
C|005186|2017|50003364560007|001|4300007377|00030|UKCC0003|1|EA|4520|KRW|4520|20170414|1300|
C|005186|2017|50003364560008|001|4300007377|00040|UDBC0702|1|EA|8190|KRW|8190|20170414|1300|
C|005186|2017|50003364560009|001|4300007377|00050|UEBC0436|15|EA|18950|KRW|284250|20170414|1300|
C|005186|2017|50003364560010|001|4300007377|00070|UKBC0010|2|EA|91480|KRW|182960|20170414|1300|
C|005186|2017|50003364560011|001|4300007377|00120|UEBC0468|6|EA|8250|KRW|49500|20170414|1300|
C|005186|2017|50003364560012|001|4300007377|00130|UEBC0494|1|EA|4770|KRW|4770|20170414|1300|
C|005186|2017|50003364560013|001|4300007377|00150|UEBC0491|2|EA|4370|KRW|8740|20170414|1300|
C|005186|2017|50003364560014|001|4300007377|00170|UICC0034|1|EA|23100|KRW|23100|20170414|1300|
C|005186|2017|50003364560015|001|4300007377|00190|UDBC0170|200|EA|27|KRW|5400|20170414|1300|
C|005186|2017|50003364560016|001|4300007378|00010|UDFC0015|10|EA|178080|KRW|1780800|20170414|1300|
C|005186|2017|50003364560017|001|4300007379|00010|UEBC0460|3|EA|2630|KRW|7890|20170414|1300|
C|005186|2017|50003364560018|001|4300007379|00020|UKBC0010|2|EA|91480|KRW|182960|20170414|1300|
C|005186|2017|50003364560019|001|4300007380|00010|UZZC0003|13|EA|27160|KRW|353080|20170414|1300|
C|005186|2017|50003364590001|001|4300007382|00010|CMD0016|8|EA|29000|KRW|232000|20170414|1300|
C|005186|2017|50003364590002|001|4300007382|00020|CMD0011|1|EA|24100|KRW|24100|20170414|1300|
C|005186|2017|50003364590003|001|4300007383|00010|CMD0016|1|EA|29000|KRW|29000|20170414|1300|
