C|005186|2015|50001722500001|001|4300003187|00010|CMA0001|200|EA|240|KRW|48000|20150731|1300|
C|005186|2015|50001722500002|001|4300003187|00020|CMA0007|100|EA|270|KRW|27000|20150731|1300|
C|005186|2015|50001722500003|001|4300003187|00030|CMB0001|150|EA|655|KRW|98250|20150731|1300|
C|005186|2015|50001722500004|001|4300003187|00040|CMB0010|70|EA|1100|KRW|77000|20150731|1300|
C|005186|2015|50001722500005|001|4300003187|00060|CMZ0006|3|EA|1155|KRW|3465|20150731|1300|
C|005186|2015|50001722500006|001|4300003188|00010|CMA0001|150|EA|240|KRW|36000|20150731|1300|
C|005186|2015|50001722500007|001|4300003188|00020|CMA0008|150|EA|690|KRW|103500|20150731|1300|
C|005186|2015|50001722500008|001|4300003188|00030|CMB0001|80|EA|655|KRW|52400|20150731|1300|
C|005186|2015|50001722500009|001|4300003188|00040|CMC0005|42|EA|190|KRW|7980|20150731|1300|
C|005186|2015|50001722500010|001|4300003188|00050|CME0010|20|EA|285|KRW|5700|20150731|1300|
C|005186|2015|50001722500011|001|4300003189|00010|CMA0001|600|EA|240|KRW|144000|20150731|1300|
C|005186|2015|50001722500012|001|4300003189|00020|CMA0005|70|EA|2470|KRW|172900|20150731|1300|
C|005186|2015|50001722500013|001|4300003189|00030|CMA0007|150|EA|270|KRW|40500|20150731|1300|
C|005186|2015|50001722500014|001|4300003189|00040|CMA0008|50|EA|690|KRW|34500|20150731|1300|
C|005186|2015|50001722500015|001|4300003189|00050|CMA0016|50|EA|2840|KRW|142000|20150731|1300|
C|005186|2015|50001722500016|001|4300003189|00070|CMB0001|60|EA|655|KRW|39300|20150731|1300|
C|005186|2015|50001722500017|001|4300003189|00080|CMB0002|100|EA|2420|KRW|242000|20150731|1300|
C|005186|2015|50001722500018|001|4300003189|00090|CMB0007|20|EA|925|KRW|18500|20150731|1300|
C|005186|2015|50001722500019|001|4300003189|00100|CMB0010|60|EA|1100|KRW|66000|20150731|1300|
C|005186|2015|50001722500020|001|4300003189|00110|CMC0003|50|EA|340|KRW|17000|20150731|1300|
C|005186|2015|50001722500021|001|4300003189|00120|CMC0005|50|EA|190|KRW|9500|20150731|1300|
C|005186|2015|50001722500022|001|4300003189|00130|CME0001|20|EA|4910|KRW|98200|20150731|1300|
C|005186|2015|50001722500023|001|4300003189|00140|CME0002|100|EA|2300|KRW|230000|20150731|1300|
C|005186|2015|50001722500024|001|4300003189|00150|CME0010|200|EA|285|KRW|57000|20150731|1300|
C|005186|2015|50001722500025|001|4300003189|00190|CMZ0002|20|EA|430|KRW|8600|20150731|1300|
C|005186|2015|50001722500026|001|4300003189|00210|CMZ0004|20|EA|380|KRW|7600|20150731|1300|
C|005186|2015|50001722500027|001|4300003190|00010|CMA0001|120|EA|240|KRW|28800|20150731|1300|
C|005186|2015|50001722500028|001|4300003190|00020|CMA0007|70|EA|270|KRW|18900|20150731|1300|
C|005186|2015|50001722500029|001|4300003190|00030|CMA0008|40|EA|690|KRW|27600|20150731|1300|
C|005186|2015|50001722500030|001|4300003190|00040|CMA0016|10|EA|2840|KRW|28400|20150731|1300|
C|005186|2015|50001722500031|001|4300003190|00060|CMB0003|50|EA|2420|KRW|121000|20150731|1300|
C|005186|2015|50001722500032|001|4300003190|00070|CMB0010|20|EA|1100|KRW|22000|20150731|1300|
C|005186|2015|50001722500033|001|4300003190|00080|CME0001|11|EA|4910|KRW|54010|20150731|1300|
C|005186|2015|50001722500034|001|4300003190|00090|CME0006|3|EA|3400|KRW|10200|20150731|1300|
C|005186|2015|50001722500035|001|4300003190|00100|CME0010|10|EA|285|KRW|2850|20150731|1300|
C|005186|2015|50001722500036|001|4300003190|00150|CMG0001|10|EA|1840|KRW|18400|20150731|1300|
C|005186|2015|50001722500037|001|4300003190|00170|CMZ0004|10|EA|380|KRW|3800|20150731|1300|
C|005186|2015|50001722500038|001|4300003190|00180|CMZ0005|20|EA|750|KRW|15000|20150731|1300|
C|005186|2015|50001722500039|001|4300003191|00010|CMA0001|600|EA|240|KRW|144000|20150731|1300|
C|005186|2015|50001722500040|001|4300003191|00020|CMA0007|150|EA|270|KRW|40500|20150731|1300|
C|005186|2015|50001722500041|001|4300003191|00030|CMA0008|200|EA|690|KRW|138000|20150731|1300|
C|005186|2015|50001722500042|001|4300003191|00040|CMB0001|100|EA|655|KRW|65500|20150731|1300|
C|005186|2015|50001722500043|001|4300003191|00050|CMB0003|160|EA|2420|KRW|387200|20150731|1300|
C|005186|2015|50001722500044|001|4300003191|00060|CMB0010|150|EA|1100|KRW|165000|20150731|1300|
C|005186|2015|50001722500045|001|4300003191|00090|CME0010|30|EA|285|KRW|8550|20150731|1300|
C|005186|2015|50001722500046|001|4300003191|00100|CMG0001|50|EA|1840|KRW|92000|20150731|1300|
C|005186|2015|50001722500047|001|4300003191|00110|CMZ0002|60|EA|430|KRW|25800|20150731|1300|
C|005186|2015|50001722500048|001|4300003192|00010|CMA0001|200|EA|240|KRW|48000|20150731|1300|
C|005186|2015|50001722500049|001|4300003192|00030|CMA0007|250|EA|270|KRW|67500|20150731|1300|
C|005186|2015|50001722500050|001|4300003192|00040|CMA0008|20|EA|690|KRW|13800|20150731|1300|
C|005186|2015|50001722500051|001|4300003192|00050|CMA0016|20|EA|2840|KRW|56800|20150731|1300|
C|005186|2015|50001722500052|001|4300003192|00060|CMB0002|100|EA|2420|KRW|242000|20150731|1300|
C|005186|2015|50001722500053|001|4300003192|00070|CMC0005|10|EA|190|KRW|1900|20150731|1300|
C|005186|2015|50001722500054|001|4300003192|00080|CME0001|12|EA|4910|KRW|58920|20150731|1300|
C|005186|2015|50001722500055|001|4300003192|00090|CME0010|20|EA|285|KRW|5700|20150731|1300|
C|005186|2015|50001722500056|001|4300003192|00160|CMZ0001|12|EA|765|KRW|9180|20150731|1300|
C|005186|2015|50001722500057|001|4300003192|00170|CMZ0004|10|EA|380|KRW|3800|20150731|1300|
C|005186|2015|50001722500058|001|4300003193|00010|CMZ0001|10|EA|765|KRW|7650|20150731|1300|
C|005186|2015|50001722500059|001|4300003193|00020|CMZ0002|10|EA|430|KRW|4300|20150731|1300|
C|005186|2015|50001722500060|001|4300003193|00030|CMB0002|60|EA|2420|KRW|145200|20150731|1300|
C|005186|2015|50001722500061|001|4300003193|00040|CMB0003|60|EA|2420|KRW|145200|20150731|1300|
C|005186|2015|50001722500062|001|4300003193|00050|CMB0001|60|EA|655|KRW|39300|20150731|1300|
C|005186|2015|50001722500063|001|4300003193|00060|CMC0005|30|EA|190|KRW|5700|20150731|1300|
C|005186|2015|50001722500064|001|4300003193|00070|CMC0002|3|EA|9350|KRW|28050|20150731|1300|
C|005186|2015|50001722500065|001|4300003193|00080|CMA0001|200|EA|240|KRW|48000|20150731|1300|
C|005186|2015|50001722500066|001|4300003193|00090|CMA0007|100|EA|270|KRW|27000|20150731|1300|
C|005186|2015|50001722500067|001|4300003193|00100|CMA0008|120|EA|690|KRW|82800|20150731|1300|
C|005186|2015|50001722500068|001|4300003197|00010|CMA0001|500|EA|240|KRW|120000|20150731|1300|
C|005186|2015|50001722500069|001|4300003197|00020|CMA0007|150|EA|270|KRW|40500|20150731|1300|
C|005186|2015|50001722500070|001|4300003197|00030|CMA0008|50|EA|690|KRW|34500|20150731|1300|
C|005186|2015|50001722500071|001|4300003197|00040|CMA0015|150|EA|2830|KRW|424500|20150731|1300|
C|005186|2015|50001722500072|001|4300003197|00050|CMA0016|150|EA|2840|KRW|426000|20150731|1300|
C|005186|2015|50001722500073|001|4300003197|00060|CMB0007|60|EA|925|KRW|55500|20150731|1300|
C|005186|2015|50001722500074|001|4300003197|00070|CMB0010|480|EA|1100|KRW|528000|20150731|1300|
C|005186|2015|50001722500075|001|4300003197|00080|CMC0003|50|EA|340|KRW|17000|20150731|1300|
C|005186|2015|50001722500076|001|4300003197|00090|CMC0005|200|EA|190|KRW|38000|20150731|1300|
C|005186|2015|50001722500077|001|4300003197|00100|CMD0001|5|EA|9555|KRW|47775|20150731|1300|
C|005186|2015|50001722500078|001|4300003197|00120|CME0002|50|EA|2300|KRW|115000|20150731|1300|
C|005186|2015|50001722500079|001|4300003197|00130|CME0008|20|EA|4410|KRW|88200|20150731|1300|
C|005186|2015|50001722500080|001|4300003197|00140|CME0010|100|EA|285|KRW|28500|20150731|1300|
C|005186|2015|50001722500081|001|4300003198|00010|CMA0001|250|EA|240|KRW|60000|20150731|1300|
C|005186|2015|50001722500082|001|4300003198|00020|CMA0007|50|EA|270|KRW|13500|20150731|1300|
C|005186|2015|50001722500083|001|4300003198|00030|CMA0016|30|EA|2840|KRW|85200|20150731|1300|
C|005186|2015|50001722500084|001|4300003198|00040|CMB0001|160|EA|655|KRW|104800|20150731|1300|
C|005186|2015|50001722500085|001|4300003198|00050|CMB0003|40|EA|2420|KRW|96800|20150731|1300|
C|005186|2015|50001722500086|001|4300003199|00010|CMA0001|400|EA|240|KRW|96000|20150731|1300|
C|005186|2015|50001722500087|001|4300003199|00020|CMA0007|300|EA|270|KRW|81000|20150731|1300|
C|005186|2015|50001722500088|001|4300003199|00030|CMB0010|240|EA|1100|KRW|264000|20150731|1300|
C|005186|2015|50001722500089|001|4300003199|00060|CME0010|80|EA|285|KRW|22800|20150731|1300|
C|005186|2015|50001722500090|001|4300003201|00010|CMA0001|600|EA|240|KRW|144000|20150731|1300|
C|005186|2015|50001722500091|001|4300003201|00020|CMA0007|300|EA|270|KRW|81000|20150731|1300|
C|005186|2015|50001722500092|001|4300003201|00030|CMA0008|300|EA|690|KRW|207000|20150731|1300|
C|005186|2015|50001722500093|001|4300003201|00040|CMA0016|100|EA|2840|KRW|284000|20150731|1300|
C|005186|2015|50001722500094|001|4300003201|00050|CMB0001|300|EA|655|KRW|196500|20150731|1300|
C|005186|2015|50001722500095|001|4300003201|00060|CMB0010|300|EA|1100|KRW|330000|20150731|1300|
C|005186|2015|50001722500096|001|4300003201|00070|CMC0005|300|EA|190|KRW|57000|20150731|1300|
C|005186|2015|50001722500097|001|4300003201|00080|CME0010|200|EA|285|KRW|57000|20150731|1300|
C|005186|2015|50001722500098|001|4300003201|00100|CMZ0006|30|EA|1155|KRW|34650|20150731|1300|
C|005186|2015|50001722500099|001|4300003206|00010|CMD0001|14|EA|9555|KRW|133770|20150731|1300|
C|005186|2015|50001722500100|001|4300003206|00020|CMA0001|300|EA|240|KRW|72000|20150731|1300|
C|005186|2015|50001722500101|001|4300003206|00030|CMA0007|100|EA|270|KRW|27000|20150731|1300|
C|005186|2015|50001722500102|001|4300003206|00040|CMA0015|200|EA|2830|KRW|566000|20150731|1300|
C|005186|2015|50001722500103|001|4300003206|00050|CMA0016|150|EA|2840|KRW|426000|20150731|1300|
C|005186|2015|50001722500104|001|4300003206|00060|CMB0001|240|EA|655|KRW|157200|20150731|1300|
C|005186|2015|50001722500105|001|4300003206|00070|CMB0002|120|EA|2420|KRW|290400|20150731|1300|
C|005186|2015|50001722500106|001|4300003206|00080|CMC0005|100|EA|190|KRW|19000|20150731|1300|
C|005186|2015|50001722500107|001|4300003206|00090|CME0001|20|EA|4910|KRW|98200|20150731|1300|
C|005186|2015|50001722500108|001|4300003206|00100|CME0006|20|EA|3400|KRW|68000|20150731|1300|
C|005186|2015|50001722500109|001|4300003206|00110|CME0008|20|EA|4410|KRW|88200|20150731|1300|
C|005186|2015|50001722500110|001|4300003206|00120|CME0010|100|EA|285|KRW|28500|20150731|1300|
C|005186|2015|50001722510001|001|4300003187|00070|CMZ0032|3|EA|1970|KRW|5910|20150731|1300|
C|005186|2015|50001722510002|001|4300003188|00060|CMF0001|2|EA|1680|KRW|3360|20150731|1300|
C|005186|2015|50001722510003|001|4300003188|00070|CMF0020|2|EA|700|KRW|1400|20150731|1300|
C|005186|2015|50001722510004|001|4300003189|00060|CMA0017|50|EA|780|KRW|39000|20150731|1300|
C|005186|2015|50001722510005|001|4300003189|00170|CMF0006|1|EA|11970|KRW|11970|20150731|1300|
C|005186|2015|50001722510006|001|4300003189|00180|CMH0007|2|EA|11700|KRW|23400|20150731|1300|
C|005186|2015|50001722510007|001|4300003189|00200|CMZ0003|1|EA|1470|KRW|1470|20150731|1300|
C|005186|2015|50001722510008|001|4300003190|00050|CMA0017|5|EA|780|KRW|3900|20150731|1300|
C|005186|2015|50001722510009|001|4300003190|00110|CMF0001|5|EA|1680|KRW|8400|20150731|1300|
C|005186|2015|50001722510010|001|4300003190|00120|CMF0004|2|EA|22050|KRW|44100|20150731|1300|
C|005186|2015|50001722510011|001|4300003190|00140|CMF0006|20|EA|11970|KRW|239400|20150731|1300|
C|005186|2015|50001722510012|001|4300003190|00160|CMH0007|1|EA|11700|KRW|11700|20150731|1300|
C|005186|2015|50001722510013|001|4300003190|00190|CMZ0014|1|EA|23300|KRW|23300|20150731|1300|
C|005186|2015|50001722510014|001|4300003190|00200|CMZ0032|2|EA|1970|KRW|3940|20150731|1300|
C|005186|2015|50001722510015|001|4300003191|00120|CMZ0014|1|EA|23300|KRW|23300|20150731|1300|
C|005186|2015|50001722510016|001|4300003192|00020|CMA0002|20|EA|1530|KRW|30600|20150731|1300|
C|005186|2015|50001722510017|001|4300003192|00110|CMF0006|1|EA|11970|KRW|11970|20150731|1300|
C|005186|2015|50001722510018|001|4300003192|00120|CMF0009|2|EA|5700|KRW|11400|20150731|1300|
C|005186|2015|50001722510019|001|4300003192|00130|CMF0013|10|EA|760|KRW|7600|20150731|1300|
C|005186|2015|50001722510020|001|4300003192|00140|CMF0021|2|EA|5400|KRW|10800|20150731|1300|
C|005186|2015|50001722510021|001|4300003192|00150|CMH0007|3|EA|11700|KRW|35100|20150731|1300|
C|005186|2015|50001722510022|001|4300003197|00150|CMF0001|10|EA|1680|KRW|16800|20150731|1300|
C|005186|2015|50001722510023|001|4300003197|00160|CMF0004|6|EA|22050|KRW|132300|20150731|1300|
C|005186|2015|50001722510024|001|4300003197|00180|CMF0009|10|EA|5700|KRW|57000|20150731|1300|
C|005186|2015|50001722510025|001|4300003197|00190|CMF0021|10|EA|5400|KRW|54000|20150731|1300|
C|005186|2015|50001722510026|001|4300003197|00200|CMH0007|6|EA|11700|KRW|70200|20150731|1300|
C|005186|2015|50001722510027|001|4300003197|00210|CMZ0014|3|EA|23300|KRW|69900|20150731|1300|
C|005186|2015|50001722510028|001|4300003198|00060|CMF0003|5|EA|1820|KRW|9100|20150731|1300|
C|005186|2015|50001722510029|001|4300003198|00080|CMH0007|1|EA|11700|KRW|11700|20150731|1300|
C|005186|2015|50001722510030|001|4300003198|00090|CMZ0014|1|EA|23300|KRW|23300|20150731|1300|
C|005186|2015|50001722510031|001|4300003199|00070|CMF0004|3|EA|22050|KRW|66150|20150731|1300|
C|005186|2015|50001722510032|001|4300003199|00090|CMF0006|10|EA|11970|KRW|119700|20150731|1300|
C|005186|2015|50001722510033|001|4300003199|00100|CMF0013|10|EA|760|KRW|7600|20150731|1300|
C|005186|2015|50001722510034|001|4300003199|00110|CMF0020|20|EA|700|KRW|14000|20150731|1300|
C|005186|2015|50001722510035|001|4300003201|00090|CMF0021|10|EA|5400|KRW|54000|20150731|1300|
C|005186|2015|50001722510036|001|4300003206|00130|CMZ0014|2|EA|23300|KRW|46600|20150731|1300|
C|005186|2015|50001722520001|001|4300003132|00010|CMD0012|1|EA|29400|KRW|29400|20150731|1300|
C|005186|2015|50001722520002|001|4300003184|00010|CMA0001|60|EA|240|KRW|14400|20150731|1300|
C|005186|2015|50001722520003|001|4300003184|00020|CMA0007|60|EA|270|KRW|16200|20150731|1300|
C|005186|2015|50001722520004|001|4300003184|00030|CMB0010|50|EA|1100|KRW|55000|20150731|1300|
C|005186|2015|50001722520005|001|4300003184|00040|CMZ0014|1|EA|23300|KRW|23300|20150731|1300|
C|005186|2015|50001722520006|001|4300003184|00060|CMZ0007|10|EA|330|KRW|3300|20150731|1300|
C|005186|2015|50001722520007|001|4300003184|00070|CMA0002|1|EA|1530|KRW|1530|20150731|1300|
C|005186|2015|50001722520008|001|4300003184|00080|CME0004|2|EA|11550|KRW|23100|20150731|1300|
C|005186|2015|50001722520009|001|4300003185|00010|CMA0001|80|EA|240|KRW|19200|20150731|1300|
C|005186|2015|50001722520010|001|4300003185|00020|CMA0007|220|EA|270|KRW|59400|20150731|1300|
C|005186|2015|50001722520011|001|4300003185|00030|CMH0007|1|EA|11700|KRW|11700|20150731|1300|
C|005186|2015|50001722520012|001|4300003185|00040|CMB0001|20|EA|655|KRW|13100|20150731|1300|
C|005186|2015|50001722520013|001|4300003185|00050|CMB0010|80|EA|1100|KRW|88000|20150731|1300|
C|005186|2015|50001722520014|001|4300003185|00060|CMC0003|5|EA|340|KRW|1700|20150731|1300|
C|005186|2015|50001722520015|001|4300003185|00080|CME0010|20|EA|285|KRW|5700|20150731|1300|
C|005186|2015|50001722520016|001|4300003185|00090|CMZ0032|3|EA|1970|KRW|5910|20150731|1300|
C|005186|2015|50001722520017|001|4300003186|00010|CMA0001|80|EA|240|KRW|19200|20150731|1300|
C|005186|2015|50001722520018|001|4300003186|00020|CMA0007|40|EA|270|KRW|10800|20150731|1300|
C|005186|2015|50001722520019|001|4300003186|00030|CMA0008|40|EA|690|KRW|27600|20150731|1300|
C|005186|2015|50001722520020|001|4300003186|00040|CMB0010|40|EA|1100|KRW|44000|20150731|1300|
C|005186|2015|50001722520021|001|4300003186|00050|CME0010|40|EA|285|KRW|11400|20150731|1300|
C|005186|2015|50001722520022|001|4300003186|00070|CMA0017|5|EA|780|KRW|3900|20150731|1300|
C|005186|2015|50001722520023|001|4300003186|00080|CME0001|10|EA|4910|KRW|49100|20150731|1300|
C|005186|2015|50001722520024|001|4300003186|00090|CMH0007|2|EA|11700|KRW|23400|20150731|1300|
C|005186|2015|50001722520025|001|4300003195|00010|CMD0001|7|EA|9555|KRW|66885|20150731|1300|
C|005186|2015|50001722520026|001|4300003195|00030|CMA0001|60|EA|240|KRW|14400|20150731|1300|
C|005186|2015|50001722520027|001|4300003195|00050|CMA0014|100|EA|380|KRW|38000|20150731|1300|
C|005186|2015|50001722520028|001|4300003207|00010|CMA0001|600|EA|240|KRW|144000|20150731|1300|
C|005186|2015|50001722520029|001|4300003207|00020|CMA0007|50|EA|270|KRW|13500|20150731|1300|
C|005186|2015|50001722520030|001|4300003207|00030|CMA0017|10|EA|780|KRW|7800|20150731|1300|
C|005186|2015|50001722520031|001|4300003207|00040|CME0010|150|EA|285|KRW|42750|20150731|1300|
C|005186|2015|50001722520032|001|4300003207|00050|CME0013|2|EA|20300|KRW|40600|20150731|1300|
C|005186|2015|50001722520033|001|4300003207|00070|CMH0007|1|EA|11700|KRW|11700|20150731|1300|
