C|005186|2019|50005016410001|001|4300013899|00030|CMD0016|11|EA|29000|KRW|319000|20190626|1300|
C|005186|2019|50005016410002|001|4300013899|00040|CMD0011|28|EA|24100|KRW|674800|20190626|1300|
C|005186|2019|50005016410003|001|4300013899|00050|CMC0003|30|EA|310|KRW|9300|20190626|1300|
C|005186|2019|50005016410004|001|4300013899|00080|CMA0017|50|EA|770|KRW|38500|20190626|1300|
C|005186|2019|50005016410005|001|4300013899|00090|CMC0005|50|EA|150|KRW|7500|20190626|1300|
C|005186|2019|50005016410006|001|4300013899|00110|CMB0003|100|EA|2200|KRW|220000|20190626|1300|
C|005186|2019|50005016410007|001|4300013899|00120|CMB0001|100|EA|520|KRW|52000|20190626|1300|
C|005186|2019|50005016410008|001|4300013899|00130|CME0002|150|EA|1100|KRW|165000|20190626|1300|
C|005186|2019|50005016410009|001|4300013899|00140|CMB0002|200|EA|2100|KRW|420000|20190626|1300|
C|005186|2019|50005016410010|001|4300013899|00160|CMA0007|300|EA|151|KRW|45300|20190626|1300|
C|005186|2019|50005016410011|001|4300013899|00170|CMA0001|800|EA|151|KRW|120800|20190626|1300|
C|005186|2019|50005016430001|001|4300013899|00020|CMC0002|3|EA|10300|KRW|30900|20190626|1300|
C|005186|2019|50005016450001|001|4300013900|00010|CMF0004|1|EA|17000|KRW|17000|20190626|1300|
C|005186|2019|50005016450002|001|4300013900|00020|CMF0005|2|EA|18700|KRW|37400|20190626|1300|
C|005186|2019|50005016450003|001|4300013900|00040|CME0008|5|EA|1950|KRW|9750|20190626|1300|
C|005186|2019|50005016450004|001|4300013900|00060|CMF0002|10|EA|860|KRW|8600|20190626|1300|
C|005186|2019|50005016450005|001|4300013900|00090|CMH0004|10|EA|600|KRW|6000|20190626|1300|
C|005186|2019|50005016450006|001|4300013900|00100|CMH0006|10|EA|460|KRW|4600|20190626|1300|
C|005186|2019|50005016450007|001|4300013900|00110|CMH0005|10|EA|720|KRW|7200|20190626|1300|
C|005186|2019|50005016450008|001|4300013900|00140|CMA0008|100|EA|470|KRW|47000|20190626|1300|
C|005186|2019|50005016450009|001|4300013900|00150|CMC0005|300|EA|150|KRW|45000|20190626|1300|
C|005186|2019|50005016450010|001|4300013900|00160|CMB0001|200|EA|520|KRW|104000|20190626|1300|
C|005186|2019|50005016450011|001|4300013900|00170|CMA0007|500|EA|151|KRW|75500|20190626|1300|
C|005186|2019|50005016450012|001|4300013900|00190|CMA0001|800|EA|151|KRW|120800|20190626|1300|
C|005186|2019|50005016470001|001|4300013890|00010|CMA0028|13|EA|7350|KRW|95550|20190626|1300|
C|005186|2019|50005016470002|001|4300013890|00020|CMA0001|200|EA|151|KRW|30200|20190626|1300|
C|005186|2019|50005016470003|001|4300013890|00030|CMA0007|100|EA|151|KRW|15100|20190626|1300|
C|005186|2019|50005016470004|001|4300013890|00040|CMA0008|100|EA|470|KRW|47000|20190626|1300|
C|005186|2019|50005016470005|001|4300013890|00060|CMD0016|3|EA|29000|KRW|87000|20190626|1300|
C|005186|2019|50005016490001|001|4300013895|00010|CMA0001|120|EA|151|KRW|18120|20190626|1300|
C|005186|2019|50005016490002|001|4300013895|00020|CMA0007|60|EA|151|KRW|9060|20190626|1300|
C|005186|2019|50005016490003|001|4300013895|00030|CMA0008|60|EA|470|KRW|28200|20190626|1300|
C|005186|2019|50005016490004|001|4300013895|00040|CMA0017|15|EA|770|KRW|11550|20190626|1300|
C|005186|2019|50005016490005|001|4300013895|00050|CMB0001|35|EA|520|KRW|18200|20190626|1300|
C|005186|2019|50005016490006|001|4300013895|00080|CME0008|10|EA|1950|KRW|19500|20190626|1300|
C|005186|2019|50005016490007|001|4300013895|00100|CMF0005|3|EA|18700|KRW|56100|20190626|1300|
C|005186|2019|50005016490008|001|4300013895|00110|CMZ0004|10|EA|220|KRW|2200|20190626|1300|
C|005186|2019|50005016510001|001|4300013894|00020|CMA0001|500|EA|151|KRW|75500|20190626|1300|
C|005186|2019|50005016510002|001|4300013894|00030|CMA0007|50|EA|151|KRW|7550|20190626|1300|
C|005186|2019|50005016510003|001|4300013894|00040|CMA0017|15|EA|770|KRW|11550|20190626|1300|
C|005186|2019|50005016510004|001|4300013894|00080|CMF0005|3|EA|18700|KRW|56100|20190626|1300|
C|005186|2019|50005016510005|001|4300013894|00090|CMB0011|120|EA|2220|KRW|266400|20190626|1300|
C|005186|2019|50005016520001|001|4300013903|00040|CMD0001|6|EA|8000|KRW|48000|20190626|1300|
C|005186|2019|50005016530001|001|4300013892|00010|CMA0007|120|EA|151|KRW|18120|20190626|1300|
C|005186|2019|50005016530002|001|4300013892|00030|CMD0016|1|EA|29000|KRW|29000|20190626|1300|
C|005186|2019|50005016540001|001|4300013911|00010|CMA0028|2|EA|7350|KRW|14700|20190626|1300|
C|005186|2019|50005016540002|001|4300013911|00030|CMD0011|3|EA|24100|KRW|72300|20190626|1300|
C|005186|2019|50005016540003|001|4300013911|00040|CMA0002|10|EA|1440|KRW|14400|20190626|1300|
C|005186|2019|50005016540004|001|4300013911|00070|CMA0008|50|EA|470|KRW|23500|20190626|1300|
C|005186|2019|50005016540005|001|4300013911|00080|CMB0003|100|EA|2200|KRW|220000|20190626|1300|
C|005186|2019|50005016540006|001|4300013911|00090|CMA0007|150|EA|151|KRW|22650|20190626|1300|
C|005186|2019|50005016540007|001|4300013911|00100|CMA0001|180|EA|151|KRW|27180|20190626|1300|
C|005186|2019|50005016550001|001|4300013902|00020|CMD0011|5|EA|24100|KRW|120500|20190626|1300|
C|005186|2019|50005016550002|001|4300013902|00060|CMB0003|80|EA|2200|KRW|176000|20190626|1300|
C|005186|2019|50005016550003|001|4300013902|00070|CMA0008|100|EA|470|KRW|47000|20190626|1300|
C|005186|2019|50005016550004|001|4300013902|00080|CMB0001|100|EA|520|KRW|52000|20190626|1300|
C|005186|2019|50005016550005|001|4300013902|00090|CMA0007|160|EA|151|KRW|24160|20190626|1300|
C|005186|2019|50005016550006|001|4300013902|00100|CMA0001|350|EA|151|KRW|52850|20190626|1300|
C|005186|2019|50005016560001|001|4300013893|00010|CMA0001|60|EA|151|KRW|9060|20190626|1300|
C|005186|2019|50005016560002|001|4300013893|00020|CMA0007|200|EA|151|KRW|30200|20190626|1300|
C|005186|2019|50005016560003|001|4300013893|00030|CMB0001|20|EA|520|KRW|10400|20190626|1300|
C|005186|2019|50005016560004|001|4300013893|00050|CMD0016|3|EA|29000|KRW|87000|20190626|1300|
C|005186|2019|50005016560005|001|4300013893|00080|CMZ0032|3|EA|1300|KRW|3900|20190626|1300|
C|005186|2019|50005016570001|001|4300013891|00010|CMA0007|50|EA|151|KRW|7550|20190626|1300|
C|005186|2019|50005016570002|001|4300013891|00030|CMD0016|1|EA|29000|KRW|29000|20190626|1300|
C|005186|2019|50005016570003|001|4300013891|00040|CMD0016|1|EA|29000|KRW|29000|20190626|1300|
C|005186|2019|50005016580001|001|4300013897|00030|CMD0016|11|EA|29000|KRW|319000|20190626|1300|
C|005186|2019|50005016590001|001|4300013634|00010|CMA0007|100|EA|151|KRW|15100|20190626|1300|
C|005186|2019|50005016590002|001|4300013636|00010|CMA0001|130|EA|151|KRW|19630|20190626|1300|
C|005186|2019|50005016590003|001|4300013636|00020|CMA0007|70|EA|151|KRW|10570|20190626|1300|
C|005186|2019|50005016590004|001|4300013636|00030|CMA0008|70|EA|470|KRW|32900|20190626|1300|
C|005186|2019|50005016590005|001|4300013637|00010|CMA0001|60|EA|151|KRW|9060|20190626|1300|
C|005186|2019|50005016590006|001|4300013637|00020|CMA0007|200|EA|151|KRW|30200|20190626|1300|
C|005186|2019|50005016590007|001|4300013638|00050|CMA0001|200|EA|151|KRW|30200|20190626|1300|
C|005186|2019|50005016590008|001|4300013638|00060|CMA0007|100|EA|151|KRW|15100|20190626|1300|
C|005186|2019|50005016590009|001|4300013639|00040|CMA0001|100|EA|151|KRW|15100|20190626|1300|
C|005186|2019|50005016590010|001|4300013639|00050|CMA0007|300|EA|151|KRW|45300|20190626|1300|
C|005186|2019|50005016590011|001|4300013701|00040|CMA0001|500|EA|151|KRW|75500|20190626|1300|
C|005186|2019|50005016590012|001|4300013701|00050|CMA0007|50|EA|151|KRW|7550|20190626|1300|
C|005186|2019|50005016590013|001|4300013701|00080|CME0013|2|EA|11880|KRW|23760|20190626|1300|
C|005186|2019|50005016600001|001|4300013622|00030|CME0013|5|EA|11880|KRW|59400|20190626|1300|
C|005186|2019|50005016600002|001|4300013622|00060|CME0005|10|EA|2600|KRW|26000|20190626|1300|
C|005186|2019|50005016600003|001|4300013622|00130|CMA0008|100|EA|470|KRW|47000|20190626|1300|
C|005186|2019|50005016600004|001|4300013622|00180|CMA0007|500|EA|151|KRW|75500|20190626|1300|
C|005186|2019|50005016600005|001|4300013622|00190|CMA0001|800|EA|151|KRW|120800|20190626|1300|
C|005186|2019|50005016600006|001|4300013628|00100|CMA0007|300|EA|151|KRW|45300|20190626|1300|
C|005186|2019|50005016600007|001|4300013628|00120|CMA0001|800|EA|151|KRW|120800|20190626|1300|
C|005186|2019|50005016600008|001|4300013629|00020|CMC0002|3|EA|10300|KRW|30900|20190626|1300|
C|005186|2019|50005016600009|001|4300013629|00060|CMA0008|50|EA|470|KRW|23500|20190626|1300|
C|005186|2019|50005016600010|001|4300013629|00140|CMA0007|400|EA|151|KRW|60400|20190626|1300|
C|005186|2019|50005016600011|001|4300013629|00150|CMA0001|800|EA|151|KRW|120800|20190626|1300|
C|005186|2019|50005016600012|001|4300013630|00110|CMA0001|200|EA|151|KRW|30200|20190626|1300|
C|005186|2019|50005016600013|001|4300013630|00120|CMA0007|200|EA|151|KRW|30200|20190626|1300|
C|005186|2019|50005016600014|001|4300013630|00140|CMC0002|10|EA|10300|KRW|103000|20190626|1300|
C|005186|2019|50005016600015|001|4300013631|00110|CMA0007|100|EA|151|KRW|15100|20190626|1300|
C|005186|2019|50005016600016|001|4300013631|00120|CMA0001|150|EA|151|KRW|22650|20190626|1300|
C|005186|2019|50005016600017|001|4300013631|00180|CMA0008|50|EA|470|KRW|23500|20190626|1300|
C|005186|2019|50005016600018|001|4300013632|00030|CMA0001|100|EA|151|KRW|15100|20190626|1300|
C|005186|2019|50005016600019|001|4300013633|00010|CMA0001|30|EA|151|KRW|4530|20190626|1300|
C|005186|2019|50005016600020|001|4300013633|00020|CMA0007|40|EA|151|KRW|6040|20190626|1300|
C|005186|2019|50005016600021|001|4300013640|00080|CMA0007|100|EA|151|KRW|15100|20190626|1300|
C|005186|2019|50005016600022|001|4300013640|00090|CMA0008|100|EA|470|KRW|47000|20190626|1300|
C|005186|2019|50005016600023|001|4300013640|00110|CMA0001|250|EA|151|KRW|37750|20190626|1300|
C|005186|2019|50005016600024|001|4300013641|00110|CMA0008|100|EA|470|KRW|47000|20190626|1300|
C|005186|2019|50005016600025|001|4300013641|00120|CMA0007|200|EA|151|KRW|30200|20190626|1300|
C|005186|2019|50005016600026|001|4300013641|00130|CMA0001|300|EA|151|KRW|45300|20190626|1300|
C|005186|2019|50005016600027|001|4300013643|00100|CMA0001|350|EA|151|KRW|52850|20190626|1300|
C|005186|2019|50005016600028|001|4300013643|00110|CMA0007|350|EA|151|KRW|52850|20190626|1300|
C|005186|2019|50005016600029|001|4300013644|00050|CMA0008|60|EA|470|KRW|28200|20190626|1300|
C|005186|2019|50005016600030|001|4300013644|00070|CMA0007|150|EA|151|KRW|22650|20190626|1300|
C|005186|2019|50005016600031|001|4300013644|00100|CMA0001|400|EA|151|KRW|60400|20190626|1300|
C|005186|2019|50005016600032|001|4300013644|00110|CMA0007|100|EA|151|KRW|15100|20190626|1300|
C|005186|2019|50005016600033|001|4300013702|00070|CMA0008|50|EA|470|KRW|23500|20190626|1300|
C|005186|2019|50005016600034|001|4300013702|00090|CMA0007|150|EA|151|KRW|22650|20190626|1300|
C|005186|2019|50005016600035|001|4300013702|00100|CMA0001|180|EA|151|KRW|27180|20190626|1300|
C|005186|2019|50005016600036|001|4300013702|00110|CMA0007|100|EA|151|KRW|15100|20190626|1300|
C|005186|2019|50005016610001|001|4300013905|00050|CME0002|20|EA|1100|KRW|22000|20190626|1300|
C|005186|2019|50005016610002|001|4300013905|00060|CMA0007|100|EA|151|KRW|15100|20190626|1300|
C|005186|2019|50005016610003|001|4300013905|00090|CMA0001|200|EA|151|KRW|30200|20190626|1300|
C|005186|2019|50005016610004|001|4300013905|00100|CMB0001|240|EA|520|KRW|124800|20190626|1300|
C|005186|2019|50005016620001|001|4300013907|00010|CMF0004|2|EA|17000|KRW|34000|20190626|1300|
C|005186|2019|50005016620002|001|4300013907|00020|CMC0005|250|EA|150|KRW|37500|20190626|1300|
C|005186|2019|50005016620003|001|4300013907|00030|CMD0017|6|EA|23760|KRW|142560|20190626|1300|
C|005186|2019|50005016620004|001|4300013907|00040|CMF0005|5|EA|18700|KRW|93500|20190626|1300|
C|005186|2019|50005016620005|001|4300013907|00050|CME0008|40|EA|1950|KRW|78000|20190626|1300|
C|005186|2019|50005016620006|001|4300013907|00060|CME0002|100|EA|1100|KRW|110000|20190626|1300|
C|005186|2019|50005016620007|001|4300013907|00090|CMA0007|200|EA|151|KRW|30200|20190626|1300|
C|005186|2019|50005016620008|001|4300013907|00110|CMA0001|800|EA|151|KRW|120800|20190626|1300|
C|005186|2019|50005016630001|001|4300013906|00030|CMF0005|2|EA|18700|KRW|37400|20190626|1300|
C|005186|2019|50005016630002|001|4300013906|00050|CMF0008|5|EA|1620|KRW|8100|20190626|1300|
C|005186|2019|50005016630003|001|4300013906|00080|CMB0003|20|EA|2200|KRW|44000|20190626|1300|
C|005186|2019|50005016630004|001|4300013906|00090|CMB0001|80|EA|520|KRW|41600|20190626|1300|
C|005186|2019|50005016630005|001|4300013906|00100|CMA0007|100|EA|151|KRW|15100|20190626|1300|
C|005186|2019|50005016630006|001|4300013906|00110|CMA0001|150|EA|151|KRW|22650|20190626|1300|
C|005186|2019|50005016630007|001|4300013906|00120|CMC0005|200|EA|150|KRW|30000|20190626|1300|
C|005186|2019|50005016640001|001|4300013909|00020|CMA0028|8|EA|7350|KRW|58800|20190626|1300|
C|005186|2019|50005016640002|001|4300013909|00030|CMA0001|100|EA|151|KRW|15100|20190626|1300|
C|005186|2019|50005016640003|001|4300013909|00040|CMA0007|300|EA|151|KRW|45300|20190626|1300|
C|005186|2019|50005016640004|001|4300013909|00050|CMD0016|2|EA|29000|KRW|58000|20190626|1300|
C|005186|2019|50005016650001|001|4300013908|00010|CMD0016|1|EA|29000|KRW|29000|20190626|1300|
C|005186|2019|50005016650002|001|4300013908|00020|CMF0005|2|EA|18700|KRW|37400|20190626|1300|
C|005186|2019|50005016650003|001|4300013908|00030|CMF0004|4|EA|17000|KRW|68000|20190626|1300|
C|005186|2019|50005016650004|001|4300013908|00050|CMF0003|10|EA|2020|KRW|20200|20190626|1300|
C|005186|2019|50005016650005|001|4300013908|00070|CMA0017|20|EA|770|KRW|15400|20190626|1300|
C|005186|2019|50005016650006|001|4300013908|00100|CMA0008|100|EA|470|KRW|47000|20190626|1300|
C|005186|2019|50005016650007|001|4300013908|00110|CMA0007|150|EA|151|KRW|22650|20190626|1300|
C|005186|2019|50005016650008|001|4300013908|00130|CMA0001|400|EA|151|KRW|60400|20190626|1300|
