C|005186|2016|50002228050001|001|4300004416|00010|CMA0001|400|EA|240|KRW|96000|20160130|1300|
C|005186|2016|50002228050002|001|4300004416|00020|CMA0006|20|EA|2270|KRW|45400|20160130|1300|
C|005186|2016|50002228050003|001|4300004416|00030|CMA0007|300|EA|270|KRW|81000|20160130|1300|
C|005186|2016|50002228050004|001|4300004416|00040|CMB0010|240|EA|1100|KRW|264000|20160130|1300|
C|005186|2016|50002228050005|001|4300004416|00050|CMC0005|200|EA|190|KRW|38000|20160130|1300|
C|005186|2016|50002228050006|001|4300004416|00070|CME0010|100|EA|285|KRW|28500|20160130|1300|
C|005186|2016|50002228050007|001|4300004416|00080|CMF0001|20|EA|1680|KRW|33600|20160130|1300|
C|005186|2016|50002228050008|001|4300004416|00090|CMF0004|5|EA|22050|KRW|110250|20160130|1300|
C|005186|2016|50002228050009|001|4300004416|00110|CMF0007|10|EA|1780|KRW|17800|20160130|1300|
C|005186|2016|50002228050010|001|4300004416|00120|CMF0013|10|EA|760|KRW|7600|20160130|1300|
C|005186|2016|50002228050011|001|4300004416|00130|CMH0007|5|EA|11700|KRW|58500|20160130|1300|
C|005186|2016|50002228050012|001|4300004417|00010|CMA0001|500|EA|240|KRW|120000|20160130|1300|
C|005186|2016|50002228050013|001|4300004417|00020|CMA0007|200|EA|270|KRW|54000|20160130|1300|
C|005186|2016|50002228050014|001|4300004417|00030|CMA0016|150|EA|2840|KRW|426000|20160130|1300|
C|005186|2016|50002228050015|001|4300004417|00040|CMB0010|480|EA|1100|KRW|528000|20160130|1300|
C|005186|2016|50002228050016|001|4300004417|00050|CMC0003|50|EA|340|KRW|17000|20160130|1300|
C|005186|2016|50002228050017|001|4300004417|00060|CMC0005|200|EA|190|KRW|38000|20160130|1300|
C|005186|2016|50002228050018|001|4300004417|00070|CME0001|30|EA|4910|KRW|147300|20160130|1300|
C|005186|2016|50002228050019|001|4300004417|00080|CMF0004|4|EA|22050|KRW|88200|20160130|1300|
C|005186|2016|50002228050020|001|4300004417|00090|CMF0007|10|EA|1780|KRW|17800|20160130|1300|
C|005186|2016|50002228050021|001|4300004417|00100|CMF0008|10|EA|1785|KRW|17850|20160130|1300|
C|005186|2016|50002228050022|001|4300004417|00110|CMF0009|10|EA|5700|KRW|57000|20160130|1300|
C|005186|2016|50002228050023|001|4300004417|00120|CMF0020|5|EA|700|KRW|3500|20160130|1300|
C|005186|2016|50002228050024|001|4300004417|00130|CMF0021|10|EA|5400|KRW|54000|20160130|1300|
C|005186|2016|50002228050025|001|4300004417|00140|CMH0007|6|EA|11700|KRW|70200|20160130|1300|
C|005186|2016|50002228050026|001|4300004417|00150|CMZ0005|20|EA|750|KRW|15000|20160130|1300|
C|005186|2016|50002228050027|001|4300004417|00160|CMZ0014|1|EA|23300|KRW|23300|20160130|1300|
C|005186|2016|50002228050028|001|4300004418|00010|CMA0001|250|EA|240|KRW|60000|20160130|1300|
C|005186|2016|50002228050029|001|4300004418|00020|CMA0007|50|EA|270|KRW|13500|20160130|1300|
C|005186|2016|50002228050030|001|4300004418|00030|CMA0016|30|EA|2840|KRW|85200|20160130|1300|
C|005186|2016|50002228050031|001|4300004418|00040|CMB0001|100|EA|655|KRW|65500|20160130|1300|
C|005186|2016|50002228050032|001|4300004418|00050|CMB0010|60|EA|1100|KRW|66000|20160130|1300|
C|005186|2016|50002228050033|001|4300004418|00070|CMH0007|1|EA|11700|KRW|11700|20160130|1300|
C|005186|2016|50002228050034|001|4300004418|00080|CMZ0014|1|EA|23300|KRW|23300|20160130|1300|
C|005186|2016|50002228050035|001|4300004419|00010|CMA0001|300|EA|240|KRW|72000|20160130|1300|
C|005186|2016|50002228050036|001|4300004419|00020|CMA0007|100|EA|270|KRW|27000|20160130|1300|
C|005186|2016|50002228050037|001|4300004419|00030|CMA0008|50|EA|690|KRW|34500|20160130|1300|
C|005186|2016|50002228050038|001|4300004419|00040|CMA0015|100|EA|2830|KRW|283000|20160130|1300|
C|005186|2016|50002228050039|001|4300004419|00050|CMA0016|150|EA|2840|KRW|426000|20160130|1300|
C|005186|2016|50002228050040|001|4300004419|00060|CMB0001|240|EA|655|KRW|157200|20160130|1300|
C|005186|2016|50002228050041|001|4300004419|00070|CMB0002|120|EA|2420|KRW|290400|20160130|1300|
C|005186|2016|50002228050042|001|4300004419|00080|CMC0003|100|EA|340|KRW|34000|20160130|1300|
C|005186|2016|50002228050043|001|4300004419|00090|CMC0005|100|EA|190|KRW|19000|20160130|1300|
C|005186|2016|50002228050044|001|4300004419|00120|CME0001|20|EA|4910|KRW|98200|20160130|1300|
C|005186|2016|50002228050045|001|4300004419|00130|CME0002|20|EA|2300|KRW|46000|20160130|1300|
C|005186|2016|50002228050046|001|4300004419|00140|CME0003|10|EA|5400|KRW|54000|20160130|1300|
C|005186|2016|50002228050047|001|4300004419|00150|CME0006|10|EA|3400|KRW|34000|20160130|1300|
C|005186|2016|50002228050048|001|4300004419|00160|CME0010|100|EA|285|KRW|28500|20160130|1300|
C|005186|2016|50002228050049|001|4300004419|00170|CMF0013|10|EA|760|KRW|7600|20160130|1300|
C|005186|2016|50002228050050|001|4300004419|00180|CMZ0004|40|EA|380|KRW|15200|20160130|1300|
C|005186|2016|50002228050051|001|4300004419|00190|CMZ0014|1|EA|23300|KRW|23300|20160130|1300|
C|005186|2016|50002228050052|001|4300004420|00010|CMZ0009|20|EA|740|KRW|14800|20160130|1300|
C|005186|2016|50002228050053|001|4300004420|00020|CMZ0001|10|EA|765|KRW|7650|20160130|1300|
C|005186|2016|50002228050054|001|4300004420|00030|CMZ0002|10|EA|430|KRW|4300|20160130|1300|
C|005186|2016|50002228050055|001|4300004420|00040|CMZ0005|20|EA|750|KRW|15000|20160130|1300|
C|005186|2016|50002228050056|001|4300004420|00050|CMZ0004|20|EA|380|KRW|7600|20160130|1300|
C|005186|2016|50002228050057|001|4300004420|00060|CMB0010|60|EA|1100|KRW|66000|20160130|1300|
C|005186|2016|50002228050058|001|4300004420|00070|CMB0002|40|EA|2420|KRW|96800|20160130|1300|
C|005186|2016|50002228050059|001|4300004420|00080|CMB0003|40|EA|2420|KRW|96800|20160130|1300|
C|005186|2016|50002228050060|001|4300004420|00090|CMB0001|100|EA|655|KRW|65500|20160130|1300|
C|005186|2016|50002228050061|001|4300004420|00100|CMC0005|20|EA|190|KRW|3800|20160130|1300|
C|005186|2016|50002228050062|001|4300004420|00110|CMC0002|3|EA|9350|KRW|28050|20160130|1300|
C|005186|2016|50002228050063|001|4300004420|00120|CME0002|10|EA|2300|KRW|23000|20160130|1300|
C|005186|2016|50002228050064|001|4300004420|00130|CME0010|80|EA|285|KRW|22800|20160130|1300|
C|005186|2016|50002228050065|001|4300004420|00140|CMA0001|240|EA|240|KRW|57600|20160130|1300|
C|005186|2016|50002228050066|001|4300004420|00150|CMA0007|100|EA|270|KRW|27000|20160130|1300|
C|005186|2016|50002228050067|001|4300004420|00160|CMA0008|200|EA|690|KRW|138000|20160130|1300|
C|005186|2016|50002228050068|001|4300004420|00170|CMF0021|5|EA|5400|KRW|27000|20160130|1300|
C|005186|2016|50002228050069|001|4300004420|00180|CMF0006|1|EA|11970|KRW|11970|20160130|1300|
C|005186|2016|50002228050070|001|4300004420|00190|CMF0001|6|EA|1680|KRW|10080|20160130|1300|
C|005186|2016|50002228050071|001|4300004421|00010|CMA0001|200|EA|240|KRW|48000|20160130|1300|
C|005186|2016|50002228050072|001|4300004421|00020|CMA0007|250|EA|270|KRW|67500|20160130|1300|
C|005186|2016|50002228050073|001|4300004421|00030|CMA0016|20|EA|2840|KRW|56800|20160130|1300|
C|005186|2016|50002228050074|001|4300004421|00040|CMB0002|100|EA|2420|KRW|242000|20160130|1300|
C|005186|2016|50002228050075|001|4300004421|00050|CMC0005|15|EA|190|KRW|2850|20160130|1300|
C|005186|2016|50002228050076|001|4300004421|00060|CME0001|13|EA|4910|KRW|63830|20160130|1300|
C|005186|2016|50002228050077|001|4300004421|00070|CMF0001|3|EA|1680|KRW|5040|20160130|1300|
C|005186|2016|50002228050078|001|4300004421|00080|CMF0006|1|EA|11970|KRW|11970|20160130|1300|
C|005186|2016|50002228050079|001|4300004421|00090|CMF0007|2|EA|1780|KRW|3560|20160130|1300|
C|005186|2016|50002228050080|001|4300004421|00100|CMF0008|4|EA|1785|KRW|7140|20160130|1300|
C|005186|2016|50002228050081|001|4300004421|00110|CMZ0001|2|EA|765|KRW|1530|20160130|1300|
C|005186|2016|50002228050082|001|4300004421|00120|CMZ0004|10|EA|380|KRW|3800|20160130|1300|
C|005186|2016|50002228050083|001|4300004421|00130|CMZ0005|10|EA|750|KRW|7500|20160130|1300|
C|005186|2016|50002228050084|001|4300004422|00010|CMA0001|600|EA|240|KRW|144000|20160130|1300|
C|005186|2016|50002228050085|001|4300004422|00020|CMA0007|100|EA|270|KRW|27000|20160130|1300|
C|005186|2016|50002228050086|001|4300004422|00030|CMA0008|200|EA|690|KRW|138000|20160130|1300|
C|005186|2016|50002228050087|001|4300004422|00040|CMA0016|10|EA|2840|KRW|28400|20160130|1300|
C|005186|2016|50002228050088|001|4300004422|00050|CMB0001|200|EA|655|KRW|131000|20160130|1300|
C|005186|2016|50002228050089|001|4300004422|00060|CMB0003|100|EA|2420|KRW|242000|20160130|1300|
C|005186|2016|50002228050090|001|4300004422|00070|CMB0010|150|EA|1100|KRW|165000|20160130|1300|
C|005186|2016|50002228050091|001|4300004422|00080|CMC0005|200|EA|190|KRW|38000|20160130|1300|
C|005186|2016|50002228050092|001|4300004422|00090|CME0010|50|EA|285|KRW|14250|20160130|1300|
C|005186|2016|50002228050093|001|4300004422|00100|CMF0001|5|EA|1680|KRW|8400|20160130|1300|
C|005186|2016|50002228050094|001|4300004422|00110|CMF0003|5|EA|1820|KRW|9100|20160130|1300|
C|005186|2016|50002228050095|001|4300004422|00120|CMF0006|5|EA|11970|KRW|59850|20160130|1300|
C|005186|2016|50002228050096|001|4300004422|00130|CMF0020|10|EA|700|KRW|7000|20160130|1300|
C|005186|2016|50002228050097|001|4300004422|00140|CMZ0004|50|EA|380|KRW|19000|20160130|1300|
C|005186|2016|50002228050098|001|4300004422|00150|CMZ0005|500|EA|750|KRW|375000|20160130|1300|
C|005186|2016|50002228050099|001|4300004422|00160|CMZ0006|5|EA|1155|KRW|5775|20160130|1300|
C|005186|2016|50002228050100|001|4300004422|00170|CMZ0015|1|EA|15500|KRW|15500|20160130|1300|
C|005186|2016|50002228050101|001|4300004423|00010|CMA0001|150|EA|240|KRW|36000|20160130|1300|
C|005186|2016|50002228050102|001|4300004423|00020|CMA0003|20|EA|950|KRW|19000|20160130|1300|
C|005186|2016|50002228050103|001|4300004423|00030|CMA0007|110|EA|270|KRW|29700|20160130|1300|
C|005186|2016|50002228050104|001|4300004423|00040|CMA0016|10|EA|2840|KRW|28400|20160130|1300|
C|005186|2016|50002228050105|001|4300004423|00050|CMA0017|30|EA|780|KRW|23400|20160130|1300|
C|005186|2016|50002228050106|001|4300004423|00060|CMB0003|50|EA|2420|KRW|121000|20160130|1300|
C|005186|2016|50002228050107|001|4300004423|00080|CME0001|11|EA|4910|KRW|54010|20160130|1300|
C|005186|2016|50002228050108|001|4300004423|00090|CMF0004|1|EA|22050|KRW|22050|20160130|1300|
C|005186|2016|50002228050109|001|4300004423|00110|CMF0006|2|EA|11970|KRW|23940|20160130|1300|
C|005186|2016|50002228050110|001|4300004423|00120|CMZ0014|1|EA|23300|KRW|23300|20160130|1300|
C|005186|2016|50002228050111|001|4300004424|00010|CMA0001|600|EA|240|KRW|144000|20160130|1300|
C|005186|2016|50002228050112|001|4300004424|00020|CMA0007|400|EA|270|KRW|108000|20160130|1300|
C|005186|2016|50002228050113|001|4300004424|00030|CMA0008|400|EA|690|KRW|276000|20160130|1300|
C|005186|2016|50002228050114|001|4300004424|00040|CMA0016|100|EA|2840|KRW|284000|20160130|1300|
C|005186|2016|50002228050115|001|4300004424|00050|CMB0001|300|EA|655|KRW|196500|20160130|1300|
C|005186|2016|50002228050116|001|4300004424|00060|CMB0010|200|EA|1100|KRW|220000|20160130|1300|
C|005186|2016|50002228050117|001|4300004424|00070|CMC0005|300|EA|190|KRW|57000|20160130|1300|
C|005186|2016|50002228050118|001|4300004424|00080|CME0010|200|EA|285|KRW|57000|20160130|1300|
C|005186|2016|50002228050119|001|4300004424|00090|CMF0001|10|EA|1680|KRW|16800|20160130|1300|
C|005186|2016|50002228050120|001|4300004424|00100|CMF0002|10|EA|1100|KRW|11000|20160130|1300|
C|005186|2016|50002228050121|001|4300004424|00110|CMF0004|2|EA|22050|KRW|44100|20160130|1300|
C|005186|2016|50002228050122|001|4300004424|00130|CMF0020|10|EA|700|KRW|7000|20160130|1300|
C|005186|2016|50002228050123|001|4300004424|00140|CMF0021|10|EA|5400|KRW|54000|20160130|1300|
C|005186|2016|50002228050124|001|4300004424|00150|CMH0007|5|EA|11700|KRW|58500|20160130|1300|
C|005186|2016|50002228050125|001|4300004424|00160|CMZ0004|30|EA|380|KRW|11400|20160130|1300|
C|005186|2016|50002228050126|001|4300004424|00170|CMZ0006|30|EA|1155|KRW|34650|20160130|1300|
C|005186|2016|50002228050127|001|4300004425|00010|CMA0001|650|EA|240|KRW|156000|20160130|1300|
C|005186|2016|50002228050128|001|4300004425|00020|CMA0005|50|EA|2470|KRW|123500|20160130|1300|
C|005186|2016|50002228050129|001|4300004425|00030|CMA0007|300|EA|270|KRW|81000|20160130|1300|
C|005186|2016|50002228050130|001|4300004425|00040|CMA0008|50|EA|690|KRW|34500|20160130|1300|
C|005186|2016|50002228050131|001|4300004425|00050|CMA0016|100|EA|2840|KRW|284000|20160130|1300|
C|005186|2016|50002228050132|001|4300004425|00060|CMA0017|50|EA|780|KRW|39000|20160130|1300|
C|005186|2016|50002228050133|001|4300004425|00070|CMB0001|70|EA|655|KRW|45850|20160130|1300|
C|005186|2016|50002228050134|001|4300004425|00080|CMB0002|120|EA|2420|KRW|290400|20160130|1300|
C|005186|2016|50002228050135|001|4300004425|00090|CMB0007|20|EA|925|KRW|18500|20160130|1300|
C|005186|2016|50002228050136|001|4300004425|00100|CMB0010|80|EA|1100|KRW|88000|20160130|1300|
C|005186|2016|50002228050137|001|4300004425|00110|CMC0003|50|EA|340|KRW|17000|20160130|1300|
C|005186|2016|50002228050138|001|4300004425|00120|CMC0005|50|EA|190|KRW|9500|20160130|1300|
C|005186|2016|50002228050139|001|4300004425|00130|CME0001|20|EA|4910|KRW|98200|20160130|1300|
C|005186|2016|50002228050140|001|4300004425|00140|CME0002|100|EA|2300|KRW|230000|20160130|1300|
C|005186|2016|50002228050141|001|4300004425|00150|CME0010|200|EA|285|KRW|57000|20160130|1300|
C|005186|2016|50002228050142|001|4300004425|00160|CMF0006|1|EA|11970|KRW|11970|20160130|1300|
C|005186|2016|50002228050143|001|4300004425|00170|CMH0007|2|EA|11700|KRW|23400|20160130|1300|
C|005186|2016|50002228050144|001|4300004425|00180|CMZ0002|20|EA|430|KRW|8600|20160130|1300|
C|005186|2016|50002228050145|001|4300004425|00190|CMZ0003|1|EA|1470|KRW|1470|20160130|1300|
C|005186|2016|50002228050146|001|4300004425|00200|CMZ0004|20|EA|380|KRW|7600|20160130|1300|
C|005186|2016|50002228050147|001|4300004426|00010|CMA0007|50|EA|270|KRW|13500|20160130|1300|
C|005186|2016|50002228050148|001|4300004426|00020|CMB0001|30|EA|655|KRW|19650|20160130|1300|
C|005186|2016|50002228050149|001|4300004426|00050|CMZ0014|1|EA|23300|KRW|23300|20160130|1300|
C|005186|2016|50002228050150|001|4300004426|00060|CMZ0032|15|EA|1970|KRW|29550|20160130|1300|
C|005186|2016|50002228060001|001|4300004427|00010|CMA0001|700|EA|240|KRW|168000|20160130|1300|
C|005186|2016|50002228060002|001|4300004427|00020|CMA0007|100|EA|270|KRW|27000|20160130|1300|
C|005186|2016|50002228060003|001|4300004427|00030|CMA0017|15|EA|780|KRW|11700|20160130|1300|
C|005186|2016|50002228060004|001|4300004427|00040|CME0010|200|EA|285|KRW|57000|20160130|1300|
C|005186|2016|50002228060005|001|4300004427|00050|CME0013|2|EA|20300|KRW|40600|20160130|1300|
C|005186|2016|50002228060006|001|4300004427|00070|CMH0007|1|EA|11700|KRW|11700|20160130|1300|
C|005186|2016|50002228060007|001|4300004429|00010|CMA0001|80|EA|240|KRW|19200|20160130|1300|
C|005186|2016|50002228060008|001|4300004429|00020|CMA0007|40|EA|270|KRW|10800|20160130|1300|
C|005186|2016|50002228060009|001|4300004429|00030|CMA0008|40|EA|690|KRW|27600|20160130|1300|
C|005186|2016|50002228060010|001|4300004429|00040|CME0010|40|EA|285|KRW|11400|20160130|1300|
C|005186|2016|50002228060011|001|4300004429|00050|CMA0017|5|EA|780|KRW|3900|20160130|1300|
C|005186|2016|50002228060012|001|4300004429|00060|CME0001|10|EA|4910|KRW|49100|20160130|1300|
C|005186|2016|50002228060013|001|4300004429|00070|CMF0018|1|EA|5800|KRW|5800|20160130|1300|
C|005186|2016|50002228060014|001|4300004429|00080|CMH0007|2|EA|11700|KRW|23400|20160130|1300|
C|005186|2016|50002228060015|001|4300004430|00010|CMA0001|30|EA|240|KRW|7200|20160130|1300|
C|005186|2016|50002228060016|001|4300004430|00020|CMA0007|120|EA|270|KRW|32400|20160130|1300|
C|005186|2016|50002228060017|001|4300004430|00030|CMB0010|50|EA|1100|KRW|55000|20160130|1300|
C|005186|2016|50002228060018|001|4300004430|00040|CMZ0014|1|EA|23300|KRW|23300|20160130|1300|
C|005186|2016|50002228060019|001|4300004430|00060|CMZ0007|30|EA|330|KRW|9900|20160130|1300|
C|005186|2016|50002228060020|001|4300004430|00070|CMA0002|1|EA|1530|KRW|1530|20160130|1300|
C|005186|2016|50002228060021|001|4300004430|00080|CMH0006|5|EA|400|KRW|2000|20160130|1300|
C|005186|2016|50002228060022|001|4300004430|00090|CMZ0006|5|EA|1155|KRW|5775|20160130|1300|
C|005186|2016|50002228060023|001|4300004431|00010|CMA0001|80|EA|240|KRW|19200|20160130|1300|
C|005186|2016|50002228060024|001|4300004431|00020|CMA0007|220|EA|270|KRW|59400|20160130|1300|
C|005186|2016|50002228060025|001|4300004431|00030|CMH0007|1|EA|11700|KRW|11700|20160130|1300|
C|005186|2016|50002228060026|001|4300004431|00040|CMB0001|20|EA|655|KRW|13100|20160130|1300|
C|005186|2016|50002228060027|001|4300004431|00050|CMB0010|80|EA|1100|KRW|88000|20160130|1300|
C|005186|2016|50002228060028|001|4300004431|00060|CMC0003|5|EA|340|KRW|1700|20160130|1300|
C|005186|2016|50002228060029|001|4300004431|00070|CME0010|30|EA|285|KRW|8550|20160130|1300|
C|005186|2016|50002228060030|001|4300004431|00080|CMZ0032|3|EA|1970|KRW|5910|20160130|1300|
C|005186|2016|50002228060031|001|4300004431|00090|CMC0003|10|EA|340|KRW|3400|20160130|1300|
C|005186|2016|50002228060032|001|4300004431|00100|CMC0005|20|EA|190|KRW|3800|20160130|1300|
C|005186|2016|50002228060033|001|4300004431|00110|CME0011|20|EA|480|KRW|9600|20160130|1300|
C|005186|2016|50002228070001|001|4300004415|00010|CMA0001|200|EA|240|KRW|48000|20160130|1300|
C|005186|2016|50002228070002|001|4300004415|00020|CMA0007|800|EA|270|KRW|216000|20160130|1300|
C|005186|2016|50002228070003|001|4300004415|00030|CMA0017|30|EA|780|KRW|23400|20160130|1300|
C|005186|2016|50002228070004|001|4300004415|00040|CMB0001|300|EA|655|KRW|196500|20160130|1300|
C|005186|2016|50002228070005|001|4300004415|00050|CMA0003|10|EA|950|KRW|9500|20160130|1300|
C|005186|2016|50002228070006|001|4300004415|00080|CMZ0032|15|EA|1970|KRW|29550|20160130|1300|
C|005186|2016|50002228070007|001|4300004415|00090|CMH0006|10|EA|400|KRW|4000|20160130|1300|
C|005186|2016|50002228070008|001|4300004415|00100|CMZ0006|5|EA|1155|KRW|5775|20160130|1300|
C|005186|2016|50002228070009|001|4300004415|00110|CMF0001|5|EA|1680|KRW|8400|20160130|1300|
C|005186|2016|50002228070010|001|4300004415|00120|CMH0007|4|EA|11700|KRW|46800|20160130|1300|
C|005186|2016|50002228070011|001|4300004415|00130|CMZ0006|3|EA|1155|KRW|3465|20160130|1300|
C|005186|2016|50002228070012|001|4300004415|00140|CMF0002|4|EA|1100|KRW|4400|20160130|1300|
C|005186|2016|50002228070013|001|4300004415|00150|CMZ0004|3|EA|380|KRW|1140|20160130|1300|
C|005186|2016|50002228070014|001|4300004415|00160|CMF0004|6|EA|22050|KRW|132300|20160130|1300|
C|005186|2016|50002228070015|001|4300004432|00010|CMA0007|30|EA|270|KRW|8100|20160130|1300|
C|005186|2016|50002228070016|001|4300004432|00020|CMA0002|2|EA|1530|KRW|3060|20160130|1300|
C|005186|2016|50002228080001|001|4300004307|00020|UHCC0034|5|EA|27160|KRW|135800|20160130|1300|
C|005186|2016|50002228080002|001|4300004307|00030|UHGC0235|5|EA|22950|KRW|114750|20160130|1300|
C|005186|2016|50002228080003|001|4300004307|00040|UFJC0009|3|EA|58940|KRW|176820|20160130|1300|
C|005186|2016|50002228080004|001|4300004308|00040|UHFC0150|6|EA|49600|KRW|297600|20160130|1300|
C|005186|2016|50002228080005|001|4300004308|00050|UHTC0534|1|EA|178950|KRW|178950|20160130|1300|
C|005186|2016|50002228080006|001|4300004308|00060|UHTC0750|2|EA|79500|KRW|159000|20160130|1300|
C|005186|2016|50002228080007|001|4300004309|00010|UHHC0006|1|EA|208425|KRW|208425|20160130|1300|
C|005186|2016|50002228080008|001|4300004309|00020|UHHC0102|1|EA|78750|KRW|78750|20160130|1300|
C|005186|2016|50002228080009|001|4300004309|00030|UHHC0104|1|M|1029|KRW|1029|20160130|1300|
C|005186|2016|50002228080010|001|4300004309|00040|UHHC0106|1|EA|4200|KRW|4200|20160130|1300|
C|005186|2016|50002228080011|001|4300004309|00050|UHGC0134|2|EA|756000|KRW|1512000|20160130|1300|
C|005186|2016|50002228080012|001|4300004310|00080|UFJC0014|5|EA|78750|KRW|393750|20160130|1300|
C|005186|2016|50002228080013|001|4300004311|00010|UHNC0032|2|EA|293000|KRW|586000|20160130|1300|
C|005186|2016|50002228080014|001|4300004311|00020|UHCC0014|2|EA|395790|KRW|791580|20160130|1300|
C|005186|2016|50002228080015|001|4300004311|00030|UHNC0046|2|EA|246750|KRW|493500|20160130|1300|
C|005186|2016|50002228080016|001|4300004312|00010|UHTC0504|10|EA|68220|KRW|682200|20160130|1300|
C|005186|2016|50002228080017|001|4300004312|00020|UHDC0063|10|EA|60900|KRW|609000|20160130|1300|
C|005186|2016|50002228080018|001|4300004355|00020|UHNC0113|1|EA|772800|KRW|772800|20160130|1300|
C|005186|2016|50002228080019|001|4300004355|00030|UEAC0065|1|EA|616900|KRW|616900|20160130|1300|
C|005186|2016|50002228080020|001|4300004356|00090|UHFC0336|1|EA|82950|KRW|82950|20160130|1300|
C|005186|2016|50002228080021|001|4300004356|00100|UHFC0344|2|EA|63500|KRW|127000|20160130|1300|
C|005186|2016|50002228080022|001|4300004357|00020|UHFC0164|100|EA|210|KRW|21000|20160130|1300|
C|005186|2016|50002228080023|001|4300004357|00030|UHNC0109|50|EA|650|KRW|32500|20160130|1300|
C|005186|2016|50002228080024|001|4300004359|00010|UHGC0134|2|EA|756000|KRW|1512000|20160130|1300|
C|005186|2016|50002228080025|001|4300004361|00010|UHHC0069|2|EA|412650|KRW|825300|20160130|1300|
C|005186|2016|50002228080026|001|4300004361|00020|UHDC0157|3|EA|8340|KRW|25020|20160130|1300|
C|005186|2016|50002228080027|001|4300004361|00080|UHFC0232|5|EA|9790|KRW|48950|20160130|1300|
C|005186|2016|50002228080028|001|4300004361|00090|UHFC0233|5|EA|11660|KRW|58300|20160130|1300|
C|005186|2016|50002228080029|001|4300004361|00100|UHFC0345|100|EA|1270|KRW|127000|20160130|1300|
C|005186|2016|50002228080030|001|4300004363|00040|UHNC0136|1|EA|947380|KRW|947380|20160130|1300|
C|005186|2016|50002228090001|001|4300004304|00010|UHDC0137|100|EA|987|KRW|98700|20160130|1300|
C|005186|2016|50002228090002|001|4300004349|00010|KE030011|7|EA|8190|KRW|57330|20160130|1300|
C|005186|2016|50002228090003|001|4300004349|00020|KE030122|5|EA|31500|KRW|157500|20160130|1300|
C|005186|2016|50002228090004|001|4300004349|00030|KE030205|6|EA|31290|KRW|187740|20160130|1300|
C|005186|2016|50002228090005|001|4300004349|00040|KE050301|9|EA|1160|KRW|10440|20160130|1300|
C|005186|2016|50002228090006|001|4300004349|00050|KE050302|6|EA|1160|KRW|6960|20160130|1300|
C|005186|2016|50002228090007|001|4300004349|00060|KE050304|15|EA|2600|KRW|39000|20160130|1300|
C|005186|2016|50002228090008|001|4300004349|00070|KE050502|3|EA|10000|KRW|30000|20160130|1300|
C|005186|2016|50002228090009|001|4300004349|00080|KE050701|7|EA|2630|KRW|18410|20160130|1300|
C|005186|2016|50002228090010|001|4300004349|00090|KE050801|15|EA|1900|KRW|28500|20160130|1300|
C|005186|2016|50002228090011|001|4300004349|00110|KE090136|2|EA|28980|KRW|57960|20160130|1300|
C|005186|2016|50002228090012|001|4300004349|00120|KE110200|10|EA|65100|KRW|651000|20160130|1300|
C|005186|2016|50002228090013|001|4300004349|00130|KE230003|150|EA|1870|KRW|280500|20160130|1300|
C|005186|2016|50002228090014|001|4300004349|00140|KE231001|9|EA|16150|KRW|145350|20160130|1300|
C|005186|2016|50002228090015|001|4300004349|00150|KE270300|40|EA|470|KRW|18800|20160130|1300|
C|005186|2016|50002228090016|001|4300004349|00160|KE280401|12|EA|20800|KRW|249600|20160130|1300|
C|005186|2016|50002228090017|001|4300004349|00170|KE281401|22|EA|840|KRW|18480|20160130|1300|
C|005186|2016|50002228090018|001|4300004350|00010|KE270302|6|EA|6900|KRW|41400|20160130|1300|
C|005186|2016|50002228090019|001|4300004351|00020|UHTC0246|40|EA|8470|KRW|338800|20160130|1300|
C|005186|2016|50002228090020|001|4300004352|00020|UCKC0037|80|EA|14050|KRW|1124000|20160130|1300|
C|005186|2016|50002228100001|001|4300004354|00010|UKBC0010|2|EA|91480|KRW|182960|20160130|1300|
C|005186|2016|50002228100002|001|4300004372|00030|UAEC0301|10|EA|11550|KRW|115500|20160130|1300|
C|005186|2016|50002228110001|001|4300004304|00020|UHTC0094|2|EA|446250|KRW|892500|20160130|1300|
C|005186|2016|50002228110002|001|4300004312|00040|UCHC0013|2|EA|21000|KRW|42000|20160130|1300|
C|005186|2016|50002228110003|001|4300004350|00110|KS990007|6|EA|51450|KRW|308700|20160130|1300|
C|005186|2016|50002228110004|001|4300004352|00080|UCAC0057|1|EA|191000|KRW|191000|20160130|1300|
C|005186|2016|50002228110005|001|4300004353|00030|UGAC0085|1|EA|31500|KRW|31500|20160130|1300|
C|005186|2016|50002228110006|001|4300004354|00020|UHTC0486|1|EA|46410|KRW|46410|20160130|1300|
C|005186|2016|50002228110007|001|4300004366|00010|UGCC0506|1|EA|24200|KRW|24200|20160130|1300|
C|005186|2016|50002228110008|001|4300004366|00020|UGCC0507|1|EA|24200|KRW|24200|20160130|1300|
C|005186|2016|50002228110009|001|4300004366|00050|UGCC0503|1|EA|66200|KRW|66200|20160130|1300|
C|005186|2016|50002228110010|001|4300004366|00060|UGCC0504|1|EA|66200|KRW|66200|20160130|1300|
C|005186|2016|50002228110011|001|4300004366|00070|UGCC0499|1|EA|100700|KRW|100700|20160130|1300|
C|005186|2016|50002228110012|001|4300004366|00080|UGCC0500|1|EA|100700|KRW|100700|20160130|1300|
C|005186|2016|50002228110013|001|4300004393|00260|UGBC0745|50|EA|560|KRW|28000|20160130|1300|
C|005186|2016|50002228110014|001|4300004393|00270|UGBC0757|20|EA|966|KRW|19320|20160130|1300|
C|005186|2016|50002228110015|001|4300004393|00310|UGBC0788|30|EA|920|KRW|27600|20160130|1300|
C|005186|2016|50002228120001|001|4300004349|00100|KE051050|2|EA|12600|KRW|25200|20160130|1300|
C|005186|2016|50002228120002|001|4300004356|00060|UHFC0101|20|EA|13500|KRW|270000|20160130|1300|
C|005186|2016|50002228120003|001|4300004356|00070|UHHC0115|1|M|1911|KRW|1911|20160130|1300|
C|005186|2016|50002228120004|001|4300004359|00020|UHFC0334|2|EA|83800|KRW|167600|20160130|1300|
C|005186|2016|50002228120005|001|4300004360|00010|UHFC0399|1|EA|944000|KRW|944000|20160130|1300|
C|005186|2016|50002228120006|001|4300004361|00030|UHDC0159|3|EA|26500|KRW|79500|20160130|1300|
C|005186|2016|50002228120007|001|4300004361|00070|UHFC0371|1|EA|19474|KRW|19474|20160130|1300|
C|005186|2016|50002228120008|001|4300004363|00050|UFJC0014|5|EA|78750|KRW|393750|20160130|1300|
C|005186|2016|50002228120009|001|4300004370|00020|UHTC0167|60|EA|530|KRW|31800|20160130|1300|
C|005186|2016|50002228130001|001|4300004366|00090|UGBC1345|1|EA|363160|KRW|363160|20160130|1300|
C|005186|2016|50002228130002|001|4300004366|00110|UDEC0023|1|EA|29930|KRW|29930|20160130|1300|
C|005186|2016|50002228130003|001|4300004368|00010|UDEC0064|5|EA|325500|KRW|1627500|20160130|1300|
C|005186|2016|50002228140001|001|4300004317|00030|UEBC0988|10|EA|6050|KRW|60500|20160130|1300|
C|005186|2016|50002228150001|001|4300004310|00010|UGBC0392|2|EA|441000|KRW|882000|20160130|1300|
C|005186|2016|50002228160001|001|4300004315|00010|UEBC1090|100|EA|2000|KRW|200000|20160130|1300|
C|005186|2016|50002228160002|001|4300004315|00020|UEBC1093|50|EA|740|KRW|37000|20160130|1300|
C|005186|2016|50002228160003|001|4300004315|00030|UEBC0665|8|EA|165850|KRW|1326800|20160130|1300|
C|005186|2016|50002228160004|001|4300004315|00040|UEBC0796|50|EA|3140|KRW|157000|20160130|1300|
C|005186|2016|50002228160005|001|4300004318|00010|UCKC0092|1|EA|183170|KRW|183170|20160130|1300|
C|005186|2016|50002228160006|001|4300004318|00020|UEBC0010|4|EA|89570|KRW|358280|20160130|1300|
C|005186|2016|50002228160007|001|4300004321|00030|UEBC1166|10|EA|104000|KRW|1040000|20160130|1300|
C|005186|2016|50002228160008|001|4300004321|00040|UEBC1159|4|EA|134600|KRW|538400|20160130|1300|
C|005186|2016|50002228160009|001|4300004322|00060|UEBC0663|1|EA|69930|KRW|69930|20160130|1300|
C|005186|2016|50002228160010|001|4300004323|00050|UEBC0410|2|EA|33600|KRW|67200|20160130|1300|
C|005186|2016|50002228160011|001|4300004323|00060|UEBC0384|1|EA|5020|KRW|5020|20160130|1300|
C|005186|2016|50002228160012|001|4300004326|00040|UDBC0008|50|EA|8715|KRW|435750|20160130|1300|
C|005186|2016|50002228160013|001|4300004370|00010|UGCC0630|1|EA|36750|KRW|36750|20160130|1300|
C|005186|2016|50002228170001|001|4300004363|00010|UGBC1231|10|EA|14800|KRW|148000|20160130|1300|
C|005186|2016|50002228170002|001|4300004363|00020|UGBC1379|10|EA|2000|KRW|20000|20160130|1300|
C|005186|2016|50002228170003|001|4300004363|00030|UGBC0184|2|EA|189000|KRW|378000|20160130|1300|
C|005186|2016|50002228170004|001|4300004364|00070|UDEC0002|20|EA|44100|KRW|882000|20160130|1300|
C|005186|2016|50002228180001|001|4300004316|00010|UGBC1190|10|EA|189000|KRW|1890000|20160130|1300|
C|005186|2016|50002228180002|001|4300004317|00040|UGCC0437|2|EA|128430|KRW|256860|20160130|1300|
C|005186|2016|50002228180003|001|4300004317|00060|UGAC0042|10|EA|20475|KRW|204750|20160130|1300|
C|005186|2016|50002228180004|001|4300004322|00010|UGBC1220|10|EA|450|KRW|4500|20160130|1300|
C|005186|2016|50002228190001|001|4300004351|00030|UADC0018|1|EA|17220|KRW|17220|20160130|1300|
C|005186|2016|50002228190002|001|4300004351|00050|UJCC0002|2|EA|22210|KRW|44420|20160130|1300|
C|005186|2016|50002228190003|001|4300004352|00010|UHFC0384|20|EA|7140|KRW|142800|20160130|1300|
C|005186|2016|50002228190004|001|4300004352|00030|UAGC0241|1|EA|220000|KRW|220000|20160130|1300|
C|005186|2016|50002228190005|001|4300004352|00040|UAEC0270|1|EA|18800|KRW|18800|20160130|1300|
C|005186|2016|50002228190006|001|4300004352|00050|UZZC0012|10|EA|7350|KRW|73500|20160130|1300|
C|005186|2016|50002228190007|001|4300004352|00060|UAIC0002|10|EA|3680|KRW|36800|20160130|1300|
C|005186|2016|50002228190008|001|4300004352|00070|UAEC0140|50|EA|2060|KRW|103000|20160130|1300|
C|005186|2016|50002228190009|001|4300004353|00020|UAGC0104|1|EA|16530|KRW|16530|20160130|1300|
C|005186|2016|50002228190010|001|4300004353|00040|UJAC0028|16|EA|44840|KRW|717440|20160130|1300|
C|005186|2016|50002228190011|001|4300004353|00050|UJAC0029|16|EA|49350|KRW|789600|20160130|1300|
C|005186|2016|50002228190012|001|4300004353|00060|UAKC0025|5|EA|8000|KRW|40000|20160130|1300|
C|005186|2016|50002228190013|001|4300004364|00030|UAGC0224|1|EA|16750|KRW|16750|20160130|1300|
C|005186|2016|50002228190014|001|4300004364|00040|UAGC0226|1|EA|26220|KRW|26220|20160130|1300|
C|005186|2016|50002228190015|001|4300004364|00050|UAGC0227|1|EA|19110|KRW|19110|20160130|1300|
C|005186|2016|50002228190016|001|4300004364|00060|UAGC0228|1|EA|28530|KRW|28530|20160130|1300|
C|005186|2016|50002228190017|001|4300004366|00100|UAJC0007|10|EA|7820|KRW|78200|20160130|1300|
C|005186|2016|50002228190018|001|4300004367|00040|UDDC0140|10|EA|19430|KRW|194300|20160130|1300|
C|005186|2016|50002228200001|001|4300004308|00010|UFKC0131|1|EA|374000|KRW|374000|20160130|1300|
C|005186|2016|50002228200002|001|4300004308|00020|UGBC0555|10|EA|42000|KRW|420000|20160130|1300|
C|005186|2016|50002228200003|001|4300004308|00030|UGBC0556|10|EA|52500|KRW|525000|20160130|1300|
C|005186|2016|50002228200004|001|4300004310|00020|UGBC0177|10|EA|18900|KRW|189000|20160130|1300|
C|005186|2016|50002228200005|001|4300004310|00030|UGBC0163|30|EA|320|KRW|9600|20160130|1300|
C|005186|2016|50002228200006|001|4300004310|00040|UGBC0622|10|EA|1050|KRW|10500|20160130|1300|
C|005186|2016|50002228200007|001|4300004310|00050|UGBC1321|5|EA|2210|KRW|11050|20160130|1300|
C|005186|2016|50002228200008|001|4300004310|00060|UGBC1095|5|EA|24150|KRW|120750|20160130|1300|
C|005186|2016|50002228200009|001|4300004313|00010|UCIC0172|1|EA|1852000|KRW|1852000|20160130|1300|
C|005186|2016|50002228200010|001|4300004356|00030|UGBC0205|5|EA|16420|KRW|82100|20160130|1300|
C|005186|2016|50002228200011|001|4300004356|00040|UGBC0192|3|EA|36750|KRW|110250|20160130|1300|
C|005186|2016|50002228200012|001|4300004356|00050|UGBC0162|5|EA|16800|KRW|84000|20160130|1300|
C|005186|2016|50002228200013|001|4300004361|00110|UGBC0555|10|EA|42000|KRW|420000|20160130|1300|
C|005186|2016|50002228200014|001|4300004362|00010|UGBC0556|10|EA|52500|KRW|525000|20160130|1300|
