C|005186|2020|50005440080001|001|4300015852|00060|UEBC1669|12|EA|2650|KRW|31800|20200123|1300|
C|005186|2020|50005440080002|001|4300015855|00010|UEBC1662|1|EA|314000|KRW|314000|20200123|1300|
C|005186|2020|50005440080003|001|4300015855|00020|UEBC1663|10|EA|165000|KRW|1650000|20200123|1300|
C|005186|2020|50005440080004|001|4300015856|00020|UEBC1662|3|EA|314000|KRW|942000|20200123|1300|
C|005186|2020|50005440080005|001|4300015858|00010|UEBC1659|6|EA|297000|KRW|1782000|20200123|1300|
C|005186|2020|50005440080006|001|4300015858|00020|UEBC1661|2|EA|48500|KRW|97000|20200123|1300|
C|005186|2020|50005440080007|001|4300015858|00030|UEBC1664|40|EA|1720|KRW|68800|20200123|1300|
C|005186|2020|50005440080008|001|4300015862|00010|UEBC1656|4|EA|121500|KRW|486000|20200123|1300|
C|005186|2020|50005440080009|001|4300015862|00020|UEBC1657|10|EA|26500|KRW|265000|20200123|1300|
C|005186|2020|50005440080010|001|4300015862|00030|UEBC1658|1|EA|196000|KRW|196000|20200123|1300|
C|005186|2020|50005440080011|001|4300015862|00050|UEBC1660|1|EA|166500|KRW|166500|20200123|1300|
C|005186|2020|50005440080012|001|4300015863|00010|UEBC1653|50|EA|37000|KRW|1850000|20200123|1300|
C|005186|2020|50005440080013|001|4300015864|00010|UEBC1651|10|EA|10000|KRW|100000|20200123|1300|
C|005186|2020|50005440080014|001|4300015864|00040|UEBC1652|5|EA|48500|KRW|242500|20200123|1300|
C|005186|2020|50005440080015|001|4300015864|00050|UEBC1655|5|EA|28500|KRW|142500|20200123|1300|
C|005186|2020|50005440080016|001|4300015864|00060|UAGC0587|2|EA|69000|KRW|138000|20200123|1300|
C|005186|2020|50005440100001|001|4300015827|00010|KS067003|5|EA|1550|KRW|7750|20200123|1300|
C|005186|2020|50005440100002|001|4300015865|00070|KS067207|5|EA|5780|KRW|28900|20200123|1300|
C|005186|2020|50005440100003|001|4300015865|00080|KS990009|2|EA|8820|KRW|17640|20200123|1300|
