C|005186|2019|50004711970001|001|4300012514|00010|CMB0001|40|EA|520|KRW|20800|20190129|1300|
C|005186|2019|50004711970002|001|4300012514|00020|CMA0007|100|EA|151|KRW|15100|20190129|1300|
C|005186|2019|50004711970003|001|4300012514|00030|CMD0016|2|EA|29000|KRW|58000|20190129|1300|
C|005186|2019|50004711980001|001|4300012515|00060|CMF0005|10|EA|18700|KRW|187000|20190129|1300|
C|005186|2019|50004711980002|001|4300012515|00070|CMC0002|10|EA|10300|KRW|103000|20190129|1300|
C|005186|2019|50004711980003|001|4300012515|00090|CMA0017|50|EA|770|KRW|38500|20190129|1300|
C|005186|2019|50004711980004|001|4300012515|00110|CME0002|100|EA|1100|KRW|110000|20190129|1300|
C|005186|2019|50004711980005|001|4300012515|00120|CMA0008|100|EA|470|KRW|47000|20190129|1300|
C|005186|2019|50004711980006|001|4300012515|00150|CMB0002|120|EA|2100|KRW|252000|20190129|1300|
C|005186|2019|50004711980007|001|4300012515|00160|CMB0003|120|EA|2200|KRW|264000|20190129|1300|
C|005186|2019|50004711980008|001|4300012515|00170|CMC0005|200|EA|150|KRW|30000|20190129|1300|
C|005186|2019|50004711980009|001|4300012515|00190|CMA0001|600|EA|151|KRW|90600|20190129|1300|
C|005186|2019|50004711980010|001|4300012515|00200|CMA0007|600|EA|151|KRW|90600|20190129|1300|
C|005186|2019|50004711990001|001|4300012516|00010|CMF0004|1|EA|17000|KRW|17000|20190129|1300|
C|005186|2019|50004711990002|001|4300012516|00020|CMF0005|2|EA|18700|KRW|37400|20190129|1300|
C|005186|2019|50004711990003|001|4300012516|00060|CMH0006|10|EA|460|KRW|4600|20190129|1300|
C|005186|2019|50004711990004|001|4300012516|00070|CMH0005|10|EA|720|KRW|7200|20190129|1300|
C|005186|2019|50004711990005|001|4300012516|00080|CMA0008|50|EA|470|KRW|23500|20190129|1300|
C|005186|2019|50004711990006|001|4300012516|00090|CMB0001|150|EA|520|KRW|78000|20190129|1300|
C|005186|2019|50004711990007|001|4300012516|00110|CMA0007|400|EA|151|KRW|60400|20190129|1300|
C|005186|2019|50004711990008|001|4300012516|00130|CMC0005|300|EA|150|KRW|45000|20190129|1300|
C|005186|2019|50004711990009|001|4300012516|00140|CMA0001|700|EA|151|KRW|105700|20190129|1300|
C|005186|2019|50004712400001|001|4300012517|00020|CMF0007|5|EA|1620|KRW|8100|20190129|1300|
C|005186|2019|50004712400002|001|4300012517|00030|CMF0008|5|EA|1620|KRW|8100|20190129|1300|
C|005186|2019|50004712400003|001|4300012517|00050|CMC0005|20|EA|150|KRW|3000|20190129|1300|
C|005186|2019|50004712400004|001|4300012517|00080|CMB0003|40|EA|2200|KRW|88000|20190129|1300|
C|005186|2019|50004712400005|001|4300012517|00090|CMB0001|100|EA|520|KRW|52000|20190129|1300|
C|005186|2019|50004712400006|001|4300012517|00100|CMA0007|100|EA|151|KRW|15100|20190129|1300|
C|005186|2019|50004712400007|001|4300012517|00110|CMA0008|100|EA|470|KRW|47000|20190129|1300|
C|005186|2019|50004712400008|001|4300012517|00120|CMA0001|300|EA|151|KRW|45300|20190129|1300|
C|005186|2019|50004712410001|001|4300012518|00010|CMA0028|13|EA|7350|KRW|95550|20190129|1300|
C|005186|2019|50004712410002|001|4300012518|00020|CMA0001|100|EA|151|KRW|15100|20190129|1300|
C|005186|2019|50004712410003|001|4300012518|00030|CMA0007|400|EA|151|KRW|60400|20190129|1300|
C|005186|2019|50004712410004|001|4300012518|00040|CMF0005|3|EA|18700|KRW|56100|20190129|1300|
C|005186|2019|50004712410005|001|4300012518|00050|CMA0008|100|EA|470|KRW|47000|20190129|1300|
C|005186|2019|50004712410006|001|4300012518|00080|CMD0016|1|EA|29000|KRW|29000|20190129|1300|
C|005186|2019|50004712420001|001|4300012520|00010|CMA0028|2|EA|7350|KRW|14700|20190129|1300|
C|005186|2019|50004712420002|001|4300012520|00020|CMC0007|3|EA|13000|KRW|39000|20190129|1300|
C|005186|2019|50004712420003|001|4300012520|00040|CMA0002|10|EA|1440|KRW|14400|20190129|1300|
C|005186|2019|50004712420004|001|4300012520|00050|CMA0003|10|EA|1150|KRW|11500|20190129|1300|
C|005186|2019|50004712420005|001|4300012520|00090|CMC0005|100|EA|150|KRW|15000|20190129|1300|
C|005186|2019|50004712420006|001|4300012520|00100|CMA0007|150|EA|151|KRW|22650|20190129|1300|
C|005186|2019|50004712420007|001|4300012520|00110|CMB0003|150|EA|2200|KRW|330000|20190129|1300|
C|005186|2019|50004712420008|001|4300012520|00120|CMA0001|200|EA|151|KRW|30200|20190129|1300|
C|005186|2019|50004712430001|001|4300012521|00010|CMF0005|10|EA|18700|KRW|187000|20190129|1300|
C|005186|2019|50004712430002|001|4300012521|00030|CMA0007|50|EA|151|KRW|7550|20190129|1300|
C|005186|2019|50004712430003|001|4300012521|00040|CMB0003|60|EA|2200|KRW|132000|20190129|1300|
C|005186|2019|50004712430004|001|4300012521|00050|CMA0008|100|EA|470|KRW|47000|20190129|1300|
C|005186|2019|50004712430005|001|4300012521|00060|CMB0001|100|EA|520|KRW|52000|20190129|1300|
C|005186|2019|50004712430006|001|4300012521|00070|CMA0001|300|EA|151|KRW|45300|20190129|1300|
C|005186|2019|50004712440001|001|4300012515|00010|CMH0007|1|EA|11600|KRW|11600|20190129|1300|
C|005186|2019|50004712440002|001|4300012516|00040|CMH0007|5|EA|11600|KRW|58000|20190129|1300|
C|005186|2019|50004712440003|001|4300012517|00010|CMH0007|1|EA|11600|KRW|11600|20190129|1300|
C|005186|2019|50004712440004|001|4300012518|00060|CMH0007|2|EA|11600|KRW|23200|20190129|1300|
C|005186|2019|50004712440005|001|4300012519|00020|CMH0007|2|EA|11600|KRW|23200|20190129|1300|
C|005186|2019|50004712440006|001|4300012522|00040|CMH0007|2|EA|11600|KRW|23200|20190129|1300|
C|005186|2019|50004712440007|001|4300012530|00020|CMH0007|2|EA|11600|KRW|23200|20190129|1300|
C|005186|2019|50004712440008|001|4300012531|00010|CMH0007|1|EA|11600|KRW|11600|20190129|1300|
C|005186|2019|50004712440009|001|4300012534|00100|CMH0007|10|EA|11600|KRW|116000|20190129|1300|
C|005186|2019|50004712440010|001|4300012537|00090|CMH0007|3|EA|11600|KRW|34800|20190129|1300|
C|005186|2019|50004712450001|001|4300012515|00080|CME0001|37|EA|3300|KRW|122100|20190129|1300|
C|005186|2019|50004712450002|001|4300012515|00100|CMA0005|60|EA|2000|KRW|120000|20190129|1300|
C|005186|2019|50004712450003|001|4300012515|00140|CMB0010|120|EA|1280|KRW|153600|20190129|1300|
C|005186|2019|50004712450004|001|4300012515|00180|CME0010|300|EA|240|KRW|72000|20190129|1300|
C|005186|2019|50004712450005|001|4300012516|00030|CME0001|5|EA|3300|KRW|16500|20190129|1300|
C|005186|2019|50004712450006|001|4300012516|00050|CMF0021|10|EA|3100|KRW|31000|20190129|1300|
C|005186|2019|50004712450007|001|4300012516|00100|CMA0016|300|EA|2140|KRW|642000|20190129|1300|
C|005186|2019|50004712450008|001|4300012516|00120|CMB0010|400|EA|1280|KRW|512000|20190129|1300|
C|005186|2019|50004712450009|001|4300012517|00040|CMF0020|5|EA|650|KRW|3250|20190129|1300|
C|005186|2019|50004712450010|001|4300012517|00070|CMB0010|40|EA|1280|KRW|51200|20190129|1300|
C|005186|2019|50004712450011|001|4300012520|00030|CMF0021|3|EA|3100|KRW|9300|20190129|1300|
C|005186|2019|50004712450012|001|4300012520|00060|CMB0010|10|EA|1280|KRW|12800|20190129|1300|
C|005186|2019|50004712450013|001|4300012520|00070|CME0001|20|EA|3300|KRW|66000|20190129|1300|
C|005186|2019|50004712450014|001|4300012520|00080|CMF0006|20|EA|9500|KRW|190000|20190129|1300|
C|005186|2019|50004712450015|001|4300012521|00020|CMA0005|50|EA|2000|KRW|100000|20190129|1300|
C|005186|2019|50004712450016|001|4300012522|00010|CMF0006|1|EA|9500|KRW|9500|20190129|1300|
C|005186|2019|50004712450017|001|4300012522|00030|CMF0001|2|EA|1950|KRW|3900|20190129|1300|
C|005186|2019|50004712450018|001|4300012522|00060|CME0001|13|EA|3300|KRW|42900|20190129|1300|
C|005186|2019|50004712450019|001|4300012522|00070|CMA0016|30|EA|2140|KRW|64200|20190129|1300|
C|005186|2019|50004712450020|001|4300012530|00040|CME0001|20|EA|3300|KRW|66000|20190129|1300|
C|005186|2019|50004712450021|001|4300012531|00020|CMF0006|2|EA|9500|KRW|19000|20190129|1300|
C|005186|2019|50004712450022|001|4300012531|00060|CMB0010|20|EA|1280|KRW|25600|20190129|1300|
C|005186|2019|50004712450023|001|4300012531|00080|CMA0016|20|EA|2140|KRW|42800|20190129|1300|
C|005186|2019|50004712450024|001|4300012534|00050|CMF0021|10|EA|3100|KRW|31000|20190129|1300|
C|005186|2019|50004712450025|001|4300012534|00060|CMF0001|10|EA|1950|KRW|19500|20190129|1300|
C|005186|2019|50004712450026|001|4300012534|00070|CMF0009|10|EA|4950|KRW|49500|20190129|1300|
C|005186|2019|50004712450027|001|4300012534|00090|CMF0020|10|EA|650|KRW|6500|20190129|1300|
C|005186|2019|50004712450028|001|4300012534|00130|CMA0005|150|EA|2000|KRW|300000|20190129|1300|
C|005186|2019|50004712450029|001|4300012534|00150|CMB0010|240|EA|1280|KRW|307200|20190129|1300|
C|005186|2019|50004712450030|001|4300012534|00170|CME0010|200|EA|240|KRW|48000|20190129|1300|
C|005186|2019|50004712450031|001|4300012536|00070|CMF0001|20|EA|1950|KRW|39000|20190129|1300|
C|005186|2019|50004712450032|001|4300012536|00080|CMF0020|20|EA|650|KRW|13000|20190129|1300|
C|005186|2019|50004712450033|001|4300012536|00090|CME0010|60|EA|240|KRW|14400|20190129|1300|
C|005186|2019|50004712450034|001|4300012536|00110|CMB0010|240|EA|1280|KRW|307200|20190129|1300|
C|005186|2019|50004712460001|001|4300012537|00040|CME0001|10|EA|3300|KRW|33000|20190129|1300|
C|005186|2019|50004712460002|001|4300012537|00050|CME0010|50|EA|240|KRW|12000|20190129|1300|
C|005186|2019|50004712460003|001|4300012538|00030|CMB0010|70|EA|1280|KRW|89600|20190129|1300|
C|005186|2019|50004712460004|001|4300012538|00050|CMZ0006|10|EA|1170|KRW|11700|20190129|1300|
C|005186|2019|50004712460005|001|4300012538|00060|CMZ0014|1|EA|19000|KRW|19000|20190129|1300|
C|005186|2019|50004712460006|001|4300012539|00020|CMB0010|70|EA|1280|KRW|89600|20190129|1300|
C|005186|2019|50004712460007|001|4300012540|00050|CME0001|20|EA|3300|KRW|66000|20190129|1300|
C|005186|2019|50004712460008|001|4300012540|00060|CME0010|150|EA|240|KRW|36000|20190129|1300|
C|005186|2019|50004712460009|001|4300012540|00100|CMB0010|60|EA|1280|KRW|76800|20190129|1300|
C|005186|2019|50004712470001|001|4300012515|00020|CMF0016|5|EA|380|KRW|1900|20190129|1300|
C|005186|2019|50004712470002|001|4300012515|00030|CMF0015|5|EA|450|KRW|2250|20190129|1300|
C|005186|2019|50004712470003|001|4300012515|00040|CMF0014|5|EA|680|KRW|3400|20190129|1300|
C|005186|2019|50004712470004|001|4300012515|00050|CMF0013|5|EA|940|KRW|4700|20190129|1300|
