C|005186|2019|50004892710001|001|4300013376|00010|CMA0007|80|EA|151|KRW|12080|20190426|1300|
C|005186|2019|50004892720001|001|4300013377|00010|CMA0001|500|EA|151|KRW|75500|20190426|1300|
C|005186|2019|50004892720002|001|4300013377|00020|CMA0007|50|EA|151|KRW|7550|20190426|1300|
C|005186|2019|50004892720003|001|4300013377|00080|CMB0011|120|EA|2220|KRW|266400|20190426|1300|
C|005186|2019|50004892730001|001|4300013383|00050|CMA0001|20|EA|151|KRW|3020|20190426|1300|
C|005186|2019|50004892730002|001|4300013383|00060|CMA0007|50|EA|151|KRW|7550|20190426|1300|
C|005186|2019|50004892730003|001|4300013383|00070|CMB0001|50|EA|520|KRW|26000|20190426|1300|
C|005186|2019|50004892740001|001|4300013369|00040|CMA0007|50|EA|151|KRW|7550|20190426|1300|
C|005186|2019|50004892740002|001|4300013369|00050|CMB0003|60|EA|2200|KRW|132000|20190426|1300|
C|005186|2019|50004892740003|001|4300013369|00060|CMA0001|150|EA|151|KRW|22650|20190426|1300|
C|005186|2019|50004892740004|001|4300013369|00070|CMB0001|160|EA|520|KRW|83200|20190426|1300|
C|005186|2019|50004892750001|001|4300013378|00010|CMA0001|60|EA|151|KRW|9060|20190426|1300|
C|005186|2019|50004892750002|001|4300013378|00020|CMA0007|200|EA|151|KRW|30200|20190426|1300|
C|005186|2019|50004892750003|001|4300013378|00030|CMB0001|20|EA|520|KRW|10400|20190426|1300|
