C|005186|2016|50002643710001|001|4300005356|00040|UDBC0941|60|EA|1580|KRW|94800|20160630|1300|
C|005186|2016|50002643710002|001|4300005408|00010|UEBC1181|5|EA|2480|KRW|12400|20160630|1300|
C|005186|2016|50002643710003|001|4300005408|00050|UAAC0033|2|EA|16480|KRW|32960|20160630|1300|
C|005186|2016|50002643710004|001|4300005408|00060|UAEC0038|2|EA|4520|KRW|9040|20160630|1300|
C|005186|2016|50002643710005|001|4300005408|00070|UAEC0039|2|EA|5050|KRW|10100|20160630|1300|
C|005186|2016|50002643710006|001|4300005408|00080|UAEC0053|2|EA|8925|KRW|17850|20160630|1300|
C|005186|2016|50002643710007|001|4300005408|00090|UAEC0337|4|EA|9072|KRW|36288|20160630|1300|
C|005186|2016|50002643710008|001|4300005408|00100|UAEC0336|1|EA|9765|KRW|9765|20160630|1300|
C|005186|2016|50002643710009|001|4300005408|00110|UAEC0058|2|EA|12350|KRW|24700|20160630|1300|
C|005186|2016|50002643710010|001|4300005408|00120|UAEC0094|2|EA|22630|KRW|45260|20160630|1300|
C|005186|2016|50002643710011|001|4300005408|00130|UZZC0012|20|EA|7350|KRW|147000|20160630|1300|
C|005186|2016|50002643710012|001|4300005408|00140|UAGC0030|3|EA|19360|KRW|58080|20160630|1300|
C|005186|2016|50002643710013|001|4300005408|00150|UEBC1225|10|EA|40700|KRW|407000|20160630|1300|
C|005186|2016|50002643710014|001|4300005409|00010|UFFC0048|10|EA|10550|KRW|105500|20160630|1300|
C|005186|2016|50002643710015|001|4300005409|00020|UAEC0192|2|EA|186900|KRW|373800|20160630|1300|
C|005186|2016|50002643710016|001|4300005409|00030|UAEC0029|10|EA|7500|KRW|75000|20160630|1300|
C|005186|2016|50002643710017|001|4300005409|00040|UAEC0267|1|EA|6359|KRW|6359|20160630|1300|
C|005186|2016|50002643710018|001|4300005409|00050|UAEC0111|1|EA|22050|KRW|22050|20160630|1300|
C|005186|2016|50002643710019|001|4300005409|00070|UALC0049|10|EA|22100|KRW|221000|20160630|1300|
C|005186|2016|50002643710020|001|4300005409|00080|UALC0050|20|EA|2210|KRW|44200|20160630|1300|
C|005186|2016|50002643710021|001|4300005413|00040|UDEC0106|3|EA|230000|KRW|690000|20160630|1300|
C|005186|2016|50002643710022|001|4300005413|00070|UDBC0214|20|EA|8800|KRW|176000|20160630|1300|
C|005186|2016|50002643710023|001|4300005414|00010|UJAC0073|8|EA|13130|KRW|105040|20160630|1300|
C|005186|2016|50002643710024|001|4300005414|00020|UJAC0072|8|EA|12600|KRW|100800|20160630|1300|
C|005186|2016|50002643710025|001|4300005414|00030|UDEC0106|3|EA|230000|KRW|690000|20160630|1300|
C|005186|2016|50002643710026|001|4300005414|00050|UAEC0060|1|EA|11160|KRW|11160|20160630|1300|
C|005186|2016|50002643710027|001|4300005414|00060|UAEC0061|1|EA|15260|KRW|15260|20160630|1300|
C|005186|2016|50002643710028|001|4300005417|00010|UAGC0241|1|EA|220000|KRW|220000|20160630|1300|
C|005186|2016|50002643720001|001|4300005349|00010|UGBC0254|30|EA|5040|KRW|151200|20160630|1300|
C|005186|2016|50002643720002|001|4300005350|00010|UCIC0172|1|EA|1852000|KRW|1852000|20160630|1300|
C|005186|2016|50002643720003|001|4300005351|00040|UGBC0500|2|EA|101900|KRW|203800|20160630|1300|
C|005186|2016|50002643720004|001|4300005351|00050|UGBC0513|2|EA|84000|KRW|168000|20160630|1300|
C|005186|2016|50002643720005|001|4300005361|00010|UGBC0274|3|EA|115500|KRW|346500|20160630|1300|
C|005186|2016|50002643720006|001|4300005361|00020|UGBC0275|3|EA|126000|KRW|378000|20160630|1300|
C|005186|2016|50002643720007|001|4300005361|00030|UGBC0142|5|EA|1470|KRW|7350|20160630|1300|
C|005186|2016|50002643720008|001|4300005361|00040|UGBC0143|5|EA|2110|KRW|10550|20160630|1300|
C|005186|2016|50002643720009|001|4300005361|00050|UCIC0119|2|EA|178500|KRW|357000|20160630|1300|
C|005186|2016|50002643720010|001|4300005361|00060|UGBC1193|7|EA|10200|KRW|71400|20160630|1300|
C|005186|2016|50002643720011|001|4300005362|00020|UGBC0813|15|EA|4620|KRW|69300|20160630|1300|
C|005186|2016|50002643720012|001|4300005362|00030|UGBC0378|10|EA|4620|KRW|46200|20160630|1300|
C|005186|2016|50002643730001|001|4300005354|00020|UGCC1073|2|EA|33900|KRW|67800|20160630|1300|
C|005186|2016|50002643730002|001|4300005354|00120|UGCC1076|2|EA|6400|KRW|12800|20160630|1300|
C|005186|2016|50002643730003|001|4300005354|00160|UGCC1077|1|EA|110000|KRW|110000|20160630|1300|
C|005186|2016|50002643730004|001|4300005354|00170|UGCC1078|3|EA|159530|KRW|478590|20160630|1300|
C|005186|2016|50002643730005|001|4300005355|00010|UGCC1079|5|EA|141500|KRW|707500|20160630|1300|
C|005186|2016|50002643730006|001|4300005355|00030|UGCC1080|12|EA|55000|KRW|660000|20160630|1300|
C|005186|2016|50002643730007|001|4300005355|00050|UGCC1082|1|EA|85800|KRW|85800|20160630|1300|
C|005186|2016|50002643730008|001|4300005356|00010|UGCC1074|3|EA|536000|KRW|1608000|20160630|1300|
C|005186|2016|50002643730009|001|4300005357|00020|UGCC1083|5|EA|143000|KRW|715000|20160630|1300|
C|005186|2016|50002643730010|001|4300005358|00010|UGCC1084|10|EA|63500|KRW|635000|20160630|1300|
C|005186|2016|50002643730011|001|4300005358|00020|UGCC1087|10|EA|33900|KRW|339000|20160630|1300|
C|005186|2016|50002643730012|001|4300005358|00030|UGCC1089|5|EA|53000|KRW|265000|20160630|1300|
C|005186|2016|50002643730013|001|4300005360|00010|UGCC0781|10|EA|49400|KRW|494000|20160630|1300|
C|005186|2016|50002643730014|001|4300005360|00020|UGCC1089|10|EA|53000|KRW|530000|20160630|1300|
C|005186|2016|50002643730015|001|4300005366|00020|UGCC0710|1|EA|30500|KRW|30500|20160630|1300|
C|005186|2016|50002643730016|001|4300005366|00030|UGCC0431|1|EA|136500|KRW|136500|20160630|1300|
C|005186|2016|50002643730017|001|4300005367|00010|UEAC0008|1|EA|1207500|KRW|1207500|20160630|1300|
C|005186|2016|50002643730018|001|4300005368|00010|UGCC1071|3|EA|597000|KRW|1791000|20160630|1300|
C|005186|2016|50002643730019|001|4300005408|00030|UDFC0176|10|EA|40300|KRW|403000|20160630|1300|
C|005186|2016|50002643730020|001|4300005412|00010|UGCC0960|1|EA|44500|KRW|44500|20160630|1300|
C|005186|2016|50002643740001|001|4300005408|00020|UKBC0010|2|EA|91480|KRW|182960|20160630|1300|
C|005186|2016|50002643740002|001|4300005408|00040|UKBC0010|2|EA|91480|KRW|182960|20160630|1300|
C|005186|2016|50002643740003|001|4300005409|00060|UKEC0017|1|EA|61200|KRW|61200|20160630|1300|
C|005186|2016|50002643740004|001|4300005409|00100|UFFC0012|1|EA|31190|KRW|31190|20160630|1300|
C|005186|2016|50002643740005|001|4300005413|00020|UDAC0234|4|EA|27300|KRW|109200|20160630|1300|
C|005186|2016|50002643740006|001|4300005417|00020|UFCC0004|10|EA|19150|KRW|191500|20160630|1300|
C|005186|2016|50002643740007|001|4300005417|00030|UFDC0003|30|EA|15280|KRW|458400|20160630|1300|
C|005186|2016|50002643750001|001|4300005408|00160|UDAC0043|30|EA|3470|KRW|104100|20160630|1300|
C|005186|2016|50002643750002|001|4300005409|00090|UGCC0099|5|EA|36300|KRW|181500|20160630|1300|
C|005186|2016|50002643750003|001|4300005412|00020|UDAC0049|10|EA|3410|KRW|34100|20160630|1300|
C|005186|2016|50002643750004|001|4300005412|00030|UEBC0070|1|EA|86310|KRW|86310|20160630|1300|
C|005186|2016|50002643750005|001|4300005412|00040|UEBC0064|2|EA|181130|KRW|362260|20160630|1300|
C|005186|2016|50002643750006|001|4300005412|00050|UEBC0174|4|EA|246750|KRW|987000|20160630|1300|
C|005186|2016|50002643750007|001|4300005412|00060|UAGC0193|100|EA|3255|KRW|325500|20160630|1300|
C|005186|2016|50002643750008|001|4300005413|00010|UEBC0003|8|EA|3650|KRW|29200|20160630|1300|
C|005186|2016|50002643750009|001|4300005413|00030|UKEC0109|40|EA|1526|KRW|61040|20160630|1300|
C|005186|2016|50002643750010|001|4300005413|00050|UEBC0663|4|EA|69930|KRW|279720|20160630|1300|
C|005186|2016|50002643750011|001|4300005413|00060|UEBC0791|10|EA|1350|KRW|13500|20160630|1300|
C|005186|2016|50002643750012|001|4300005413|00080|UEBC0030|4|EA|12130|KRW|48520|20160630|1300|
C|005186|2016|50002643750013|001|4300005413|00090|UDDC0377|1|EA|93280|KRW|93280|20160630|1300|
C|005186|2016|50002643750014|001|4300005414|00040|UEBC1270|2|EA|3700|KRW|7400|20160630|1300|
