C|005186|2020|50005457700001|001|4300015830|00010|UHTC0691|20|EA|357000|KRW|714000|20200131|1300|
C|005186|2020|50005457700002|001|4300015870|00020|UAGC0589|200|EA|345000|KRW|1380000|20200131|1300|
C|005186|2020|50005457700003|001|4300015888|00040|UADC0007|1|EA|231000|KRW|231000|20200131|1300|
C|005186|2020|50005459010001|001|4300015968|00010|UADC0017|2|EA|15750|KRW|31500|20200131|1300|
C|005186|2020|50005459010002|001|4300015968|00020|UADC0019|2|EA|19040|KRW|38080|20200131|1300|
C|005186|2020|50005459010003|001|4300015968|00030|UAEC0021|1|EA|32130|KRW|32130|20200131|1300|
C|005186|2020|50005459010004|001|4300015968|00040|UAEC0022|1|EA|14590|KRW|14590|20200131|1300|
C|005186|2020|50005459010005|001|4300015968|00050|UHTC0870|2|EA|85800|KRW|171600|20200131|1300|
C|005186|2020|50005459020001|001|4300015969|00010|UEBC1677|20|EA|36900|KRW|738000|20200131|1300|
C|005186|2020|50005459020002|001|4300015970|00010|UEAC1149|1|EA|1040000|KRW|1040000|20200131|1300|
C|005186|2020|50005459020003|001|4300015970|00020|UDBC1136|3|EA|209000|KRW|627000|20200131|1300|
C|005186|2020|50005459020004|001|4300015971|00010|UEBC1670|3|EA|650000|KRW|1950000|20200131|1300|
C|005186|2020|50005459020005|001|4300015972|00020|UEBC1670|1|EA|650000|KRW|650000|20200131|1300|
C|005186|2020|50005459020006|001|4300015972|00030|UEBC1674|5|EA|59000|KRW|295000|20200131|1300|
C|005186|2020|50005459020007|001|4300015972|00040|UDBC1132|2|EA|13200|KRW|26400|20200131|1300|
C|005186|2020|50005459020008|001|4300015972|00050|UDBC1134|2|EA|61100|KRW|122200|20200131|1300|
C|005186|2020|50005459020009|001|4300015972|00060|UDBC1135|30|EA|1400|KRW|42000|20200131|1300|
C|005186|2020|50005459020010|001|4300015972|00070|UEBC1675|2|EA|24400|KRW|48800|20200131|1300|
C|005186|2020|50005459020011|001|4300015976|00020|UEBC1671|2|EA|47400|KRW|94800|20200131|1300|
C|005186|2020|50005459020012|001|4300015976|00030|UEBC1672|2|EA|79000|KRW|158000|20200131|1300|
C|005186|2020|50005459020013|001|4300015976|00040|UEBC1673|2|EA|82200|KRW|164400|20200131|1300|
C|005186|2020|50005459020014|001|4300015977|00010|UGAC0117|1|EA|1850000|KRW|1850000|20200131|1300|
C|005186|2020|50005459020015|001|4300015978|00010|UEBC1666|1|EA|1790000|KRW|1790000|20200131|1300|
C|005186|2020|50005459020016|001|4300015979|00010|UEBC1666|1|EA|1790000|KRW|1790000|20200131|1300|
C|005186|2020|50005459020017|001|4300015981|00010|UGAC0096|1|EA|862000|KRW|862000|20200131|1300|
C|005186|2020|50005459020018|001|4300015981|00020|UEBC0340|2|EA|23100|KRW|46200|20200131|1300|
C|005186|2020|50005459020019|001|4300015981|00030|UEAC0137|1|EA|519900|KRW|519900|20200131|1300|
C|005186|2020|50005459020020|001|4300015982|00010|KS067207|5|EA|5780|KRW|28900|20200131|1300|
C|005186|2020|50005459030001|001|4300015749|00060|UCKC0167|2|EA|127000|KRW|254000|20200131|1300|
C|005186|2020|50005459030002|001|4300015749|00070|UCKC0105|4|EA|210540|KRW|842160|20200131|1300|
C|005186|2020|50005459030003|001|4300015750|00010|UCKC0086|6|EA|305200|KRW|1831200|20200131|1300|
C|005186|2020|50005459030004|001|4300015797|00010|UCKC0086|6|EA|305200|KRW|1831200|20200131|1300|
C|005186|2020|50005459030005|001|4300015831|00010|UCKC0105|5|EA|210540|KRW|1052700|20200131|1300|
