C|005186|2018|50004106740001|001|4300009887|00110|UJCC0043|10000|EA|210000|KRW|420000|20180330|1300|
C|005186|2018|50004106750001|001|4300009867|00020|KE230003|50|EA|46750|KRW|93500|20180330|1300|
C|005186|2018|50004106750002|001|4300009867|00030|KE231001|16|EA|32300|KRW|258400|20180330|1300|
C|005186|2018|50004106750003|001|4300009889|00040|UAGC0087|10|EA|10200|KRW|10200|20180330|1300|
C|005186|2018|50004106750004|001|4300009889|00060|UAAC0013|10|EA|32900|KRW|65800|20180330|1300|
C|005186|2018|50004106750005|001|4300009996|00010|UAHC0018|2|EA|73290|KRW|146580|20180330|1300|
C|005186|2018|50004106760001|001|4300009937|00020|UHTC0121|10|EA|336000|KRW|336000|20180330|1300|
C|005186|2018|50004106760002|001|4300009937|00060|UHTC0576|10|EA|347300|KRW|347300|20180330|1300|
C|005186|2018|50004106760003|001|4300009937|00070|UHTC0577|10|EA|168400|KRW|168400|20180330|1300|
C|005186|2018|50004106760004|001|4300009937|00080|UHTC0578|5|EA|29000|KRW|29000|20180330|1300|
C|005186|2018|50004106760005|001|4300009937|00090|UAJC0013|10|EA|32400|KRW|32400|20180330|1300|
C|005186|2018|50004106760006|001|4300009937|00100|UDFC0003|10|EA|2220|KRW|22200|20180330|1300|
C|005186|2018|50004106760007|001|4300009937|00130|UHTC0438|5|EA|174000|KRW|174000|20180330|1300|
C|005186|2018|50004106770001|001|4300009710|00090|UCIC0107|1|EA|336000|KRW|336000|20180330|1300|
C|005186|2018|50004106770002|001|4300009710|00100|UCIC0031|1|EA|432640|KRW|432640|20180330|1300|
C|005186|2018|50004106770003|001|4300009729|00010|UCIC0038|1|EA|1470000|KRW|1470000|20180330|1300|
C|005186|2018|50004106770004|001|4300009729|00020|UCIC0069|1|EA|787500|KRW|787500|20180330|1300|
C|005186|2018|50004106770005|001|4300009765|00020|UCIC0100|1|EA|1155000|KRW|1155000|20180330|1300|
C|005186|2018|50004106770006|001|4300009766|00030|UGBC0556|10|EA|52500|KRW|525000|20180330|1300|
C|005186|2018|50004106780001|001|4300009705|00100|UGBC0297|1|EA|1260000|KRW|1260000|20180330|1300|
C|005186|2018|50004106780002|001|4300009710|00070|UGBC1232|10|EA|16900|KRW|169000|20180330|1300|
C|005186|2018|50004106780003|001|4300009766|00040|UKBC0002|1|EA|367500|KRW|367500|20180330|1300|
C|005186|2018|50004106780004|001|4300009768|00040|UHTC0748|20|EA|57300|KRW|1146000|20180330|1300|
C|005186|2018|50004106790001|001|4300009767|00060|UACC0030|1|EA|377000|KRW|377000|20180330|1300|
C|005186|2018|50004106790002|001|4300009767|00070|UEBC0493|3|EA|4470|KRW|13410|20180330|1300|
C|005186|2018|50004106790003|001|4300009767|00080|UEBC1395|1|EA|13400|KRW|13400|20180330|1300|
C|005186|2018|50004106790004|001|4300009767|00140|UEBC0095|1|EA|12940|KRW|12940|20180330|1300|
C|005186|2018|50004106790005|001|4300009767|00150|UEBC0622|4|EA|18940|KRW|75760|20180330|1300|
C|005186|2018|50004106790006|001|4300009767|00170|UEBC0956|1|EA|65520|KRW|65520|20180330|1300|
C|005186|2018|50004106790007|001|4300009767|00180|UEBC0387|4|EA|12980|KRW|51920|20180330|1300|
C|005186|2018|50004106790008|001|4300009768|00010|UDAC0009|16|EA|9450|KRW|151200|20180330|1300|
C|005186|2018|50004106790009|001|4300009768|00020|UEBC0133|60|EA|2090|KRW|125400|20180330|1300|
C|005186|2018|50004106790010|001|4300009768|00030|UDAC0249|60|EA|53|KRW|3180|20180330|1300|
C|005186|2018|50004106790011|001|4300009768|00060|UEBC0225|5|EA|2820|KRW|14100|20180330|1300|
C|005186|2018|50004106790012|001|4300009768|00070|UEBC1107|5|EA|6710|KRW|33550|20180330|1300|
C|005186|2018|50004106790013|001|4300009768|00080|UEBC0032|2|EA|15510|KRW|31020|20180330|1300|
C|005186|2018|50004106790014|001|4300009768|00090|UCIC0018|10|EA|8510|KRW|85100|20180330|1300|
C|005186|2018|50004106790015|001|4300009795|00010|UZZC0129|300|EA|2000|KRW|600000|20180330|1300|
C|005186|2018|50004106790016|001|4300009795|00030|UEBC1085|5|EA|37000|KRW|185000|20180330|1300|
C|005186|2018|50004106790017|001|4300009796|00040|UEBC0584|50|EA|1890|KRW|94500|20180330|1300|
C|005186|2018|50004106790018|001|4300009796|00050|UEBC1030|5|EA|68100|KRW|340500|20180330|1300|
C|005186|2018|50004106800001|001|4300009796|00010|UHTC0780|20|EA|42400|KRW|848000|20180330|1300|
C|005186|2018|50004106810001|001|4300009792|00010|UHHC0201|60|EA|31580|KRW|1894800|20180330|1300|
C|005186|2018|50004106810002|001|4300009822|00020|UHNC0057|1|EA|816270|KRW|816270|20180330|1300|
C|005186|2018|50004106810003|001|4300009822|00030|UHDC0233|5|EA|50500|KRW|252500|20180330|1300|
C|005186|2018|50004106810004|001|4300009822|00060|UHFC0018|5|EA|87680|KRW|438400|20180330|1300|
C|005186|2018|50004106820001|001|4300009776|00010|UHGC0134|2|EA|756000|KRW|1512000|20180330|1300|
C|005186|2018|50004106820002|001|4300009777|00010|UHAC0010|1|EA|960000|KRW|960000|20180330|1300|
C|005186|2018|50004106820003|001|4300009777|00020|UHTC0835|2|EA|440000|KRW|880000|20180330|1300|
C|005186|2018|50004106820004|001|4300009778|00010|UHFC0443|1|EA|1390000|KRW|1390000|20180330|1300|
C|005186|2018|50004106820005|001|4300009779|00010|UHGC0330|3|EA|257250|KRW|771750|20180330|1300|
C|005186|2018|50004106820006|001|4300009779|00020|UHGC0331|3|EA|249900|KRW|749700|20180330|1300|
C|005186|2018|50004106820007|001|4300009780|00010|UHNC0062|1|EA|1501500|KRW|1501500|20180330|1300|
C|005186|2018|50004106820008|001|4300009791|00010|UHNC0059|1|EA|445500|KRW|445500|20180330|1300|
C|005186|2018|50004106820009|001|4300009791|00020|UHHC0100|2|EA|495012|KRW|990024|20180330|1300|
C|005186|2018|50004106830001|001|4300009868|00020|UAEC0047|2|EA|21000|KRW|42000|20180330|1300|
C|005186|2018|50004106830002|001|4300009869|00020|UAEC0317|4|EA|3046|KRW|6092|20180330|1300|
C|005186|2018|50004106830003|001|4300009871|00100|UAEC0057|1|EA|9830|KRW|9830|20180330|1300|
C|005186|2018|50004106830004|001|4300009871|00110|UAEC0049|1|EA|9900|KRW|9900|20180330|1300|
C|005186|2018|50004106830005|001|4300009887|00040|UAGC0379|3|EA|35700|KRW|107100|20180330|1300|
C|005186|2018|50004106830006|001|4300009889|00140|UADC0066|10|EA|66200|KRW|66200|20180330|1300|
C|005186|2018|50004106830007|001|4300009890|00010|UDFC0057|20|EA|138600|KRW|277200|20180330|1300|
C|005186|2018|50004106830008|001|4300009890|00040|UAEC0267|2|EA|12718|KRW|12718|20180330|1300|
C|005186|2018|50004106830009|001|4300009901|00040|UAHC0017|1|EA|332630|KRW|332630|20180330|1300|
C|005186|2018|50004106830010|001|4300009902|00040|UDFC0055|6|EA|13890|KRW|83340|20180330|1300|
C|005186|2018|50004106830011|001|4300009902|00050|UDFC0097|6|EA|6850|KRW|41100|20180330|1300|
C|005186|2018|50004106830012|001|4300009921|00020|UAEC0463|5|EA|168000|KRW|840000|20180330|1300|
C|005186|2018|50004106840001|001|4300009872|00080|UGBC0913|5|EA|36225|KRW|181125|20180330|1300|
C|005186|2018|50004106840002|001|4300009872|00090|UGCC0140|1|EA|57750|KRW|57750|20180330|1300|
C|005186|2018|50004106840003|001|4300009896|00040|UGBC1532|3|EA|36600|KRW|109800|20180330|1300|
C|005186|2018|50004106840004|001|4300009939|00010|UGCC0140|2|EA|57750|KRW|115500|20180330|1300|
C|005186|2018|50004106840005|001|4300010001|00010|UGBC1425|5|EA|127000|KRW|635000|20180330|1300|
C|005186|2018|50004106850001|001|4300009872|00010|UGBC1381|5|EA|57500|KRW|287500|20180330|1300|
C|005186|2018|50004106850002|001|4300009891|00010|UGBC0548|30|EA|39900|KRW|119700|20180330|1300|
C|005186|2018|50004106850003|001|4300009897|00020|UGBC0548|20|EA|39900|KRW|79800|20180330|1300|
C|005186|2018|50004106850004|001|4300009920|00020|UBCC0044|3|EA|56900|KRW|170700|20180330|1300|
C|005186|2018|50004106850005|001|4300009939|00020|UCIC0100|1|EA|1155000|KRW|1155000|20180330|1300|
C|005186|2018|50004106850006|001|4300009945|00040|UGBC0712|10|EA|8300|KRW|8300|20180330|1300|
C|005186|2018|50004106850007|001|4300009945|00050|UGBC0168|10|EA|1680|KRW|16800|20180330|1300|
C|005186|2018|50004106850008|001|4300009945|00060|UGBC0127|10|EA|1010|KRW|10100|20180330|1300|
C|005186|2018|50004106850009|001|4300009945|00070|UGBC1371|5|EA|66000|KRW|330000|20180330|1300|
C|005186|2018|50004106860001|001|4300009998|00040|UHTC0747|10|EA|101000|KRW|1010000|20180330|1300|
C|005186|2018|50004106860002|001|4300010029|00090|UCKC0126|100|EA|610000|KRW|1220000|20180330|1300|
