C|005186|2013|50000258420001|001|4300000440|00010|KE030011|6|EA|8190|KRW|49140|20130831|1300|
C|005186|2013|50000258420002|001|4300000440|00020|KE050201|4|EA|8460|KRW|33840|20130831|1300|
C|005186|2013|50000258420003|001|4300000440|00030|KE050213|3|EA|8440|KRW|25320|20130831|1300|
C|005186|2013|50000258420004|001|4300000440|00040|KE050304|13|EA|2600|KRW|33800|20130831|1300|
C|005186|2013|50000258420005|001|4300000440|00050|KE050701|9|EA|2630|KRW|23670|20130831|1300|
C|005186|2013|50000258420006|001|4300000440|00060|KE050801|10|EA|1900|KRW|19000|20130831|1300|
C|005186|2013|50000258420007|001|4300000440|00070|KE090112|7|EA|16800|KRW|117600|20130831|1300|
C|005186|2013|50000258420008|001|4300000440|00080|KE090127|1|EA|34000|KRW|34000|20130831|1300|
C|005186|2013|50000258420009|001|4300000440|00090|KE110100|4|EA|124000|KRW|496000|20130831|1300|
C|005186|2013|50000258420010|001|4300000440|00100|KE110200|10|EA|65100|KRW|651000|20130831|1300|
C|005186|2013|50000258420011|001|4300000440|00110|KE200113|3|EA|130000|KRW|390000|20130831|1300|
C|005186|2013|50000258420012|001|4300000440|00130|KE200200|1|EA|130200|KRW|130200|20130831|1300|
C|005186|2013|50000258420013|001|4300000440|00140|KE230003|175|EA|1870|KRW|327250|20130831|1300|
C|005186|2013|50000258420014|001|4300000440|00150|KE231001|27|EA|16150|KRW|436050|20130831|1300|
C|005186|2013|50000258420015|001|4300000440|00160|KE231406|8|EA|7140|KRW|57120|20130831|1300|
C|005186|2013|50000258420016|001|4300000440|00170|KE231503|16|EA|1160|KRW|18560|20130831|1300|
C|005186|2013|50000258420017|001|4300000440|00180|KE270300|60|EA|470|KRW|28200|20130831|1300|
C|005186|2013|50000258420018|001|4300000440|00190|KE280401|5|EA|20800|KRW|104000|20130831|1300|
C|005186|2013|50000258420019|001|4300000440|00200|KE281401|12|EA|840|KRW|10080|20130831|1300|
C|005186|2013|50000258430001|001|4300000440|00120|KE200115|2|EA|120000|KRW|240000|20130831|1300|
C|005186|2013|50000258440001|001|4300000450|00010|UKEC0071|2|EA|105200|KRW|210400|20130831|1300|
C|005186|2013|50000258440002|001|4300000450|00020|UKEC0068|2|EA|105200|KRW|210400|20130831|1300|
C|005186|2013|50000258440003|001|4300000450|00030|UKEC0051|1|EA|71400|KRW|71400|20130831|1300|
C|005186|2013|50000258440004|001|4300000450|00040|UKEC0065|1|EA|28350|KRW|28350|20130831|1300|
C|005186|2013|50000258440005|001|4300000450|00050|UKEC0086|5|EA|2100|KRW|10500|20130831|1300|
C|005186|2013|50000258440006|001|4300000450|00060|UKEC0087|5|EA|1890|KRW|9450|20130831|1300|
C|005186|2013|50000258440007|001|4300000450|00070|UKEC0088|5|EA|2000|KRW|10000|20130831|1300|
C|005186|2013|50000258440008|001|4300000450|00110|UKEC0038|1|EA|27300|KRW|27300|20130831|1300|
C|005186|2013|50000258450001|001|4300000470|00090|UKEC0068|2|EA|105200|KRW|210400|20130831|1300|
C|005186|2013|50000258450002|001|4300000470|00100|UKEC0064|1|EA|7350|KRW|7350|20130831|1300|
C|005186|2013|50000258450003|001|4300000470|00110|UKEC0099|10|EA|1365|KRW|13650|20130831|1300|
C|005186|2013|50000258460001|001|4300000455|00010|UKEC0058|1|EA|73500|KRW|73500|20130831|1300|
C|005186|2013|50000258460002|001|4300000455|00020|UKEC0038|1|EA|27300|KRW|27300|20130831|1300|
C|005186|2013|50000258460003|001|4300000455|00030|UKEC0110|5|EA|47340|KRW|236700|20130831|1300|
C|005186|2013|50000258460004|001|4300000455|00040|UKEC0001|5|EA|1360|KRW|6800|20130831|1300|
C|005186|2013|50000258460005|001|4300000455|00050|UKEC0002|30|EA|530|KRW|15900|20130831|1300|
C|005186|2013|50000258460006|001|4300000455|00060|UKEC0031|10|EA|2000|KRW|20000|20130831|1300|
C|005186|2013|50000258460007|001|4300000455|00070|UKEC0029|10|EA|2100|KRW|21000|20130831|1300|
C|005186|2013|50000258460008|001|4300000455|00080|UKEC0101|10|EA|2016|KRW|20160|20130831|1300|
C|005186|2013|50000258460009|001|4300000455|00090|UKEC0097|10|EA|2625|KRW|26250|20130831|1300|
C|005186|2013|50000258470001|001|4300000456|00070|UKEC0068|2|EA|105200|KRW|210400|20130831|1300|
C|005186|2013|50000258470002|001|4300000456|00080|UKEC0065|1|EA|28350|KRW|28350|20130831|1300|
C|005186|2013|50000258470003|001|4300000456|00090|UKEC0099|10|EA|1365|KRW|13650|20130831|1300|
C|005186|2013|50000258480001|001|4300000465|00050|UKEC0068|1|EA|105200|KRW|105200|20130831|1300|
C|005186|2013|50000258480002|001|4300000465|00060|UKEC0071|1|EA|105200|KRW|105200|20130831|1300|
