C|005186|2021|50006205210001|001|4300019277|00040|UDAC0328|20|EA|2500|KRW|50000|20210218|1300|
C|005186|2021|50006205210002|001|4300019277|00050|UDAC0312|20|EA|3100|KRW|62000|20210218|1300|
C|005186|2021|50006205210003|001|4300019407|00020|UGBC0805|20|EA|4410|KRW|88200|20210218|1300|
C|005186|2021|50006205210004|001|4300019407|00030|UGBC0067|20|EA|2520|KRW|50400|20210218|1300|
C|005186|2021|50006205210005|001|4300019407|00040|UGBC0233|30|EA|1370|KRW|41100|20210218|1300|
C|005186|2021|50006205210006|001|4300019407|00050|UJCC0028|1|EA|100800|KRW|100800|20210218|1300|
C|005186|2021|50006205210007|001|4300019407|00070|UGBC0832|50|EA|160|KRW|8000|20210218|1300|
C|005186|2021|50006205210008|001|4300019409|00010|UGBC0658|5|EA|160650|KRW|803250|20210218|1300|
C|005186|2021|50006205210009|001|4300019409|00020|UGBC0643|10|EA|8400|KRW|84000|20210218|1300|
C|005186|2021|50006205210010|001|4300019409|00030|UGBC1197|10|EA|27300|KRW|273000|20210218|1300|
C|005186|2021|50006205210011|001|4300019409|00040|UGBC1843|10|EA|2630|KRW|26300|20210218|1300|
C|005186|2021|50006205210012|001|4300019410|00010|UGBC0622|10|EA|1050|KRW|10500|20210218|1300|
C|005186|2021|50006205210013|001|4300019410|00020|UGBC0170|10|EA|2310|KRW|23100|20210218|1300|
C|005186|2021|50006205210014|001|4300019410|00030|UGBC0143|10|EA|2110|KRW|21100|20210218|1300|
C|005186|2021|50006205210015|001|4300019410|00040|UGBC0481|5|EA|15225|KRW|76125|20210218|1300|
C|005186|2021|50006205210016|001|4300019410|00050|UGBC1087|5|EA|52500|KRW|262500|20210218|1300|
C|005186|2021|50006205210017|001|4300019410|00060|UGBC1081|5|EA|136500|KRW|682500|20210218|1300|
C|005186|2021|50006205210018|001|4300019411|00010|UGBC1086|5|EA|147000|KRW|735000|20210218|1300|
C|005186|2021|50006205210019|001|4300019411|00020|UGBC0713|10|EA|2840|KRW|28400|20210218|1300|
C|005186|2021|50006205210020|001|4300019411|00030|UGBC0819|5|EA|10500|KRW|52500|20210218|1300|
C|005186|2021|50006205210021|001|4300019411|00040|UGBC1618|20|EA|3710|KRW|74200|20210218|1300|
C|005186|2021|50006205210022|001|4300019411|00050|UGBC0378|20|EA|4620|KRW|92400|20210218|1300|
C|005186|2021|50006205210023|001|4300019412|00010|UCIC0172|1|EA|1852000|KRW|1852000|20210218|1300|
C|005186|2021|50006205210024|001|4300019413|00010|UCIC0213|1|EA|106000|KRW|106000|20210218|1300|
C|005186|2021|50006205210025|001|4300019413|00020|UCIC0068|1|EA|556500|KRW|556500|20210218|1300|
C|005186|2021|50006205210026|001|4300019413|00030|UCIC0069|1|EA|787500|KRW|787500|20210218|1300|
C|005186|2021|50006205210027|001|4300019413|00040|UCIC0106|1|EA|157500|KRW|157500|20210218|1300|
C|005186|2021|50006205220001|001|4300019493|00010|KE030011|4|EA|8190|KRW|32760|20210218|1300|
C|005186|2021|50006205220002|001|4300019493|00020|KE030116|1|EA|157500|KRW|157500|20210218|1300|
C|005186|2021|50006205220003|001|4300019493|00030|KE030200|3|EA|15230|KRW|45690|20210218|1300|
C|005186|2021|50006205220004|001|4300019493|00040|KE030206|2|EA|16380|KRW|32760|20210218|1300|
C|005186|2021|50006205220005|001|4300019493|00050|KE030211|1|EA|145740|KRW|145740|20210218|1300|
C|005186|2021|50006205220006|001|4300019493|00060|KE050003|9|EA|1400|KRW|12600|20210218|1300|
C|005186|2021|50006205220007|001|4300019493|00070|KE050004|6|EA|1400|KRW|8400|20210218|1300|
C|005186|2021|50006205220008|001|4300019493|00080|KE050304|7|EA|2600|KRW|18200|20210218|1300|
C|005186|2021|50006205220009|001|4300019493|00090|KE090116|3|EA|28040|KRW|84120|20210218|1300|
C|005186|2021|50006205220010|001|4300019493|00100|KE090165|2|EA|165900|KRW|331800|20210218|1300|
C|005186|2021|50006205220011|001|4300019493|00110|KE190003|5|EA|29300|KRW|146500|20210218|1300|
C|005186|2021|50006205220012|001|4300019493|00120|KE200200|2|EA|130200|KRW|260400|20210218|1300|
C|005186|2021|50006205220013|001|4300019493|00130|KE210001|2|EA|53030|KRW|106060|20210218|1300|
C|005186|2021|50006205220014|001|4300019493|00140|KE210006|1|EA|53030|KRW|53030|20210218|1300|
C|005186|2021|50006205220015|001|4300019493|00150|KE230003|100|EA|1870|KRW|187000|20210218|1300|
C|005186|2021|50006205220016|001|4300019493|00160|KE231403|4|EA|1840|KRW|7360|20210218|1300|
C|005186|2021|50006205220017|001|4300019493|00170|KE231406|10|EA|7140|KRW|71400|20210218|1300|
C|005186|2021|50006205220018|001|4300019493|00180|KE231503|6|EA|1160|KRW|6960|20210218|1300|
C|005186|2021|50006205220019|001|4300019493|00190|KE270300|60|EA|470|KRW|28200|20210218|1300|
C|005186|2021|50006205220020|001|4300019493|00200|KE270302|5|EA|6900|KRW|34500|20210218|1300|
C|005186|2021|50006205220021|001|4300019493|00210|KE280401|3|EA|20800|KRW|62400|20210218|1300|
C|005186|2021|50006205220022|001|4300019493|00220|KE281401|28|EA|840|KRW|23520|20210218|1300|
C|005186|2021|50006205230001|001|4300019568|00010|UJCC0068|30|EA|13300|KRW|399000|20210218|1300|
C|005186|2021|50006205230002|001|4300019568|00030|UEBC0503|8|EA|5901|KRW|47208|20210218|1300|
C|005186|2021|50006205230003|001|4300019570|00020|UGCC0718|50|EA|23200|KRW|1160000|20210218|1300|
C|005186|2021|50006205230004|001|4300019570|00040|UDBC0185|200|EA|95|KRW|19000|20210218|1300|
C|005186|2021|50006205230005|001|4300019570|00050|UDBC0189|100|EA|104|KRW|10400|20210218|1300|
C|005186|2021|50006205230006|001|4300019570|00060|UDBC0161|100|EA|229|KRW|22900|20210218|1300|
C|005186|2021|50006205230007|001|4300019570|00070|UGCC0490|1|EA|91770|KRW|91770|20210218|1300|
C|005186|2021|50006205230008|001|4300019570|00080|UGCC0492|1|EA|172000|KRW|172000|20210218|1300|
C|005186|2021|50006205230009|001|4300019571|00010|UGCC0718|50|EA|23200|KRW|1160000|20210218|1300|
