C|005186|2019|50005000220001|001|4300013634|00020|CMB0010|100|EA|1280|KRW|128000|20190615|1300|
C|005186|2019|50005000220002|001|4300013636|00050|CMB0010|40|EA|1280|KRW|51200|20190615|1300|
C|005186|2019|50005000220003|001|4300013636|00070|CME0001|12|EA|3300|KRW|39600|20190615|1300|
C|005186|2019|50005000220004|001|4300013636|00080|CME0010|60|EA|240|KRW|14400|20190615|1300|
C|005186|2019|50005000220005|001|4300013637|00040|CMB0010|70|EA|1280|KRW|89600|20190615|1300|
C|005186|2019|50005000220006|001|4300013637|00050|CMG0002|2|EA|7060|KRW|14120|20190615|1300|
C|005186|2019|50005000220007|001|4300013637|00060|CMZ0006|10|EA|1170|KRW|11700|20190615|1300|
C|005186|2019|50005000220008|001|4300013637|00070|CMZ0014|1|EA|19000|KRW|19000|20190615|1300|
C|005186|2019|50005000220009|001|4300013701|00060|CME0001|10|EA|3300|KRW|33000|20190615|1300|
C|005186|2019|50005000220010|001|4300013701|00070|CME0010|150|EA|240|KRW|36000|20190615|1300|
C|005186|2019|50005000220011|001|4300013702|00040|CMB0010|10|EA|1280|KRW|12800|20190615|1300|
C|005186|2019|50005000220012|001|4300013702|00060|CMF0006|30|EA|9500|KRW|285000|20190615|1300|
C|005186|2019|50005000230001|001|4300013702|00050|CMA0002|20|EA|1440|KRW|28800|20190615|1300|
C|005186|2019|50005000240001|001|4300013701|00090|CMF0005|3|EA|18700|KRW|56100|20190615|1300|
C|005186|2019|50005000250001|001|4300013630|00040|CMG0001|3|EA|1290|KRW|3870|20190615|1300|
