C|005186|2016|50002561050001|001|4300005137|00020|KE231403|30|EA|1840|KRW|55200|20160531|1300|
C|005186|2016|50002561050002|001|4300005137|00030|KE231503|30|EA|1160|KRW|34800|20160531|1300|
C|005186|2016|50002561050003|001|4300005140|00010|UGBC1464|1|EA|954000|KRW|954000|20160531|1300|
C|005186|2016|50002561050004|001|4300005140|00020|UCIC0052|1|EA|947400|KRW|947400|20160531|1300|
C|005186|2016|50002561050005|001|4300005186|00040|UHTC0486|1|EA|46410|KRW|46410|20160531|1300|
C|005186|2016|50002561050006|001|4300005186|00080|UFKC0129|2|EA|157900|KRW|315800|20160531|1300|
C|005186|2016|50002561050007|001|4300005186|00090|UIDC0126|3|EA|27300|KRW|81900|20160531|1300|
C|005186|2016|50002561050008|001|4300005186|00100|UDBC0351|200|EA|284|KRW|56800|20160531|1300|
C|005186|2016|50002561050009|001|4300005186|00110|UDBC0723|400|EA|89|KRW|35600|20160531|1300|
C|005186|2016|50002561050010|001|4300005186|00120|UDBC0035|50|EA|300|KRW|15000|20160531|1300|
C|005186|2016|50002561050011|001|4300005186|00130|UDBC0726|200|EA|140|KRW|28000|20160531|1300|
