C|005186|2019|50004951630001|001|4300013526|00040|UJAC0038|10|EA|18900|KRW|189000|20190527|1300|
C|005186|2019|50004951630002|001|4300013552|00010|UICC0056|12|EA|57200|KRW|171600|20190527|1300|
C|005186|2019|50004951630003|001|4300013552|00030|UDFC0095|100|EA|18900|KRW|189000|20190527|1300|
C|005186|2019|50004951630004|001|4300013552|00060|UEBC0774|100|EA|10300|KRW|51500|20190527|1300|
C|005186|2019|50004951630005|001|4300013552|00070|UEBC0775|100|EA|18400|KRW|92000|20190527|1300|
C|005186|2019|50004951630006|001|4300013552|00080|UEBC1355|2|EA|8910|KRW|17820|20190527|1300|
C|005186|2019|50004951630007|001|4300013552|00090|UEBC1301|2|EA|20500|KRW|41000|20190527|1300|
C|005186|2019|50004951630008|001|4300013552|00100|UEBC0027|10|EA|10030|KRW|100300|20190527|1300|
C|005186|2019|50004951630009|001|4300013552|00110|UEBC0026|10|EA|20840|KRW|208400|20190527|1300|
C|005186|2019|50004951630010|001|4300013552|00120|UEBC0030|10|EA|12130|KRW|121300|20190527|1300|
C|005186|2019|50004951630011|001|4300013552|00130|UEBC0029|10|EA|25240|KRW|252400|20190527|1300|
C|005186|2019|50004951630012|001|4300013552|00140|UEBC1114|1|EA|87980|KRW|87980|20190527|1300|
C|005186|2019|50004951630013|001|4300013559|00010|KS080705|5|EA|18500|KRW|92500|20190527|1300|
C|005186|2019|50004951640001|001|4300013524|00130|UHHC0136|1|EA|96600|KRW|96600|20190527|1300|
C|005186|2019|50004951640002|001|4300013537|00010|UHTC0802|25|EA|249100|KRW|1245500|20190527|1300|
C|005186|2019|50004951640003|001|4300013538|00010|UHTC0772|60|EA|466400|KRW|1399200|20190527|1300|
C|005186|2019|50004951640004|001|4300013542|00010|UHNC0145|1|EA|1790000|KRW|1790000|20190527|1300|
C|005186|2019|50004951640005|001|4300013548|00130|KE270302|3|EA|6900|KRW|20700|20190527|1300|
C|005186|2019|50004951640006|001|4300013554|00010|UHNC0113|1|EA|772800|KRW|772800|20190527|1300|
C|005186|2019|50004951640007|001|4300013554|00020|UHNC0032|1|EA|293000|KRW|293000|20190527|1300|
C|005186|2019|50004951640008|001|4300013554|00030|UHGC0254|1|EA|800000|KRW|800000|20190527|1300|
C|005186|2019|50004951640009|001|4300013554|00040|UHFC0131|1|EA|80850|KRW|80850|20190527|1300|
C|005186|2019|50004951640010|001|4300013555|00010|UHFC0443|1|EA|1390000|KRW|1390000|20190527|1300|
C|005186|2019|50004951640011|001|4300013555|00020|UHGC0337|2|EA|233000|KRW|466000|20190527|1300|
C|005186|2019|50004951640012|001|4300013556|00010|UHTC0250|20|EA|887300|KRW|1774600|20190527|1300|
C|005186|2019|50004951650001|001|4300013547|00010|KE030011|10|EA|8190|KRW|81900|20190527|1300|
C|005186|2019|50004951650002|001|4300013547|00020|KE030200|2|EA|15230|KRW|30460|20190527|1300|
C|005186|2019|50004951650003|001|4300013547|00030|KE030205|4|EA|31290|KRW|125160|20190527|1300|
C|005186|2019|50004951650004|001|4300013547|00040|KE030206|1|EA|16380|KRW|16380|20190527|1300|
C|005186|2019|50004951650005|001|4300013547|00050|KE050201|1|EA|8460|KRW|8460|20190527|1300|
C|005186|2019|50004951650006|001|4300013547|00060|KE090112|2|EA|16800|KRW|33600|20190527|1300|
C|005186|2019|50004951650007|001|4300013547|00070|KE110100|12|EA|124000|KRW|1488000|20190527|1300|
C|005186|2019|50004951650008|001|4300013547|00080|KE200113|1|EA|130000|KRW|130000|20190527|1300|
C|005186|2019|50004951650009|001|4300013548|00100|KE210001|1|EA|53030|KRW|53030|20190527|1300|
C|005186|2019|50004951650010|001|4300013548|00110|KE230003|75|EA|46750|KRW|140250|20190527|1300|
C|005186|2019|50004951650011|001|4300013548|00120|KE231001|20|EA|16150|KRW|323000|20190527|1300|
C|005186|2019|50004951660001|001|4300013539|00030|UHNC0113|1|EA|772800|KRW|772800|20190527|1300|
C|005186|2019|50004951660002|001|4300013539|00040|UHHC0078|1|EA|573300|KRW|573300|20190527|1300|
C|005186|2019|50004951660003|001|4300013540|00010|UHGC0351|5|EA|104860|KRW|524300|20190527|1300|
C|005186|2019|50004951660004|001|4300013540|00020|UHGC0326|2|EA|237000|KRW|474000|20190527|1300|
C|005186|2019|50004951660005|001|4300013540|00030|UHFC0109|20|EA|13000|KRW|26000|20190527|1300|
C|005186|2019|50004951660006|001|4300013540|00040|UHFC0101|20|EA|135000|KRW|270000|20190527|1300|
C|005186|2019|50004951660007|001|4300013541|00010|UHGC0134|2|EA|756000|KRW|1512000|20190527|1300|
C|005186|2019|50004951660008|001|4300013543|00010|UHGC0339|1|EA|315000|KRW|315000|20190527|1300|
C|005186|2019|50004951660009|001|4300013543|00020|UHHC0208|5|EA|77910|KRW|77910|20190527|1300|
C|005186|2019|50004951660010|001|4300013543|00030|UHFC0356|5|EA|50400|KRW|252000|20190527|1300|
C|005186|2019|50004951660011|001|4300013543|00040|UHGC0325|2|EA|237000|KRW|474000|20190527|1300|
C|005186|2019|50004951660012|001|4300013543|00050|UHDC0066|5|EA|498750|KRW|498750|20190527|1300|
C|005186|2019|50004951660013|001|4300013544|00010|UHHC0100|1|EA|495012|KRW|495012|20190527|1300|
C|005186|2019|50004951660014|001|4300013544|00020|UHHC0069|1|EA|412650|KRW|412650|20190527|1300|
C|005186|2019|50004951660015|001|4300013544|00030|UHFC0336|2|EA|82950|KRW|165900|20190527|1300|
C|005186|2019|50004951680001|001|4300013592|00010|UCKC0103|1|EA|154000|KRW|154000|20190527|1300|
C|005186|2019|50004951680002|001|4300013605|00020|UDBC0944|200|EA|50350|KRW|201400|20190527|1300|
C|005186|2019|50004951680003|001|4300013605|00060|UADC0077|5|EA|5796|KRW|28980|20190527|1300|
C|005186|2019|50004951680004|001|4300013605|00070|UKBC0007|10|EA|87700|KRW|175400|20190527|1300|
C|005186|2019|50004951680005|001|4300013607|00060|UAGC0108|10|EA|8900|KRW|8900|20190527|1300|
C|005186|2019|50004951680006|001|4300013607|00070|UAEC0255|2|EA|28850|KRW|57700|20190527|1300|
C|005186|2019|50004951680007|001|4300013607|00080|UAEC0257|2|EA|25800|KRW|51600|20190527|1300|
C|005186|2019|50004951680008|001|4300013607|00090|UIEC0022|1|EA|22050|KRW|22050|20190527|1300|
C|005186|2019|50004951690001|001|4300013553|00010|UJAC0130|1|EA|60640|KRW|60640|20190527|1300|
C|005186|2019|50004951690002|001|4300013553|00020|UJAC0148|1|EA|110250|KRW|110250|20190527|1300|
