C|005186|2016|50002883670001|001|4300005997|00020|UDBC0671|50|EA|1790|KRW|89500|20160929|1300|
C|005186|2016|50002883670002|001|4300005997|00030|UAGC0476|2|EA|15519|KRW|31038|20160929|1300|
C|005186|2016|50002883670003|001|4300006000|00010|KT020008|4|EA|8030|KRW|32120|20160929|1300|
C|005186|2016|50002883670004|001|4300006000|00020|KT020009|2|EA|8030|KRW|16060|20160929|1300|
C|005186|2016|50002883670005|001|4300006000|00030|KT020010|4|EA|10190|KRW|40760|20160929|1300|
C|005186|2016|50002883670006|001|4300006000|00040|KT020011|2|EA|10400|KRW|20800|20160929|1300|
C|005186|2016|50002883670007|001|4300006000|00050|KT020012|2|EA|13110|KRW|26220|20160929|1300|
C|005186|2016|50002883670008|001|4300006000|00060|KT020013|2|EA|13110|KRW|26220|20160929|1300|
C|005186|2016|50002883670009|001|4300006000|00070|KT020015|3|EA|15720|KRW|47160|20160929|1300|
C|005186|2016|50002883670010|001|4300006000|00080|KT020019|1|EA|23570|KRW|23570|20160929|1300|
C|005186|2016|50002883670011|001|4300006000|00090|KT020020|1|EA|27800|KRW|27800|20160929|1300|
C|005186|2016|50002883670012|001|4300006000|00100|KT020500|20|EA|3110|KRW|62200|20160929|1300|
C|005186|2016|50002883670013|001|4300006000|00110|KT020600|2|EA|14910|KRW|29820|20160929|1300|
C|005186|2016|50002883670014|001|4300006000|00120|KT020620|10|EA|290|KRW|2900|20160929|1300|
C|005186|2016|50002883670015|001|4300006000|00130|KT020702|25|EA|470|KRW|11750|20160929|1300|
C|005186|2016|50002883670016|001|4300006000|00140|KT020704|20|EA|610|KRW|12200|20160929|1300|
C|005186|2016|50002883670017|001|4300006000|00150|KT080110|2|EA|25440|KRW|50880|20160929|1300|
C|005186|2016|50002883670018|001|4300006000|00160|KT080311|4|EA|72980|KRW|291920|20160929|1300|
C|005186|2016|50002883670019|001|4300006000|00170|KT080520|4|EA|2760|KRW|11040|20160929|1300|
C|005186|2016|50002883670020|001|4300006000|00180|KT990001|200|EA|510|KRW|102000|20160929|1300|
C|005186|2016|50002883670021|001|4300006000|00190|KT990010|180|EA|370|KRW|66600|20160929|1300|
C|005186|2016|50002883670022|001|4300006000|00210|KH990100|4|EA|27220|KRW|108880|20160929|1300|
C|005186|2016|50002883670023|001|4300006000|00220|KH990101|6|EA|7250|KRW|43500|20160929|1300|
C|005186|2016|50002883670024|001|4300006000|00360|KT020002|2|EA|5600|KRW|11200|20160929|1300|
C|005186|2016|50002883670025|001|4300006000|00370|KT020004|3|EA|5600|KRW|16800|20160929|1300|
C|005186|2016|50002883670026|001|4300006000|00380|KT020005|2|EA|5640|KRW|11280|20160929|1300|
C|005186|2016|50002883670027|001|4300006000|00390|KT020006|4|EA|6250|KRW|25000|20160929|1300|
C|005186|2016|50002883670028|001|4300006000|00400|KT020007|2|EA|6860|KRW|13720|20160929|1300|
C|005186|2016|50002883670029|001|4300006024|00010|UGBC1298|1|EA|122200|KRW|122200|20160929|1300|
C|005186|2016|50002883680001|001|4300006000|00200|KT991000|1|EA|1961|KRW|1961|20160929|1300|
C|005186|2016|50002883690001|001|4300005997|00010|UEBC0357|10|EA|2250|KRW|22500|20160929|1300|
C|005186|2016|50002883690002|001|4300005997|00040|UEBC0361|10|EA|5020|KRW|50200|20160929|1300|
C|005186|2016|50002883690003|001|4300005997|00060|UGBC0759|11|EA|4520|KRW|49720|20160929|1300|
C|005186|2016|50002883690004|001|4300005997|00100|UDEC0104|1|EA|194740|KRW|194740|20160929|1300|
C|005186|2016|50002883690005|001|4300005997|00110|UDBC0804|1|EA|387200|KRW|387200|20160929|1300|
C|005186|2016|50002883690006|001|4300005997|00120|UDBC0805|1|EA|248000|KRW|248000|20160929|1300|
C|005186|2016|50002883690007|001|4300005997|00130|UDFC0106|10|EA|1370|KRW|13700|20160929|1300|
C|005186|2016|50002883690008|001|4300005997|00140|UDFC0107|10|EA|1370|KRW|13700|20160929|1300|
C|005186|2016|50002883690009|001|4300005997|00150|UDFC0171|10|EA|1500|KRW|15000|20160929|1300|
C|005186|2016|50002883690010|001|4300005998|00010|UDEC0062|10|EA|44100|KRW|441000|20160929|1300|
C|005186|2016|50002883690011|001|4300005998|00020|UDEC0065|10|EA|63000|KRW|630000|20160929|1300|
C|005186|2016|50002883690012|001|4300005998|00030|UDDC0140|20|EA|19430|KRW|388600|20160929|1300|
C|005186|2016|50002883690013|001|4300005998|00050|UIEC0014|1|EA|115500|KRW|115500|20160929|1300|
C|005186|2016|50002883690014|001|4300005999|00020|UCAC0062|1|EA|110880|KRW|110880|20160929|1300|
C|005186|2016|50002883690015|001|4300005999|00030|UICC0027|2|EA|14210|KRW|28420|20160929|1300|
C|005186|2016|50002883800001|001|4300006000|00230|KS061502|10|EA|2970|KRW|29700|20160929|1300|
C|005186|2016|50002883800002|001|4300006000|00240|KS061504|3|EA|4050|KRW|12150|20160929|1300|
C|005186|2016|50002883800003|001|4300006000|00250|KS061505|2|EA|6230|KRW|12460|20160929|1300|
C|005186|2016|50002883800004|001|4300006000|00260|KS061506|2|EA|7850|KRW|15700|20160929|1300|
C|005186|2016|50002883800005|001|4300006000|00270|KS066901|3|EA|1290|KRW|3870|20160929|1300|
C|005186|2016|50002883800006|001|4300006000|00280|KS066902|2|EA|1540|KRW|3080|20160929|1300|
C|005186|2016|50002883800007|001|4300006000|00290|KS067001|3|EA|1400|KRW|4200|20160929|1300|
C|005186|2016|50002883800008|001|4300006000|00300|KS067002|6|EA|1460|KRW|8760|20160929|1300|
C|005186|2016|50002883800009|001|4300006000|00310|KS067004|4|EA|2000|KRW|8000|20160929|1300|
C|005186|2016|50002883800010|001|4300006000|00320|KS067205|2|EA|3290|KRW|6580|20160929|1300|
C|005186|2016|50002883800011|001|4300006000|00330|KS067208|5|EA|7940|KRW|39700|20160929|1300|
C|005186|2016|50002883800012|001|4300006000|00340|KS080705|2|EA|18500|KRW|37000|20160929|1300|
C|005186|2016|50002883800013|001|4300006000|00350|KS990007|8|EA|51450|KRW|411600|20160929|1300|
C|005186|2016|50002883800014|001|4300006001|00010|KE030011|9|EA|8190|KRW|73710|20160929|1300|
C|005186|2016|50002883800015|001|4300006001|00020|KE030110|1|EA|38540|KRW|38540|20160929|1300|
C|005186|2016|50002883800016|001|4300006001|00030|KE030206|4|EA|16380|KRW|65520|20160929|1300|
C|005186|2016|50002883800017|001|4300006001|00040|KE050207|1|EA|6930|KRW|6930|20160929|1300|
C|005186|2016|50002883800018|001|4300006001|00050|KE050303|6|EA|2600|KRW|15600|20160929|1300|
C|005186|2016|50002883800019|001|4300006001|00060|KE050304|7|EA|2600|KRW|18200|20160929|1300|
C|005186|2016|50002883800020|001|4300006001|00070|KE050700|5|EA|2200|KRW|11000|20160929|1300|
C|005186|2016|50002883800021|001|4300006001|00080|KE050701|5|EA|2630|KRW|13150|20160929|1300|
C|005186|2016|50002883800022|001|4300006001|00090|KE050801|12|EA|1900|KRW|22800|20160929|1300|
C|005186|2016|50002883800023|001|4300006001|00100|KE090102|3|EA|15430|KRW|46290|20160929|1300|
C|005186|2016|50002883800024|001|4300006001|00110|KE090106|5|EA|15370|KRW|76850|20160929|1300|
C|005186|2016|50002883800025|001|4300006001|00120|KE090112|7|EA|16800|KRW|117600|20160929|1300|
C|005186|2016|50002883800026|001|4300006001|00130|KE090116|3|EA|28040|KRW|84120|20160929|1300|
C|005186|2016|50002883800027|001|4300006001|00140|KE090136|1|EA|28980|KRW|28980|20160929|1300|
C|005186|2016|50002883800028|001|4300006001|00150|KE090165|2|EA|165900|KRW|331800|20160929|1300|
C|005186|2016|50002883800029|001|4300006001|00160|KE180203|6|EA|13650|KRW|81900|20160929|1300|
C|005186|2016|50002883800030|001|4300006001|00170|KE200113|4|EA|130000|KRW|520000|20160929|1300|
C|005186|2016|50002883800031|001|4300006001|00180|KE230003|151|EA|1870|KRW|282370|20160929|1300|
C|005186|2016|50002883800032|001|4300006001|00190|KE231001|29|EA|16150|KRW|468350|20160929|1300|
C|005186|2016|50002883800033|001|4300006002|00010|KE110100|15|EA|124000|KRW|1860000|20160929|1300|
C|005186|2016|50002883800034|001|4300006002|00020|KE231403|5|EA|1840|KRW|9200|20160929|1300|
C|005186|2016|50002883800035|001|4300006002|00030|KE231406|14|EA|7140|KRW|99960|20160929|1300|
C|005186|2016|50002883800036|001|4300006002|00040|KE231503|7|EA|1160|KRW|8120|20160929|1300|
C|005186|2016|50002883800037|001|4300006002|00050|KE270300|40|EA|470|KRW|18800|20160929|1300|
C|005186|2016|50002883800038|001|4300006002|00060|KE270302|3|EA|6900|KRW|20700|20160929|1300|
C|005186|2016|50002883800039|001|4300006002|00070|KE280401|5|EA|20800|KRW|104000|20160929|1300|
C|005186|2016|50002883800040|001|4300006002|00080|KE281401|20|EA|840|KRW|16800|20160929|1300|
C|005186|2016|50002883800041|001|4300006025|00010|UHNC0113|1|EA|772800|KRW|772800|20160929|1300|
C|005186|2016|50002883800042|001|4300006025|00020|UHEC0033|5|EA|102000|KRW|510000|20160929|1300|
C|005186|2016|50002883800043|001|4300006026|00010|UCFC0001|8|EA|11030|KRW|88240|20160929|1300|
C|005186|2016|50002883810001|001|4300006042|00010|UBEC0001|20|EA|18900|KRW|378000|20160929|1300|
C|005186|2016|50002883810002|001|4300006045|00010|UAGC0384|1|EA|486700|KRW|486700|20160929|1300|
C|005186|2016|50002883810003|001|4300006045|00020|UAGC0499|2|EA|19430|KRW|38860|20160929|1300|
C|005186|2016|50002883810004|001|4300006045|00030|UAGC0250|5|EA|4550|KRW|22750|20160929|1300|
C|005186|2016|50002883810005|001|4300006045|00060|UIEC0035|10|EA|37800|KRW|378000|20160929|1300|
C|005186|2016|50002883810006|001|4300006045|00080|UAGC0039|50|EA|8450|KRW|422500|20160929|1300|
C|005186|2016|50002883810007|001|4300006046|00020|UKCC0003|20|EA|4520|KRW|90400|20160929|1300|
C|005186|2016|50002883810008|001|4300006047|00010|UGCC0643|1|EA|247400|KRW|247400|20160929|1300|
C|005186|2016|50002883810009|001|4300006047|00020|UGBC0531|20|EA|3990|KRW|79800|20160929|1300|
C|005186|2016|50002883810010|001|4300006047|00030|UDBC0916|50|EA|1540|KRW|77000|20160929|1300|
C|005186|2016|50002883810011|001|4300006047|00060|UGBC1430|1|EA|384000|KRW|384000|20160929|1300|
C|005186|2016|50002883810012|001|4300006047|00070|UEBC0438|5|EA|20400|KRW|102000|20160929|1300|
C|005186|2016|50002883810013|001|4300006047|00080|UDBC0443|100|EA|189|KRW|18900|20160929|1300|
C|005186|2016|50002883810014|001|4300006047|00090|UKFC0002|2|EA|47600|KRW|95200|20160929|1300|
C|005186|2016|50002883810015|001|4300006047|00130|UAAC0022|5|EA|9970|KRW|49850|20160929|1300|
C|005186|2016|50002883810016|001|4300006048|00010|UAEC0316|5|EA|1312|KRW|6560|20160929|1300|
C|005186|2016|50002883810017|001|4300006048|00020|UADC0051|1|EA|5380|KRW|5380|20160929|1300|
C|005186|2016|50002883810018|001|4300006048|00030|UAGC0193|50|EA|3255|KRW|162750|20160929|1300|
C|005186|2016|50002883810019|001|4300006048|00050|UKEC0023|10|EA|1530|KRW|15300|20160929|1300|
C|005186|2016|50002883810020|001|4300006048|00060|UABC0045|30|EA|11040|KRW|331200|20160929|1300|
C|005186|2016|50002883810021|001|4300006048|00070|UJBC0009|20|EA|14700|KRW|294000|20160929|1300|
C|005186|2016|50002883810022|001|4300006048|00080|UKBC0010|2|EA|91480|KRW|182960|20160929|1300|
C|005186|2016|50002883810023|001|4300006048|00090|UAGC0241|1|EA|220000|KRW|220000|20160929|1300|
C|005186|2016|50002883810024|001|4300006048|00100|UKBC0016|10|EA|10110|KRW|101100|20160929|1300|
C|005186|2016|50002883810025|001|4300006048|00110|UAEC0047|2|EA|21000|KRW|42000|20160929|1300|
C|005186|2016|50002883810026|001|4300006048|00120|UGBC0781|10|EA|580|KRW|5800|20160929|1300|
C|005186|2016|50002883810027|001|4300006048|00130|UGBC0780|10|EA|570|KRW|5700|20160929|1300|
C|005186|2016|50002883810028|001|4300006048|00140|UGCC0972|100|EA|6400|KRW|640000|20160929|1300|
C|005186|2016|50002883810029|001|4300006048|00150|UGCC0914|100|EA|12700|KRW|1270000|20160929|1300|
C|005186|2016|50002883810030|001|4300006048|00160|UAEC0048|2|EA|12600|KRW|25200|20160929|1300|
C|005186|2016|50002883810031|001|4300006059|00020|CMH0007|2|EA|11600|KRW|23200|20160929|1300|
C|005186|2016|50002883810032|001|4300006061|00090|CMH0007|2|EA|11600|KRW|23200|20160929|1300|
C|005186|2016|50002883810033|001|4300006063|00150|CMH0007|4|EA|11600|KRW|46400|20160929|1300|
C|005186|2016|50002883810034|001|4300006064|00130|CMH0007|5|EA|11600|KRW|58000|20160929|1300|
C|005186|2016|50002883810035|001|4300006066|00160|CMH0007|20|EA|11600|KRW|232000|20160929|1300|
C|005186|2016|50002883810036|001|4300006068|00070|CMH0007|1|EA|11600|KRW|11600|20160929|1300|
C|005186|2016|50002883810037|001|4300006073|00180|CMH0007|1|EA|11600|KRW|11600|20160929|1300|
C|005186|2016|50002883810038|001|4300006074|00120|CMH0007|3|EA|11600|KRW|34800|20160929|1300|
C|005186|2016|50002883810039|001|4300006075|00100|CMH0007|2|EA|11600|KRW|23200|20160929|1300|
C|005186|2016|50002883810040|001|4300006077|00080|CMH0007|4|EA|11600|KRW|46400|20160929|1300|
C|005186|2016|50002883820001|001|4300005997|00050|UGCC1063|2|EA|89000|KRW|178000|20160929|1300|
C|005186|2016|50002883820002|001|4300005997|00070|UGCC0441|2|EA|304500|KRW|609000|20160929|1300|
C|005186|2016|50002883820003|001|4300005997|00080|UGCC0389|2|EA|51730|KRW|103460|20160929|1300|
C|005186|2016|50002883820004|001|4300005997|00090|UGCC1098|3|EA|67900|KRW|203700|20160929|1300|
C|005186|2016|50002883820005|001|4300005998|00040|UGAC0047|10|EA|22050|KRW|220500|20160929|1300|
C|005186|2016|50002883820006|001|4300005998|00060|UGCC0381|1|EA|51660|KRW|51660|20160929|1300|
C|005186|2016|50002883820007|001|4300006045|00090|UEBC0064|2|EA|181130|KRW|362260|20160929|1300|
C|005186|2016|50002883820008|001|4300006045|00100|UEBC0063|2|EA|144900|KRW|289800|20160929|1300|
C|005186|2016|50002883820009|001|4300006046|00010|UEBC0644|2|EA|938700|KRW|1877400|20160929|1300|
C|005186|2016|50002883830001|001|4300006048|00040|UHTC0739|1|EA|400000|KRW|400000|20160929|1300|
C|005186|2016|50002883830002|001|4300006059|00010|CMB0010|600|EA|1280|KRW|768000|20160929|1300|
C|005186|2016|50002883830003|001|4300006065|00040|CMB0010|80|EA|1280|KRW|102400|20160929|1300|
C|005186|2016|50002883830004|001|4300006067|00030|CMB0010|50|EA|1280|KRW|64000|20160929|1300|
C|005186|2016|50002883830005|001|4300006068|00040|CME0010|100|EA|240|KRW|24000|20160929|1300|
C|005186|2016|50002883830006|001|4300006069|00040|CME0010|40|EA|240|KRW|9600|20160929|1300|
C|005186|2016|50002883830007|001|4300006069|00050|CME0001|10|EA|3300|KRW|33000|20160929|1300|
C|005186|2016|50002883830008|001|4300006071|00030|UGCC0257|4|EA|11550|KRW|46200|20160929|1300|
C|005186|2016|50002883830009|001|4300006077|00040|CMB0010|200|EA|1280|KRW|256000|20160929|1300|
C|005186|2016|50002883830010|001|4300006077|00070|CMZ0006|5|EA|1170|KRW|5850|20160929|1300|
C|005186|2016|50002883830011|001|4300006077|00090|CMZ0006|3|EA|1170|KRW|3510|20160929|1300|
C|005186|2016|50002883830012|001|4300006079|00040|UGCC1097|10|EA|8000|KRW|80000|20160929|1300|
C|005186|2016|50002883830013|001|4300006080|00050|UDBC0256|50|EA|345|KRW|17250|20160929|1300|
C|005186|2016|50002883830014|001|4300006080|00060|UDBC0254|50|EA|400|KRW|20000|20160929|1300|
C|005186|2016|50002883830015|001|4300006080|00070|UGCC0359|1|EA|53550|KRW|53550|20160929|1300|
C|005186|2016|50002883830016|001|4300006081|00030|UGCC0670|4|EA|40530|KRW|162120|20160929|1300|
C|005186|2016|50002883840001|001|4300006079|00010|UGBC0347|10|EA|3650|KRW|36500|20160929|1300|
C|005186|2016|50002883840002|001|4300006079|00020|UGBC0348|10|EA|5100|KRW|51000|20160929|1300|
C|005186|2016|50002883840003|001|4300006079|00030|UGBC1191|10|EA|4100|KRW|41000|20160929|1300|
C|005186|2016|50002883840004|001|4300006079|00050|UDDC0094|1|EA|44470|KRW|44470|20160929|1300|
C|005186|2016|50002883840005|001|4300006079|00060|UDDC0104|4|EA|51980|KRW|207920|20160929|1300|
C|005186|2016|50002883840006|001|4300006079|00070|UGBC1507|20|EA|1540|KRW|30800|20160929|1300|
C|005186|2016|50002883840007|001|4300006079|00080|UEBC1251|4|EA|101800|KRW|407200|20160929|1300|
C|005186|2016|50002883840008|001|4300006079|00090|UEBC1160|10|EA|154800|KRW|1548000|20160929|1300|
C|005186|2016|50002883840009|001|4300006079|00100|UEBC1159|5|EA|134600|KRW|673000|20160929|1300|
C|005186|2016|50002883840010|001|4300006079|00110|UKBC0010|1|EA|91480|KRW|91480|20160929|1300|
C|005186|2016|50002883840011|001|4300006080|00010|UEBC0800|2|EA|65520|KRW|131040|20160929|1300|
C|005186|2016|50002883840012|001|4300006080|00020|UEBC0633|6|EA|65230|KRW|391380|20160929|1300|
C|005186|2016|50002883840013|001|4300006080|00080|UDAC0348|5|EA|7208|KRW|36040|20160929|1300|
C|005186|2016|50002883840014|001|4300006080|00110|UDBC0788|50|EA|230|KRW|11500|20160929|1300|
C|005186|2016|50002883840015|001|4300006080|00120|UDBC0120|50|EA|704|KRW|35200|20160929|1300|
C|005186|2016|50002883840016|001|4300006080|00130|UDBC0542|50|EA|295|KRW|14750|20160929|1300|
C|005186|2016|50002883840017|001|4300006081|00010|UDBC0751|50|EA|79|KRW|3950|20160929|1300|
C|005186|2016|50002883840018|001|4300006081|00020|UEBC0068|1|EA|110000|KRW|110000|20160929|1300|
C|005186|2016|50002883840019|001|4300006081|00040|UEBC1146|4|EA|27200|KRW|108800|20160929|1300|
C|005186|2016|50002883840020|001|4300006081|00060|UEBC0314|10|EA|29400|KRW|294000|20160929|1300|
C|005186|2016|50002883840021|001|4300006101|00070|UDBC0055|50|EA|1420|KRW|71000|20160929|1300|
C|005186|2016|50002883840022|001|4300006101|00080|UDBC0891|50|EA|1330|KRW|66500|20160929|1300|
C|005186|2016|50002883840023|001|4300006101|00090|UDBC0035|100|EA|300|KRW|30000|20160929|1300|
C|005186|2016|50002883840024|001|4300006101|00100|UDBC0075|200|EA|125|KRW|25000|20160929|1300|
C|005186|2016|50002883850001|001|4300006049|00010|UALC0121|2|EA|200000|KRW|400000|20160929|1300|
C|005186|2016|50002883860001|001|4300006057|00120|CMF0005|5|EA|18700|KRW|93500|20160929|1300|
C|005186|2016|50002883860002|001|4300006061|00080|CMF0005|2|EA|18700|KRW|37400|20160929|1300|
C|005186|2016|50002883860003|001|4300006063|00120|CMF0005|3|EA|18700|KRW|56100|20160929|1300|
C|005186|2016|50002883860004|001|4300006064|00110|CMF0005|10|EA|18700|KRW|187000|20160929|1300|
C|005186|2016|50002883860005|001|4300006066|00110|CMF0005|10|EA|18700|KRW|187000|20160929|1300|
C|005186|2016|50002883860006|001|4300006073|00160|CMF0005|2|EA|18700|KRW|37400|20160929|1300|
C|005186|2016|50002883860007|001|4300006074|00090|CMF0005|4|EA|18700|KRW|74800|20160929|1300|
C|005186|2016|50002883860008|001|4300006075|00080|CMF0005|1|EA|18700|KRW|18700|20160929|1300|
C|005186|2016|50002883860009|001|4300006076|00140|CMF0005|10|EA|18700|KRW|187000|20160929|1300|
C|005186|2016|50002883870001|001|4300006068|00060|CMF0005|3|EA|18700|KRW|56100|20160929|1300|
C|005186|2016|50002883870002|001|4300006069|00070|CMF0005|3|EA|18700|KRW|56100|20160929|1300|
C|005186|2016|50002883880001|001|4300006054|00100|CMD0016|2|EA|29000|KRW|58000|20160929|1300|
C|005186|2016|50002883880002|001|4300006059|00060|CMD0016|7|EA|29000|KRW|203000|20160929|1300|
C|005186|2016|50002883880003|001|4300006061|00070|CMD0016|1|EA|29000|KRW|29000|20160929|1300|
C|005186|2016|50002883880004|001|4300006062|00090|CMD0016|3|EA|29000|KRW|87000|20160929|1300|
C|005186|2016|50002883880005|001|4300006063|00190|CMD0016|3|EA|29000|KRW|87000|20160929|1300|
C|005186|2016|50002883880006|001|4300006064|00030|CMD0016|1|EA|29000|KRW|29000|20160929|1300|
C|005186|2016|50002883880007|001|4300006065|00060|CMD0016|1|EA|29000|KRW|29000|20160929|1300|
C|005186|2016|50002883880008|001|4300006067|00050|CMD0016|1|EA|29000|KRW|29000|20160929|1300|
C|005186|2016|50002883880009|001|4300006076|00100|CMD0016|5|EA|29000|KRW|145000|20160929|1300|
C|005186|2016|50002883890001|001|4300006054|00110|CME0001|50|EA|3300|KRW|165000|20160929|1300|
C|005186|2016|50002883890002|001|4300006054|00120|CME0010|200|EA|240|KRW|48000|20160929|1300|
C|005186|2016|50002883890003|001|4300006054|00140|CMZ0014|1|EA|19000|KRW|19000|20160929|1300|
C|005186|2016|50002883890004|001|4300006057|00020|CMA0005|10|EA|2000|KRW|20000|20160929|1300|
C|005186|2016|50002883890005|001|4300006057|00070|CMB0010|100|EA|1280|KRW|128000|20160929|1300|
C|005186|2016|50002883890006|001|4300006057|00100|CME0010|50|EA|240|KRW|12000|20160929|1300|
C|005186|2016|50002883890007|001|4300006057|00110|CMF0001|1|EA|1950|KRW|1950|20160929|1300|
C|005186|2016|50002883890008|001|4300006057|00130|CMZ0014|1|EA|19000|KRW|19000|20160929|1300|
C|005186|2016|50002883890009|001|4300006061|00040|CMB0010|40|EA|1280|KRW|51200|20160929|1300|
C|005186|2016|50002883890010|001|4300006062|00010|CMB0010|100|EA|1280|KRW|128000|20160929|1300|
C|005186|2016|50002883890011|001|4300006062|00070|CMZ0014|1|EA|19000|KRW|19000|20160929|1300|
C|005186|2016|50002883890012|001|4300006063|00040|CMA0016|300|EA|2140|KRW|642000|20160929|1300|
C|005186|2016|50002883890013|001|4300006063|00060|CMB0010|300|EA|1280|KRW|384000|20160929|1300|
C|005186|2016|50002883890014|001|4300006063|00100|CME0010|300|EA|240|KRW|72000|20160929|1300|
C|005186|2016|50002883890015|001|4300006063|00130|CMF0009|5|EA|4950|KRW|24750|20160929|1300|
C|005186|2016|50002883890016|001|4300006063|00140|CMF0021|5|EA|3100|KRW|15500|20160929|1300|
C|005186|2016|50002883890017|001|4300006063|00170|CMZ0006|50|EA|1170|KRW|58500|20160929|1300|
C|005186|2016|50002883890018|001|4300006064|00070|CMB0010|240|EA|1280|KRW|307200|20160929|1300|
C|005186|2016|50002883890019|001|4300006064|00080|CME0010|100|EA|240|KRW|24000|20160929|1300|
C|005186|2016|50002883890020|001|4300006064|00090|CMF0001|20|EA|1950|KRW|39000|20160929|1300|
C|005186|2016|50002883890021|001|4300006066|00030|CMA0016|150|EA|2140|KRW|321000|20160929|1300|
C|005186|2016|50002883890022|001|4300006066|00040|CMB0010|480|EA|1280|KRW|614400|20160929|1300|
C|005186|2016|50002883890023|001|4300006066|00090|CME0010|200|EA|240|KRW|48000|20160929|1300|
C|005186|2016|50002883890024|001|4300006066|00120|CMF0006|3|EA|9500|KRW|28500|20160929|1300|
C|005186|2016|50002883890025|001|4300006066|00150|CMF0020|10|EA|650|KRW|6500|20160929|1300|
C|005186|2016|50002883890026|001|4300006066|00170|CMZ0006|20|EA|1170|KRW|23400|20160929|1300|
C|005186|2016|50002883890027|001|4300006066|00180|CMZ0014|3|EA|19000|KRW|57000|20160929|1300|
C|005186|2016|50002883890028|001|4300006073|00050|CMB0010|60|EA|1280|KRW|76800|20160929|1300|
C|005186|2016|50002883890029|001|4300006073|00120|CME0010|300|EA|240|KRW|72000|20160929|1300|
C|005186|2016|50002883890030|001|4300006073|00170|CMF0001|5|EA|1950|KRW|9750|20160929|1300|
C|005186|2016|50002883890031|001|4300006074|00040|CMA0016|10|EA|2140|KRW|21400|20160929|1300|
C|005186|2016|50002883890032|001|4300006074|00070|CME0001|13|EA|3300|KRW|42900|20160929|1300|
C|005186|2016|50002883890033|001|4300006074|00080|CMF0001|2|EA|1950|KRW|3900|20160929|1300|
C|005186|2016|50002883890034|001|4300006074|00100|CMF0006|1|EA|9500|KRW|9500|20160929|1300|
C|005186|2016|50002883890035|001|4300006074|00110|CMF0020|2|EA|650|KRW|1300|20160929|1300|
C|005186|2016|50002883890036|001|4300006074|00160|CMZ0006|2|EA|1170|KRW|2340|20160929|1300|
C|005186|2016|50002883890037|001|4300006075|00090|CMF0006|20|EA|9500|KRW|190000|20160929|1300|
C|005186|2016|50002883890038|001|4300006075|00120|CMZ0014|1|EA|19000|KRW|19000|20160929|1300|
C|005186|2016|50002883890039|001|4300006076|00080|CMB0010|60|EA|1280|KRW|76800|20160929|1300|
C|005186|2016|50002883890040|001|4300006076|00110|CME0001|26|EA|3300|KRW|85800|20160929|1300|
C|005186|2016|50002883890041|001|4300006076|00130|CME0010|200|EA|240|KRW|48000|20160929|1300|
