C|005186|2017|50003520180001|001|4300007720|00130|UJBC0054|10|EA|10310|KRW|103100|20170629|1300|
C|005186|2017|50003520180002|001|4300007763|00030|UJAC0115|6|EA|47780|KRW|286680|20170629|1300|
C|005186|2017|50003520180003|001|4300007763|00040|UJAC0114|6|EA|42420|KRW|254520|20170629|1300|
C|005186|2017|50003520180004|001|4300007789|00060|CME0010|20|EA|240|KRW|4800|20170629|1300|
C|005186|2017|50003520180005|001|4300007789|00070|CME0011|20|EA|550|KRW|11000|20170629|1300|
C|005186|2017|50003520190001|001|4300007770|00080|CMF0005|4|EA|18700|KRW|74800|20170629|1300|
C|005186|2017|50003520190002|001|4300007772|00110|CMF0005|1|EA|18700|KRW|18700|20170629|1300|
C|005186|2017|50003520190003|001|4300007774|00110|CMF0005|5|EA|18700|KRW|93500|20170629|1300|
C|005186|2017|50003520190004|001|4300007775|00140|CMF0005|2|EA|18700|KRW|37400|20170629|1300|
C|005186|2017|50003520190005|001|4300007777|00070|CMF0005|2|EA|18700|KRW|37400|20170629|1300|
C|005186|2017|50003520190006|001|4300007778|00150|CMF0005|6|EA|18700|KRW|112200|20170629|1300|
C|005186|2017|50003520190007|001|4300007780|00080|CMF0005|6|EA|18700|KRW|112200|20170629|1300|
C|005186|2017|50003520190008|001|4300007782|00020|CMF0005|10|EA|18700|KRW|187000|20170629|1300|
C|005186|2017|50003520190009|001|4300007785|00060|CMF0005|3|EA|18700|KRW|56100|20170629|1300|
C|005186|2017|50003520190010|001|4300007827|00230|CMF0005|10|EA|18700|KRW|187000|20170629|1300|
C|005186|2017|50003520200001|001|4300007827|00010|CMA0001|800|EA|151|KRW|120800|20170629|1300|
C|005186|2017|50003520200002|001|4300007827|00030|CMA0007|200|EA|151|KRW|30200|20170629|1300|
C|005186|2017|50003520200003|001|4300007827|00040|CMA0008|50|EA|470|KRW|23500|20170629|1300|
C|005186|2017|50003520200004|001|4300007827|00060|CMA0017|50|EA|770|KRW|38500|20170629|1300|
C|005186|2017|50003520200005|001|4300007827|00070|CMB0001|60|EA|520|KRW|31200|20170629|1300|
C|005186|2017|50003520200006|001|4300007827|00080|CMB0002|60|EA|2100|KRW|126000|20170629|1300|
C|005186|2017|50003520200007|001|4300007827|00090|CMB0007|20|EA|760|KRW|15200|20170629|1300|
C|005186|2017|50003520200008|001|4300007827|00120|CMC0003|20|EA|310|KRW|6200|20170629|1300|
C|005186|2017|50003520200009|001|4300007827|00130|CMC0005|20|EA|150|KRW|3000|20170629|1300|
C|005186|2017|50003520200010|001|4300007827|00180|CME0002|10|EA|1100|KRW|11000|20170629|1300|
C|005186|2017|50003520200011|001|4300007827|00200|CME0008|10|EA|1950|KRW|19500|20170629|1300|
C|005186|2017|50003520200012|001|4300007827|00220|CMF0002|1|EA|860|KRW|860|20170629|1300|
C|005186|2017|50003520200013|001|4300007827|00260|CMZ0002|20|EA|400|KRW|8000|20170629|1300|
C|005186|2017|50003520200014|001|4300007827|00270|CMZ0004|20|EA|220|KRW|4400|20170629|1300|
C|005186|2017|50003520210001|001|4300007789|00010|CMA0001|20|EA|151|KRW|3020|20170629|1300|
C|005186|2017|50003520210002|001|4300007789|00020|CMA0007|110|EA|151|KRW|16610|20170629|1300|
C|005186|2017|50003520210003|001|4300007789|00030|CMA0008|30|EA|470|KRW|14100|20170629|1300|
C|005186|2017|50003520210004|001|4300007789|00040|CMB0001|20|EA|520|KRW|10400|20170629|1300|
C|005186|2017|50003520210005|001|4300007789|00080|CMF0007|5|EA|1620|KRW|8100|20170629|1300|
C|005186|2017|50003520210006|001|4300007789|00090|CMA0002|10|EA|1440|KRW|14400|20170629|1300|
C|005186|2017|50003520220001|001|4300007787|00010|CMA0007|100|EA|151|KRW|15100|20170629|1300|
C|005186|2017|50003520230001|001|4300007786|00010|CMA0001|100|EA|151|KRW|15100|20170629|1300|
C|005186|2017|50003520230002|001|4300007786|00020|CMA0007|40|EA|151|KRW|6040|20170629|1300|
C|005186|2017|50003520230003|001|4300007786|00030|CMA0008|40|EA|470|KRW|18800|20170629|1300|
C|005186|2017|50003520230004|001|4300007786|00040|CMC0003|20|EA|310|KRW|6200|20170629|1300|
C|005186|2017|50003520230005|001|4300007786|00060|CME0008|10|EA|1950|KRW|19500|20170629|1300|
C|005186|2017|50003520230006|001|4300007786|00070|CMZ0004|10|EA|220|KRW|2200|20170629|1300|
C|005186|2017|50003520230007|001|4300007786|00080|CMZ0005|10|EA|810|KRW|8100|20170629|1300|
C|005186|2017|50003520240001|001|4300007785|00010|CMA0001|600|EA|151|KRW|90600|20170629|1300|
C|005186|2017|50003520240002|001|4300007785|00020|CMA0007|50|EA|151|KRW|7550|20170629|1300|
C|005186|2017|50003520240003|001|4300007785|00030|CMA0017|10|EA|770|KRW|7700|20170629|1300|
C|005186|2017|50003520250001|001|4300007784|00010|CMA0001|60|EA|151|KRW|9060|20170629|1300|
C|005186|2017|50003520250002|001|4300007784|00020|CMA0007|200|EA|151|KRW|30200|20170629|1300|
C|005186|2017|50003520250003|001|4300007784|00030|CMB0001|20|EA|520|KRW|10400|20170629|1300|
C|005186|2017|50003520250004|001|4300007784|00060|CMZ0032|3|EA|1300|KRW|3900|20170629|1300|
C|005186|2017|50003520260001|001|4300007783|00030|CMA0007|800|EA|151|KRW|120800|20170629|1300|
C|005186|2017|50003520260002|001|4300007783|00040|CMA0028|1|EA|7350|KRW|7350|20170629|1300|
C|005186|2017|50003520270001|001|4300007782|00030|CMA0007|800|EA|151|KRW|120800|20170629|1300|
C|005186|2017|50003520270002|001|4300007782|00040|CMA0028|15|EA|7350|KRW|110250|20170629|1300|
C|005186|2017|50003520280001|001|4300007780|00010|CMA0001|400|EA|151|KRW|60400|20170629|1300|
C|005186|2017|50003520280002|001|4300007780|00020|CMA0007|200|EA|151|KRW|30200|20170629|1300|
C|005186|2017|50003520280003|001|4300007780|00070|CMF0004|5|EA|17000|KRW|85000|20170629|1300|
C|005186|2017|50003520280004|001|4300007780|00120|CMZ0004|10|EA|220|KRW|2200|20170629|1300|
C|005186|2017|50003520290001|001|4300007778|00010|CMA0001|600|EA|151|KRW|90600|20170629|1300|
C|005186|2017|50003520290002|001|4300007778|00020|CMA0007|200|EA|151|KRW|30200|20170629|1300|
C|005186|2017|50003520290003|001|4300007778|00030|CMA0008|200|EA|470|KRW|94000|20170629|1300|
C|005186|2017|50003520290004|001|4300007778|00070|CMD0001|3|EA|8000|KRW|24000|20170629|1300|
C|005186|2017|50003520290005|001|4300007778|00100|CME0002|40|EA|1100|KRW|44000|20170629|1300|
C|005186|2017|50003520290006|001|4300007778|00110|CME0005|10|EA|2600|KRW|26000|20170629|1300|
C|005186|2017|50003520290007|001|4300007778|00140|CMF0004|4|EA|17000|KRW|68000|20170629|1300|
C|005186|2017|50003520290008|001|4300007778|00160|CMF0007|10|EA|1620|KRW|16200|20170629|1300|
C|005186|2017|50003520300001|001|4300007777|00010|CMA0001|150|EA|151|KRW|22650|20170629|1300|
C|005186|2017|50003520300002|001|4300007777|00020|CMA0007|100|EA|151|KRW|15100|20170629|1300|
C|005186|2017|50003520300003|001|4300007777|00040|CMB0001|100|EA|520|KRW|52000|20170629|1300|
C|005186|2017|50003520300004|001|4300007777|00050|CMB0003|20|EA|2200|KRW|44000|20170629|1300|
C|005186|2017|50003520310001|001|4300007776|00010|CMA0001|200|EA|151|KRW|30200|20170629|1300|
C|005186|2017|50003520310002|001|4300007776|00020|CMA0007|100|EA|151|KRW|15100|20170629|1300|
C|005186|2017|50003520310003|001|4300007776|00030|CMB0001|240|EA|520|KRW|124800|20170629|1300|
C|005186|2017|50003520310004|001|4300007776|00080|CMZ0001|20|EA|760|KRW|15200|20170629|1300|
C|005186|2017|50003520320001|001|4300007775|00010|CMZ0002|10|EA|400|KRW|4000|20170629|1300|
C|005186|2017|50003520320002|001|4300007775|00040|CMB0002|40|EA|2100|KRW|84000|20170629|1300|
C|005186|2017|50003520320003|001|4300007775|00050|CMB0003|40|EA|2200|KRW|88000|20170629|1300|
C|005186|2017|50003520320004|001|4300007775|00060|CMB0001|60|EA|520|KRW|31200|20170629|1300|
C|005186|2017|50003520320005|001|4300007775|00070|CMC0005|30|EA|150|KRW|4500|20170629|1300|
C|005186|2017|50003520320006|001|4300007775|00090|CME0008|10|EA|1950|KRW|19500|20170629|1300|
C|005186|2017|50003520320007|001|4300007775|00110|CMA0001|200|EA|151|KRW|30200|20170629|1300|
C|005186|2017|50003520320008|001|4300007775|00120|CMA0007|100|EA|151|KRW|15100|20170629|1300|
C|005186|2017|50003520320009|001|4300007775|00130|CMA0008|100|EA|470|KRW|47000|20170629|1300|
C|005186|2017|50003520330001|001|4300007774|00010|CMA0001|400|EA|151|KRW|60400|20170629|1300|
C|005186|2017|50003520330002|001|4300007774|00020|CMA0007|150|EA|151|KRW|22650|20170629|1300|
C|005186|2017|50003520330003|001|4300007774|00030|CMA0008|150|EA|470|KRW|70500|20170629|1300|
C|005186|2017|50003520330004|001|4300007774|00040|CMB0001|60|EA|520|KRW|31200|20170629|1300|
C|005186|2017|50003520330005|001|4300007774|00050|CMB0003|100|EA|2200|KRW|220000|20170629|1300|
C|005186|2017|50003520330006|001|4300007774|00100|CMF0004|2|EA|17000|KRW|34000|20170629|1300|
C|005186|2017|50003520330007|001|4300007774|00140|CMZ0004|50|EA|220|KRW|11000|20170629|1300|
C|005186|2017|50003520330008|001|4300007774|00160|CMZ0015|1|EA|11800|KRW|11800|20170629|1300|
C|005186|2017|50003520340001|001|4300007773|00010|CMA0001|80|EA|151|KRW|12080|20170629|1300|
C|005186|2017|50003520340002|001|4300007773|00020|CMA0007|80|EA|151|KRW|12080|20170629|1300|
C|005186|2017|50003520340003|001|4300007773|00030|CMA0008|50|EA|470|KRW|23500|20170629|1300|
C|005186|2017|50003520340004|001|4300007773|00040|CMB0003|30|EA|2200|KRW|66000|20170629|1300|
C|005186|2017|50003520340005|001|4300007773|00110|CMZ0005|10|EA|810|KRW|8100|20170629|1300|
C|005186|2017|50003520340006|001|4300007773|00120|CME0002|5|EA|1100|KRW|5500|20170629|1300|
C|005186|2017|50003520350001|001|4300007772|00010|CMA0001|700|EA|151|KRW|105700|20170629|1300|
C|005186|2017|50003520350002|001|4300007772|00020|CMA0007|500|EA|151|KRW|75500|20170629|1300|
C|005186|2017|50003520350003|001|4300007772|00030|CMA0008|300|EA|470|KRW|141000|20170629|1300|
C|005186|2017|50003520350004|001|4300007772|00050|CMB0001|200|EA|520|KRW|104000|20170629|1300|
C|005186|2017|50003520350005|001|4300007772|00100|CMF0004|2|EA|17000|KRW|34000|20170629|1300|
C|005186|2017|50003520350006|001|4300007772|00130|CMZ0004|100|EA|220|KRW|22000|20170629|1300|
C|005186|2017|50003520360001|001|4300007770|00010|CMA0001|200|EA|151|KRW|30200|20170629|1300|
C|005186|2017|50003520360002|001|4300007770|00020|CMA0007|250|EA|151|KRW|37750|20170629|1300|
C|005186|2017|50003520360003|001|4300007770|00040|CMB0002|100|EA|2100|KRW|210000|20170629|1300|
C|005186|2017|50003520360004|001|4300007770|00050|CMC0005|30|EA|150|KRW|4500|20170629|1300|
C|005186|2017|50003520360005|001|4300007770|00120|CMZ0004|10|EA|220|KRW|2200|20170629|1300|
C|005186|2017|50003520360006|001|4300007770|00130|CMZ0005|10|EA|810|KRW|8100|20170629|1300|
C|005186|2017|50003520370001|001|4300007763|00080|UGBC1212|2|EA|125000|KRW|250000|20170629|1300|
C|005186|2017|50003520380001|001|4300007773|00050|CMC0002|5|EA|10300|KRW|51500|20170629|1300|
C|005186|2017|50003520390001|001|4300007785|00050|CME0013|2|EA|11880|KRW|23760|20170629|1300|
