C|005186|2017|50003223030001|001|4300006859|00010|CMA0028|60|EA|7350|KRW|441000|20170214|1300|
C|005186|2017|50003223040001|001|4300006857|00040|UDBC0703|3|EA|9650|KRW|28950|20170214|1300|
C|005186|2017|50003223050001|001|4300006879|00030|UJCC0043|10000|EA|42|KRW|420000|20170214|1300|
C|005186|2017|50003223060001|001|4300006928|00120|KT020002|2|EA|5600|KRW|11200|20170214|1300|
C|005186|2017|50003223060002|001|4300006928|00130|KT020005|5|EA|5640|KRW|28200|20170214|1300|
C|005186|2017|50003223060003|001|4300006928|00140|KT020007|2|EA|6860|KRW|13720|20170214|1300|
C|005186|2017|50003223060004|001|4300006928|00150|KT020009|2|EA|8030|KRW|16060|20170214|1300|
C|005186|2017|50003223060005|001|4300006928|00160|KT020013|2|EA|13110|KRW|26220|20170214|1300|
C|005186|2017|50003223060006|001|4300006928|00170|KT020019|1|EA|23570|KRW|23570|20170214|1300|
C|005186|2017|50003223060007|001|4300006928|00180|KT020500|20|EA|3110|KRW|62200|20170214|1300|
C|005186|2017|50003223060008|001|4300006928|00190|KT020600|5|EA|14910|KRW|74550|20170214|1300|
C|005186|2017|50003223060009|001|4300006928|00200|KT020611|1|EA|28140|KRW|28140|20170214|1300|
C|005186|2017|50003223060010|001|4300006928|00210|KT020700|10|EA|2680|KRW|26800|20170214|1300|
C|005186|2017|50003223060011|001|4300006928|00220|KT080300|30.000|KG|2770|KRW|83100|20170214|1300|
C|005186|2017|50003223060012|001|4300006928|00230|KT080520|5|EA|2760|KRW|13800|20170214|1300|
C|005186|2017|50003223060013|001|4300006928|00240|KT990010|110|EA|370|KRW|40700|20170214|1300|
C|005186|2017|50003223060014|001|4300006928|00250|KE190003|8|EA|29300|KRW|234400|20170214|1300|
C|005186|2017|50003223060015|001|4300006928|00260|KE231001|16|EA|16150|KRW|258400|20170214|1300|
C|005186|2017|50003223060016|001|4300006928|00270|KE231406|9|EA|7140|KRW|64260|20170214|1300|
C|005186|2017|50003223060017|001|4300006928|00280|KE280401|8|EA|20800|KRW|166400|20170214|1300|
C|005186|2017|50003223060018|001|4300006928|00290|KE281401|8|EA|840|KRW|6720|20170214|1300|
C|005186|2017|50003223060019|001|4300006932|00010|KE030011|7|EA|8190|KRW|57330|20170214|1300|
C|005186|2017|50003223060020|001|4300006932|00020|KE030110|2|EA|38540|KRW|77080|20170214|1300|
C|005186|2017|50003223060021|001|4300006932|00030|KE030123|2|EA|31500|KRW|63000|20170214|1300|
C|005186|2017|50003223060022|001|4300006932|00040|KE030200|5|EA|15230|KRW|76150|20170214|1300|
C|005186|2017|50003223060023|001|4300006932|00050|KE030206|5|EA|16380|KRW|81900|20170214|1300|
C|005186|2017|50003223060024|001|4300006932|00060|KE050003|10|EA|1400|KRW|14000|20170214|1300|
C|005186|2017|50003223060025|001|4300006932|00070|KE050213|3|EA|8440|KRW|25320|20170214|1300|
C|005186|2017|50003223060026|001|4300006932|00080|KE050302|12|EA|1160|KRW|13920|20170214|1300|
C|005186|2017|50003223060027|001|4300006932|00090|KE050304|8|EA|2600|KRW|20800|20170214|1300|
C|005186|2017|50003223060028|001|4300006932|00100|KE050502|2|EA|10000|KRW|20000|20170214|1300|
C|005186|2017|50003223060029|001|4300006932|00110|KE050700|8|EA|2200|KRW|17600|20170214|1300|
C|005186|2017|50003223060030|001|4300006932|00120|KE050701|11|EA|2630|KRW|28930|20170214|1300|
C|005186|2017|50003223060031|001|4300006932|00130|KE050801|9|EA|1900|KRW|17100|20170214|1300|
C|005186|2017|50003223060032|001|4300006932|00140|KE090163|1|EA|41480|KRW|41480|20170214|1300|
C|005186|2017|50003223060033|001|4300006932|00150|KE110100|8|EA|124000|KRW|992000|20170214|1300|
C|005186|2017|50003223060034|001|4300006932|00160|KE180203|30|EA|13650|KRW|409500|20170214|1300|
C|005186|2017|50003223070001|001|4300006873|00030|UDAC0266|200|EA|4840|KRW|968000|20170214|1300|
C|005186|2017|50003223070002|001|4300006873|00060|UKBC0010|2|EA|91480|KRW|182960|20170214|1300|
C|005186|2017|50003223070003|001|4300006875|00060|UHTC0233|3|EA|29900|KRW|89700|20170214|1300|
C|005186|2017|50003223070004|001|4300006876|00010|UDBC0957|100|EA|4770|KRW|477000|20170214|1300|
C|005186|2017|50003223070005|001|4300006876|00020|UHTC0246|20|EA|8470|KRW|169400|20170214|1300|
C|005186|2017|50003223070006|001|4300006879|00070|UZZC0116|20|EA|3030|KRW|60600|20170214|1300|
C|005186|2017|50003223070007|001|4300006879|00080|UAJC0046|50|EA|470|KRW|23500|20170214|1300|
C|005186|2017|50003223070008|001|4300006881|00030|UEBC1073|5|EA|11570|KRW|57850|20170214|1300|
C|005186|2017|50003223070009|001|4300006881|00040|UGCC0969|1|EA|190000|KRW|190000|20170214|1300|
C|005186|2017|50003223070010|001|4300006881|00080|UCKC0035|15|EA|44520|KRW|667800|20170214|1300|
C|005186|2017|50003223070011|001|4300006881|00100|UDBC0601|1000|EA|105|KRW|105000|20170214|1300|
C|005186|2017|50003223070012|001|4300006882|00010|UDBC0037|1000|EA|28|KRW|28000|20170214|1300|
C|005186|2017|50003223070013|001|4300006882|00060|UCKC0037|80|EA|14050|KRW|1124000|20170214|1300|
C|005186|2017|50003223070014|001|4300006883|00010|UHBC0017|1|EA|758000|KRW|758000|20170214|1300|
C|005186|2017|50003223070015|001|4300006883|00020|UHFC0041|10|EA|2940|KRW|29400|20170214|1300|
C|005186|2017|50003223070016|001|4300006883|00030|UHFC0220|100|EA|280|KRW|28000|20170214|1300|
C|005186|2017|50003223070017|001|4300006883|00040|UHFC0053|30|EA|315|KRW|9450|20170214|1300|
C|005186|2017|50003223070018|001|4300006883|00050|UHFC0055|40|EA|160|KRW|6400|20170214|1300|
C|005186|2017|50003223070019|001|4300006883|00060|UHNC0113|1|EA|772800|KRW|772800|20170214|1300|
C|005186|2017|50003223070020|001|4300006883|00080|UHTC0726|10|EA|16850|KRW|168500|20170214|1300|
C|005186|2017|50003223070021|001|4300006883|00090|UFHC0005|5|EA|27825|KRW|139125|20170214|1300|
C|005186|2017|50003223070022|001|4300006890|00010|UHGC0313|5|EA|38372|KRW|191860|20170214|1300|
C|005186|2017|50003223070023|001|4300006890|00020|UHNC0046|1|EA|246750|KRW|246750|20170214|1300|
C|005186|2017|50003223070024|001|4300006890|00030|UHTC0243|3|EA|18900|KRW|56700|20170214|1300|
C|005186|2017|50003223070025|001|4300006890|00040|UHFC0336|2|EA|82950|KRW|165900|20170214|1300|
C|005186|2017|50003223070026|001|4300006890|00050|UHHC0071|1|EA|573300|KRW|573300|20170214|1300|
C|005186|2017|50003223070027|001|4300006890|00060|UHHC0193|1|EA|147000|KRW|147000|20170214|1300|
C|005186|2017|50003223070028|001|4300006890|00070|UHDC0149|100|EA|530|KRW|53000|20170214|1300|
C|005186|2017|50003223070029|001|4300006890|00080|UHHC0069|1|EA|412650|KRW|412650|20170214|1300|
C|005186|2017|50003223070030|001|4300006892|00010|UHTC0800|10|EA|159000|KRW|1590000|20170214|1300|
C|005186|2017|50003223070031|001|4300006893|00010|UHTC0403|6|EA|89400|KRW|536400|20170214|1300|
C|005186|2017|50003223070032|001|4300006893|00020|UHTC0287|6|EA|16200|KRW|97200|20170214|1300|
C|005186|2017|50003223070033|001|4300006894|00010|UHGC0114|7|EA|257000|KRW|1799000|20170214|1300|
C|005186|2017|50003223070034|001|4300006938|00040|UDBC0610|100|EA|163|KRW|16300|20170214|1300|
C|005186|2017|50003223070035|001|4300006939|00060|UKEC0109|40|EA|1526|KRW|61040|20170214|1300|
C|005186|2017|50003223070036|001|4300006939|00100|UDBC0647|300|EA|32|KRW|9600|20170214|1300|
C|005186|2017|50003223080001|001|4300006873|00040|UKAC0048|1|EA|347200|KRW|347200|20170214|1300|
C|005186|2017|50003223080002|001|4300006873|00050|UZZC0097|1|EA|70760|KRW|70760|20170214|1300|
C|005186|2017|50003223080003|001|4300006875|00030|UIEC0035|2|EA|37800|KRW|75600|20170214|1300|
C|005186|2017|50003223080004|001|4300006879|00040|UICC0043|2|EA|12900|KRW|25800|20170214|1300|
C|005186|2017|50003223080005|001|4300006883|00070|UICC0034|1|EA|23100|KRW|23100|20170214|1300|
C|005186|2017|50003223080006|001|4300006888|00010|UGCC0623|2|EA|35300|KRW|70600|20170214|1300|
C|005186|2017|50003223080007|001|4300006888|00060|UAGC0002|30|EA|1520|KRW|45600|20170214|1300|
C|005186|2017|50003223080008|001|4300006928|00100|KP150400|100|EA|170|KRW|17000|20170214|1300|
C|005186|2017|50003223080009|001|4300006928|00110|KS990007|5|EA|51450|KRW|257250|20170214|1300|
C|005186|2017|50003223090001|001|4300006873|00020|UZZC0149|200|EA|1960|KRW|392000|20170214|1300|
C|005186|2017|50003223090002|001|4300006874|00010|UEBC0155|200|EA|8230|KRW|1646000|20170214|1300|
C|005186|2017|50003223090003|001|4300006875|00010|UDAC0012|200|EA|4220|KRW|844000|20170214|1300|
C|005186|2017|50003223090004|001|4300006881|00070|UEBC0453|10|EA|1530|KRW|15300|20170214|1300|
C|005186|2017|50003223090005|001|4300006881|00090|UDBC0369|1500|EA|320|KRW|480000|20170214|1300|
C|005186|2017|50003223090006|001|4300006882|00030|UEBC0662|2|EA|99320|KRW|198640|20170214|1300|
C|005186|2017|50003223090007|001|4300006882|00040|UEBC0789|20|EA|2450|KRW|49000|20170214|1300|
C|005186|2017|50003223090008|001|4300006882|00050|UEBC0455|10|EA|1820|KRW|18200|20170214|1300|
C|005186|2017|50003223090009|001|4300006928|00010|KS061502|10|EA|2970|KRW|29700|20170214|1300|
C|005186|2017|50003223090010|001|4300006928|00020|KS061504|2|EA|4050|KRW|8100|20170214|1300|
C|005186|2017|50003223090011|001|4300006928|00030|KS061506|2|EA|7850|KRW|15700|20170214|1300|
C|005186|2017|50003223090012|001|4300006928|00040|KS061508|3|EA|10510|KRW|31530|20170214|1300|
C|005186|2017|50003223090013|001|4300006928|00050|KS067002|5|EA|1460|KRW|7300|20170214|1300|
C|005186|2017|50003223090014|001|4300006928|00060|KS067206|4|EA|4480|KRW|17920|20170214|1300|
C|005186|2017|50003223090015|001|4300006928|00070|KS067207|3|EA|5780|KRW|17340|20170214|1300|
C|005186|2017|50003223090016|001|4300006928|00080|KS067404|4|EA|3930|KRW|15720|20170214|1300|
C|005186|2017|50003223090017|001|4300006928|00090|KS080705|4|EA|18500|KRW|74000|20170214|1300|
C|005186|2017|50003223090018|001|4300006937|00010|UEBC0049|2|EA|266070|KRW|532140|20170214|1300|
C|005186|2017|50003223090019|001|4300006937|00020|UEBC0011|8|EA|133350|KRW|1066800|20170214|1300|
C|005186|2017|50003223090020|001|4300006937|00060|UEBC0428|2|EA|71820|KRW|143640|20170214|1300|
C|005186|2017|50003223090021|001|4300006937|00070|UEBC1107|4|EA|6710|KRW|26840|20170214|1300|
C|005186|2017|50003223090022|001|4300006938|00030|UDBC0872|1|EA|477000|KRW|477000|20170214|1300|
C|005186|2017|50003223090023|001|4300006938|00050|UEBC1079|5|EA|28700|KRW|143500|20170214|1300|
C|005186|2017|50003223090024|001|4300006938|00060|UEBC1177|2|EA|44500|KRW|89000|20170214|1300|
C|005186|2017|50003223090025|001|4300006938|00070|UEBC1178|10|EA|1170|KRW|11700|20170214|1300|
C|005186|2017|50003223090026|001|4300006938|00090|UEBC0610|1|EA|145260|KRW|145260|20170214|1300|
C|005186|2017|50003223090027|001|4300006938|00100|UDBC0240|2|EA|349500|KRW|699000|20170214|1300|
C|005186|2017|50003223090028|001|4300006939|00010|UEBC0825|6|EA|32260|KRW|193560|20170214|1300|
C|005186|2017|50003223090029|001|4300006939|00040|UDEC0089|1|EA|164850|KRW|164850|20170214|1300|
C|005186|2017|50003223090030|001|4300006939|00050|UEBC0017|4|EA|12130|KRW|48520|20170214|1300|
C|005186|2017|50003223090031|001|4300006939|00110|UEBC1114|3|EA|87980|KRW|263940|20170214|1300|
C|005186|2017|50003223090032|001|4300006939|00120|UEBC1115|10|EA|1910|KRW|19100|20170214|1300|
C|005186|2017|50003223090033|001|4300006939|00140|UEBC0043|1|EA|112460|KRW|112460|20170214|1300|
C|005186|2017|50003223090034|001|4300006940|00010|UEBC1197|10|EA|21200|KRW|212000|20170214|1300|
C|005186|2017|50003223090035|001|4300006940|00020|UEBC0143|20|EA|4700|KRW|94000|20170214|1300|
C|005186|2017|50003223090036|001|4300006940|00050|UEBC0007|4|EA|58800|KRW|235200|20170214|1300|
C|005186|2017|50003223100001|001|4300006946|00020|UDDC0307|1|EA|253050|KRW|253050|20170214|1300|
C|005186|2017|50003223100002|001|4300006946|00080|UDDC0360|1|EA|76000|KRW|76000|20170214|1300|
C|005186|2017|50003223100003|001|4300006946|00090|UDDC0361|1|EA|61500|KRW|61500|20170214|1300|
C|005186|2017|50003223110001|001|4300006873|00010|UADC0078|3|EA|7670|KRW|23010|20170214|1300|
C|005186|2017|50003223110002|001|4300006874|00020|UGAC0066|5|EA|62790|KRW|313950|20170214|1300|
C|005186|2017|50003223110003|001|4300006875|00020|UAHC0060|150|EA|3150|KRW|472500|20170214|1300|
C|005186|2017|50003223110004|001|4300006875|00040|UAGC0240|3|EA|149100|KRW|447300|20170214|1300|
C|005186|2017|50003223110005|001|4300006875|00050|UDEC0015|1|EA|35910|KRW|35910|20170214|1300|
C|005186|2017|50003223110006|001|4300006879|00050|UAEC0063|3|EA|4260|KRW|12780|20170214|1300|
C|005186|2017|50003223110007|001|4300006879|00060|UAEC0064|3|EA|3480|KRW|10440|20170214|1300|
C|005186|2017|50003223110008|001|4300006880|00020|UHTC0246|40|EA|8470|KRW|338800|20170214|1300|
C|005186|2017|50003223110009|001|4300006880|00030|UAHC0047|50|EA|7680|KRW|384000|20170214|1300|
C|005186|2017|50003223110010|001|4300006880|00040|UAEC0058|2|EA|12350|KRW|24700|20170214|1300|
C|005186|2017|50003223110011|001|4300006880|00050|UAEC0252|2|EA|5220|KRW|10440|20170214|1300|
C|005186|2017|50003223110012|001|4300006880|00060|UAEC0253|2|EA|17150|KRW|34300|20170214|1300|
C|005186|2017|50003223110013|001|4300006881|00010|UZZC0012|30|EA|7350|KRW|220500|20170214|1300|
C|005186|2017|50003223110014|001|4300006881|00020|UAGC0495|10|EA|19950|KRW|199500|20170214|1300|
C|005186|2017|50003223110015|001|4300006881|00050|UJAC0067|4|EA|5560|KRW|22240|20170214|1300|
C|005186|2017|50003223110016|001|4300006881|00060|UJAC0068|4|EA|6070|KRW|24280|20170214|1300|
C|005186|2017|50003223110017|001|4300006882|00020|UAGC0252|2|EA|67060|KRW|134120|20170214|1300|
C|005186|2017|50003223130001|001|4300006939|00070|UAEC0019|1|EA|158550|KRW|158550|20170214|1300|
C|005186|2017|50003223130002|001|4300006939|00080|UAEC0344|2|EA|28410|KRW|56820|20170214|1300|
C|005186|2017|50003223130003|001|4300006939|00090|UAEC0342|2|EA|27240|KRW|54480|20170214|1300|
C|005186|2017|50003223130004|001|4300006943|00010|UEAC0195|2|EA|870000|KRW|1740000|20170214|1300|
C|005186|2017|50003223130005|001|4300006943|00020|UGBC1315|1|EA|252630|KRW|252630|20170214|1300|
C|005186|2017|50003223130006|001|4300006946|00030|UGCC0223|30|EA|4670|KRW|140100|20170214|1300|
C|005186|2017|50003223130007|001|4300006946|00120|UAGC0013|3|EA|11530|KRW|34590|20170214|1300|
C|005186|2017|50003223140001|001|4300006888|00070|UGCC1182|4|EA|131000|KRW|524000|20170214|1300|
C|005186|2017|50003223140002|001|4300006888|00090|UGCC0476|3|EA|133250|KRW|399750|20170214|1300|
C|005186|2017|50003223140003|001|4300006937|00050|UGCC1175|4|EA|47200|KRW|188800|20170214|1300|
C|005186|2017|50003223140004|001|4300006938|00010|UGCC0843|1|EA|227900|KRW|227900|20170214|1300|
C|005186|2017|50003223140005|001|4300006938|00020|UGCC0434|1|EA|156500|KRW|156500|20170214|1300|
C|005186|2017|50003223140006|001|4300006939|00130|UGCC0102|1|EA|642600|KRW|642600|20170214|1300|
C|005186|2017|50003223140007|001|4300006940|00030|UGBC0891|5|EA|115500|KRW|577500|20170214|1300|
C|005186|2017|50003223140008|001|4300006940|00040|UGBC0900|5|EA|135450|KRW|677250|20170214|1300|
C|005186|2017|50003223140009|001|4300006946|00060|UGCC0965|10|EA|26500|KRW|265000|20170214|1300|
C|005186|2017|50003223150001|001|4300006872|00010|UGCC0840|1|EA|1084000|KRW|1084000|20170214|1300|
C|005186|2017|50003223150002|001|4300006872|00020|UZZC0141|1|EA|187000|KRW|187000|20170214|1300|
C|005186|2017|50003223150003|001|4300006939|00020|UJAC0081|2|EA|24070|KRW|48140|20170214|1300|
C|005186|2017|50003223150004|001|4300006939|00030|UJAC0082|2|EA|25410|KRW|50820|20170214|1300|
