C|005186|2013|50000142350001|001|4300000236|00100|UDEC0067|20|EA|89250|KRW|1785000|20130628|1300|
C|005186|2013|50000142350002|001|4300000272|00010|UEBC0710|9|EA|7250|KRW|65250|20130628|1300|
C|005186|2013|50000142350003|001|4300000272|00020|UEBC1081|10|EA|5150|KRW|51500|20130628|1300|
C|005186|2013|50000142350004|001|4300000272|00030|UEBC0368|2|EA|2050|KRW|4100|20130628|1300|
C|005186|2013|50000142350005|001|4300000272|00040|UEBC0108|4|EA|4820|KRW|19280|20130628|1300|
C|005186|2013|50000142350006|001|4300000272|00050|UEBC1046|6|EA|42900|KRW|257400|20130628|1300|
C|005186|2013|50000142350007|001|4300000272|00060|UGCC0555|2|EA|32200|KRW|64400|20130628|1300|
C|005186|2013|50000142350008|001|4300000272|00070|UGCC0268|2|EA|394800|KRW|789600|20130628|1300|
C|005186|2013|50000142350009|001|4300000272|00080|UGCC0267|2|EA|316000|KRW|632000|20130628|1300|
C|005186|2013|50000142350010|001|4300000272|00090|UEBC0548|12|EA|46100|KRW|553200|20130628|1300|
C|005186|2013|50000142350011|001|4300000272|00100|UDDC0042|3|EA|66938|KRW|200814|20130628|1300|
C|005186|2013|50000142350012|001|4300000272|00110|UDCC0039|5|EA|112700|KRW|563500|20130628|1300|
C|005186|2013|50000142350013|001|4300000272|00120|UDBC0188|300|EA|190|KRW|57000|20130628|1300|
C|005186|2013|50000142350014|001|4300000272|00130|UDBC0747|300|EA|31|KRW|9300|20130628|1300|
C|005186|2013|50000142350015|001|4300000272|00140|UDAC0079|10|EA|4210|KRW|42100|20130628|1300|
C|005186|2013|50000142360001|001|4300000263|00010|UEBC0025|30|EA|5780|KRW|173400|20130628|1300|
C|005186|2013|50000142360002|001|4300000263|00020|UKBC0010|1|EA|91480|KRW|91480|20130628|1300|
C|005186|2013|50000142360003|001|4300000263|00030|UHTC0486|2|EA|46410|KRW|92820|20130628|1300|
C|005186|2013|50000142360004|001|4300000263|00060|UDBC0372|1000|EA|30|KRW|30000|20130628|1300|
C|005186|2013|50000142360005|001|4300000263|00070|UDBC0760|1000|EA|95|KRW|95000|20130628|1300|
C|005186|2013|50000142360006|001|4300000263|00080|UZZC0030|100|EA|1520|KRW|152000|20130628|1300|
C|005186|2013|50000142360007|001|4300000263|00090|UKBC0010|1|EA|91480|KRW|91480|20130628|1300|
C|005186|2013|50000142360008|001|4300000263|00100|UGCC0073|10|EA|136500|KRW|1365000|20130628|1300|
C|005186|2013|50000142360009|001|4300000263|00110|UGBC0344|50|EA|3990|KRW|199500|20130628|1300|
C|005186|2013|50000142360010|001|4300000263|00120|UJAC0101|2|EA|6620|KRW|13240|20130628|1300|
C|005186|2013|50000142360011|001|4300000263|00130|UJAC0102|2|EA|7200|KRW|14400|20130628|1300|
C|005186|2013|50000142360012|001|4300000263|00140|UFFC0029|5|EA|78750|KRW|393750|20130628|1300|
C|005186|2013|50000142360013|001|4300000263|00160|UDBC0332|1|EA|7500|KRW|7500|20130628|1300|
C|005186|2013|50000142360014|001|4300000263|00170|UKEC0010|10|EA|1530|KRW|15300|20130628|1300|
C|005186|2013|50000142360015|001|4300000263|00180|UKDC0002|2|EA|26300|KRW|52600|20130628|1300|
C|005186|2013|50000142360016|001|4300000263|00190|UGAC0085|1|EA|31500|KRW|31500|20130628|1300|
C|005186|2013|50000142360017|001|4300000263|00200|UJCC0014|300|EA|641|KRW|192300|20130628|1300|
C|005186|2013|50000142360018|001|4300000263|00210|UEBC1011|30|EA|9710|KRW|291300|20130628|1300|
C|005186|2013|50000142360019|001|4300000263|00220|UJCC0043|5000|EA|70|KRW|350000|20130628|1300|
C|005186|2013|50000142360020|001|4300000271|00010|UKBC0010|2|EA|91480|KRW|182960|20130628|1300|
C|005186|2013|50000142360021|001|4300000271|00020|UAHC0038|50|EA|7660|KRW|383000|20130628|1300|
C|005186|2013|50000142360022|001|4300000271|00030|UJCC0041|2|EA|80850|KRW|161700|20130628|1300|
C|005186|2013|50000142360023|001|4300000271|00040|UGAC0077|1|EA|36610|KRW|36610|20130628|1300|
C|005186|2013|50000142360024|001|4300000271|00050|UGAC0053|1|EA|69880|KRW|69880|20130628|1300|
C|005186|2013|50000142360025|001|4300000271|00060|UGAC0056|1|EA|139760|KRW|139760|20130628|1300|
C|005186|2013|50000142360026|001|4300000271|00070|UAIC0002|5|EA|3680|KRW|18400|20130628|1300|
C|005186|2013|50000142360027|001|4300000271|00080|UEBC0066|2|EA|938700|KRW|1877400|20130628|1300|
C|005186|2013|50000142360028|001|4300000271|00090|UDCC0009|20|EA|13850|KRW|277000|20130628|1300|
C|005186|2013|50000142360029|001|4300000271|00100|UAGC0252|1|EA|67060|KRW|67060|20130628|1300|
C|005186|2013|50000142360030|001|4300000271|00120|UKBC0010|1|EA|91480|KRW|91480|20130628|1300|
C|005186|2013|50000142360031|001|4300000271|00150|UAGC0027|3|EA|23000|KRW|69000|20130628|1300|
C|005186|2013|50000142360032|001|4300000271|00160|UEBC0820|20|EA|9810|KRW|196200|20130628|1300|
C|005186|2013|50000142360033|001|4300000271|00180|UAEC0334|5|EA|7140|KRW|35700|20130628|1300|
C|005186|2013|50000142360034|001|4300000271|00190|UCKC0058|1|EA|343200|KRW|343200|20130628|1300|
C|005186|2013|50000142360035|001|4300000271|00200|UZZC0041|10|EA|2830|KRW|28300|20130628|1300|
C|005186|2013|50000142360036|001|4300000271|00210|UBBC0006|2|EA|103370|KRW|206740|20130628|1300|
C|005186|2013|50000142370001|001|4300000018|00600|UDDC0012|5|EA|45150|KRW|225750|20130628|1300|
C|005186|2013|50000142370002|001|4300000082|00020|UKEC0068|1|EA|105200|KRW|105200|20130628|1300|
C|005186|2013|50000142370003|001|4300000091|00010|UBBC0006|1|EA|103370|KRW|103370|20130628|1300|
C|005186|2013|50000142370004|001|4300000091|00020|KP100300|2|EA|31500|KRW|63000|20130628|1300|
C|005186|2013|50000142370005|001|4300000091|00030|UCAC0002|2|EA|14175|KRW|28350|20130628|1300|
C|005186|2013|50000142370006|001|4300000093|00010|UAGC0323|10|EA|14180|KRW|141800|20130628|1300|
C|005186|2013|50000142370007|001|4300000093|00020|UKEC0091|20|EA|1270|KRW|25400|20130628|1300|
C|005186|2013|50000142370008|001|4300000093|00030|UADC0040|20|EA|7880|KRW|157600|20130628|1300|
C|005186|2013|50000142370009|001|4300000093|00040|UAAC0001|20|EA|1890|KRW|37800|20130628|1300|
C|005186|2013|50000142370010|001|4300000093|00050|UJAC0036|50|EA|14700|KRW|735000|20130628|1300|
C|005186|2013|50000142370011|001|4300000093|00070|UKEC0068|8|EA|105200|KRW|841600|20130628|1300|
C|005186|2013|50000142370012|001|4300000093|00080|UKEC0065|3|EA|28350|KRW|85050|20130628|1300|
C|005186|2013|50000142370013|001|4300000093|00090|UKEC0086|5|EA|2100|KRW|10500|20130628|1300|
C|005186|2013|50000142370014|001|4300000093|00100|UKEC0087|5|EA|1890|KRW|9450|20130628|1300|
C|005186|2013|50000142370015|001|4300000093|00110|UKEC0101|5|EA|2016|KRW|10080|20130628|1300|
C|005186|2013|50000142370016|001|4300000093|00120|UKEC0097|10|EA|2625|KRW|26250|20130628|1300|
C|005186|2013|50000142370017|001|4300000093|00130|UHTC0238|2|EA|10100|KRW|20200|20130628|1300|
C|005186|2013|50000142370018|001|4300000093|00140|UGBC0671|30|EA|630|KRW|18900|20130628|1300|
C|005186|2013|50000142370019|001|4300000093|00150|UGBC0670|30|EA|1275|KRW|38250|20130628|1300|
C|005186|2013|50000142370020|001|4300000093|00160|UEBC0943|2|EA|174310|KRW|348620|20130628|1300|
C|005186|2013|50000142370021|001|4300000094|00010|UKEC0097|10|EA|2625|KRW|26250|20130628|1300|
