C|005186|2017|50003861480001|001|4300008931|00050|UAEC0405|2|EA|4810|KRW|9620|20171130|1300|
C|005186|2017|50003861480002|001|4300008931|00060|UAEC0252|2|EA|5220|KRW|10440|20171130|1300|
C|005186|2017|50003861480003|001|4300008931|00070|UAEC0058|1|EA|12350|KRW|12350|20171130|1300|
C|005186|2017|50003861480004|001|4300008931|00080|UAEC0060|1|EA|11160|KRW|11160|20171130|1300|
C|005186|2017|50003861480005|001|4300008931|00110|UAEC0140|50|EA|2060|KRW|103000|20171130|1300|
C|005186|2017|50003861480006|001|4300008931|00150|UAHC0059|5|EA|38850|KRW|194250|20171130|1300|
C|005186|2017|50003861480007|001|4300008931|00170|UAGC0241|2|EA|220000|KRW|440000|20171130|1300|
C|005186|2017|50003861480008|001|4300008931|00180|UKGC0006|50|EA|1370|KRW|68500|20171130|1300|
C|005186|2017|50003861480009|001|4300008932|00020|UAEC0053|4|EA|8925|KRW|35700|20171130|1300|
C|005186|2017|50003861480010|001|4300008932|00050|UAGC0064|1|EA|112630|KRW|112630|20171130|1300|
C|005186|2017|50003861480011|001|4300008932|00060|UAEC0095|5|EA|22630|KRW|113150|20171130|1300|
C|005186|2017|50003861480012|001|4300008933|00070|UAGC0384|1|EA|486700|KRW|486700|20171130|1300|
C|005186|2017|50003861480013|001|4300008933|00080|UAGC0107|1|EA|640|KRW|640|20171130|1300|
C|005186|2017|50003861480014|001|4300008933|00090|UAGC0108|1|EA|890|KRW|890|20171130|1300|
C|005186|2017|50003861480015|001|4300008933|00100|UAGC0121|1|EA|1400|KRW|1400|20171130|1300|
C|005186|2017|50003861480016|001|4300008933|00110|UAGC0109|1|EA|1638|KRW|1638|20171130|1300|
C|005186|2017|50003861480017|001|4300008933|00120|UAGC0125|1|EA|1840|KRW|1840|20171130|1300|
C|005186|2017|50003861480018|001|4300008933|00130|UAGC0416|1|EA|4310|KRW|4310|20171130|1300|
C|005186|2017|50003861480019|001|4300008960|00060|UAEC0048|1|EA|12600|KRW|12600|20171130|1300|
C|005186|2017|50003861480020|001|4300008964|00020|KT020005|2|EA|5640|KRW|11280|20171130|1300|
C|005186|2017|50003861480021|001|4300008964|00030|KT020007|3|EA|6860|KRW|20580|20171130|1300|
C|005186|2017|50003861480022|001|4300008964|00040|KT020013|2|EA|13110|KRW|26220|20171130|1300|
C|005186|2017|50003861480023|001|4300008964|00050|KT020016|2|EA|18620|KRW|37240|20171130|1300|
C|005186|2017|50003861480024|001|4300008964|00060|KT020020|1|EA|27800|KRW|27800|20171130|1300|
C|005186|2017|50003861480025|001|4300008964|00070|KT020021|1|EA|28350|KRW|28350|20171130|1300|
C|005186|2017|50003861480026|001|4300008964|00080|KT020600|4|EA|14910|KRW|59640|20171130|1300|
C|005186|2017|50003861480027|001|4300008964|00090|KT020611|2|EA|28140|KRW|56280|20171130|1300|
C|005186|2017|50003861480028|001|4300008964|00100|KT020612|1|EA|44100|KRW|44100|20171130|1300|
C|005186|2017|50003861480029|001|4300008964|00110|KT080311|3|EA|72980|KRW|218940|20171130|1300|
C|005186|2017|50003861480030|001|4300008964|00120|KT990001|180|EA|510|KRW|91800|20171130|1300|
C|005186|2017|50003861480031|001|4300008964|00130|KT990010|200|EA|370|KRW|74000|20171130|1300|
C|005186|2017|50003861480032|001|4300008978|00020|UABC0032|6|EA|38120|KRW|228720|20171130|1300|
C|005186|2017|50003861490001|001|4300008911|00030|UJBC0031|16|EA|16630|KRW|266080|20171130|1300|
C|005186|2017|50003861490002|001|4300008916|00020|UDEC0104|1|EA|194740|KRW|194740|20171130|1300|
C|005186|2017|50003861490003|001|4300008916|00080|UDDC0232|5|EA|6720|KRW|33600|20171130|1300|
C|005186|2017|50003861490004|001|4300008918|00020|UIDC0106|1|EA|289800|KRW|289800|20171130|1300|
C|005186|2017|50003861490005|001|4300008929|00010|UDFC0175|5|EA|35830|KRW|179150|20171130|1300|
C|005186|2017|50003861490006|001|4300008931|00130|UDBC0997|500|EA|26|KRW|13000|20171130|1300|
C|005186|2017|50003861490007|001|4300008931|00140|UDBC0169|500|EA|24|KRW|12000|20171130|1300|
C|005186|2017|50003861490008|001|4300008932|00070|UDEC0116|2|EA|254000|KRW|508000|20171130|1300|
C|005186|2017|50003861490009|001|4300008933|00060|UEBC0527|10|EA|2030|KRW|20300|20171130|1300|
C|005186|2017|50003861490010|001|4300008933|00140|UKAC0023|50|EA|2520|KRW|126000|20171130|1300|
C|005186|2017|50003861490011|001|4300008933|00150|UDBC0653|300|EA|45|KRW|13500|20171130|1300|
C|005186|2017|50003861490012|001|4300008933|00160|UDEC0043|4|EA|30450|KRW|121800|20171130|1300|
C|005186|2017|50003861490013|001|4300008958|00010|UDBC0217|100|EA|160|KRW|16000|20171130|1300|
C|005186|2017|50003861490014|001|4300008959|00010|UDEC0104|1|EA|194740|KRW|194740|20171130|1300|
C|005186|2017|50003861490015|001|4300008959|00020|UDDC0015|5|EA|54180|KRW|270900|20171130|1300|
C|005186|2017|50003861490016|001|4300008959|00030|UDDC0275|3|EA|85820|KRW|257460|20171130|1300|
C|005186|2017|50003861490017|001|4300008959|00040|UDDC0107|1|EA|131040|KRW|131040|20171130|1300|
C|005186|2017|50003861490018|001|4300008959|00050|UDDC0018|1|EA|203910|KRW|203910|20171130|1300|
C|005186|2017|50003861490019|001|4300008959|00070|UDDC0019|1|EA|181020|KRW|181020|20171130|1300|
C|005186|2017|50003861490020|001|4300008960|00010|UDDC0198|4|EA|219030|KRW|876120|20171130|1300|
C|005186|2017|50003861490021|001|4300008960|00020|UDDC0199|2|EA|354900|KRW|709800|20171130|1300|
C|005186|2017|50003861490022|001|4300008960|00030|UFGC0057|20|EA|4940|KRW|98800|20171130|1300|
C|005186|2017|50003861490023|001|4300008960|00070|UEBC0471|3|EA|10970|KRW|32910|20171130|1300|
C|005186|2017|50003861490024|001|4300008970|00020|UDEC0052|4|EA|111300|KRW|445200|20171130|1300|
C|005186|2017|50003861490025|001|4300008970|00050|UIDC0118|2|EA|200350|KRW|400700|20171130|1300|
C|005186|2017|50003861490026|001|4300008978|00010|UFGC0016|20|EA|5350|KRW|107000|20171130|1300|
C|005186|2017|50003861490027|001|4300009001|00010|UGCC0694|16|EA|36840|KRW|589440|20171130|1300|
C|005186|2017|50003861490028|001|4300009005|00010|UGCC1057|2|EA|285000|KRW|570000|20171130|1300|
C|005186|2017|50003861490029|001|4300009005|00090|UGBC0465|100|EA|1270|KRW|127000|20171130|1300|
C|005186|2017|50003861490030|001|4300009008|00040|UGCC0643|1|EA|247400|KRW|247400|20171130|1300|
C|005186|2017|50003861490031|001|4300009008|00090|UGBC0419|20|EA|1480|KRW|29600|20171130|1300|
C|005186|2017|50003861490032|001|4300009008|00100|UBBC0006|2|EA|103370|KRW|206740|20171130|1300|
C|005186|2017|50003861490033|001|4300009010|00040|UDCC0018|3|EA|13650|KRW|40950|20171130|1300|
C|005186|2017|50003861490034|001|4300009010|00050|UDEC0035|3|EA|100800|KRW|302400|20171130|1300|
C|005186|2017|50003861490035|001|4300009010|00130|UDBC0879|100|EA|95|KRW|9500|20171130|1300|
C|005186|2017|50003861490036|001|4300009011|00020|UGCC0506|1|EA|24200|KRW|24200|20171130|1300|
C|005186|2017|50003861490037|001|4300009011|00030|UGCC0499|1|EA|100700|KRW|100700|20171130|1300|
C|005186|2017|50003861490038|001|4300009017|00040|UGCC0695|16|EA|28630|KRW|458080|20171130|1300|
C|005186|2017|50003861490039|001|4300009018|00010|UDAC0266|200|EA|4840|KRW|968000|20171130|1300|
C|005186|2017|50003861490040|001|4300009019|00020|UEBC0879|8|EA|6200|KRW|49600|20171130|1300|
C|005186|2017|50003861490041|001|4300009020|00020|UGBC1526|20|EA|39300|KRW|786000|20171130|1300|
C|005186|2017|50003861490042|001|4300009021|00010|UGCC0546|2|EA|115500|KRW|231000|20171130|1300|
C|005186|2017|50003861490043|001|4300009021|00080|UDBC0370|1000|EA|320|KRW|320000|20171130|1300|
C|005186|2017|50003861490044|001|4300009022|00010|UCKC0126|100|EA|12200|KRW|1220000|20171130|1300|
C|005186|2017|50003861490045|001|4300009022|00020|UDBC0042|600|EA|306|KRW|183600|20171130|1300|
C|005186|2017|50003861490046|001|4300009022|00030|UDBC0345|600|EA|120|KRW|72000|20171130|1300|
C|005186|2017|50003861490047|001|4300009022|00040|UDBC0897|1200|EA|130|KRW|156000|20171130|1300|
C|005186|2017|50003861490048|001|4300009040|00020|UGCC1057|2|EA|285000|KRW|570000|20171130|1300|
C|005186|2017|50003861500001|001|4300009089|00020|UKAC0029|1|EA|192000|KRW|192000|20171130|1300|
C|005186|2017|50003861500002|001|4300009110|00010|UCHC0003|1|EA|100000|KRW|100000|20171130|1300|
C|005186|2017|50003861510001|001|4300009106|00010|CMA0007|100|EA|151|KRW|15100|20171130|1300|
C|005186|2017|50003861520001|001|4300009042|00030|UDEC0065|1|EA|63000|KRW|63000|20171130|1300|
C|005186|2017|50003861520002|001|4300009042|00050|UDEC0006|1|EA|287700|KRW|287700|20171130|1300|
C|005186|2017|50003861520003|001|4300009062|00120|UIDC0118|1|EA|200350|KRW|200350|20171130|1300|
C|005186|2017|50003861520004|001|4300009062|00130|UIEC0056|1|EA|38325|KRW|38325|20171130|1300|
C|005186|2017|50003861520005|001|4300009089|00010|UFFC0045|10|EA|29800|KRW|298000|20171130|1300|
C|005186|2017|50003861530001|001|4300009110|00090|UEBC0510|10|EA|6825|KRW|68250|20171130|1300|
C|005186|2017|50003861530002|001|4300009111|00040|UEBC0506|10|EA|6430|KRW|64300|20171130|1300|
C|005186|2017|50003861540001|001|4300008929|00020|UCIC0100|1|EA|1155000|KRW|1155000|20171130|1300|
C|005186|2017|50003861540002|001|4300008929|00040|UCIC0188|1|EA|635000|KRW|635000|20171130|1300|
C|005186|2017|50003861540003|001|4300008977|00030|UGBC0177|10|EA|18900|KRW|189000|20171130|1300|
C|005186|2017|50003861540004|001|4300008977|00040|UGBC0621|20|EA|640|KRW|12800|20171130|1300|
C|005186|2017|50003861540005|001|4300008977|00050|UGBC0622|10|EA|1050|KRW|10500|20171130|1300|
C|005186|2017|50003861540006|001|4300008977|00060|UGBC0519|1|EA|147000|KRW|147000|20171130|1300|
C|005186|2017|50003861540007|001|4300008977|00070|UGBC1459|1|EA|211000|KRW|211000|20171130|1300|
C|005186|2017|50003861540008|001|4300009054|00010|UGBC0297|1|EA|1260000|KRW|1260000|20171130|1300|
C|005186|2017|50003861540009|001|4300009067|00010|UGBC1658|7|EA|196500|KRW|1375500|20171130|1300|
C|005186|2017|50003861540010|001|4300009068|00010|UGBC1661|1|EA|1545000|KRW|1545000|20171130|1300|
C|005186|2017|50003861540011|001|4300009069|00020|UGBC1669|2|EA|367000|KRW|734000|20171130|1300|
C|005186|2017|50003861540012|001|4300009071|00010|UGBC1668|2|EA|820000|KRW|1640000|20171130|1300|
