C|005186|2017|50003556760001|001|4300007719|00060|UFGC0034|2|EA|19690|KRW|39380|20170714|1300|
C|005186|2017|50003556760002|001|4300007831|00030|UCKC0043|1|EA|698000|KRW|698000|20170714|1300|
C|005186|2017|50003556770001|001|4300007718|00020|UGCC1216|12|EA|111300|KRW|1335600|20170714|1300|
C|005186|2017|50003556770002|001|4300007767|00030|UBCC0037|10|EA|15800|KRW|158000|20170714|1300|
C|005186|2017|50003556770003|001|4300007832|00120|UGCC0292|10|EA|41980|KRW|419800|20170714|1300|
C|005186|2017|50003556770004|001|4300007860|00020|UGBC0713|10|EA|2840|KRW|28400|20170714|1300|
C|005186|2017|50003556770005|001|4300007906|00010|UGBC0564|50|EA|640|KRW|32000|20170714|1300|
C|005186|2017|50003556770006|001|4300007906|00020|UGBC0565|50|EA|430|KRW|21500|20170714|1300|
C|005186|2017|50003556770007|001|4300007906|00030|UGBC0673|50|EA|780|KRW|39000|20170714|1300|
C|005186|2017|50003556770008|001|4300007906|00040|UGBC0566|50|EA|930|KRW|46500|20170714|1300|
C|005186|2017|50003556770009|001|4300007906|00050|UGBC0671|100|EA|630|KRW|63000|20170714|1300|
C|005186|2017|50003556770010|001|4300007906|00060|UGBC0672|100|EA|940|KRW|94000|20170714|1300|
C|005186|2017|50003556770011|001|4300007907|00050|UHGC0240|5|EA|83690|KRW|418450|20170714|1300|
C|005186|2017|50003556780001|001|4300007855|00010|UHTC0695|40|EA|30500|KRW|1220000|20170714|1300|
C|005186|2017|50003556790001|001|4300007919|00010|UKEC0108|1|EA|137020|KRW|137020|20170714|1300|
C|005186|2017|50003556790002|001|4300007920|00090|UAHC0017|1|EA|332630|KRW|332630|20170714|1300|
C|005186|2017|50003556800001|001|4300007778|00060|CMC0005|200|EA|150|KRW|30000|20170714|1300|
C|005186|2017|50003556800002|001|4300007780|00040|CMC0005|200|EA|150|KRW|30000|20170714|1300|
C|005186|2017|50003556810001|001|4300007860|00030|UIDC0006|1|EA|550000|KRW|550000|20170714|1300|
C|005186|2017|50003556810002|001|4300007911|00010|UGAC0109|1|EA|157040|KRW|157040|20170714|1300|
C|005186|2017|50003556810003|001|4300007911|00020|UGAC0053|1|EA|69880|KRW|69880|20170714|1300|
C|005186|2017|50003556810004|001|4300007916|00020|UGCC0360|2|EA|55650|KRW|111300|20170714|1300|
C|005186|2017|50003556810005|001|4300007916|00030|UGBC1595|2|EA|55200|KRW|110400|20170714|1300|
C|005186|2017|50003556810006|001|4300007916|00050|UDBC0702|1|EA|8190|KRW|8190|20170714|1300|
C|005186|2017|50003556810007|001|4300007916|00060|UAAC0032|15|EA|8798|KRW|131970|20170714|1300|
C|005186|2017|50003556810008|001|4300007916|00070|UGCC0614|15|EA|7350|KRW|110250|20170714|1300|
C|005186|2017|50003556810009|001|4300007916|00080|UKBC0022|1|EA|27510|KRW|27510|20170714|1300|
C|005186|2017|50003556810010|001|4300007917|00020|UDAC0041|4|EA|27300|KRW|109200|20170714|1300|
C|005186|2017|50003556810011|001|4300007917|00030|UAEC0137|2|EA|46950|KRW|93900|20170714|1300|
C|005186|2017|50003556810012|001|4300007917|00040|UAIC0013|2|EA|45680|KRW|91360|20170714|1300|
C|005186|2017|50003556810013|001|4300007917|00050|UADC0081|2|EA|6720|KRW|13440|20170714|1300|
C|005186|2017|50003556810014|001|4300007917|00060|UAEC0139|1|EA|11150|KRW|11150|20170714|1300|
C|005186|2017|50003556810015|001|4300007918|00010|UGCC1091|4|EA|75000|KRW|300000|20170714|1300|
C|005186|2017|50003556810016|001|4300007918|00020|UFGC0048|2|EA|274000|KRW|548000|20170714|1300|
C|005186|2017|50003556810017|001|4300007918|00030|UAEC0211|2|EA|36320|KRW|72640|20170714|1300|
C|005186|2017|50003556810018|001|4300007918|00040|UAEC0119|1|EA|79930|KRW|79930|20170714|1300|
C|005186|2017|50003556810019|001|4300007918|00050|UAAC0010|4|EA|28320|KRW|113280|20170714|1300|
C|005186|2017|50003556810020|001|4300007918|00060|UAEC0285|2|EA|7400|KRW|14800|20170714|1300|
C|005186|2017|50003556810021|001|4300007918|00070|UCAC0010|4|EA|19690|KRW|78760|20170714|1300|
C|005186|2017|50003556810022|001|4300007918|00080|UJAC0114|2|EA|42420|KRW|84840|20170714|1300|
C|005186|2017|50003556810023|001|4300007918|00090|UJAC0115|2|EA|47780|KRW|95560|20170714|1300|
C|005186|2017|50003556810024|001|4300007919|00020|UFKC0125|8|EA|36750|KRW|294000|20170714|1300|
C|005186|2017|50003556810025|001|4300007919|00030|UFKC0127|8|EA|22310|KRW|178480|20170714|1300|
C|005186|2017|50003556810026|001|4300007919|00040|UAEC0037|3|EA|4520|KRW|13560|20170714|1300|
C|005186|2017|50003556810027|001|4300007919|00050|UAEC0038|3|EA|4520|KRW|13560|20170714|1300|
C|005186|2017|50003556810028|001|4300007919|00060|UAEC0058|3|EA|12350|KRW|37050|20170714|1300|
C|005186|2017|50003556810029|001|4300007919|00070|UAEC0327|1|EA|80850|KRW|80850|20170714|1300|
C|005186|2017|50003556810030|001|4300007920|00030|UGCC0805|1|EA|99480|KRW|99480|20170714|1300|
C|005186|2017|50003556810031|001|4300007920|00140|UGCC0441|2|EA|304500|KRW|609000|20170714|1300|
C|005186|2017|50003556810032|001|4300007921|00020|UGBC1608|20|EA|5110|KRW|102200|20170714|1300|
C|005186|2017|50003556810033|001|4300007921|00030|UGBC1607|20|EA|4690|KRW|93800|20170714|1300|
C|005186|2017|50003556810034|001|4300007922|00020|UGBC0777|20|EA|4940|KRW|98800|20170714|1300|
C|005186|2017|50003556810035|001|4300007922|00030|UGBC0759|20|EA|4520|KRW|90400|20170714|1300|
C|005186|2017|50003556810036|001|4300007923|00010|UGCC0276|6|EA|49700|KRW|298200|20170714|1300|
C|005186|2017|50003556810037|001|4300007923|00020|UGCC0478|10|EA|10000|KRW|100000|20170714|1300|
C|005186|2017|50003556820001|001|4300007858|00010|UFKC0048|1|EA|90900|KRW|90900|20170714|1300|
C|005186|2017|50003556830001|001|4300007926|00030|UHTC0290|1|EA|59970|KRW|59970|20170714|1300|
