C|005186|2016|50002227970001|001|4300004430|00050|CMD0016|3|EA|30450|KRW|91350|20160130|1300|
C|005186|2016|50002227970002|001|4300004431|00120|CMD0011|1|EA|24150|KRW|24150|20160130|1300|
C|005186|2016|50002227980001|001|4300004416|00060|CMD0011|1|EA|24150|KRW|24150|20160130|1300|
C|005186|2016|50002227980002|001|4300004417|00170|CMD0016|6|EA|30450|KRW|182700|20160130|1300|
C|005186|2016|50002227980003|001|4300004419|00100|CMD0011|3|EA|24150|KRW|72450|20160130|1300|
C|005186|2016|50002227980004|001|4300004419|00110|CMD0016|5|EA|30450|KRW|152250|20160130|1300|
C|005186|2016|50002227980005|001|4300004423|00070|CMD0011|3|EA|24150|KRW|72450|20160130|1300|
C|005186|2016|50002227980006|001|4300004426|00030|CMD0011|2|EA|24150|KRW|48300|20160130|1300|
C|005186|2016|50002227980007|001|4300004426|00040|CMD0016|3|EA|30450|KRW|91350|20160130|1300|
C|005186|2016|50002227990001|001|4300004458|00010|CMD0001|7|EA|9555|KRW|66885|20160130|1300|
C|005186|2016|50002227990002|001|4300004458|00020|CMA0002|200|EA|1530|KRW|306000|20160130|1300|
C|005186|2016|50002227990003|001|4300004458|00030|CMA0001|100|EA|240|KRW|24000|20160130|1300|
C|005186|2016|50002227990004|001|4300004458|00040|CMH0007|30|EA|11700|KRW|351000|20160130|1300|
C|005186|2016|50002227990005|001|4300004458|00050|CMF0006|30|EA|11970|KRW|359100|20160130|1300|
C|005186|2016|50002227990006|001|4300004458|00060|CMF0001|10|EA|1680|KRW|16800|20160130|1300|
C|005186|2016|50002227990007|001|4300004458|00070|CMF0002|10|EA|1100|KRW|11000|20160130|1300|
C|005186|2016|50002227990008|001|4300004458|00080|CMF0020|10|EA|700|KRW|7000|20160130|1300|
C|005186|2016|50002228000001|001|4300004282|00070|CMD0016|5|EA|30450|KRW|152250|20160130|1300|
C|005186|2016|50002228000002|001|4300004283|00010|CMD0016|2|EA|30450|KRW|60900|20160130|1300|
C|005186|2016|50002228000003|001|4300004283|00020|CMD0016|2|EA|30450|KRW|60900|20160130|1300|
C|005186|2016|50002228000004|001|4300004283|00040|CMD0016|1|EA|30450|KRW|30450|20160130|1300|
C|005186|2016|50002228000005|001|4300004283|00050|CMD0011|2|EA|24150|KRW|48300|20160130|1300|
C|005186|2016|50002228000006|001|4300004284|00030|CMD0011|1|EA|24150|KRW|24150|20160130|1300|
C|005186|2016|50002228010001|001|4300004432|00040|CMF0005|2|EA|20700|KRW|41400|20160130|1300|
C|005186|2016|50002228020001|001|4300004415|00070|CMF0005|5|EA|20700|KRW|103500|20160130|1300|
C|005186|2016|50002228030001|001|4300004427|00060|CMF0005|3|EA|20700|KRW|62100|20160130|1300|
C|005186|2016|50002228040001|001|4300004416|00100|CMF0005|4|EA|20700|KRW|82800|20160130|1300|
C|005186|2016|50002228040002|001|4300004418|00060|CMF0005|2|EA|20700|KRW|41400|20160130|1300|
C|005186|2016|50002228040003|001|4300004423|00100|CMF0005|1|EA|20700|KRW|20700|20160130|1300|
C|005186|2016|50002228040004|001|4300004424|00120|CMF0005|3|EA|20700|KRW|62100|20160130|1300|
