C|005186|2017|50003922140001|001|4300009312|00010|UHTC0783|5|EA|49000|KRW|245000|20171227|1300|
C|005186|2017|50003922140002|001|4300009312|00020|UHTC0720|63|EA|24700|KRW|1556100|20171227|1300|
C|005186|2017|50003922150001|001|4300009291|00050|UAAC0003|2|EA|24150|KRW|48300|20171227|1300|
C|005186|2017|50003922150002|001|4300009292|00020|UCKC0135|1|EA|23190|KRW|23190|20171227|1300|
C|005186|2017|50003922150003|001|4300009292|00030|UCKC0136|2|EA|31620|KRW|63240|20171227|1300|
C|005186|2017|50003922150004|001|4300009294|00040|UAAC0003|5|EA|24150|KRW|120750|20171227|1300|
C|005186|2017|50003922150005|001|4300009294|00060|UGCC0829|2|EA|30320|KRW|60640|20171227|1300|
C|005186|2017|50003922150006|001|4300009295|00010|UAAC0033|5|EA|16480|KRW|82400|20171227|1300|
C|005186|2017|50003922160001|001|4300009296|00090|UAGC0530|1|EA|61140|KRW|61140|20171227|1300|
C|005186|2017|50003922160002|001|4300009304|00030|UGCC1190|50|EA|640|KRW|32000|20171227|1300|
C|005186|2017|50003922160003|001|4300009304|00100|UAJC0074|20|EA|4470|KRW|89400|20171227|1300|
C|005186|2017|50003922160004|001|4300009308|00010|UAEC0484|4|EA|6330|KRW|25320|20171227|1300|
C|005186|2017|50003922160005|001|4300009308|00050|UDDC0399|48|EA|5800|KRW|278400|20171227|1300|
C|005186|2017|50003922160006|001|4300009308|00060|UGBC1676|250|EA|740|KRW|185000|20171227|1300|
C|005186|2017|50003922160007|001|4300009309|00020|UGBC1679|20|EA|9380|KRW|187600|20171227|1300|
C|005186|2017|50003922160008|001|4300009310|00030|UAGC0169|5|EA|49430|KRW|247150|20171227|1300|
C|005186|2017|50003922160009|001|4300009310|00120|UGCC1275|10|EA|13200|KRW|132000|20171227|1300|
C|005186|2017|50003922170001|001|4300009292|00050|UDFC0198|1|EA|62400|KRW|62400|20171227|1300|
C|005186|2017|50003922170002|001|4300009299|00050|UDDC0323|1|EA|45500|KRW|45500|20171227|1300|
C|005186|2017|50003922170003|001|4300009304|00020|UDDC0260|1|EA|143330|KRW|143330|20171227|1300|
C|005186|2017|50003922180001|001|4300009312|00030|UHGC0152|10|EA|11550|KRW|115500|20171227|1300|
C|005186|2017|50003922180002|001|4300009313|00010|UHGC0330|5|EA|257250|KRW|1286250|20171227|1300|
C|005186|2017|50003922180003|001|4300009313|00030|UHFC0437|5|EA|12720|KRW|63600|20171227|1300|
C|005186|2017|50003922180004|001|4300009313|00040|UHFC0438|5|EA|14098|KRW|70490|20171227|1300|
C|005186|2017|50003922180005|001|4300009314|00010|UHTC0287|10|EA|16200|KRW|162000|20171227|1300|
C|005186|2017|50003922180006|001|4300009314|00020|UHEC0009|2|EA|91880|KRW|183760|20171227|1300|
C|005186|2017|50003922180007|001|4300009314|00030|UHNC0005|1|EA|803160|KRW|803160|20171227|1300|
C|005186|2017|50003922180008|001|4300009315|00010|UHGC0331|5|EA|249900|KRW|1249500|20171227|1300|
C|005186|2017|50003922180009|001|4300009321|00010|UHNC0118|1|EA|483000|KRW|483000|20171227|1300|
C|005186|2017|50003922180010|001|4300009321|00020|UHNC0061|1|EA|115500|KRW|115500|20171227|1300|
C|005186|2017|50003922180011|001|4300009321|00030|UHGC0023|3|EA|14960|KRW|44880|20171227|1300|
C|005186|2017|50003922180012|001|4300009321|00040|UHGC0024|10|EA|76100|KRW|761000|20171227|1300|
C|005186|2017|50003922180013|001|4300009322|00010|UHFC0112|1|EA|695310|KRW|695310|20171227|1300|
C|005186|2017|50003922180014|001|4300009322|00020|UHFC0224|10|EA|29400|KRW|294000|20171227|1300|
C|005186|2017|50003922180015|001|4300009323|00010|UHDC0021|10|EA|127050|KRW|1270500|20171227|1300|
C|005186|2017|50003922180016|001|4300009323|00020|UHFC0307|3|EA|49470|KRW|148410|20171227|1300|
C|005186|2017|50003922190001|001|4300009299|00040|UGCC0391|1|EA|297900|KRW|297900|20171227|1300|
C|005186|2017|50003922190002|001|4300009299|00080|UGCC1041|1|EA|119780|KRW|119780|20171227|1300|
C|005186|2017|50003922190003|001|4300009299|00090|UGCC1288|1|EA|74800|KRW|74800|20171227|1300|
C|005186|2017|50003922190004|001|4300009299|00100|UGCC0391|3|EA|297900|KRW|893700|20171227|1300|
C|005186|2017|50003922190005|001|4300009299|00110|UGCC0308|1|EA|59850|KRW|59850|20171227|1300|
C|005186|2017|50003922190006|001|4300009299|00120|UGCC1128|8|EA|19500|KRW|156000|20171227|1300|
C|005186|2017|50003922190007|001|4300009304|00050|UGCC0866|2|EA|27500|KRW|55000|20171227|1300|
C|005186|2017|50003922190008|001|4300009304|00070|UGCC1294|8|EA|22130|KRW|177040|20171227|1300|
C|005186|2017|50003922190009|001|4300009304|00080|UGCC0733|2|EA|104700|KRW|209400|20171227|1300|
C|005186|2017|50003922190010|001|4300009307|00030|UGCC0310|2|EA|47800|KRW|95600|20171227|1300|
C|005186|2017|50003922190011|001|4300009307|00040|UGCC0798|2|EA|37800|KRW|75600|20171227|1300|
C|005186|2017|50003922190012|001|4300009307|00050|UGCC1118|2|EA|41400|KRW|82800|20171227|1300|
C|005186|2017|50003922190013|001|4300009307|00060|UGCC0776|2|EA|334600|KRW|669200|20171227|1300|
C|005186|2017|50003922190014|001|4300009307|00080|UGCC0011|3|EA|240000|KRW|720000|20171227|1300|
C|005186|2017|50003922190015|001|4300009308|00070|UGCC1279|4|EA|145400|KRW|581600|20171227|1300|
C|005186|2017|50003922190016|001|4300009308|00080|UGCC1281|2|EA|86400|KRW|172800|20171227|1300|
C|005186|2017|50003922190017|001|4300009309|00030|UGCC1022|3|EA|55650|KRW|166950|20171227|1300|
C|005186|2017|50003922300001|001|4300009291|00060|UHGC0341|10|EA|30000|KRW|300000|20171227|1300|
C|005186|2017|50003922300002|001|4300009293|00010|UCKC0037|80|EA|14050|KRW|1124000|20171227|1300|
C|005186|2017|50003922300003|001|4300009297|00010|UGCC1261|4|EA|434000|KRW|1736000|20171227|1300|
C|005186|2017|50003922300004|001|4300009302|00010|UHGC0102|1|EA|642600|KRW|642600|20171227|1300|
C|005186|2017|50003922300005|001|4300009302|00020|UHFC0032|1|EA|998550|KRW|998550|20171227|1300|
C|005186|2017|50003922300006|001|4300009310|00050|UGCC1126|4|EA|33400|KRW|133600|20171227|1300|
C|005186|2017|50003922300007|001|4300009310|00060|UGCC1273|10|EA|70600|KRW|706000|20171227|1300|
C|005186|2017|50003922300008|001|4300009310|00090|UGBC1675|1|EA|109500|KRW|109500|20171227|1300|
C|005186|2017|50003922300009|001|4300009310|00100|UGCC1274|1|EA|48500|KRW|48500|20171227|1300|
C|005186|2017|50003922310001|001|4300009290|00080|UAEC0482|50|EA|1480|KRW|74000|20171227|1300|
