C|005186|2018|50004106270001|001|4300009867|00070|KS990007|8|EA|51450|KRW|411600|20180330|1300|
C|005186|2018|50004106270002|001|4300009875|00010|UFGC0042|1|EA|58900|KRW|58900|20180330|1300|
C|005186|2018|50004106270003|001|4300009875|00020|UICC0038|4|EA|4520|KRW|18080|20180330|1300|
C|005186|2018|50004106270004|001|4300009875|00030|UDBC0798|40|EA|530|KRW|21200|20180330|1300|
C|005186|2018|50004106270005|001|4300009894|00010|UDEC0104|3|EA|194740|KRW|584220|20180330|1300|
C|005186|2018|50004106280001|001|4300009869|00030|UDAC0246|100|EA|1200|KRW|6000|20180330|1300|
C|005186|2018|50004106280002|001|4300009889|00030|UGCC0829|2|EA|30320|KRW|60640|20180330|1300|
C|005186|2018|50004106280003|001|4300009895|00020|UGCC0894|400|EA|300000|KRW|1200000|20180330|1300|
C|005186|2018|50004106280004|001|4300009902|00010|UEBC0833|40|EA|10500|KRW|420000|20180330|1300|
C|005186|2018|50004106280005|001|4300009902|00020|UEBC1411|1|EA|95400|KRW|95400|20180330|1300|
C|005186|2018|50004106280006|001|4300009902|00030|UEBC0047|6|EA|52920|KRW|317520|20180330|1300|
C|005186|2018|50004106280007|001|4300009922|00020|UCKC0133|4|EA|1054000|KRW|1054000|20180330|1300|
C|005186|2018|50004106290001|001|4300009853|00010|KS061502|6|EA|2970|KRW|17820|20180330|1300|
C|005186|2018|50004106290002|001|4300009853|00020|KS061503|4|EA|3150|KRW|12600|20180330|1300|
C|005186|2018|50004106290003|001|4300009853|00030|KS061504|1|EA|4050|KRW|4050|20180330|1300|
C|005186|2018|50004106290004|001|4300009853|00040|KS061506|3|EA|7850|KRW|23550|20180330|1300|
C|005186|2018|50004106290005|001|4300009853|00050|KS061507|2|EA|8260|KRW|16520|20180330|1300|
C|005186|2018|50004106290006|001|4300009853|00060|KS061508|3|EA|10510|KRW|31530|20180330|1300|
C|005186|2018|50004106290007|001|4300009853|00070|KS066901|3|EA|1290|KRW|3870|20180330|1300|
C|005186|2018|50004106290008|001|4300009853|00080|KS066904|5|EA|2000|KRW|10000|20180330|1300|
C|005186|2018|50004106290009|001|4300009853|00090|KS066905|2|EA|2260|KRW|4520|20180330|1300|
C|005186|2018|50004106290010|001|4300009853|00100|KS067001|4|EA|1400|KRW|5600|20180330|1300|
C|005186|2018|50004106290011|001|4300009853|00110|KS067003|4|EA|1550|KRW|6200|20180330|1300|
C|005186|2018|50004106290012|001|4300009853|00120|KS067004|2|EA|2000|KRW|4000|20180330|1300|
C|005186|2018|50004106290013|001|4300009853|00130|KS067005|2|EA|2400|KRW|4800|20180330|1300|
C|005186|2018|50004106290014|001|4300009853|00140|KS080705|6|EA|18500|KRW|111000|20180330|1300|
C|005186|2018|50004106300001|001|4300009871|00010|UEBC0956|1|EA|65520|KRW|65520|20180330|1300|
C|005186|2018|50004106300002|001|4300009871|00030|UEBC0032|4|EA|15510|KRW|62040|20180330|1300|
C|005186|2018|50004106300003|001|4300009871|00040|UEBC0010|8|EA|89570|KRW|716560|20180330|1300|
C|005186|2018|50004106300004|001|4300009871|00060|UEBC0388|4|EA|14950|KRW|59800|20180330|1300|
C|005186|2018|50004106300005|001|4300009871|00070|UEBC0630|4|EA|29260|KRW|117040|20180330|1300|
C|005186|2018|50004106300006|001|4300009871|00080|UDDC0105|1|EA|23100|KRW|23100|20180330|1300|
C|005186|2018|50004106300007|001|4300009892|00010|UEBC1318|10|EA|38585|KRW|77170|20180330|1300|
C|005186|2018|50004106300008|001|4300009892|00020|UEBC1364|1|EA|136000|KRW|136000|20180330|1300|
C|005186|2018|50004106300009|001|4300009892|00030|UEAC0059|1|EA|76650|KRW|76650|20180330|1300|
C|005186|2018|50004106300010|001|4300009901|00010|UEBC1177|2|EA|44500|KRW|89000|20180330|1300|
C|005186|2018|50004106300011|001|4300009901|00020|UEBC0385|5|EA|29100|KRW|29100|20180330|1300|
C|005186|2018|50004106300012|001|4300009903|00010|UEBC0647|2|EA|45680|KRW|91360|20180330|1300|
C|005186|2018|50004106300013|001|4300009903|00040|UEBC0042|1|EA|30280|KRW|30280|20180330|1300|
C|005186|2018|50004106300014|001|4300009938|00010|UEBC1142|10|EA|25200|KRW|126000|20180330|1300|
C|005186|2018|50004106300015|001|4300009938|00040|UDDC0392|2|EA|28670|KRW|57340|20180330|1300|
C|005186|2018|50004106300016|001|4300009974|00010|UEBC1371|10|EA|84800|KRW|424000|20180330|1300|
C|005186|2018|50004106300017|001|4300009974|00020|UEBC0007|4|EA|58800|KRW|235200|20180330|1300|
C|005186|2018|50004106300018|001|4300009974|00030|UEBC1000|4|EA|5890|KRW|23560|20180330|1300|
C|005186|2018|50004106300019|001|4300009974|00040|UDAC0095|20|EA|18000|KRW|36000|20180330|1300|
C|005186|2018|50004106300020|001|4300009974|00050|UEBC1001|2|EA|13470|KRW|26940|20180330|1300|
C|005186|2018|50004106300021|001|4300009974|00060|UDBC0774|1|EA|110040|KRW|110040|20180330|1300|
C|005186|2018|50004106300022|001|4300009974|00070|UEBC0625|5|EA|23560|KRW|117800|20180330|1300|
C|005186|2018|50004106300023|001|4300009974|00080|UEBC0030|5|EA|12130|KRW|60650|20180330|1300|
C|005186|2018|50004106310001|001|4300009867|00060|KP150400|200|EA|17000|KRW|34000|20180330|1300|
C|005186|2018|50004106310002|001|4300009888|00030|UAIC0002|5|EA|18400|KRW|18400|20180330|1300|
C|005186|2018|50004106310003|001|4300009891|00030|UALC0062|20|EA|45360|KRW|90720|20180330|1300|
C|005186|2018|50004106320001|001|4300009950|00060|CMH0007|1|EA|11600|KRW|11600|20180330|1300|
C|005186|2018|50004106320002|001|4300009957|00050|CME0001|10|EA|3300|KRW|33000|20180330|1300|
C|005186|2018|50004106320003|001|4300009960|00050|CMH0007|2|EA|11600|KRW|23200|20180330|1300|
C|005186|2018|50004106320004|001|4300009961|00020|CMH0007|2|EA|11600|KRW|23200|20180330|1300|
C|005186|2018|50004106320005|001|4300009964|00030|CMH0007|30|EA|11600|KRW|348000|20180330|1300|
C|005186|2018|50004106320006|001|4300009964|00040|CMF0001|5|EA|1950|KRW|9750|20180330|1300|
C|005186|2018|50004106330001|001|4300009965|00010|CMH0007|3|EA|11600|KRW|34800|20180330|1300|
C|005186|2018|50004106330002|001|4300009976|00020|CMH0007|2|EA|11600|KRW|23200|20180330|1300|
C|005186|2018|50004106330003|001|4300009977|00010|CMF0006|1|EA|9500|KRW|9500|20180330|1300|
C|005186|2018|50004106330004|001|4300009977|00020|CMF0021|2|EA|3100|KRW|6200|20180330|1300|
C|005186|2018|50004106330005|001|4300009977|00030|CMH0007|2|EA|11600|KRW|23200|20180330|1300|
C|005186|2018|50004106330006|001|4300009977|00050|CME0001|13|EA|3300|KRW|42900|20180330|1300|
C|005186|2018|50004106330007|001|4300009978|00050|CME0001|28|EA|3300|KRW|92400|20180330|1300|
C|005186|2018|50004106330008|001|4300009979|00050|CMF0013|20|EA|940|KRW|18800|20180330|1300|
C|005186|2018|50004106330009|001|4300009981|00030|CMF0009|3|EA|4950|KRW|14850|20180330|1300|
C|005186|2018|50004106330010|001|4300009981|00040|CMF0001|5|EA|1950|KRW|9750|20180330|1300|
C|005186|2018|50004106330011|001|4300009981|00060|CME0001|10|EA|3300|KRW|33000|20180330|1300|
C|005186|2018|50004106330012|001|4300009982|00040|CMF0001|10|EA|1950|KRW|19500|20180330|1300|
C|005186|2018|50004106330013|001|4300009982|00060|CMF0020|10|EA|650|KRW|6500|20180330|1300|
C|005186|2018|50004106340001|001|4300009965|00070|CMA0016|150|EA|2140|KRW|321000|20180330|1300|
C|005186|2018|50004106340002|001|4300009971|00030|CME0010|200|EA|240|KRW|48000|20180330|1300|
C|005186|2018|50004106340003|001|4300009971|00050|CMA0016|300|EA|2140|KRW|642000|20180330|1300|
C|005186|2018|50004106340004|001|4300009971|00070|CMB0010|500|EA|1280|KRW|640000|20180330|1300|
C|005186|2018|50004106340005|001|4300009972|00050|CME0010|60|EA|240|KRW|14400|20180330|1300|
C|005186|2018|50004106340006|001|4300009972|00080|CMB0010|240|EA|1280|KRW|307200|20180330|1300|
C|005186|2018|50004106340007|001|4300009973|00030|CMA0016|40|EA|2140|KRW|85600|20180330|1300|
C|005186|2018|50004106340008|001|4300009973|00050|CMB0010|40|EA|1280|KRW|51200|20180330|1300|
C|005186|2018|50004106340009|001|4300009976|00040|CMB0010|40|EA|1280|KRW|51200|20180330|1300|
C|005186|2018|50004106340010|001|4300009976|00090|CME0010|100|EA|240|KRW|24000|20180330|1300|
C|005186|2018|50004106340011|001|4300009977|00060|CMA0005|20|EA|2000|KRW|40000|20180330|1300|
C|005186|2018|50004106340012|001|4300009977|00070|CMA0016|20|EA|2140|KRW|42800|20180330|1300|
C|005186|2018|50004106340013|001|4300009978|00080|CMA0016|60|EA|2140|KRW|128400|20180330|1300|
C|005186|2018|50004106340014|001|4300009978|00090|CME0010|100|EA|240|KRW|24000|20180330|1300|
C|005186|2018|50004106340015|001|4300009979|00040|CMA0005|20|EA|2000|KRW|40000|20180330|1300|
C|005186|2018|50004106340016|001|4300009979|00080|CME0010|50|EA|240|KRW|12000|20180330|1300|
C|005186|2018|50004106340017|001|4300009979|00100|CMB0010|100|EA|1280|KRW|128000|20180330|1300|
C|005186|2018|50004106340018|001|4300009981|00080|CMA0016|100|EA|2140|KRW|214000|20180330|1300|
C|005186|2018|50004106340019|001|4300009981|00100|CME0010|200|EA|240|KRW|48000|20180330|1300|
C|005186|2018|50004106340020|001|4300009981|00110|CMB0010|400|EA|1280|KRW|512000|20180330|1300|
C|005186|2018|50004106350001|001|4300009946|00010|CMB0010|120|EA|1280|KRW|153600|20180330|1300|
C|005186|2018|50004106350002|001|4300009947|00040|CMB0010|80|EA|1280|KRW|102400|20180330|1300|
C|005186|2018|50004106350003|001|4300009950|00040|CME0010|100|EA|240|KRW|24000|20180330|1300|
C|005186|2018|50004106350004|001|4300009951|00020|CMB0010|60|EA|1280|KRW|76800|20180330|1300|
C|005186|2018|50004106350005|001|4300009952|00040|CMA0016|30|EA|2140|KRW|64200|20180330|1300|
C|005186|2018|50004106350006|001|4300009957|00060|CME0010|40|EA|240|KRW|9600|20180330|1300|
C|005186|2018|50004106350007|001|4300009961|00010|CMB0010|200|EA|1280|KRW|256000|20180330|1300|
C|005186|2018|50004106360001|001|4300009903|00020|UKDC0005|5|EA|9450|KRW|47250|20180330|1300|
C|005186|2018|50004106370001|001|4300009928|00010|UHGC0254|2|EA|800000|KRW|1600000|20180330|1300|
C|005186|2018|50004106370002|001|4300009999|00010|UHCC0043|2|EA|341000|KRW|682000|20180330|1300|
C|005186|2018|50004106370003|001|4300009999|00020|UHGC0307|1|EA|66674|KRW|66674|20180330|1300|
C|005186|2018|50004106370004|001|4300009999|00030|UHGC0308|1|EA|24274|KRW|24274|20180330|1300|
C|005186|2018|50004106380001|001|4300009866|00010|KE030011|7|EA|8190|KRW|57330|20180330|1300|
C|005186|2018|50004106380002|001|4300009866|00020|KE030200|2|EA|15230|KRW|30460|20180330|1300|
C|005186|2018|50004106380003|001|4300009866|00030|KE030205|3|EA|31290|KRW|93870|20180330|1300|
C|005186|2018|50004106380004|001|4300009866|00040|KE050003|10|EA|14000|KRW|14000|20180330|1300|
C|005186|2018|50004106380005|001|4300009866|00050|KE050502|2|EA|10000|KRW|20000|20180330|1300|
C|005186|2018|50004106380006|001|4300009866|00060|KE051050|3|EA|12600|KRW|37800|20180330|1300|
C|005186|2018|50004106380007|001|4300009866|00070|KE110200|10|EA|651000|KRW|651000|20180330|1300|
C|005186|2018|50004106380008|001|4300009866|00080|KE180203|30|EA|136500|KRW|409500|20180330|1300|
C|005186|2018|50004106380009|001|4300009866|00090|KE190003|10|EA|146500|KRW|293000|20180330|1300|
C|005186|2018|50004106380010|001|4300009866|00100|KE200113|3|EA|130000|KRW|390000|20180330|1300|
C|005186|2018|50004106380011|001|4300009867|00010|KE050207|1|EA|6930|KRW|6930|20180330|1300|
