C|005186|2017|50003924660001|001|4300009375|00010|UHGC0339|1|EA|315000|KRW|315000|20171228|1300|
C|005186|2017|50003924660002|001|4300009375|00020|UHEC0041|4|EA|270000|KRW|1080000|20171228|1300|
C|005186|2017|50003924660003|001|4300009375|00030|UHTC0835|1|EA|440000|KRW|440000|20171228|1300|
C|005186|2017|50003924660004|001|4300009376|00010|UHNC0145|1|EA|1790000|KRW|1790000|20171228|1300|
C|005186|2017|50003924660005|001|4300009377|00010|UHBC0024|1|EA|1950000|KRW|1950000|20171228|1300|
C|005186|2017|50003924660006|001|4300009379|00010|CMA0008|200|EA|470|KRW|94000|20171228|1300|
C|005186|2017|50003924660007|001|4300009379|00020|CMB0001|200|EA|520|KRW|104000|20171228|1300|
C|005186|2017|50003924660008|001|4300009397|00010|UBEC0007|2|EA|112200|KRW|224400|20171228|1300|
C|005186|2017|50003924660009|001|4300009397|00020|UFGC0059|1|EA|73190|KRW|73190|20171228|1300|
C|005186|2017|50003924660010|001|4300009398|00010|UIDC0030|1|EA|16800|KRW|16800|20171228|1300|
C|005186|2017|50003924660011|001|4300009398|00020|UDBC0804|1|EA|387200|KRW|387200|20171228|1300|
C|005186|2017|50003924660012|001|4300009398|00030|UEBC0441|4|EA|29560|KRW|118240|20171228|1300|
C|005186|2017|50003924660013|001|4300009398|00040|UDDC0152|2|EA|8925|KRW|17850|20171228|1300|
C|005186|2017|50003924660014|001|4300009398|00050|UAHC0045|2|EA|91350|KRW|182700|20171228|1300|
C|005186|2017|50003924660015|001|4300009398|00060|UGCC0822|2|EA|38690|KRW|77380|20171228|1300|
C|005186|2017|50003924660016|001|4300009398|00070|UEBC0542|5|EA|60900|KRW|304500|20171228|1300|
C|005186|2017|50003924660017|001|4300009398|00080|UGBC0878|2|EA|78750|KRW|157500|20171228|1300|
C|005186|2017|50003924660018|001|4300009398|00090|UDFC0030|1|EA|75600|KRW|75600|20171228|1300|
C|005186|2017|50003924660019|001|4300009398|00100|UDFC0128|8|EA|14740|KRW|117920|20171228|1300|
C|005186|2017|50003924660020|001|4300009398|00110|UDCC0053|1|EA|93800|KRW|93800|20171228|1300|
C|005186|2017|50003924660021|001|4300009398|00120|UDDC0328|5|EA|8520|KRW|42600|20171228|1300|
C|005186|2017|50003924660022|001|4300009398|00130|UDBC0960|100|EA|53|KRW|5300|20171228|1300|
C|005186|2017|50003924660023|001|4300009398|00140|UDBC0751|100|EA|79|KRW|7900|20171228|1300|
C|005186|2017|50003924660024|001|4300009399|00010|UGCC1126|4|EA|33400|KRW|133600|20171228|1300|
C|005186|2017|50003924660025|001|4300009399|00020|UAGC0461|8|EA|10100|KRW|80800|20171228|1300|
C|005186|2017|50003924660026|001|4300009399|00030|UEBC1039|3|EA|16840|KRW|50520|20171228|1300|
C|005186|2017|50003924660027|001|4300009399|00040|UEBC1121|30|EA|1840|KRW|55200|20171228|1300|
C|005186|2017|50003924660028|001|4300009399|00050|UEBC1193|20|EA|1650|KRW|33000|20171228|1300|
C|005186|2017|50003924660029|001|4300009399|00060|UEBC0583|2|EA|1575|KRW|3150|20171228|1300|
C|005186|2017|50003924660030|001|4300009399|00070|UDAC0079|10|EA|4210|KRW|42100|20171228|1300|
C|005186|2017|50003924660031|001|4300009399|00080|UDAC0078|10|EA|4210|KRW|42100|20171228|1300|
C|005186|2017|50003924660032|001|4300009399|00090|UEBC0248|5|EA|19620|KRW|98100|20171228|1300|
C|005186|2017|50003924660033|001|4300009399|00100|UEBC1201|5|EA|30500|KRW|152500|20171228|1300|
C|005186|2017|50003924660034|001|4300009399|00110|UGCC1289|2|EA|64300|KRW|128600|20171228|1300|
C|005186|2017|50003924660035|001|4300009399|00120|UAGC0193|100|EA|3255|KRW|325500|20171228|1300|
C|005186|2017|50003924660036|001|4300009399|00130|UDEC0014|1|EA|58440|KRW|58440|20171228|1300|
C|005186|2017|50003924660037|001|4300009399|00140|UEBC0113|3|EA|16510|KRW|49530|20171228|1300|
C|005186|2017|50003924660038|001|4300009399|00150|UGCC1213|1|EA|88000|KRW|88000|20171228|1300|
C|005186|2017|50003924670001|001|4300009400|00010|UAGC0405|2|EA|73690|KRW|147380|20171228|1300|
C|005186|2017|50003924670002|001|4300009400|00020|UGBC1344|1|EA|509000|KRW|509000|20171228|1300|
C|005186|2017|50003924670003|001|4300009400|00030|UCKC0076|1|EA|45740|KRW|45740|20171228|1300|
C|005186|2017|50003924670004|001|4300009400|00040|UDAC0379|1|EA|29600|KRW|29600|20171228|1300|
C|005186|2017|50003924670005|001|4300009400|00050|UEAC0167|1|EA|1038000|KRW|1038000|20171228|1300|
C|005186|2017|50003924670006|001|4300009400|00060|UDBC0375|500|EA|16|KRW|8000|20171228|1300|
C|005186|2017|50003924670007|001|4300009400|00070|UDDC0391|2|EA|8440|KRW|16880|20171228|1300|
C|005186|2017|50003924670008|001|4300009400|00080|UDBC0943|1|EA|573|KRW|573|20171228|1300|
C|005186|2017|50003924670009|001|4300009400|00090|UDEC0012|1|EA|33600|KRW|33600|20171228|1300|
C|005186|2017|50003924670010|001|4300009401|00010|UCIC0219|1|EA|605000|KRW|605000|20171228|1300|
C|005186|2017|50003924670011|001|4300009401|00020|UGBC1683|10|EA|10540|KRW|105400|20171228|1300|
C|005186|2017|50003924670012|001|4300009401|00030|UGBC1684|4|EA|126400|KRW|505600|20171228|1300|
C|005186|2017|50003924670013|001|4300009401|00040|UDAC0388|10|EA|950|KRW|9500|20171228|1300|
C|005186|2017|50003924670014|001|4300009401|00060|UCIC0031|1|EA|432640|KRW|432640|20171228|1300|
C|005186|2017|50003924670015|001|4300009401|00070|UGBC1279|1|EA|242500|KRW|242500|20171228|1300|
C|005186|2017|50003924670016|001|4300009402|00010|UCIC0218|1|EA|1210000|KRW|1210000|20171228|1300|
C|005186|2017|50003924670017|001|4300009402|00020|UCHC0007|2|EA|12630|KRW|25260|20171228|1300|
C|005186|2017|50003924670018|001|4300009402|00030|UGCC0630|1|EA|36750|KRW|36750|20171228|1300|
C|005186|2017|50003924670019|001|4300009402|00040|UAJC0065|100|EA|180|KRW|18000|20171228|1300|
C|005186|2017|50003924670020|001|4300009402|00050|UAJC0063|100|EA|180|KRW|18000|20171228|1300|
C|005186|2017|50003924670021|001|4300009402|00060|UAJC0044|100|EA|270|KRW|27000|20171228|1300|
C|005186|2017|50003924670022|001|4300009402|00070|UAJC0047|50|EA|470|KRW|23500|20171228|1300|
C|005186|2017|50003924670023|001|4300009402|00080|UBCC0059|10|EA|9270|KRW|92700|20171228|1300|
C|005186|2017|50003924670024|001|4300009402|00090|UBCC0062|5|EA|9500|KRW|47500|20171228|1300|
C|005186|2017|50003924670025|001|4300009402|00100|UBCC0038|5|EA|17900|KRW|89500|20171228|1300|
C|005186|2017|50003924670026|001|4300009402|00110|UZZC0124|1|EA|125000|KRW|125000|20171228|1300|
C|005186|2017|50003924670027|001|4300009402|00120|UZZC0029|20|EA|11550|KRW|231000|20171228|1300|
