C|005186|2021|50006214060001|001|4300019505|00010|UGCC0206|50|EA|3490|KRW|174500|20210224|1300|
C|005186|2021|50006214060002|001|4300019505|00020|UGCC0210|20|EA|3290|KRW|65800|20210224|1300|
C|005186|2021|50006214060003|001|4300019505|00030|UGCC0211|20|EA|4000|KRW|80000|20210224|1300|
C|005186|2021|50006214060004|001|4300019505|00040|UGBC0765|50|EA|510|KRW|25500|20210224|1300|
C|005186|2021|50006214060005|001|4300019505|00050|UGBC0768|50|EA|609|KRW|30450|20210224|1300|
C|005186|2021|50006214060006|001|4300019505|00060|UGBC0780|50|EA|570|KRW|28500|20210224|1300|
C|005186|2021|50006214060007|001|4300019505|00070|UGBC0781|50|EA|580|KRW|29000|20210224|1300|
C|005186|2021|50006214070001|001|4300019567|00010|UIEC0035|20|EA|37800|KRW|756000|20210224|1300|
C|005186|2021|50006214070002|001|4300019567|00030|UALC0030|30|EA|3500|KRW|105000|20210224|1300|
C|005186|2021|50006214070003|001|4300019568|00040|UKEC0105|5|EA|6840|KRW|34200|20210224|1300|
C|005186|2021|50006214070004|001|4300019571|00050|UKBC0014|1|EA|52500|KRW|52500|20210224|1300|
C|005186|2021|50006214080001|001|4300019601|00010|UDCC0061|5|EA|133200|KRW|666000|20210224|1300|
C|005186|2021|50006214080002|001|4300019601|00020|UDCC0062|2|EA|103200|KRW|206400|20210224|1300|
C|005186|2021|50006214080003|001|4300019601|00030|UDEC0116|3|EA|254000|KRW|762000|20210224|1300|
C|005186|2021|50006214080004|001|4300019602|00010|UDEC0061|3|EA|262500|KRW|787500|20210224|1300|
C|005186|2021|50006214080005|001|4300019602|00020|UGCC0538|2|EA|21000|KRW|42000|20210224|1300|
C|005186|2021|50006214090001|001|4300019571|00020|UZZC0174|5|EA|18900|KRW|94500|20210224|1300|
C|005186|2021|50006214090002|001|4300019621|00010|UAGC0557|1|EA|506500|KRW|506500|20210224|1300|
C|005186|2021|50006214090003|001|4300019621|00020|UAIC0002|5|EA|3680|KRW|18400|20210224|1300|
C|005186|2021|50006214090004|001|4300019621|00030|UJCC0051|30|EA|25200|KRW|756000|20210224|1300|
C|005186|2021|50006214090005|001|4300019621|00040|UFDC0003|30|EA|15280|KRW|458400|20210224|1300|
C|005186|2021|50006214090006|001|4300019621|00050|UAGC0107|10|EA|640|KRW|6400|20210224|1300|
