C|005186|2018|50004272470001|001|4300010739|00010|CME0008|20|EA|1950|KRW|39000|20180628|1300|
C|005186|2018|50004272470002|001|4300010739|00090|CMB0002|240|EA|2100|KRW|504000|20180628|1300|
C|005186|2018|50004272480001|001|4300010739|00030|CME0002|50|EA|1100|KRW|55000|20180628|1300|
C|005186|2018|50004272480002|001|4300010739|00040|CMA0007|100|EA|151|KRW|15100|20180628|1300|
C|005186|2018|50004272480003|001|4300010739|00080|CMB0001|240|EA|520|KRW|124800|20180628|1300|
C|005186|2018|50004272480004|001|4300010739|00100|CMA0001|300|EA|151|KRW|45300|20180628|1300|
C|005186|2018|50004272490001|001|4300010675|00030|CMB0003|20|EA|2200|KRW|44000|20180628|1300|
C|005186|2018|50004277200001|001|4300010675|00060|CMA0017|30|EA|770|KRW|23100|20180628|1300|
C|005186|2018|50004277200002|001|4300010675|00070|CMA0001|70|EA|151|KRW|10570|20180628|1300|
C|005186|2018|50004277200003|001|4300010675|00080|CMA0007|70|EA|151|KRW|10570|20180628|1300|
C|005186|2018|50004277200004|001|4300010675|00090|CMC0005|70|EA|150|KRW|10500|20180628|1300|
C|005186|2018|50004277210001|001|4300010715|00080|CMB0002|40|EA|2100|KRW|84000|20180628|1300|
C|005186|2018|50004277210002|001|4300010715|00090|CMB0003|40|EA|2200|KRW|88000|20180628|1300|
C|005186|2018|50004277220001|001|4300010715|00010|CMF0004|5|EA|17000|KRW|85000|20180628|1300|
C|005186|2018|50004277220002|001|4300010715|00040|CME0002|20|EA|1100|KRW|22000|20180628|1300|
C|005186|2018|50004277220003|001|4300010715|00050|CME0008|20|EA|1950|KRW|39000|20180628|1300|
C|005186|2018|50004277220004|001|4300010715|00100|CMA0003|50|EA|1150|KRW|57500|20180628|1300|
C|005186|2018|50004277220005|001|4300010715|00110|CMA0008|100|EA|470|KRW|47000|20180628|1300|
C|005186|2018|50004277220006|001|4300010715|00120|CMA0007|200|EA|151|KRW|30200|20180628|1300|
C|005186|2018|50004277220007|001|4300010715|00130|CMB0001|240|EA|520|KRW|124800|20180628|1300|
C|005186|2018|50004277220008|001|4300010715|00150|CMC0005|400|EA|150|KRW|60000|20180628|1300|
C|005186|2018|50004277220009|001|4300010715|00170|CMA0001|600|EA|151|KRW|90600|20180628|1300|
C|005186|2018|50004277230001|001|4300010664|00020|CMB0003|20|EA|2200|KRW|44000|20180628|1300|
C|005186|2018|50004277240001|001|4300010664|00040|CMB0001|60|EA|520|KRW|31200|20180628|1300|
C|005186|2018|50004277240002|001|4300010664|00050|CMA0007|100|EA|151|KRW|15100|20180628|1300|
C|005186|2018|50004277240003|001|4300010664|00060|CMA0001|150|EA|151|KRW|22650|20180628|1300|
C|005186|2018|50004277240004|001|4300010664|00070|CMC0005|200|EA|150|KRW|30000|20180628|1300|
C|005186|2018|50004277250001|001|4300010669|00090|CMB0002|100|EA|2100|KRW|210000|20180628|1300|
C|005186|2018|50004277260001|001|4300010669|00060|CMZ0004|20|EA|220|KRW|4400|20180628|1300|
C|005186|2018|50004277260002|001|4300010669|00070|CMC0005|30|EA|150|KRW|4500|20180628|1300|
C|005186|2018|50004277260003|001|4300010669|00080|CMZ0005|30|EA|810|KRW|24300|20180628|1300|
C|005186|2018|50004277260004|001|4300010669|00100|CMA0001|350|EA|151|KRW|52850|20180628|1300|
C|005186|2018|50004277260005|001|4300010669|00110|CMA0007|350|EA|151|KRW|52850|20180628|1300|
C|005186|2018|50004277270001|001|4300010670|00030|CMF0015|10|EA|450|KRW|4500|20180628|1300|
C|005186|2018|50004277270002|001|4300010670|00040|CMZ0009|20|EA|920|KRW|18400|20180628|1300|
C|005186|2018|50004277270003|001|4300010670|00070|CMC0005|50|EA|150|KRW|7500|20180628|1300|
C|005186|2018|50004277270004|001|4300010670|00100|CMB0001|60|EA|520|KRW|31200|20180628|1300|
C|005186|2018|50004277270005|001|4300010670|00120|CMA0008|150|EA|470|KRW|70500|20180628|1300|
C|005186|2018|50004277270006|001|4300010670|00130|CMA0001|200|EA|151|KRW|30200|20180628|1300|
C|005186|2018|50004277270007|001|4300010670|00140|CMA0007|200|EA|151|KRW|30200|20180628|1300|
C|005186|2018|50004277280001|001|4300010670|00050|CMB0002|40|EA|2100|KRW|84000|20180628|1300|
C|005186|2018|50004277280002|001|4300010670|00060|CMB0003|40|EA|2200|KRW|88000|20180628|1300|
C|005186|2018|50004277290001|001|4300010717|00010|CMA0001|100|EA|151|KRW|15100|20180628|1300|
C|005186|2018|50004277290002|001|4300010717|00020|CMA0007|40|EA|151|KRW|6040|20180628|1300|
C|005186|2018|50004277290003|001|4300010717|00030|CMA0008|40|EA|470|KRW|18800|20180628|1300|
C|005186|2018|50004277290004|001|4300010717|00050|CMC0003|10|EA|310|KRW|3100|20180628|1300|
C|005186|2018|50004277300001|001|4300010717|00070|CME0008|10|EA|1950|KRW|19500|20180628|1300|
C|005186|2018|50004277310001|001|4300010671|00080|CMB0003|100|EA|2200|KRW|220000|20180628|1300|
C|005186|2018|50004277320001|001|4300010671|00040|CMF0004|2|EA|17000|KRW|34000|20180628|1300|
C|005186|2018|50004277320002|001|4300010671|00070|CMA0017|30|EA|770|KRW|23100|20180628|1300|
C|005186|2018|50004277320003|001|4300010671|00100|CMA0007|150|EA|151|KRW|22650|20180628|1300|
C|005186|2018|50004277320004|001|4300010671|00110|CMB0001|200|EA|520|KRW|104000|20180628|1300|
C|005186|2018|50004277320005|001|4300010671|00120|CMA0008|250|EA|470|KRW|117500|20180628|1300|
C|005186|2018|50004277320006|001|4300010671|00130|CMA0001|400|EA|151|KRW|60400|20180628|1300|
