C|005186|2014|50000856340001|001|4300001539|00010|UAGC0389|1|EA|96670|KRW|96670|20140715|1300|
C|005186|2014|50000856340002|001|4300001539|00020|UGCC0627|1|EA|37800|KRW|37800|20140715|1300|
C|005186|2014|50000856340003|001|4300001539|00030|UAEC0028|1|EA|43370|KRW|43370|20140715|1300|
C|005186|2014|50000856340004|001|4300001539|00040|UALC0094|24|EA|62800|KRW|1507200|20140715|1300|
C|005186|2014|50000856340005|001|4300001539|00050|UKEC0017|1|EA|61200|KRW|61200|20140715|1300|
C|005186|2014|50000856340006|001|4300001539|00060|UDBC0813|100|EA|610|KRW|61000|20140715|1300|
C|005186|2014|50000856350001|001|4300001538|00060|UHEC0013|10|EA|100800|KRW|1008000|20140715|1300|
C|005186|2014|50000856350002|001|4300001538|00100|UHHC0154|1|EA|120750|KRW|120750|20140715|1300|
C|005186|2014|50000856350003|001|4300001538|00110|UHHC0157|1|EA|333900|KRW|333900|20140715|1300|
C|005186|2014|50000856350004|001|4300001538|00120|UHHC0008|1|EA|1013800|KRW|1013800|20140715|1300|
C|005186|2014|50000856350005|001|4300001538|00130|UHFC0348|1|EA|78750|KRW|78750|20140715|1300|
C|005186|2014|50000856350006|001|4300001538|00140|UHFC0338|1|EA|141750|KRW|141750|20140715|1300|
C|005186|2014|50000856360001|001|4300001507|00100|UHGC0243|2|EA|400000|KRW|800000|20140715|1300|
C|005186|2014|50000856370001|001|4300001538|00170|UGCC0396|2|EA|54200|KRW|108400|20140715|1300|
C|005186|2014|50000856370002|001|4300001538|00230|UGCC0603|20|EA|24150|KRW|483000|20140715|1300|
C|005186|2014|50000856380001|001|4300001538|00040|UHTC0409|4|EA|296000|KRW|1184000|20140715|1300|
C|005186|2014|50000856380002|001|4300001538|00050|UAGC0178|60|EA|7455|KRW|447300|20140715|1300|
C|005186|2014|50000856380003|001|4300001538|00150|UEBC0774|10|EA|515|KRW|5150|20140715|1300|
C|005186|2014|50000856380004|001|4300001538|00160|UEBC0775|10|EA|920|KRW|9200|20140715|1300|
C|005186|2014|50000856390001|001|4300001538|00010|UICC0038|3|EA|4520|KRW|13560|20140715|1300|
C|005186|2014|50000856390002|001|4300001538|00020|UAEC0319|1|EA|73470|KRW|73470|20140715|1300|
C|005186|2014|50000856390003|001|4300001538|00030|UEBC0458|10|EA|2200|KRW|22000|20140715|1300|
C|005186|2014|50000856390004|001|4300001538|00070|UZZC0089|200|EA|200|KRW|40000|20140715|1300|
C|005186|2014|50000856390005|001|4300001538|00080|UAIC0002|5|EA|3680|KRW|18400|20140715|1300|
C|005186|2014|50000856390006|001|4300001538|00090|UGCC0737|1|EA|1769000|KRW|1769000|20140715|1300|
C|005186|2014|50000856390007|001|4300001538|00180|UIDC0005|3|EA|436510|KRW|1309530|20140715|1300|
C|005186|2014|50000856390008|001|4300001538|00190|UZZC0097|1|EA|70760|KRW|70760|20140715|1300|
C|005186|2014|50000856390009|001|4300001538|00200|UGAC0091|3|EA|33920|KRW|101760|20140715|1300|
C|005186|2014|50000856390010|001|4300001538|00210|UZZC0128|1|EA|201000|KRW|201000|20140715|1300|
C|005186|2014|50000856390011|001|4300001538|00220|UFFC0012|1|EA|31190|KRW|31190|20140715|1300|
C|005186|2014|50000856390012|001|4300001538|00240|UKBC0010|3|EA|91480|KRW|274440|20140715|1300|
C|005186|2014|50000856390013|001|4300001538|00250|UKEC0013|40|EA|1530|KRW|61200|20140715|1300|
C|005186|2014|50000856400001|001|4300001539|00070|UHTC0094|2|EA|446250|KRW|892500|20140715|1300|
C|005186|2014|50000856400002|001|4300001539|00080|UEBC0617|12|EA|6220|KRW|74640|20140715|1300|
C|005186|2014|50000856400003|001|4300001539|00090|UEBC0649|2|EA|124740|KRW|249480|20140715|1300|
C|005186|2014|50000856400004|001|4300001539|00100|UEBC0066|2|EA|938700|KRW|1877400|20140715|1300|
C|005186|2014|50000856400005|001|4300001539|00110|UEBC0064|2|EA|181130|KRW|362260|20140715|1300|
C|005186|2014|50000856400006|001|4300001539|00120|UEBC0063|2|EA|144900|KRW|289800|20140715|1300|
C|005186|2014|50000856400007|001|4300001539|00130|UEBC0078|20|EA|1910|KRW|38200|20140715|1300|
