C|005186|2018|50004282700001|001|4300010614|00300|KE030011|6|EA|8190|KRW|49140|20180629|1300|
C|005186|2018|50004282700002|001|4300010614|00310|KE030200|2|EA|15230|KRW|30460|20180629|1300|
C|005186|2018|50004282700003|001|4300010614|00320|KE030206|4|EA|16380|KRW|65520|20180629|1300|
C|005186|2018|50004282700004|001|4300010614|00330|KE050003|12|EA|1400|KRW|16800|20180629|1300|
C|005186|2018|50004282700005|001|4300010614|00340|KE050004|10|EA|1400|KRW|14000|20180629|1300|
C|005186|2018|50004282700006|001|4300010614|00350|KE050302|14|EA|1160|KRW|16240|20180629|1300|
C|005186|2018|50004282700007|001|4300010614|00360|KE050701|10|EA|2630|KRW|26300|20180629|1300|
C|005186|2018|50004282700008|001|4300010614|00370|KE050801|11|EA|1900|KRW|20900|20180629|1300|
C|005186|2018|50004282700009|001|4300010614|00380|KE090106|7|EA|15370|KRW|107590|20180629|1300|
C|005186|2018|50004282700010|001|4300010614|00390|KE090112|6|EA|16800|KRW|100800|20180629|1300|
C|005186|2018|50004282700011|001|4300010615|00010|KE090165|3|EA|165900|KRW|497700|20180629|1300|
C|005186|2018|50004282700012|001|4300010615|00020|KE110200|10|EA|65100|KRW|651000|20180629|1300|
C|005186|2018|50004282700013|001|4300010615|00030|KE180203|24|EA|13650|KRW|327600|20180629|1300|
C|005186|2018|50004282700014|001|4300010615|00040|KE190003|6|EA|29300|KRW|175800|20180629|1300|
C|005186|2018|50004282700015|001|4300010615|00060|KE200116|2|EA|130200|KRW|260400|20180629|1300|
C|005186|2018|50004282700016|001|4300010616|00010|KE200113|4|EA|130000|KRW|520000|20180629|1300|
C|005186|2018|50004282700017|001|4300010616|00020|KE230003|200|EA|46750|KRW|374000|20180629|1300|
C|005186|2018|50004282700018|001|4300010616|00030|KE231001|30|EA|16150|KRW|484500|20180629|1300|
C|005186|2018|50004282700019|001|4300010616|00040|KE231403|10|EA|1840|KRW|18400|20180629|1300|
C|005186|2018|50004282700020|001|4300010616|00050|KE231406|6|EA|7140|KRW|42840|20180629|1300|
C|005186|2018|50004282700021|001|4300010616|00060|KE231503|15|EA|1160|KRW|17400|20180629|1300|
C|005186|2018|50004282750001|001|4300010578|00010|UGCC0139|5|EA|50400|KRW|252000|20180629|1300|
C|005186|2018|50004282750002|001|4300010578|00020|UGCC0140|5|EA|57750|KRW|288750|20180629|1300|
C|005186|2018|50004282750003|001|4300010591|00130|UGBC0748|50|EA|4520|KRW|22600|20180629|1300|
C|005186|2018|50004282750004|001|4300010596|00010|UGCC0579|2|EA|968600|KRW|1937200|20180629|1300|
C|005186|2018|50004282750005|001|4300010604|00070|UDBC0446|200|EA|10800|KRW|21600|20180629|1300|
C|005186|2018|50004282750006|001|4300010604|00080|UDBC0389|200|EA|23000|KRW|46000|20180629|1300|
C|005186|2018|50004282750007|001|4300010609|00010|UCKC0133|4|EA|1054000|KRW|1054000|20180629|1300|
C|005186|2018|50004282750008|001|4300010678|00010|UDBC0003|10|EA|14200|KRW|14200|20180629|1300|
C|005186|2018|50004282750009|001|4300010678|00020|UGCC0579|2|EA|968600|KRW|1937200|20180629|1300|
C|005186|2018|50004282750010|001|4300010680|00010|UGCC0443|1|EA|47360|KRW|47360|20180629|1300|
C|005186|2018|50004282750011|001|4300010682|00010|UGBC1420|1|EA|434000|KRW|434000|20180629|1300|
C|005186|2018|50004282750012|001|4300010684|00010|UDAC0220|2|EA|3680|KRW|7360|20180629|1300|
C|005186|2018|50004282750013|001|4300010684|00030|UGBC0914|2|EA|45675|KRW|91350|20180629|1300|
C|005186|2018|50004282750014|001|4300010684|00040|UZZC0124|3|EA|125000|KRW|375000|20180629|1300|
C|005186|2018|50004282760001|001|4300010677|00010|UEBC0008|10|EA|5360|KRW|53600|20180629|1300|
C|005186|2018|50004282760002|001|4300010677|00020|UIDC0027|40|EA|18900|KRW|756000|20180629|1300|
C|005186|2018|50004282760003|001|4300010677|00030|UEBC0011|4|EA|133350|KRW|533400|20180629|1300|
C|005186|2018|50004282760004|001|4300010679|00020|UEBC0182|1|EA|111560|KRW|111560|20180629|1300|
C|005186|2018|50004282760005|001|4300010679|00030|UEBC1166|10|EA|520000|KRW|1040000|20180629|1300|
C|005186|2018|50004282770001|001|4300010686|00010|UAHC0025|100|EA|766000|KRW|766000|20180629|1300|
C|005186|2018|50004282770002|001|4300010687|00020|UAEC0025|2|EA|8900|KRW|17800|20180629|1300|
C|005186|2018|50004282770003|001|4300010687|00030|UAEC0034|1|EA|3470|KRW|3470|20180629|1300|
C|005186|2018|50004282770004|001|4300010687|00040|UAEC0035|1|EA|3470|KRW|3470|20180629|1300|
C|005186|2018|50004282770005|001|4300010687|00060|UAGC0193|50|EA|162750|KRW|162750|20180629|1300|
C|005186|2018|50004282770006|001|4300010687|00080|UAGC0064|2|EA|112630|KRW|225260|20180629|1300|
C|005186|2018|50004282770007|001|4300010687|00090|UAEC0083|10|EA|2640|KRW|26400|20180629|1300|
C|005186|2018|50004282770008|001|4300010687|00100|UAEC0094|1|EA|22630|KRW|22630|20180629|1300|
C|005186|2018|50004282780001|001|4300010687|00050|UJCC0060|300|EA|59000|KRW|177000|20180629|1300|
C|005186|2018|50004282780002|001|4300010697|00020|UZZC0176|5|EA|3680|KRW|18400|20180629|1300|
C|005186|2018|50004282780003|001|4300010703|00010|UHHC0211|50|EA|38000|KRW|1900000|20180629|1300|
C|005186|2018|50004282780004|001|4300010704|00010|UHHC0207|100|EA|1696000|KRW|1696000|20180629|1300|
C|005186|2018|50004282780005|001|4300010734|00010|UAGC0438|5|EA|53650|KRW|53650|20180629|1300|
C|005186|2018|50004282780006|001|4300010734|00040|UEAC0180|2|EA|137800|KRW|275600|20180629|1300|
C|005186|2018|50004282780007|001|4300010734|00060|UAGC0136|10|EA|34900|KRW|69800|20180629|1300|
C|005186|2018|50004282780008|001|4300010734|00070|UAGC0441|10|EA|80200|KRW|80200|20180629|1300|
C|005186|2018|50004282780009|001|4300010734|00080|UAGC0438|10|EA|53650|KRW|107300|20180629|1300|
C|005186|2018|50004282800001|001|4300010701|00010|UKBC0014|1|EA|52500|KRW|52500|20180629|1300|
C|005186|2018|50004282800002|001|4300010702|00020|UHEC0024|2|EA|35300|KRW|70600|20180629|1300|
C|005186|2018|50004282800003|001|4300010705|00020|UAGC0052|10|EA|25200|KRW|25200|20180629|1300|
C|005186|2018|50004282800004|001|4300010706|00020|UAEC0058|6|EA|24700|KRW|74100|20180629|1300|
C|005186|2018|50004282800005|001|4300010707|00020|UAGC0033|2|EA|244200|KRW|244200|20180629|1300|
C|005186|2018|50004282800006|001|4300010707|00030|UZZC0012|5|EA|36750|KRW|36750|20180629|1300|
C|005186|2018|50004282800007|001|4300010707|00040|UKEC0091|10|EA|12700|KRW|12700|20180629|1300|
C|005186|2018|50004282800008|001|4300010710|00010|UZZC0166|50|EA|152000|KRW|152000|20180629|1300|
C|005186|2018|50004282800009|001|4300010711|00010|UAGC0141|1|EA|14600|KRW|14600|20180629|1300|
C|005186|2018|50004282800010|001|4300010711|00040|UGBC1698|20|EA|10000|KRW|20000|20180629|1300|
C|005186|2018|50004282800011|001|4300010711|00050|UGBC1699|100|EA|9000|KRW|90000|20180629|1300|
C|005186|2018|50004282800012|001|4300010711|00060|UGCC1400|2|EA|29500|KRW|59000|20180629|1300|
C|005186|2018|50004282800013|001|4300010711|00070|UKGC0028|1|EA|12500|KRW|12500|20180629|1300|
C|005186|2018|50004282810001|001|4300010602|00020|UEAC0142|1|EA|48000|KRW|48000|20180629|1300|
C|005186|2018|50004282810002|001|4300010698|00020|UGBC0864|1|EA|29200|KRW|29200|20180629|1300|
C|005186|2018|50004282810003|001|4300010734|00020|UEBC1232|60|EA|95400|KRW|286200|20180629|1300|
C|005186|2018|50004282810004|001|4300010734|00050|UEBC0182|2|EA|111560|KRW|223120|20180629|1300|
C|005186|2018|50004282810005|001|4300010735|00010|UEBC0870|5|EA|16800|KRW|84000|20180629|1300|
C|005186|2018|50004282810006|001|4300010735|00030|UEBC1476|6|EA|76000|KRW|228000|20180629|1300|
C|005186|2018|50004282810007|001|4300010735|00040|UEBC1477|5|EA|35800|KRW|179000|20180629|1300|
C|005186|2018|50004282810008|001|4300010735|00050|UEBC1500|2|EA|74000|KRW|74000|20180629|1300|
C|005186|2018|50004282810009|001|4300010735|00060|UEBC0738|1|EA|35490|KRW|35490|20180629|1300|
C|005186|2018|50004282810010|001|4300010735|00070|UEBC0302|10|EA|10030|KRW|100300|20180629|1300|
C|005186|2018|50004282810011|001|4300010735|00090|UDBC1041|100|EA|3700|KRW|3700|20180629|1300|
C|005186|2018|50004282810012|001|4300010735|00100|UEBC1494|4|EA|14800|KRW|29600|20180629|1300|
C|005186|2018|50004282810013|001|4300010735|00110|UEBC1495|1|EA|25300|KRW|25300|20180629|1300|
C|005186|2018|50004282810014|001|4300010735|00120|UEBC1497|3|EA|18600|KRW|55800|20180629|1300|
C|005186|2018|50004282810015|001|4300010735|00130|UEBC1496|1|EA|47400|KRW|47400|20180629|1300|
C|005186|2018|50004282810016|001|4300010735|00140|UEBC1498|2|EA|38400|KRW|76800|20180629|1300|
C|005186|2018|50004282810017|001|4300010735|00150|UEBC1499|2|EA|54800|KRW|109600|20180629|1300|
C|005186|2018|50004282840001|001|4300010690|00020|UEBC1501|8|EA|296000|KRW|1184000|20180629|1300|
C|005186|2018|50004282840002|001|4300010690|00030|UEBC0542|5|EA|60900|KRW|304500|20180629|1300|
C|005186|2018|50004282840003|001|4300010690|00040|UDBC1055|100|EA|5400|KRW|27000|20180629|1300|
C|005186|2018|50004282840004|001|4300010690|00050|UEBC0584|20|EA|37800|KRW|37800|20180629|1300|
C|005186|2018|50004282840005|001|4300010691|00030|UEBC0622|4|EA|18940|KRW|75760|20180629|1300|
C|005186|2018|50004282840006|001|4300010691|00060|UEBC1117|2|EA|45470|KRW|90940|20180629|1300|
C|005186|2018|50004282840007|001|4300010692|00010|UCKC0142|1|EA|1838000|KRW|1838000|20180629|1300|
C|005186|2018|50004282840008|001|4300010693|00010|UCKC0143|1|EA|1838000|KRW|1838000|20180629|1300|
C|005186|2018|50004282840009|001|4300010695|00040|UZZC0012|20|EA|36750|KRW|147000|20180629|1300|
C|005186|2018|50004282840010|001|4300010695|00050|UAEC0319|1|EA|73470|KRW|73470|20180629|1300|
C|005186|2018|50004282840011|001|4300010695|00060|UAEC0378|1|EA|91350|KRW|91350|20180629|1300|
C|005186|2018|50004282840012|001|4300010695|00070|UAEC0246|4|EA|5840|KRW|11680|20180629|1300|
C|005186|2018|50004282840013|001|4300010695|00080|UAEC0247|4|EA|5840|KRW|11680|20180629|1300|
C|005186|2018|50004282840014|001|4300010695|00090|UAEC0430|4|EA|6460|KRW|12920|20180629|1300|
C|005186|2018|50004282840015|001|4300010695|00100|UAEC0249|3|EA|3450|KRW|10350|20180629|1300|
C|005186|2018|50004282840016|001|4300010696|00010|UAEC0250|3|EA|3930|KRW|11790|20180629|1300|
C|005186|2018|50004282840017|001|4300010697|00010|UIEC0035|10|EA|37800|KRW|378000|20180629|1300|
C|005186|2018|50004282840018|001|4300010700|00030|UDAC0266|100|EA|484000|KRW|484000|20180629|1300|
C|005186|2018|50004282840019|001|4300010701|00020|UAEC0454|50|EA|63000|KRW|630000|20180629|1300|
C|005186|2018|50004282840020|001|4300010701|00030|UDBC0957|100|EA|477000|KRW|477000|20180629|1300|
C|005186|2018|50004282840021|001|4300010701|00040|UDAC0288|50|EA|827000|KRW|827000|20180629|1300|
C|005186|2018|50004282840022|001|4300010702|00010|UJCC0051|30|EA|25200|KRW|756000|20180629|1300|
C|005186|2018|50004282840023|001|4300010707|00010|UGAC0065|2|EA|124800|KRW|249600|20180629|1300|
C|005186|2018|50004282860001|001|4300010700|00020|UCKC0025|5|EA|78500|KRW|78500|20180629|1300|
C|005186|2018|50004282860002|001|4300010700|00040|UDAC0269|50|EA|805500|KRW|805500|20180629|1300|
C|005186|2018|50004282860003|001|4300010747|00020|UGCC0244|20|EA|9980|KRW|199600|20180629|1300|
C|005186|2018|50004282890001|001|4300010682|00020|UCIC0082|2|EA|516600|KRW|1033200|20180629|1300|
C|005186|2018|50004282890002|001|4300010682|00030|UHFC0178|2|EA|122000|KRW|244000|20180629|1300|
C|005186|2018|50004282890003|001|4300010686|00020|UGCC0718|50|EA|1160000|KRW|1160000|20180629|1300|
C|005186|2018|50004282890004|001|4300010687|00010|UHTC0833|1|EA|79690|KRW|79690|20180629|1300|
C|005186|2018|50004282890005|001|4300010694|00010|UFFC0003|3|EA|121280|KRW|363840|20180629|1300|
C|005186|2018|50004282890006|001|4300010695|00020|UCCC0015|1|EA|362250|KRW|362250|20180629|1300|
C|005186|2018|50004282890007|001|4300010696|00020|UGAC0077|1|EA|36610|KRW|36610|20180629|1300|
C|005186|2018|50004282890008|001|4300010696|00030|UFGC0024|2|EA|15120|KRW|30240|20180629|1300|
C|005186|2018|50004282890009|001|4300010697|00030|UDEC0020|5|EA|8190|KRW|40950|20180629|1300|
C|005186|2018|50004282890010|001|4300010698|00010|UDEC0022|15|EA|9975|KRW|149625|20180629|1300|
C|005186|2018|50004282890011|001|4300010699|00010|UBBC0005|2|EA|308700|KRW|617400|20180629|1300|
C|005186|2018|50004282890012|001|4300010700|00010|UGCC0582|20|EA|310500|KRW|621000|20180629|1300|
C|005186|2018|50004282890013|001|4300010748|00010|UFGC0057|30|EA|4940|KRW|148200|20180629|1300|
C|005186|2018|50004282890014|001|4300010748|00020|UFGC0036|20|EA|4051|KRW|81020|20180629|1300|
C|005186|2018|50004282890015|001|4300010749|00010|UFGC0060|10|EA|30980|KRW|309800|20180629|1300|
C|005186|2018|50004282890016|001|4300010749|00020|UFGC0061|10|EA|30030|KRW|300300|20180629|1300|
C|005186|2018|50004282890017|001|4300010749|00030|UFGC0062|10|EA|30970|KRW|309700|20180629|1300|
C|005186|2018|50004282890018|001|4300010750|00020|UFGC0036|20|EA|4051|KRW|81020|20180629|1300|
C|005186|2018|50004282930001|001|4300010690|00010|UDCC0028|4|EA|34650|KRW|138600|20180629|1300|
C|005186|2018|50004282930002|001|4300010690|00060|UIDC0083|1|EA|42700|KRW|42700|20180629|1300|
C|005186|2018|50004282930003|001|4300010690|00070|UDCC0034|2|EA|80850|KRW|161700|20180629|1300|
C|005186|2018|50004282930004|001|4300010691|00010|UDEC0052|1|EA|111300|KRW|111300|20180629|1300|
C|005186|2018|50004282930005|001|4300010691|00020|UIDC0089|1|EA|65300|KRW|65300|20180629|1300|
C|005186|2018|50004282930006|001|4300010691|00040|UDDC0136|10|EA|13545|KRW|135450|20180629|1300|
C|005186|2018|50004282930007|001|4300010691|00050|UDEC0121|1|EA|55650|KRW|55650|20180629|1300|
C|005186|2018|50004282930008|001|4300010695|00030|UDAC0224|500|EA|315000|KRW|315000|20180629|1300|
C|005186|2018|50004282930009|001|4300010696|00040|UEBC0066|2|EA|938700|KRW|1877400|20180629|1300|
C|005186|2018|50004282930010|001|4300010711|00020|UEBC1432|20|EA|6180|KRW|123600|20180629|1300|
C|005186|2018|50004282930011|001|4300010711|00030|UEBC0002|10|EA|33600|KRW|336000|20180629|1300|
C|005186|2018|50004282930012|001|4300010734|00030|UIDC0040|3|EA|36897|KRW|110691|20180629|1300|
C|005186|2018|50004282930013|001|4300010735|00020|UDEC0044|1|EA|11920|KRW|11920|20180629|1300|
C|005186|2018|50004282930014|001|4300010735|00080|UDEC0052|1|EA|111300|KRW|111300|20180629|1300|
C|005186|2018|50004282930015|001|4300010747|00010|UDAC0251|1|EA|24300|KRW|24300|20180629|1300|
C|005186|2018|50004282950001|001|4300010685|00010|UHDC0100|50|EA|148500|KRW|148500|20180629|1300|
C|005186|2018|50004282950002|001|4300010685|00020|UHGC0162|3|EA|126000|KRW|378000|20180629|1300|
C|005186|2018|50004282950003|001|4300010685|00030|UHGC0325|2|EA|237000|KRW|474000|20180629|1300|
C|005186|2018|50004282950004|001|4300010698|00030|UCKC0037|100|EA|1405000|KRW|1405000|20180629|1300|
C|005186|2018|50004282950005|001|4300010705|00010|UHHC0211|50|EA|38000|KRW|1900000|20180629|1300|
C|005186|2018|50004282950006|001|4300010706|00010|UHHC0207|100|EA|1696000|KRW|1696000|20180629|1300|
C|005186|2018|50004282950007|001|4300010731|00010|UHGC0139|1|EA|561750|KRW|561750|20180629|1300|
C|005186|2018|50004282950008|001|4300010731|00020|UHGC0107|2|EA|342100|KRW|684200|20180629|1300|
C|005186|2018|50004282950009|001|4300010731|00030|UHHC0136|2|EA|96600|KRW|193200|20180629|1300|
C|005186|2018|50004282950010|001|4300010731|00040|UHDC0100|50|EA|148500|KRW|148500|20180629|1300|
C|005186|2018|50004282950011|001|4300010731|00050|UHGC0162|3|EA|126000|KRW|378000|20180629|1300|
C|005186|2018|50004282950012|001|4300010732|00010|UHGC0236|1|EA|932700|KRW|932700|20180629|1300|
C|005186|2018|50004282950013|001|4300010732|00020|UHGC0325|2|EA|237000|KRW|474000|20180629|1300|
C|005186|2018|50004282950014|001|4300010733|00010|UHFC0112|1|EA|695310|KRW|695310|20180629|1300|
C|005186|2018|50004282980001|001|4300010695|00010|UALC0028|8|EA|101060|KRW|808480|20180629|1300|
C|005186|2018|50004282980002|001|4300010750|00010|UFAC0003|6|EA|182000|KRW|1092000|20180629|1300|
C|005186|2018|50004283000001|001|4300010758|00020|UAKC0025|5|EA|8000|KRW|40000|20180629|1300|
C|005186|2018|50004283000002|001|4300010760|00040|UAEC0366|1|EA|229400|KRW|229400|20180629|1300|
C|005186|2018|50004283000003|001|4300010760|00050|UGCC1239|2|EA|85800|KRW|171600|20180629|1300|
C|005186|2018|50004283000004|001|4300010761|00050|UGCC0640|10|EA|30450|KRW|304500|20180629|1300|
C|005186|2018|50004283000005|001|4300010762|00050|UAGC0193|50|EA|162750|KRW|162750|20180629|1300|
C|005186|2018|50004283000006|001|4300010777|00010|UEBC1300|100|EA|38000|KRW|190000|20180629|1300|
C|005186|2018|50004283010001|001|4300010757|00020|UEBC0491|5|EA|21850|KRW|21850|20180629|1300|
C|005186|2018|50004283010002|001|4300010761|00010|UAGC0399|10|EA|484|KRW|4840|20180629|1300|
C|005186|2018|50004283010003|001|4300010761|00020|UAGC0400|10|EA|926|KRW|9260|20180629|1300|
C|005186|2018|50004283010004|001|4300010761|00030|UAGC0401|10|EA|1094|KRW|10940|20180629|1300|
C|005186|2018|50004283010005|001|4300010761|00040|UAGC0464|10|EA|2150|KRW|21500|20180629|1300|
C|005186|2018|50004283010006|001|4300010781|00030|UAHC0012|1|EA|75600|KRW|75600|20180629|1300|
C|005186|2018|50004283020001|001|4300010759|00010|UEBC0338|5|EA|10640|KRW|53200|20180629|1300|
C|005186|2018|50004283020002|001|4300010759|00020|UEBC0066|2|EA|938700|KRW|1877400|20180629|1300|
C|005186|2018|50004283020003|001|4300010760|00010|UEBC0074|20|EA|147400|KRW|147400|20180629|1300|
C|005186|2018|50004283020004|001|4300010760|00020|UEBC0073|20|EA|315800|KRW|315800|20180629|1300|
C|005186|2018|50004283020005|001|4300010761|00060|UAGC0118|10|EA|8900|KRW|8900|20180629|1300|
C|005186|2018|50004283020006|001|4300010761|00070|UDBC0945|50|EA|6400|KRW|6400|20180629|1300|
C|005186|2018|50004283020007|001|4300010761|00080|UEBC1164|2|EA|215000|KRW|430000|20180629|1300|
C|005186|2018|50004283020008|001|4300010767|00010|UDEC0062|10|EA|44100|KRW|441000|20180629|1300|
C|005186|2018|50004283020009|001|4300010767|00020|UDEC0065|10|EA|63000|KRW|630000|20180629|1300|
C|005186|2018|50004283020010|001|4300010767|00030|UDEC0067|10|EA|89250|KRW|892500|20180629|1300|
C|005186|2018|50004283020011|001|4300010774|00010|UEBC1210|10|EA|732500|KRW|1465000|20180629|1300|
C|005186|2018|50004283020012|001|4300010777|00020|UDDC0131|10|EA|24360|KRW|243600|20180629|1300|
C|005186|2018|50004283020013|001|4300010777|00030|UDDC0132|10|EA|23835|KRW|238350|20180629|1300|
C|005186|2018|50004283020014|001|4300010777|00040|UDDC0133|10|EA|28245|KRW|282450|20180629|1300|
C|005186|2018|50004283020015|001|4300010777|00050|UDDC0136|10|EA|13545|KRW|135450|20180629|1300|
C|005186|2018|50004283020016|001|4300010777|00070|UEBC0007|4|EA|58800|KRW|235200|20180629|1300|
C|005186|2018|50004283020017|001|4300010783|00020|UDAC0053|5|EA|981750|KRW|981750|20180629|1300|
