D|005186|2015|50002105470001|001|4300003911|00030|UHTC0484|1|EA|327600|KRW|327600|20151216|1300|50002103600001
D|005186|2015|50002105470002|001|4300004002|00070|UZZC0138|20|EA|2420|KRW|48400|20151216|1300|50002103600002
D|005186|2015|50002105470003|001|4300004002|00110|UBBC0006|2|EA|103370|KRW|206740|20151216|1300|50002103600003
D|005186|2015|50002105470004|001|4300004006|00080|UFGC0048|2|EA|274000|KRW|548000|20151216|1300|50002103600004
D|005186|2015|50002105470005|001|4300004007|00010|UGCC0999|6|EA|16300|KRW|97800|20151216|1300|50002103600005
D|005186|2015|50002105470006|001|4300004007|00020|UADC0161|3|EA|10500|KRW|31500|20151216|1300|50002103600006
D|005186|2015|50002105470007|001|4300004007|00030|UADC0162|3|EA|11000|KRW|33000|20151216|1300|50002103600007
D|005186|2015|50002105470008|001|4300004007|00080|UFKC0143|2|EA|21000|KRW|42000|20151216|1300|50002103600008
D|005186|2015|50002105470009|001|4300004008|00040|UGBC1293|30|EA|24800|KRW|744000|20151216|1300|50002103600009
D|005186|2015|50002105470010|001|4300004008|00070|UALC0102|5|EA|18430|KRW|92150|20151216|1300|50002103600010
D|005186|2015|50002105470011|001|4300004008|00080|UALC0105|5|EA|20140|KRW|100700|20151216|1300|50002103600011
D|005186|2015|50002105470012|001|4300004008|00090|UALC0019|5|EA|22050|KRW|110250|20151216|1300|50002103600012
D|005186|2015|50002105470013|001|4300004087|00020|UFDC0003|90|EA|15280|KRW|1375200|20151216|1300|50002103600013
D|005186|2015|50002105470014|001|4300004092|00020|UDDC0370|12|EA|28200|KRW|338400|20151216|1300|50002103600014
D|005186|2015|50002105470015|001|4300004092|00030|UDDC0371|7|EA|11600|KRW|81200|20151216|1300|50002103600015
C|005186|2015|50002105510001|001|4300003911|00030|UHTC0484|1|EA|327600|KRW|327600|20151215|1300|
C|005186|2015|50002105510002|001|4300004002|00070|UZZC0138|20|EA|2420|KRW|48400|20151215|1300|
C|005186|2015|50002105510003|001|4300004002|00110|UBBC0006|2|EA|103370|KRW|206740|20151215|1300|
C|005186|2015|50002105510004|001|4300004006|00080|UFGC0048|2|EA|274000|KRW|548000|20151215|1300|
C|005186|2015|50002105510005|001|4300004007|00010|UGCC0999|6|EA|16300|KRW|97800|20151215|1300|
C|005186|2015|50002105510006|001|4300004007|00020|UADC0161|3|EA|10500|KRW|31500|20151215|1300|
C|005186|2015|50002105510007|001|4300004007|00030|UADC0162|3|EA|11000|KRW|33000|20151215|1300|
C|005186|2015|50002105510008|001|4300004007|00080|UFKC0143|2|EA|21000|KRW|42000|20151215|1300|
C|005186|2015|50002105510009|001|4300004008|00040|UGBC1293|30|EA|24800|KRW|744000|20151215|1300|
C|005186|2015|50002105510010|001|4300004008|00070|UALC0102|5|EA|18430|KRW|92150|20151215|1300|
C|005186|2015|50002105510011|001|4300004008|00080|UALC0105|5|EA|20140|KRW|100700|20151215|1300|
C|005186|2015|50002105510012|001|4300004008|00090|UALC0019|5|EA|22050|KRW|110250|20151215|1300|
C|005186|2015|50002105510013|001|4300004087|00020|UFDC0003|90|EA|15280|KRW|1375200|20151215|1300|
C|005186|2015|50002105510014|001|4300004092|00020|UDDC0370|12|EA|28200|KRW|338400|20151215|1300|
C|005186|2015|50002105510015|001|4300004092|00030|UDDC0371|7|EA|11600|KRW|81200|20151215|1300|
