C|005186|2019|50004902600001|001|4300013385|00090|UDCC0043|1|EA|204210|KRW|204210|20190430|1300|
C|005186|2019|50004902600002|001|4300013392|00010|UCKC0160|1|EA|1158000|KRW|1158000|20190430|1300|
C|005186|2019|50004902600003|001|4300013393|00010|UCKC0164|1|EA|1137000|KRW|1137000|20190430|1300|
C|005186|2019|50004902600004|001|4300013415|00010|UIDC0151|5|EA|185000|KRW|925000|20190430|1300|
C|005186|2019|50004902600005|001|4300013437|00010|UEBC1415|1|EA|1900000|KRW|1900000|20190430|1300|
C|005186|2019|50004902600006|001|4300013438|00070|UJAC0073|2|EA|26260|KRW|26260|20190430|1300|
C|005186|2019|50004902600007|001|4300013446|00100|UGAC0104|2|EA|200300|KRW|400600|20190430|1300|
C|005186|2019|50004902600008|001|4300013450|00020|UCIC0239|1|EA|474000|KRW|474000|20190430|1300|
C|005186|2019|50004902600009|001|4300013450|00040|UGBC1752|2|EA|78750|KRW|157500|20190430|1300|
C|005186|2019|50004902600010|001|4300013450|00050|UHTC0870|1|EA|85800|KRW|85800|20190430|1300|
C|005186|2019|50004902600011|001|4300013450|00060|UGBC1753|2|EA|138600|KRW|277200|20190430|1300|
C|005186|2019|50004902600012|001|4300013450|00070|UCIC0241|1|EA|52500|KRW|52500|20190430|1300|
C|005186|2019|50004902600013|001|4300013450|00090|UGBC1754|30|EA|6900|KRW|20700|20190430|1300|
C|005186|2019|50004902600014|001|4300013451|00010|UCIC0240|1|EA|1890000|KRW|1890000|20190430|1300|
