C|005186|2015|50002060160001|001|4300003973|00010|CMA0001|150|EA|240|KRW|36000|20151130|1300|
C|005186|2015|50002060160002|001|4300003973|00020|CMA0007|150|EA|270|KRW|40500|20151130|1300|
C|005186|2015|50002060160003|001|4300003973|00030|CMB0001|50|EA|655|KRW|32750|20151130|1300|
C|005186|2015|50002060160004|001|4300003973|00040|CMB0010|20|EA|1100|KRW|22000|20151130|1300|
C|005186|2015|50002060160005|001|4300003973|00050|CMH0006|50|EA|400|KRW|20000|20151130|1300|
C|005186|2015|50002060160006|001|4300003973|00060|CMZ0014|1|EA|23300|KRW|23300|20151130|1300|
C|005186|2015|50002060160007|001|4300003973|00070|CMZ0032|10|EA|1970|KRW|19700|20151130|1300|
C|005186|2015|50002060160008|001|4300003974|00010|CMA0001|600|EA|240|KRW|144000|20151130|1300|
C|005186|2015|50002060160009|001|4300003974|00020|CMA0007|400|EA|270|KRW|108000|20151130|1300|
C|005186|2015|50002060160010|001|4300003974|00030|CMA0008|300|EA|690|KRW|207000|20151130|1300|
C|005186|2015|50002060160011|001|4300003974|00040|CMA0016|100|EA|2840|KRW|284000|20151130|1300|
C|005186|2015|50002060160012|001|4300003974|00050|CMB0001|300|EA|655|KRW|196500|20151130|1300|
C|005186|2015|50002060160013|001|4300003974|00060|CMB0010|300|EA|1100|KRW|330000|20151130|1300|
C|005186|2015|50002060160014|001|4300003974|00070|CMC0005|300|EA|190|KRW|57000|20151130|1300|
C|005186|2015|50002060160015|001|4300003974|00100|CME0010|200|EA|285|KRW|57000|20151130|1300|
C|005186|2015|50002060160016|001|4300003974|00110|CMF0004|2|EA|22050|KRW|44100|20151130|1300|
C|005186|2015|50002060160017|001|4300003974|00120|CMF0021|10|EA|5400|KRW|54000|20151130|1300|
C|005186|2015|50002060160018|001|4300003974|00130|CMZ0004|30|EA|380|KRW|11400|20151130|1300|
C|005186|2015|50002060160019|001|4300003974|00140|CMZ0006|30|EA|1155|KRW|34650|20151130|1300|
C|005186|2015|50002060160020|001|4300003975|00010|CMA0001|150|EA|240|KRW|36000|20151130|1300|
C|005186|2015|50002060160021|001|4300003975|00020|CMA0007|100|EA|270|KRW|27000|20151130|1300|
C|005186|2015|50002060160022|001|4300003975|00030|CMA0016|10|EA|2840|KRW|28400|20151130|1300|
C|005186|2015|50002060160023|001|4300003975|00040|CMA0017|20|EA|780|KRW|15600|20151130|1300|
C|005186|2015|50002060160024|001|4300003975|00050|CMB0003|50|EA|2420|KRW|121000|20151130|1300|
C|005186|2015|50002060160025|001|4300003975|00070|CME0001|11|EA|4910|KRW|54010|20151130|1300|
C|005186|2015|50002060160026|001|4300003975|00080|CME0005|2|EA|3465|KRW|6930|20151130|1300|
C|005186|2015|50002060160027|001|4300003975|00090|CMF0004|2|EA|22050|KRW|44100|20151130|1300|
C|005186|2015|50002060160028|001|4300003975|00110|CMF0006|20|EA|11970|KRW|239400|20151130|1300|
C|005186|2015|50002060160029|001|4300003975|00120|CMH0007|1|EA|11700|KRW|11700|20151130|1300|
C|005186|2015|50002060160030|001|4300003975|00130|CMZ0001|5|EA|765|KRW|3825|20151130|1300|
C|005186|2015|50002060160031|001|4300003975|00140|CMZ0005|10|EA|750|KRW|7500|20151130|1300|
C|005186|2015|50002060160032|001|4300003975|00150|CMZ0014|1|EA|23300|KRW|23300|20151130|1300|
C|005186|2015|50002060160033|001|4300003975|00160|CMZ0032|2|EA|1970|KRW|3940|20151130|1300|
C|005186|2015|50002060160034|001|4300003976|00010|CMA0001|700|EA|240|KRW|168000|20151130|1300|
C|005186|2015|50002060160035|001|4300003976|00020|CMA0007|200|EA|270|KRW|54000|20151130|1300|
C|005186|2015|50002060160036|001|4300003976|00030|CMA0008|100|EA|690|KRW|69000|20151130|1300|
C|005186|2015|50002060160037|001|4300003976|00040|CMA0016|10|EA|2840|KRW|28400|20151130|1300|
C|005186|2015|50002060160038|001|4300003976|00050|CMB0001|120|EA|655|KRW|78600|20151130|1300|
C|005186|2015|50002060160039|001|4300003976|00060|CMB0003|60|EA|2420|KRW|145200|20151130|1300|
C|005186|2015|50002060160040|001|4300003976|00070|CMB0010|100|EA|1100|KRW|110000|20151130|1300|
C|005186|2015|50002060160041|001|4300003976|00080|CMD0001|1|EA|9555|KRW|9555|20151130|1300|
C|005186|2015|50002060160042|001|4300003976|00090|CME0002|20|EA|2300|KRW|46000|20151130|1300|
C|005186|2015|50002060160043|001|4300003976|00100|CME0003|20|EA|5400|KRW|108000|20151130|1300|
C|005186|2015|50002060160044|001|4300003976|00110|CMF0004|1|EA|22050|KRW|22050|20151130|1300|
C|005186|2015|50002060160045|001|4300003976|00130|CMF0006|10|EA|11970|KRW|119700|20151130|1300|
C|005186|2015|50002060160046|001|4300003976|00140|CMZ0004|40|EA|380|KRW|15200|20151130|1300|
C|005186|2015|50002060160047|001|4300003976|00150|CMZ0005|40|EA|750|KRW|30000|20151130|1300|
C|005186|2015|50002060160048|001|4300003976|00160|CMZ0015|1|EA|15500|KRW|15500|20151130|1300|
C|005186|2015|50002060160049|001|4300003976|00180|CMF0004|2|EA|22050|KRW|44100|20151130|1300|
C|005186|2015|50002060160050|001|4300003979|00010|CMA0001|200|EA|240|KRW|48000|20151130|1300|
C|005186|2015|50002060160051|001|4300003979|00020|CMA0007|250|EA|270|KRW|67500|20151130|1300|
C|005186|2015|50002060160052|001|4300003979|00030|CMA0008|20|EA|690|KRW|13800|20151130|1300|
C|005186|2015|50002060160053|001|4300003979|00040|CMA0016|20|EA|2840|KRW|56800|20151130|1300|
C|005186|2015|50002060160054|001|4300003979|00050|CMB0002|100|EA|2420|KRW|242000|20151130|1300|
C|005186|2015|50002060160055|001|4300003979|00060|CMC0005|15|EA|190|KRW|2850|20151130|1300|
C|005186|2015|50002060160056|001|4300003979|00070|CMD0001|5|EA|9555|KRW|47775|20151130|1300|
C|005186|2015|50002060160057|001|4300003979|00080|CME0001|13|EA|4910|KRW|63830|20151130|1300|
C|005186|2015|50002060160058|001|4300003979|00090|CMF0001|6|EA|1680|KRW|10080|20151130|1300|
C|005186|2015|50002060160059|001|4300003979|00110|CMF0006|1|EA|11970|KRW|11970|20151130|1300|
C|005186|2015|50002060160060|001|4300003979|00120|CMF0007|2|EA|1780|KRW|3560|20151130|1300|
C|005186|2015|50002060160061|001|4300003979|00130|CMF0008|4|EA|1785|KRW|7140|20151130|1300|
C|005186|2015|50002060160062|001|4300003979|00140|CMF0009|2|EA|5700|KRW|11400|20151130|1300|
C|005186|2015|50002060160063|001|4300003979|00150|CMF0013|10|EA|760|KRW|7600|20151130|1300|
C|005186|2015|50002060160064|001|4300003979|00160|CMF0021|2|EA|5400|KRW|10800|20151130|1300|
C|005186|2015|50002060160065|001|4300003979|00170|CMH0007|3|EA|11700|KRW|35100|20151130|1300|
C|005186|2015|50002060160066|001|4300003979|00180|CMZ0004|10|EA|380|KRW|3800|20151130|1300|
C|005186|2015|50002060160067|001|4300003979|00190|CMZ0005|10|EA|750|KRW|7500|20151130|1300|
C|005186|2015|50002060160068|001|4300003980|00010|CMZ0009|20|EA|740|KRW|14800|20151130|1300|
C|005186|2015|50002060160069|001|4300003980|00020|CMZ0001|10|EA|765|KRW|7650|20151130|1300|
C|005186|2015|50002060160070|001|4300003980|00030|CMZ0002|20|EA|430|KRW|8600|20151130|1300|
C|005186|2015|50002060160071|001|4300003980|00040|CMZ0005|20|EA|750|KRW|15000|20151130|1300|
C|005186|2015|50002060160072|001|4300003980|00050|CMZ0004|20|EA|380|KRW|7600|20151130|1300|
C|005186|2015|50002060160073|001|4300003980|00060|CMB0010|20|EA|1100|KRW|22000|20151130|1300|
C|005186|2015|50002060160074|001|4300003980|00070|CMB0002|40|EA|2420|KRW|96800|20151130|1300|
C|005186|2015|50002060160075|001|4300003980|00080|CMB0003|40|EA|2420|KRW|96800|20151130|1300|
C|005186|2015|50002060160076|001|4300003980|00090|CMB0001|100|EA|655|KRW|65500|20151130|1300|
C|005186|2015|50002060160077|001|4300003980|00100|CMC0005|30|EA|190|KRW|5700|20151130|1300|
C|005186|2015|50002060160078|001|4300003980|00110|CMC0002|3|EA|9350|KRW|28050|20151130|1300|
C|005186|2015|50002060160079|001|4300003980|00130|CME0002|10|EA|2300|KRW|23000|20151130|1300|
C|005186|2015|50002060160080|001|4300003980|00140|CME0010|100|EA|285|KRW|28500|20151130|1300|
C|005186|2015|50002060160081|001|4300003980|00150|CMA0001|200|EA|240|KRW|48000|20151130|1300|
C|005186|2015|50002060160082|001|4300003980|00160|CMA0007|100|EA|270|KRW|27000|20151130|1300|
C|005186|2015|50002060160083|001|4300003980|00170|CMA0008|132|EA|690|KRW|91080|20151130|1300|
C|005186|2015|50002060160084|001|4300003980|00180|CMF0006|1|EA|11970|KRW|11970|20151130|1300|
C|005186|2015|50002060160085|001|4300003980|00190|CMF0009|3|EA|5700|KRW|17100|20151130|1300|
C|005186|2015|50002060160086|001|4300003980|00200|CMF0007|3|EA|1780|KRW|5340|20151130|1300|
C|005186|2015|50002060160087|001|4300003982|00010|CMA0001|100|EA|240|KRW|24000|20151130|1300|
C|005186|2015|50002060160088|001|4300003982|00020|CMA0008|100|EA|690|KRW|69000|20151130|1300|
C|005186|2015|50002060160089|001|4300003982|00030|CMB0001|70|EA|655|KRW|45850|20151130|1300|
C|005186|2015|50002060160090|001|4300003982|00040|CMC0002|4|EA|9350|KRW|37400|20151130|1300|
C|005186|2015|50002060160091|001|4300003982|00050|CMC0005|28|EA|190|KRW|5320|20151130|1300|
C|005186|2015|50002060160092|001|4300003982|00060|CME0002|24|EA|2300|KRW|55200|20151130|1300|
C|005186|2015|50002060160093|001|4300003982|00070|CME0010|20|EA|285|KRW|5700|20151130|1300|
C|005186|2015|50002060160094|001|4300003983|00010|CMA0001|400|EA|240|KRW|96000|20151130|1300|
C|005186|2015|50002060160095|001|4300003983|00020|CMA0007|300|EA|270|KRW|81000|20151130|1300|
C|005186|2015|50002060160096|001|4300003983|00030|CMA0017|100|EA|780|KRW|78000|20151130|1300|
C|005186|2015|50002060160097|001|4300003983|00040|CMB0010|240|EA|1100|KRW|264000|20151130|1300|
C|005186|2015|50002060160098|001|4300003983|00070|CME0010|100|EA|285|KRW|28500|20151130|1300|
C|005186|2015|50002060160099|001|4300003983|00080|CMF0001|10|EA|1680|KRW|16800|20151130|1300|
C|005186|2015|50002060160100|001|4300003983|00090|CMF0007|10|EA|1780|KRW|17800|20151130|1300|
C|005186|2015|50002060160101|001|4300003983|00100|CMF0013|10|EA|760|KRW|7600|20151130|1300|
C|005186|2015|50002060160102|001|4300003983|00110|CMF0017|50|EA|505|KRW|25250|20151130|1300|
C|005186|2015|50002060160103|001|4300003988|00010|CMA0001|500|EA|240|KRW|120000|20151130|1300|
C|005186|2015|50002060160104|001|4300003988|00020|CMA0007|400|EA|270|KRW|108000|20151130|1300|
C|005186|2015|50002060160105|001|4300003988|00030|CMA0008|50|EA|690|KRW|34500|20151130|1300|
C|005186|2015|50002060160106|001|4300003988|00040|CMA0015|150|EA|2830|KRW|424500|20151130|1300|
C|005186|2015|50002060160107|001|4300003988|00050|CMA0017|50|EA|780|KRW|39000|20151130|1300|
C|005186|2015|50002060160108|001|4300003988|00060|CMB0007|60|EA|925|KRW|55500|20151130|1300|
C|005186|2015|50002060160109|001|4300003988|00070|CMB0010|480|EA|1100|KRW|528000|20151130|1300|
C|005186|2015|50002060160110|001|4300003988|00080|CMC0003|50|EA|340|KRW|17000|20151130|1300|
C|005186|2015|50002060160111|001|4300003988|00090|CMC0005|200|EA|190|KRW|38000|20151130|1300|
C|005186|2015|50002060160112|001|4300003988|00110|CME0001|30|EA|4910|KRW|147300|20151130|1300|
C|005186|2015|50002060160113|001|4300003988|00120|CME0002|50|EA|2300|KRW|115000|20151130|1300|
C|005186|2015|50002060160114|001|4300003988|00130|CME0010|200|EA|285|KRW|57000|20151130|1300|
C|005186|2015|50002060160115|001|4300003988|00140|CMF0001|5|EA|1680|KRW|8400|20151130|1300|
C|005186|2015|50002060160116|001|4300003988|00150|CMF0004|4|EA|22050|KRW|88200|20151130|1300|
C|005186|2015|50002060160117|001|4300003988|00170|CMF0007|10|EA|1780|KRW|17800|20151130|1300|
C|005186|2015|50002060160118|001|4300003988|00180|CMF0008|10|EA|1785|KRW|17850|20151130|1300|
C|005186|2015|50002060160119|001|4300003988|00190|CMF0009|10|EA|5700|KRW|57000|20151130|1300|
C|005186|2015|50002060160120|001|4300003988|00200|CMF0013|10|EA|760|KRW|7600|20151130|1300|
C|005186|2015|50002060160121|001|4300003988|00210|CMF0014|10|EA|630|KRW|6300|20151130|1300|
C|005186|2015|50002060160122|001|4300003988|00220|CMF0020|5|EA|700|KRW|3500|20151130|1300|
C|005186|2015|50002060160123|001|4300003988|00230|CMF0021|10|EA|5400|KRW|54000|20151130|1300|
C|005186|2015|50002060160124|001|4300003988|00240|CMH0006|10|EA|400|KRW|4000|20151130|1300|
C|005186|2015|50002060160125|001|4300003988|00250|CMH0007|6|EA|11700|KRW|70200|20151130|1300|
C|005186|2015|50002060160126|001|4300003988|00260|CMZ0006|50|EA|1155|KRW|57750|20151130|1300|
C|005186|2015|50002060160127|001|4300003988|00270|CMZ0014|3|EA|23300|KRW|69900|20151130|1300|
C|005186|2015|50002060160128|001|4300003988|00280|CMZ0032|10|EA|1970|KRW|19700|20151130|1300|
C|005186|2015|50002060160129|001|4300003999|00010|CMA0001|300|EA|240|KRW|72000|20151130|1300|
C|005186|2015|50002060160130|001|4300003999|00020|CMA0007|100|EA|270|KRW|27000|20151130|1300|
C|005186|2015|50002060160131|001|4300003999|00030|CMA0015|100|EA|2830|KRW|283000|20151130|1300|
C|005186|2015|50002060160132|001|4300003999|00040|CMA0017|5|EA|780|KRW|3900|20151130|1300|
C|005186|2015|50002060160133|001|4300003999|00050|CMB0001|120|EA|655|KRW|78600|20151130|1300|
C|005186|2015|50002060160134|001|4300003999|00060|CMB0002|120|EA|2420|KRW|290400|20151130|1300|
C|005186|2015|50002060160135|001|4300003999|00070|CME0010|50|EA|285|KRW|14250|20151130|1300|
C|005186|2015|50002060160136|001|4300003999|00080|CMF0007|10|EA|1780|KRW|17800|20151130|1300|
C|005186|2015|50002060160137|001|4300003999|00090|CMF0008|10|EA|1785|KRW|17850|20151130|1300|
C|005186|2015|50002060160138|001|4300003999|00100|CMF0009|10|EA|5700|KRW|57000|20151130|1300|
C|005186|2015|50002060160139|001|4300003999|00110|CMF0015|5|EA|500|KRW|2500|20151130|1300|
C|005186|2015|50002060160140|001|4300003999|00120|CMF0016|5|EA|470|KRW|2350|20151130|1300|
C|005186|2015|50002060160141|001|4300003999|00130|CMZ0002|30|EA|430|KRW|12900|20151130|1300|
C|005186|2015|50002060160142|001|4300004000|00010|CMA0001|250|EA|240|KRW|60000|20151130|1300|
C|005186|2015|50002060160143|001|4300004000|00020|CMA0007|100|EA|270|KRW|27000|20151130|1300|
C|005186|2015|50002060160144|001|4300004000|00030|CMA0016|30|EA|2840|KRW|85200|20151130|1300|
C|005186|2015|50002060160145|001|4300004000|00040|CMB0001|100|EA|655|KRW|65500|20151130|1300|
C|005186|2015|50002060160146|001|4300004000|00050|CMB0010|60|EA|1100|KRW|66000|20151130|1300|
C|005186|2015|50002060160147|001|4300004000|00060|CMF0001|2|EA|1680|KRW|3360|20151130|1300|
C|005186|2015|50002060160148|001|4300004000|00080|CMF0020|2|EA|700|KRW|1400|20151130|1300|
C|005186|2015|50002060160149|001|4300004000|00090|CMZ0014|1|EA|23300|KRW|23300|20151130|1300|
C|005186|2015|50002060170001|001|4300003984|00010|CMA0001|700|EA|240|KRW|168000|20151130|1300|
C|005186|2015|50002060170002|001|4300003984|00020|CMA0007|80|EA|270|KRW|21600|20151130|1300|
C|005186|2015|50002060170003|001|4300003984|00030|CMA0017|10|EA|780|KRW|7800|20151130|1300|
C|005186|2015|50002060170004|001|4300003984|00040|CME0010|200|EA|285|KRW|57000|20151130|1300|
C|005186|2015|50002060170005|001|4300003984|00050|CME0013|2|EA|20300|KRW|40600|20151130|1300|
C|005186|2015|50002060170006|001|4300003984|00070|CMH0007|1|EA|11700|KRW|11700|20151130|1300|
C|005186|2015|50002060170007|001|4300003984|00090|CMZ0014|1|EA|23300|KRW|23300|20151130|1300|
C|005186|2015|50002060170008|001|4300003985|00010|CMA0001|100|EA|240|KRW|24000|20151130|1300|
C|005186|2015|50002060170009|001|4300003985|00020|CMA0007|60|EA|270|KRW|16200|20151130|1300|
C|005186|2015|50002060170010|001|4300003985|00030|CMA0008|60|EA|690|KRW|41400|20151130|1300|
C|005186|2015|50002060170011|001|4300003985|00040|CME0010|40|EA|285|KRW|11400|20151130|1300|
C|005186|2015|50002060170012|001|4300003985|00050|CMA0017|5|EA|780|KRW|3900|20151130|1300|
C|005186|2015|50002060170013|001|4300003985|00060|CMZ0004|15|EA|380|KRW|5700|20151130|1300|
C|005186|2015|50002060170014|001|4300003985|00070|CMZ0005|15|EA|750|KRW|11250|20151130|1300|
C|005186|2015|50002060170015|001|4300003985|00080|CMH0007|3|EA|11700|KRW|35100|20151130|1300|
C|005186|2015|50002060170016|001|4300003985|00090|CME0008|10|EA|4410|KRW|44100|20151130|1300|
C|005186|2015|50002060170017|001|4300003987|00010|CMA0001|80|EA|240|KRW|19200|20151130|1300|
C|005186|2015|50002060170018|001|4300003987|00020|CMA0007|100|EA|270|KRW|27000|20151130|1300|
C|005186|2015|50002060170019|001|4300003987|00030|CMB0010|50|EA|1100|KRW|55000|20151130|1300|
C|005186|2015|50002060170020|001|4300003987|00040|CMZ0014|2|EA|23300|KRW|46600|20151130|1300|
C|005186|2015|50002060170021|001|4300003987|00060|CMZ0007|60|EA|330|KRW|19800|20151130|1300|
C|005186|2015|50002060170022|001|4300003987|00070|CMA0002|2|EA|1530|KRW|3060|20151130|1300|
C|005186|2015|50002060170023|001|4300003989|00010|CMA0001|100|EA|240|KRW|24000|20151130|1300|
C|005186|2015|50002060170024|001|4300003989|00020|CMA0007|250|EA|270|KRW|67500|20151130|1300|
C|005186|2015|50002060170025|001|4300003989|00040|CMB0001|50|EA|655|KRW|32750|20151130|1300|
C|005186|2015|50002060170026|001|4300003989|00050|CMB0010|80|EA|1100|KRW|88000|20151130|1300|
C|005186|2015|50002060170027|001|4300003989|00060|CMC0003|5|EA|340|KRW|1700|20151130|1300|
C|005186|2015|50002060170028|001|4300003989|00070|CME0010|30|EA|285|KRW|8550|20151130|1300|
C|005186|2015|50002060170029|001|4300003989|00080|CMZ0032|3|EA|1970|KRW|5910|20151130|1300|
C|005186|2015|50002060170030|001|4300003989|00090|CMF0003|3|EA|1820|KRW|5460|20151130|1300|
C|005186|2015|50002060170031|001|4300003989|00100|CMH0007|1|EA|11700|KRW|11700|20151130|1300|
C|005186|2015|50002060180001|001|4300003977|00010|CMA0007|100|EA|270|KRW|27000|20151130|1300|
C|005186|2015|50002060180002|001|4300003977|00020|CMB0001|60|EA|655|KRW|39300|20151130|1300|
C|005186|2015|50002060190001|001|4300003986|00010|CMD0011|1|EA|24150|KRW|24150|20151130|1300|
C|005186|2015|50002060190002|001|4300003986|00020|CMD0016|1|EA|30450|KRW|30450|20151130|1300|
C|005186|2015|50002060200001|001|4300003977|00030|CMD0016|1|EA|30450|KRW|30450|20151130|1300|
C|005186|2015|50002060210001|001|4300003973|00080|CMD0016|2|EA|30450|KRW|60900|20151130|1300|
C|005186|2015|50002060210002|001|4300003974|00080|CMD0011|7|EA|24150|KRW|169050|20151130|1300|
C|005186|2015|50002060210003|001|4300003974|00090|CMD0016|5|EA|30450|KRW|152250|20151130|1300|
C|005186|2015|50002060210004|001|4300003975|00060|CMD0011|2|EA|24150|KRW|48300|20151130|1300|
C|005186|2015|50002060210005|001|4300003975|00170|CMD0016|5|EA|30450|KRW|152250|20151130|1300|
C|005186|2015|50002060210006|001|4300003976|00170|CMD0011|9|EA|24150|KRW|217350|20151130|1300|
C|005186|2015|50002060210007|001|4300003979|00200|CMD0011|8|EA|24150|KRW|193200|20151130|1300|
C|005186|2015|50002060210008|001|4300003980|00120|CMD0011|2|EA|24150|KRW|48300|20151130|1300|
C|005186|2015|50002060210009|001|4300003983|00050|CMD0012|6|EA|29400|KRW|176400|20151130|1300|
C|005186|2015|50002060210010|001|4300003983|00060|CMD0013|1|EA|22460|KRW|22460|20151130|1300|
C|005186|2015|50002060210011|001|4300003987|00080|CMD0011|3|EA|24150|KRW|72450|20151130|1300|
C|005186|2015|50002060210012|001|4300003988|00100|CMD0016|2|EA|30450|KRW|60900|20151130|1300|
C|005186|2015|50002060210013|001|4300003988|00290|CMD0016|5|EA|30450|KRW|152250|20151130|1300|
C|005186|2015|50002060210014|001|4300003989|00110|CMD0016|2|EA|30450|KRW|60900|20151130|1300|
C|005186|2015|50002060210015|001|4300003999|00140|CMD0011|5|EA|24150|KRW|120750|20151130|1300|
C|005186|2015|50002060210016|001|4300004000|00100|CMD0011|6|EA|24150|KRW|144900|20151130|1300|
C|005186|2015|50002060220001|001|4300003984|00080|CMD0011|2|EA|24150|KRW|48300|20151130|1300|
C|005186|2015|50002060220002|001|4300003985|00100|CMD0011|4|EA|24150|KRW|96600|20151130|1300|
C|005186|2015|50002060220003|001|4300003987|00050|CMD0016|3|EA|30450|KRW|91350|20151130|1300|
C|005186|2015|50002060220004|001|4300003989|00030|CMD0016|3|EA|30450|KRW|91350|20151130|1300|
