C|005186|2018|50004427780001|001|4300011258|00010|UIEC0024|500|EA|24000|KRW|120000|20180914|1300|
C|005186|2018|50004427780002|001|4300011259|00020|UDEC0014|1|EA|58440|KRW|58440|20180914|1300|
C|005186|2018|50004427780003|001|4300011269|00010|UGBC0991|20|EA|3880|KRW|77600|20180914|1300|
C|005186|2018|50004427780004|001|4300011269|00020|UGBC0996|20|EA|2930|KRW|58600|20180914|1300|
C|005186|2018|50004427780005|001|4300011299|00050|UJCC0043|5000|EA|210000|KRW|210000|20180914|1300|
C|005186|2018|50004427790001|001|4300010757|00010|UGCC0695|8|EA|28630|KRW|229040|20180914|1300|
C|005186|2018|50004427800001|001|4300011307|00130|UGBC1706|2|EA|25400|KRW|50800|20180914|1300|
C|005186|2018|50004427810001|001|4300011321|00010|UALC0119|3000|EA|10000|KRW|60000|20180914|1300|
C|005186|2018|50004427810002|001|4300011321|00020|UALC0118|6000|EA|55000|KRW|660000|20180914|1300|
C|005186|2018|50004427820001|001|4300009871|00090|UIDC0086|1|EA|140000|KRW|140000|20180914|1300|
C|005186|2018|50004427830001|001|4300011374|00010|UCAC0030|20|EA|223000|KRW|223000|20180914|1300|
C|005186|2018|50004427830002|001|4300011374|00020|UCAC0031|20|EA|223000|KRW|223000|20180914|1300|
C|005186|2018|50004427830003|001|4300011374|00030|UCAC0032|20|EA|223000|KRW|223000|20180914|1300|
C|005186|2018|50004427830004|001|4300011374|00040|UCAC0033|20|EA|223000|KRW|223000|20180914|1300|
C|005186|2018|50004427830005|001|4300011374|00050|UCAC0028|20|EA|11150|KRW|223000|20180914|1300|
C|005186|2018|50004427830006|001|4300011374|00060|UCAC0029|20|EA|223000|KRW|223000|20180914|1300|
C|005186|2018|50004427830007|001|4300011374|00070|UCAC0034|20|EA|223000|KRW|223000|20180914|1300|
C|005186|2018|50004427840001|001|4300011375|00010|UCAC0057|2|EA|191000|KRW|382000|20180914|1300|
C|005186|2018|50004427840002|001|4300011375|00030|UADC0018|1|EA|17220|KRW|17220|20180914|1300|
C|005186|2018|50004427840003|001|4300011378|00010|UAGC0054|20|EA|7000|KRW|14000|20180914|1300|
C|005186|2018|50004427840004|001|4300011378|00020|UAGC0055|20|EA|7300|KRW|14600|20180914|1300|
C|005186|2018|50004427840005|001|4300011378|00040|UAGC0118|20|EA|8900|KRW|17800|20180914|1300|
C|005186|2018|50004427840006|001|4300011378|00070|UAGC0122|20|EA|15300|KRW|30600|20180914|1300|
C|005186|2018|50004427840007|001|4300011378|00080|UAGC0122|20|EA|15300|KRW|30600|20180914|1300|
C|005186|2018|50004427840008|001|4300011378|00090|UAGC0431|20|EA|1730|KRW|34600|20180914|1300|
C|005186|2018|50004427840009|001|4300011378|00100|UAGC0124|20|EA|20100|KRW|40200|20180914|1300|
C|005186|2018|50004427840010|001|4300011378|00110|UAGC0385|20|EA|35320|KRW|706400|20180914|1300|
C|005186|2018|50004427840011|001|4300011378|00120|UAGC0128|20|EA|16400|KRW|65600|20180914|1300|
C|005186|2018|50004427840012|001|4300011378|00130|UAGC0416|20|EA|21550|KRW|86200|20180914|1300|
C|005186|2018|50004427840013|001|4300011378|00140|UAGC0418|20|EA|5520|KRW|110400|20180914|1300|
C|005186|2018|50004427840014|001|4300011378|00150|UAGC0419|20|EA|31300|KRW|125200|20180914|1300|
C|005186|2018|50004427840015|001|4300011389|00010|UAEC0465|10|EA|4110|KRW|41100|20180914|1300|
C|005186|2018|50004427850001|001|4300011349|00010|UAAC0020|5|EA|50000|KRW|50000|20180914|1300|
C|005186|2018|50004427850002|001|4300011349|00020|UAAC0022|5|EA|49850|KRW|49850|20180914|1300|
C|005186|2018|50004427850003|001|4300011351|00010|UDEC0106|5|EA|230000|KRW|1150000|20180914|1300|
C|005186|2018|50004427850004|001|4300011378|00030|UAGC0056|20|EA|7700|KRW|15400|20180914|1300|
C|005186|2018|50004427850005|001|4300011378|00050|UAGC0057|20|EA|8900|KRW|17800|20180914|1300|
C|005186|2018|50004427850006|001|4300011378|00060|UAGC0058|20|EA|11900|KRW|23800|20180914|1300|
C|005186|2018|50004427860001|001|4300011349|00030|UEBC0641|10|EA|82950|KRW|829500|20180914|1300|
