C|005186|2017|50003257760001|001|4300006995|00010|UHBC0006|2|EA|522900|KRW|1045800|20170228|1300|
C|005186|2017|50003257760002|001|4300007015|00040|UALC0075|3000|EA|45|KRW|135000|20170228|1300|
C|005186|2017|50003257760003|001|4300007024|00010|UHDC0253|1|EA|1123600|KRW|1123600|20170228|1300|
C|005186|2017|50003257760004|001|4300007024|00020|UHHC0098|10|EA|6930|KRW|69300|20170228|1300|
C|005186|2017|50003257760005|001|4300007024|00050|UHFC0334|2|EA|83800|KRW|167600|20170228|1300|
C|005186|2017|50003257760006|001|4300007024|00060|UHDC0085|10|EA|10290|KRW|102900|20170228|1300|
C|005186|2017|50003257760007|001|4300007024|00070|UHDC0086|10|EA|12600|KRW|126000|20170228|1300|
C|005186|2017|50003257760008|001|4300007024|00080|UHFC0130|1|EA|41900|KRW|41900|20170228|1300|
C|005186|2017|50003257760009|001|4300007025|00010|UEAC0184|5|EA|379480|KRW|1897400|20170228|1300|
C|005186|2017|50003257760010|001|4300007026|00010|UHCC0018|1|EA|922100|KRW|922100|20170228|1300|
C|005186|2017|50003257760011|001|4300007026|00020|UHEC0033|5|EA|102000|KRW|510000|20170228|1300|
C|005186|2017|50003257760012|001|4300007026|00030|UHHC0069|1|EA|412650|KRW|412650|20170228|1300|
C|005186|2017|50003257760013|001|4300007026|00040|UHDC0100|50|EA|2970|KRW|148500|20170228|1300|
C|005186|2017|50003257760014|001|4300007027|00010|UHHC0039|50|M|22470|KRW|1123500|20170228|1300|
C|005186|2017|50003257760015|001|4300007027|00020|UHGC0134|1|EA|756000|KRW|756000|20170228|1300|
C|005186|2017|50003257760016|001|4300007043|00010|UHGC0188|5|EA|34650|KRW|173250|20170228|1300|
C|005186|2017|50003257760017|001|4300007043|00020|UHGC0294|5|EA|96460|KRW|482300|20170228|1300|
C|005186|2017|50003257760018|001|4300007043|00030|UHTC0810|3|EA|76850|KRW|230550|20170228|1300|
C|005186|2017|50003257760019|001|4300007043|00040|UHGC0054|5|EA|16200|KRW|81000|20170228|1300|
C|005186|2017|50003257760020|001|4300007044|00010|UHHC0082|1|EA|955500|KRW|955500|20170228|1300|
C|005186|2017|50003257760021|001|4300007044|00020|UHTC0031|1|EA|239000|KRW|239000|20170228|1300|
C|005186|2017|50003257760022|001|4300007044|00030|UHNC0131|2|EA|286500|KRW|573000|20170228|1300|
C|005186|2017|50003257760023|001|4300007045|00010|UHHC0039|50|M|22470|KRW|1123500|20170228|1300|
C|005186|2017|50003257760024|001|4300007045|00020|UHGC0134|1|EA|756000|KRW|756000|20170228|1300|
C|005186|2017|50003257770001|001|4300007014|00010|UBEC0001|10|EA|18900|KRW|189000|20170228|1300|
C|005186|2017|50003257770002|001|4300007015|00010|UKBC0010|1|EA|91480|KRW|91480|20170228|1300|
C|005186|2017|50003257770003|001|4300007015|00020|UCFC0006|20|EA|8210|KRW|164200|20170228|1300|
C|005186|2017|50003257770004|001|4300007015|00060|UGBC0453|20|EA|420|KRW|8400|20170228|1300|
C|005186|2017|50003257770005|001|4300007015|00070|UEBC0438|6|EA|20400|KRW|122400|20170228|1300|
C|005186|2017|50003257770006|001|4300007015|00150|UZZC0097|1|EA|70760|KRW|70760|20170228|1300|
C|005186|2017|50003257770007|001|4300007016|00010|UJCC0063|20|EA|59850|KRW|1197000|20170228|1300|
C|005186|2017|50003257770008|001|4300007016|00050|UGCC0531|2|EA|175000|KRW|350000|20170228|1300|
C|005186|2017|50003257770009|001|4300007016|00060|UGBC0780|20|EA|570|KRW|11400|20170228|1300|
C|005186|2017|50003257770010|001|4300007016|00080|UGBC0797|10|EA|500|KRW|5000|20170228|1300|
C|005186|2017|50003257770011|001|4300007016|00090|UGBC0781|20|EA|580|KRW|11600|20170228|1300|
C|005186|2017|50003257770012|001|4300007016|00100|UGBC0782|20|EA|720|KRW|14400|20170228|1300|
C|005186|2017|50003257770013|001|4300007016|00110|UGBC0783|20|EA|830|KRW|16600|20170228|1300|
C|005186|2017|50003257770014|001|4300007017|00010|UEBC0523|10|EA|3460|KRW|34600|20170228|1300|
C|005186|2017|50003257770015|001|4300007017|00020|UKBC0010|2|EA|91480|KRW|182960|20170228|1300|
C|005186|2017|50003257770016|001|4300007020|00020|UKBC0010|2|EA|91480|KRW|182960|20170228|1300|
C|005186|2017|50003257770017|001|4300007020|00040|UGCC0979|20|EA|11080|KRW|221600|20170228|1300|
C|005186|2017|50003257770018|001|4300007020|00050|UDAC0269|50|EA|16110|KRW|805500|20170228|1300|
C|005186|2017|50003257770019|001|4300007020|00070|UKBC0010|1|EA|91480|KRW|91480|20170228|1300|
C|005186|2017|50003257770020|001|4300007020|00080|UHTC0257|50|EA|810|KRW|40500|20170228|1300|
C|005186|2017|50003257770021|001|4300007020|00090|UHTC0258|50|EA|810|KRW|40500|20170228|1300|
C|005186|2017|50003257770022|001|4300007020|00100|UGCC0588|1|EA|404300|KRW|404300|20170228|1300|
C|005186|2017|50003257770023|001|4300007021|00010|UGCC0587|30|EA|31060|KRW|931800|20170228|1300|
C|005186|2017|50003257770024|001|4300007021|00020|UHTC0258|300|EA|810|KRW|243000|20170228|1300|
C|005186|2017|50003257770025|001|4300007021|00030|UGCC0669|10|EA|22080|KRW|220800|20170228|1300|
C|005186|2017|50003257770026|001|4300007021|00040|UGBC0780|30|EA|570|KRW|17100|20170228|1300|
C|005186|2017|50003257770027|001|4300007021|00050|UGBC0781|30|EA|580|KRW|17400|20170228|1300|
C|005186|2017|50003257770028|001|4300007021|00090|UFCC0002|1|EA|134030|KRW|134030|20170228|1300|
C|005186|2017|50003257770029|001|4300007023|00050|UKBC0010|3|EA|91480|KRW|274440|20170228|1300|
C|005186|2017|50003257770030|001|4300007039|00020|UEBC0441|5|EA|29560|KRW|147800|20170228|1300|
C|005186|2017|50003257770031|001|4300007043|00050|UHTC0124|10|EA|40425|KRW|404250|20170228|1300|
C|005186|2017|50003257770032|001|4300007043|00060|UHTC0121|10|EA|33600|KRW|336000|20170228|1300|
C|005186|2017|50003257770033|001|4300007058|00010|UDAC0306|1|EA|1350000|KRW|1350000|20170228|1300|
C|005186|2017|50003257780001|001|4300007015|00030|UHTC0080|3|EA|182950|KRW|548850|20170228|1300|
C|005186|2017|50003257780002|001|4300007015|00080|UJAC0138|1|EA|90000|KRW|90000|20170228|1300|
C|005186|2017|50003257780003|001|4300007015|00090|UJAC0147|4|EA|19950|KRW|79800|20170228|1300|
C|005186|2017|50003257780004|001|4300007015|00100|UJAC0072|2|EA|12600|KRW|25200|20170228|1300|
C|005186|2017|50003257780005|001|4300007015|00110|UJAC0073|2|EA|13130|KRW|26260|20170228|1300|
C|005186|2017|50003257780006|001|4300007015|00120|UIEC0035|10|EA|37800|KRW|378000|20170228|1300|
C|005186|2017|50003257780007|001|4300007015|00130|UAEC0224|2|EA|2340|KRW|4680|20170228|1300|
C|005186|2017|50003257780008|001|4300007015|00140|UAEC0216|2|EA|2660|KRW|5320|20170228|1300|
C|005186|2017|50003257780009|001|4300007016|00020|UAEC0270|1|EA|18800|KRW|18800|20170228|1300|
C|005186|2017|50003257780010|001|4300007016|00030|UAEC0008|2|EA|5480|KRW|10960|20170228|1300|
C|005186|2017|50003257780011|001|4300007016|00040|UHTC0771|1|EA|18600|KRW|18600|20170228|1300|
C|005186|2017|50003257780012|001|4300007018|00010|UFGC0017|100|EA|3500|KRW|350000|20170228|1300|
C|005186|2017|50003257780013|001|4300007019|00010|UICC0027|1|EA|14210|KRW|14210|20170228|1300|
C|005186|2017|50003257780014|001|4300007020|00010|UAEC0078|2|EA|10530|KRW|21060|20170228|1300|
C|005186|2017|50003257780015|001|4300007020|00030|UCAC0010|5|EA|19690|KRW|98450|20170228|1300|
C|005186|2017|50003257780016|001|4300007020|00060|UFFC0012|3|EA|31190|KRW|93570|20170228|1300|
C|005186|2017|50003257780017|001|4300007021|00060|UKAC0011|3|EA|117495|KRW|352485|20170228|1300|
C|005186|2017|50003257780018|001|4300007021|00070|UAEC0047|1|EA|21000|KRW|21000|20170228|1300|
C|005186|2017|50003257780019|001|4300007022|00010|UAEC0148|2|EA|173420|KRW|346840|20170228|1300|
C|005186|2017|50003257780020|001|4300007022|00020|UJBC0004|30|EA|4337|KRW|130110|20170228|1300|
C|005186|2017|50003257780021|001|4300007022|00030|UHTC0486|3|EA|46410|KRW|139230|20170228|1300|
C|005186|2017|50003257780022|001|4300007024|00030|UHTC0290|4|EA|59970|KRW|239880|20170228|1300|
C|005186|2017|50003257780023|001|4300007024|00040|UHTC0292|3|EA|40690|KRW|122070|20170228|1300|
C|005186|2017|50003257790001|001|4300007017|00030|UJCC0043|10000|EA|42|KRW|420000|20170228|1300|
C|005186|2017|50003257800001|001|4300006950|00010|UAEC0363|2|EA|376215|KRW|752430|20170228|1300|
C|005186|2017|50003257800002|001|4300007015|00050|UAGC0190|3|EA|35700|KRW|107100|20170228|1300|
C|005186|2017|50003257800003|001|4300007022|00050|UAEC0224|4|EA|2340|KRW|9360|20170228|1300|
C|005186|2017|50003257800004|001|4300007022|00060|UAEC0245|6|EA|1790|KRW|10740|20170228|1300|
C|005186|2017|50003257800005|001|4300007022|00070|UAEC0246|6|EA|2920|KRW|17520|20170228|1300|
C|005186|2017|50003257800006|001|4300007022|00080|UAEC0217|6|EA|2770|KRW|16620|20170228|1300|
C|005186|2017|50003257800007|001|4300007022|00090|UAEC0005|4|EA|2620|KRW|10480|20170228|1300|
C|005186|2017|50003257800008|001|4300007022|00100|UAEC0006|4|EA|3150|KRW|12600|20170228|1300|
C|005186|2017|50003257800009|001|4300007022|00110|UAEC0007|4|EA|4630|KRW|18520|20170228|1300|
C|005186|2017|50003257800010|001|4300007022|00120|UAEC0008|4|EA|5480|KRW|21920|20170228|1300|
C|005186|2017|50003257800011|001|4300007022|00130|UAEC0009|4|EA|6050|KRW|24200|20170228|1300|
C|005186|2017|50003257800012|001|4300007022|00140|UAEC0010|4|EA|6360|KRW|25440|20170228|1300|
C|005186|2017|50003257800013|001|4300007023|00010|UAEC0004|4|EA|9450|KRW|37800|20170228|1300|
C|005186|2017|50003257800014|001|4300007023|00020|UAEC0317|4|EA|1523|KRW|6092|20170228|1300|
C|005186|2017|50003257800015|001|4300007023|00030|UAEC0058|4|EA|12350|KRW|49400|20170228|1300|
C|005186|2017|50003257800016|001|4300007023|00040|UAEC0329|2|EA|31320|KRW|62640|20170228|1300|
C|005186|2017|50003257800017|001|4300007040|00010|UEAC0167|1|EA|1038000|KRW|1038000|20170228|1300|
C|005186|2017|50003257810001|001|4300006941|00060|UGBC0552|20|EA|12600|KRW|252000|20170228|1300|
C|005186|2017|50003257810002|001|4300006941|00070|UGBC0237|20|EA|13860|KRW|277200|20170228|1300|
C|005186|2017|50003257810003|001|4300007039|00010|UGBC0157|5|EA|63000|KRW|315000|20170228|1300|
