C|005186|2013|50000308850001|001|4300000471|00070|CMD0016|3|EA|30450|KRW|91350|20130930|1300|
C|005186|2013|50000308850002|001|4300000489|00060|CMD0011|1|EA|24150|KRW|24150|20130930|1300|
C|005186|2013|50000308850003|001|4300000490|00110|CMD0011|16|EA|24150|KRW|386400|20130930|1300|
C|005186|2013|50000308850004|001|4300000490|00180|CMF0005|6|EA|20700|KRW|124200|20130930|1300|
C|005186|2013|50000308850005|001|4300000491|00090|CMD0011|8|EA|24150|KRW|193200|20130930|1300|
C|005186|2013|50000308850006|001|4300000491|00150|CMF0005|2|EA|20700|KRW|41400|20130930|1300|
C|005186|2013|50000308850007|001|4300000494|00090|CMD0011|6|EA|24150|KRW|144900|20130930|1300|
C|005186|2013|50000308850008|001|4300000494|00150|CMF0005|5|EA|20700|KRW|103500|20130930|1300|
C|005186|2013|50000308850009|001|4300000495|00100|CMF0005|12|EA|20700|KRW|248400|20130930|1300|
C|005186|2013|50000308850010|001|4300000499|00080|CMF0005|2|EA|20700|KRW|41400|20130930|1300|
C|005186|2013|50000308850011|001|4300000500|00100|CMD0011|13|EA|24150|KRW|313950|20130930|1300|
C|005186|2013|50000308850012|001|4300000500|00110|CMD0012|4|EA|29400|KRW|117600|20130930|1300|
C|005186|2013|50000308850013|001|4300000500|00180|CMF0005|5|EA|20700|KRW|103500|20130930|1300|
C|005186|2013|50000308850014|001|4300000501|00090|CMF0005|3|EA|20700|KRW|62100|20130930|1300|
C|005186|2013|50000308850015|001|4300000502|00070|CMD0012|1|EA|29400|KRW|29400|20130930|1300|
C|005186|2013|50000308850016|001|4300000502|00080|CMF0005|1|EA|20700|KRW|20700|20130930|1300|
C|005186|2013|50000308850017|001|4300000503|00070|CMF0005|3|EA|20700|KRW|62100|20130930|1300|
C|005186|2013|50000308850018|001|4300000504|00080|CMF0005|2|EA|20700|KRW|41400|20130930|1300|
C|005186|2013|50000308850019|001|4300000537|00070|CMF0005|5|EA|20700|KRW|103500|20130930|1300|
C|005186|2013|50000308850020|001|4300000553|00010|CMD0011|18|EA|24150|KRW|434700|20130930|1300|
C|005186|2013|50000308850021|001|4300000553|00020|CMD0016|5|EA|30450|KRW|152250|20130930|1300|
C|005186|2013|50000308850022|001|4300000554|00010|CMD0011|10|EA|24150|KRW|241500|20130930|1300|
C|005186|2013|50000308850023|001|4300000554|00020|CMD0016|6|EA|30450|KRW|182700|20130930|1300|
C|005186|2013|50000308850024|001|4300000556|00010|CMD0011|3|EA|24150|KRW|72450|20130930|1300|
C|005186|2013|50000308850025|001|4300000556|00020|CMD0012|3|EA|29400|KRW|88200|20130930|1300|
C|005186|2013|50000308850026|001|4300000556|00030|CMD0013|1|EA|22460|KRW|22460|20130930|1300|
C|005186|2013|50000308850027|001|4300000564|00100|CMF0005|1|EA|20700|KRW|20700|20130930|1300|
C|005186|2013|50000308850028|001|4300000565|00070|CMF0005|3|EA|20700|KRW|62100|20130930|1300|
C|005186|2013|50000308850029|001|4300000566|00080|CMF0005|2|EA|20700|KRW|41400|20130930|1300|
C|005186|2013|50000308860001|001|4300000541|00050|UKEC0032|2|EA|42000|KRW|84000|20130930|1300|
C|005186|2013|50000308860002|001|4300000541|00060|UKEC0092|1|EA|4200|KRW|4200|20130930|1300|
C|005186|2013|50000308870001|001|4300000575|00010|CMD0001|6|EA|9555|KRW|57330|20130930|1300|
C|005186|2013|50000308870002|001|4300000575|00020|CMA0002|110|EA|1530|KRW|168300|20130930|1300|
C|005186|2013|50000308870003|001|4300000575|00030|CMA0001|100|EA|240|KRW|24000|20130930|1300|
C|005186|2013|50000308870004|001|4300000575|00040|CMH0007|30|EA|11700|KRW|351000|20130930|1300|
C|005186|2013|50000308870005|001|4300000575|00050|CMF0006|50|EA|11970|KRW|598500|20130930|1300|
C|005186|2013|50000308870006|001|4300000575|00060|CMF0001|5|EA|1680|KRW|8400|20130930|1300|
C|005186|2013|50000308870007|001|4300000575|00070|CMF0007|3|EA|1780|KRW|5340|20130930|1300|
C|005186|2013|50000308870008|001|4300000575|00080|CMF0008|5|EA|1785|KRW|8925|20130930|1300|
C|005186|2013|50000308870009|001|4300000575|00090|CMA0014|100|EA|380|KRW|38000|20130930|1300|
C|005186|2013|50000308880001|001|4300000546|00080|UEBC0263|3|EA|36120|KRW|108360|20130930|1300|
C|005186|2013|50000308880002|001|4300000546|00090|UEBC0245|5|EA|4410|KRW|22050|20130930|1300|
C|005186|2013|50000308880003|001|4300000546|00100|UEBC0235|5|EA|2060|KRW|10300|20130930|1300|
C|005186|2013|50000308880004|001|4300000546|00110|UEBC0240|5|EA|3390|KRW|16950|20130930|1300|
C|005186|2013|50000308880005|001|4300000546|00120|UEBC0105|10|EA|2820|KRW|28200|20130930|1300|
C|005186|2013|50000308880006|001|4300000546|00130|UEBC0137|5|EA|6330|KRW|31650|20130930|1300|
C|005186|2013|50000308880007|001|4300000546|00140|UEBC0140|5|EA|16070|KRW|80350|20130930|1300|
C|005186|2013|50000308890001|001|4300000564|00010|CMA0001|80|EA|240|KRW|19200|20130930|1300|
C|005186|2013|50000308890002|001|4300000564|00020|CMA0007|220|EA|270|KRW|59400|20130930|1300|
C|005186|2013|50000308890003|001|4300000564|00030|CMH0007|1|EA|11700|KRW|11700|20130930|1300|
C|005186|2013|50000308890004|001|4300000564|00040|CMB0001|20|EA|655|KRW|13100|20130930|1300|
C|005186|2013|50000308890005|001|4300000564|00050|CMB0010|80|EA|1100|KRW|88000|20130930|1300|
C|005186|2013|50000308890006|001|4300000564|00060|CMC0003|5|EA|340|KRW|1700|20130930|1300|
C|005186|2013|50000308890007|001|4300000564|00070|CMC0005|5|EA|190|KRW|950|20130930|1300|
C|005186|2013|50000308890008|001|4300000564|00080|CMF0001|2|EA|1680|KRW|3360|20130930|1300|
C|005186|2013|50000308890009|001|4300000564|00090|CMF0003|3|EA|1820|KRW|5460|20130930|1300|
C|005186|2013|50000308890010|001|4300000564|00110|CMG0001|10|EA|1840|KRW|18400|20130930|1300|
C|005186|2013|50000308890011|001|4300000564|00120|CMZ0032|2|EA|1970|KRW|3940|20130930|1300|
C|005186|2013|50000308890012|001|4300000565|00010|CMA0001|320|EA|240|KRW|76800|20130930|1300|
C|005186|2013|50000308890013|001|4300000565|00020|CMA0007|30|EA|270|KRW|8100|20130930|1300|
C|005186|2013|50000308890014|001|4300000565|00030|CMA0017|10|EA|780|KRW|7800|20130930|1300|
C|005186|2013|50000308890015|001|4300000565|00040|CMC0005|10|EA|190|KRW|1900|20130930|1300|
C|005186|2013|50000308890016|001|4300000565|00050|CME0010|60|EA|285|KRW|17100|20130930|1300|
C|005186|2013|50000308890017|001|4300000565|00060|CME0013|5|EA|20300|KRW|101500|20130930|1300|
C|005186|2013|50000308890018|001|4300000565|00080|CMF0015|10|EA|500|KRW|5000|20130930|1300|
C|005186|2013|50000308890019|001|4300000565|00090|CMH0007|1|EA|11700|KRW|11700|20130930|1300|
C|005186|2013|50000308890020|001|4300000565|00100|CMA0006|30|EA|2270|KRW|68100|20130930|1300|
C|005186|2013|50000308890021|001|4300000566|00010|CMA0001|80|EA|240|KRW|19200|20130930|1300|
C|005186|2013|50000308890022|001|4300000566|00020|CMA0007|40|EA|270|KRW|10800|20130930|1300|
C|005186|2013|50000308890023|001|4300000566|00030|CMA0008|40|EA|690|KRW|27600|20130930|1300|
C|005186|2013|50000308890024|001|4300000566|00040|CMA0017|5|EA|780|KRW|3900|20130930|1300|
C|005186|2013|50000308890025|001|4300000566|00050|CMB0001|40|EA|655|KRW|26200|20130930|1300|
C|005186|2013|50000308890026|001|4300000566|00060|CME0004|3|EA|11550|KRW|34650|20130930|1300|
C|005186|2013|50000308890027|001|4300000566|00070|CME0010|40|EA|285|KRW|11400|20130930|1300|
C|005186|2013|50000308890028|001|4300000567|00010|CMA0001|50|EA|240|KRW|12000|20130930|1300|
C|005186|2013|50000308890029|001|4300000567|00020|CMA0007|200|EA|270|KRW|54000|20130930|1300|
C|005186|2013|50000308890030|001|4300000567|00030|CMB0010|50|EA|1100|KRW|55000|20130930|1300|
C|005186|2013|50000309100001|001|4300000542|00010|KS080709|2|EA|24700|KRW|49400|20130930|1300|
C|005186|2013|50000309100002|001|4300000542|00020|KS080711|2|EA|32300|KRW|64600|20130930|1300|
C|005186|2013|50000309100003|001|4300000542|00180|KT020700|8|EA|2680|KRW|21440|20130930|1300|
C|005186|2013|50000309100004|001|4300000542|00210|KT080520|6|EA|2760|KRW|16560|20130930|1300|
C|005186|2013|50000309100005|001|4300000543|00010|KS061502|12|EA|2970|KRW|35640|20130930|1300|
C|005186|2013|50000309100006|001|4300000543|00020|KS061503|20|EA|3150|KRW|63000|20130930|1300|
C|005186|2013|50000309100007|001|4300000543|00030|KS061504|2|EA|4050|KRW|8100|20130930|1300|
C|005186|2013|50000309100008|001|4300000543|00040|KS061505|1|EA|6230|KRW|6230|20130930|1300|
C|005186|2013|50000309100009|001|4300000543|00050|KS061506|4|EA|7850|KRW|31400|20130930|1300|
C|005186|2013|50000309100010|001|4300000543|00060|KS061508|10|EA|10510|KRW|105100|20130930|1300|
C|005186|2013|50000309100011|001|4300000543|00070|KS066902|2|EA|1540|KRW|3080|20130930|1300|
C|005186|2013|50000309100012|001|4300000543|00080|KS066903|3|EA|1540|KRW|4620|20130930|1300|
C|005186|2013|50000309100013|001|4300000543|00090|KS066905|2|EA|2260|KRW|4520|20130930|1300|
C|005186|2013|50000309100014|001|4300000543|00100|KS067000|4|EA|1350|KRW|5400|20130930|1300|
C|005186|2013|50000309100015|001|4300000543|00110|KS067004|2|EA|2000|KRW|4000|20130930|1300|
C|005186|2013|50000309100016|001|4300000543|00120|KS067005|4|EA|2400|KRW|9600|20130930|1300|
C|005186|2013|50000309100017|001|4300000543|00130|KS067006|2|EA|3120|KRW|6240|20130930|1300|
C|005186|2013|50000309100018|001|4300000543|00140|KS067007|2|EA|4100|KRW|8200|20130930|1300|
C|005186|2013|50000309100019|001|4300000543|00150|KS067204|2|EA|2570|KRW|5140|20130930|1300|
C|005186|2013|50000309100020|001|4300000543|00160|KS067207|4|EA|5780|KRW|23120|20130930|1300|
C|005186|2013|50000309100021|001|4300000543|00170|KS067208|5|EA|7940|KRW|39700|20130930|1300|
C|005186|2013|50000309100022|001|4300000543|00180|KS067210|2|EA|14350|KRW|28700|20130930|1300|
C|005186|2013|50000309100023|001|4300000543|00190|KS067401|126|EA|3780|KRW|476280|20130930|1300|
C|005186|2013|50000309100024|001|4300000543|00200|KS067404|5|EA|3930|KRW|19650|20130930|1300|
C|005186|2013|50000309110001|001|4300000546|00030|UGCC0014|5|EA|129000|KRW|645000|20130930|1300|
C|005186|2013|50000309110002|001|4300000546|00040|UGCC0016|5|EA|188000|KRW|940000|20130930|1300|
C|005186|2013|50000309110003|001|4300000577|00020|UHSC0007|5|EA|473690|KRW|2368450|20130930|1300|
C|005186|2013|50000309110004|001|4300000577|00040|UHTC0008|1|EA|173690|KRW|173690|20130930|1300|
C|005186|2013|50000309110005|001|4300000577|00050|UHTC0009|18|EA|3160|KRW|56880|20130930|1300|
