C|005186|2018|50004451970001|001|4300011268|00010|UGBC1669|5|EA|367000|KRW|1835000|20180928|1300|
C|005186|2018|50004451970002|001|4300011352|00010|UGBC0277|2|EA|157500|KRW|315000|20180928|1300|
C|005186|2018|50004451970003|001|4300011352|00020|UGBC0545|5|EA|252000|KRW|252000|20180928|1300|
C|005186|2018|50004451970004|001|4300011352|00030|UGBC1302|30|EA|3800|KRW|11400|20180928|1300|
C|005186|2018|50004451970005|001|4300011352|00040|UGBC0620|20|EA|8400|KRW|8400|20180928|1300|
C|005186|2018|50004451970006|001|4300011352|00050|UGBC0163|40|EA|6400|KRW|12800|20180928|1300|
C|005186|2018|50004451970007|001|4300011352|00060|UGBC1028|10|EA|20000|KRW|20000|20180928|1300|
C|005186|2018|50004451970008|001|4300011352|00070|UGBC0141|20|EA|12600|KRW|25200|20180928|1300|
C|005186|2018|50004451980001|001|4300011245|00030|UCIC0126|10|EA|71400|KRW|357000|20180928|1300|
C|005186|2018|50004451980002|001|4300011245|00040|UCIC0042|3|EA|143100|KRW|429300|20180928|1300|
C|005186|2018|50004451980003|001|4300011261|00010|UCIC0068|1|EA|556500|KRW|556500|20180928|1300|
C|005186|2018|50004451980004|001|4300011382|00010|UCIC0142|10|EA|75600|KRW|75600|20180928|1300|
C|005186|2018|50004451980005|001|4300011382|00020|UCIC0143|10|EA|8900|KRW|89000|20180928|1300|
C|005186|2018|50004451990001|001|4300011307|00080|UGCC0287|20|EA|9660|KRW|9660|20180928|1300|
C|005186|2018|50004451990002|001|4300011307|00090|UGBC0781|20|EA|5800|KRW|11600|20180928|1300|
C|005186|2018|50004451990003|001|4300011307|00100|UGBC0782|20|EA|7200|KRW|14400|20180928|1300|
C|005186|2018|50004451990004|001|4300011350|00010|UGBC1646|20|EA|22200|KRW|44400|20180928|1300|
C|005186|2018|50004451990005|001|4300011375|00040|UGCC0218|50|EA|28770|KRW|143850|20180928|1300|
C|005186|2018|50004452200001|001|4300011344|00010|UGCC0854|2|EA|954000|KRW|1908000|20180928|1300|
C|005186|2018|50004452210001|001|4300011406|00010|KE180203|30|EA|13650|KRW|409500|20180928|1300|
C|005186|2018|50004452210002|001|4300011406|00020|KE190003|6|EA|29300|KRW|175800|20180928|1300|
C|005186|2018|50004452210003|001|4300011406|00030|KE210001|3|EA|53030|KRW|159090|20180928|1300|
C|005186|2018|50004452210004|001|4300011406|00040|KE230003|150|EA|46750|KRW|280500|20180928|1300|
C|005186|2018|50004452210005|001|4300011406|00050|KE231001|26|EA|16150|KRW|419900|20180928|1300|
C|005186|2018|50004452210006|001|4300011406|00060|KE231406|15|EA|7140|KRW|107100|20180928|1300|
C|005186|2018|50004452210007|001|4300011406|00070|KE270300|100|EA|9400|KRW|47000|20180928|1300|
C|005186|2018|50004452210008|001|4300011406|00080|KE270302|4|EA|6900|KRW|27600|20180928|1300|
C|005186|2018|50004452210009|001|4300011406|00090|KE280401|3|EA|20800|KRW|62400|20180928|1300|
C|005186|2018|50004452210010|001|4300011407|00010|KE030011|10|EA|8190|KRW|81900|20180928|1300|
C|005186|2018|50004452210011|001|4300011407|00020|KE030116|3|EA|157500|KRW|472500|20180928|1300|
C|005186|2018|50004452210012|001|4300011407|00030|KE050201|1|EA|8460|KRW|8460|20180928|1300|
C|005186|2018|50004452210013|001|4300011407|00040|KE050801|13|EA|1900|KRW|24700|20180928|1300|
C|005186|2018|50004452210014|001|4300011407|00050|KE090101|4|EA|24680|KRW|98720|20180928|1300|
C|005186|2018|50004452210015|001|4300011407|00060|KE090102|1|EA|15430|KRW|15430|20180928|1300|
C|005186|2018|50004452210016|001|4300011407|00070|KE090106|4|EA|15370|KRW|61480|20180928|1300|
C|005186|2018|50004452210017|001|4300011407|00080|KE090112|5|EA|16800|KRW|84000|20180928|1300|
C|005186|2018|50004452210018|001|4300011407|00090|KE090165|1|EA|165900|KRW|165900|20180928|1300|
C|005186|2018|50004452210019|001|4300011407|00100|KE110200|10|EA|65100|KRW|651000|20180928|1300|
C|005186|2018|50004452220001|001|4300011255|00060|UHDC0061|80|EA|103000|KRW|824000|20180928|1300|
C|005186|2018|50004452220002|001|4300011299|00040|UHFC0235|3|EA|12800|KRW|38400|20180928|1300|
C|005186|2018|50004452220003|001|4300011346|00010|UHHC0017|2|EA|201600|KRW|403200|20180928|1300|
C|005186|2018|50004452220004|001|4300011346|00020|UHNC0136|1|EA|947380|KRW|947380|20180928|1300|
C|005186|2018|50004452220005|001|4300011382|00030|UHGC0092|3|EA|500000|KRW|1500000|20180928|1300|
C|005186|2018|50004452230001|001|4300011300|00010|UHHC0060|2|EA|412650|KRW|825300|20180928|1300|
C|005186|2018|50004452230002|001|4300011300|00020|UCKC0013|1|EA|418000|KRW|418000|20180928|1300|
C|005186|2018|50004452230003|001|4300011300|00030|UHHC0208|5|EA|77910|KRW|77910|20180928|1300|
C|005186|2018|50004452230004|001|4300011300|00040|UHGC0338|1|EA|175000|KRW|175000|20180928|1300|
C|005186|2018|50004452230005|001|4300011300|00050|UHFC0189|1|EA|27300|KRW|27300|20180928|1300|
C|005186|2018|50004452230006|001|4300011300|00060|UHFC0190|1|EA|28350|KRW|28350|20180928|1300|
C|005186|2018|50004452230007|001|4300011300|00070|UHFC0331|2|EA|83000|KRW|166000|20180928|1300|
C|005186|2018|50004452230008|001|4300011302|00010|UHGC0114|6|EA|257000|KRW|1542000|20180928|1300|
C|005186|2018|50004452230009|001|4300011303|00010|UHTC0580|12|EA|144200|KRW|1730400|20180928|1300|
C|005186|2018|50004452240001|001|4300011372|00010|UHGC0325|2|EA|237000|KRW|474000|20180928|1300|
C|005186|2018|50004452240002|001|4300011372|00020|UHGC0326|2|EA|237000|KRW|474000|20180928|1300|
C|005186|2018|50004452240003|001|4300011372|00030|UHCC0014|2|EA|395790|KRW|791580|20180928|1300|
C|005186|2018|50004452240004|001|4300011373|00010|UHCC0015|1|EA|517000|KRW|517000|20180928|1300|
C|005186|2018|50004452240005|001|4300011373|00020|UHFC0336|2|EA|82950|KRW|165900|20180928|1300|
C|005186|2018|50004452240006|001|4300011373|00030|UHFC0337|2|EA|104210|KRW|208420|20180928|1300|
C|005186|2018|50004452240007|001|4300011373|00040|UHFC0329|50|EA|199500|KRW|199500|20180928|1300|
C|005186|2018|50004452240008|001|4300011373|00050|UHFC0346|50|EA|99750|KRW|99750|20180928|1300|
C|005186|2018|50004452240009|001|4300011383|00010|UHTC0249|1|EA|337050|KRW|337050|20180928|1300|
C|005186|2018|50004452240010|001|4300011383|00020|UHFC0308|10|EA|68250|KRW|682500|20180928|1300|
C|005186|2018|50004452240011|001|4300011383|00030|UIEC0037|1|EA|236500|KRW|236500|20180928|1300|
C|005186|2018|50004452240012|001|4300011383|00040|UHTC0799|2|EA|37100|KRW|74200|20180928|1300|
C|005186|2018|50004452240013|001|4300011383|00050|UHNC0122|1|EA|195800|KRW|195800|20180928|1300|
C|005186|2018|50004452240014|001|4300011383|00060|UHFC0175|10|EA|387300|KRW|387300|20180928|1300|
C|005186|2018|50004452240015|001|4300011384|00010|UHTC0772|60|EA|466400|KRW|1399200|20180928|1300|
C|005186|2018|50004452240016|001|4300011384|00020|UGAC0006|20|EA|600600|KRW|600600|20180928|1300|
C|005186|2018|50004452240017|001|4300011385|00010|UHTC0802|30|EA|249100|KRW|1494600|20180928|1300|
C|005186|2018|50004452240018|001|4300011385|00020|UHDC0099|100|EA|3150|KRW|315000|20180928|1300|
C|005186|2018|50004452240019|001|4300011386|00010|UHHC0213|36|EA|40000|KRW|1440000|20180928|1300|
C|005186|2018|50004452240020|001|4300011387|00010|UHBC0022|2|EA|430360|KRW|860720|20180928|1300|
C|005186|2018|50004452240021|001|4300011387|00020|UHGC0009|5|EA|66150|KRW|330750|20180928|1300|
C|005186|2018|50004452240022|001|4300011388|00010|UHGC0134|2|EA|756000|KRW|1512000|20180928|1300|
C|005186|2018|50004452250001|001|4300011287|00050|CMF0023|10|EA|1790|KRW|17900|20180928|1300|
C|005186|2018|50004452250002|001|4300011287|00080|CMF0021|20|EA|3100|KRW|62000|20180928|1300|
C|005186|2018|50004452250003|001|4300011287|00130|CME0010|300|EA|240|KRW|72000|20180928|1300|
C|005186|2018|50004452250004|001|4300011410|00010|UGCC0266|3|EA|176850|KRW|530550|20180928|1300|
C|005186|2018|50004452260001|001|4300011287|00120|CMA0016|200|EA|2140|KRW|428000|20180928|1300|
C|005186|2018|50004452260002|001|4300011287|00150|CMB0010|480|EA|1280|KRW|614400|20180928|1300|
C|005186|2018|50004452260003|001|4300011379|00010|UJBC0060|2|EA|48480|KRW|96960|20180928|1300|
C|005186|2018|50004452260004|001|4300011401|00010|UGBC0464|1|EA|73690|KRW|73690|20180928|1300|
C|005186|2018|50004452260005|001|4300011403|00040|UHTC0832|2|EA|38370|KRW|76740|20180928|1300|
C|005186|2018|50004452260006|001|4300011404|00010|UHFC0145|1|EA|10080|KRW|10080|20180928|1300|
C|005186|2018|50004452270001|001|4300011408|00010|KH990100|4|EA|27220|KRW|108880|20180928|1300|
C|005186|2018|50004452270002|001|4300011408|00020|KH990101|6|EA|7250|KRW|43500|20180928|1300|
C|005186|2018|50004452270003|001|4300011408|00030|KP100301|1|EA|31200|KRW|31200|20180928|1300|
C|005186|2018|50004452270004|001|4300011408|00040|KP150400|100|EA|17000|KRW|17000|20180928|1300|
C|005186|2018|50004452270005|001|4300011408|00050|KS990007|5|EA|51450|KRW|257250|20180928|1300|
C|005186|2018|50004452270006|001|4300011408|00060|KT020006|1|EA|6250|KRW|6250|20180928|1300|
C|005186|2018|50004452270007|001|4300011408|00070|KT020007|2|EA|6860|KRW|13720|20180928|1300|
C|005186|2018|50004452270008|001|4300011408|00080|KT020009|1|EA|8030|KRW|8030|20180928|1300|
C|005186|2018|50004452270009|001|4300011408|00090|KT020013|3|EA|13110|KRW|39330|20180928|1300|
C|005186|2018|50004452270010|001|4300011408|00100|KT020016|1|EA|18620|KRW|18620|20180928|1300|
C|005186|2018|50004452270011|001|4300011408|00110|KT020018|1|EA|22630|KRW|22630|20180928|1300|
C|005186|2018|50004452270012|001|4300011408|00120|KT020019|1|EA|23570|KRW|23570|20180928|1300|
C|005186|2018|50004452270013|001|4300011408|00130|KT020500|20|EA|31100|KRW|62200|20180928|1300|
C|005186|2018|50004452270014|001|4300011408|00150|KT080500|1|EA|26500|KRW|26500|20180928|1300|
C|005186|2018|50004452270015|001|4300011408|00160|KT990001|200|EA|5100|KRW|102000|20180928|1300|
C|005186|2018|50004452270016|001|4300011408|00170|KT990010|200|EA|3700|KRW|74000|20180928|1300|
C|005186|2018|50004452280001|001|4300011397|00010|UEBC1510|10|EA|213400|KRW|1067000|20180928|1300|
C|005186|2018|50004452280002|001|4300011398|00020|UDBC0904|1|EA|340000|KRW|340000|20180928|1300|
C|005186|2018|50004452280003|001|4300011398|00030|UDBC0903|1|EA|211000|KRW|211000|20180928|1300|
C|005186|2018|50004452280004|001|4300011403|00030|UDBC0831|20|EA|27000|KRW|27000|20180928|1300|
C|005186|2018|50004452280005|001|4300011403|00050|UDAC0008|20|EA|25400|KRW|50800|20180928|1300|
C|005186|2018|50004452280006|001|4300011403|00060|UDBC0747|500|EA|3100|KRW|15500|20180928|1300|
C|005186|2018|50004452280007|001|4300011403|00070|UDBC0715|500|EA|4800|KRW|24000|20180928|1300|
C|005186|2018|50004452280008|001|4300011403|00080|UDBC0720|500|EA|5900|KRW|29500|20180928|1300|
C|005186|2018|50004452280009|001|4300011403|00150|UEBC1426|3|EA|50800|KRW|152400|20180928|1300|
C|005186|2018|50004452280010|001|4300011410|00020|UDBC0676|20|EA|1470|KRW|29400|20180928|1300|
C|005186|2018|50004452280011|001|4300011410|00030|UDBC0460|200|EA|10600|KRW|42400|20180928|1300|
C|005186|2018|50004452280012|001|4300011410|00040|UAGC0439|10|EA|52600|KRW|52600|20180928|1300|
C|005186|2018|50004452290001|001|4300011405|00010|KS061502|9|EA|2970|KRW|26730|20180928|1300|
C|005186|2018|50004452290002|001|4300011405|00020|KS061503|4|EA|3150|KRW|12600|20180928|1300|
C|005186|2018|50004452290003|001|4300011405|00030|KS066901|4|EA|1290|KRW|5160|20180928|1300|
C|005186|2018|50004452290004|001|4300011405|00040|KS066904|5|EA|2000|KRW|10000|20180928|1300|
C|005186|2018|50004452290005|001|4300011405|00050|KS067003|5|EA|1550|KRW|7750|20180928|1300|
C|005186|2018|50004452290006|001|4300011405|00060|KS067004|4|EA|2000|KRW|8000|20180928|1300|
C|005186|2018|50004452290007|001|4300011405|00070|KS067207|5|EA|5780|KRW|28900|20180928|1300|
C|005186|2018|50004452290008|001|4300011405|00080|KS067208|3|EA|7940|KRW|23820|20180928|1300|
C|005186|2018|50004452290009|001|4300011405|00090|KS080705|5|EA|18500|KRW|92500|20180928|1300|
C|005186|2018|50004452290010|001|4300011405|00100|KS080711|2|EA|32300|KRW|64600|20180928|1300|
C|005186|2018|50004452290011|001|4300011405|00110|KT020702|27|EA|470|KRW|12690|20180928|1300|
C|005186|2018|50004452290012|001|4300011405|00120|KT020704|10|EA|610|KRW|6100|20180928|1300|
C|005186|2018|50004452290013|001|4300011405|00130|KT080300|20.000|KG|55400|KRW|55400|20180928|1300|
C|005186|2018|50004452290014|001|4300011405|00140|KT080311|1|EA|72980|KRW|72980|20180928|1300|
C|005186|2018|50004452290015|001|4300011408|00140|KT020600|3|EA|14910|KRW|44730|20180928|1300|
C|005186|2018|50004452300001|001|4300011398|00010|UAGC0230|5|EA|111720|KRW|558600|20180928|1300|
C|005186|2018|50004452300002|001|4300011398|00040|UDBC1048|100|EA|3700|KRW|37000|20180928|1300|
C|005186|2018|50004452300003|001|4300011403|00010|UAGC0136|10|EA|34900|KRW|69800|20180928|1300|
C|005186|2018|50004452300004|001|4300011403|00140|UDBC0402|100|EA|5300|KRW|5300|20180928|1300|
C|005186|2018|50004452300005|001|4300011403|00160|UAGC0169|5|EA|49430|KRW|247150|20180928|1300|
C|005186|2018|50004452310001|001|4300011423|00010|UHGC0254|2|EA|800000|KRW|1600000|20180928|1300|
C|005186|2018|50004452310002|001|4300011425|00010|UHFC0208|10|EA|10500|KRW|105000|20180928|1300|
C|005186|2018|50004452310003|001|4300011425|00020|UHFC0201|10|EA|99700|KRW|99700|20180928|1300|
C|005186|2018|50004452310004|001|4300011425|00030|UHGC0197|10|EA|180000|KRW|360000|20180928|1300|
C|005186|2018|50004452310005|001|4300011425|00040|UHHC0036|1|EA|517860|KRW|517860|20180928|1300|
C|005186|2018|50004452310006|001|4300011425|00050|UHNC0047|2|EA|401740|KRW|803480|20180928|1300|
C|005186|2018|50004452310007|001|4300011425|00060|UHDC0106|50|EA|63000|KRW|63000|20180928|1300|
C|005186|2018|50004452310008|001|4300011426|00010|UHNC0084|2|EA|295740|KRW|591480|20180928|1300|
C|005186|2018|50004452310009|001|4300011426|00020|UHTC0520|3|EA|140000|KRW|420000|20180928|1300|
C|005186|2018|50004452310010|001|4300011426|00030|UHTC0421|3|EA|131250|KRW|393750|20180928|1300|
C|005186|2018|50004452320001|001|4300011307|00020|UHTC0635|10|EA|515000|KRW|515000|20180928|1300|
C|005186|2018|50004452320002|001|4300011403|00090|UDBC0323|300|EA|4000|KRW|12000|20180928|1300|
C|005186|2018|50004452320003|001|4300011403|00100|UDBC0299|300|EA|5300|KRW|15900|20180928|1300|
C|005186|2018|50004452320004|001|4300011403|00110|UDBC0303|300|EA|8400|KRW|25200|20180928|1300|
C|005186|2018|50004452330001|001|4300011401|00020|UGBC1409|10|EA|43000|KRW|43000|20180928|1300|
C|005186|2018|50004452330002|001|4300011401|00030|UCIC0210|1|EA|1219000|KRW|1219000|20180928|1300|
C|005186|2018|50004452330003|001|4300011403|00120|UJCC0053|10|EA|420000|KRW|420000|20180928|1300|
C|005186|2018|50004452330004|001|4300011403|00130|UCEC0012|5|EA|50400|KRW|252000|20180928|1300|
C|005186|2018|50004452340001|001|4300010851|00010|UGCC1211|1|EA|1341000|KRW|1341000|20180928|1300|
C|005186|2018|50004452340002|001|4300011456|00020|UADC0078|1|EA|7670|KRW|7670|20180928|1300|
C|005186|2018|50004452340003|001|4300011457|00020|UAEC0414|100|EA|291500|KRW|583000|20180928|1300|
C|005186|2018|50004452340004|001|4300011457|00030|UAEC0069|2|EA|16310|KRW|32620|20180928|1300|
C|005186|2018|50004452340005|001|4300011457|00040|UAEC0026|2|EA|10940|KRW|21880|20180928|1300|
C|005186|2018|50004452340006|001|4300011457|00050|UAEC0025|2|EA|8900|KRW|17800|20180928|1300|
C|005186|2018|50004452340007|001|4300011457|00060|UAEC0346|2|EA|8630|KRW|17260|20180928|1300|
C|005186|2018|50004452340008|001|4300011457|00070|UAEC0349|2|EA|6963|KRW|13926|20180928|1300|
C|005186|2018|50004452340009|001|4300011457|00080|UAEC0014|4|EA|9000|KRW|36000|20180928|1300|
C|005186|2018|50004452340010|001|4300011458|00010|UAEC0357|100|EA|289500|KRW|579000|20180928|1300|
C|005186|2018|50004452340011|001|4300011458|00020|UAEC0372|50|EA|656250|KRW|656250|20180928|1300|
C|005186|2018|50004452340012|001|4300011458|00030|UAGC0033|2|EA|244200|KRW|244200|20180928|1300|
C|005186|2018|50004452340013|001|4300011458|00040|UAEC0056|4|EA|18000|KRW|36000|20180928|1300|
C|005186|2018|50004452340014|001|4300011458|00050|UAEC0285|4|EA|14800|KRW|29600|20180928|1300|
C|005186|2018|50004452340015|001|4300011458|00060|UADC0081|4|EA|6720|KRW|26880|20180928|1300|
C|005186|2018|50004452340016|001|4300011458|00070|UADC0106|6|EA|4620|KRW|13860|20180928|1300|
C|005186|2018|50004452340017|001|4300011458|00080|UAEC0459|100|EA|199500|KRW|399000|20180928|1300|
C|005186|2018|50004452350001|001|4300011402|00010|UGBC0161|40|EA|8400|KRW|16800|20180928|1300|
C|005186|2018|50004452350002|001|4300011402|00020|UGBC0160|40|EA|6400|KRW|12800|20180928|1300|
C|005186|2018|50004452350003|001|4300011452|00010|UHGC0269|3|EA|416850|KRW|1250550|20180928|1300|
C|005186|2018|50004452350004|001|4300011452|00020|UHTC0835|1|EA|440000|KRW|440000|20180928|1300|
C|005186|2018|50004452350005|001|4300011452|00030|UHTC0227|1|EA|234260|KRW|234260|20180928|1300|
C|005186|2018|50004452350006|001|4300011453|00010|UHFC0443|1|EA|1390000|KRW|1390000|20180928|1300|
C|005186|2018|50004452350007|001|4300011453|00020|UHDC0254|1|EA|114480|KRW|114480|20180928|1300|
C|005186|2018|50004452350008|001|4300011454|00010|UHNC0025|1|EA|315000|KRW|315000|20180928|1300|
C|005186|2018|50004452350009|001|4300011454|00020|UHHC0095|1|EA|397950|KRW|397950|20180928|1300|
C|005186|2018|50004452350010|001|4300011459|00010|UCIC0204|2|EA|424000|KRW|848000|20180928|1300|
C|005186|2018|50004452360001|001|4300011375|00020|UCEC0010|1|EA|474950|KRW|474950|20180928|1300|
C|005186|2018|50004452360002|001|4300011403|00020|UDDC0131|10|EA|24360|KRW|243600|20180928|1300|
C|005186|2018|50004452360003|001|4300011457|00010|UGCC0894|400|EA|300000|KRW|1200000|20180928|1300|
