C|005186|2015|50001368300001|001|4300002238|00010|UZZC0139|1|EA|484000|KRW|484000|20150313|1300|
C|005186|2015|50001368300002|001|4300002248|00010|UZZC0139|2|EA|484000|KRW|968000|20150313|1300|
C|005186|2015|50001368310001|001|4300002252|00070|UAEC0372|100|EA|13125|KRW|1312500|20150313|1300|
C|005186|2015|50001368320001|001|4300002307|00080|UAHC0011|1|EA|72980|KRW|72980|20150313|1300|
C|005186|2015|50001368320002|001|4300002309|00030|UDDC0348|5|EA|17160|KRW|85800|20150313|1300|
C|005186|2015|50001368320003|001|4300002309|00040|UDDC0349|5|EA|34530|KRW|172650|20150313|1300|
C|005186|2015|50001368330001|001|4300002306|00200|UJAC0099|2|EA|7060|KRW|14120|20150313|1300|
C|005186|2015|50001368330002|001|4300002306|00210|UJAC0100|2|EA|7560|KRW|15120|20150313|1300|
C|005186|2015|50001368330003|001|4300002307|00090|UJAC0084|2|EA|27900|KRW|55800|20150313|1300|
C|005186|2015|50001368330004|001|4300002307|00100|UJAC0046|4|EA|24150|KRW|96600|20150313|1300|
C|005186|2015|50001368330005|001|4300002307|00110|UJAC0055|2|EA|21850|KRW|43700|20150313|1300|
C|005186|2015|50001368340001|001|4300002306|00010|UDBC0651|100|EA|50|KRW|5000|20150313|1300|
C|005186|2015|50001368340002|001|4300002306|00020|UDBC0655|100|EA|55|KRW|5500|20150313|1300|
C|005186|2015|50001368340003|001|4300002306|00030|UDBC0656|100|EA|60|KRW|6000|20150313|1300|
C|005186|2015|50001368340004|001|4300002306|00100|UDBC0135|50|EA|305|KRW|15250|20150313|1300|
C|005186|2015|50001368340005|001|4300002306|00160|UGCC0228|20|EA|3150|KRW|63000|20150313|1300|
C|005186|2015|50001368340006|001|4300002306|00170|UGCC0868|20|EA|4100|KRW|82000|20150313|1300|
C|005186|2015|50001368340007|001|4300002307|00140|UEBC0539|1|EA|32840|KRW|32840|20150313|1300|
C|005186|2015|50001368340008|001|4300002308|00070|UEBC1078|2|EA|22100|KRW|44200|20150313|1300|
C|005186|2015|50001368340009|001|4300002308|00090|UEBC0493|3|EA|4470|KRW|13410|20150313|1300|
C|005186|2015|50001368350001|001|4300002306|00070|UGCC0401|1|EA|341250|KRW|341250|20150313|1300|
C|005186|2015|50001368350002|001|4300002306|00140|UGCC0907|1|EA|120500|KRW|120500|20150313|1300|
C|005186|2015|50001368350003|001|4300002306|00150|UGCC0397|2|EA|58950|KRW|117900|20150313|1300|
C|005186|2015|50001368350004|001|4300002306|00220|UGCC0389|4|EA|51730|KRW|206920|20150313|1300|
C|005186|2015|50001368350005|001|4300002307|00040|UGCC0677|5|EA|36750|KRW|183750|20150313|1300|
C|005186|2015|50001368350006|001|4300002307|00070|UGCC0351|5|EA|95550|KRW|477750|20150313|1300|
C|005186|2015|50001368350007|001|4300002308|00020|UGCC0192|10|EA|95600|KRW|956000|20150313|1300|
C|005186|2015|50001368350008|001|4300002308|00030|UGCC0781|10|EA|49400|KRW|494000|20150313|1300|
C|005186|2015|50001368350009|001|4300002308|00040|UDAC0135|10|EA|5780|KRW|57800|20150313|1300|
C|005186|2015|50001368350010|001|4300002308|00050|UDAC0143|10|EA|11350|KRW|113500|20150313|1300|
C|005186|2015|50001368350011|001|4300002309|00010|UGCC0196|10|EA|137000|KRW|1370000|20150313|1300|
C|005186|2015|50001368360001|001|4300002306|00090|UGBC0835|20|EA|4940|KRW|98800|20150313|1300|
C|005186|2015|50001368360002|001|4300002306|00120|UIDC0112|1|EA|21210|KRW|21210|20150313|1300|
C|005186|2015|50001368360003|001|4300002306|00130|UDDC0110|20|EA|3990|KRW|79800|20150313|1300|
C|005186|2015|50001368360004|001|4300002306|00180|UDDC0141|5|EA|24680|KRW|123400|20150313|1300|
C|005186|2015|50001368360005|001|4300002307|00120|UDDC0131|10|EA|24360|KRW|243600|20150313|1300|
C|005186|2015|50001368370001|001|4300002295|00080|UAEC0060|1|EA|11160|KRW|11160|20150313|1300|
C|005186|2015|50001368370002|001|4300002295|00110|UAGC0379|3|EA|35700|KRW|107100|20150313|1300|
C|005186|2015|50001368370003|001|4300002306|00040|UDAC0072|4|EA|850|KRW|3400|20150313|1300|
C|005186|2015|50001368370004|001|4300002306|00050|UEBC0206|2|EA|12840|KRW|25680|20150313|1300|
C|005186|2015|50001368370005|001|4300002306|00060|UEBC1028|2|EA|15370|KRW|30740|20150313|1300|
C|005186|2015|50001368370006|001|4300002306|00080|UDFC0055|20|EA|13890|KRW|277800|20150313|1300|
C|005186|2015|50001368370007|001|4300002306|00110|UDFC0013|1|EA|101000|KRW|101000|20150313|1300|
C|005186|2015|50001368370008|001|4300002306|00190|UEBC0275|20|EA|7180|KRW|143600|20150313|1300|
C|005186|2015|50001368370009|001|4300002307|00050|UEBC0002|4|EA|33600|KRW|134400|20150313|1300|
C|005186|2015|50001368370010|001|4300002307|00060|UEBC0040|1|EA|59540|KRW|59540|20150313|1300|
C|005186|2015|50001368370011|001|4300002308|00010|UEBC0714|12|EA|17850|KRW|214200|20150313|1300|
C|005186|2015|50001368370012|001|4300002308|00060|UDDC0093|1|EA|3150|KRW|3150|20150313|1300|
C|005186|2015|50001368370013|001|4300002308|00080|UEBC0261|2|EA|16070|KRW|32140|20150313|1300|
C|005186|2015|50001368370014|001|4300002308|00100|UKDC0005|5|EA|9450|KRW|47250|20150313|1300|
C|005186|2015|50001368370015|001|4300002309|00020|UDAC0264|5|EA|50500|KRW|252500|20150313|1300|
C|005186|2015|50001368370016|001|4300002309|00050|UEBC1197|5|EA|21200|KRW|106000|20150313|1300|
C|005186|2015|50001368380001|001|4300002291|00010|CMZ0009|60|EA|740|KRW|44400|20150313|1300|
C|005186|2015|50001368380002|001|4300002294|00010|UZZC0128|2|EA|201000|KRW|402000|20150313|1300|
C|005186|2015|50001368380003|001|4300002294|00020|UGCC0613|10|EA|9450|KRW|94500|20150313|1300|
C|005186|2015|50001368380004|001|4300002294|00030|UAAC0015|7|EA|8790|KRW|61530|20150313|1300|
C|005186|2015|50001368380005|001|4300002294|00050|UABC0044|20|EA|11040|KRW|220800|20150313|1300|
C|005186|2015|50001368380006|001|4300002295|00010|UAGC0039|50|EA|8450|KRW|422500|20150313|1300|
C|005186|2015|50001368380007|001|4300002295|00060|UALC0008|100|EA|1575|KRW|157500|20150313|1300|
C|005186|2015|50001368380008|001|4300002295|00070|UAIC0012|2|EA|36610|KRW|73220|20150313|1300|
C|005186|2015|50001368380009|001|4300002295|00140|UAGC0252|2|EA|67060|KRW|134120|20150313|1300|
C|005186|2015|50001368380010|001|4300002295|00150|UAKC0002|5|EA|3540|KRW|17700|20150313|1300|
C|005186|2015|50001368390001|001|4300002293|00010|UEBC0241|10|EA|4410|KRW|44100|20150313|1300|
C|005186|2015|50001368390002|001|4300002293|00020|UEBC0128|5|EA|11100|KRW|55500|20150313|1300|
C|005186|2015|50001368390003|001|4300002293|00030|UEBC0139|10|EA|11210|KRW|112100|20150313|1300|
C|005186|2015|50001368390004|001|4300002293|00040|UHGC0197|5|EA|36000|KRW|180000|20150313|1300|
C|005186|2015|50001368390005|001|4300002293|00050|UHTC0439|30|EA|49350|KRW|1480500|20150313|1300|
C|005186|2015|50001368390006|001|4300002296|00010|UHHC0033|2|EA|93975|KRW|187950|20150313|1300|
C|005186|2015|50001368390007|001|4300002296|00020|UHHC0034|1|EA|93975|KRW|93975|20150313|1300|
C|005186|2015|50001368390008|001|4300002296|00030|UHHC0185|1|EA|521100|KRW|521100|20150313|1300|
C|005186|2015|50001368390009|001|4300002296|00040|UHHC0037|1|EA|172620|KRW|172620|20150313|1300|
C|005186|2015|50001368400001|001|4300002318|00010|UHHC0060|2|EA|412650|KRW|825300|20150313|1300|
C|005186|2015|50001368400002|001|4300002318|00020|UHHC0157|1|EA|333900|KRW|333900|20150313|1300|
C|005186|2015|50001368400003|001|4300002318|00030|UHHC0081|1|EA|674100|KRW|674100|20150313|1300|
C|005186|2015|50001368400004|001|4300002319|00010|UHNC0064|1|EA|508500|KRW|508500|20150313|1300|
C|005186|2015|50001368400005|001|4300002319|00020|UHGC0203|1|EA|103950|KRW|103950|20150313|1300|
C|005186|2015|50001368400006|001|4300002319|00030|UHNC0125|1|EA|313700|KRW|313700|20150313|1300|
C|005186|2015|50001368400007|001|4300002319|00040|UHGC0107|1|EA|342100|KRW|342100|20150313|1300|
C|005186|2015|50001368400008|001|4300002319|00050|UHGC0053|10|EA|22940|KRW|229400|20150313|1300|
C|005186|2015|50001368400009|001|4300002319|00070|UHFC0331|3|EA|83000|KRW|249000|20150313|1300|
C|005186|2015|50001368410001|001|4300002223|00110|UAGC0068|50|EA|860|KRW|43000|20150313|1300|
C|005186|2015|50001368410002|001|4300002242|00040|UHTC0739|1|EA|400000|KRW|400000|20150313|1300|
C|005186|2015|50001368410003|001|4300002294|00060|UGCC0026|1|EA|65100|KRW|65100|20150313|1300|
C|005186|2015|50001368410004|001|4300002295|00020|UDBC0110|10|EA|1210|KRW|12100|20150313|1300|
C|005186|2015|50001368410005|001|4300002295|00030|UDBC0898|3|EA|7000|KRW|21000|20150313|1300|
C|005186|2015|50001368410006|001|4300002295|00040|UDBC0348|40|EA|180|KRW|7200|20150313|1300|
C|005186|2015|50001368410007|001|4300002295|00050|UALC0062|10|EA|4536|KRW|45360|20150313|1300|
C|005186|2015|50001368410008|001|4300002295|00090|UALC0075|4000|EA|45|KRW|180000|20150313|1300|
C|005186|2015|50001368410009|001|4300002295|00100|UCKC0035|10|EA|44520|KRW|445200|20150313|1300|
C|005186|2015|50001368410010|001|4300002295|00120|UDBC0760|1000|EA|95|KRW|95000|20150313|1300|
C|005186|2015|50001368410011|001|4300002295|00130|UDBC0372|2000|EA|30|KRW|60000|20150313|1300|
