C|005186|2017|50003252860001|001|4300007010|00020|CMA0001|200|EA|151|KRW|30200|20170227|1300|
C|005186|2017|50003252860002|001|4300007010|00030|CMA0007|200|EA|151|KRW|30200|20170227|1300|
C|005186|2017|50003252870001|001|4300007011|00010|CMA0001|10|EA|151|KRW|1510|20170227|1300|
C|005186|2017|50003252870002|001|4300007011|00020|CMA0007|70|EA|151|KRW|10570|20170227|1300|
C|005186|2017|50003252880001|001|4300007012|00010|CMA0001|100|EA|151|KRW|15100|20170227|1300|
C|005186|2017|50003252880002|001|4300007012|00020|CMA0007|40|EA|151|KRW|6040|20170227|1300|
C|005186|2017|50003252880003|001|4300007012|00030|CMA0008|40|EA|470|KRW|18800|20170227|1300|
C|005186|2017|50003252880004|001|4300007012|00040|CMA0017|5|EA|770|KRW|3850|20170227|1300|
C|005186|2017|50003252900001|001|4300007013|00010|CMA0001|600|EA|151|KRW|90600|20170227|1300|
C|005186|2017|50003252900002|001|4300007013|00020|CMA0007|50|EA|151|KRW|7550|20170227|1300|
C|005186|2017|50003252900003|001|4300007013|00030|CMA0017|10|EA|770|KRW|7700|20170227|1300|
C|005186|2017|50003252910001|001|4300006999|00120|CME0002|150|EA|1100|KRW|165000|20170227|1300|
C|005186|2017|50003252930001|001|4300007004|00050|CME0002|200|EA|1100|KRW|220000|20170227|1300|
C|005186|2017|50003252940001|001|4300007013|00050|CME0013|2|EA|11880|KRW|23760|20170227|1300|
C|005186|2017|50003252950001|001|4300007002|00070|CMC0002|15|EA|10300|KRW|154500|20170227|1300|
