C|005186|2020|50005909380001|001|4300017920|00050|UAEC0030|7|EA|15750|KRW|110250|20200925|1300|
C|005186|2020|50005909380002|001|4300017920|00060|UAEC0204|8|EA|9430|KRW|75440|20200925|1300|
C|005186|2020|50005909380003|001|4300017920|00070|UAEC0203|8|EA|9430|KRW|75440|20200925|1300|
C|005186|2020|50005909380004|001|4300017920|00080|UAEC0076|7|EA|24210|KRW|169470|20200925|1300|
C|005186|2020|50005909380005|001|4300017921|00010|UAEC0111|7|EA|22050|KRW|154350|20200925|1300|
C|005186|2020|50005909380006|001|4300017921|00020|UAEC0055|7|EA|15380|KRW|107660|20200925|1300|
C|005186|2020|50005909380007|001|4300017921|00030|UABC0027|7|EA|7670|KRW|53690|20200925|1300|
C|005186|2020|50005909400001|001|4300018051|00010|UKGC0008|1|EA|2940|KRW|2940|20200925|1300|
C|005186|2020|50005909410001|001|4300018004|00010|UBCC0044|3|EA|56900|KRW|170700|20200925|1300|
C|005186|2020|50005909410002|001|4300018053|00010|UGBC1668|1|EA|820000|KRW|820000|20200925|1300|
C|005186|2020|50005909410003|001|4300018053|00020|UGBC1623|2|EA|365700|KRW|731400|20200925|1300|
C|005186|2020|50005909410004|001|4300018054|00010|UGBC1463|2|EA|890000|KRW|1780000|20200925|1300|
C|005186|2020|50005909420001|001|4300018037|00030|UCIC0207|1|EA|1028200|KRW|1028200|20200925|1300|
C|005186|2020|50005909420002|001|4300018037|00040|UGBC0545|5|EA|252000|KRW|252000|20200925|1300|
C|005186|2020|50005909420003|001|4300018037|00050|UGBC0526|10|EA|37800|KRW|378000|20200925|1300|
C|005186|2020|50005909420004|001|4300018038|00010|UGBC0523|10|EA|210000|KRW|210000|20200925|1300|
C|005186|2020|50005909420005|001|4300018038|00020|UGBC0818|10|EA|157500|KRW|157500|20200925|1300|
C|005186|2020|50005909420006|001|4300018038|00030|UGBC0231|40|EA|16600|KRW|33200|20200925|1300|
C|005186|2020|50005909420007|001|4300018038|00040|UGBC0232|40|EA|19000|KRW|38000|20200925|1300|
C|005186|2020|50005909420008|001|4300018038|00050|UGBC1274|30|EA|11600|KRW|34800|20200925|1300|
C|005186|2020|50005909420009|001|4300018038|00060|UGBC1614|30|EA|11300|KRW|33900|20200925|1300|
C|005186|2020|50005909420010|001|4300018038|00070|UGBC1616|30|EA|2240|KRW|67200|20200925|1300|
C|005186|2020|50005909420011|001|4300018039|00040|UGBC0276|2|EA|136500|KRW|273000|20200925|1300|
C|005186|2020|50005909420012|001|4300018040|00010|UCIC0048|2|EA|526400|KRW|1052800|20200925|1300|
C|005186|2020|50005909420013|001|4300018040|00030|UGBC0505|2|EA|210000|KRW|420000|20200925|1300|
C|005186|2020|50005909420014|001|4300018040|00040|UGBC0203|10|EA|7250|KRW|72500|20200925|1300|
C|005186|2020|50005909420015|001|4300018040|00050|UGBC1020|2|EA|29400|KRW|58800|20200925|1300|
C|005186|2020|50005909420016|001|4300018040|00060|UGBC0699|6|EA|11800|KRW|35400|20200925|1300|
