C|005186|2015|50001685120001|001|4300003103|00010|UAEC0029|10|EA|7500|KRW|75000|20150715|1300|
C|005186|2015|50001685120002|001|4300003103|00100|UDFC0101|3|EA|16170|KRW|48510|20150715|1300|
C|005186|2015|50001685120003|001|4300003103|00110|UJCC0043|5000|EA|70|KRW|350000|20150715|1300|
C|005186|2015|50001685120004|001|4300003104|00020|UJCC0060|500|EA|590|KRW|295000|20150715|1300|
C|005186|2015|50001685120005|001|4300003104|00040|UAHC0025|100|EA|7660|KRW|766000|20150715|1300|
C|005186|2015|50001685120006|001|4300003107|00010|UGBC0617|30|EA|320|KRW|9600|20150715|1300|
C|005186|2015|50001685120007|001|4300003107|00020|UGBC0621|20|EA|640|KRW|12800|20150715|1300|
C|005186|2015|50001685120008|001|4300003107|00030|UGBC0124|30|EA|315|KRW|9450|20150715|1300|
C|005186|2015|50001685120009|001|4300003107|00040|UGBC0125|20|EA|370|KRW|7400|20150715|1300|
C|005186|2015|50001685120010|001|4300003107|00050|UGBC1021|30|EA|380|KRW|11400|20150715|1300|
C|005186|2015|50001685120011|001|4300003107|00060|UGBC1023|30|EA|780|KRW|23400|20150715|1300|
C|005186|2015|50001685120012|001|4300003107|00070|UGBC0208|10|EA|4410|KRW|44100|20150715|1300|
C|005186|2015|50001685120013|001|4300003108|00010|UIDC0108|1|EA|59330|KRW|59330|20150715|1300|
C|005186|2015|50001685120014|001|4300003108|00020|UIDC0110|1|EA|65100|KRW|65100|20150715|1300|
C|005186|2015|50001685120015|001|4300003108|00030|UCHC0013|1|EA|21000|KRW|21000|20150715|1300|
C|005186|2015|50001685120016|001|4300003108|00060|UAEC0048|1|EA|12600|KRW|12600|20150715|1300|
C|005186|2015|50001685120017|001|4300003108|00070|UGBC1439|1|EA|83300|KRW|83300|20150715|1300|
C|005186|2015|50001685120018|001|4300003108|00080|UGBC0555|5|EA|42000|KRW|210000|20150715|1300|
C|005186|2015|50001685120019|001|4300003108|00090|UGBC0557|5|EA|65100|KRW|325500|20150715|1300|
C|005186|2015|50001685120020|001|4300003110|00090|UEBC1179|8|EA|12700|KRW|101600|20150715|1300|
C|005186|2015|50001685120021|001|4300003110|00150|UGCC0938|1|EA|114000|KRW|114000|20150715|1300|
