C|005186|2018|50004555210001|001|4300011743|00010|CMF0007|1|EA|1620|KRW|1620|20181115|1300|
C|005186|2018|50004555210002|001|4300011743|00030|CMF0002|2|EA|860|KRW|1720|20181115|1300|
C|005186|2018|50004555210003|001|4300011743|00140|CME0002|50|EA|1100|KRW|55000|20181115|1300|
C|005186|2018|50004555210004|001|4300011743|00170|CMA0007|200|EA|151|KRW|30200|20181115|1300|
C|005186|2018|50004555210005|001|4300011743|00200|CMA0001|600|EA|151|KRW|90600|20181115|1300|
C|005186|2018|50004555220001|001|4300011742|00030|CMA0007|100|EA|151|KRW|15100|20181115|1300|
C|005186|2018|50004555220002|001|4300011742|00060|CMA0001|300|EA|151|KRW|45300|20181115|1300|
C|005186|2018|50004555230001|001|4300011735|00070|CMA0001|120|EA|151|KRW|18120|20181115|1300|
C|005186|2018|50004555230002|001|4300011735|00080|CMA0007|120|EA|151|KRW|18120|20181115|1300|
C|005186|2018|50004555240001|001|4300011737|00010|CMA0001|120|EA|151|KRW|18120|20181115|1300|
C|005186|2018|50004555240002|001|4300011737|00020|CMA0007|60|EA|151|KRW|9060|20181115|1300|
C|005186|2018|50004555240003|001|4300011737|00030|CMA0008|60|EA|470|KRW|28200|20181115|1300|
C|005186|2018|50004555240004|001|4300011737|00100|CMF0015|10|EA|450|KRW|4500|20181115|1300|
C|005186|2018|50004555240005|001|4300011737|00130|CMF0005|3|EA|18700|KRW|56100|20181115|1300|
C|005186|2018|50004555250001|001|4300011869|00020|CMF0005|2|EA|18700|KRW|37400|20181115|1300|
C|005186|2018|50004555250002|001|4300011869|00100|CMB0001|60|EA|520|KRW|31200|20181115|1300|
C|005186|2018|50004555250003|001|4300011869|00110|CMA0007|100|EA|151|KRW|15100|20181115|1300|
C|005186|2018|50004555250004|001|4300011869|00120|CMA0001|150|EA|151|KRW|22650|20181115|1300|
C|005186|2018|50004555260001|001|4300011874|00030|CMA0007|500|EA|151|KRW|75500|20181115|1300|
C|005186|2018|50004555280001|001|4300011741|00020|CMA0007|30|EA|151|KRW|4530|20181115|1300|
C|005186|2018|50004555280002|001|4300011741|00030|CMA0008|10|EA|470|KRW|4700|20181115|1300|
C|005186|2018|50004555280003|001|4300011741|00040|CMA0002|2|EA|1440|KRW|2880|20181115|1300|
C|005186|2018|50004555280004|001|4300011741|00050|CMF0005|2|EA|18700|KRW|37400|20181115|1300|
C|005186|2018|50004555280005|001|4300011741|00060|CMZ0032|5|EA|1300|KRW|6500|20181115|1300|
C|005186|2018|50004555300001|001|4300011866|00040|CMF0005|8|EA|18700|KRW|149600|20181115|1300|
C|005186|2018|50004555300002|001|4300011866|00060|CMC0005|30|EA|150|KRW|4500|20181115|1300|
C|005186|2018|50004555300003|001|4300011866|00080|CMZ0005|30|EA|810|KRW|24300|20181115|1300|
C|005186|2018|50004555300004|001|4300011866|00110|CMA0001|350|EA|151|KRW|52850|20181115|1300|
C|005186|2018|50004555300005|001|4300011866|00120|CMA0007|350|EA|151|KRW|52850|20181115|1300|
C|005186|2018|50004555320001|001|4300011867|00010|CMC0005|30|EA|150|KRW|4500|20181115|1300|
C|005186|2018|50004555320002|001|4300011867|00060|CMA0008|100|EA|470|KRW|47000|20181115|1300|
C|005186|2018|50004555320003|001|4300011867|00070|CMB0001|120|EA|520|KRW|62400|20181115|1300|
C|005186|2018|50004555320004|001|4300011867|00090|CMA0001|300|EA|151|KRW|45300|20181115|1300|
C|005186|2018|50004555320005|001|4300011867|00100|CMA0007|300|EA|151|KRW|45300|20181115|1300|
C|005186|2018|50004555340001|001|4300011739|00010|CMA0001|500|EA|151|KRW|75500|20181115|1300|
C|005186|2018|50004555340002|001|4300011739|00020|CMA0007|50|EA|151|KRW|7550|20181115|1300|
