C|005186|2017|50003158150001|001|4300006600|00010|UZZC0069|1|EA|166950|KRW|166950|20170113|1300|
C|005186|2017|50003158150002|001|4300006615|00010|UEBC0998|1|EA|516000|KRW|516000|20170113|1300|
C|005186|2017|50003158150003|001|4300006616|00020|UHHC0038|1|EA|340200|KRW|340200|20170113|1300|
C|005186|2017|50003158150004|001|4300006616|00030|UHFC0432|5|EA|28620|KRW|143100|20170113|1300|
C|005186|2017|50003158150005|001|4300006616|00040|UHEC0019|10|EA|4740|KRW|47400|20170113|1300|
C|005186|2017|50003158150006|001|4300006616|00050|UHTC0474|10|EA|12600|KRW|126000|20170113|1300|
C|005186|2017|50003158150007|001|4300006616|00060|UHTC0465|30|EA|13890|KRW|416700|20170113|1300|
C|005186|2017|50003158150008|001|4300006617|00010|UHFC0357|20|EA|16000|KRW|320000|20170113|1300|
C|005186|2017|50003158150009|001|4300006617|00020|UHHC0205|3|EA|371000|KRW|1113000|20170113|1300|
C|005186|2017|50003158150010|001|4300006617|00030|UHTC0110|3|EA|18900|KRW|56700|20170113|1300|
C|005186|2017|50003158150011|001|4300006617|00040|UHFC0018|5|EA|87680|KRW|438400|20170113|1300|
C|005186|2017|50003158150012|001|4300006618|00010|UHNC0056|1|EA|1740000|KRW|1740000|20170113|1300|
C|005186|2017|50003158150013|001|4300006619|00010|UHTC0802|27|EA|49820|KRW|1345140|20170113|1300|
C|005186|2017|50003158150014|001|4300006620|00010|UHTC0772|75|EA|23320|KRW|1749000|20170113|1300|
