C|005186|2018|50004488830001|001|4300011511|00010|CMA0001|60|EA|151|KRW|9060|20181015|1300|
C|005186|2018|50004488830002|001|4300011511|00020|CMA0007|200|EA|151|KRW|30200|20181015|1300|
C|005186|2018|50004488840001|001|4300011512|00010|CMA0001|120|EA|151|KRW|18120|20181015|1300|
C|005186|2018|50004488840002|001|4300011512|00020|CMA0007|60|EA|151|KRW|9060|20181015|1300|
C|005186|2018|50004488840003|001|4300011512|00030|CMA0008|60|EA|470|KRW|28200|20181015|1300|
C|005186|2018|50004488840004|001|4300011512|00040|CMA0017|10|EA|770|KRW|7700|20181015|1300|
C|005186|2018|50004488840005|001|4300011512|00060|CMC0007|5|EA|13000|KRW|65000|20181015|1300|
C|005186|2018|50004488850001|001|4300011504|00020|CMA0001|100|EA|151|KRW|15100|20181015|1300|
C|005186|2018|50004488850002|001|4300011504|00030|CMA0007|400|EA|151|KRW|60400|20181015|1300|
C|005186|2018|50004488850003|001|4300011504|00050|CMA0008|100|EA|470|KRW|47000|20181015|1300|
C|005186|2018|50004488860001|001|4300011508|00050|CMA0007|100|EA|151|KRW|15100|20181015|1300|
C|005186|2018|50004488860002|001|4300011508|00060|CMA0001|150|EA|151|KRW|22650|20181015|1300|
C|005186|2018|50004488870001|001|4300011513|00020|CMA0007|200|EA|151|KRW|30200|20181015|1300|
C|005186|2018|50004488880001|001|4300011510|00010|CMA0001|600|EA|151|KRW|90600|20181015|1300|
C|005186|2018|50004488880002|001|4300011510|00020|CMA0007|50|EA|151|KRW|7550|20181015|1300|
C|005186|2018|50004488880003|001|4300011510|00030|CMA0017|10|EA|770|KRW|7700|20181015|1300|
C|005186|2018|50004488880004|001|4300011510|00060|CME0013|2|EA|11880|KRW|23760|20181015|1300|
C|005186|2018|50004488890001|001|4300011505|00010|CMA0007|150|EA|151|KRW|22650|20181015|1300|
C|005186|2018|50004488890002|001|4300011505|00030|CMD0016|3|EA|29000|KRW|87000|20181015|1300|
C|005186|2018|50004489000001|001|4300011515|00010|CMF0004|2|EA|17000|KRW|34000|20181015|1300|
C|005186|2018|50004489000002|001|4300011515|00080|CMA0017|10|EA|770|KRW|7700|20181015|1300|
C|005186|2018|50004489000003|001|4300011515|00090|CMC0002|10|EA|10300|KRW|103000|20181015|1300|
C|005186|2018|50004489000004|001|4300011515|00200|CMA0008|400|EA|470|KRW|188000|20181015|1300|
C|005186|2018|50004489000005|001|4300011515|00220|CMA0007|500|EA|151|KRW|75500|20181015|1300|
C|005186|2018|50004489000006|001|4300011515|00230|CMA0001|800|EA|151|KRW|120800|20181015|1300|
C|005186|2018|50004489000007|001|4300011515|00240|CMD0016|2|EA|29000|KRW|58000|20181015|1300|
C|005186|2018|50004489010001|001|4300011507|00080|CMA0017|50|EA|770|KRW|38500|20181015|1300|
C|005186|2018|50004489010002|001|4300011507|00120|CMA0007|200|EA|151|KRW|30200|20181015|1300|
C|005186|2018|50004489010003|001|4300011507|00140|CMA0001|600|EA|151|KRW|90600|20181015|1300|
