C|005186|2020|50005478910001|001|4300016050|00060|UHTC0486|5|EA|46410|KRW|232050|20200213|1300|
C|005186|2020|50005478910002|001|4300016059|00060|UHTC0771|2|EA|18600|KRW|37200|20200213|1300|
C|005186|2020|50005478910003|001|4300016060|00060|UDBC1138|300|EA|47500|KRW|142500|20200213|1300|
C|005186|2020|50005478910004|001|4300016060|00070|UGCC1681|1|EA|22050|KRW|22050|20200213|1300|
C|005186|2020|50005478910005|001|4300016060|00080|UGCC1682|1|EA|22050|KRW|22050|20200213|1300|
C|005186|2020|50005478910006|001|4300016062|00070|UGBC1148|20|EA|37500|KRW|75000|20200213|1300|
C|005186|2020|50005478910007|001|4300016062|00080|UGBC1149|20|EA|40800|KRW|81600|20200213|1300|
C|005186|2020|50005478910008|001|4300016062|00090|UGBC1150|20|EA|43900|KRW|87800|20200213|1300|
C|005186|2020|50005478910009|001|4300016062|00100|UGBC1151|20|EA|47600|KRW|95200|20200213|1300|
C|005186|2020|50005478910010|001|4300016062|00110|UDBC0016|100|EA|5200|KRW|5200|20200213|1300|
