C|005186|2018|50004624250001|001|4300011488|00010|UBBC0009|2|EA|617400|KRW|617400|20181214|1300|
C|005186|2018|50004624250002|001|4300011488|00020|UFGC0063|12|EA|10290|KRW|123480|20181214|1300|
C|005186|2018|50004624250003|001|4300011488|00030|UFGC0066|10|EA|18380|KRW|183800|20181214|1300|
C|005186|2018|50004624250004|001|4300011491|00020|UDDC3897|1|EA|159600|KRW|159600|20181214|1300|
C|005186|2018|50004624250005|001|4300011492|00100|UDDC3896|1|EA|54600|KRW|54600|20181214|1300|
C|005186|2018|50004624250006|001|4300011500|00040|UDDC3892|5|EA|65310|KRW|326550|20181214|1300|
C|005186|2018|50004624250007|001|4300011528|00040|UDDC3896|1|EA|54600|KRW|54600|20181214|1300|
C|005186|2018|50004624250008|001|4300012062|00090|UDCC0064|1|EA|171150|KRW|171150|20181214|1300|
C|005186|2018|50004624260001|001|4300011607|00050|UIEC0084|5|EA|11030|KRW|55150|20181214|1300|
C|005186|2018|50004624260002|001|4300011608|00030|UFKC0149|250|EA|51500|KRW|1287500|20181214|1300|
C|005186|2018|50004624260003|001|4300012035|00020|UDFC0118|5|EA|17870|KRW|89350|20181214|1300|
C|005186|2018|50004624260004|001|4300012055|00030|UIDC0081|1|EA|185000|KRW|185000|20181214|1300|
