C|005186|2016|50002312300001|001|4300004632|00050|UGCC0012|1|EA|880000|KRW|880000|20160229|1300|
C|005186|2016|50002312300002|001|4300004632|00070|UGCC0388|2|EA|46730|KRW|93460|20160229|1300|
C|005186|2016|50002312300003|001|4300004633|00030|UGCC0306|1|EA|51980|KRW|51980|20160229|1300|
C|005186|2016|50002312300004|001|4300004633|00080|UGBC0903|1|EA|129150|KRW|129150|20160229|1300|
C|005186|2016|50002312300005|001|4300004633|00110|UGCC0967|2|EA|293600|KRW|587200|20160229|1300|
C|005186|2016|50002312300006|001|4300004633|00120|UGCC0359|1|EA|53550|KRW|53550|20160229|1300|
C|005186|2016|50002312300007|001|4300004634|00020|UGCC0363|2|EA|95550|KRW|191100|20160229|1300|
C|005186|2016|50002312300008|001|4300004634|00050|UGCC1015|3|EA|100700|KRW|302100|20160229|1300|
C|005186|2016|50002312300009|001|4300004634|00060|UGCC1016|1|EA|83846|KRW|83846|20160229|1300|
C|005186|2016|50002312300010|001|4300004634|00070|UGCC1017|1|EA|100170|KRW|100170|20160229|1300|
C|005186|2016|50002312300011|001|4300004634|00080|UGCC1018|30|EA|5088|KRW|152640|20160229|1300|
C|005186|2016|50002312300012|001|4300004634|00100|UGCC1019|1|EA|242740|KRW|242740|20160229|1300|
C|005186|2016|50002312300013|001|4300004634|00110|UGCC1020|2|EA|68370|KRW|136740|20160229|1300|
C|005186|2016|50002312300014|001|4300004634|00120|UGCC1022|2|EA|55650|KRW|111300|20160229|1300|
C|005186|2016|50002312300015|001|4300004635|00010|UGCC1024|2|EA|95400|KRW|190800|20160229|1300|
C|005186|2016|50002312300016|001|4300004635|00020|UGCC1025|2|EA|138436|KRW|276872|20160229|1300|
C|005186|2016|50002312300017|001|4300004636|00030|UGCC1026|2|EA|79818|KRW|159636|20160229|1300|
C|005186|2016|50002312300018|001|4300004636|00040|UGCC1027|2|EA|84270|KRW|168540|20160229|1300|
C|005186|2016|50002312300019|001|4300004636|00050|UGCC1028|1|EA|86920|KRW|86920|20160229|1300|
C|005186|2016|50002312300020|001|4300004636|00060|UGCC1029|4|EA|58300|KRW|233200|20160229|1300|
C|005186|2016|50002312300021|001|4300004636|00080|UGCC1030|2|EA|145220|KRW|290440|20160229|1300|
C|005186|2016|50002312300022|001|4300004636|00100|UGCC1031|6|EA|15370|KRW|92220|20160229|1300|
C|005186|2016|50002312300023|001|4300004637|00060|UGCC1019|1|EA|242740|KRW|242740|20160229|1300|
C|005186|2016|50002312300024|001|4300004638|00250|UGCC0311|1|EA|59850|KRW|59850|20160229|1300|
C|005186|2016|50002312300025|001|4300004639|00030|UGBC0692|3|EA|280350|KRW|841050|20160229|1300|
