C|005186|2015|50002143970001|001|4300004088|00010|UBBC0005|2|EA|308700|KRW|617400|20151231|1300|
C|005186|2015|50002143970002|001|4300004171|00010|UCKC0037|80|EA|14050|KRW|1124000|20151231|1300|
C|005186|2015|50002143970003|001|4300004172|00040|UGBC0460|5|EA|72450|KRW|362250|20151231|1300|
C|005186|2015|50002143970004|001|4300004172|00050|UGBC1411|10|EA|26500|KRW|265000|20151231|1300|
C|005186|2015|50002143970005|001|4300004177|00090|UGCC0914|30|EA|12700|KRW|381000|20151231|1300|
C|005186|2015|50002143970006|001|4300004182|00010|UDEC0058|10|EA|190050|KRW|1900500|20151231|1300|
C|005186|2015|50002143970007|001|4300004183|00180|UGBC0755|50|EA|1019|KRW|50950|20151231|1300|
C|005186|2015|50002143970008|001|4300004183|00190|UGBC0752|30|EA|672|KRW|20160|20151231|1300|
C|005186|2015|50002143970009|001|4300004185|00010|UGBC1190|10|EA|189000|KRW|1890000|20151231|1300|
C|005186|2015|50002143980001|001|4300004009|00010|UALC0022|10|EA|20140|KRW|201400|20151231|1300|
C|005186|2015|50002143980002|001|4300004009|00020|UALC0023|10|EA|22260|KRW|222600|20151231|1300|
C|005186|2015|50002143980003|001|4300004153|00010|UGCC1005|4|EA|370000|KRW|1480000|20151231|1300|
C|005186|2015|50002143980004|001|4300004153|00020|UGCC1002|1|EA|114500|KRW|114500|20151231|1300|
C|005186|2015|50002143980005|001|4300004154|00020|UGCC1010|2|EA|68900|KRW|137800|20151231|1300|
C|005186|2015|50002143980006|001|4300004154|00030|UGCC1011|1|EA|94300|KRW|94300|20151231|1300|
C|005186|2015|50002143980007|001|4300004154|00050|UGBC1470|5|EA|34000|KRW|170000|20151231|1300|
C|005186|2015|50002143980008|001|4300004155|00030|UGCC1012|3|EA|40300|KRW|120900|20151231|1300|
C|005186|2015|50002143980009|001|4300004155|00040|UGBC1471|3|EA|20200|KRW|60600|20151231|1300|
C|005186|2015|50002143980010|001|4300004155|00050|UGBC1472|3|EA|19100|KRW|57300|20151231|1300|
C|005186|2015|50002143980011|001|4300004155|00060|UGBC1474|1|EA|140000|KRW|140000|20151231|1300|
C|005186|2015|50002143980012|001|4300004155|00070|UGBC1475|2|EA|51400|KRW|102800|20151231|1300|
C|005186|2015|50002143980013|001|4300004155|00080|UGBC1476|2|EA|51400|KRW|102800|20151231|1300|
C|005186|2015|50002143980014|001|4300004159|00030|UGCC0423|2|EA|94300|KRW|188600|20151231|1300|
C|005186|2015|50002143980015|001|4300004159|00040|UDDC0136|20|EA|13545|KRW|270900|20151231|1300|
C|005186|2015|50002143980016|001|4300004160|00060|UEBC0409|2|EA|13650|KRW|27300|20151231|1300|
C|005186|2015|50002143980017|001|4300004160|00070|UEAC0177|1|EA|629600|KRW|629600|20151231|1300|
C|005186|2015|50002143980018|001|4300004160|00080|UEAC0179|1|EA|279000|KRW|279000|20151231|1300|
C|005186|2015|50002143980019|001|4300004160|00090|UEAC0180|1|EA|137800|KRW|137800|20151231|1300|
C|005186|2015|50002143980020|001|4300004161|00040|UEBC0492|2|EA|4330|KRW|8660|20151231|1300|
C|005186|2015|50002143980021|001|4300004161|00050|UEBC0891|4|EA|9140|KRW|36560|20151231|1300|
C|005186|2015|50002143980022|001|4300004161|00060|UDBC0654|60|EA|140|KRW|8400|20151231|1300|
C|005186|2015|50002143980023|001|4300004163|00020|UGBC1156|4|EA|57250|KRW|229000|20151231|1300|
C|005186|2015|50002143980024|001|4300004163|00030|UCIC0082|1|EA|516600|KRW|516600|20151231|1300|
C|005186|2015|50002143980025|001|4300004163|00040|UDBC0449|40|EA|270|KRW|10800|20151231|1300|
C|005186|2015|50002143980026|001|4300004166|00110|UEAC0112|1|EA|347200|KRW|347200|20151231|1300|
C|005186|2015|50002143980027|001|4300004166|00120|UEAC0180|1|EA|137800|KRW|137800|20151231|1300|
C|005186|2015|50002143980028|001|4300004167|00010|UGBC1430|2|EA|384000|KRW|768000|20151231|1300|
C|005186|2015|50002143980029|001|4300004167|00040|UHTC0486|2|EA|46410|KRW|92820|20151231|1300|
C|005186|2015|50002143980030|001|4300004168|00020|UHTC0486|1|EA|46410|KRW|46410|20151231|1300|
C|005186|2015|50002143980031|001|4300004168|00070|UDBC0632|50|EA|2680|KRW|134000|20151231|1300|
C|005186|2015|50002143980032|001|4300004171|00040|UDBC0788|20|EA|230|KRW|4600|20151231|1300|
C|005186|2015|50002143980033|001|4300004174|00020|UEBC0566|5|EA|176400|KRW|882000|20151231|1300|
C|005186|2015|50002143980034|001|4300004175|00030|UDBC0039|10|EA|1050|KRW|10500|20151231|1300|
C|005186|2015|50002143980035|001|4300004176|00020|UDEC0043|14|EA|30450|KRW|426300|20151231|1300|
C|005186|2015|50002143980036|001|4300004179|00010|UHGC0134|2|EA|756000|KRW|1512000|20151231|1300|
C|005186|2015|50002143980037|001|4300004179|00020|UHFC0164|200|EA|210|KRW|42000|20151231|1300|
C|005186|2015|50002143980038|001|4300004180|00010|UHGC0269|4|EA|416850|KRW|1667400|20151231|1300|
C|005186|2015|50002143980039|001|4300004181|00030|UGAC0007|20|EA|49140|KRW|982800|20151231|1300|
C|005186|2015|50002143980040|001|4300004181|00040|UHHC0072|2|EA|412650|KRW|825300|20151231|1300|
C|005186|2015|50002143980041|001|4300004183|00010|UHFC0018|5|EA|87680|KRW|438400|20151231|1300|
C|005186|2015|50002143980042|001|4300004183|00020|UHFC0035|15|EA|8000|KRW|120000|20151231|1300|
C|005186|2015|50002143980043|001|4300004183|00030|UHGC0058|5|EA|10500|KRW|52500|20151231|1300|
C|005186|2015|50002143980044|001|4300004184|00010|UHTC0121|10|EA|33600|KRW|336000|20151231|1300|
C|005186|2015|50002143980045|001|4300004184|00040|UHGC0236|1|EA|932700|KRW|932700|20151231|1300|
C|005186|2015|50002143980046|001|4300004184|00050|UHGC0237|1|EA|561000|KRW|561000|20151231|1300|
C|005186|2015|50002143990001|001|4300004175|00010|UAEC0372|50|EA|13125|KRW|656250|20151231|1300|
C|005186|2015|50002143990002|001|4300004175|00020|UAEC0418|100|EA|13160|KRW|1316000|20151231|1300|
