C|005186|2019|50005014610001|001|4300013675|00020|UJCC0043|10000|EA|210000|KRW|420000|20190626|1300|
C|005186|2019|50005014620001|001|4300013876|00030|UIDC0141|1|EA|232280|KRW|232280|20190626|1300|
C|005186|2019|50005014630001|001|4300013827|00010|UCKC0133|4|EA|1054000|KRW|1054000|20190626|1300|
C|005186|2019|50005014630002|001|4300013833|00040|UDDC0105|1|EA|23100|KRW|23100|20190626|1300|
C|005186|2019|50005014630003|001|4300013833|00130|UDCC0019|3|EA|44520|KRW|133560|20190626|1300|
C|005186|2019|50005014630004|001|4300013836|00010|UDEC0061|1|EA|262500|KRW|262500|20190626|1300|
C|005186|2019|50005014630005|001|4300013852|00030|UDDC0398|2|EA|65200|KRW|130400|20190626|1300|
C|005186|2019|50005014630006|001|4300013852|00040|UDDC0266|10|EA|8090|KRW|80900|20190626|1300|
C|005186|2019|50005014630007|001|4300013852|00050|UDDC0283|10|EA|22470|KRW|224700|20190626|1300|
C|005186|2019|50005014630008|001|4300013852|00060|UDAC0236|10|EA|1790|KRW|17900|20190626|1300|
C|005186|2019|50005014630009|001|4300013853|00020|UIDC0041|1|EA|46850|KRW|46850|20190626|1300|
C|005186|2019|50005014630010|001|4300013878|00050|UALC0009|10|EA|101000|KRW|101000|20190626|1300|
C|005186|2019|50005014640001|001|4300013886|00060|UIDC0041|3|EA|46850|KRW|140550|20190626|1300|
C|005186|2019|50005014650001|001|4300013825|00030|UEBC1061|2|EA|15730|KRW|31460|20190626|1300|
C|005186|2019|50005014650002|001|4300013825|00100|UEBC1177|5|EA|44500|KRW|222500|20190626|1300|
C|005186|2019|50005014650003|001|4300013825|00110|UGBC1309|20|EA|14700|KRW|29400|20190626|1300|
C|005186|2019|50005014650004|001|4300013825|00160|UEBC0661|2|EA|75690|KRW|151380|20190626|1300|
C|005186|2019|50005014650005|001|4300013826|00010|UEBC0155|200|EA|411500|KRW|1646000|20190626|1300|
C|005186|2019|50005014650006|001|4300013827|00020|UDAC0012|300|EA|300000|KRW|900000|20190626|1300|
C|005186|2019|50005014650007|001|4300013832|00010|UKEC0108|1|EA|137020|KRW|137020|20190626|1300|
C|005186|2019|50005014650008|001|4300013833|00010|UDAC0388|10|EA|9500|KRW|9500|20190626|1300|
C|005186|2019|50005014650009|001|4300013833|00030|UEBC0799|4|EA|42320|KRW|169280|20190626|1300|
C|005186|2019|50005014650010|001|4300013833|00050|UEBC0470|12|EA|9980|KRW|119760|20190626|1300|
C|005186|2019|50005014650011|001|4300013833|00060|UGBC1310|50|EA|9000|KRW|45000|20190626|1300|
C|005186|2019|50005014650012|001|4300013833|00070|UGBC1309|60|EA|14700|KRW|88200|20190626|1300|
C|005186|2019|50005014650013|001|4300013833|00080|UDBC0053|60|EA|11500|KRW|69000|20190626|1300|
C|005186|2019|50005014650014|001|4300013833|00090|UDBC0537|50|EA|580|KRW|29000|20190626|1300|
C|005186|2019|50005014650015|001|4300013833|00100|UEBC0817|20|EA|8430|KRW|168600|20190626|1300|
C|005186|2019|50005014650016|001|4300013833|00110|UEBC0275|20|EA|35900|KRW|143600|20190626|1300|
C|005186|2019|50005014650017|001|4300013833|00120|UEBC1413|6|EA|79500|KRW|477000|20190626|1300|
C|005186|2019|50005014650018|001|4300013833|00140|UEAC1119|5|EA|27900|KRW|139500|20190626|1300|
C|005186|2019|50005014650019|001|4300013833|00150|UEAC0140|5|EA|47700|KRW|238500|20190626|1300|
C|005186|2019|50005014660001|001|4300013673|00060|UIDC0070|4|EA|34200|KRW|136800|20190626|1300|
C|005186|2019|50005014660002|001|4300013843|00030|UHDC0257|3|EA|131000|KRW|393000|20190626|1300|
C|005186|2019|50005014660003|001|4300013847|00130|UCKC0035|15|EA|222600|KRW|667800|20190626|1300|
C|005186|2019|50005014660004|001|4300013847|00140|UALC0038|6|EA|248850|KRW|497700|20190626|1300|
C|005186|2019|50005014670001|001|4300013846|00040|UHTC0094|1|EA|446250|KRW|0|20190626|1300|
