C|005186|2019|50004929630001|001|4300013370|00120|CMZ0004|30|EA|220|KRW|6600|20190515|1300|
C|005186|2019|50004929640001|001|4300013378|00050|CMD0016|2|EA|29000|KRW|58000|20190515|1300|
C|005186|2019|50004929640002|001|4300013378|00070|CMZ0032|3|EA|1300|KRW|3900|20190515|1300|
C|005186|2019|50004929650001|001|4300013366|00020|CMC0002|3|EA|10300|KRW|30900|20190515|1300|
C|005186|2019|50004929650002|001|4300013366|00030|CMC0003|30|EA|310|KRW|9300|20190515|1300|
C|005186|2019|50004929650003|001|4300013366|00050|CME0002|50|EA|1100|KRW|55000|20190515|1300|
C|005186|2019|50004929650004|001|4300013366|00080|CMA0017|50|EA|770|KRW|38500|20190515|1300|
C|005186|2019|50004929650005|001|4300013366|00090|CMC0005|50|EA|150|KRW|7500|20190515|1300|
C|005186|2019|50004929660001|001|4300013364|00010|CMF0004|1|EA|17000|KRW|17000|20190515|1300|
C|005186|2019|50004929660002|001|4300013364|00020|CMD0001|2|EA|8000|KRW|16000|20190515|1300|
C|005186|2019|50004929660003|001|4300013364|00030|MHZ00305|2|EA|8000|KRW|16000|20190515|1300|
C|005186|2019|50004929660004|001|4300013364|00040|CMF0005|2|EA|18700|KRW|37400|20190515|1300|
C|005186|2019|50004929660005|001|4300013364|00070|CMF0002|10|EA|860|KRW|8600|20190515|1300|
C|005186|2019|50004929660006|001|4300013364|00150|CMC0005|600|EA|150|KRW|90000|20190515|1300|
C|005186|2019|50004929670001|001|4300013365|00010|CMF0004|4|EA|17000|KRW|68000|20190515|1300|
C|005186|2019|50004929670002|001|4300013365|00020|CMD0017|6|EA|23760|KRW|142560|20190515|1300|
C|005186|2019|50004929670003|001|4300013365|00030|CMF0005|6|EA|18700|KRW|112200|20190515|1300|
C|005186|2019|50004929680001|001|4300013373|00010|CMD0017|1|EA|23760|KRW|23760|20190515|1300|
C|005186|2019|50004929680002|001|4300013373|00030|CMF0005|2|EA|18700|KRW|37400|20190515|1300|
C|005186|2019|50004929690001|001|4300013370|00010|CMA0017|1|EA|770|KRW|770|20190515|1300|
C|005186|2019|50004929690002|001|4300013370|00060|CMF0005|4|EA|18700|KRW|74800|20190515|1300|
C|005186|2019|50004929690003|001|4300013370|00070|CMA0002|10|EA|1440|KRW|14400|20190515|1300|
C|005186|2019|50004929690004|001|4300013370|00080|CMD0011|16|EA|24100|KRW|385600|20190515|1300|
C|005186|2019|50004929690005|001|4300013370|00110|CMC0005|30|EA|150|KRW|4500|20190515|1300|
C|005186|2019|50004931200001|001|4300013381|00010|CMA0028|10|EA|7350|KRW|73500|20190515|1300|
C|005186|2019|50004931200002|001|4300013381|00020|CMA0017|10|EA|770|KRW|7700|20190515|1300|
C|005186|2019|50004931200003|001|4300013381|00060|CMD0016|6|EA|29000|KRW|174000|20190515|1300|
C|005186|2019|50004931210001|001|4300013375|00020|CMA0028|5|EA|7350|KRW|36750|20190515|1300|
C|005186|2019|50004931210002|001|4300013375|00060|CMD0016|2|EA|29000|KRW|58000|20190515|1300|
C|005186|2019|50004931220001|001|4300013371|00010|CMF0005|2|EA|18700|KRW|37400|20190515|1300|
C|005186|2019|50004931220002|001|4300013371|00020|CMF0004|4|EA|17000|KRW|68000|20190515|1300|
C|005186|2019|50004931220003|001|4300013371|00050|CMA0017|20|EA|770|KRW|15400|20190515|1300|
C|005186|2019|50004931220004|001|4300013371|00080|CMC0005|200|EA|150|KRW|30000|20190515|1300|
C|005186|2019|50004931230001|001|4300013380|00060|CMF0005|3|EA|18700|KRW|56100|20190515|1300|
C|005186|2019|50004931240001|001|4300013372|00010|CMF0005|1|EA|18700|KRW|18700|20190515|1300|
C|005186|2019|50004931240002|001|4300013372|00050|CMC0005|30|EA|150|KRW|4500|20190515|1300|
C|005186|2019|50004931250001|001|4300013377|00030|CMA0017|10|EA|770|KRW|7700|20190515|1300|
C|005186|2019|50004931250002|001|4300013377|00060|CME0013|2|EA|11880|KRW|23760|20190515|1300|
C|005186|2019|50004931250003|001|4300013377|00070|CMF0005|3|EA|18700|KRW|56100|20190515|1300|
C|005186|2019|50004931260001|001|4300013376|00030|CMD0016|1|EA|29000|KRW|29000|20190515|1300|
C|005186|2019|50004931270001|001|4300013374|00010|CMD0016|1|EA|29000|KRW|29000|20190515|1300|
C|005186|2019|50004931270002|001|4300013374|00020|CMD0011|2|EA|24100|KRW|48200|20190515|1300|
C|005186|2019|50004931270003|001|4300013374|00040|CMD0017|4|EA|23760|KRW|95040|20190515|1300|
C|005186|2019|50004931270004|001|4300013374|00050|CMA0017|5|EA|770|KRW|3850|20190515|1300|
C|005186|2019|50004931280001|001|4300013367|00010|CMD0016|1|EA|29000|KRW|29000|20190515|1300|
C|005186|2019|50004931280002|001|4300013367|00020|CMA0028|2|EA|7350|KRW|14700|20190515|1300|
C|005186|2019|50004931280003|001|4300013367|00030|CME0013|5|EA|11880|KRW|59400|20190515|1300|
C|005186|2019|50004931280004|001|4300013367|00050|CMD0011|12|EA|24100|KRW|289200|20190515|1300|
C|005186|2019|50004931280005|001|4300013367|00060|CMA0002|20|EA|1440|KRW|28800|20190515|1300|
C|005186|2019|50004931290001|001|4300013383|00030|CMF0003|2|EA|2020|KRW|4040|20190515|1300|
