C|005186|2014|50001009170001|001|4300001735|00070|CMF0005|5|EA|20700|KRW|103500|20140930|1300|
C|005186|2014|50001009170002|001|4300001737|00070|CMF0005|2|EA|20700|KRW|41400|20140930|1300|
C|005186|2014|50001009180001|001|4300001735|00040|CMF0004|6|EA|22050|KRW|132300|20140930|1300|
C|005186|2014|50001009180002|001|4300001735|00080|CMZ0032|20|EA|1970|KRW|39400|20140930|1300|
C|005186|2014|50001009180003|001|4300001737|00050|CMF0022|2|EA|5400|KRW|10800|20140930|1300|
C|005186|2014|50001009180004|001|4300001737|00080|CMF0013|10|EA|760|KRW|7600|20140930|1300|
C|005186|2014|50001009180005|001|4300001738|00040|CMZ0014|1|EA|23300|KRW|23300|20140930|1300|
C|005186|2014|50001009180006|001|4300001738|00050|CMG0001|2|EA|1840|KRW|3680|20140930|1300|
C|005186|2014|50001009190001|001|4300001735|00010|CMB0001|40|EA|655|KRW|26200|20140930|1300|
C|005186|2014|50001009190002|001|4300001735|00020|CMB0010|120|EA|1100|KRW|132000|20140930|1300|
C|005186|2014|50001009190003|001|4300001735|00030|CMH0007|2|EA|11700|KRW|23400|20140930|1300|
C|005186|2014|50001009190004|001|4300001735|00050|CMA0001|200|EA|240|KRW|48000|20140930|1300|
C|005186|2014|50001009190005|001|4300001735|00060|CMA0007|500|EA|270|KRW|135000|20140930|1300|
C|005186|2014|50001009190006|001|4300001737|00010|CMA0001|80|EA|240|KRW|19200|20140930|1300|
C|005186|2014|50001009190007|001|4300001737|00020|CMA0007|40|EA|270|KRW|10800|20140930|1300|
C|005186|2014|50001009190008|001|4300001737|00030|CMA0008|40|EA|690|KRW|27600|20140930|1300|
C|005186|2014|50001009190009|001|4300001737|00040|CMB0001|40|EA|655|KRW|26200|20140930|1300|
C|005186|2014|50001009190010|001|4300001737|00060|CME0010|40|EA|285|KRW|11400|20140930|1300|
C|005186|2014|50001009190011|001|4300001738|00010|CMA0001|10|EA|240|KRW|2400|20140930|1300|
C|005186|2014|50001009190012|001|4300001738|00020|CMA0007|50|EA|270|KRW|13500|20140930|1300|
C|005186|2014|50001009190013|001|4300001738|00030|CMB0010|50|EA|1100|KRW|55000|20140930|1300|
C|005186|2014|50001009200001|001|4300001748|00150|CMF0005|2|EA|20700|KRW|41400|20140930|1300|
C|005186|2014|50001009200002|001|4300001752|00100|CMF0005|3|EA|20700|KRW|62100|20140930|1300|
C|005186|2014|50001009200003|001|4300001755|00100|CMF0005|2|EA|20700|KRW|41400|20140930|1300|
C|005186|2014|50001009200004|001|4300001756|00130|CMF0005|5|EA|20700|KRW|103500|20140930|1300|
C|005186|2014|50001009200005|001|4300001758|00100|CMF0005|2|EA|20700|KRW|41400|20140930|1300|
C|005186|2014|50001009210001|001|4300001735|00090|CMD0016|7|EA|30450|KRW|213150|20140930|1300|
C|005186|2014|50001009210002|001|4300001736|00010|CMD0016|7|EA|30450|KRW|213150|20140930|1300|
