C|005186|2015|50001385720001|001|4300002419|00010|CMA0001|80|EA|240|KRW|19200|20150320|1300|
C|005186|2015|50001385720002|001|4300002419|00020|CMA0007|40|EA|270|KRW|10800|20150320|1300|
C|005186|2015|50001385720003|001|4300002419|00030|CMA0008|40|EA|690|KRW|27600|20150320|1300|
C|005186|2015|50001385720004|001|4300002419|00040|CMB0010|40|EA|1100|KRW|44000|20150320|1300|
C|005186|2015|50001385720005|001|4300002419|00050|CME0010|40|EA|285|KRW|11400|20150320|1300|
C|005186|2015|50001385720006|001|4300002419|00090|CMC0003|10|EA|340|KRW|3400|20150320|1300|
C|005186|2015|50001385720007|001|4300002419|00100|CMZ0004|10|EA|380|KRW|3800|20150320|1300|
C|005186|2015|50001385720008|001|4300002419|00110|CMZ0005|10|EA|750|KRW|7500|20150320|1300|
C|005186|2015|50001385720009|001|4300002420|00010|CMA0001|10|EA|240|KRW|2400|20150320|1300|
C|005186|2015|50001385720010|001|4300002420|00020|CMA0007|50|EA|270|KRW|13500|20150320|1300|
C|005186|2015|50001385720011|001|4300002420|00030|CMB0010|50|EA|1100|KRW|55000|20150320|1300|
C|005186|2015|50001385720012|001|4300002421|00010|CMB0001|40|EA|655|KRW|26200|20150320|1300|
C|005186|2015|50001385720013|001|4300002421|00020|CMB0010|200|EA|1100|KRW|220000|20150320|1300|
C|005186|2015|50001385720014|001|4300002421|00050|CMA0001|100|EA|240|KRW|24000|20150320|1300|
C|005186|2015|50001385720015|001|4300002421|00060|CMA0007|500|EA|270|KRW|135000|20150320|1300|
C|005186|2015|50001385720016|001|4300002421|00090|CMA0008|100|EA|690|KRW|69000|20150320|1300|
C|005186|2015|50001385720017|001|4300002423|00010|CMA0006|20|EA|2270|KRW|45400|20150320|1300|
