C|005186|2019|50004686720001|001|4300012400|00130|UDFC0217|50|EA|49300|KRW|246500|20190115|1300|
C|005186|2019|50004686720002|001|4300012400|00140|UACC0034|1|EA|47300|KRW|47300|20190115|1300|
C|005186|2019|50004686720003|001|4300012402|00120|UAEC0508|4|EA|2110|KRW|8440|20190115|1300|
C|005186|2019|50004686720004|001|4300012402|00130|UAEC0509|4|EA|2110|KRW|8440|20190115|1300|
C|005186|2019|50004686720005|001|4300012402|00140|UAGC0555|2|EA|28650|KRW|57300|20190115|1300|
C|005186|2019|50004686720006|001|4300012402|00150|UAGC0556|10|EA|4850|KRW|48500|20190115|1300|
C|005186|2019|50004686720007|001|4300012404|00010|UCAC0306|40|EA|242000|KRW|484000|20190115|1300|
C|005186|2019|50004686720008|001|4300012417|00020|KP150400|100|EA|17000|KRW|17000|20190115|1300|
C|005186|2019|50004686720009|001|4300012417|00030|KT020004|2|EA|5600|KRW|11200|20190115|1300|
C|005186|2019|50004686720010|001|4300012417|00040|KT020005|3|EA|5640|KRW|16920|20190115|1300|
C|005186|2019|50004686720011|001|4300012417|00050|KT020006|2|EA|6250|KRW|12500|20190115|1300|
C|005186|2019|50004686720012|001|4300012417|00060|KT020007|3|EA|6860|KRW|20580|20190115|1300|
C|005186|2019|50004686720013|001|4300012417|00070|KT020008|2|EA|8030|KRW|16060|20190115|1300|
C|005186|2019|50004686720014|001|4300012417|00080|KT020009|3|EA|8030|KRW|24090|20190115|1300|
C|005186|2019|50004686720015|001|4300012417|00090|KT020010|2|EA|10190|KRW|20380|20190115|1300|
C|005186|2019|50004686720016|001|4300012417|00100|KT020013|1|EA|13110|KRW|13110|20190115|1300|
C|005186|2019|50004686720017|001|4300012417|00110|KT020016|1|EA|18620|KRW|18620|20190115|1300|
C|005186|2019|50004686720018|001|4300012417|00120|KT020019|1|EA|23570|KRW|23570|20190115|1300|
C|005186|2019|50004686720019|001|4300012417|00130|KT020700|5|EA|2680|KRW|13400|20190115|1300|
C|005186|2019|50004686720020|001|4300012417|00140|KT020702|16|EA|470|KRW|7520|20190115|1300|
C|005186|2019|50004686720021|001|4300012417|00150|KT020704|20|EA|610|KRW|12200|20190115|1300|
C|005186|2019|50004686720022|001|4300012417|00160|KT020705|2|EA|1390|KRW|2780|20190115|1300|
C|005186|2019|50004686720023|001|4300012417|00170|KT080311|1|EA|72980|KRW|72980|20190115|1300|
C|005186|2019|50004686720024|001|4300012417|00180|KT990010|30|EA|3700|KRW|11100|20190115|1300|
C|005186|2019|50004686720025|001|4300012417|00190|KT991000|1|EA|1961|KRW|1961|20190115|1300|
C|005186|2019|50004686730001|001|4300012400|00110|UDAC0414|10|EA|24250|KRW|48500|20190115|1300|
C|005186|2019|50004686730002|001|4300012400|00120|UDAC0415|10|EA|31400|KRW|62800|20190115|1300|
C|005186|2019|50004686730003|001|4300012401|00050|UDDC3898|1|EA|9500|KRW|9500|20190115|1300|
C|005186|2019|50004686730004|001|4300012403|00020|UKBC0006|2|EA|69830|KRW|139660|20190115|1300|
C|005186|2019|50004686740001|001|4300012399|00100|UDBC0054|40|EA|25600|KRW|51200|20190115|1300|
C|005186|2019|50004686740002|001|4300012399|00110|UDBC0569|40|EA|27000|KRW|54000|20190115|1300|
C|005186|2019|50004686740003|001|4300012399|00120|UDBC0055|40|EA|28400|KRW|56800|20190115|1300|
C|005186|2019|50004686740004|001|4300012399|00130|UDBC0354|120|EA|3500|KRW|42000|20190115|1300|
C|005186|2019|50004686740005|001|4300012399|00140|UDBC0726|240|EA|1400|KRW|33600|20190115|1300|
C|005186|2019|50004686740006|001|4300012440|00010|UDBC0842|100|EA|19700|KRW|19700|20190115|1300|
C|005186|2019|50004686740007|001|4300012440|00020|UDBC0304|100|EA|3200|KRW|3200|20190115|1300|
C|005186|2019|50004686750001|001|4300012400|00060|UEBC1555|10|EA|36750|KRW|367500|20190115|1300|
C|005186|2019|50004686750002|001|4300012400|00070|UDAC0413|1|EA|3150|KRW|3150|20190115|1300|
C|005186|2019|50004686750003|001|4300012400|00090|UEBC1557|5|EA|7560|KRW|37800|20190115|1300|
C|005186|2019|50004686750004|001|4300012401|00020|UEBC1553|10|EA|27830|KRW|278300|20190115|1300|
C|005186|2019|50004686750005|001|4300012401|00030|UEBC1554|10|EA|55250|KRW|110500|20190115|1300|
C|005186|2019|50004686750006|001|4300012401|00090|UKAC0055|100|EA|73500|KRW|735000|20190115|1300|
C|005186|2019|50004686750007|001|4300012402|00010|UDBC1082|30|EA|4750|KRW|28500|20190115|1300|
C|005186|2019|50004686750008|001|4300012402|00020|UDBC1083|30|EA|4850|KRW|29100|20190115|1300|
C|005186|2019|50004686750009|001|4300012402|00030|UDBC1084|30|EA|7350|KRW|44100|20190115|1300|
C|005186|2019|50004686750010|001|4300012402|00040|UDBC1085|30|EA|11050|KRW|66300|20190115|1300|
C|005186|2019|50004686750011|001|4300012402|00050|UDBC1086|30|EA|14200|KRW|85200|20190115|1300|
C|005186|2019|50004686750012|001|4300012402|00070|UDBC1088|10|EA|5840|KRW|58400|20190115|1300|
C|005186|2019|50004686750013|001|4300012402|00170|UDAC0409|5|EA|6850|KRW|34250|20190115|1300|
C|005186|2019|50004686750014|001|4300012402|00200|UEBC1551|4|EA|7550|KRW|30200|20190115|1300|
C|005186|2019|50004686750015|001|4300012403|00010|UDBC1078|4|EA|7370|KRW|29480|20190115|1300|
C|005186|2019|50004686750016|001|4300012419|00010|KS061502|14|EA|2970|KRW|41580|20190115|1300|
C|005186|2019|50004686750017|001|4300012419|00020|KS061503|14|EA|3150|KRW|44100|20190115|1300|
C|005186|2019|50004686750018|001|4300012419|00030|KS061505|1|EA|6230|KRW|6230|20190115|1300|
C|005186|2019|50004686750019|001|4300012419|00040|KS061506|1|EA|7850|KRW|7850|20190115|1300|
C|005186|2019|50004686750020|001|4300012419|00050|KS066904|5|EA|2000|KRW|10000|20190115|1300|
C|005186|2019|50004686750021|001|4300012419|00060|KS067001|4|EA|1400|KRW|5600|20190115|1300|
C|005186|2019|50004686750022|001|4300012419|00070|KS067002|2|EA|1460|KRW|2920|20190115|1300|
C|005186|2019|50004686750023|001|4300012419|00080|KS067003|2|EA|1550|KRW|3100|20190115|1300|
C|005186|2019|50004686750024|001|4300012419|00090|KS067206|4|EA|4480|KRW|17920|20190115|1300|
C|005186|2019|50004686750025|001|4300012419|00100|KS067401|2|EA|3780|KRW|7560|20190115|1300|
C|005186|2019|50004686750026|001|4300012419|00110|KS080705|10|EA|18500|KRW|185000|20190115|1300|
C|005186|2019|50004686750027|001|4300012419|00120|KS080709|2|EA|24700|KRW|49400|20190115|1300|
C|005186|2019|50004686750028|001|4300012419|00130|KS080711|5|EA|32300|KRW|161500|20190115|1300|
C|005186|2019|50004686760001|001|4300012401|00010|UEBC1552|10|EA|79800|KRW|399000|20190115|1300|
C|005186|2019|50004686760002|001|4300012402|00060|UDBC1087|30|EA|17600|KRW|105600|20190115|1300|
C|005186|2019|50004686760003|001|4300012403|00030|UEBC0241|5|EA|22050|KRW|22050|20190115|1300|
C|005186|2019|50004686760004|001|4300012403|00040|UEBC0247|5|EA|36550|KRW|36550|20190115|1300|
C|005186|2019|50004686760005|001|4300012403|00050|UEBC0260|5|EA|56050|KRW|56050|20190115|1300|
C|005186|2019|50004686760006|001|4300012403|00060|UEBC0240|10|EA|16950|KRW|33900|20190115|1300|
C|005186|2019|50004686760007|001|4300012428|00020|UEBC0074|20|EA|147400|KRW|147400|20190115|1300|
C|005186|2019|50004686760008|001|4300012434|00020|UICC0025|2|EA|16420|KRW|32840|20190115|1300|
C|005186|2019|50004686760009|001|4300012438|00050|UEAC0171|2|EA|197000|KRW|394000|20190115|1300|
C|005186|2019|50004686760010|001|4300012442|00010|UGCC0894|400|EA|300000|KRW|1200000|20190115|1300|
C|005186|2019|50004686770001|001|4300012400|00080|UDBC1093|200|EA|2300|KRW|4600|20190115|1300|
C|005186|2019|50004686770002|001|4300012401|00040|UDBC1090|100|EA|400|KRW|4000|20190115|1300|
C|005186|2019|50004686770003|001|4300012401|00060|UCIC0230|20|EA|29400|KRW|58800|20190115|1300|
C|005186|2019|50004686770004|001|4300012402|00080|UGAC0111|1|EA|720300|KRW|720300|20190115|1300|
C|005186|2019|50004686770005|001|4300012402|00090|UDBC1089|1|EA|10290|KRW|10290|20190115|1300|
C|005186|2019|50004686770006|001|4300012407|00010|UZZC0071|1|EA|217350|KRW|217350|20190115|1300|
C|005186|2019|50004686770007|001|4300012431|00010|UGCC1004|1|EA|305000|KRW|305000|20190115|1300|
C|005186|2019|50004686770008|001|4300012436|00010|UHTC0197|1|EA|280670|KRW|280670|20190115|1300|
C|005186|2019|50004686770009|001|4300012436|00020|UCKC0059|3|EA|28100|KRW|84300|20190115|1300|
C|005186|2019|50004686770010|001|4300012442|00020|UKAC0010|6|EA|89900|KRW|539400|20190115|1300|
C|005186|2019|50004686770011|001|4300012442|00030|UADC0104|3|EA|27300|KRW|81900|20190115|1300|
C|005186|2019|50004686770012|001|4300012442|00040|UADC0098|2|EA|87280|KRW|174560|20190115|1300|
C|005186|2019|50004686780001|001|4300012399|00010|UGBC0274|2|EA|231000|KRW|231000|20190115|1300|
C|005186|2019|50004686780002|001|4300012399|00020|UGBC0275|2|EA|126000|KRW|252000|20190115|1300|
C|005186|2019|50004686780003|001|4300012399|00030|UBCC0038|5|EA|89500|KRW|89500|20190115|1300|
C|005186|2019|50004686780004|001|4300012399|00040|UBCC0039|4|EA|37800|KRW|75600|20190115|1300|
C|005186|2019|50004686780005|001|4300012399|00050|UDAC0310|20|EA|20600|KRW|41200|20190115|1300|
C|005186|2019|50004686780006|001|4300012399|00060|UDAC0328|20|EA|25000|KRW|50000|20190115|1300|
C|005186|2019|50004686780007|001|4300012399|00070|UDAC0311|20|EA|26900|KRW|53800|20190115|1300|
C|005186|2019|50004686780008|001|4300012399|00080|UDAC0312|20|EA|31000|KRW|62000|20190115|1300|
C|005186|2019|50004686780009|001|4300012399|00090|UGBC0830|50|EA|1600|KRW|8000|20190115|1300|
C|005186|2019|50004686780010|001|4300012424|00010|UGBC1371|10|EA|66000|KRW|660000|20190115|1300|
C|005186|2019|50004686780011|001|4300012424|00020|UCIC0111|2|EA|136850|KRW|273700|20190115|1300|
C|005186|2019|50004686780012|001|4300012424|00030|UGBC0502|2|EA|231000|KRW|462000|20190115|1300|
C|005186|2019|50004686780013|001|4300012425|00010|UGBC0519|1|EA|147000|KRW|147000|20190115|1300|
C|005186|2019|50004686780014|001|4300012425|00020|UBCC0060|1|EA|466400|KRW|466400|20190115|1300|
