C|005186|2016|50003126430001|001|4300006558|00010|UHTC0589|30|EA|20500|KRW|615000|20161229|1300|
C|005186|2016|50003126430002|001|4300006570|00030|UCIC0073|1|EA|173250|KRW|173250|20161229|1300|
C|005186|2016|50003126430003|001|4300006571|00060|UHTC0688|6|EA|49500|KRW|297000|20161229|1300|
C|005186|2016|50003126430004|001|4300006575|00010|UHTC0512|1|EA|442120|KRW|442120|20161229|1300|
C|005186|2016|50003126430005|001|4300006575|00020|UHTC0740|1|EA|342110|KRW|342110|20161229|1300|
C|005186|2016|50003126430006|001|4300006575|00030|UHTC0512|2|EA|442120|KRW|884240|20161229|1300|
C|005186|2016|50003126430007|001|4300006581|00020|UHTC0510|2|EA|421080|KRW|842160|20161229|1300|
C|005186|2016|50003126430008|001|4300006582|00020|UHTC0691|20|EA|35700|KRW|714000|20161229|1300|
C|005186|2016|50003126430009|001|4300006583|00010|UHTC0512|2|EA|442120|KRW|884240|20161229|1300|
C|005186|2016|50003126430010|001|4300006585|00030|UBCC0059|15|EA|9280|KRW|139200|20161229|1300|
C|005186|2016|50003126430011|001|4300006585|00070|UGBC1552|1|EA|72700|KRW|72700|20161229|1300|
C|005186|2016|50003126430012|001|4300006586|00010|UGBC1551|3|EA|505300|KRW|1515900|20161229|1300|
C|005186|2016|50003126430013|001|4300006587|00010|UGBC1551|1|EA|505300|KRW|505300|20161229|1300|
C|005186|2016|50003126430014|001|4300006590|00060|UCIC0205|2|EA|434600|KRW|869200|20161229|1300|
C|005186|2016|50003126430015|001|4300006591|00010|UCIC0204|4|EA|424000|KRW|1696000|20161229|1300|
