C|005186|2014|50000600490001|001|4300001144|00010|KH990100|4|EA|27220|KRW|108880|20140228|1300|
C|005186|2014|50000600490002|001|4300001144|00020|KH990101|6|EA|7250|KRW|43500|20140228|1300|
C|005186|2014|50000600490003|001|4300001144|00030|KS061503|8|EA|3150|KRW|25200|20140228|1300|
C|005186|2014|50000600490004|001|4300001144|00040|KS061505|3|EA|6230|KRW|18690|20140228|1300|
C|005186|2014|50000600490005|001|4300001144|00050|KS061506|4|EA|7850|KRW|31400|20140228|1300|
C|005186|2014|50000600490006|001|4300001144|00060|KS061508|2|EA|10510|KRW|21020|20140228|1300|
C|005186|2014|50000600490007|001|4300001144|00070|KS066901|10|EA|1290|KRW|12900|20140228|1300|
C|005186|2014|50000600490008|001|4300001144|00080|KS066902|2|EA|1540|KRW|3080|20140228|1300|
C|005186|2014|50000600490009|001|4300001144|00090|KS066904|2|EA|2000|KRW|4000|20140228|1300|
C|005186|2014|50000600490010|001|4300001144|00100|KS067001|2|EA|1400|KRW|2800|20140228|1300|
C|005186|2014|50000600490011|001|4300001144|00110|KS067004|3|EA|2000|KRW|6000|20140228|1300|
C|005186|2014|50000600490012|001|4300001144|00120|KS067208|4|EA|7940|KRW|31760|20140228|1300|
C|005186|2014|50000600490013|001|4300001144|00130|KS067401|4|EA|3780|KRW|15120|20140228|1300|
C|005186|2014|50000600490014|001|4300001144|00140|KS080709|3|EA|24700|KRW|74100|20140228|1300|
C|005186|2014|50000600490015|001|4300001144|00150|KS080711|3|EA|32300|KRW|96900|20140228|1300|
C|005186|2014|50000600490016|001|4300001144|00170|KS990008|2|EA|39900|KRW|79800|20140228|1300|
C|005186|2014|50000600490017|001|4300001144|00180|KT020004|3|EA|5600|KRW|16800|20140228|1300|
C|005186|2014|50000600490018|001|4300001144|00190|KT020008|4|EA|8030|KRW|32120|20140228|1300|
C|005186|2014|50000600490019|001|4300001144|00200|KT020610|2|EA|29150|KRW|58300|20140228|1300|
C|005186|2014|50000600490020|001|4300001144|00210|KT020611|2|EA|28140|KRW|56280|20140228|1300|
C|005186|2014|50000600490021|001|4300001144|00220|KT020700|15|EA|2680|KRW|40200|20140228|1300|
C|005186|2014|50000600490022|001|4300001144|00230|KT020704|25|EA|610|KRW|15250|20140228|1300|
C|005186|2014|50000600490023|001|4300001144|00240|KT080300|20.000|KG|2770|KRW|55400|20140228|1300|
C|005186|2014|50000600490024|001|4300001144|00250|KT080350|1|EA|4720|KRW|4720|20140228|1300|
C|005186|2014|50000600490025|001|4300001144|00260|KT080360|1|EA|5250|KRW|5250|20140228|1300|
C|005186|2014|50000600490026|001|4300001144|00270|KT080500|1|EA|26500|KRW|26500|20140228|1300|
C|005186|2014|50000600490027|001|4300001144|00280|KT080520|7|EA|2760|KRW|19320|20140228|1300|
C|005186|2014|50000600490028|001|4300001144|00290|KT990001|200|EA|510|KRW|102000|20140228|1300|
C|005186|2014|50000600490029|001|4300001144|00300|KT990010|150|EA|370|KRW|55500|20140228|1300|
C|005186|2014|50000600490030|001|4300001144|00310|KE030011|20|EA|8190|KRW|163800|20140228|1300|
C|005186|2014|50000600490031|001|4300001144|00320|KE030110|4|EA|38540|KRW|154160|20140228|1300|
C|005186|2014|50000600490032|001|4300001144|00330|KE030116|1|EA|157500|KRW|157500|20140228|1300|
C|005186|2014|50000600490033|001|4300001144|00340|KE030211|2|EA|145740|KRW|291480|20140228|1300|
C|005186|2014|50000600490034|001|4300001144|00350|KE050207|1|EA|6930|KRW|6930|20140228|1300|
C|005186|2014|50000600490035|001|4300001144|00360|KE050301|13|EA|1160|KRW|15080|20140228|1300|
C|005186|2014|50000600490036|001|4300001144|00370|KE050603|2|EA|16800|KRW|33600|20140228|1300|
C|005186|2014|50000600490037|001|4300001144|00380|KE050701|27|EA|2630|KRW|71010|20140228|1300|
C|005186|2014|50000600490038|001|4300001144|00390|KE050801|11|EA|1900|KRW|20900|20140228|1300|
C|005186|2014|50000600490039|001|4300001144|00400|KE090112|5|EA|16800|KRW|84000|20140228|1300|
C|005186|2014|50000600490040|001|4300001144|00410|KE090116|2|EA|28040|KRW|56080|20140228|1300|
C|005186|2014|50000600490041|001|4300001144|00420|KE090165|2|EA|165900|KRW|331800|20140228|1300|
C|005186|2014|50000600490042|001|4300001144|00430|KE110100|10|EA|124000|KRW|1240000|20140228|1300|
C|005186|2014|50000600490043|001|4300001144|00440|KE110200|10|EA|65100|KRW|651000|20140228|1300|
C|005186|2014|50000600490044|001|4300001144|00450|KE180203|18|EA|13650|KRW|245700|20140228|1300|
C|005186|2014|50000600490045|001|4300001144|00460|KE190003|8|EA|29300|KRW|234400|20140228|1300|
C|005186|2014|50000600490046|001|4300001144|00470|KE200113|1|EA|130000|KRW|130000|20140228|1300|
C|005186|2014|50000600490047|001|4300001144|00480|KE210001|4|EA|53030|KRW|212120|20140228|1300|
C|005186|2014|50000600490048|001|4300001144|00490|KE230003|189|EA|1870|KRW|353430|20140228|1300|
C|005186|2014|50000600490049|001|4300001144|00500|KE231001|30|EA|16150|KRW|484500|20140228|1300|
C|005186|2014|50000600490050|001|4300001144|00510|KE231403|11|EA|1840|KRW|20240|20140228|1300|
C|005186|2014|50000600490051|001|4300001144|00520|KE231406|19|EA|7140|KRW|135660|20140228|1300|
C|005186|2014|50000600490052|001|4300001144|00530|KE231503|20|EA|1160|KRW|23200|20140228|1300|
C|005186|2014|50000600490053|001|4300001144|00540|KE270300|80|EA|470|KRW|37600|20140228|1300|
C|005186|2014|50000600490054|001|4300001144|00550|KE280401|4|EA|20800|KRW|83200|20140228|1300|
C|005186|2014|50000600490055|001|4300001144|00560|KE281401|20|EA|840|KRW|16800|20140228|1300|
C|005186|2014|50000600500001|001|4300001150|00010|UALC0110|2|EA|550400|KRW|1100800|20140228|1300|
C|005186|2014|50000600500002|001|4300001150|00020|UADC0030|1|EA|25200|KRW|25200|20140228|1300|
C|005186|2014|50000600500003|001|4300001150|00030|UCHC0003|1|EA|100000|KRW|100000|20140228|1300|
C|005186|2014|50000600500004|001|4300001150|00040|UAEC0058|4|EA|12350|KRW|49400|20140228|1300|
C|005186|2014|50000600500005|001|4300001150|00050|UAEC0014|2|EA|9000|KRW|18000|20140228|1300|
C|005186|2014|50000600500006|001|4300001150|00060|UEBC0661|2|EA|75690|KRW|151380|20140228|1300|
C|005186|2014|50000600500007|001|4300001150|00070|UEBC0785|20|EA|1480|KRW|29600|20140228|1300|
C|005186|2014|50000600500008|001|4300001150|00080|UAEC0251|1|EA|4750|KRW|4750|20140228|1300|
C|005186|2014|50000600500009|001|4300001150|00090|UAEC0252|1|EA|5220|KRW|5220|20140228|1300|
C|005186|2014|50000600500010|001|4300001150|00100|UAEC0267|1|EA|6359|KRW|6359|20140228|1300|
C|005186|2014|50000600500011|001|4300001150|00110|UJBC0004|30|EA|4337|KRW|130110|20140228|1300|
C|005186|2014|50000600500012|001|4300001150|00130|UHTC0295|3|EA|17850|KRW|53550|20140228|1300|
C|005186|2014|50000600500013|001|4300001151|00010|KS067004|7|EA|2000|KRW|14000|20140228|1300|
C|005186|2014|50000600560001|001|4300001133|00020|UIEC0004|2|EA|21290|KRW|42580|20140228|1300|
C|005186|2014|50000600560002|001|4300001143|00130|UGBC1322|1|EA|888950|KRW|888950|20140228|1300|
C|005186|2014|50000600560003|001|4300001143|00140|UGCC0627|1|EA|37800|KRW|37800|20140228|1300|
C|005186|2014|50000600560004|001|4300001143|00150|UDFC0060|1|EA|278250|KRW|278250|20140228|1300|
C|005186|2014|50000600560005|001|4300001146|00030|UAEC0247|2|EA|2920|KRW|5840|20140228|1300|
C|005186|2014|50000600560006|001|4300001146|00040|UAEC0249|2|EA|3450|KRW|6900|20140228|1300|
C|005186|2014|50000600560007|001|4300001146|00050|UAEC0250|2|EA|3930|KRW|7860|20140228|1300|
C|005186|2014|50000600560008|001|4300001146|00060|UAEC0251|4|EA|4750|KRW|19000|20140228|1300|
C|005186|2014|50000600560009|001|4300001146|00070|UAEC0252|4|EA|5220|KRW|20880|20140228|1300|
C|005186|2014|50000600560010|001|4300001146|00090|UACC0021|3|EA|52080|KRW|156240|20140228|1300|
C|005186|2014|50000600560011|001|4300001146|00110|UHGC0051|5|EA|26570|KRW|132850|20140228|1300|
C|005186|2014|50000600560012|001|4300001146|00120|UHGC0207|5|EA|90300|KRW|451500|20140228|1300|
C|005186|2014|50000600560013|001|4300001146|00130|UHFC0207|10|EA|14800|KRW|148000|20140228|1300|
C|005186|2014|50000600560014|001|4300001146|00140|UHFC0203|5|EA|9450|KRW|47250|20140228|1300|
C|005186|2014|50000600560015|001|4300001146|00150|UHFC0205|10|EA|9550|KRW|95500|20140228|1300|
C|005186|2014|50000600560016|001|4300001146|00160|UHTC0517|3|EA|81060|KRW|243180|20140228|1300|
C|005186|2014|50000600560017|001|4300001148|00010|UDCC0004|1|EA|283500|KRW|283500|20140228|1300|
C|005186|2014|50000600560018|001|4300001148|00040|UGCC0501|1|EA|38000|KRW|38000|20140228|1300|
C|005186|2014|50000600560019|001|4300001148|00050|UGCC0502|1|EA|38000|KRW|38000|20140228|1300|
C|005186|2014|50000600560020|001|4300001148|00060|UDCC0020|3|EA|62580|KRW|187740|20140228|1300|
C|005186|2014|50000600560021|001|4300001148|00070|UDDC0341|1|EA|440840|KRW|440840|20140228|1300|
C|005186|2014|50000600560022|001|4300001148|00080|UDDC0344|1|EA|382100|KRW|382100|20140228|1300|
C|005186|2014|50000600560023|001|4300001148|00090|UDDC0202|1|EA|174300|KRW|174300|20140228|1300|
C|005186|2014|50000600560024|001|4300001148|00100|UDDC0198|1|EA|219030|KRW|219030|20140228|1300|
C|005186|2014|50000600560025|001|4300001148|00110|UDDC0087|5|EA|30870|KRW|154350|20140228|1300|
C|005186|2014|50000600560026|001|4300001148|00120|UDDC0353|4|EA|164210|KRW|656840|20140228|1300|
C|005186|2014|50000600560027|001|4300001148|00130|UDDC0045|10|EA|18900|KRW|189000|20140228|1300|
C|005186|2014|50000600560028|001|4300001148|00140|UDDC0279|3|EA|144900|KRW|434700|20140228|1300|
C|005186|2014|50000600560029|001|4300001148|00150|UDDC0047|3|EA|69510|KRW|208530|20140228|1300|
C|005186|2014|50000600560030|001|4300001148|00160|UDDC0059|3|EA|13020|KRW|39060|20140228|1300|
C|005186|2014|50000600560031|001|4300001148|00170|UDDC0351|10|EA|7160|KRW|71600|20140228|1300|
C|005186|2014|50000600560032|001|4300001148|00180|UDCC0047|2|EA|17580|KRW|35160|20140228|1300|
C|005186|2014|50000600560033|001|4300001148|00190|UDDC0180|2|EA|15440|KRW|30880|20140228|1300|
C|005186|2014|50000600560034|001|4300001148|00200|UDDC0184|2|EA|26775|KRW|53550|20140228|1300|
C|005186|2014|50000600560035|001|4300001148|00210|UDDC0186|2|EA|32970|KRW|65940|20140228|1300|
C|005186|2014|50000600560036|001|4300001148|00220|UKBC0009|1|EA|3810|KRW|3810|20140228|1300|
C|005186|2014|50000600560037|001|4300001148|00230|UEBC0685|1|EA|68500|KRW|68500|20140228|1300|
C|005186|2014|50000600560038|001|4300001148|00240|UEBC0049|2|EA|266070|KRW|532140|20140228|1300|
C|005186|2014|50000600560039|001|4300001148|00250|UHGC0223|1|EA|250500|KRW|250500|20140228|1300|
C|005186|2014|50000600560040|001|4300001148|00260|UHGC0203|1|EA|103950|KRW|103950|20140228|1300|
C|005186|2014|50000600560041|001|4300001148|00270|UHNC0125|1|EA|313700|KRW|313700|20140228|1300|
C|005186|2014|50000600560042|001|4300001148|00280|UHNC0124|1|EA|313700|KRW|313700|20140228|1300|
C|005186|2014|50000600560043|001|4300001148|00290|UHFC0276|1|EA|452000|KRW|452000|20140228|1300|
C|005186|2014|50000600580001|001|4300000831|00020|UEAC0135|2|EA|519700|KRW|1039400|20140228|1300|
C|005186|2014|50000600580002|001|4300000831|00030|UEAC0117|1|EA|543900|KRW|543900|20140228|1300|
C|005186|2014|50000600580003|001|4300001176|00040|UDDC0218|5|EA|26570|KRW|132850|20140228|1300|
C|005186|2014|50000600580004|001|4300001176|00050|UGBC1345|1|EA|363160|KRW|363160|20140228|1300|
C|005186|2014|50000600580005|001|4300001176|00070|UDDC0307|1|EA|253050|KRW|253050|20140228|1300|
C|005186|2014|50000600580006|001|4300001183|00010|UAGC0052|9|EA|2520|KRW|22680|20140228|1300|
C|005186|2014|50000600590001|001|4300001171|00020|UGBC0418|5|EA|17370|KRW|86850|20140228|1300|
C|005186|2014|50000600590002|001|4300001171|00030|UKBC0014|1|EA|52500|KRW|52500|20140228|1300|
C|005186|2014|50000600590003|001|4300001173|00010|KS066905|100|EA|2260|KRW|226000|20140228|1300|
C|005186|2014|50000600590004|001|4300001176|00010|UAGC0184|1|EA|92000|KRW|92000|20140228|1300|
C|005186|2014|50000600590005|001|4300001176|00020|UEBC1150|4|EA|175000|KRW|700000|20140228|1300|
C|005186|2014|50000600590006|001|4300001176|00060|UDBC0670|30|EA|2120|KRW|63600|20140228|1300|
C|005186|2014|50000600590007|001|4300001176|00080|UEBC0966|1|EA|301350|KRW|301350|20140228|1300|
C|005186|2014|50000600590008|001|4300001176|00110|UEBC0002|8|EA|33600|KRW|268800|20140228|1300|
C|005186|2014|50000600590009|001|4300001176|00200|UEBC0945|1|EA|441000|KRW|441000|20140228|1300|
C|005186|2014|50000600590010|001|4300001176|00210|UEBC0946|1|EA|336000|KRW|336000|20140228|1300|
C|005186|2014|50000600590011|001|4300001177|00020|UAEC0095|2|EA|22630|KRW|45260|20140228|1300|
C|005186|2014|50000600590012|001|4300001177|00030|UCAC0032|50|EA|11150|KRW|557500|20140228|1300|
C|005186|2014|50000600590013|001|4300001177|00040|UEBC1057|16|EA|36300|KRW|580800|20140228|1300|
C|005186|2014|50000600590014|001|4300001177|00050|UKBC0010|1|EA|91480|KRW|91480|20140228|1300|
C|005186|2014|50000600590015|001|4300001177|00060|UADC0037|1|EA|612360|KRW|612360|20140228|1300|
C|005186|2014|50000600590016|001|4300001177|00070|UHTC0486|1|EA|46410|KRW|46410|20140228|1300|
C|005186|2014|50000600590017|001|4300001177|00080|UGCC0737|1|EA|1769000|KRW|1769000|20140228|1300|
C|005186|2014|50000600590018|001|4300001177|00090|UZZC0012|10|EA|7350|KRW|73500|20140228|1300|
C|005186|2014|50000600590019|001|4300001177|00150|UEBC0233|10|EA|1870|KRW|18700|20140228|1300|
C|005186|2014|50000600590020|001|4300001177|00160|UEBC0238|10|EA|3800|KRW|38000|20140228|1300|
C|005186|2014|50000600590021|001|4300001177|00170|UEBC0239|10|EA|3310|KRW|33100|20140228|1300|
C|005186|2014|50000600590022|001|4300001177|00180|UEBC0241|10|EA|4410|KRW|44100|20140228|1300|
C|005186|2014|50000600590023|001|4300001177|00190|UEBC0246|10|EA|5800|KRW|58000|20140228|1300|
C|005186|2014|50000600590024|001|4300001177|00200|UEBC0248|3|EA|19620|KRW|58860|20140228|1300|
C|005186|2014|50000600590025|001|4300001177|00210|UEBC0258|5|EA|6330|KRW|31650|20140228|1300|
C|005186|2014|50000600590026|001|4300001177|00220|UEBC0260|5|EA|11210|KRW|56050|20140228|1300|
C|005186|2014|50000600600001|001|4300001171|00010|UGBC0658|5|EA|160650|KRW|803250|20140228|1300|
C|005186|2014|50000600600002|001|4300001171|00040|UCIC0134|50|EA|2730|KRW|136500|20140228|1300|
C|005186|2014|50000600600003|001|4300001171|00050|UCEC0031|3|EA|67200|KRW|201600|20140228|1300|
C|005186|2014|50000600600004|001|4300001171|00060|UCEC0029|1|EA|67200|KRW|67200|20140228|1300|
C|005186|2014|50000600600005|001|4300001174|00010|UAEC0235|1|EA|180900|KRW|180900|20140228|1300|
C|005186|2014|50000600600006|001|4300001174|00020|UAGC0052|1|EA|2520|KRW|2520|20140228|1300|
C|005186|2014|50000600600007|001|4300001176|00100|UGCC0348|5|EA|140700|KRW|703500|20140228|1300|
C|005186|2014|50000600600008|001|4300001176|00120|UGCC0371|1|EA|149630|KRW|149630|20140228|1300|
C|005186|2014|50000600600009|001|4300001176|00130|UGCC0370|1|EA|144380|KRW|144380|20140228|1300|
C|005186|2014|50000600600010|001|4300001176|00160|UGCC0834|1|EA|291500|KRW|291500|20140228|1300|
C|005186|2014|50000600600011|001|4300001176|00170|UHGC0129|1|EA|612680|KRW|612680|20140228|1300|
C|005186|2014|50000600600012|001|4300001176|00180|UHTC0503|1|EA|489500|KRW|489500|20140228|1300|
C|005186|2014|50000600600013|001|4300001176|00190|UGCC0802|5|EA|82100|KRW|410500|20140228|1300|
C|005186|2014|50000600600014|001|4300001177|00110|UGBC0921|3|EA|66150|KRW|198450|20140228|1300|
C|005186|2014|50000600600015|001|4300001177|00120|UGBC0505|3|EA|210000|KRW|630000|20140228|1300|
C|005186|2014|50000600600016|001|4300001177|00130|UGAC0097|1|EA|346850|KRW|346850|20140228|1300|
C|005186|2014|50000600600017|001|4300001177|00140|UGBC1330|2|EA|200000|KRW|400000|20140228|1300|
C|005186|2014|50000600600018|001|4300001177|00230|UHNC0122|3|EA|195800|KRW|587400|20140228|1300|
C|005186|2014|50000600620001|001|4300000831|00010|UEAC0143|1|EA|252300|KRW|252300|20140228|1300|
C|005186|2014|50000600640001|001|4300001143|00010|UGBC1072|30|EA|24150|KRW|724500|20140228|1300|
C|005186|2014|50000600640002|001|4300001143|00020|UGBC1057|20|EA|10500|KRW|210000|20140228|1300|
C|005186|2014|50000600640003|001|4300001143|00030|UGBC0289|15|EA|9270|KRW|139050|20140228|1300|
C|005186|2014|50000600640004|001|4300001143|00040|UGBC0811|10|EA|6510|KRW|65100|20140228|1300|
C|005186|2014|50000600640005|001|4300001143|00050|UGBC0804|20|EA|3360|KRW|67200|20140228|1300|
C|005186|2014|50000600640006|001|4300001143|00060|UGBC1197|15|EA|27300|KRW|409500|20140228|1300|
C|005186|2014|50000600640007|001|4300001143|00070|UGBC0711|30|EA|2210|KRW|66300|20140228|1300|
C|005186|2014|50000600640008|001|4300001143|00080|UGBC0703|100|EA|850|KRW|85000|20140228|1300|
C|005186|2014|50000600640009|001|4300001143|00090|UCEC0029|1|EA|67200|KRW|67200|20140228|1300|
C|005186|2014|50000600640010|001|4300001143|00100|UCEC0031|1|EA|67200|KRW|67200|20140228|1300|
C|005186|2014|50000600640011|001|4300001143|00110|UJCC0029|1|EA|101400|KRW|101400|20140228|1300|
C|005186|2014|50000600640012|001|4300001143|00120|UGBC0027|50|EA|660|KRW|33000|20140228|1300|
C|005186|2014|50000600640013|001|4300001146|00080|UCIC0104|1|EA|262500|KRW|262500|20140228|1300|
C|005186|2014|50000600640014|001|4300001151|00020|KE030122|5|EA|31500|KRW|157500|20140228|1300|
