C|005186|2015|50001315630001|001|4300002047|00160|UGBC1401|1|EA|91500|KRW|91500|20150215|1300|
C|005186|2015|50001315630002|001|4300002055|00090|UGBC1331|1|EA|215790|KRW|215790|20150215|1300|
C|005186|2015|50001315630003|001|4300002067|00050|UGBC1196|30|EA|520|KRW|15600|20150215|1300|
C|005186|2015|50001315630004|001|4300002067|00070|UGBC1199|20|EA|870|KRW|17400|20150215|1300|
C|005186|2015|50001315630005|001|4300002067|00080|UGBC1194|10|EA|8400|KRW|84000|20150215|1300|
C|005186|2015|50001315630006|001|4300002067|00090|UGBC1274|30|EA|1160|KRW|34800|20150215|1300|
C|005186|2015|50001315630007|001|4300002067|00100|UGBC0378|10|EA|4620|KRW|46200|20150215|1300|
C|005186|2015|50001315630008|001|4300002067|00110|UGBC0382|5|EA|6510|KRW|32550|20150215|1300|
C|005186|2015|50001315630009|001|4300002067|00120|UGBC0326|30|EA|1260|KRW|37800|20150215|1300|
C|005186|2015|50001315630010|001|4300002067|00130|UGBC0327|20|EA|2100|KRW|42000|20150215|1300|
C|005186|2015|50001315630011|001|4300002067|00140|UGBC0073|10|EA|6930|KRW|69300|20150215|1300|
C|005186|2015|50001315630012|001|4300002067|00150|UGBC1202|5|EA|10200|KRW|51000|20150215|1300|
C|005186|2015|50001315630013|001|4300002067|00160|UGBC0237|20|EA|13860|KRW|277200|20150215|1300|
C|005186|2015|50001315630014|001|4300002067|00170|UGBC0552|20|EA|12600|KRW|252000|20150215|1300|
C|005186|2015|50001315630015|001|4300002067|00180|UGBC0556|5|EA|52500|KRW|262500|20150215|1300|
C|005186|2015|50001315630016|001|4300002069|00020|UGBC1331|2|EA|215790|KRW|431580|20150215|1300|
C|005186|2015|50001315630017|001|4300002070|00040|UKBC0010|1|EA|91480|KRW|91480|20150215|1300|
