C|005186|2015|50001627490001|001|4300002981|00010|CMA0015|200|EA|2830|KRW|566000|20150626|1300|
C|005186|2015|50001627490002|001|4300002981|00020|CMC0005|200|EA|190|KRW|38000|20150626|1300|
C|005186|2015|50001627490003|001|4300002982|00010|CMA0001|80|EA|240|KRW|19200|20150626|1300|
C|005186|2015|50001627490004|001|4300002982|00020|CMA0007|40|EA|270|KRW|10800|20150626|1300|
C|005186|2015|50001627490005|001|4300002982|00030|CMA0008|40|EA|690|KRW|27600|20150626|1300|
C|005186|2015|50001627490006|001|4300002982|00040|CMB0010|40|EA|1100|KRW|44000|20150626|1300|
C|005186|2015|50001627490007|001|4300002982|00050|CME0010|40|EA|285|KRW|11400|20150626|1300|
C|005186|2015|50001627490008|001|4300002982|00080|CME0001|10|EA|4910|KRW|49100|20150626|1300|
C|005186|2015|50001627490009|001|4300002982|00100|CME0004|4|EA|11550|KRW|46200|20150626|1300|
C|005186|2015|50001627490010|001|4300002983|00010|CMA0001|40|EA|240|KRW|9600|20150626|1300|
C|005186|2015|50001627490011|001|4300002983|00020|CMA0007|60|EA|270|KRW|16200|20150626|1300|
C|005186|2015|50001627490012|001|4300002983|00030|CMB0010|50|EA|1100|KRW|55000|20150626|1300|
C|005186|2015|50001627490013|001|4300002983|00080|CME0004|2|EA|11550|KRW|23100|20150626|1300|
C|005186|2015|50001627490014|001|4300002984|00020|CMZ0001|10|EA|765|KRW|7650|20150626|1300|
C|005186|2015|50001627490015|001|4300002984|00030|CMZ0002|10|EA|430|KRW|4300|20150626|1300|
C|005186|2015|50001627490016|001|4300002984|00040|CMB0010|10|EA|1100|KRW|11000|20150626|1300|
C|005186|2015|50001627490017|001|4300002984|00050|CMB0002|60|EA|2420|KRW|145200|20150626|1300|
C|005186|2015|50001627490018|001|4300002984|00060|CMB0003|60|EA|2420|KRW|145200|20150626|1300|
C|005186|2015|50001627490019|001|4300002984|00070|CMB0001|40|EA|655|KRW|26200|20150626|1300|
C|005186|2015|50001627490020|001|4300002984|00080|CMC0005|30|EA|190|KRW|5700|20150626|1300|
C|005186|2015|50001627490021|001|4300002984|00090|CMC0002|3|EA|9350|KRW|28050|20150626|1300|
C|005186|2015|50001627490022|001|4300002984|00100|CMC0007|2|EA|12100|KRW|24200|20150626|1300|
C|005186|2015|50001627490023|001|4300002984|00110|CME0008|10|EA|4410|KRW|44100|20150626|1300|
C|005186|2015|50001627490024|001|4300002984|00120|CME0010|350|EA|285|KRW|99750|20150626|1300|
C|005186|2015|50001627490025|001|4300002984|00130|CMA0001|220|EA|240|KRW|52800|20150626|1300|
C|005186|2015|50001627490026|001|4300002984|00140|CMA0007|60|EA|270|KRW|16200|20150626|1300|
C|005186|2015|50001627490027|001|4300002984|00150|CMA0008|160|EA|690|KRW|110400|20150626|1300|
C|005186|2015|50001627500001|001|4300002983|00050|CMD0016|2|EA|30450|KRW|60900|20150626|1300|
C|005186|2015|50001627510001|001|4300003053|00080|CMF0005|5|EA|20700|KRW|103500|20150626|1300|
C|005186|2015|50001627510002|001|4300003054|00010|CMF0005|5|EA|20700|KRW|103500|20150626|1300|
C|005186|2015|50001627510003|001|4300003061|00150|CMF0005|15|EA|20700|KRW|310500|20150626|1300|
