C|005186|2020|50005786130001|001|4300017437|00030|UGBC1532|5|EA|36600|KRW|183000|20200723|1300|
C|005186|2020|50005786140001|001|4300017459|00010|UHHC0143|2|EA|151200|KRW|302400|20200723|1300|
C|005186|2020|50005786140002|001|4300017459|00020|UGCC0487|1|EA|236850|KRW|236850|20200723|1300|
C|005186|2020|50005786140003|001|4300017459|00030|UAAC0001|50|EA|18900|KRW|94500|20200723|1300|
C|005186|2020|50005786140004|001|4300017459|00040|UHTC0486|2|EA|46410|KRW|92820|20200723|1300|
C|005186|2020|50005786140005|001|4300017459|00060|UFGC0057|5|EA|4940|KRW|24700|20200723|1300|
C|005186|2020|50005786140006|001|4300017459|00070|UFGC0063|3|EA|10290|KRW|30870|20200723|1300|
C|005186|2020|50005786140007|001|4300017459|00080|UCKC0058|1|EA|343200|KRW|343200|20200723|1300|
C|005186|2020|50005786140008|001|4300017459|00090|UDEC0039|100|EA|2770|KRW|277000|20200723|1300|
C|005186|2020|50005786140009|001|4300017459|00100|UIEC0009|1|EA|78750|KRW|78750|20200723|1300|
