C|005186|2019|50005227280001|001|4300014742|00020|UGBC1779|30|EA|10300|KRW|30900|20191011|1300|
C|005186|2019|50005227280002|001|4300014745|00010|UGCC1597|3|EA|91350|KRW|274050|20191011|1300|
C|005186|2019|50005227280003|001|4300014746|00050|UGBC1763|30|EA|2500|KRW|75000|20191011|1300|
C|005186|2019|50005227280004|001|4300014748|00230|UIEC0035|10|EA|37800|KRW|378000|20191011|1300|
C|005186|2019|50005227290001|001|4300014704|00010|UHFC0344|1|EA|63500|KRW|63500|20191011|1300|
C|005186|2019|50005227290002|001|4300014704|00020|UHGC0051|5|EA|132850|KRW|132850|20191011|1300|
C|005186|2019|50005227290003|001|4300014704|00030|UHGC0336|2|EA|347000|KRW|694000|20191011|1300|
C|005186|2019|50005227290004|001|4300014704|00040|UHGC0189|5|EA|31500|KRW|157500|20191011|1300|
C|005186|2019|50005227290005|001|4300014704|00050|UHFC0118|1|EA|265020|KRW|265020|20191011|1300|
C|005186|2019|50005227290006|001|4300014704|00060|UHFC0130|3|EA|41900|KRW|125700|20191011|1300|
C|005186|2019|50005227290007|001|4300014743|00010|UHHC0216|80|EA|1470000|KRW|2940000|20191011|1300|
C|005186|2019|50005227290008|001|4300014746|00080|UHGC0341|10|EA|300000|KRW|300000|20191011|1300|
C|005186|2019|50005227290009|001|4300014746|00100|UHTC0246|20|EA|169400|KRW|169400|20191011|1300|
C|005186|2019|50005227300001|001|4300014747|00020|UADC0154|2|EA|141750|KRW|283500|20191011|1300|
C|005186|2019|50005227300002|001|4300014747|00030|UADC0153|3|EA|118650|KRW|355950|20191011|1300|
C|005186|2019|50005227300003|001|4300014748|00010|UAGC0499|10|EA|97150|KRW|194300|20191011|1300|
C|005186|2019|50005227300004|001|4300014748|00020|UAGC0500|10|EA|99750|KRW|199500|20191011|1300|
C|005186|2019|50005227300005|001|4300014748|00030|UAGC0552|10|EA|54750|KRW|547500|20191011|1300|
C|005186|2019|50005227300006|001|4300014748|00070|UAEC0157|1|EA|160860|KRW|160860|20191011|1300|
C|005186|2019|50005227300007|001|4300014748|00090|UAEC0235|1|EA|180900|KRW|180900|20191011|1300|
C|005186|2019|50005227300008|001|4300014748|00120|UZZC0152|1|EA|358000|KRW|358000|20191011|1300|
C|005186|2019|50005227300009|001|4300014748|00130|UADC0106|10|EA|2310|KRW|23100|20191011|1300|
C|005186|2019|50005227300010|001|4300014748|00140|UAIC0013|2|EA|45680|KRW|91360|20191011|1300|
C|005186|2019|50005227300011|001|4300014748|00150|UADC0078|1|EA|7670|KRW|7670|20191011|1300|
C|005186|2019|50005227300012|001|4300014748|00160|UADC0108|1|EA|2520|KRW|2520|20191011|1300|
C|005186|2019|50005227300013|001|4300014748|00190|UAAC0010|1|EA|28320|KRW|28320|20191011|1300|
C|005186|2019|50005227300014|001|4300014748|00210|UAEC0041|4|EA|22110|KRW|88440|20191011|1300|
C|005186|2019|50005227300015|001|4300014748|00220|UAEC0473|2|EA|43540|KRW|87080|20191011|1300|
C|005186|2019|50005227300016|001|4300014748|00240|UAEC0349|2|EA|6963|KRW|13926|20191011|1300|
C|005186|2019|50005227300017|001|4300014749|00060|UEBC0512|6|EA|7010|KRW|42060|20191011|1300|
C|005186|2019|50005227300018|001|4300014749|00110|UAEC0330|1|EA|50240|KRW|50240|20191011|1300|
C|005186|2019|50005227300019|001|4300014751|00010|UEBC1425|3|EA|400000|KRW|1200000|20191011|1300|
C|005186|2019|50005227300020|001|4300014751|00050|UAEC0413|3|EA|11660|KRW|34980|20191011|1300|
C|005186|2019|50005227300021|001|4300014816|00010|UEBC1425|2|EA|400000|KRW|800000|20191011|1300|
C|005186|2019|50005227300022|001|4300014816|00020|UEBC0478|4|EA|2820|KRW|11280|20191011|1300|
C|005186|2019|50005227300023|001|4300014817|00060|UEBC1613|4|EA|3300|KRW|13200|20191011|1300|
C|005186|2019|50005227300024|001|4300014817|00130|UDBC1117|20|EA|3200|KRW|6400|20191011|1300|
C|005186|2019|50005227300025|001|4300014817|00140|UDBC1118|13|EA|14300|KRW|185900|20191011|1300|
C|005186|2019|50005227300026|001|4300014831|00010|UZZC0185|1|EA|861000|KRW|861000|20191011|1300|
C|005186|2019|50005227310001|001|4300014752|00010|UBEC0001|50|EA|189000|KRW|945000|20191011|1300|
C|005186|2019|50005227310002|001|4300014756|00010|UGCC0041|1|EA|159400|KRW|159400|20191011|1300|
C|005186|2019|50005227310003|001|4300014817|00050|UGCC1585|3|EA|25200|KRW|75600|20191011|1300|
C|005186|2019|50005227310004|001|4300014817|00120|UGCC1586|1|EA|117500|KRW|117500|20191011|1300|
C|005186|2019|50005227310005|001|4300014819|00010|UGCC0630|1|EA|36750|KRW|36750|20191011|1300|
C|005186|2019|50005227310006|001|4300014819|00020|UGCC0631|1|EA|71930|KRW|71930|20191011|1300|
C|005186|2019|50005227320001|001|4300014763|00040|UGBC1774|3|EA|75600|KRW|226800|20191011|1300|
C|005186|2019|50005227320002|001|4300014817|00010|UCIC0243|1|EA|300000|KRW|300000|20191011|1300|
C|005186|2019|50005227320003|001|4300014817|00020|UGBC1775|3|EA|68250|KRW|204750|20191011|1300|
C|005186|2019|50005227320004|001|4300014817|00030|UGBC1776|3|EA|58800|KRW|176400|20191011|1300|
C|005186|2019|50005227320005|001|4300014817|00040|UGBC1777|3|EA|57750|KRW|173250|20191011|1300|
C|005186|2019|50005227330001|001|4300014701|00010|UEBC1616|15|EA|116600|KRW|1749000|20191011|1300|
C|005186|2019|50005227330002|001|4300014701|00020|UEBC1606|1|EA|247000|KRW|247000|20191011|1300|
C|005186|2019|50005227330003|001|4300014749|00010|UEBC1373|1|EA|53000|KRW|53000|20191011|1300|
C|005186|2019|50005227330004|001|4300014749|00020|UEAC1132|1|EA|756000|KRW|756000|20191011|1300|
C|005186|2019|50005227330005|001|4300014749|00030|UEBC1103|10|EA|92600|KRW|92600|20191011|1300|
C|005186|2019|50005227330006|001|4300014749|00040|UAGC0023|50|EA|16600|KRW|83000|20191011|1300|
C|005186|2019|50005227330007|001|4300014749|00050|UEBC1387|2|EA|292560|KRW|585120|20191011|1300|
C|005186|2019|50005227330008|001|4300014749|00080|UEBC1241|2|EA|46640|KRW|93280|20191011|1300|
C|005186|2019|50005227330009|001|4300014749|00090|UEBC1583|10|EA|1260|KRW|12600|20191011|1300|
C|005186|2019|50005227330010|001|4300014749|00100|UEBC1584|10|EA|2000|KRW|20000|20191011|1300|
C|005186|2019|50005227330011|001|4300014749|00120|UEBC1061|3|EA|15730|KRW|47190|20191011|1300|
C|005186|2019|50005227330012|001|4300014750|00010|UEAC0137|1|EA|519900|KRW|519900|20191011|1300|
C|005186|2019|50005227330013|001|4300014750|00020|UEBC1413|2|EA|79500|KRW|159000|20191011|1300|
C|005186|2019|50005227330014|001|4300014750|00030|UEBC1279|2|EA|146000|KRW|292000|20191011|1300|
C|005186|2019|50005227330015|001|4300014750|00040|UEBC0681|10|EA|26250|KRW|262500|20191011|1300|
C|005186|2019|50005227330016|001|4300014750|00050|UDBC0244|2|EA|172200|KRW|344400|20191011|1300|
C|005186|2019|50005227330017|001|4300014750|00070|UEBC0663|2|EA|69930|KRW|139860|20191011|1300|
C|005186|2019|50005227330018|001|4300014751|00020|UEBC1527|4|EA|115000|KRW|460000|20191011|1300|
C|005186|2019|50005227330019|001|4300014751|00030|UEBC1280|5|EA|7050|KRW|35250|20191011|1300|
C|005186|2019|50005227330020|001|4300014751|00040|UEBC1263|5|EA|39220|KRW|196100|20191011|1300|
C|005186|2019|50005227330021|001|4300014763|00010|UEAC1145|1|EA|512000|KRW|512000|20191011|1300|
C|005186|2019|50005227330022|001|4300014763|00020|UEBC1611|1|EA|312000|KRW|312000|20191011|1300|
C|005186|2019|50005227330023|001|4300014763|00030|UEBC1612|6|EA|157000|KRW|942000|20191011|1300|
C|005186|2019|50005227330024|001|4300014816|00040|UDAC0096|10|EA|23100|KRW|23100|20191011|1300|
C|005186|2019|50005227330025|001|4300014816|00050|UDAC0369|10|EA|101000|KRW|101000|20191011|1300|
C|005186|2019|50005227330026|001|4300014816|00060|UEBC0670|2|EA|9430|KRW|18860|20191011|1300|
C|005186|2019|50005227330027|001|4300014816|00070|UEBC0381|4|EA|2460|KRW|9840|20191011|1300|
C|005186|2019|50005227330028|001|4300014817|00070|UDBC1112|100|EA|10000|KRW|100000|20191011|1300|
C|005186|2019|50005227330029|001|4300014817|00080|UDBC1113|100|EA|3400|KRW|34000|20191011|1300|
C|005186|2019|50005227330030|001|4300014817|00090|UDBC1114|200|EA|1800|KRW|36000|20191011|1300|
C|005186|2019|50005227330031|001|4300014817|00100|UDBC1115|100|EA|1600|KRW|16000|20191011|1300|
C|005186|2019|50005227340001|001|4300014748|00060|UHTC0833|1|EA|79690|KRW|79690|20191011|1300|
C|005186|2019|50005227340002|001|4300014748|00200|UEBC0063|2|EA|144900|KRW|289800|20191011|1300|
C|005186|2019|50005227350001|001|4300014741|00090|UEBC1610|2|EA|85580|KRW|171160|20191011|1300|
C|005186|2019|50005227360001|001|4300014750|00060|UCEC0012|5|EA|50400|KRW|252000|20191011|1300|
C|005186|2019|50005227370001|001|4300014761|00010|UCIC0172|1|EA|1852000|KRW|1852000|20191011|1300|
C|005186|2019|50005227370002|001|4300014762|00010|UGBC1770|10|EA|84000|KRW|840000|20191011|1300|
C|005186|2019|50005227370003|001|4300014762|00020|UAGC0025|2|EA|6060|KRW|12120|20191011|1300|
C|005186|2019|50005227370004|001|4300014762|00030|UGBC1492|10|EA|424000|KRW|848000|20191011|1300|
C|005186|2019|50005227370005|001|4300014819|00030|UGBC1416|2|EA|300000|KRW|600000|20191011|1300|
