C|005186|2013|50000455100001|001|4300000801|00030|UDEC0052|2|EA|111300|KRW|222600|20131213|1300|
C|005186|2013|50000455100002|001|4300000834|00030|UAGC0323|20|EA|14180|KRW|283600|20131213|1300|
C|005186|2013|50000455100003|001|4300000834|00040|UADC0040|30|EA|7880|KRW|236400|20131213|1300|
C|005186|2013|50000455100004|001|4300000834|00050|UKEC0091|20|EA|1270|KRW|25400|20131213|1300|
C|005186|2013|50000455100005|001|4300000834|00060|UAAC0001|20|EA|1890|KRW|37800|20131213|1300|
C|005186|2013|50000455100006|001|4300000834|00080|UAEC0363|1|EA|376215|KRW|376215|20131213|1300|
C|005186|2013|50000455100007|001|4300000834|00090|UGBC0695|40|EA|1320|KRW|52800|20131213|1300|
C|005186|2013|50000455100008|001|4300000834|00100|UGBC0697|40|EA|1470|KRW|58800|20131213|1300|
C|005186|2013|50000455100009|001|4300000834|00120|UAEC0094|2|EA|22630|KRW|45260|20131213|1300|
C|005186|2013|50000455100010|001|4300000837|00060|UDBC0440|300|EA|87|KRW|26100|20131213|1300|
C|005186|2013|50000455100011|001|4300000837|00080|UDBC0446|300|EA|108|KRW|32400|20131213|1300|
C|005186|2013|50000455100012|001|4300000837|00120|UEBC0370|10|EA|3810|KRW|38100|20131213|1300|
C|005186|2013|50000455100013|001|4300000837|00130|UDAC0250|3|EA|17900|KRW|53700|20131213|1300|
C|005186|2013|50000455100014|001|4300000837|00140|UDAC0251|3|EA|24300|KRW|72900|20131213|1300|
C|005186|2013|50000455100015|001|4300000837|00150|UEBC0587|4|EA|10980|KRW|43920|20131213|1300|
C|005186|2013|50000455100016|001|4300000837|00160|UEBC0938|10|EA|100000|KRW|1000000|20131213|1300|
C|005186|2013|50000455100017|001|4300000837|00170|UIDC0052|1|EA|170100|KRW|170100|20131213|1300|
C|005186|2013|50000455100018|001|4300000838|00070|UDBC0427|300|EA|120|KRW|36000|20131213|1300|
C|005186|2013|50000455100019|001|4300000838|00080|UDBC0442|300|EA|70|KRW|21000|20131213|1300|
C|005186|2013|50000455100020|001|4300000883|00010|UEBC0007|8|EA|58800|KRW|470400|20131213|1300|
C|005186|2013|50000455100021|001|4300000883|00020|UEBC0010|8|EA|89570|KRW|716560|20131213|1300|
C|005186|2013|50000455100022|001|4300000883|00030|UEBC0011|8|EA|133350|KRW|1066800|20131213|1300|
C|005186|2013|50000455100023|001|4300000883|00050|UDBC0241|2|EA|176400|KRW|352800|20131213|1300|
C|005186|2013|50000455100024|001|4300000883|00060|UEBC0587|8|EA|10980|KRW|87840|20131213|1300|
C|005186|2013|50000455100025|001|4300000883|00070|UEBC0545|8|EA|66250|KRW|530000|20131213|1300|
C|005186|2013|50000455100026|001|4300000883|00080|UCKC0078|4|EA|472600|KRW|1890400|20131213|1300|
C|005186|2013|50000455100027|001|4300000883|00110|UAGC0130|1|EA|107625|KRW|107625|20131213|1300|
C|005186|2013|50000455100028|001|4300000883|00130|UGCC0758|1|EA|462000|KRW|462000|20131213|1300|
C|005186|2013|50000455100029|001|4300000883|00140|UEBC0729|1|EA|30030|KRW|30030|20131213|1300|
C|005186|2013|50000455100030|001|4300000883|00150|UKEC0105|40|EA|6840|KRW|273600|20131213|1300|
C|005186|2013|50000455100031|001|4300000884|00030|UEBC0329|4|EA|14750|KRW|59000|20131213|1300|
C|005186|2013|50000455100032|001|4300000884|00040|UEBC1086|4|EA|9050|KRW|36200|20131213|1300|
C|005186|2013|50000455100033|001|4300000884|00080|UIDC0086|2|EA|140000|KRW|280000|20131213|1300|
C|005186|2013|50000455100034|001|4300000884|00090|UAEC0312|4|EA|11790|KRW|47160|20131213|1300|
C|005186|2013|50000455100035|001|4300000884|00100|UAGC0194|100|EA|3260|KRW|326000|20131213|1300|
C|005186|2013|50000455100036|001|4300000884|00120|UEBC1070|50|EA|4630|KRW|231500|20131213|1300|
C|005186|2013|50000455100037|001|4300000884|00130|UEBC1072|50|EA|5050|KRW|252500|20131213|1300|
C|005186|2013|50000455100038|001|4300000884|00140|UDBC0656|100|EA|60|KRW|6000|20131213|1300|
C|005186|2013|50000455100039|001|4300000884|00150|UEBC0006|8|EA|46250|KRW|370000|20131213|1300|
C|005186|2013|50000455100040|001|4300000885|00010|UAGC0379|3|EA|35700|KRW|107100|20131213|1300|
C|005186|2013|50000455100041|001|4300000885|00130|UEBC1107|10|EA|6710|KRW|67100|20131213|1300|
