C|005186|2020|50005722430001|001|4300017092|00100|UAGC0091|2|EA|8890|KRW|17780|20200619|1300|
C|005186|2020|50005722430002|001|4300017105|00060|UGBC0844|30|EA|31500|KRW|94500|20200619|1300|
C|005186|2020|50005722430003|001|4300017125|00030|UAEC0443|10|EA|1800|KRW|18000|20200619|1300|
C|005186|2020|50005722440001|001|4300017107|00100|UCEC0012|5|EA|50400|KRW|252000|20200619|1300|
C|005186|2020|50005722440002|001|4300017108|00010|UJCC0053|10|EA|420000|KRW|420000|20200619|1300|
C|005186|2020|50005722440003|001|4300017108|00020|UGBC0111|5|EA|294000|KRW|1470000|20200619|1300|
C|005186|2020|50005722450001|001|4300017087|00020|UGBC0520|20|EA|126000|KRW|252000|20200619|1300|
C|005186|2020|50005722450002|001|4300017087|00030|UGBC0062|40|EA|27400|KRW|54800|20200619|1300|
C|005186|2020|50005722450003|001|4300017087|00040|UGBC0254|40|EA|100800|KRW|201600|20200619|1300|
C|005186|2020|50005722450004|001|4300017087|00050|UGBC0597|40|EA|25200|KRW|50400|20200619|1300|
C|005186|2020|50005722450005|001|4300017087|00060|UGBC0599|20|EA|46200|KRW|46200|20200619|1300|
C|005186|2020|50005722450006|001|4300017087|00070|UGBC1168|20|EA|3990|KRW|79800|20200619|1300|
C|005186|2020|50005722450007|001|4300017087|00080|UGBC1196|30|EA|5200|KRW|15600|20200619|1300|
C|005186|2020|50005722450008|001|4300017087|00090|UGBC1198|20|EA|620|KRW|12400|20200619|1300|
C|005186|2020|50005722450009|001|4300017088|00010|UCIC0100|1|EA|1155000|KRW|1155000|20200619|1300|
C|005186|2020|50005722450010|001|4300017088|00020|UGBC0179|10|EA|31500|KRW|315000|20200619|1300|
C|005186|2020|50005722460001|001|4300017091|00030|UGBC1347|30|EA|11600|KRW|34800|20200619|1300|
C|005186|2020|50005722460002|001|4300017091|00040|UDAC0333|20|EA|2000|KRW|40000|20200619|1300|
C|005186|2020|50005722460003|001|4300017091|00050|UDAC0311|20|EA|26900|KRW|53800|20200619|1300|
C|005186|2020|50005722460004|001|4300017091|00060|UGBC0165|40|EA|10600|KRW|21200|20200619|1300|
C|005186|2020|50005722460005|001|4300017091|00070|UGBC0168|20|EA|16800|KRW|33600|20200619|1300|
C|005186|2020|50005722460006|001|4300017091|00080|UGBC0621|20|EA|12800|KRW|12800|20200619|1300|
C|005186|2020|50005722460007|001|4300017091|00090|UGBC0127|20|EA|10100|KRW|20200|20200619|1300|
C|005186|2020|50005722460008|001|4300017091|00100|UGBC0482|10|EA|18000|KRW|180000|20200619|1300|
C|005186|2020|50005722460009|001|4300017092|00050|UGBC1690|1|EA|265000|KRW|265000|20200619|1300|
C|005186|2020|50005722460010|001|4300017092|00060|UGBC1195|3|EA|54600|KRW|163800|20200619|1300|
C|005186|2020|50005722460011|001|4300017092|00110|UGBC0545|10|EA|252000|KRW|504000|20200619|1300|
C|005186|2020|50005722460012|001|4300017092|00120|UGBC0820|10|EA|210000|KRW|210000|20200619|1300|
C|005186|2020|50005722460013|001|4300017093|00040|UGBC1398|5|EA|392500|KRW|392500|20200619|1300|
C|005186|2020|50005722460014|001|4300017094|00010|UGBC1338|1|EA|1042100|KRW|1042100|20200619|1300|
C|005186|2020|50005722460015|001|4300017094|00020|UGBC0508|1|EA|207900|KRW|207900|20200619|1300|
C|005186|2020|50005722460016|001|4300017094|00030|UCIC0030|1|EA|325500|KRW|325500|20200619|1300|
C|005186|2020|50005722460017|001|4300017124|00010|UCIC0030|1|EA|325500|KRW|325500|20200619|1300|
C|005186|2020|50005722460018|001|4300017124|00020|UJCC0030|2|EA|101400|KRW|202800|20200619|1300|
C|005186|2020|50005722460019|001|4300017124|00030|UGBC0623|10|EA|2000|KRW|20000|20200619|1300|
C|005186|2020|50005722460020|001|4300017124|00040|UGBC1321|10|EA|2210|KRW|22100|20200619|1300|
C|005186|2020|50005722460021|001|4300017124|00050|UGBC0614|10|EA|5150|KRW|51500|20200619|1300|
C|005186|2020|50005722460022|001|4300017124|00060|UGBC0615|5|EA|7460|KRW|37300|20200619|1300|
C|005186|2020|50005722460023|001|4300017124|00070|UGBC0193|10|EA|13150|KRW|26300|20200619|1300|
C|005186|2020|50005722460024|001|4300017124|00080|UGBC0194|10|EA|18025|KRW|36050|20200619|1300|
C|005186|2020|50005722460025|001|4300017124|00090|UGBC0195|5|EA|23650|KRW|23650|20200619|1300|
C|005186|2020|50005722460026|001|4300017124|00100|UGBC0196|10|EA|34650|KRW|69300|20200619|1300|
C|005186|2020|50005722460027|001|4300017124|00110|UGBC1085|10|EA|25200|KRW|126000|20200619|1300|
