C|005186|2013|50000368480001|001|4300000596|00010|KE110200|10|EA|65100|KRW|651000|20131031|1300|
C|005186|2013|50000368480002|001|4300000597|00120|KE110200|20|EA|65100|KRW|1302000|20131031|1300|
C|005186|2013|50000368490001|001|4300000680|00040|UJAC0005|4|EA|49300|KRW|197200|20131031|1300|
C|005186|2013|50000368490002|001|4300000680|00060|UAGC0440|10|EA|5570|KRW|55700|20131031|1300|
C|005186|2013|50000368490003|001|4300000680|00070|UAGC0136|10|EA|6980|KRW|69800|20131031|1300|
C|005186|2013|50000368490004|001|4300000680|00080|UAGC0441|10|EA|8020|KRW|80200|20131031|1300|
C|005186|2013|50000368490005|001|4300000680|00090|UEBC0774|30|EA|515|KRW|15450|20131031|1300|
C|005186|2013|50000368490006|001|4300000680|00100|UEBC0775|30|EA|920|KRW|27600|20131031|1300|
C|005186|2013|50000368490007|001|4300000680|00110|UEBC0781|30|EA|630|KRW|18900|20131031|1300|
C|005186|2013|50000368490008|001|4300000680|00120|UEBC0782|30|EA|1055|KRW|31650|20131031|1300|
C|005186|2013|50000368490009|001|4300000680|00130|UEBC0787|30|EA|850|KRW|25500|20131031|1300|
C|005186|2013|50000368490010|001|4300000680|00140|UEBC0786|30|EA|1570|KRW|47100|20131031|1300|
C|005186|2013|50000368490011|001|4300000680|00150|UDDC0012|5|EA|45150|KRW|225750|20131031|1300|
C|005186|2013|50000368490012|001|4300000680|00170|UEBC0774|10|EA|515|KRW|5150|20131031|1300|
C|005186|2013|50000368490013|001|4300000680|00180|UEBC0775|10|EA|920|KRW|9200|20131031|1300|
C|005186|2013|50000368490014|001|4300000680|00190|UEBC0781|10|EA|630|KRW|6300|20131031|1300|
C|005186|2013|50000368490015|001|4300000680|00200|UEBC0782|10|EA|1055|KRW|10550|20131031|1300|
C|005186|2013|50000368490016|001|4300000680|00210|UEBC0787|10|EA|850|KRW|8500|20131031|1300|
C|005186|2013|50000368490017|001|4300000680|00220|UEBC0786|10|EA|1570|KRW|15700|20131031|1300|
C|005186|2013|50000368490018|001|4300000681|00050|UEBC0619|10|EA|10640|KRW|106400|20131031|1300|
C|005186|2013|50000368490019|001|4300000681|00060|UAEC0324|32|EA|8630|KRW|276160|20131031|1300|
C|005186|2013|50000368490020|001|4300000681|00070|UDAC0033|50|EA|1890|KRW|94500|20131031|1300|
C|005186|2013|50000368490021|001|4300000681|00100|UJCC0013|500|EA|665|KRW|332500|20131031|1300|
C|005186|2013|50000368490022|001|4300000681|00110|UDAC0247|2000|EA|640|KRW|1280000|20131031|1300|
C|005186|2013|50000368490023|001|4300000681|00190|UDBC0752|500|EA|210|KRW|105000|20131031|1300|
C|005186|2013|50000368490024|001|4300000689|00010|UADC0107|1|EA|220500|KRW|220500|20131031|1300|
C|005186|2013|50000368900001|001|4300000681|00120|KS067007|40|EA|4100|KRW|164000|20131031|1300|
C|005186|2013|50000368900002|001|4300000689|00020|KS061508|5|EA|10510|KRW|52550|20131031|1300|
