C|005186|2013|50000096550001|001|4300000073|00010|UGAC0006|10|EA|30030|KRW|300300|20130531|1300|
C|005186|2013|50000096550002|001|4300000082|00010|UKEC0077|1|EA|26250|KRW|26250|20130531|1300|
C|005186|2013|50000096550003|001|4300000082|00030|UKEC0086|3|EA|2100|KRW|6300|20130531|1300|
C|005186|2013|50000096550004|001|4300000082|00040|UKEC0087|3|EA|1890|KRW|5670|20130531|1300|
C|005186|2013|50000096550005|001|4300000082|00050|UICC0029|1|EA|7360|KRW|7360|20130531|1300|
C|005186|2013|50000096550006|001|4300000083|00010|KE190001|20|EA|6300|KRW|126000|20130531|1300|
C|005186|2013|50000096550007|001|4300000085|00010|UHFC0138|1|EA|165360|KRW|165360|20130531|1300|
C|005186|2013|50000096550008|001|4300000085|00020|UHTC0278|5|EA|8400|KRW|42000|20130531|1300|
C|005186|2013|50000096550009|001|4300000085|00030|UHTC0279|5|EA|8400|KRW|42000|20130531|1300|
C|005186|2013|50000096550010|001|4300000085|00040|UAGC0371|5|EA|7480|KRW|37400|20130531|1300|
C|005186|2013|50000096550011|001|4300000086|00010|UGBC0196|20|EA|6930|KRW|138600|20130531|1300|
C|005186|2013|50000096550012|001|4300000086|00020|UGBC0167|10|EA|860|KRW|8600|20130531|1300|
C|005186|2013|50000096550013|001|4300000086|00030|UGBC0621|20|EA|640|KRW|12800|20130531|1300|
C|005186|2013|50000096550014|001|4300000086|00040|UGBC0179|10|EA|31500|KRW|315000|20130531|1300|
C|005186|2013|50000096550015|001|4300000086|00050|UGBC0124|20|EA|315|KRW|6300|20130531|1300|
C|005186|2013|50000096550016|001|4300000086|00060|UGBC0194|10|EA|3605|KRW|36050|20130531|1300|
C|005186|2013|50000096550017|001|4300000087|00010|UJCC0029|2|EA|101400|KRW|202800|20130531|1300|
C|005186|2013|50000096550018|001|4300000087|00020|UJCC0030|2|EA|101400|KRW|202800|20130531|1300|
C|005186|2013|50000096550019|001|4300000087|00030|UGBC0159|5|EA|77900|KRW|389500|20130531|1300|
C|005186|2013|50000096550020|001|4300000088|00010|UCKC0035|15|EA|44520|KRW|667800|20130531|1300|
C|005186|2013|50000096550021|001|4300000088|00020|UKEC0051|10|EA|71400|KRW|714000|20130531|1300|
C|005186|2013|50000096550022|001|4300000088|00030|UKEC0038|3|EA|27300|KRW|81900|20130531|1300|
C|005186|2013|50000096550023|001|4300000088|00040|UKEC0087|10|EA|1890|KRW|18900|20130531|1300|
C|005186|2013|50000096550024|001|4300000088|00050|UKEC0030|10|EA|1890|KRW|18900|20130531|1300|
C|005186|2013|50000096550025|001|4300000088|00070|UKEC0001|5|EA|1360|KRW|6800|20130531|1300|
C|005186|2013|50000096550026|001|4300000088|00080|UZZC0106|2|EA|23150|KRW|46300|20130531|1300|
C|005186|2013|50000096550027|001|4300000088|00090|UKEC0079|1|EA|105200|KRW|105200|20130531|1300|
C|005186|2013|50000096550028|001|4300000088|00100|UDBC0835|30|EA|420|KRW|12600|20130531|1300|
C|005186|2013|50000096550029|001|4300000088|00110|UHTC0199|3|EA|488250|KRW|1464750|20130531|1300|
C|005186|2013|50000096550030|001|4300000088|00120|UGCC0632|1|EA|98700|KRW|98700|20130531|1300|
C|005186|2013|50000096550031|001|4300000090|00010|UEBC0518|2|EA|10400|KRW|20800|20130531|1300|
C|005186|2013|50000096550032|001|4300000090|00020|UZZC0124|4|EA|125000|KRW|500000|20130531|1300|
C|005186|2013|50000096550033|001|4300000092|00010|UKEC0012|5|EA|1530|KRW|7650|20130531|1300|
C|005186|2013|50000096550034|001|4300000092|00020|UKEC0022|10|EA|1530|KRW|15300|20130531|1300|
C|005186|2013|50000096550035|001|4300000092|00030|UZZC0106|6|EA|23150|KRW|138900|20130531|1300|
C|005186|2013|50000096550036|001|4300000092|00040|UADC0137|2|EA|10420|KRW|20840|20130531|1300|
C|005186|2013|50000096550037|001|4300000092|00050|UZZC0003|10|EA|27160|KRW|271600|20130531|1300|
C|005186|2013|50000096550038|001|4300000092|00060|UAEC0366|2|EA|229400|KRW|458800|20130531|1300|
C|005186|2013|50000096550039|001|4300000092|00070|UKEC0051|6|EA|71400|KRW|428400|20130531|1300|
C|005186|2013|50000096550040|001|4300000092|00080|UKEC0086|10|EA|2100|KRW|21000|20130531|1300|
C|005186|2013|50000096550041|001|4300000092|00090|UKEC0077|3|EA|26250|KRW|78750|20130531|1300|
C|005186|2013|50000096550042|001|4300000092|00100|UKEC0068|2|EA|105200|KRW|210400|20130531|1300|
C|005186|2013|50000096550043|001|4300000092|00110|UKEC0071|1|EA|105200|KRW|105200|20130531|1300|
C|005186|2013|50000096550044|001|4300000092|00120|UHDC0127|50|EA|2100|KRW|105000|20130531|1300|
C|005186|2013|50000096550045|001|4300000092|00130|UKEC0057|3|EA|21000|KRW|63000|20130531|1300|
C|005186|2013|50000096550046|001|4300000092|00140|UICC0038|3|EA|4520|KRW|13560|20130531|1300|
C|005186|2013|50000096550047|001|4300000092|00150|UKEC0106|1|EA|20000|KRW|20000|20130531|1300|
C|005186|2013|50000096550048|001|4300000092|00160|UADC0049|1|EA|663290|KRW|663290|20130531|1300|
C|005186|2013|50000096550049|001|4300000092|00170|UADC0110|1|EA|132410|KRW|132410|20130531|1300|
C|005186|2013|50000096550050|001|4300000097|00010|UGCC0229|2|EA|57900|KRW|115800|20130531|1300|
C|005186|2013|50000096550051|001|4300000097|00020|UHGC0159|5|EA|50400|KRW|252000|20130531|1300|
C|005186|2013|50000096550052|001|4300000097|00030|UHGC0169|3|EA|50400|KRW|151200|20130531|1300|
C|005186|2013|50000096550053|001|4300000098|00020|UDCC0025|10|EA|10400|KRW|104000|20130531|1300|
C|005186|2013|50000096550054|001|4300000098|00030|UDEC0002|30|EA|44100|KRW|1323000|20130531|1300|
