C|005186|2016|50002484220001|001|4300005000|00020|CMA0002|3|EA|1530|KRW|4590|20160430|1300|
C|005186|2016|50002484220002|001|4300005000|00050|CMZ0009|3|EA|740|KRW|2220|20160430|1300|
C|005186|2016|50002484220003|001|4300005000|00060|CMZ0014|1|EA|23300|KRW|23300|20160430|1300|
C|005186|2016|50002484220004|001|4300005000|00070|CMZ0032|5|EA|1970|KRW|9850|20160430|1300|
C|005186|2016|50002484220005|001|4300005003|00020|CMA0003|20|EA|950|KRW|19000|20160430|1300|
C|005186|2016|50002484220006|001|4300005003|00050|CMA0017|20|EA|780|KRW|15600|20160430|1300|
C|005186|2016|50002484220007|001|4300005003|00070|CMF0004|2|EA|22050|KRW|44100|20160430|1300|
C|005186|2016|50002484220008|001|4300005003|00090|CMF0006|1|EA|11970|KRW|11970|20160430|1300|
C|005186|2016|50002484220009|001|4300005003|00100|CMF0021|2|EA|5400|KRW|10800|20160430|1300|
C|005186|2016|50002484220010|001|4300005028|00010|UKBC0010|3|EA|91480|KRW|274440|20160430|1300|
C|005186|2016|50002484220011|001|4300005028|00040|UDDC0102|1|EA|94500|KRW|94500|20160430|1300|
C|005186|2016|50002484220012|001|4300005028|00050|UDBC0147|2000|EA|27|KRW|54000|20160430|1300|
C|005186|2016|50002484220013|001|4300005028|00060|UDBC0149|2000|EA|34|KRW|68000|20160430|1300|
C|005186|2016|50002484220014|001|4300005030|00030|UHTC0246|40|EA|8470|KRW|338800|20160430|1300|
C|005186|2016|50002484220015|001|4300005030|00040|UHTC0244|40|EA|3500|KRW|140000|20160430|1300|
C|005186|2016|50002484220016|001|4300005030|00050|UKBC0010|1|EA|91480|KRW|91480|20160430|1300|
C|005186|2016|50002484220017|001|4300005031|00030|UDBC0815|100|EA|490|KRW|49000|20160430|1300|
C|005186|2016|50002484220018|001|4300005031|00060|UGCC0510|1|EA|41060|KRW|41060|20160430|1300|
C|005186|2016|50002484220019|001|4300005032|00100|UGCC1023|5|EA|9490|KRW|47450|20160430|1300|
C|005186|2016|50002484220020|001|4300005033|00050|UGCC1045|30|EA|2226|KRW|66780|20160430|1300|
C|005186|2016|50002484220021|001|4300005033|00060|UGCC1046|10|EA|14800|KRW|148000|20160430|1300|
C|005186|2016|50002484220022|001|4300005033|00070|UGCC0501|2|EA|38000|KRW|76000|20160430|1300|
C|005186|2016|50002484220023|001|4300005033|00080|UKBC0010|1|EA|91480|KRW|91480|20160430|1300|
C|005186|2016|50002484220024|001|4300005036|00020|UKBC0010|5|EA|91480|KRW|457400|20160430|1300|
C|005186|2016|50002484220025|001|4300005038|00010|UDAC0266|100|EA|4840|KRW|484000|20160430|1300|
C|005186|2016|50002484220026|001|4300005039|00060|UKGC0010|2|EA|27370|KRW|54740|20160430|1300|
C|005186|2016|50002484220027|001|4300005039|00070|UEBC1249|10|EA|1900|KRW|19000|20160430|1300|
C|005186|2016|50002484220028|001|4300005039|00080|UEBC0507|9|EA|6384|KRW|57456|20160430|1300|
C|005186|2016|50002484220029|001|4300005040|00080|UKBC0010|1|EA|91480|KRW|91480|20160430|1300|
C|005186|2016|50002484220030|001|4300005040|00100|UHHC0140|1|EA|81690|KRW|81690|20160430|1300|
C|005186|2016|50002484220031|001|4300005040|00120|UDBC0927|20|EA|3583|KRW|71660|20160430|1300|
C|005186|2016|50002484220032|001|4300005040|00150|UGBC1484|2|EA|1728|KRW|3456|20160430|1300|
C|005186|2016|50002484230001|001|4300005031|00040|UGCC1031|30|EA|15370|KRW|461100|20160430|1300|
C|005186|2016|50002484240001|001|4300005028|00020|UAEC0145|1|EA|208420|KRW|208420|20160430|1300|
C|005186|2016|50002484240002|001|4300005028|00030|UAEC0146|3|EA|84210|KRW|252630|20160430|1300|
C|005186|2016|50002484240003|001|4300005028|00080|UGCC0042|1|EA|90000|KRW|90000|20160430|1300|
C|005186|2016|50002484240004|001|4300005030|00010|UAGC0323|20|EA|14180|KRW|283600|20160430|1300|
C|005186|2016|50002484240005|001|4300005030|00020|UADC0091|40|EA|25230|KRW|1009200|20160430|1300|
C|005186|2016|50002484240006|001|4300005031|00070|UAGC0037|1|EA|21210|KRW|21210|20160430|1300|
C|005186|2016|50002484240007|001|4300005031|00080|UAKC0012|1|EA|9080|KRW|9080|20160430|1300|
C|005186|2016|50002484240008|001|4300005031|00090|UIEC0075|2|EA|7596|KRW|15192|20160430|1300|
C|005186|2016|50002484240009|001|4300005032|00010|UAGC0455|1|EA|128000|KRW|128000|20160430|1300|
C|005186|2016|50002484240010|001|4300005032|00020|UZZC0097|4|EA|70760|KRW|283040|20160430|1300|
C|005186|2016|50002484240011|001|4300005032|00040|UAGC0247|1|EA|566320|KRW|566320|20160430|1300|
C|005186|2016|50002484240012|001|4300005032|00060|UAEC0026|1|EA|10940|KRW|10940|20160430|1300|
C|005186|2016|50002484240013|001|4300005032|00070|UAEC0250|1|EA|3930|KRW|3930|20160430|1300|
C|005186|2016|50002484240014|001|4300005032|00110|UJCC0062|1|EA|54740|KRW|54740|20160430|1300|
C|005186|2016|50002484240015|001|4300005032|00120|UHFC0434|20|EA|8930|KRW|178600|20160430|1300|
C|005186|2016|50002484240016|001|4300005033|00010|UHFC0433|70|EA|7140|KRW|499800|20160430|1300|
C|005186|2016|50002484240017|001|4300005034|00010|UCKC0119|5|EA|241700|KRW|1208500|20160430|1300|
C|005186|2016|50002484240018|001|4300005034|00030|UJCC0060|300|EA|590|KRW|177000|20160430|1300|
C|005186|2016|50002484240019|001|4300005034|00040|UAEC0069|2|EA|16310|KRW|32620|20160430|1300|
C|005186|2016|50002484240020|001|4300005034|00050|UAEC0079|2|EA|12075|KRW|24150|20160430|1300|
C|005186|2016|50002484240021|001|4300005034|00060|UAEC0029|30|EA|7500|KRW|225000|20160430|1300|
C|005186|2016|50002484240022|001|4300005037|00020|UAHC0025|100|EA|7660|KRW|766000|20160430|1300|
C|005186|2016|50002484240023|001|4300005039|00040|UAGC0252|2|EA|67060|KRW|134120|20160430|1300|
C|005186|2016|50002484240024|001|4300005039|00050|UADC0117|2|EA|12290|KRW|24580|20160430|1300|
C|005186|2016|50002484240025|001|4300005039|00090|UIEC0035|10|EA|37800|KRW|378000|20160430|1300|
C|005186|2016|50002484240026|001|4300005040|00040|UFKC0001|2|EA|104210|KRW|208420|20160430|1300|
C|005186|2016|50002484240027|001|4300005040|00050|UDAC0041|1|EA|27300|KRW|27300|20160430|1300|
C|005186|2016|50002484240028|001|4300005040|00090|UAAC0001|60|EA|1890|KRW|113400|20160430|1300|
C|005186|2016|50002484240029|001|4300005040|00110|UAEC0429|1|EA|3130|KRW|3130|20160430|1300|
C|005186|2016|50002484240030|001|4300005040|00130|UAEC0440|2|EA|69400|KRW|138800|20160430|1300|
C|005186|2016|50002484240031|001|4300005040|00160|UALC0117|200|EA|1260|KRW|252000|20160430|1300|
C|005186|2016|50002484250001|001|4300005000|00010|CMA0001|50|EA|240|KRW|12000|20160430|1300|
C|005186|2016|50002484250002|001|4300005000|00030|CMA0007|200|EA|270|KRW|54000|20160430|1300|
C|005186|2016|50002484250003|001|4300005000|00040|CMB0001|30|EA|655|KRW|19650|20160430|1300|
C|005186|2016|50002484250004|001|4300005003|00010|CMA0001|50|EA|240|KRW|12000|20160430|1300|
C|005186|2016|50002484250005|001|4300005003|00030|CMA0007|50|EA|270|KRW|13500|20160430|1300|
C|005186|2016|50002484250006|001|4300005003|00040|CMA0016|10|EA|2840|KRW|28400|20160430|1300|
C|005186|2016|50002484250007|001|4300005003|00060|CMB0003|50|EA|2420|KRW|121000|20160430|1300|
C|005186|2016|50002484250008|001|4300005018|00010|CMA0001|80|EA|240|KRW|19200|20160430|1300|
C|005186|2016|50002484250009|001|4300005018|00020|CMA0007|220|EA|270|KRW|59400|20160430|1300|
C|005186|2016|50002484250010|001|4300005018|00040|CMB0001|20|EA|655|KRW|13100|20160430|1300|
C|005186|2016|50002484250011|001|4300005018|00050|CMB0010|80|EA|1100|KRW|88000|20160430|1300|
C|005186|2016|50002484250012|001|4300005018|00060|CMC0003|10|EA|340|KRW|3400|20160430|1300|
C|005186|2016|50002484250013|001|4300005018|00090|CMC0005|20|EA|190|KRW|3800|20160430|1300|
C|005186|2016|50002484260001|001|4300005028|00070|UAGC0077|20|EA|3940|KRW|78800|20160430|1300|
C|005186|2016|50002484260002|001|4300005028|00090|UEBC1026|10|EA|6230|KRW|62300|20160430|1300|
C|005186|2016|50002484260003|001|4300005028|00100|UEBC0368|10|EA|2050|KRW|20500|20160430|1300|
C|005186|2016|50002484260004|001|4300005031|00020|UCKC0085|4|EA|91440|KRW|365760|20160430|1300|
C|005186|2016|50002484260005|001|4300005031|00050|UEBC1085|20|EA|37000|KRW|740000|20160430|1300|
C|005186|2016|50002484260006|001|4300005032|00030|UCIC0016|2|EA|37470|KRW|74940|20160430|1300|
C|005186|2016|50002484260007|001|4300005032|00050|UKEC0108|1|EA|137020|KRW|137020|20160430|1300|
C|005186|2016|50002484260008|001|4300005032|00080|UAGC0487|3|EA|43840|KRW|131520|20160430|1300|
C|005186|2016|50002484260009|001|4300005032|00090|UAGC0488|1|EA|90960|KRW|90960|20160430|1300|
C|005186|2016|50002484260010|001|4300005032|00130|UEBC1264|5|EA|47700|KRW|238500|20160430|1300|
C|005186|2016|50002484260011|001|4300005033|00020|UKBC0044|40|EA|7370|KRW|294800|20160430|1300|
C|005186|2016|50002484260012|001|4300005033|00030|UKBC0045|30|EA|8430|KRW|252900|20160430|1300|
C|005186|2016|50002484260013|001|4300005033|00040|UKBC0046|20|EA|8430|KRW|168600|20160430|1300|
C|005186|2016|50002484260014|001|4300005033|00090|UAEC0058|10|EA|12350|KRW|123500|20160430|1300|
C|005186|2016|50002484260015|001|4300005036|00010|UAEC0357|200|EA|5790|KRW|1158000|20160430|1300|
C|005186|2016|50002484260016|001|4300005037|00010|UAEC0414|200|EA|5830|KRW|1166000|20160430|1300|
C|005186|2016|50002484260017|001|4300005039|00010|UEBC0663|2|EA|69930|KRW|139860|20160430|1300|
C|005186|2016|50002484260018|001|4300005039|00020|UEBC0791|20|EA|1350|KRW|27000|20160430|1300|
C|005186|2016|50002484260019|001|4300005039|00030|UEBC0792|20|EA|2600|KRW|52000|20160430|1300|
C|005186|2016|50002484260020|001|4300005040|00010|UEBC0662|2|EA|99320|KRW|198640|20160430|1300|
C|005186|2016|50002484260021|001|4300005040|00020|UEBC0789|20|EA|2450|KRW|49000|20160430|1300|
C|005186|2016|50002484260022|001|4300005040|00030|UEBC0788|20|EA|3550|KRW|71000|20160430|1300|
C|005186|2016|50002484260023|001|4300005040|00060|UEBC0358|20|EA|2460|KRW|49200|20160430|1300|
C|005186|2016|50002484260024|001|4300005040|00140|UDFC0174|200|EA|1590|KRW|318000|20160430|1300|
