C|005186|2014|50000542600001|001|4300001051|00050|CMD0011|1|EA|24150|KRW|24150|20140128|1300|
C|005186|2014|50000542600002|001|4300001051|00060|CMD0016|1|EA|30450|KRW|30450|20140128|1300|
C|005186|2014|50000542610001|001|4300001079|00060|CMF0005|1|EA|20700|KRW|20700|20140128|1300|
C|005186|2014|50000542620001|001|4300001032|00010|CMB0001|80|EA|655|KRW|52400|20140128|1300|
C|005186|2014|50000542620002|001|4300001032|00020|CMB0010|80|EA|1100|KRW|88000|20140128|1300|
C|005186|2014|50000542620003|001|4300001032|00030|CMF0004|5|EA|22050|KRW|110250|20140128|1300|
C|005186|2014|50000542620004|001|4300001032|00040|CMH0007|2|EA|11700|KRW|23400|20140128|1300|
C|005186|2014|50000542620005|001|4300001032|00050|CMA0001|200|EA|240|KRW|48000|20140128|1300|
C|005186|2014|50000542620006|001|4300001032|00060|CMA0007|500|EA|270|KRW|135000|20140128|1300|
C|005186|2014|50000542620007|001|4300001032|00070|CMZ0032|50|EA|1970|KRW|98500|20140128|1300|
C|005186|2014|50000542620008|001|4300001036|00010|CMA0001|320|EA|240|KRW|76800|20140128|1300|
C|005186|2014|50000542620009|001|4300001036|00020|CMA0007|30|EA|270|KRW|8100|20140128|1300|
C|005186|2014|50000542620010|001|4300001036|00030|CMA0017|10|EA|780|KRW|7800|20140128|1300|
C|005186|2014|50000542620011|001|4300001036|00040|CME0010|60|EA|285|KRW|17100|20140128|1300|
C|005186|2014|50000542620012|001|4300001036|00050|CME0013|5|EA|20300|KRW|101500|20140128|1300|
C|005186|2014|50000542620013|001|4300001036|00070|CMH0007|1|EA|11700|KRW|11700|20140128|1300|
C|005186|2014|50000542620014|001|4300001037|00010|CMA0001|80|EA|240|KRW|19200|20140128|1300|
C|005186|2014|50000542620015|001|4300001037|00020|CMA0007|220|EA|270|KRW|59400|20140128|1300|
C|005186|2014|50000542620016|001|4300001037|00030|CMA0008|40|EA|690|KRW|27600|20140128|1300|
C|005186|2014|50000542620017|001|4300001037|00040|CMH0007|1|EA|11700|KRW|11700|20140128|1300|
C|005186|2014|50000542620018|001|4300001037|00050|CMB0001|20|EA|655|KRW|13100|20140128|1300|
C|005186|2014|50000542620019|001|4300001037|00060|CMB0010|80|EA|1100|KRW|88000|20140128|1300|
C|005186|2014|50000542620020|001|4300001037|00070|CMC0007|5|EA|12100|KRW|60500|20140128|1300|
C|005186|2014|50000542620021|001|4300001037|00080|CMC0005|5|EA|190|KRW|950|20140128|1300|
C|005186|2014|50000542620022|001|4300001037|00100|CMZ0032|2|EA|1970|KRW|3940|20140128|1300|
C|005186|2014|50000542620023|001|4300001038|00010|CMA0001|80|EA|240|KRW|19200|20140128|1300|
C|005186|2014|50000542620024|001|4300001038|00020|CMA0007|40|EA|270|KRW|10800|20140128|1300|
C|005186|2014|50000542620025|001|4300001038|00030|CMA0008|40|EA|690|KRW|27600|20140128|1300|
C|005186|2014|50000542620026|001|4300001038|00040|CMA0017|5|EA|780|KRW|3900|20140128|1300|
C|005186|2014|50000542620027|001|4300001038|00050|CMB0001|40|EA|655|KRW|26200|20140128|1300|
C|005186|2014|50000542620028|001|4300001038|00060|CMF0001|2|EA|1680|KRW|3360|20140128|1300|
C|005186|2014|50000542620029|001|4300001038|00070|CME0010|40|EA|285|KRW|11400|20140128|1300|
C|005186|2014|50000542620030|001|4300001039|00010|CMA0001|30|EA|240|KRW|7200|20140128|1300|
C|005186|2014|50000542620031|001|4300001039|00020|CMA0007|50|EA|270|KRW|13500|20140128|1300|
C|005186|2014|50000542620032|001|4300001039|00030|CMB0010|50|EA|1100|KRW|55000|20140128|1300|
C|005186|2014|50000542620033|001|4300001039|00040|CMF0001|3|EA|1680|KRW|5040|20140128|1300|
C|005186|2014|50000542620034|001|4300001039|00050|CMA0002|2|EA|1530|KRW|3060|20140128|1300|
C|005186|2014|50000542630001|001|4300001051|00010|CMA0001|130|EA|240|KRW|31200|20140128|1300|
C|005186|2014|50000542630002|001|4300001051|00020|CMA0007|80|EA|270|KRW|21600|20140128|1300|
C|005186|2014|50000542630003|001|4300001051|00030|CMA0008|20|EA|690|KRW|13800|20140128|1300|
C|005186|2014|50000542630004|001|4300001051|00040|CMB0001|60|EA|655|KRW|39300|20140128|1300|
C|005186|2014|50000542630005|001|4300001051|00070|CMF0023|5|EA|1260|KRW|6300|20140128|1300|
C|005186|2014|50000542630006|001|4300001051|00080|CMF0002|5|EA|1100|KRW|5500|20140128|1300|
C|005186|2014|50000542630007|001|4300001052|00010|CMB0001|40|EA|655|KRW|26200|20140128|1300|
C|005186|2014|50000542630008|001|4300001052|00020|CMA0001|100|EA|240|KRW|24000|20140128|1300|
C|005186|2014|50000542630009|001|4300001052|00040|CMA0002|50|EA|1530|KRW|76500|20140128|1300|
C|005186|2014|50000542630010|001|4300001052|00050|CMA0003|50|EA|950|KRW|47500|20140128|1300|
C|005186|2014|50000542630011|001|4300001052|00060|CMA0017|10|EA|780|KRW|7800|20140128|1300|
C|005186|2014|50000542630012|001|4300001052|00070|CMF0001|3|EA|1680|KRW|5040|20140128|1300|
C|005186|2014|50000542630013|001|4300001052|00080|CMF0002|3|EA|1100|KRW|3300|20140128|1300|
C|005186|2014|50000542630014|001|4300001052|00090|CMF0020|3|EA|700|KRW|2100|20140128|1300|
C|005186|2014|50000542630015|001|4300001052|00100|CMF0008|5|EA|1785|KRW|8925|20140128|1300|
C|005186|2014|50000542630016|001|4300001052|00110|CMF0009|3|EA|5700|KRW|17100|20140128|1300|
C|005186|2014|50000542630017|001|4300001052|00120|CMF0021|3|EA|5400|KRW|16200|20140128|1300|
C|005186|2014|50000542630018|001|4300001052|00130|CMF0022|3|EA|5400|KRW|16200|20140128|1300|
C|005186|2014|50000542630019|001|4300001052|00140|CMF0023|3|EA|1260|KRW|3780|20140128|1300|
C|005186|2014|50000542640001|001|4300001052|00030|CMD0016|4|EA|30450|KRW|121800|20140128|1300|
