C|005186|2014|50000767690001|001|4300001441|00010|UAGC0452|1|EA|724000|KRW|724000|20140530|1300|
C|005186|2014|50000767700001|001|4300001414|00190|UGCC0367|1|EA|104850|KRW|104850|20140530|1300|
C|005186|2014|50000767700002|001|4300001439|00040|UGCC0367|1|EA|104850|KRW|104850|20140530|1300|
C|005186|2014|50000767710001|001|4300001390|00010|KE030114|1|EA|63840|KRW|63840|20140530|1300|
C|005186|2014|50000767710002|001|4300001390|00020|KE030207|1|EA|41900|KRW|41900|20140530|1300|
C|005186|2014|50000767710003|001|4300001390|00030|KE030211|1|EA|145740|KRW|145740|20140530|1300|
C|005186|2014|50000767710004|001|4300001390|00040|KE050302|14|EA|1160|KRW|16240|20140530|1300|
C|005186|2014|50000767710005|001|4300001390|00050|KE050700|7|EA|2200|KRW|15400|20140530|1300|
C|005186|2014|50000767710006|001|4300001390|00060|KE090112|9|EA|16800|KRW|151200|20140530|1300|
C|005186|2014|50000767710007|001|4300001390|00070|KE090165|2|EA|165900|KRW|331800|20140530|1300|
C|005186|2014|50000767710008|001|4300001390|00080|KE110100|8|EA|124000|KRW|992000|20140530|1300|
C|005186|2014|50000767710009|001|4300001390|00090|KE180203|10|EA|13650|KRW|136500|20140530|1300|
C|005186|2014|50000767710010|001|4300001390|00100|KE200113|1|EA|130000|KRW|130000|20140530|1300|
C|005186|2014|50000767710011|001|4300001390|00110|KE210007|1|EA|52900|KRW|52900|20140530|1300|
C|005186|2014|50000767710012|001|4300001390|00120|KE230003|135|EA|1870|KRW|252450|20140530|1300|
C|005186|2014|50000767710013|001|4300001390|00130|KE231001|22|EA|16150|KRW|355300|20140530|1300|
C|005186|2014|50000767710014|001|4300001390|00140|KE231100|30|EA|530|KRW|15900|20140530|1300|
C|005186|2014|50000767710015|001|4300001390|00150|KE231406|9|EA|7140|KRW|64260|20140530|1300|
C|005186|2014|50000767710016|001|4300001390|00160|KE270300|40|EA|470|KRW|18800|20140530|1300|
C|005186|2014|50000767710017|001|4300001390|00170|KE280401|5|EA|20800|KRW|104000|20140530|1300|
C|005186|2014|50000767710018|001|4300001390|00180|KE281401|12|EA|840|KRW|10080|20140530|1300|
C|005186|2014|50000767720001|001|4300001355|00050|UGCC0730|50|EA|5260|KRW|263000|20140530|1300|
C|005186|2014|50000767720002|001|4300001392|00070|UGCC0776|1|EA|334600|KRW|334600|20140530|1300|
C|005186|2014|50000767720003|001|4300001392|00150|UGCC0386|1|EA|48210|KRW|48210|20140530|1300|
