C|005186|2016|50003004400001|001|4300006265|00060|CMB0002|120|EA|2100|KRW|252000|20161114|1300|
C|005186|2016|50003004400002|001|4300006265|00070|CMB0007|20|EA|760|KRW|15200|20161114|1300|
C|005186|2016|50003004410001|001|4300006261|00010|CMA0001|200|EA|151|KRW|30200|20161114|1300|
C|005186|2016|50003004410002|001|4300006261|00020|CMA0007|100|EA|151|KRW|15100|20161114|1300|
C|005186|2016|50003004410003|001|4300006261|00040|CMB0001|100|EA|520|KRW|52000|20161114|1300|
C|005186|2016|50003004410004|001|4300006261|00060|CMD0001|10|EA|8000|KRW|80000|20161114|1300|
C|005186|2016|50003004410005|001|4300006261|00090|CMF0007|5|EA|1620|KRW|8100|20161114|1300|
C|005186|2016|50003004410006|001|4300006261|00100|CMF0008|5|EA|1620|KRW|8100|20161114|1300|
C|005186|2016|50003004420001|001|4300006256|00010|CMA0001|50|EA|151|KRW|7550|20161114|1300|
C|005186|2016|50003004420002|001|4300006256|00020|CMA0003|10|EA|1150|KRW|11500|20161114|1300|
C|005186|2016|50003004420003|001|4300006256|00030|CMA0007|50|EA|151|KRW|7550|20161114|1300|
C|005186|2016|50003004420004|001|4300006256|00040|CMA0008|20|EA|470|KRW|9400|20161114|1300|
C|005186|2016|50003004420005|001|4300006256|00050|CMA0017|20|EA|770|KRW|15400|20161114|1300|
C|005186|2016|50003004420006|001|4300006256|00060|CMB0003|50|EA|2200|KRW|110000|20161114|1300|
C|005186|2016|50003004420007|001|4300006256|00080|CMF0004|1|EA|17000|KRW|17000|20161114|1300|
C|005186|2016|50003004420008|001|4300006256|00110|CMF0013|5|EA|940|KRW|4700|20161114|1300|
C|005186|2016|50003004420009|001|4300006256|00130|CMZ0005|40|EA|810|KRW|32400|20161114|1300|
C|005186|2016|50003004430001|001|4300006266|00020|CMA0007|200|EA|151|KRW|30200|20161114|1300|
C|005186|2016|50003004430002|001|4300006266|00030|CMB0001|100|EA|520|KRW|52000|20161114|1300|
C|005186|2016|50003004430003|001|4300006266|00070|CMA0001|50|EA|151|KRW|7550|20161114|1300|
C|005186|2016|50003004440001|001|4300006262|00010|CMZ0009|20|EA|920|KRW|18400|20161114|1300|
C|005186|2016|50003004440002|001|4300006262|00020|CMZ0001|10|EA|760|KRW|7600|20161114|1300|
C|005186|2016|50003004440003|001|4300006262|00030|CMZ0002|10|EA|400|KRW|4000|20161114|1300|
C|005186|2016|50003004440004|001|4300006262|00050|CMZ0005|20|EA|810|KRW|16200|20161114|1300|
C|005186|2016|50003004440005|001|4300006262|00060|CMZ0004|20|EA|220|KRW|4400|20161114|1300|
C|005186|2016|50003004440006|001|4300006262|00080|CMB0002|40|EA|2100|KRW|84000|20161114|1300|
C|005186|2016|50003004440007|001|4300006262|00090|CMB0003|40|EA|2200|KRW|88000|20161114|1300|
C|005186|2016|50003004440008|001|4300006262|00100|CMB0001|100|EA|520|KRW|52000|20161114|1300|
C|005186|2016|50003004440009|001|4300006262|00110|CMC0005|20|EA|150|KRW|3000|20161114|1300|
C|005186|2016|50003004440010|001|4300006262|00120|CMC0003|20|EA|310|KRW|6200|20161114|1300|
C|005186|2016|50003004440011|001|4300006262|00130|CMA0001|300|EA|151|KRW|45300|20161114|1300|
C|005186|2016|50003004440012|001|4300006262|00140|CMA0007|200|EA|151|KRW|30200|20161114|1300|
C|005186|2016|50003004440013|001|4300006262|00150|CMA0008|160|EA|470|KRW|75200|20161114|1300|
C|005186|2016|50003004440014|001|4300006262|00160|CMF0014|10|EA|680|KRW|6800|20161114|1300|
C|005186|2016|50003004450001|001|4300006263|00010|CMA0001|200|EA|151|KRW|30200|20161114|1300|
C|005186|2016|50003004450002|001|4300006263|00020|CMA0002|2|EA|1440|KRW|2880|20161114|1300|
C|005186|2016|50003004450003|001|4300006263|00030|CMA0007|250|EA|151|KRW|37750|20161114|1300|
C|005186|2016|50003004450004|001|4300006263|00050|CMB0002|100|EA|2100|KRW|210000|20161114|1300|
C|005186|2016|50003004450005|001|4300006263|00060|CMC0005|30|EA|150|KRW|4500|20161114|1300|
C|005186|2016|50003004450006|001|4300006263|00100|CMF0002|2|EA|860|KRW|1720|20161114|1300|
C|005186|2016|50003004450007|001|4300006263|00150|CMZ0001|10|EA|760|KRW|7600|20161114|1300|
C|005186|2016|50003004450008|001|4300006263|00160|CMZ0004|10|EA|220|KRW|2200|20161114|1300|
C|005186|2016|50003004450009|001|4300006263|00170|CMZ0005|20|EA|810|KRW|16200|20161114|1300|
C|005186|2016|50003004460001|001|4300006258|00010|CMA0001|600|EA|151|KRW|90600|20161114|1300|
C|005186|2016|50003004460002|001|4300006258|00020|CMA0007|200|EA|151|KRW|30200|20161114|1300|
C|005186|2016|50003004460003|001|4300006258|00030|CMA0008|10|EA|470|KRW|4700|20161114|1300|
C|005186|2016|50003004460004|001|4300006258|00040|CMA0017|100|EA|770|KRW|77000|20161114|1300|
C|005186|2016|50003004460005|001|4300006258|00060|CMC0005|200|EA|150|KRW|30000|20161114|1300|
C|005186|2016|50003004460006|001|4300006258|00080|CME0006|15|EA|3080|KRW|46200|20161114|1300|
C|005186|2016|50003004460007|001|4300006258|00100|CMF0004|4|EA|17000|KRW|68000|20161114|1300|
C|005186|2016|50003004460008|001|4300006258|00120|CMF0013|10|EA|940|KRW|9400|20161114|1300|
C|005186|2016|50003004460009|001|4300006258|00140|CMZ0032|10|EA|1300|KRW|13000|20161114|1300|
C|005186|2016|50003004470001|001|4300006260|00010|CMA0001|300|EA|151|KRW|45300|20161114|1300|
C|005186|2016|50003004470002|001|4300006260|00020|CMA0007|100|EA|151|KRW|15100|20161114|1300|
C|005186|2016|50003004470003|001|4300006260|00030|CMA0008|100|EA|470|KRW|47000|20161114|1300|
C|005186|2016|50003004470004|001|4300006260|00050|CMA0017|5|EA|770|KRW|3850|20161114|1300|
C|005186|2016|50003004470005|001|4300006260|00060|CMB0001|240|EA|520|KRW|124800|20161114|1300|
C|005186|2016|50003004470006|001|4300006260|00070|CMB0002|240|EA|2100|KRW|504000|20161114|1300|
C|005186|2016|50003004470007|001|4300006260|00090|CMC0003|50|EA|310|KRW|15500|20161114|1300|
C|005186|2016|50003004470008|001|4300006260|00100|CMC0005|50|EA|150|KRW|7500|20161114|1300|
C|005186|2016|50003004470009|001|4300006260|00150|CME0002|20|EA|1100|KRW|22000|20161114|1300|
C|005186|2016|50003004470010|001|4300006260|00180|CMF0007|20|EA|1620|KRW|32400|20161114|1300|
C|005186|2016|50003004470011|001|4300006260|00190|CMF0013|30|EA|940|KRW|28200|20161114|1300|
C|005186|2016|50003004470012|001|4300006260|00220|CMZ0001|20|EA|760|KRW|15200|20161114|1300|
C|005186|2016|50003004470013|001|4300006260|00230|CMZ0002|30|EA|400|KRW|12000|20161114|1300|
C|005186|2016|50003004480001|001|4300006257|00010|CMA0001|200|EA|151|KRW|30200|20161114|1300|
C|005186|2016|50003004480002|001|4300006257|00020|CMA0007|600|EA|151|KRW|90600|20161114|1300|
C|005186|2016|50003004480003|001|4300006257|00030|CMA0017|3|EA|770|KRW|2310|20161114|1300|
C|005186|2016|50003004480004|001|4300006257|00050|CMB0001|300|EA|520|KRW|156000|20161114|1300|
C|005186|2016|50003004480005|001|4300006257|00070|CMZ0032|10|EA|1300|KRW|13000|20161114|1300|
C|005186|2016|50003004480006|001|4300006257|00110|CMZ0004|3|EA|220|KRW|660|20161114|1300|
C|005186|2016|50003004490001|001|4300006253|00010|CMA0001|540|EA|151|KRW|81540|20161114|1300|
C|005186|2016|50003004490002|001|4300006253|00020|CMA0007|50|EA|151|KRW|7550|20161114|1300|
C|005186|2016|50003004490003|001|4300006253|00030|CMA0017|10|EA|770|KRW|7700|20161114|1300|
C|005186|2016|50003004490004|001|4300006253|00050|CME0013|2|EA|11880|KRW|23760|20161114|1300|
C|005186|2016|50003004500001|001|4300006251|00010|CMA0001|30|EA|151|KRW|4530|20161114|1300|
C|005186|2016|50003004500002|001|4300006251|00020|CMA0007|50|EA|151|KRW|7550|20161114|1300|
C|005186|2016|50003004510001|001|4300006252|00010|CMA0001|100|EA|151|KRW|15100|20161114|1300|
C|005186|2016|50003004510002|001|4300006252|00020|CMA0007|40|EA|151|KRW|6040|20161114|1300|
C|005186|2016|50003004510003|001|4300006252|00030|CMA0008|40|EA|470|KRW|18800|20161114|1300|
C|005186|2016|50003004510004|001|4300006252|00060|CMB0001|60|EA|520|KRW|31200|20161114|1300|
C|005186|2016|50003004510005|001|4300006252|00100|CMD0001|4|EA|8000|KRW|32000|20161114|1300|
C|005186|2016|50003004510006|001|4300006252|00110|CME0004|6|EA|7100|KRW|42600|20161114|1300|
C|005186|2016|50003004520001|001|4300006254|00010|CMA0001|60|EA|151|KRW|9060|20161114|1300|
C|005186|2016|50003004520002|001|4300006254|00020|CMA0007|200|EA|151|KRW|30200|20161114|1300|
C|005186|2016|50003004520003|001|4300006254|00030|CMB0001|20|EA|520|KRW|10400|20161114|1300|
C|005186|2016|50003004520004|001|4300006254|00050|CMZ0032|2|EA|1300|KRW|2600|20161114|1300|
C|005186|2016|50003004530001|001|4300006273|00010|CMA0002|130|EA|1440|KRW|187200|20161114|1300|
C|005186|2016|50003004530002|001|4300006273|00020|CMA0001|30|EA|151|KRW|4530|20161114|1300|
C|005186|2016|50003004530003|001|4300006273|00040|CMA0014|100|EA|320|KRW|32000|20161114|1300|
C|005186|2016|50003004540001|001|4300006250|00010|CMA0001|80|EA|151|KRW|12080|20161114|1300|
C|005186|2016|50003004540002|001|4300006250|00020|CMA0007|110|EA|151|KRW|16610|20161114|1300|
C|005186|2016|50003004540003|001|4300006250|00030|CMA0008|30|EA|470|KRW|14100|20161114|1300|
C|005186|2016|50003004540004|001|4300006250|00080|CMA0001|120|EA|151|KRW|18120|20161114|1300|
C|005186|2016|50003004540005|001|4300006250|00090|CMA0007|80|EA|151|KRW|12080|20161114|1300|
C|005186|2016|50003004540006|001|4300006250|00100|CMA0008|30|EA|470|KRW|14100|20161114|1300|
C|005186|2016|50003004540007|001|4300006250|00110|CMB0001|40|EA|520|KRW|20800|20161114|1300|
C|005186|2016|50003004550001|001|4300006267|00010|CME0004|2|EA|7100|KRW|14200|20161114|1300|
C|005186|2016|50003004550002|001|4300006267|00020|CMD0001|2|EA|8000|KRW|16000|20161114|1300|
C|005186|2016|50003004560001|001|4300006259|00010|CMA0001|500|EA|151|KRW|75500|20161114|1300|
C|005186|2016|50003004560002|001|4300006259|00020|CMA0007|400|EA|151|KRW|60400|20161114|1300|
C|005186|2016|50003004560003|001|4300006259|00050|CMC0005|400|EA|150|KRW|60000|20161114|1300|
C|005186|2016|50003004560004|001|4300006259|00080|CME0005|10|EA|2600|KRW|26000|20161114|1300|
C|005186|2016|50003004560005|001|4300006259|00090|CMF0004|4|EA|17000|KRW|68000|20161114|1300|
C|005186|2016|50003004570001|001|4300006264|00180|CMZ0002|100|EA|400|KRW|40000|20161114|1300|
C|005186|2016|50003004580001|001|4300006313|00100|UEBC0438|6|EA|20400|KRW|122400|20161114|1300|
C|005186|2016|50003004580002|001|4300006313|00110|UDCC0031|1|EA|108150|KRW|108150|20161114|1300|
C|005186|2016|50003004580003|001|4300006314|00030|UJAC0044|10|EA|3360|KRW|33600|20161114|1300|
C|005186|2016|50003004580004|001|4300006314|00040|UEBC0453|6|EA|1530|KRW|9180|20161114|1300|
C|005186|2016|50003004580005|001|4300006315|00030|UCCC0013|1|EA|401000|KRW|401000|20161114|1300|
C|005186|2016|50003004590001|001|4300006277|00120|UGCC0360|2|EA|55650|KRW|111300|20161114|1300|
C|005186|2016|50003004590002|001|4300006278|00070|UHDC0074|50|EA|13650|KRW|682500|20161114|1300|
C|005186|2016|50003004590003|001|4300006278|00080|UHDC0116|50|EA|10290|KRW|514500|20161114|1300|
C|005186|2016|50003004590004|001|4300006280|00010|UHFC0438|6|EA|14098|KRW|84588|20161114|1300|
C|005186|2016|50003004590005|001|4300006280|00020|UHFC0437|6|EA|12720|KRW|76320|20161114|1300|
C|005186|2016|50003004590006|001|4300006280|00030|UHTC0403|3|EA|89400|KRW|268200|20161114|1300|
C|005186|2016|50003004590007|001|4300006280|00040|UHGC0143|1|EA|597900|KRW|597900|20161114|1300|
C|005186|2016|50003004590008|001|4300006280|00050|UGAC0006|20|EA|30030|KRW|600600|20161114|1300|
C|005186|2016|50003004590009|001|4300006280|00060|UHFC0112|1|EA|695310|KRW|695310|20161114|1300|
C|005186|2016|50003004590010|001|4300006280|00070|UHCC0019|1|EA|310000|KRW|310000|20161114|1300|
C|005186|2016|50003004590011|001|4300006280|00080|UHHC0016|1|EA|1477350|KRW|1477350|20161114|1300|
C|005186|2016|50003004590012|001|4300006281|00090|UGAC0007|20|EA|49140|KRW|982800|20161114|1300|
C|005186|2016|50003004600001|001|4300006250|00040|CMD0011|2|EA|24100|KRW|48200|20161114|1300|
C|005186|2016|50003004600002|001|4300006250|00120|CMD0016|5|EA|29000|KRW|145000|20161114|1300|
C|005186|2016|50003004600003|001|4300006250|00130|CMD0011|3|EA|24100|KRW|72300|20161114|1300|
C|005186|2016|50003004600004|001|4300006250|00160|CMD0016|2|EA|29000|KRW|58000|20161114|1300|
C|005186|2016|50003004600005|001|4300006252|00080|CMD0011|2|EA|24100|KRW|48200|20161114|1300|
C|005186|2016|50003004600006|001|4300006252|00090|CMD0012|2|EA|22000|KRW|44000|20161114|1300|
C|005186|2016|50003004600007|001|4300006253|00080|CMD0012|1|EA|22000|KRW|22000|20161114|1300|
C|005186|2016|50003004600008|001|4300006253|00090|CMD0012|1|EA|22000|KRW|22000|20161114|1300|
C|005186|2016|50003004600009|001|4300006255|00010|CMD0011|16|EA|24100|KRW|385600|20161114|1300|
C|005186|2016|50003004600010|001|4300006255|00020|CMD0016|6|EA|29000|KRW|174000|20161114|1300|
C|005186|2016|50003004600011|001|4300006256|00070|CMD0011|4|EA|24100|KRW|96400|20161114|1300|
C|005186|2016|50003004600012|001|4300006256|00140|CMD0016|1|EA|29000|KRW|29000|20161114|1300|
C|005186|2016|50003004600013|001|4300006257|00060|CMD0016|4|EA|29000|KRW|116000|20161114|1300|
C|005186|2016|50003004600014|001|4300006259|00060|CMD0017|8|EA|23760|KRW|190080|20161114|1300|
C|005186|2016|50003004600015|001|4300006260|00110|CMD0011|1|EA|24100|KRW|24100|20161114|1300|
C|005186|2016|50003004600016|001|4300006260|00120|CMD0016|3|EA|29000|KRW|87000|20161114|1300|
C|005186|2016|50003004600017|001|4300006260|00130|CMD0017|4|EA|23760|KRW|95040|20161114|1300|
C|005186|2016|50003004600018|001|4300006261|00070|CMD0011|1|EA|24100|KRW|24100|20161114|1300|
C|005186|2016|50003004600019|001|4300006263|00070|CMD0011|14|EA|24100|KRW|337400|20161114|1300|
C|005186|2016|50003004600020|001|4300006264|00010|CMD0011|14|EA|24100|KRW|337400|20161114|1300|
C|005186|2016|50003004600021|001|4300006264|00020|CMD0016|9|EA|29000|KRW|261000|20161114|1300|
C|005186|2016|50003004600022|001|4300006266|00050|CMD0016|6|EA|29000|KRW|174000|20161114|1300|
C|005186|2016|50003004600023|001|4300006266|00060|CMD0011|1|EA|24100|KRW|24100|20161114|1300|
