C|005186|2016|50002345460001|001|4300004530|00010|UALC0112|4|EA|263200|KRW|1052800|20160315|1300|
C|005186|2016|50002345470001|001|4300004624|00060|UGBC0537|50|EA|8720|KRW|436000|20160315|1300|
C|005186|2016|50002345480001|001|4300004625|00080|UAEC0028|2|EA|43370|KRW|86740|20160315|1300|
C|005186|2016|50002345480002|001|4300004633|00020|UIDC0024|1|EA|160650|KRW|160650|20160315|1300|
C|005186|2016|50002345480003|001|4300004633|00040|UDDC0188|2|EA|61740|KRW|123480|20160315|1300|
C|005186|2016|50002345480004|001|4300004633|00050|UDAC0255|20|EA|735|KRW|14700|20160315|1300|
C|005186|2016|50002345480005|001|4300004633|00070|UICC0010|20|EA|1580|KRW|31600|20160315|1300|
C|005186|2016|50002345480006|001|4300004633|00150|UDDC0331|1|EA|52500|KRW|52500|20160315|1300|
C|005186|2016|50002345480007|001|4300004634|00040|UDBC0926|10|EA|3180|KRW|31800|20160315|1300|
C|005186|2016|50002345480008|001|4300004634|00130|UDAC0329|10|EA|1908|KRW|19080|20160315|1300|
C|005186|2016|50002345480009|001|4300004636|00090|UDCC0058|2|EA|52400|KRW|104800|20160315|1300|
C|005186|2016|50002345480010|001|4300004637|00100|UGCC1044|3|EA|100700|KRW|302100|20160315|1300|
C|005186|2016|50002345480011|001|4300004638|00040|UADC0156|3|EA|16800|KRW|50400|20160315|1300|
C|005186|2016|50002345480012|001|4300004638|00050|UADC0105|2|EA|28880|KRW|57760|20160315|1300|
C|005186|2016|50002345480013|001|4300004638|00070|UIDC0107|1|EA|141120|KRW|141120|20160315|1300|
C|005186|2016|50002345490001|001|4300004629|00010|UDCC0039|5|EA|112700|KRW|563500|20160315|1300|
C|005186|2016|50002345490002|001|4300004634|00150|UAEC0437|2|EA|11870|KRW|23740|20160315|1300|
C|005186|2016|50002345490003|001|4300004634|00160|UAEC0438|2|EA|20030|KRW|40060|20160315|1300|
C|005186|2016|50002345490004|001|4300004634|00170|UAEC0439|2|EA|26750|KRW|53500|20160315|1300|
C|005186|2016|50002345490005|001|4300004637|00030|UAGC0489|2|EA|24570|KRW|49140|20160315|1300|
C|005186|2016|50002345490006|001|4300004637|00040|UAGC0486|2|EA|28500|KRW|57000|20160315|1300|
C|005186|2016|50002345490007|001|4300004637|00050|UAGC0490|2|EA|33980|KRW|67960|20160315|1300|
C|005186|2016|50002345490008|001|4300004637|00090|UEBC1271|2|EA|55968|KRW|111936|20160315|1300|
C|005186|2016|50002345490009|001|4300004638|00120|UAGC0057|10|EA|890|KRW|8900|20160315|1300|
C|005186|2016|50002345490010|001|4300004638|00130|UAGC0058|10|EA|1190|KRW|11900|20160315|1300|
C|005186|2016|50002345490011|001|4300004638|00140|UAGC0124|10|EA|2010|KRW|20100|20160315|1300|
C|005186|2016|50002345490012|001|4300004638|00150|UAGC0127|10|EA|3000|KRW|30000|20160315|1300|
C|005186|2016|50002345490013|001|4300004638|00160|UAGC0110|10|EA|4850|KRW|48500|20160315|1300|
C|005186|2016|50002345490014|001|4300004638|00170|UAGC0419|10|EA|6260|KRW|62600|20160315|1300|
C|005186|2016|50002345490015|001|4300004638|00180|UAGC0193|100|EA|3255|KRW|325500|20160315|1300|
C|005186|2016|50002345490016|001|4300004638|00190|UAGC0445|2|EA|24200|KRW|48400|20160315|1300|
C|005186|2016|50002345490017|001|4300004638|00200|UAGC0394|2|EA|19850|KRW|39700|20160315|1300|
C|005186|2016|50002345490018|001|4300004638|00210|UAGC0462|2|EA|22300|KRW|44600|20160315|1300|
C|005186|2016|50002345490019|001|4300004638|00220|UAGC0395|2|EA|22150|KRW|44300|20160315|1300|
C|005186|2016|50002345490020|001|4300004640|00020|UFCC0006|5|EA|12600|KRW|63000|20160315|1300|
C|005186|2016|50002345490021|001|4300004640|00030|UGCC1036|10|EA|74200|KRW|742000|20160315|1300|
C|005186|2016|50002345490022|001|4300004640|00040|UFCC0006|10|EA|12600|KRW|126000|20160315|1300|
C|005186|2016|50002345490023|001|4300004645|00010|UAGC0479|500|EA|1960|KRW|980000|20160315|1300|
C|005186|2016|50002345490024|001|4300004684|00020|UEBC1275|10|EA|1866|KRW|18660|20160315|1300|
C|005186|2016|50002346500001|001|4300004522|00020|UALC0090|10|EA|49300|KRW|493000|20160315|1300|
C|005186|2016|50002346500002|001|4300004625|00070|UALC0109|12|EA|59800|KRW|717600|20160315|1300|
C|005186|2016|50002346500003|001|4300004627|00010|UALC0093|4|EA|246700|KRW|986800|20160315|1300|
C|005186|2016|50002346510001|001|4300004666|00010|UCKC0008|1|EA|1365000|KRW|1365000|20160315|1300|
C|005186|2016|50002346520001|001|4300004683|00010|UHTC0774|30|EA|62540|KRW|1876200|20160315|1300|
C|005186|2016|50002346520002|001|4300004684|00030|UHTC0780|10|EA|42400|KRW|424000|20160315|1300|
