C|005186|2020|50005751850001|001|4300017178|00020|UGCC1745|13|EA|26250|KRW|341250|20200703|1300|
C|005186|2020|50005751850002|001|4300017230|00020|UGCC0950|2|EA|45900|KRW|91800|20200703|1300|
C|005186|2020|50005751850003|001|4300017231|00010|UGCC1217|2|EA|98600|KRW|197200|20200703|1300|
C|005186|2020|50005751850004|001|4300017231|00020|UCKC0008|1|EA|1365000|KRW|1365000|20200703|1300|
C|005186|2020|50005751850005|001|4300017237|00010|UHTC0782|20|EA|6890|KRW|137800|20200703|1300|
C|005186|2020|50005751850006|001|4300017237|00020|UGCC0851|1|EA|178000|KRW|178000|20200703|1300|
C|005186|2020|50005751850007|001|4300017238|00030|UDBC0760|1000|EA|9500|KRW|95000|20200703|1300|
C|005186|2020|50005751850008|001|4300017238|00040|UDBC0372|1000|EA|3000|KRW|30000|20200703|1300|
C|005186|2020|50005751850009|001|4300017239|00020|UAIC0008|2|EA|88940|KRW|177880|20200703|1300|
C|005186|2020|50005751850010|001|4300017239|00030|UEBC0525|4|EA|1680|KRW|6720|20200703|1300|
C|005186|2020|50005751850011|001|4300017239|00040|UAJC0026|20|EA|4200|KRW|84000|20200703|1300|
C|005186|2020|50005751850012|001|4300017239|00060|UAKC0012|2|EA|9080|KRW|18160|20200703|1300|
C|005186|2020|50005751860001|001|4300017176|00120|UGCC1743|2|EA|80850|KRW|161700|20200703|1300|
C|005186|2020|50005751860002|001|4300017182|00030|UHFC0368|3|EA|52110|KRW|156330|20200703|1300|
C|005186|2020|50005751860003|001|4300017229|00020|UGCC0265|5|EA|157890|KRW|789450|20200703|1300|
C|005186|2020|50005751870001|001|4300017178|00010|UGBC1804|4|EA|336000|KRW|1344000|20200703|1300|
C|005186|2020|50005751870002|001|4300017179|00010|UGCC1747|6|EA|309750|KRW|1858500|20200703|1300|
C|005186|2020|50005751870003|001|4300017180|00010|UGCC1748|2|EA|399000|KRW|798000|20200703|1300|
C|005186|2020|50005751870004|001|4300017181|00010|UGCC1749|2|EA|1113000|KRW|2226000|20200703|1300|
C|005186|2020|50005751870005|001|4300017185|00010|UGCC1627|1|EA|1218000|KRW|1218000|20200703|1300|
C|005186|2020|50005751870006|001|4300017185|00020|UGCC0286|40|EA|16380|KRW|32760|20200703|1300|
C|005186|2020|50005751870007|001|4300017185|00030|UGCC0287|40|EA|9660|KRW|19320|20200703|1300|
C|005186|2020|50005751870008|001|4300017185|00040|UGCC0288|40|EA|7560|KRW|15120|20200703|1300|
C|005186|2020|50005751880001|001|4300017192|00110|UDFC0234|10|EA|68250|KRW|682500|20200703|1300|
C|005186|2020|50005751880002|001|4300017196|00020|UGCC0506|1|EA|24200|KRW|24200|20200703|1300|
C|005186|2020|50005751880003|001|4300017237|00030|UDAC0224|500|EA|315000|KRW|315000|20200703|1300|
C|005186|2020|50005751880004|001|4300017237|00040|UEBC0310|4|EA|46540|KRW|93080|20200703|1300|
C|005186|2020|50005751880005|001|4300017237|00050|UEBC1054|4|EA|20000|KRW|80000|20200703|1300|
C|005186|2020|50005751880006|001|4300017240|00020|UEBC0063|2|EA|144900|KRW|289800|20200703|1300|
