C|005186|2017|50003393510001|001|4300007402|00010|CMA0001|400|EA|151|KRW|60400|20170427|1300|
C|005186|2017|50003393510002|001|4300007402|00020|CMA0007|200|EA|151|KRW|30200|20170427|1300|
C|005186|2017|50003393510003|001|4300007402|00040|CMC0005|200|EA|150|KRW|30000|20170427|1300|
C|005186|2017|50003393510004|001|4300007402|00080|CMF0003|10|EA|2020|KRW|20200|20170427|1300|
C|005186|2017|50003393510005|001|4300007402|00090|CMF0004|5|EA|17000|KRW|85000|20170427|1300|
C|005186|2017|50003393510006|001|4300007402|00120|CMZ0004|10|EA|220|KRW|2200|20170427|1300|
C|005186|2017|50003393520001|001|4300007401|00010|CMA0001|500|EA|151|KRW|75500|20170427|1300|
C|005186|2017|50003393520002|001|4300007401|00020|CMA0007|400|EA|151|KRW|60400|20170427|1300|
C|005186|2017|50003393520003|001|4300007401|00030|CMA0017|150|EA|770|KRW|115500|20170427|1300|
C|005186|2017|50003393520004|001|4300007401|00050|CMC0005|200|EA|150|KRW|30000|20170427|1300|
C|005186|2017|50003393520005|001|4300007401|00100|CMF0004|4|EA|17000|KRW|68000|20170427|1300|
C|005186|2017|50003393520006|001|4300007401|00130|CMZ0002|20|EA|400|KRW|8000|20170427|1300|
C|005186|2017|50003393530001|001|4300007400|00010|CMA0001|600|EA|151|KRW|90600|20170427|1300|
C|005186|2017|50003393530002|001|4300007400|00020|CMA0007|300|EA|151|KRW|45300|20170427|1300|
C|005186|2017|50003393530003|001|4300007400|00030|CMA0008|200|EA|470|KRW|94000|20170427|1300|
C|005186|2017|50003393530004|001|4300007400|00050|CMB0001|100|EA|520|KRW|52000|20170427|1300|
C|005186|2017|50003393530005|001|4300007400|00070|CMC0005|300|EA|150|KRW|45000|20170427|1300|
C|005186|2017|50003393530006|001|4300007400|00080|CME0005|10|EA|2600|KRW|26000|20170427|1300|
C|005186|2017|50003393530007|001|4300007400|00100|CMF0004|1|EA|17000|KRW|17000|20170427|1300|
C|005186|2017|50003393530008|001|4300007400|00150|CMZ0004|50|EA|220|KRW|11000|20170427|1300|
C|005186|2017|50003393540001|001|4300007399|00010|CMA0028|15|EA|7350|KRW|110250|20170427|1300|
C|005186|2017|50003393540002|001|4300007399|00020|CMA0007|600|EA|151|KRW|90600|20170427|1300|
C|005186|2017|50003393550001|001|4300007398|00010|CMB0001|240|EA|520|KRW|124800|20170427|1300|
C|005186|2017|50003393550002|001|4300007398|00020|CMC0005|100|EA|150|KRW|15000|20170427|1300|
C|005186|2017|50003393560001|001|4300007397|00010|CMZ0002|10|EA|400|KRW|4000|20170427|1300|
C|005186|2017|50003393560002|001|4300007397|00020|CMZ0005|20|EA|810|KRW|16200|20170427|1300|
C|005186|2017|50003393560003|001|4300007397|00030|CMZ0004|10|EA|220|KRW|2200|20170427|1300|
C|005186|2017|50003393560004|001|4300007397|00050|CMB0002|40|EA|2100|KRW|84000|20170427|1300|
C|005186|2017|50003393560005|001|4300007397|00060|CMB0003|40|EA|2200|KRW|88000|20170427|1300|
C|005186|2017|50003393560006|001|4300007397|00070|CMB0001|60|EA|520|KRW|31200|20170427|1300|
C|005186|2017|50003393560007|001|4300007397|00080|CMC0005|20|EA|150|KRW|3000|20170427|1300|
C|005186|2017|50003393560008|001|4300007397|00090|CMC0003|20|EA|310|KRW|6200|20170427|1300|
C|005186|2017|50003393560009|001|4300007397|00120|CMA0001|180|EA|151|KRW|27180|20170427|1300|
C|005186|2017|50003393560010|001|4300007397|00130|CMA0007|100|EA|151|KRW|15100|20170427|1300|
C|005186|2017|50003393560011|001|4300007397|00140|CMA0008|120|EA|470|KRW|56400|20170427|1300|
C|005186|2017|50003393570001|001|4300007396|00010|CMA0001|200|EA|151|KRW|30200|20170427|1300|
C|005186|2017|50003393570002|001|4300007396|00020|CMA0007|250|EA|151|KRW|37750|20170427|1300|
C|005186|2017|50003393570003|001|4300007396|00040|CMB0002|100|EA|2100|KRW|210000|20170427|1300|
C|005186|2017|50003393570004|001|4300007396|00050|CMC0005|30|EA|150|KRW|4500|20170427|1300|
C|005186|2017|50003393570005|001|4300007396|00120|CMZ0004|10|EA|220|KRW|2200|20170427|1300|
C|005186|2017|50003393570006|001|4300007396|00130|CMZ0005|10|EA|810|KRW|8100|20170427|1300|
C|005186|2017|50003393580001|001|4300007395|00010|CMA0001|500|EA|151|KRW|75500|20170427|1300|
C|005186|2017|50003393580002|001|4300007395|00020|CMA0007|200|EA|151|KRW|30200|20170427|1300|
C|005186|2017|50003393580003|001|4300007395|00030|CMA0008|200|EA|470|KRW|94000|20170427|1300|
C|005186|2017|50003393580004|001|4300007395|00040|CMB0001|100|EA|520|KRW|52000|20170427|1300|
C|005186|2017|50003393580005|001|4300007395|00050|CMB0003|100|EA|2200|KRW|220000|20170427|1300|
C|005186|2017|50003393590001|001|4300007394|00010|CMA0001|50|EA|151|KRW|7550|20170427|1300|
C|005186|2017|50003393590002|001|4300007394|00020|CMA0007|50|EA|151|KRW|7550|20170427|1300|
C|005186|2017|50003393590003|001|4300007394|00030|CMA0008|50|EA|470|KRW|23500|20170427|1300|
C|005186|2017|50003393590004|001|4300007394|00040|CMB0003|30|EA|2200|KRW|66000|20170427|1300|
C|005186|2017|50003393590005|001|4300007394|00070|CMZ0005|10|EA|810|KRW|8100|20170427|1300|
C|005186|2017|50003393600001|001|4300007392|00010|CMA0007|50|EA|151|KRW|7550|20170427|1300|
C|005186|2017|50003393610001|001|4300007393|00010|CMA0001|800|EA|151|KRW|120800|20170427|1300|
C|005186|2017|50003393610002|001|4300007393|00030|CMA0007|400|EA|151|KRW|60400|20170427|1300|
C|005186|2017|50003393610003|001|4300007393|00040|CMA0008|50|EA|470|KRW|23500|20170427|1300|
C|005186|2017|50003393610004|001|4300007393|00060|CMA0017|50|EA|770|KRW|38500|20170427|1300|
C|005186|2017|50003393610005|001|4300007393|00070|CMB0001|60|EA|520|KRW|31200|20170427|1300|
C|005186|2017|50003393610006|001|4300007393|00080|CMB0002|120|EA|2100|KRW|252000|20170427|1300|
C|005186|2017|50003393610007|001|4300007393|00090|CMB0007|20|EA|760|KRW|15200|20170427|1300|
C|005186|2017|50003393610008|001|4300007393|00120|CME0002|100|EA|1100|KRW|110000|20170427|1300|
C|005186|2017|50003393610009|001|4300007393|00190|CMZ0002|20|EA|400|KRW|8000|20170427|1300|
C|005186|2017|50003393610010|001|4300007393|00200|CMZ0004|20|EA|220|KRW|4400|20170427|1300|
C|005186|2017|50003393610011|001|4300007393|00210|CMZ0005|10|EA|810|KRW|8100|20170427|1300|
C|005186|2017|50003393620001|001|4300007300|00020|UHFC0409|10|EA|17900|KRW|179000|20170427|1300|
C|005186|2017|50003393630001|001|4300007393|00230|CMZ0009|10|EA|920|KRW|9200|20170427|1300|
C|005186|2017|50003393640001|001|4300007402|00050|CME0008|20|EA|1950|KRW|39000|20170427|1300|
C|005186|2017|50003393650001|001|4300007388|00020|KS080709|5|EA|24700|KRW|123500|20170427|1300|
C|005186|2017|50003393660001|001|4300007410|00080|UGBC1539|50|EA|370|KRW|18500|20170427|1300|
C|005186|2017|50003393660002|001|4300007411|00050|UCHC0017|1|EA|28420|KRW|28420|20170427|1300|
C|005186|2017|50003393660003|001|4300007411|00060|UGCC0074|3|EA|348600|KRW|1045800|20170427|1300|
C|005186|2017|50003393660004|001|4300007412|00050|UAEC0024|3|EA|17640|KRW|52920|20170427|1300|
C|005186|2017|50003393660005|001|4300007412|00060|UICC0032|1|EA|10290|KRW|10290|20170427|1300|
C|005186|2017|50003393670001|001|4300007414|00010|UGAC0045|10|EA|20475|KRW|204750|20170427|1300|
C|005186|2017|50003393670002|001|4300007414|00020|UGAC0047|10|EA|22050|KRW|220500|20170427|1300|
C|005186|2017|50003393670003|001|4300007414|00030|UEBC0870|6|EA|16800|KRW|100800|20170427|1300|
C|005186|2017|50003393670004|001|4300007414|00040|UEBC1190|6|EA|45500|KRW|273000|20170427|1300|
C|005186|2017|50003393670005|001|4300007414|00050|UEBC0723|4|EA|18870|KRW|75480|20170427|1300|
C|005186|2017|50003393670006|001|4300007414|00060|UGCC0771|1|EA|43130|KRW|43130|20170427|1300|
C|005186|2017|50003393670007|001|4300007414|00070|UJAC0015|100|EA|2100|KRW|210000|20170427|1300|
C|005186|2017|50003393670008|001|4300007414|00080|UKBC0010|1|EA|91480|KRW|91480|20170427|1300|
C|005186|2017|50003393670009|001|4300007414|00090|UEBC0871|4|EA|18375|KRW|73500|20170427|1300|
C|005186|2017|50003393670010|001|4300007414|00100|UAGC0193|100|EA|3255|KRW|325500|20170427|1300|
C|005186|2017|50003393670011|001|4300007415|00010|UEBC0061|2|EA|619500|KRW|1239000|20170427|1300|
C|005186|2017|50003393670012|001|4300007417|00010|UDAC0358|1|EA|75300|KRW|75300|20170427|1300|
C|005186|2017|50003393670013|001|4300007417|00020|UEBC0247|16|EA|7310|KRW|116960|20170427|1300|
C|005186|2017|50003393670014|001|4300007417|00030|UKBC0007|5|EA|17540|KRW|87700|20170427|1300|
C|005186|2017|50003393670015|001|4300007417|00040|UGCC0433|2|EA|154300|KRW|308600|20170427|1300|
C|005186|2017|50003393670016|001|4300007417|00050|UEBC1298|2|EA|12000|KRW|24000|20170427|1300|
C|005186|2017|50003393670017|001|4300007417|00080|UDDC0208|2|EA|201600|KRW|403200|20170427|1300|
C|005186|2017|50003393670018|001|4300007417|00110|UEBC1197|6|EA|21200|KRW|127200|20170427|1300|
C|005186|2017|50003393670019|001|4300007417|00120|UEBC0699|4|EA|4410|KRW|17640|20170427|1300|
C|005186|2017|50003393670020|001|4300007417|00130|UGAC0041|10|EA|19425|KRW|194250|20170427|1300|
C|005186|2017|50003393670021|001|4300007417|00140|UGCC0061|10|EA|23100|KRW|231000|20170427|1300|
C|005186|2017|50003393670022|001|4300007418|00010|UAEC0095|1|EA|22630|KRW|22630|20170427|1300|
C|005186|2017|50003393670023|001|4300007418|00040|UAGC0258|20|EA|1920|KRW|38400|20170427|1300|
C|005186|2017|50003393670024|001|4300007418|00050|UAGC0114|10|EA|860|KRW|8600|20170427|1300|
C|005186|2017|50003393670025|001|4300007418|00080|UAGC0291|10|EA|4000|KRW|40000|20170427|1300|
C|005186|2017|50003393670026|001|4300007418|00090|UAGC0127|10|EA|3000|KRW|30000|20170427|1300|
C|005186|2017|50003393670027|001|4300007420|00010|UGCC0121|1|EA|25500|KRW|25500|20170427|1300|
C|005186|2017|50003393680001|001|4300007401|00070|CME0002|20|EA|1100|KRW|22000|20170427|1300|
C|005186|2017|50003393690001|001|4300007418|00120|UIDC0045|50|EA|8800|KRW|440000|20170427|1300|
C|005186|2017|50003393690002|001|4300007418|00130|UIDC0046|10|EA|69230|KRW|692300|20170427|1300|
C|005186|2017|50003393690003|001|4300007420|00020|UIDC0046|20|EA|69230|KRW|1384600|20170427|1300|
C|005186|2017|50003393700001|001|4300007392|00020|CMD0016|3|EA|29000|KRW|87000|20170427|1300|
C|005186|2017|50003393700002|001|4300007395|00070|CMD0011|5|EA|24100|KRW|120500|20170427|1300|
C|005186|2017|50003393700003|001|4300007398|00030|CMD0011|5|EA|24100|KRW|120500|20170427|1300|
C|005186|2017|50003393700004|001|4300007399|00030|CMD0016|3|EA|29000|KRW|87000|20170427|1300|
C|005186|2017|50003393700005|001|4300007401|00060|CMD0017|2|EA|23760|KRW|47520|20170427|1300|
C|005186|2017|50003393700006|001|4300007408|00050|CMD0012|1|EA|22000|KRW|22000|20170427|1300|
C|005186|2017|50003393700007|001|4300007408|00060|CMD0016|2|EA|29000|KRW|58000|20170427|1300|
C|005186|2017|50003393710001|001|4300007299|00010|UCIC0108|1|EA|132300|KRW|132300|20170427|1300|
C|005186|2017|50003393710002|001|4300007299|00020|UGBC0699|5|EA|5900|KRW|29500|20170427|1300|
C|005186|2017|50003393710003|001|4300007299|00030|UGBC0614|5|EA|5150|KRW|25750|20170427|1300|
C|005186|2017|50003393710004|001|4300007299|00040|UGBC1232|10|EA|16900|KRW|169000|20170427|1300|
C|005186|2017|50003393710005|001|4300007329|00010|UGBC0025|10|EA|10500|KRW|105000|20170427|1300|
C|005186|2017|50003393710006|001|4300007329|00020|UGBC0555|10|EA|42000|KRW|420000|20170427|1300|
C|005186|2017|50003393710007|001|4300007329|00030|UGBC0556|5|EA|52500|KRW|262500|20170427|1300|
C|005186|2017|50003393710008|001|4300007329|00040|UGBC0532|20|EA|3990|KRW|79800|20170427|1300|
C|005186|2017|50003393720001|001|4300007410|00110|UGBC1057|1|EA|10500|KRW|10500|20170427|1300|
C|005186|2017|50003393730001|001|4300007418|00100|UCEC0012|5|EA|50400|KRW|252000|20170427|1300|
C|005186|2017|50003393730002|001|4300007418|00110|UJCC0053|10|EA|42000|KRW|420000|20170427|1300|
