C|005186|2015|50001459380001|001|4300002542|00050|UDBC0067|12|EA|8940|KRW|107280|20150415|1300|
C|005186|2015|50001459380002|001|4300002542|00070|UDAC0120|1|EA|367500|KRW|367500|20150415|1300|
C|005186|2015|50001459380003|001|4300002543|00020|UEBC0789|20|EA|2450|KRW|49000|20150415|1300|
C|005186|2015|50001459380004|001|4300002545|00010|UEBC0066|2|EA|938700|KRW|1877400|20150415|1300|
C|005186|2015|50001459380005|001|4300002548|00030|UEBC1046|16|EA|42900|KRW|686400|20150415|1300|
C|005186|2015|50001459380006|001|4300002549|00010|UEBC0155|200|EA|8230|KRW|1646000|20150415|1300|
C|005186|2015|50001459380007|001|4300002550|00020|UDAC0012|200|EA|4220|KRW|844000|20150415|1300|
C|005186|2015|50001459380008|001|4300002577|00030|UAGC0193|50|EA|3255|KRW|162750|20150415|1300|
C|005186|2015|50001459380009|001|4300002577|00040|UEBC1046|16|EA|42900|KRW|686400|20150415|1300|
C|005186|2015|50001459380010|001|4300002577|00050|UDAC0012|200|EA|4220|KRW|844000|20150415|1300|
C|005186|2015|50001459380011|001|4300002581|00030|UCKC0014|10|EA|18900|KRW|189000|20150415|1300|
C|005186|2015|50001459380012|001|4300002582|00170|KS061506|2|EA|7850|KRW|15700|20150415|1300|
C|005186|2015|50001459380013|001|4300002582|00180|KS064003|2|EA|4310|KRW|8620|20150415|1300|
C|005186|2015|50001459380014|001|4300002582|00190|KS066904|2|EA|2000|KRW|4000|20150415|1300|
C|005186|2015|50001459380015|001|4300002582|00200|KS066905|2|EA|2260|KRW|4520|20150415|1300|
C|005186|2015|50001459380016|001|4300002582|00210|KS067002|10|EA|1460|KRW|14600|20150415|1300|
C|005186|2015|50001459380017|001|4300002582|00220|KS067003|2|EA|1550|KRW|3100|20150415|1300|
C|005186|2015|50001459380018|001|4300002582|00230|KS067004|5|EA|2000|KRW|10000|20150415|1300|
C|005186|2015|50001459380019|001|4300002582|00240|KS067207|4|EA|5780|KRW|23120|20150415|1300|
C|005186|2015|50001459380020|001|4300002582|00250|KS067210|2|EA|14350|KRW|28700|20150415|1300|
C|005186|2015|50001459390001|001|4300002507|00060|UDEC0002|20|EA|44100|KRW|882000|20150415|1300|
C|005186|2015|50001459390002|001|4300002508|00010|UDEC0087|10|EA|89250|KRW|892500|20150415|1300|
C|005186|2015|50001459390003|001|4300002510|00010|UDEC0053|20|EA|63000|KRW|1260000|20150415|1300|
C|005186|2015|50001459400001|001|4300002535|00040|UEBC1118|2|EA|2830|KRW|5660|20150415|1300|
C|005186|2015|50001459400002|001|4300002536|00010|UEBC0643|5|EA|378000|KRW|1890000|20150415|1300|
C|005186|2015|50001459400003|001|4300002537|00010|UEBC0630|4|EA|29260|KRW|117040|20150415|1300|
C|005186|2015|50001459400004|001|4300002537|00020|UEBC0649|2|EA|124740|KRW|249480|20150415|1300|
C|005186|2015|50001459400005|001|4300002537|00030|UEBC0759|5|EA|2310|KRW|11550|20150415|1300|
C|005186|2015|50001459400006|001|4300002537|00040|UEBC0758|5|EA|4170|KRW|20850|20150415|1300|
C|005186|2015|50001459400007|001|4300002537|00050|UEBC0297|8|EA|15790|KRW|126320|20150415|1300|
C|005186|2015|50001459400008|001|4300002537|00060|UDDC0036|15|EA|1940|KRW|29100|20150415|1300|
C|005186|2015|50001459400009|001|4300002537|00070|UDDC0037|15|EA|2470|KRW|37050|20150415|1300|
C|005186|2015|50001459400010|001|4300002537|00080|UDDC0038|15|EA|3050|KRW|45750|20150415|1300|
C|005186|2015|50001459400011|001|4300002537|00090|UDDC0039|15|EA|3570|KRW|53550|20150415|1300|
C|005186|2015|50001459400012|001|4300002537|00100|UDDC0034|10|EA|8663|KRW|86630|20150415|1300|
C|005186|2015|50001459400013|001|4300002537|00110|UDDC0022|10|EA|13190|KRW|131900|20150415|1300|
C|005186|2015|50001459400014|001|4300002537|00120|UDDC0252|2|EA|63810|KRW|127620|20150415|1300|
C|005186|2015|50001459400015|001|4300002537|00130|UDDC0258|3|EA|56700|KRW|170100|20150415|1300|
C|005186|2015|50001459400016|001|4300002537|00140|UDDC0114|5|EA|65520|KRW|327600|20150415|1300|
C|005186|2015|50001459400017|001|4300002537|00150|UDDC0267|2|EA|202530|KRW|405060|20150415|1300|
C|005186|2015|50001459400018|001|4300002538|00010|UDDC0312|10|EA|138180|KRW|1381800|20150415|1300|
C|005186|2015|50001459400019|001|4300002538|00020|UDDC0109|4|EA|98010|KRW|392040|20150415|1300|
C|005186|2015|50001459400020|001|4300002582|00010|UDBC0751|100|EA|79|KRW|7900|20150415|1300|
C|005186|2015|50001459400021|001|4300002582|00020|UDBC0179|500|EA|68|KRW|34000|20150415|1300|
C|005186|2015|50001459400022|001|4300002582|00030|UDBC0180|500|EA|74|KRW|37000|20150415|1300|
C|005186|2015|50001459400023|001|4300002582|00040|UDBC0181|500|EA|80|KRW|40000|20150415|1300|
C|005186|2015|50001459400024|001|4300002582|00050|UDBC0426|500|EA|75|KRW|37500|20150415|1300|
C|005186|2015|50001459400025|001|4300002582|00060|UDBC0428|500|EA|82|KRW|41000|20150415|1300|
C|005186|2015|50001459400026|001|4300002582|00070|UDBC0595|500|EA|22|KRW|11000|20150415|1300|
C|005186|2015|50001459400027|001|4300002582|00080|UDBC0500|500|EA|86|KRW|43000|20150415|1300|
C|005186|2015|50001459400028|001|4300002582|00090|UDBC0504|500|EA|96|KRW|48000|20150415|1300|
C|005186|2015|50001459400029|001|4300002582|00100|UDBC0507|500|EA|100|KRW|50000|20150415|1300|
C|005186|2015|50001459400030|001|4300002582|00110|UDBC0511|500|EA|102|KRW|51000|20150415|1300|
C|005186|2015|50001459400031|001|4300002582|00120|UDBC0534|500|EA|157|KRW|78500|20150415|1300|
C|005186|2015|50001459400032|001|4300002582|00130|UDBC0535|500|EA|160|KRW|80000|20150415|1300|
C|005186|2015|50001459400033|001|4300002582|00140|UDBC0536|500|EA|170|KRW|85000|20150415|1300|
C|005186|2015|50001459410001|001|4300002507|00020|UGBC1365|2|EA|132000|KRW|264000|20150415|1300|
C|005186|2015|50001459410002|001|4300002511|00020|UGBC1347|30|EA|1160|KRW|34800|20150415|1300|
C|005186|2015|50001459410003|001|4300002511|00030|UGBC0174|10|EA|3470|KRW|34700|20150415|1300|
C|005186|2015|50001459410004|001|4300002511|00040|UGBC0175|10|EA|4520|KRW|45200|20150415|1300|
C|005186|2015|50001459410005|001|4300002511|00050|UGBC0176|5|EA|7040|KRW|35200|20150415|1300|
C|005186|2015|50001459410006|001|4300002511|00060|UGBC1356|5|EA|5940|KRW|29700|20150415|1300|
C|005186|2015|50001459410007|001|4300002511|00070|UGBC0620|10|EA|420|KRW|4200|20150415|1300|
C|005186|2015|50001459410008|001|4300002511|00080|UCEC0023|50|EA|3570|KRW|178500|20150415|1300|
C|005186|2015|50001459410009|001|4300002511|00090|UCEC0024|30|EA|3990|KRW|119700|20150415|1300|
C|005186|2015|50001459410010|001|4300002511|00100|UCEC0025|50|EA|4200|KRW|210000|20150415|1300|
C|005186|2015|50001459410011|001|4300002580|00030|UGBC1096|4|EA|86100|KRW|344400|20150415|1300|
C|005186|2015|50001459410012|001|4300002580|00040|UGBC0719|15|EA|6300|KRW|94500|20150415|1300|
C|005186|2015|50001459420001|001|4300002585|00040|CMZ0014|1|EA|23300|KRW|23300|20150415|1300|
C|005186|2015|50001459420002|001|4300002586|00100|CMZ0004|10|EA|380|KRW|3800|20150415|1300|
C|005186|2015|50001459420003|001|4300002586|00110|CMZ0005|10|EA|750|KRW|7500|20150415|1300|
C|005186|2015|50001459420004|001|4300002586|00120|CMG0001|5|EA|1840|KRW|9200|20150415|1300|
C|005186|2015|50001459420005|001|4300002586|00130|CMH0007|1|EA|11700|KRW|11700|20150415|1300|
C|005186|2015|50001459420006|001|4300002586|00140|CMZ0014|1|EA|23300|KRW|23300|20150415|1300|
C|005186|2015|50001459420007|001|4300002586|00150|CMZ0032|3|EA|1970|KRW|5910|20150415|1300|
C|005186|2015|50001459420008|001|4300002587|00050|CMA0017|5|EA|780|KRW|3900|20150415|1300|
C|005186|2015|50001459420009|001|4300002587|00070|CMF0013|10|EA|760|KRW|7600|20150415|1300|
C|005186|2015|50001459420010|001|4300002587|00080|CMF0015|10|EA|500|KRW|5000|20150415|1300|
C|005186|2015|50001459420011|001|4300002587|00090|CMH0007|2|EA|11700|KRW|23400|20150415|1300|
C|005186|2015|50001459420012|001|4300002588|00030|CMA0017|10|EA|780|KRW|7800|20150415|1300|
C|005186|2015|50001459420013|001|4300002588|00070|CMH0007|1|EA|11700|KRW|11700|20150415|1300|
C|005186|2015|50001459440001|001|4300002585|00010|CMA0001|10|EA|240|KRW|2400|20150415|1300|
C|005186|2015|50001459440002|001|4300002585|00020|CMA0007|50|EA|270|KRW|13500|20150415|1300|
C|005186|2015|50001459440003|001|4300002585|00030|CMB0010|50|EA|1100|KRW|55000|20150415|1300|
C|005186|2015|50001459440004|001|4300002586|00010|CMA0001|80|EA|240|KRW|19200|20150415|1300|
C|005186|2015|50001459440005|001|4300002586|00020|CMA0007|220|EA|270|KRW|59400|20150415|1300|
C|005186|2015|50001459440006|001|4300002586|00030|CMA0008|40|EA|690|KRW|27600|20150415|1300|
C|005186|2015|50001459440007|001|4300002586|00040|CMB0001|20|EA|655|KRW|13100|20150415|1300|
C|005186|2015|50001459440008|001|4300002586|00050|CME0010|20|EA|285|KRW|5700|20150415|1300|
C|005186|2015|50001459440009|001|4300002586|00060|CMB0010|80|EA|1100|KRW|88000|20150415|1300|
C|005186|2015|50001459440010|001|4300002586|00070|CMB0001|5|EA|655|KRW|3275|20150415|1300|
C|005186|2015|50001459440011|001|4300002586|00080|CMC0003|5|EA|340|KRW|1700|20150415|1300|
C|005186|2015|50001459440012|001|4300002587|00010|CMA0001|80|EA|240|KRW|19200|20150415|1300|
C|005186|2015|50001459440013|001|4300002587|00020|CMA0007|40|EA|270|KRW|10800|20150415|1300|
C|005186|2015|50001459440014|001|4300002587|00030|CMA0008|40|EA|690|KRW|27600|20150415|1300|
C|005186|2015|50001459440015|001|4300002587|00040|CME0010|40|EA|285|KRW|11400|20150415|1300|
C|005186|2015|50001459440016|001|4300002587|00060|CMB0010|40|EA|1100|KRW|44000|20150415|1300|
C|005186|2015|50001459440017|001|4300002588|00010|CMA0001|600|EA|240|KRW|144000|20150415|1300|
C|005186|2015|50001459440018|001|4300002588|00020|CMA0007|30|EA|270|KRW|8100|20150415|1300|
C|005186|2015|50001459440019|001|4300002588|00040|CME0010|90|EA|285|KRW|25650|20150415|1300|
C|005186|2015|50001459440020|001|4300002588|00050|CME0013|2|EA|20300|KRW|40600|20150415|1300|
C|005186|2015|50001459440021|001|4300002588|00090|CMB0002|50|EA|2420|KRW|121000|20150415|1300|
C|005186|2015|50001459440022|001|4300002588|00100|CMB0003|50|EA|2420|KRW|121000|20150415|1300|
C|005186|2015|50001459450001|001|4300002526|00050|CMF0005|1|EA|20700|KRW|20700|20150415|1300|
C|005186|2015|50001459450002|001|4300002527|00070|CMF0005|2|EA|20700|KRW|41400|20150415|1300|
C|005186|2015|50001459450003|001|4300002529|00170|CMF0005|2|EA|20700|KRW|41400|20150415|1300|
C|005186|2015|50001459450004|001|4300002530|00090|CMF0005|6|EA|20700|KRW|124200|20150415|1300|
C|005186|2015|50001459450005|001|4300002531|00120|CMF0005|10|EA|20700|KRW|207000|20150415|1300|
C|005186|2015|50001459450006|001|4300002532|00150|CMF0005|1|EA|20700|KRW|20700|20150415|1300|
C|005186|2015|50001459450007|001|4300002583|00110|CMF0005|6|EA|20700|KRW|124200|20150415|1300|
C|005186|2015|50001459450008|001|4300002584|00110|CMF0005|4|EA|20700|KRW|82800|20150415|1300|
C|005186|2015|50001459450009|001|4300002588|00060|CMF0005|3|EA|20700|KRW|62100|20150415|1300|
C|005186|2015|50001459450010|001|4300002601|00170|CMF0005|8|EA|20700|KRW|165600|20150415|1300|
