C|005186|2020|50005962920001|001|4300018310|00030|UGCC0499|1|EA|100700|KRW|100700|20201022|1300|
C|005186|2020|50005962920002|001|4300018314|00020|UHFC0455|4|EA|44000|KRW|176000|20201022|1300|
C|005186|2020|50005962920003|001|4300018317|00030|UCHC0006|1|EA|157800|KRW|157800|20201022|1300|
C|005186|2020|50005962920004|001|4300018317|00040|UCHC0042|10|EA|53550|KRW|107100|20201022|1300|
C|005186|2020|50005962920005|001|4300018317|00050|UAEC0182|3|EA|4220|KRW|12660|20201022|1300|
C|005186|2020|50005962920006|001|4300018318|00010|KT990010|500|EA|3700|KRW|185000|20201022|1300|
C|005186|2020|50005962920007|001|4300018322|00060|UADC0016|2|EA|12180|KRW|24360|20201022|1300|
C|005186|2020|50005962920008|001|4300018322|00070|UADC0017|3|EA|15750|KRW|47250|20201022|1300|
C|005186|2020|50005962930001|001|4300018258|00010|UGBC1830|30|EA|50200|KRW|150600|20201022|1300|
C|005186|2020|50005962930002|001|4300018258|00020|UGBC1831|30|EA|67000|KRW|201000|20201022|1300|
C|005186|2020|50005962930003|001|4300018258|00030|UGBC1832|30|EA|106000|KRW|318000|20201022|1300|
C|005186|2020|50005962930004|001|4300018258|00040|UGBC1833|30|EA|116300|KRW|348900|20201022|1300|
C|005186|2020|50005962930005|001|4300018259|00010|UGBC1834|30|EA|141000|KRW|423000|20201022|1300|
C|005186|2020|50005962930006|001|4300018259|00020|UGBC1835|30|EA|164300|KRW|492900|20201022|1300|
C|005186|2020|50005962930007|001|4300018259|00030|UGBC1836|10|EA|89800|KRW|89800|20201022|1300|
C|005186|2020|50005962940001|001|4300018210|00020|UHTC0576|10|EA|347300|KRW|347300|20201022|1300|
C|005186|2020|50005962940002|001|4300018245|00010|UCKC0037|100|EA|1405000|KRW|1405000|20201022|1300|
C|005186|2020|50005962940003|001|4300018320|00010|UHHC0040|600|M|730800|KRW|1461600|20201022|1300|
C|005186|2020|50005962940004|001|4300018321|00010|UHGC0342|1|EA|1030000|KRW|1030000|20201022|1300|
C|005186|2020|50005962940005|001|4300018323|00010|UHFC0389|3|EA|600000|KRW|1800000|20201022|1300|
C|005186|2020|50005962950001|001|4300018216|00010|KE030011|5|EA|8190|KRW|40950|20201022|1300|
C|005186|2020|50005962950002|001|4300018216|00020|KE030207|1|EA|41900|KRW|41900|20201022|1300|
C|005186|2020|50005962950003|001|4300018216|00030|KE030209|1|EA|74450|KRW|74450|20201022|1300|
C|005186|2020|50005962950004|001|4300018216|00040|KE050207|1|EA|6930|KRW|6930|20201022|1300|
C|005186|2020|50005962950005|001|4300018216|00050|KE050701|7|EA|2630|KRW|18410|20201022|1300|
C|005186|2020|50005962950006|001|4300018216|00060|KE090106|3|EA|15370|KRW|46110|20201022|1300|
C|005186|2020|50005962950007|001|4300018216|00070|KE090127|2|EA|34000|KRW|68000|20201022|1300|
C|005186|2020|50005962950008|001|4300018216|00080|KE110200|5|EA|65100|KRW|325500|20201022|1300|
C|005186|2020|50005962950009|001|4300018216|00090|KE190003|4|EA|29300|KRW|117200|20201022|1300|
C|005186|2020|50005962950010|001|4300018216|00100|KE230003|150|EA|46750|KRW|280500|20201022|1300|
C|005186|2020|50005962950011|001|4300018216|00110|KE231403|4|EA|1840|KRW|7360|20201022|1300|
C|005186|2020|50005962950012|001|4300018216|00120|KE231406|7|EA|7140|KRW|49980|20201022|1300|
C|005186|2020|50005962950013|001|4300018216|00130|KE270300|60|EA|9400|KRW|28200|20201022|1300|
C|005186|2020|50005962950014|001|4300018216|00140|KE270302|4|EA|6900|KRW|27600|20201022|1300|
C|005186|2020|50005962960001|001|4300018279|00010|UHFC0099|20|EA|13500|KRW|270000|20201022|1300|
C|005186|2020|50005962960002|001|4300018279|00020|UHFC0101|20|EA|135000|KRW|270000|20201022|1300|
C|005186|2020|50005962960003|001|4300018279|00030|UHNC0007|1|EA|346500|KRW|346500|20201022|1300|
C|005186|2020|50005962960004|001|4300018279|00040|UHNC0008|1|EA|346500|KRW|346500|20201022|1300|
C|005186|2020|50005962960005|001|4300018279|00050|UHGC0282|1|EA|750000|KRW|750000|20201022|1300|
C|005186|2020|50005962960006|001|4300018280|00010|UHTC0040|1|EA|1960000|KRW|1960000|20201022|1300|
C|005186|2020|50005962960007|001|4300018281|00010|UHBC0024|1|EA|1950000|KRW|1950000|20201022|1300|
C|005186|2020|50005962960008|001|4300018282|00010|UHNC0018|1|EA|1111950|KRW|1111950|20201022|1300|
C|005186|2020|50005962960009|001|4300018282|00020|UHNC0144|10|EA|74200|KRW|742000|20201022|1300|
C|005186|2020|50005962960010|001|4300018297|00010|UHNC0032|1|EA|293000|KRW|293000|20201022|1300|
C|005186|2020|50005962960011|001|4300018297|00020|UHGC0317|5|EA|318000|KRW|1590000|20201022|1300|
C|005186|2020|50005962960012|001|4300018299|00010|UHFC0150|10|EA|496000|KRW|496000|20201022|1300|
C|005186|2020|50005962960013|001|4300018299|00020|UHTC0835|3|EA|440000|KRW|1320000|20201022|1300|
C|005186|2020|50005962960014|001|4300018300|00010|UHDC0233|10|EA|505000|KRW|505000|20201022|1300|
C|005186|2020|50005962960015|001|4300018300|00020|UGCC0232|2|EA|300300|KRW|600600|20201022|1300|
C|005186|2020|50005962960016|001|4300018300|00030|UFJC0013|2|EA|58800|KRW|117600|20201022|1300|
C|005186|2020|50005962960017|001|4300018300|00040|UHTC0177|10|EA|7360|KRW|73600|20201022|1300|
C|005186|2020|50005962960018|001|4300018300|00050|UHFC0308|2|EA|68250|KRW|136500|20201022|1300|
C|005186|2020|50005962960019|001|4300018322|00010|UHDC0203|2|EA|26250|KRW|52500|20201022|1300|
C|005186|2020|50005962960020|001|4300018322|00050|UHDC0245|5|EA|312500|KRW|312500|20201022|1300|
C|005186|2020|50005962960021|001|4300018322|00080|UHGC0254|1|EA|800000|KRW|800000|20201022|1300|
C|005186|2020|50005962970001|001|4300018244|00050|UKEC0107|20|EA|6851|KRW|137020|20201022|1300|
C|005186|2020|50005962970002|001|4300018244|00060|UKBC0015|20|EA|2100|KRW|42000|20201022|1300|
C|005186|2020|50005962970003|001|4300018244|00070|UKEC0108|1|EA|137020|KRW|137020|20201022|1300|
C|005186|2020|50005962970004|001|4300018257|00010|UBEC0009|10|EA|6900|KRW|69000|20201022|1300|
C|005186|2020|50005962970005|001|4300018257|00020|UBEC0010|10|EA|6900|KRW|69000|20201022|1300|
C|005186|2020|50005962970006|001|4300018303|00020|UIDC0044|50|EA|28500|KRW|1425000|20201022|1300|
C|005186|2020|50005962970007|001|4300018303|00030|UJAC0046|4|EA|24150|KRW|96600|20201022|1300|
C|005186|2020|50005962970008|001|4300018305|00040|UKDC0007|2|EA|207900|KRW|415800|20201022|1300|
C|005186|2020|50005962970009|001|4300018306|00040|UDEC0010|1|EA|247170|KRW|247170|20201022|1300|
C|005186|2020|50005962970010|001|4300018308|00050|UDEC0017|1|EA|13280|KRW|13280|20201022|1300|
C|005186|2020|50005962970011|001|4300018308|00080|UDEC0047|1|EA|85680|KRW|85680|20201022|1300|
C|005186|2020|50005962980001|001|4300018278|00010|UEBC0637|7|EA|7400|KRW|51800|20201022|1300|
C|005186|2020|50005962980002|001|4300018305|00030|UDBC0007|10|EA|950|KRW|9500|20201022|1300|
C|005186|2020|50005962980003|001|4300018310|00040|UGCC0288|30|EA|3780|KRW|11340|20201022|1300|
C|005186|2020|50005962980004|001|4300018310|00050|UDBC0033|300|EA|11900|KRW|35700|20201022|1300|
C|005186|2020|50005962980005|001|4300018310|00060|UDBC0034|300|EA|15600|KRW|46800|20201022|1300|
C|005186|2020|50005962980006|001|4300018317|00010|UDBC0004|100|EA|10500|KRW|105000|20201022|1300|
C|005186|2020|50005962980007|001|4300018317|00020|UDBC0006|100|EA|12000|KRW|120000|20201022|1300|
C|005186|2020|50005962980008|001|4300018322|00020|UDBC0700|3|EA|11580|KRW|34740|20201022|1300|
C|005186|2020|50005962980009|001|4300018322|00030|UDBC0702|3|EA|8190|KRW|24570|20201022|1300|
C|005186|2020|50005962980010|001|4300018322|00040|UDBC0703|3|EA|9650|KRW|28950|20201022|1300|
C|005186|2020|50005962990001|001|4300018303|00010|UDAC0453|30|EA|10600|KRW|31800|20201022|1300|
C|005186|2020|50005962990002|001|4300018304|00010|UEBC1146|10|EA|27200|KRW|272000|20201022|1300|
C|005186|2020|50005962990003|001|4300018304|00020|UEBC0511|6|EA|6960|KRW|41760|20201022|1300|
C|005186|2020|50005962990004|001|4300018304|00030|UEBC0379|10|EA|35490|KRW|354900|20201022|1300|
C|005186|2020|50005962990005|001|4300018304|00080|UEBC0665|1|EA|165850|KRW|165850|20201022|1300|
C|005186|2020|50005962990006|001|4300018304|00090|UEBC1682|20|EA|5510|KRW|110200|20201022|1300|
C|005186|2020|50005962990007|001|4300018305|00010|UEBC0219|2|EA|505270|KRW|1010540|20201022|1300|
C|005186|2020|50005962990008|001|4300018305|00020|UEBC0352|2|EA|86100|KRW|172200|20201022|1300|
C|005186|2020|50005962990009|001|4300018306|00010|UEBC1711|2|EA|750750|KRW|1501500|20201022|1300|
C|005186|2020|50005962990010|001|4300018307|00010|UEBC1616|13|EA|116600|KRW|1515800|20201022|1300|
C|005186|2020|50005962990011|001|4300018308|00010|UEAC1153|1|EA|219450|KRW|219450|20201022|1300|
C|005186|2020|50005962990012|001|4300018308|00020|UEBC0256|1|EA|3630|KRW|3630|20201022|1300|
C|005186|2020|50005962990013|001|4300018308|00030|UEBC1280|2|EA|7050|KRW|14100|20201022|1300|
C|005186|2020|50005962990014|001|4300018308|00040|UEBC0253|1|EA|1980|KRW|1980|20201022|1300|
C|005186|2020|50005962990015|001|4300018308|00060|UEBC0379|10|EA|35490|KRW|354900|20201022|1300|
C|005186|2020|50005962990016|001|4300018308|00070|UEBC0307|10|EA|39900|KRW|399000|20201022|1300|
C|005186|2020|50005962990017|001|4300018308|00090|UDAC0242|2|EA|1050|KRW|2100|20201022|1300|
C|005186|2020|50005962990018|001|4300018308|00100|UEBC0132|1|EA|2480|KRW|2480|20201022|1300|
C|005186|2020|50005962990019|001|4300018308|00110|UDBC0417|20|EA|500|KRW|10000|20201022|1300|
C|005186|2020|50005962990020|001|4300018308|00120|UDBC0864|20|EA|5100|KRW|10200|20201022|1300|
C|005186|2020|50005962990021|001|4300018308|00150|UEBC1339|2|EA|223700|KRW|447400|20201022|1300|
C|005186|2020|50005962990022|001|4300018309|00010|UEBC0163|10|EA|20530|KRW|205300|20201022|1300|
C|005186|2020|50005962990023|001|4300018310|00090|UEBC0170|2|EA|705600|KRW|1411200|20201022|1300|
C|005186|2020|50005962990024|001|4300018311|00010|UEBC1394|2|EA|731400|KRW|1462800|20201022|1300|
C|005186|2020|50005962990025|001|4300018311|00040|UEBC1021|2|EA|28250|KRW|56500|20201022|1300|
C|005186|2020|50005962990026|001|4300018311|00050|UEBC1022|2|EA|57000|KRW|114000|20201022|1300|
C|005186|2020|50005962990027|001|4300018311|00060|UDAC0248|1|EA|1580|KRW|1580|20201022|1300|
C|005186|2020|50005962990028|001|4300018312|00020|UEBC1023|1|EA|62400|KRW|62400|20201022|1300|
C|005186|2020|50005962990029|001|4300018313|00030|UEBC1432|20|EA|6180|KRW|123600|20201022|1300|
