C|005186|2017|50003722990001|001|4300008475|00010|UHHC0201|60|EA|31580|KRW|1894800|20170929|1300|
C|005186|2017|50003722990002|001|4300008479|00010|UHHC0190|1|EA|221000|KRW|221000|20170929|1300|
C|005186|2017|50003722990003|001|4300008479|00020|UHGC0295|5|EA|36040|KRW|180200|20170929|1300|
C|005186|2017|50003722990004|001|4300008479|00030|UHHC0116|2|EA|215250|KRW|430500|20170929|1300|
C|005186|2017|50003722990005|001|4300008479|00040|UHTC0123|20|EA|1050|KRW|21000|20170929|1300|
C|005186|2017|50003722990006|001|4300008479|00050|UHGC0055|10|EA|17100|KRW|171000|20170929|1300|
C|005186|2017|50003722990007|001|4300008479|00060|UHFC0101|10|EA|13500|KRW|135000|20170929|1300|
C|005186|2017|50003722990008|001|4300008479|00070|UHFC0079|10|EA|10542|KRW|105420|20170929|1300|
C|005186|2017|50003722990009|001|4300008479|00080|UHFC0164|100|EA|210|KRW|21000|20170929|1300|
C|005186|2017|50003722990010|001|4300008479|00110|UHFC0336|2|EA|82950|KRW|165900|20170929|1300|
C|005186|2017|50003722990011|001|4300008479|00120|UHFC0438|5|EA|14098|KRW|70490|20170929|1300|
C|005186|2017|50003722990012|001|4300008479|00130|UHFC0437|5|EA|12720|KRW|63600|20170929|1300|
C|005186|2017|50003722990013|001|4300008480|00020|UHAC0007|1|EA|1291500|KRW|1291500|20170929|1300|
C|005186|2017|50003722990014|001|4300008481|00010|UHBC0010|1|EA|898280|KRW|898280|20170929|1300|
C|005186|2017|50003722990015|001|4300008481|00020|UHGC0277|1|EA|605270|KRW|605270|20170929|1300|
C|005186|2017|50003722990016|001|4300008482|00010|UEAC0184|5|EA|379480|KRW|1897400|20170929|1300|
C|005186|2017|50003722990017|001|4300008486|00010|KE030011|8|EA|8190|KRW|65520|20170929|1300|
C|005186|2017|50003722990018|001|4300008486|00020|KE030114|1|EA|63840|KRW|63840|20170929|1300|
C|005186|2017|50003722990019|001|4300008486|00030|KE030116|1|EA|157500|KRW|157500|20170929|1300|
C|005186|2017|50003722990020|001|4300008486|00040|KE030205|2|EA|31290|KRW|62580|20170929|1300|
C|005186|2017|50003722990021|001|4300008486|00050|KE030207|1|EA|41900|KRW|41900|20170929|1300|
C|005186|2017|50003722990022|001|4300008486|00060|KE030208|1|EA|57230|KRW|57230|20170929|1300|
C|005186|2017|50003722990023|001|4300008486|00070|KE030211|1|EA|145740|KRW|145740|20170929|1300|
C|005186|2017|50003722990024|001|4300008486|00080|KE050213|3|EA|8440|KRW|25320|20170929|1300|
C|005186|2017|50003722990025|001|4300008486|00090|KE050302|9|EA|1160|KRW|10440|20170929|1300|
C|005186|2017|50003722990026|001|4300008486|00100|KE050502|2|EA|10000|KRW|20000|20170929|1300|
C|005186|2017|50003722990027|001|4300008486|00110|KE050801|9|EA|1900|KRW|17100|20170929|1300|
C|005186|2017|50003722990028|001|4300008486|00120|KE090102|5|EA|15430|KRW|77150|20170929|1300|
C|005186|2017|50003722990029|001|4300008486|00130|KE090106|4|EA|15370|KRW|61480|20170929|1300|
C|005186|2017|50003722990030|001|4300008486|00140|KE090112|5|EA|16800|KRW|84000|20170929|1300|
C|005186|2017|50003722990031|001|4300008486|00150|KE090116|1|EA|28040|KRW|28040|20170929|1300|
C|005186|2017|50003722990032|001|4300008486|00160|KE090127|1|EA|34000|KRW|34000|20170929|1300|
C|005186|2017|50003722990033|001|4300008486|00170|KE090165|2|EA|165900|KRW|331800|20170929|1300|
C|005186|2017|50003722990034|001|4300008486|00180|KE110200|10|EA|65100|KRW|651000|20170929|1300|
C|005186|2017|50003722990035|001|4300008487|00010|KE180203|30|EA|13650|KRW|409500|20170929|1300|
C|005186|2017|50003722990036|001|4300008487|00020|KE230003|83|EA|1870|KRW|155210|20170929|1300|
C|005186|2017|50003722990037|001|4300008487|00030|KE231001|26|EA|16150|KRW|419900|20170929|1300|
C|005186|2017|50003722990038|001|4300008487|00040|KE231100|30|EA|530|KRW|15900|20170929|1300|
C|005186|2017|50003722990039|001|4300008487|00050|KE231406|15|EA|7140|KRW|107100|20170929|1300|
C|005186|2017|50003722990040|001|4300008487|00060|KE231503|11|EA|1160|KRW|12760|20170929|1300|
C|005186|2017|50003722990041|001|4300008487|00070|KE270300|80|EA|470|KRW|37600|20170929|1300|
C|005186|2017|50003722990042|001|4300008487|00080|KE281401|22|EA|840|KRW|18480|20170929|1300|
C|005186|2017|50003724000001|001|4300008493|00020|UGCC0894|400|EA|3000|KRW|1200000|20170929|1300|
C|005186|2017|50003724000002|001|4300008493|00030|UDAC0012|200|EA|3000|KRW|600000|20170929|1300|
C|005186|2017|50003724000003|001|4300008500|00030|UAGC0033|4|EA|122100|KRW|488400|20170929|1300|
C|005186|2017|50003724010001|001|4300008488|00040|KS061506|2|EA|7850|KRW|15700|20170929|1300|
C|005186|2017|50003724010002|001|4300008488|00050|KS061508|4|EA|10510|KRW|42040|20170929|1300|
C|005186|2017|50003724010003|001|4300008488|00060|KS066904|2|EA|2000|KRW|4000|20170929|1300|
C|005186|2017|50003724010004|001|4300008488|00070|KS066905|2|EA|2260|KRW|4520|20170929|1300|
C|005186|2017|50003724010005|001|4300008488|00080|KS067001|2|EA|1400|KRW|2800|20170929|1300|
C|005186|2017|50003724010006|001|4300008488|00090|KS067006|5|EA|3120|KRW|15600|20170929|1300|
C|005186|2017|50003724010007|001|4300008488|00100|KS067401|2|EA|3780|KRW|7560|20170929|1300|
C|005186|2017|50003724010008|001|4300008488|00110|KS080702|2|EA|19850|KRW|39700|20170929|1300|
C|005186|2017|50003724010009|001|4300008488|00120|KS080705|3|EA|18500|KRW|55500|20170929|1300|
C|005186|2017|50003724010010|001|4300008488|00130|KS080711|3|EA|32300|KRW|96900|20170929|1300|
C|005186|2017|50003724010011|001|4300008488|00150|KS990008|2|EA|39900|KRW|79800|20170929|1300|
C|005186|2017|50003724010012|001|4300008488|00160|KS990009|2|EA|8820|KRW|17640|20170929|1300|
C|005186|2017|50003724020001|001|4300008493|00010|UFGC0049|10|EA|12650|KRW|126500|20170929|1300|
C|005186|2017|50003724020002|001|4300008499|00050|UJAC0149|1|EA|484840|KRW|484840|20170929|1300|
C|005186|2017|50003724020003|001|4300008501|00010|UJBC0004|5|EA|4337|KRW|21685|20170929|1300|
C|005186|2017|50003724030001|001|4300008494|00040|UHTC0739|2|EA|400000|KRW|800000|20170929|1300|
C|005186|2017|50003724040001|001|4300008420|00010|UBCC0039|5|EA|18900|KRW|94500|20170929|1300|
C|005186|2017|50003724040002|001|4300008420|00020|UCIC0172|1|EA|1852000|KRW|1852000|20170929|1300|
C|005186|2017|50003724040003|001|4300008421|00020|UGBC1246|1|EA|1821100|KRW|1821100|20170929|1300|
C|005186|2017|50003724040004|001|4300008498|00030|UCGC0004|1|EA|461000|KRW|461000|20170929|1300|
C|005186|2017|50003724040005|001|4300008498|00060|UGBC1606|2|EA|60500|KRW|121000|20170929|1300|
C|005186|2017|50003724040006|001|4300008498|00070|UGBC1297|1|EA|494800|KRW|494800|20170929|1300|
C|005186|2017|50003724040007|001|4300008500|00010|UGCC0914|50|EA|12700|KRW|635000|20170929|1300|
C|005186|2017|50003724040008|001|4300008502|00010|UCIC0150|10|EA|6830|KRW|68300|20170929|1300|
C|005186|2017|50003724050001|001|4300008510|00010|UALC0119|6000|EA|20|KRW|120000|20170929|1300|
