C|005186|2013|50000196560001|001|4300000377|00010|KS066901|44|EA|1290|KRW|56760|20130726|1300|
C|005186|2013|50000196570001|001|4300000371|00020|UEBC0066|2|EA|938700|KRW|1877400|20130726|1300|
C|005186|2013|50000196570002|001|4300000371|00030|UKBC0010|1|EA|91480|KRW|91480|20130726|1300|
C|005186|2013|50000196570003|001|4300000371|00040|UAAC0016|10|EA|7570|KRW|75700|20130726|1300|
C|005186|2013|50000196570004|001|4300000371|00060|UKEC0091|20|EA|1270|KRW|25400|20130726|1300|
C|005186|2013|50000196570005|001|4300000371|00070|UKGC0006|30|EA|1370|KRW|41100|20130726|1300|
C|005186|2013|50000196570006|001|4300000371|00080|UGBC0347|20|EA|3650|KRW|73000|20130726|1300|
C|005186|2013|50000196570007|001|4300000371|00090|UGBC0799|20|EA|5990|KRW|119800|20130726|1300|
C|005186|2013|50000196570008|001|4300000371|00100|UALC0094|24|EA|57200|KRW|1372800|20130726|1300|
C|005186|2013|50000196570009|001|4300000371|00110|UKBC0010|1|EA|91480|KRW|91480|20130726|1300|
C|005186|2013|50000196570010|001|4300000371|00120|UKGC0008|7|EA|2940|KRW|20580|20130726|1300|
C|005186|2013|50000196570011|001|4300000371|00130|UEBC0166|10|EA|6480|KRW|64800|20130726|1300|
C|005186|2013|50000196570012|001|4300000371|00140|UJBC0050|30|EA|3670|KRW|110100|20130726|1300|
C|005186|2013|50000196570013|001|4300000374|00010|UJAC0076|4|EA|50400|KRW|201600|20130726|1300|
C|005186|2013|50000196570014|001|4300000374|00020|UGAC0056|3|EA|139760|KRW|419280|20130726|1300|
C|005186|2013|50000196570015|001|4300000374|00030|UJAC0114|4|EA|42420|KRW|169680|20130726|1300|
C|005186|2013|50000196570016|001|4300000374|00040|UJAC0055|3|EA|21850|KRW|65550|20130726|1300|
C|005186|2013|50000196570017|001|4300000374|00050|UJAC0060|10|EA|2070|KRW|20700|20130726|1300|
C|005186|2013|50000196570018|001|4300000374|00060|UAEC0259|2|EA|3930|KRW|7860|20130726|1300|
C|005186|2013|50000196570019|001|4300000374|00070|UAEC0247|2|EA|2920|KRW|5840|20130726|1300|
C|005186|2013|50000196570020|001|4300000374|00080|UAGC0039|70|EA|8450|KRW|591500|20130726|1300|
C|005186|2013|50000196570021|001|4300000374|00100|UEBC1076|60|EA|13000|KRW|780000|20130726|1300|
C|005186|2013|50000196570022|001|4300000374|00110|UEBC0155|100|EA|8230|KRW|823000|20130726|1300|
C|005186|2013|50000196570023|001|4300000374|00120|UGCC0566|1|EA|24680|KRW|24680|20130726|1300|
C|005186|2013|50000196570024|001|4300000374|00130|UAEC0386|2|EA|72600|KRW|145200|20130726|1300|
C|005186|2013|50000196570025|001|4300000374|00140|UAIC0013|1|EA|45680|KRW|45680|20130726|1300|
C|005186|2013|50000196570026|001|4300000374|00150|UAEC0366|3|EA|229400|KRW|688200|20130726|1300|
C|005186|2013|50000196570027|001|4300000376|00010|UGCC0729|30|EA|57860|KRW|1735800|20130726|1300|
C|005186|2013|50000196570028|001|4300000376|00020|UALC0058|20|EA|28730|KRW|574600|20130726|1300|
C|005186|2013|50000196570029|001|4300000376|00030|UGAC0053|1|EA|69880|KRW|69880|20130726|1300|
C|005186|2013|50000196570030|001|4300000376|00040|UAAC0001|20|EA|1890|KRW|37800|20130726|1300|
C|005186|2013|50000196580001|001|4300000323|00010|UCKC0086|5|EA|305200|KRW|1526000|20130726|1300|
C|005186|2013|50000196580002|001|4300000370|00010|UEAC0109|3|EA|143330|KRW|429990|20130726|1300|
C|005186|2013|50000196580003|001|4300000372|00020|UAEC0268|2|EA|16170|KRW|32340|20130726|1300|
C|005186|2013|50000196580004|001|4300000372|00030|UAEC0077|2|EA|8500|KRW|17000|20130726|1300|
C|005186|2013|50000196580005|001|4300000372|00060|UDFC0016|2|EA|91350|KRW|182700|20130726|1300|
