C|005186|2016|50002642410001|001|4300005381|00010|CMA0001|500|EA|240|KRW|120000|20160629|1300|
C|005186|2016|50002642410002|001|4300005381|00020|CMA0007|200|EA|270|KRW|54000|20160629|1300|
C|005186|2016|50002642410003|001|4300005381|00030|CMA0008|300|EA|690|KRW|207000|20160629|1300|
C|005186|2016|50002642410004|001|4300005381|00040|CMA0016|150|EA|2840|KRW|426000|20160629|1300|
C|005186|2016|50002642410005|001|4300005381|00050|CMA0017|100|EA|780|KRW|78000|20160629|1300|
C|005186|2016|50002642410006|001|4300005381|00060|CMB0010|480|EA|1100|KRW|528000|20160629|1300|
C|005186|2016|50002642410007|001|4300005381|00080|CME0002|50|EA|2300|KRW|115000|20160629|1300|
C|005186|2016|50002642410008|001|4300005381|00090|CME0005|10|EA|3465|KRW|34650|20160629|1300|
C|005186|2016|50002642410009|001|4300005381|00100|CME0010|300|EA|285|KRW|85500|20160629|1300|
C|005186|2016|50002642410010|001|4300005381|00110|CMF0001|5|EA|1680|KRW|8400|20160629|1300|
C|005186|2016|50002642410011|001|4300005381|00120|CMF0004|4|EA|22050|KRW|88200|20160629|1300|
C|005186|2016|50002642410012|001|4300005381|00140|CMF0007|10|EA|1780|KRW|17800|20160629|1300|
C|005186|2016|50002642410013|001|4300005381|00150|CMF0008|10|EA|1785|KRW|17850|20160629|1300|
C|005186|2016|50002642410014|001|4300005381|00160|CMF0009|10|EA|5700|KRW|57000|20160629|1300|
C|005186|2016|50002642410015|001|4300005381|00170|CMF0021|10|EA|5400|KRW|54000|20160629|1300|
C|005186|2016|50002642410016|001|4300005381|00180|CMH0007|6|EA|11700|KRW|70200|20160629|1300|
C|005186|2016|50002642410017|001|4300005381|00190|CMZ0004|10|EA|380|KRW|3800|20160629|1300|
C|005186|2016|50002642410018|001|4300005381|00200|CMZ0006|20|EA|1155|KRW|23100|20160629|1300|
C|005186|2016|50002642410019|001|4300005381|00210|CMZ0014|3|EA|23300|KRW|69900|20160629|1300|
C|005186|2016|50002642410020|001|4300005381|00220|CMZ0032|10|EA|1970|KRW|19700|20160629|1300|
C|005186|2016|50002642410021|001|4300005383|00010|CMA0001|600|EA|240|KRW|144000|20160629|1300|
C|005186|2016|50002642410022|001|4300005383|00020|CMA0007|300|EA|270|KRW|81000|20160629|1300|
C|005186|2016|50002642410023|001|4300005383|00030|CMA0008|300|EA|690|KRW|207000|20160629|1300|
C|005186|2016|50002642410024|001|4300005383|00040|CMA0016|100|EA|2840|KRW|284000|20160629|1300|
C|005186|2016|50002642410025|001|4300005383|00050|CMA0017|10|EA|780|KRW|7800|20160629|1300|
C|005186|2016|50002642410026|001|4300005383|00060|CMB0010|500|EA|1100|KRW|550000|20160629|1300|
C|005186|2016|50002642410027|001|4300005383|00070|CMC0005|200|EA|190|KRW|38000|20160629|1300|
C|005186|2016|50002642410028|001|4300005383|00080|CME0010|100|EA|285|KRW|28500|20160629|1300|
C|005186|2016|50002642410029|001|4300005383|00090|CMF0001|10|EA|1680|KRW|16800|20160629|1300|
C|005186|2016|50002642410030|001|4300005383|00100|CMF0002|5|EA|1100|KRW|5500|20160629|1300|
C|005186|2016|50002642410031|001|4300005383|00110|CMF0004|1|EA|22050|KRW|22050|20160629|1300|
C|005186|2016|50002642410032|001|4300005383|00130|CMF0020|10|EA|700|KRW|7000|20160629|1300|
C|005186|2016|50002642410033|001|4300005383|00140|CMG0001|10|EA|1840|KRW|18400|20160629|1300|
C|005186|2016|50002642410034|001|4300005383|00150|CMH0007|1|EA|11700|KRW|11700|20160629|1300|
C|005186|2016|50002642410035|001|4300005383|00160|CMZ0004|100|EA|380|KRW|38000|20160629|1300|
C|005186|2016|50002642410036|001|4300005383|00170|CMZ0005|10|EA|750|KRW|7500|20160629|1300|
C|005186|2016|50002642410037|001|4300005383|00180|CMZ0006|50|EA|1155|KRW|57750|20160629|1300|
C|005186|2016|50002642410038|001|4300005383|00190|CMZ0030|100|EA|380|KRW|38000|20160629|1300|
C|005186|2016|50002642410039|001|4300005385|00010|CMA0001|400|EA|240|KRW|96000|20160629|1300|
C|005186|2016|50002642410040|001|4300005385|00020|CMA0007|150|EA|270|KRW|40500|20160629|1300|
C|005186|2016|50002642410041|001|4300005385|00030|CMA0008|100|EA|690|KRW|69000|20160629|1300|
C|005186|2016|50002642410042|001|4300005385|00040|CMB0001|120|EA|655|KRW|78600|20160629|1300|
C|005186|2016|50002642410043|001|4300005385|00050|CMB0003|120|EA|2420|KRW|290400|20160629|1300|
C|005186|2016|50002642410044|001|4300005385|00060|CMB0010|140|EA|1100|KRW|154000|20160629|1300|
C|005186|2016|50002642410045|001|4300005385|00080|CME0010|30|EA|285|KRW|8550|20160629|1300|
C|005186|2016|50002642410046|001|4300005385|00100|CMF0021|10|EA|5400|KRW|54000|20160629|1300|
C|005186|2016|50002642410047|001|4300005386|00010|CMA0001|50|EA|240|KRW|12000|20160629|1300|
C|005186|2016|50002642410048|001|4300005386|00020|CMA0003|10|EA|950|KRW|9500|20160629|1300|
C|005186|2016|50002642410049|001|4300005386|00030|CMA0007|50|EA|270|KRW|13500|20160629|1300|
C|005186|2016|50002642410050|001|4300005386|00040|CMA0008|20|EA|690|KRW|13800|20160629|1300|
C|005186|2016|50002642410051|001|4300005386|00050|CMA0016|10|EA|2840|KRW|28400|20160629|1300|
C|005186|2016|50002642410052|001|4300005386|00060|CMA0017|50|EA|780|KRW|39000|20160629|1300|
C|005186|2016|50002642410053|001|4300005386|00070|CMB0003|50|EA|2420|KRW|121000|20160629|1300|
C|005186|2016|50002642410054|001|4300005386|00080|CMF0004|3|EA|22050|KRW|66150|20160629|1300|
C|005186|2016|50002642410055|001|4300005386|00100|CMF0006|3|EA|11970|KRW|35910|20160629|1300|
C|005186|2016|50002642410056|001|4300005386|00110|CMF0021|4|EA|5400|KRW|21600|20160629|1300|
C|005186|2016|50002642410057|001|4300005386|00120|CMH0007|2|EA|11700|KRW|23400|20160629|1300|
C|005186|2016|50002642410058|001|4300005386|00130|CMZ0005|20|EA|750|KRW|15000|20160629|1300|
C|005186|2016|50002642410059|001|4300005387|00010|CMA0001|200|EA|240|KRW|48000|20160629|1300|
C|005186|2016|50002642410060|001|4300005387|00020|CMA0002|2|EA|1530|KRW|3060|20160629|1300|
C|005186|2016|50002642410061|001|4300005387|00030|CMA0007|250|EA|270|KRW|67500|20160629|1300|
C|005186|2016|50002642410062|001|4300005387|00040|CMA0016|20|EA|2840|KRW|56800|20160629|1300|
C|005186|2016|50002642410063|001|4300005387|00050|CMB0002|100|EA|2420|KRW|242000|20160629|1300|
C|005186|2016|50002642410064|001|4300005387|00060|CMC0005|30|EA|190|KRW|5700|20160629|1300|
C|005186|2016|50002642410065|001|4300005387|00080|CME0001|13|EA|4910|KRW|63830|20160629|1300|
C|005186|2016|50002642410066|001|4300005387|00100|CMF0006|1|EA|11970|KRW|11970|20160629|1300|
C|005186|2016|50002642410067|001|4300005387|00110|CMH0007|2|EA|11700|KRW|23400|20160629|1300|
C|005186|2016|50002642410068|001|4300005387|00120|CMZ0002|10|EA|430|KRW|4300|20160629|1300|
C|005186|2016|50002642410069|001|4300005387|00130|CMZ0004|10|EA|380|KRW|3800|20160629|1300|
C|005186|2016|50002642410070|001|4300005387|00140|CMZ0005|10|EA|750|KRW|7500|20160629|1300|
C|005186|2016|50002642410071|001|4300005388|00010|CMZ0001|10|EA|765|KRW|7650|20160629|1300|
C|005186|2016|50002642410072|001|4300005388|00020|CMZ0002|10|EA|430|KRW|4300|20160629|1300|
C|005186|2016|50002642410073|001|4300005388|00030|CMZ0004|20|EA|380|KRW|7600|20160629|1300|
C|005186|2016|50002642410074|001|4300005388|00040|CMB0010|60|EA|1100|KRW|66000|20160629|1300|
C|005186|2016|50002642410075|001|4300005388|00050|CMB0002|40|EA|2420|KRW|96800|20160629|1300|
C|005186|2016|50002642410076|001|4300005388|00060|CMB0003|40|EA|2420|KRW|96800|20160629|1300|
C|005186|2016|50002642410077|001|4300005388|00070|CMB0001|100|EA|655|KRW|65500|20160629|1300|
C|005186|2016|50002642410078|001|4300005388|00080|CMC0005|20|EA|190|KRW|3800|20160629|1300|
C|005186|2016|50002642410079|001|4300005388|00090|CME0008|10|EA|4410|KRW|44100|20160629|1300|
C|005186|2016|50002642410080|001|4300005388|00100|CME0010|300|EA|285|KRW|85500|20160629|1300|
C|005186|2016|50002642410081|001|4300005388|00110|CMA0001|240|EA|240|KRW|57600|20160629|1300|
C|005186|2016|50002642410082|001|4300005388|00120|CMA0007|140|EA|270|KRW|37800|20160629|1300|
C|005186|2016|50002642410083|001|4300005388|00130|CMA0008|200|EA|690|KRW|138000|20160629|1300|
C|005186|2016|50002642410084|001|4300005388|00150|CMH0007|3|EA|11700|KRW|35100|20160629|1300|
C|005186|2016|50002642410085|001|4300005389|00010|CMA0001|100|EA|240|KRW|24000|20160629|1300|
C|005186|2016|50002642410086|001|4300005389|00020|CMB0002|120|EA|2420|KRW|290400|20160629|1300|
C|005186|2016|50002642410087|001|4300005389|00030|CME0008|30|EA|4410|KRW|132300|20160629|1300|
C|005186|2016|50002642410088|001|4300005389|00040|CMF0013|10|EA|760|KRW|7600|20160629|1300|
C|005186|2016|50002642410089|001|4300005389|00050|CMZ0014|1|EA|23300|KRW|23300|20160629|1300|
C|005186|2016|50002642410090|001|4300005390|00010|CMA0001|400|EA|240|KRW|96000|20160629|1300|
C|005186|2016|50002642410091|001|4300005390|00020|CMA0007|200|EA|270|KRW|54000|20160629|1300|
C|005186|2016|50002642410092|001|4300005390|00030|CMA0008|20|EA|690|KRW|13800|20160629|1300|
C|005186|2016|50002642410093|001|4300005390|00040|CMB0010|240|EA|1100|KRW|264000|20160629|1300|
C|005186|2016|50002642410094|001|4300005390|00050|CME0010|60|EA|285|KRW|17100|20160629|1300|
C|005186|2016|50002642410095|001|4300005390|00060|CMF0004|6|EA|22050|KRW|132300|20160629|1300|
C|005186|2016|50002642410096|001|4300005390|00080|CMF0006|10|EA|11970|KRW|119700|20160629|1300|
C|005186|2016|50002642410097|001|4300005390|00090|CMZ0002|50|EA|430|KRW|21500|20160629|1300|
C|005186|2016|50002642410098|001|4300005391|00010|CMA0001|250|EA|240|KRW|60000|20160629|1300|
C|005186|2016|50002642410099|001|4300005391|00020|CMA0007|100|EA|270|KRW|27000|20160629|1300|
C|005186|2016|50002642410100|001|4300005391|00030|CMB0001|80|EA|655|KRW|52400|20160629|1300|
C|005186|2016|50002642410101|001|4300005391|00040|CMB0003|20|EA|2420|KRW|48400|20160629|1300|
C|005186|2016|50002642410102|001|4300005391|00050|CME0001|10|EA|4910|KRW|49100|20160629|1300|
C|005186|2016|50002642410103|001|4300005391|00070|CMZ0014|1|EA|23300|KRW|23300|20160629|1300|
C|005186|2016|50002642410104|001|4300005396|00010|CMA0001|700|EA|240|KRW|168000|20160629|1300|
C|005186|2016|50002642410105|001|4300005396|00020|CMA0007|400|EA|270|KRW|108000|20160629|1300|
C|005186|2016|50002642410106|001|4300005396|00030|CMA0008|50|EA|690|KRW|34500|20160629|1300|
C|005186|2016|50002642410107|001|4300005396|00040|CMA0017|50|EA|780|KRW|39000|20160629|1300|
C|005186|2016|50002642420001|001|4300005410|00010|UDEC0079|2|EA|161700|KRW|323400|20160629|1300|
C|005186|2016|50002642420002|001|4300005410|00020|UDEC0090|2|EA|220500|KRW|441000|20160629|1300|
C|005186|2016|50002642420003|001|4300005410|00030|UDEC0006|1|EA|287700|KRW|287700|20160629|1300|
C|005186|2016|50002642420004|001|4300005410|00040|UDEC0082|1|EA|330750|KRW|330750|20160629|1300|
C|005186|2016|50002642420005|001|4300005410|00050|UDCC0034|1|EA|80850|KRW|80850|20160629|1300|
C|005186|2016|50002642420006|001|4300005410|00060|UDEC0032|1|EA|118970|KRW|118970|20160629|1300|
C|005186|2016|50002642480001|001|4300005349|00020|UGCC0700|7|EA|251700|KRW|1761900|20160629|1300|
C|005186|2016|50002642480002|001|4300005350|00020|UGCC0019|1|EA|97650|KRW|97650|20160629|1300|
C|005186|2016|50002642480003|001|4300005355|00020|UGBC1518|20|EA|3970|KRW|79400|20160629|1300|
C|005186|2016|50002642550001|001|4300005351|00010|UGCC0513|1|EA|80000|KRW|80000|20160629|1300|
C|005186|2016|50002642550002|001|4300005351|00020|UGBC0759|20|EA|4520|KRW|90400|20160629|1300|
C|005186|2016|50002642550003|001|4300005351|00030|UGBC0777|20|EA|4940|KRW|98800|20160629|1300|
C|005186|2016|50002642550004|001|4300005352|00030|UGCC0266|3|EA|176850|KRW|530550|20160629|1300|
C|005186|2016|50002642550005|001|4300005353|00020|UGCC0267|3|EA|316000|KRW|948000|20160629|1300|
C|005186|2016|50002642810001|001|4300005346|00010|UFJC0010|5|EA|58940|KRW|294700|20160629|1300|
C|005186|2016|50002642810002|001|4300005346|00030|UHFC0118|2|EA|265020|KRW|530040|20160629|1300|
C|005186|2016|50002642810003|001|4300005346|00040|UHEC0033|5|EA|102000|KRW|510000|20160629|1300|
C|005186|2016|50002642810004|001|4300005347|00010|UHDC0157|5|EA|8340|KRW|41700|20160629|1300|
C|005186|2016|50002642810005|001|4300005347|00020|UHFC0100|20|EA|13500|KRW|270000|20160629|1300|
C|005186|2016|50002642810006|001|4300005347|00030|UHGC0024|5|EA|76100|KRW|380500|20160629|1300|
C|005186|2016|50002642810007|001|4300005347|00040|UHDC0090|50|EA|2120|KRW|106000|20160629|1300|
C|005186|2016|50002642810008|001|4300005347|00050|UHFC0268|60|EA|4040|KRW|242400|20160629|1300|
C|005186|2016|50002642810009|001|4300005347|00060|UHFC0382|10|EA|3500|KRW|35000|20160629|1300|
C|005186|2016|50002642810010|001|4300005347|00070|UHNC0134|1|EA|812640|KRW|812640|20160629|1300|
C|005186|2016|50002642810011|001|4300005348|00010|UHTC0576|10|EA|34730|KRW|347300|20160629|1300|
C|005186|2016|50002642810012|001|4300005348|00020|UHTC0578|10|EA|5800|KRW|58000|20160629|1300|
C|005186|2016|50002642810013|001|4300005348|00030|UAJC0014|20|EA|3240|KRW|64800|20160629|1300|
C|005186|2016|50002642810014|001|4300005348|00040|UDFC0003|20|EA|2220|KRW|44400|20160629|1300|
C|005186|2016|50002642810015|001|4300005348|00050|UDBC0642|20|EA|1420|KRW|28400|20160629|1300|
C|005186|2016|50002642810016|001|4300005348|00060|UHTC0438|20|EA|34800|KRW|696000|20160629|1300|
C|005186|2016|50002642810017|001|4300005348|00070|UDBC0339|50|EA|27|KRW|1350|20160629|1300|
C|005186|2016|50002642810018|001|4300005348|00080|UDBC0338|20|EA|610|KRW|12200|20160629|1300|
C|005186|2016|50002642810019|001|4300005348|00090|UHHC0024|1|EA|93975|KRW|93975|20160629|1300|
C|005186|2016|50002642810020|001|4300005348|00100|UHHC0025|1|EA|93975|KRW|93975|20160629|1300|
C|005186|2016|50002642810021|001|4300005363|00010|UHTC0786|100|EA|16112|KRW|1611200|20160629|1300|
C|005186|2016|50002642810022|001|4300005369|00020|UHNC0084|1|EA|295740|KRW|295740|20160629|1300|
C|005186|2016|50002642810023|001|4300005370|00010|UHGC0290|5|EA|25400|KRW|127000|20160629|1300|
C|005186|2016|50002642810024|001|4300005370|00020|UHGC0291|2|EA|23700|KRW|47400|20160629|1300|
C|005186|2016|50002642810025|001|4300005370|00030|UHGC0291|10|EA|23700|KRW|237000|20160629|1300|
C|005186|2016|50002642810026|001|4300005370|00040|UHHC0204|1|EA|328000|KRW|328000|20160629|1300|
C|005186|2016|50002642810027|001|4300005370|00050|UHNC0142|2|EA|185500|KRW|371000|20160629|1300|
C|005186|2016|50002642810028|001|4300005370|00060|UHGC0304|3|EA|37100|KRW|111300|20160629|1300|
C|005186|2016|50002642810029|001|4300005370|00070|UHGC0305|3|EA|34980|KRW|104940|20160629|1300|
C|005186|2016|50002642810030|001|4300005370|00080|UHGC0307|3|EA|66674|KRW|200022|20160629|1300|
C|005186|2016|50002642810031|001|4300005370|00090|UHGC0308|3|EA|24274|KRW|72822|20160629|1300|
C|005186|2016|50002642810032|001|4300005370|00100|UHGC0309|2|EA|13780|KRW|27560|20160629|1300|
C|005186|2016|50002642810033|001|4300005372|00010|UHTC0786|50|EA|16112|KRW|805600|20160629|1300|
C|005186|2016|50002642810034|001|4300005374|00020|UHTC0313|20|EA|6300|KRW|126000|20160629|1300|
C|005186|2016|50002642810035|001|4300005377|00010|UHFC0032|1|EA|998550|KRW|998550|20160629|1300|
C|005186|2016|50002642810036|001|4300005377|00020|UHFC0066|20|EA|2500|KRW|50000|20160629|1300|
C|005186|2016|50002642810037|001|4300005377|00030|UHTC0287|10|EA|16200|KRW|162000|20160629|1300|
C|005186|2016|50002642810038|001|4300005377|00040|UHTC0578|15|EA|5800|KRW|87000|20160629|1300|
C|005186|2016|50002642810039|001|4300005377|00050|UHFC0215|1|EA|33400|KRW|33400|20160629|1300|
C|005186|2016|50002642810040|001|4300005377|00060|UHTC0585|2|EA|58500|KRW|117000|20160629|1300|
C|005186|2016|50002642810041|001|4300005377|00070|UIEC0036|1|EA|157900|KRW|157900|20160629|1300|
C|005186|2016|50002642810042|001|4300005377|00080|UIEC0037|1|EA|236500|KRW|236500|20160629|1300|
C|005186|2016|50002642810043|001|4300005377|00090|UHTC0265|20|EA|580|KRW|11600|20160629|1300|
C|005186|2016|50002642810044|001|4300005377|00100|UFJC0012|3|EA|26250|KRW|78750|20160629|1300|
C|005186|2016|50002642820001|001|4300005346|00020|UEBC0263|4|EA|36120|KRW|144480|20160629|1300|
C|005186|2016|50002642820002|001|4300005351|00060|UEBC0995|1|EA|67110|KRW|67110|20160629|1300|
C|005186|2016|50002642820003|001|4300005352|00010|UDBC0240|3|EA|349500|KRW|1048500|20160629|1300|
C|005186|2016|50002642820004|001|4300005352|00020|UEBC1079|4|EA|28700|KRW|114800|20160629|1300|
C|005186|2016|50002642820005|001|4300005354|00010|UEBC1290|2|EA|16500|KRW|33000|20160629|1300|
C|005186|2016|50002642820006|001|4300005354|00030|UEBC1291|1|EA|19000|KRW|19000|20160629|1300|
C|005186|2016|50002642820007|001|4300005354|00040|UEBC1292|1|EA|21400|KRW|21400|20160629|1300|
C|005186|2016|50002642820008|001|4300005354|00050|UEBC1293|2|EA|45400|KRW|90800|20160629|1300|
C|005186|2016|50002642820009|001|4300005354|00060|UEBC1294|4|EA|24500|KRW|98000|20160629|1300|
C|005186|2016|50002642820010|001|4300005354|00070|UDAC0341|2|EA|1900|KRW|3800|20160629|1300|
C|005186|2016|50002642820011|001|4300005354|00080|UDAC0342|2|EA|1270|KRW|2540|20160629|1300|
C|005186|2016|50002642820012|001|4300005354|00090|UDBC0938|100|EA|104|KRW|10400|20160629|1300|
C|005186|2016|50002642820013|001|4300005354|00100|UEBC1295|4|EA|8450|KRW|33800|20160629|1300|
C|005186|2016|50002642820014|001|4300005354|00180|UEBC1296|10|EA|3180|KRW|31800|20160629|1300|
C|005186|2016|50002642820015|001|4300005355|00060|UEBC1297|3|EA|13700|KRW|41100|20160629|1300|
C|005186|2016|50002642820016|001|4300005356|00020|UEBC1298|4|EA|12000|KRW|48000|20160629|1300|
C|005186|2016|50002642820017|001|4300005357|00030|UEBC1299|10|EA|19400|KRW|194000|20160629|1300|
C|005186|2016|50002642820018|001|4300005357|00040|UEBC1300|100|EA|1900|KRW|190000|20160629|1300|
C|005186|2016|50002642820019|001|4300005357|00070|UEBC1302|30|EA|640|KRW|19200|20160629|1300|
C|005186|2016|50002642820020|001|4300005358|00050|UEBC1301|10|EA|20500|KRW|205000|20160629|1300|
C|005186|2016|50002642820021|001|4300005359|00010|UEBC0174|5|EA|246750|KRW|1233750|20160629|1300|
C|005186|2016|50002642820022|001|4300005359|00020|UEBC0064|2|EA|181130|KRW|362260|20160629|1300|
C|005186|2016|50002642820023|001|4300005360|00030|UEBC0774|20|EA|515|KRW|10300|20160629|1300|
C|005186|2016|50002642820024|001|4300005360|00040|UEBC0775|20|EA|920|KRW|18400|20160629|1300|
C|005186|2016|50002642820025|001|4300005360|00050|UEBC0781|20|EA|630|KRW|12600|20160629|1300|
C|005186|2016|50002642820026|001|4300005360|00060|UEBC0782|20|EA|1055|KRW|21100|20160629|1300|
