C|005186|2013|50000427250001|001|4300000798|00050|UCKC0035|20|EA|44520|KRW|890400|20131129|1300|
C|005186|2013|50000427250002|001|4300000798|00060|UGCC0396|2|EA|54200|KRW|108400|20131129|1300|
C|005186|2013|50000427250003|001|4300000798|00070|UAEC0182|5|EA|4220|KRW|21100|20131129|1300|
C|005186|2013|50000427250004|001|4300000798|00090|UAGC0071|1|EA|213150|KRW|213150|20131129|1300|
C|005186|2013|50000427250005|001|4300000798|00100|UAKC0012|1|EA|9080|KRW|9080|20131129|1300|
C|005186|2013|50000427250006|001|4300000798|00110|UIEC0026|1|EA|4520|KRW|4520|20131129|1300|
C|005186|2013|50000427250007|001|4300000799|00060|UDFC0011|1|EA|32850|KRW|32850|20131129|1300|
C|005186|2013|50000427250008|001|4300000799|00080|UAGC0193|50|EA|3255|KRW|162750|20131129|1300|
C|005186|2013|50000427250009|001|4300000799|00090|UGCC0630|1|EA|36750|KRW|36750|20131129|1300|
C|005186|2013|50000427250010|001|4300000800|00010|UALC0023|5|EA|22260|KRW|111300|20131129|1300|
C|005186|2013|50000427250011|001|4300000800|00020|UALC0024|5|EA|26500|KRW|132500|20131129|1300|
C|005186|2013|50000427250012|001|4300000800|00030|UALC0099|5|EA|38160|KRW|190800|20131129|1300|
C|005186|2013|50000427250013|001|4300000800|00040|UKEC0010|40|EA|1530|KRW|61200|20131129|1300|
C|005186|2013|50000427250014|001|4300000800|00050|UKEC0019|40|EA|1530|KRW|61200|20131129|1300|
C|005186|2013|50000427250015|001|4300000800|00060|UKBC0010|1|EA|91480|KRW|91480|20131129|1300|
C|005186|2013|50000427250016|001|4300000800|00070|UAEC0145|1|EA|208420|KRW|208420|20131129|1300|
C|005186|2013|50000427250017|001|4300000800|00080|UAEC0146|2|EA|84210|KRW|168420|20131129|1300|
C|005186|2013|50000427250018|001|4300000800|00090|UIDC0005|3|EA|436510|KRW|1309530|20131129|1300|
C|005186|2013|50000427250019|001|4300000800|00160|UGCC0623|1|EA|35300|KRW|35300|20131129|1300|
C|005186|2013|50000427250020|001|4300000800|00190|UKAC0011|1|EA|117495|KRW|117495|20131129|1300|
C|005186|2013|50000427250021|001|4300000801|00160|KS990007|10|EA|51450|KRW|514500|20131129|1300|
C|005186|2013|50000427260001|001|4300000799|00010|UHFC0100|20|EA|13500|KRW|270000|20131129|1300|
C|005186|2013|50000427260002|001|4300000821|00010|UHHC0060|1|EA|412650|KRW|412650|20131129|1300|
C|005186|2013|50000427260003|001|4300000821|00020|UHGC0017|1|EA|504000|KRW|504000|20131129|1300|
C|005186|2013|50000427270001|001|4300000788|00010|UKBC0009|1|EA|3810|KRW|3810|20131129|1300|
C|005186|2013|50000427270002|001|4300000788|00020|UKDC0005|2|EA|9450|KRW|18900|20131129|1300|
C|005186|2013|50000427270003|001|4300000788|00030|UHDC0126|20|EA|840|KRW|16800|20131129|1300|
C|005186|2013|50000427270004|001|4300000788|00040|UHDC0128|20|EA|840|KRW|16800|20131129|1300|
C|005186|2013|50000427270005|001|4300000788|00050|UHFC0268|10|EA|4040|KRW|40400|20131129|1300|
C|005186|2013|50000427270006|001|4300000788|00080|UHGC0129|1|EA|612680|KRW|612680|20131129|1300|
C|005186|2013|50000427270007|001|4300000788|00090|UEBC0122|10|EA|3390|KRW|33900|20131129|1300|
C|005186|2013|50000427270008|001|4300000788|00100|UEBC0123|10|EA|4410|KRW|44100|20131129|1300|
C|005186|2013|50000427270009|001|4300000788|00110|UEBC0124|5|EA|5800|KRW|29000|20131129|1300|
C|005186|2013|50000427270010|001|4300000788|00120|UEBC0137|5|EA|6330|KRW|31650|20131129|1300|
C|005186|2013|50000427270011|001|4300000788|00160|UGCC0478|30|EA|10000|KRW|300000|20131129|1300|
C|005186|2013|50000427270012|001|4300000788|00170|UDAC0171|3|EA|3690|KRW|11070|20131129|1300|
C|005186|2013|50000427270013|001|4300000788|00180|UHFC0106|3|EA|245700|KRW|737100|20131129|1300|
C|005186|2013|50000427270014|001|4300000799|00050|UCHC0022|3|EA|15260|KRW|45780|20131129|1300|
C|005186|2013|50000427270015|001|4300000799|00070|UCHC0013|1|EA|21000|KRW|21000|20131129|1300|
C|005186|2013|50000427280001|001|4300000798|00010|UFGC0017|100|EA|3500|KRW|350000|20131129|1300|
C|005186|2013|50000427280002|001|4300000798|00020|UKBC0010|1|EA|91480|KRW|91480|20131129|1300|
C|005186|2013|50000427280003|001|4300000798|00040|UJCC0043|5000|EA|70|KRW|350000|20131129|1300|
C|005186|2013|50000427280004|001|4300000798|00120|UICC0042|2|EA|5050|KRW|10100|20131129|1300|
C|005186|2013|50000427280005|001|4300000798|00160|UJBC0055|5|EA|8840|KRW|44200|20131129|1300|
C|005186|2013|50000427280006|001|4300000798|00230|UJBC0041|1|EA|483000|KRW|483000|20131129|1300|
C|005186|2013|50000427280007|001|4300000798|00240|UZZC0068|1|EA|505300|KRW|505300|20131129|1300|
C|005186|2013|50000427280008|001|4300000798|00250|UIEC0043|1|EA|30400|KRW|30400|20131129|1300|
C|005186|2013|50000427280009|001|4300000798|00260|UKBC0010|2|EA|91480|KRW|182960|20131129|1300|
C|005186|2013|50000427280010|001|4300000798|00270|UZZC0084|3|EA|200750|KRW|602250|20131129|1300|
C|005186|2013|50000427280011|001|4300000799|00020|UALC0024|5|EA|26500|KRW|132500|20131129|1300|
C|005186|2013|50000427280012|001|4300000799|00030|UALC0025|5|EA|26500|KRW|132500|20131129|1300|
C|005186|2013|50000427280013|001|4300000799|00040|UALC0026|5|EA|26500|KRW|132500|20131129|1300|
C|005186|2013|50000427290001|001|4300000798|00080|UCIC0032|1|EA|619500|KRW|619500|20131129|1300|
C|005186|2013|50000427700001|001|4300000788|00060|UALC0105|5|EA|20140|KRW|100700|20131129|1300|
C|005186|2013|50000427700002|001|4300000788|00070|UALC0022|5|EA|20140|KRW|100700|20131129|1300|
C|005186|2013|50000427700003|001|4300000788|00130|UCCC0009|2|EA|208300|KRW|416600|20131129|1300|
C|005186|2013|50000427700004|001|4300000788|00140|UKDC0003|10|EA|70560|KRW|705600|20131129|1300|
C|005186|2013|50000427700005|001|4300000788|00150|UGBC0111|2|EA|294000|KRW|588000|20131129|1300|
C|005186|2013|50000427700006|001|4300000788|00200|UDFC0063|2|EA|155400|KRW|310800|20131129|1300|
C|005186|2013|50000427710001|001|4300000798|00030|UAGC0209|50|EA|370|KRW|18500|20131129|1300|
C|005186|2013|50000427710002|001|4300000798|00130|UGCC0546|1|EA|115500|KRW|115500|20131129|1300|
C|005186|2013|50000427710003|001|4300000798|00140|UGCC0606|4|EA|5250|KRW|21000|20131129|1300|
C|005186|2013|50000427710004|001|4300000798|00150|UGCC0612|4|EA|3680|KRW|14720|20131129|1300|
C|005186|2013|50000427710005|001|4300000798|00190|UAEC0268|2|EA|16170|KRW|32340|20131129|1300|
C|005186|2013|50000427710006|001|4300000798|00200|UAEC0114|2|EA|12290|KRW|24580|20131129|1300|
C|005186|2013|50000427710007|001|4300000798|00210|UJBC0006|5|EA|1000|KRW|5000|20131129|1300|
C|005186|2013|50000427710008|001|4300000798|00220|UJBC0007|5|EA|2310|KRW|11550|20131129|1300|
C|005186|2013|50000427710009|001|4300000798|00280|UAEC0234|1|EA|61580|KRW|61580|20131129|1300|
C|005186|2013|50000427710010|001|4300000798|00290|UCIC0016|1|EA|37470|KRW|37470|20131129|1300|
C|005186|2013|50000427710011|001|4300000800|00100|UCEC0010|1|EA|474950|KRW|474950|20131129|1300|
C|005186|2013|50000427710012|001|4300000800|00110|UEBC0025|20|EA|5780|KRW|115600|20131129|1300|
C|005186|2013|50000427710013|001|4300000800|00120|UEBC0657|2|EA|181130|KRW|362260|20131129|1300|
C|005186|2013|50000427710014|001|4300000800|00130|UEBC0778|30|EA|1890|KRW|56700|20131129|1300|
C|005186|2013|50000427710015|001|4300000800|00140|UEBC0655|2|EA|144900|KRW|289800|20131129|1300|
C|005186|2013|50000427710016|001|4300000800|00150|UDAC0227|500|EA|630|KRW|315000|20131129|1300|
C|005186|2013|50000427710017|001|4300000800|00170|UEBC0644|2|EA|938700|KRW|1877400|20131129|1300|
C|005186|2013|50000427710018|001|4300000800|00180|UEBC0358|20|EA|2460|KRW|49200|20131129|1300|
C|005186|2013|50000427710019|001|4300000801|00010|UEBC0775|20|EA|920|KRW|18400|20131129|1300|
C|005186|2013|50000427710020|001|4300000801|00020|UEBC1125|8|EA|59500|KRW|476000|20131129|1300|
C|005186|2013|50000427710021|001|4300000801|00040|UEBC0748|30|EA|2730|KRW|81900|20131129|1300|
C|005186|2013|50000427710022|001|4300000801|00050|UEBC0070|2|EA|86310|KRW|172620|20131129|1300|
C|005186|2013|50000427710023|001|4300000801|00060|UEBC0071|1|EA|104800|KRW|104800|20131129|1300|
C|005186|2013|50000427710024|001|4300000801|00070|UEBC1127|5|EA|13990|KRW|69950|20131129|1300|
C|005186|2013|50000427710025|001|4300000801|00080|UDAC0076|10|EA|1050|KRW|10500|20131129|1300|
C|005186|2013|50000427710026|001|4300000801|00090|UEBC0074|10|EA|7370|KRW|73700|20131129|1300|
C|005186|2013|50000427710027|001|4300000801|00100|UEBC0991|1|EA|47300|KRW|47300|20131129|1300|
C|005186|2013|50000427710028|001|4300000801|00110|UDBC0240|2|EA|349500|KRW|699000|20131129|1300|
C|005186|2013|50000427710029|001|4300000801|00120|UEBC0582|1|EA|50500|KRW|50500|20131129|1300|
C|005186|2013|50000427710030|001|4300000801|00130|UEBC0707|2|EA|86100|KRW|172200|20131129|1300|
C|005186|2013|50000427710031|001|4300000801|00140|UDBC0181|500|EA|80|KRW|40000|20131129|1300|
C|005186|2013|50000427710032|001|4300000801|00150|UDBC0431|500|EA|90|KRW|45000|20131129|1300|
C|005186|2013|50000427710033|001|4300000801|00170|UEBC0374|2|EA|7670|KRW|15340|20131129|1300|
C|005186|2013|50000427710034|001|4300000801|00180|UEBC1061|2|EA|15730|KRW|31460|20131129|1300|
C|005186|2013|50000427710035|001|4300000801|00190|UDAC0250|1|EA|17900|KRW|17900|20131129|1300|
C|005186|2013|50000427710036|001|4300000801|00200|UDAC0244|23|EA|2630|KRW|60490|20131129|1300|
C|005186|2013|50000427710037|001|4300000801|00210|UKAC0045|1|EA|188500|KRW|188500|20131129|1300|
C|005186|2013|50000427710038|001|4300000801|00220|UDBC0502|100|EA|90|KRW|9000|20131129|1300|
C|005186|2013|50000427710039|001|4300000801|00230|UDAC0061|5|EA|1050|KRW|5250|20131129|1300|
C|005186|2013|50000427710040|001|4300000801|00240|UDAC0071|1|EA|1370|KRW|1370|20131129|1300|
C|005186|2013|50000427710041|001|4300000801|00250|UCKC0068|1|EA|42840|KRW|42840|20131129|1300|
C|005186|2013|50000427710042|001|4300000801|00260|UDAC0109|12|EA|6000|KRW|72000|20131129|1300|
C|005186|2013|50000427710043|001|4300000801|00270|UIDC0087|3|EA|185260|KRW|555780|20131129|1300|
C|005186|2013|50000427710044|001|4300000801|00280|UEBC0071|1|EA|104800|KRW|104800|20131129|1300|
C|005186|2013|50000427710045|001|4300000801|00290|UDBC0031|100|EA|750|KRW|75000|20131129|1300|
C|005186|2013|50000427710046|001|4300000801|00300|UDDC0236|2|EA|93910|KRW|187820|20131129|1300|
C|005186|2013|50000427710047|001|4300000801|00310|UDEC0008|3|EA|40430|KRW|121290|20131129|1300|
C|005186|2013|50000427720001|001|4300000821|00030|UAEC0056|1|EA|9000|KRW|9000|20131129|1300|
C|005186|2013|50000427720002|001|4300000821|00040|UAEC0114|1|EA|12290|KRW|12290|20131129|1300|
C|005186|2013|50000427720003|001|4300000821|00050|UAEC0020|1|EA|31470|KRW|31470|20131129|1300|
C|005186|2013|50000427720004|001|4300000821|00060|UAEC0014|1|EA|9000|KRW|9000|20131129|1300|
C|005186|2013|50000427720005|001|4300000821|00070|UAEC0388|1|EA|7900|KRW|7900|20131129|1300|
C|005186|2013|50000427720006|001|4300000821|00080|UAEC0073|1|EA|5540|KRW|5540|20131129|1300|
C|005186|2013|50000427720007|001|4300000821|00090|UAEC0074|1|EA|9110|KRW|9110|20131129|1300|
C|005186|2013|50000427720008|001|4300000821|00100|UAEC0078|1|EA|10530|KRW|10530|20131129|1300|
C|005186|2013|50000427720009|001|4300000821|00110|UAEC0069|1|EA|16310|KRW|16310|20131129|1300|
C|005186|2013|50000427720010|001|4300000821|00120|UAEC0125|1|EA|3740|KRW|3740|20131129|1300|
C|005186|2013|50000427720011|001|4300000821|00130|UAEC0126|1|EA|3740|KRW|3740|20131129|1300|
C|005186|2013|50000427720012|001|4300000821|00140|UAEC0378|1|EA|91350|KRW|91350|20131129|1300|
C|005186|2013|50000427720013|001|4300000821|00150|UAEC0108|1|EA|19950|KRW|19950|20131129|1300|
C|005186|2013|50000427720014|001|4300000821|00160|UAEC0215|1|EA|15900|KRW|15900|20131129|1300|
C|005186|2013|50000427720015|001|4300000821|00170|UHDC0205|1|EA|73500|KRW|73500|20131129|1300|
C|005186|2013|50000427720016|001|4300000821|00180|UADC0018|1|EA|17220|KRW|17220|20131129|1300|
C|005186|2013|50000427720017|001|4300000821|00190|UHGC0240|10|EA|83690|KRW|836900|20131129|1300|
C|005186|2013|50000427720018|001|4300000821|00200|UICC0022|3|EA|3800|KRW|11400|20131129|1300|
C|005186|2013|50000427720019|001|4300000821|00210|UICC0050|3|EA|470|KRW|1410|20131129|1300|
