C|005186|2020|50005909440001|001|4300018076|00050|UJAC0072|4|EA|25200|KRW|50400|20200925|1300|
C|005186|2020|50005909440002|001|4300018076|00060|UJAC0073|4|EA|26260|KRW|52520|20200925|1300|
C|005186|2020|50005909440003|001|4300018076|00070|UJAC0135|2|EA|199900|KRW|399800|20200925|1300|
C|005186|2020|50005909440004|001|4300018078|00050|UJAC0068|12|EA|12140|KRW|72840|20200925|1300|
C|005186|2020|50005909440005|001|4300018079|00050|UKEC0105|20|EA|6840|KRW|136800|20200925|1300|
C|005186|2020|50005909440006|001|4300018082|00010|UFGC0047|20|EA|6350|KRW|127000|20200925|1300|
C|005186|2020|50005909440007|001|4300018082|00020|UFGC0046|2|EA|237000|KRW|474000|20200925|1300|
C|005186|2020|50005909440008|001|4300018082|00030|UFGC0054|10|EA|28460|KRW|284600|20200925|1300|
C|005186|2020|50005909450001|001|4300018074|00020|UALC0118|3500|EA|55000|KRW|385000|20200925|1300|
C|005186|2020|50005909460001|001|4300018039|00020|UGCC0265|5|EA|157890|KRW|789450|20200925|1300|
C|005186|2020|50005909460002|001|4300018057|00010|UGCC1401|2|EA|853700|KRW|1707400|20200925|1300|
C|005186|2020|50005909460003|001|4300018058|00010|UGCC1432|2|EA|371000|KRW|742000|20200925|1300|
C|005186|2020|50005909460004|001|4300018061|00010|UGCC1583|2|EA|178500|KRW|357000|20200925|1300|
C|005186|2020|50005909460005|001|4300018061|00020|UGCC1086|10|EA|26500|KRW|265000|20200925|1300|
C|005186|2020|50005909460006|001|4300018061|00030|UGCC1279|2|EA|145400|KRW|290800|20200925|1300|
C|005186|2020|50005909460007|001|4300018061|00040|UGCC1088|5|EA|52400|KRW|262000|20200925|1300|
C|005186|2020|50005909460008|001|4300018080|00010|UGBC0094|2|EA|890000|KRW|1780000|20200925|1300|
C|005186|2020|50005909530001|001|4300018075|00010|UKGC0008|7|EA|2940|KRW|20580|20200925|1300|
C|005186|2020|50005909530002|001|4300018075|00030|UEBC0507|8|EA|6384|KRW|51072|20200925|1300|
C|005186|2020|50005909530003|001|4300018076|00010|UHTC0234|3|EA|47250|KRW|141750|20200925|1300|
C|005186|2020|50005909530004|001|4300018076|00020|UHFC0147|3|EA|13650|KRW|40950|20200925|1300|
C|005186|2020|50005909530005|001|4300018076|00030|UHTC0486|1|EA|46410|KRW|46410|20200925|1300|
C|005186|2020|50005909530006|001|4300018076|00040|UHTC0870|1|EA|85800|KRW|85800|20200925|1300|
C|005186|2020|50005909530007|001|4300018076|00080|UGCC0027|2|EA|53570|KRW|107140|20200925|1300|
C|005186|2020|50005909530008|001|4300018076|00090|UGCC0630|1|EA|36750|KRW|36750|20200925|1300|
C|005186|2020|50005909530009|001|4300018076|00120|UHTC0432|1|EA|28670|KRW|28670|20200925|1300|
C|005186|2020|50005909530010|001|4300018078|00010|UIDC0088|1|EA|52500|KRW|52500|20200925|1300|
C|005186|2020|50005909530011|001|4300018079|00030|UEBC0499|10|EA|5150|KRW|51500|20200925|1300|
C|005186|2020|50005909540001|001|4300017875|00010|UHTC0541|6|EA|82100|KRW|492600|20200925|1300|
