C|005186|2020|50005815210001|001|4300017594|00030|UDBC0385|100|EA|16000|KRW|16000|20200811|1300|
C|005186|2020|50005815210002|001|4300017595|00090|UDAC0046|10|EA|2670|KRW|26700|20200811|1300|
C|005186|2020|50005815210003|001|4300017597|00020|UGCC1098|10|EA|67900|KRW|679000|20200811|1300|
C|005186|2020|50005815220001|001|4300017566|00120|UJAC0075|2|EA|39900|KRW|0|20200811|1300|
C|005186|2020|50005815220002|001|4300017566|00130|UJAC0077|2|EA|18165|KRW|0|20200811|1300|
C|005186|2020|50005815230001|001|4300017599|00010|UEBC1700|30|EA|52500|KRW|1575000|20200811|1300|
C|005186|2020|50005815230002|001|4300017617|00010|UJAC1548|8|EA|6300|KRW|50400|20200811|1300|
C|005186|2020|50005815240001|001|4300017594|00020|UEBC0051|2|EA|271950|KRW|543900|20200811|1300|
C|005186|2020|50005815240002|001|4300017594|00070|UEBC0049|2|EA|266070|KRW|532140|20200811|1300|
C|005186|2020|50005815240003|001|4300017594|00080|UEBC0182|2|EA|111560|KRW|223120|20200811|1300|
C|005186|2020|50005815240004|001|4300017594|00090|UEBC0002|8|EA|33600|KRW|268800|20200811|1300|
C|005186|2020|50005815240005|001|4300017595|00010|UEBC1210|8|EA|146500|KRW|1172000|20200811|1300|
C|005186|2020|50005815240006|001|4300017595|00020|UDBC0996|900|EA|26500|KRW|238500|20200811|1300|
C|005186|2020|50005815240007|001|4300017595|00030|UDBC0013|300|EA|52600|KRW|157800|20200811|1300|
C|005186|2020|50005815240008|001|4300017595|00040|UEBC0767|40|EA|21000|KRW|42000|20200811|1300|
C|005186|2020|50005815240009|001|4300017595|00050|UEBC0774|40|EA|5150|KRW|20600|20200811|1300|
C|005186|2020|50005815240010|001|4300017595|00060|UEBC0775|40|EA|18400|KRW|36800|20200811|1300|
C|005186|2020|50005815240011|001|4300017595|00070|UEBC0781|40|EA|6300|KRW|25200|20200811|1300|
C|005186|2020|50005815240012|001|4300017595|00080|UEBC0782|40|EA|21100|KRW|42200|20200811|1300|
