C|005186|2019|50005149960001|001|4300014479|00010|CMH0007|1|EA|11600|KRW|11600|20190830|1300|
C|005186|2019|50005149960002|001|4300014479|00050|CME0001|20|EA|3300|KRW|66000|20190830|1300|
C|005186|2019|50005149960003|001|4300014479|00060|CME0010|150|EA|240|KRW|36000|20190830|1300|
C|005186|2019|50005149960004|001|4300014480|00060|CMZ0014|1|EA|19000|KRW|19000|20190830|1300|
C|005186|2019|50005149960005|001|4300014481|00070|CME0001|12|EA|3300|KRW|39600|20190830|1300|
C|005186|2019|50005149960006|001|4300014481|00080|CME0010|60|EA|240|KRW|14400|20190830|1300|
C|005186|2019|50005149960007|001|4300014482|00010|CMH0007|1|EA|11600|KRW|11600|20190830|1300|
C|005186|2019|50005149960008|001|4300014482|00050|CME0001|39|EA|3300|KRW|128700|20190830|1300|
C|005186|2019|50005149960009|001|4300014482|00160|CME0010|250|EA|240|KRW|60000|20190830|1300|
C|005186|2019|50005149960010|001|4300014484|00010|CMF0006|2|EA|9500|KRW|19000|20190830|1300|
C|005186|2019|50005149960011|001|4300014484|00020|CMH0007|2|EA|11600|KRW|23200|20190830|1300|
C|005186|2019|50005149960012|001|4300014486|00020|CMF0009|2|EA|4950|KRW|9900|20190830|1300|
C|005186|2019|50005149960013|001|4300014486|00080|CMF0006|30|EA|9500|KRW|285000|20190830|1300|
C|005186|2019|50005149960014|001|4300014488|00020|CMH0007|2|EA|11600|KRW|23200|20190830|1300|
C|005186|2019|50005149960015|001|4300014488|00040|CME0001|16|EA|3300|KRW|52800|20190830|1300|
C|005186|2019|50005149960016|001|4300014489|00050|CME0010|100|EA|240|KRW|24000|20190830|1300|
C|005186|2019|50005149960017|001|4300014489|00100|CMF0001|3|EA|1950|KRW|5850|20190830|1300|
C|005186|2019|50005149960018|001|4300014489|00120|CMH0007|1|EA|11600|KRW|11600|20190830|1300|
C|005186|2019|50005149960019|001|4300014491|00050|CME0006|40|EA|3080|KRW|123200|20190830|1300|
C|005186|2019|50005149960020|001|4300014491|00060|CME0010|80|EA|240|KRW|19200|20190830|1300|
C|005186|2019|50005149960021|001|4300014494|00020|CME0006|5|EA|3080|KRW|15400|20190830|1300|
C|005186|2019|50005149960022|001|4300014494|00040|CME0001|10|EA|3300|KRW|33000|20190830|1300|
C|005186|2019|50005149960023|001|4300014494|00080|CME0010|300|EA|240|KRW|72000|20190830|1300|
C|005186|2019|50005149960024|001|4300014495|00040|CMF0021|20|EA|3100|KRW|62000|20190830|1300|
C|005186|2019|50005149960025|001|4300014495|00110|CME0010|200|EA|240|KRW|48000|20190830|1300|
C|005186|2019|50005149970001|001|4300014483|00040|CMA0007|100|EA|151|KRW|15100|20190830|1300|
C|005186|2019|50005149970002|001|4300014483|00090|CMA0001|200|EA|151|KRW|30200|20190830|1300|
C|005186|2019|50005149970003|001|4300014483|00100|CMB0001|40|EA|520|KRW|20800|20190830|1300|
C|005186|2019|50005149970004|001|4300014483|00110|CMB0002|120|EA|2100|KRW|252000|20190830|1300|
C|005186|2019|50005149980001|001|4300014484|00030|CMF0005|4|EA|18700|KRW|74800|20190830|1300|
C|005186|2019|50005149980002|001|4300014484|00040|CMB0003|20|EA|2200|KRW|44000|20190830|1300|
C|005186|2019|50005149980003|001|4300014484|00070|CMA0007|100|EA|151|KRW|15100|20190830|1300|
C|005186|2019|50005149980004|001|4300014484|00080|CMB0001|120|EA|520|KRW|62400|20190830|1300|
C|005186|2019|50005149980005|001|4300014484|00090|CMA0001|150|EA|151|KRW|22650|20190830|1300|
C|005186|2019|50005149990001|001|4300014485|00010|CMA0001|180|EA|151|KRW|27180|20190830|1300|
C|005186|2019|50005149990002|001|4300014485|00020|CMA0007|100|EA|151|KRW|15100|20190830|1300|
C|005186|2019|50005149990003|001|4300014485|00030|CMA0028|9|EA|7350|KRW|66150|20190830|1300|
C|005186|2019|50005149990004|001|4300014485|00040|CMF0005|3|EA|18700|KRW|56100|20190830|1300|
C|005186|2019|50005150000001|001|4300014493|00020|CMA0001|50|EA|151|KRW|7550|20190830|1300|
C|005186|2019|50005150000002|001|4300014493|00030|CMA0007|300|EA|151|KRW|45300|20190830|1300|
C|005186|2019|50005150000003|001|4300014493|00050|CMF0008|4|EA|1620|KRW|6480|20190830|1300|
C|005186|2019|50005150210001|001|4300014491|00010|CMF0005|2|EA|18700|KRW|37400|20190830|1300|
C|005186|2019|50005150210002|001|4300014491|00030|CMA0002|20|EA|1440|KRW|28800|20190830|1300|
C|005186|2019|50005150210003|001|4300014491|00040|CMA0017|20|EA|770|KRW|15400|20190830|1300|
C|005186|2019|50005150210004|001|4300014491|00070|CMA0007|150|EA|151|KRW|22650|20190830|1300|
C|005186|2019|50005150210005|001|4300014491|00090|CMA0001|400|EA|151|KRW|60400|20190830|1300|
C|005186|2019|50005150220001|001|4300014481|00010|CMA0001|120|EA|151|KRW|18120|20190830|1300|
C|005186|2019|50005150220002|001|4300014481|00020|CMA0007|60|EA|151|KRW|9060|20190830|1300|
C|005186|2019|50005150220003|001|4300014481|00030|CMA0008|60|EA|470|KRW|28200|20190830|1300|
C|005186|2019|50005150230001|001|4300014478|00010|CMA0007|150|EA|151|KRW|22650|20190830|1300|
C|005186|2019|50005150240001|001|4300014479|00020|CMA0001|500|EA|151|KRW|75500|20190830|1300|
C|005186|2019|50005150240002|001|4300014479|00030|CMA0007|50|EA|151|KRW|7550|20190830|1300|
C|005186|2019|50005150240003|001|4300014479|00040|CMA0017|15|EA|770|KRW|11550|20190830|1300|
C|005186|2019|50005150240004|001|4300014479|00070|CME0013|2|EA|11880|KRW|23760|20190830|1300|
C|005186|2019|50005150240005|001|4300014479|00080|CMF0005|3|EA|18700|KRW|56100|20190830|1300|
C|005186|2019|50005150250001|001|4300014476|00020|CMB0001|40|EA|520|KRW|20800|20190830|1300|
C|005186|2019|50005150250002|001|4300014476|00030|CMA0007|50|EA|151|KRW|7550|20190830|1300|
C|005186|2019|50005150260001|001|4300014480|00010|CMA0001|60|EA|151|KRW|9060|20190830|1300|
C|005186|2019|50005150260002|001|4300014480|00020|CMA0007|200|EA|151|KRW|30200|20190830|1300|
C|005186|2019|50005150260003|001|4300014480|00030|CMB0001|20|EA|520|KRW|10400|20190830|1300|
C|005186|2019|50005150260004|001|4300014480|00070|CMZ0032|2|EA|1300|KRW|2600|20190830|1300|
C|005186|2019|50005150270001|001|4300014482|00020|CMC0002|3|EA|10300|KRW|30900|20190830|1300|
C|005186|2019|50005150270002|001|4300014482|00030|CMF0005|5|EA|18700|KRW|93500|20190830|1300|
C|005186|2019|50005150270003|001|4300014482|00040|CMC0003|30|EA|310|KRW|9300|20190830|1300|
C|005186|2019|50005150270004|001|4300014482|00060|CMA0017|50|EA|770|KRW|38500|20190830|1300|
C|005186|2019|50005150270005|001|4300014482|00070|CMC0005|50|EA|150|KRW|7500|20190830|1300|
C|005186|2019|50005150270006|001|4300014482|00100|CMB0003|100|EA|2200|KRW|220000|20190830|1300|
C|005186|2019|50005150270007|001|4300014482|00110|CMB0001|100|EA|520|KRW|52000|20190830|1300|
C|005186|2019|50005150270008|001|4300014482|00120|CME0002|150|EA|1100|KRW|165000|20190830|1300|
C|005186|2019|50005150270009|001|4300014482|00140|CMB0002|200|EA|2100|KRW|420000|20190830|1300|
C|005186|2019|50005150270010|001|4300014482|00150|CMA0007|200|EA|151|KRW|30200|20190830|1300|
C|005186|2019|50005150270011|001|4300014482|00170|CMA0001|800|EA|151|KRW|120800|20190830|1300|
C|005186|2019|50005150280001|001|4300014478|00020|CMB0010|120|EA|1280|KRW|153600|20190830|1300|
C|005186|2019|50005150280002|001|4300014479|00090|CMB0011|120|EA|2220|KRW|266400|20190830|1300|
C|005186|2019|50005150280003|001|4300014480|00040|CMB0010|70|EA|1280|KRW|89600|20190830|1300|
C|005186|2019|50005150280004|001|4300014481|00040|CMB0010|40|EA|1280|KRW|51200|20190830|1300|
C|005186|2019|50005150280005|001|4300014482|00090|CMB0010|60|EA|1280|KRW|76800|20190830|1300|
C|005186|2019|50005150280006|001|4300014482|00130|CMA0016|150|EA|2140|KRW|321000|20190830|1300|
C|005186|2019|50005150280007|001|4300014483|00060|CMB0010|120|EA|1280|KRW|153600|20190830|1300|
C|005186|2019|50005150280008|001|4300014483|00070|CMA0016|150|EA|2140|KRW|321000|20190830|1300|
C|005186|2019|50005150280009|001|4300014483|00080|CMA0015|100|EA|2520|KRW|252000|20190830|1300|
C|005186|2019|50005150280010|001|4300014484|00050|CMA0016|40|EA|2140|KRW|85600|20190830|1300|
C|005186|2019|50005150280011|001|4300014484|00060|CMB0010|60|EA|1280|KRW|76800|20190830|1300|
C|005186|2019|50005150280012|001|4300014486|00090|CMB0010|80|EA|1280|KRW|102400|20190830|1300|
C|005186|2019|50005150280013|001|4300014487|00010|CMA0016|30|EA|2140|KRW|64200|20190830|1300|
C|005186|2019|50005150280014|001|4300014487|00020|CMB0010|40|EA|1280|KRW|51200|20190830|1300|
C|005186|2019|50005150280015|001|4300014488|00050|CMA0016|20|EA|2140|KRW|42800|20190830|1300|
C|005186|2019|50005150280016|001|4300014489|00010|CMB0010|60|EA|1280|KRW|76800|20190830|1300|
C|005186|2019|50005150280017|001|4300014491|00080|CMB0010|300|EA|1280|KRW|384000|20190830|1300|
C|005186|2019|50005150280018|001|4300014492|00040|CMB0010|20|EA|1280|KRW|25600|20190830|1300|
C|005186|2019|50005150280019|001|4300014493|00010|CMB0010|110|EA|1280|KRW|140800|20190830|1300|
C|005186|2019|50005150280020|001|4300014494|00090|CMA0016|200|EA|2140|KRW|428000|20190830|1300|
C|005186|2019|50005150280021|001|4300014494|00110|CMB0010|600|EA|1280|KRW|768000|20190830|1300|
C|005186|2019|50005150280022|001|4300014495|00090|CMA0005|200|EA|2000|KRW|400000|20190830|1300|
C|005186|2019|50005150280023|001|4300014495|00140|CMB0010|540|EA|1280|KRW|691200|20190830|1300|
