C|005186|2020|50005864070001|001|4300017860|00010|UZZC0089|100|EA|20000|KRW|20000|20200903|1300|
C|005186|2020|50005864070002|001|4300017869|00040|UGCC0073|1|EA|136500|KRW|136500|20200903|1300|
C|005186|2020|50005864070003|001|4300017869|00050|UGCC0650|1|EA|277030|KRW|277030|20200903|1300|
C|005186|2020|50005864070004|001|4300017872|00010|UFGC0068|4|EA|24680|KRW|98720|20200903|1300|
C|005186|2020|50005864080001|001|4300017869|00030|UGBC1718|200|EA|34650|KRW|693000|20200903|1300|
C|005186|2020|50005864080002|001|4300017870|00020|UGBC1191|30|EA|41000|KRW|123000|20200903|1300|
C|005186|2020|50005864080003|001|4300017870|00070|UGBC1560|10|EA|73600|KRW|73600|20200903|1300|
C|005186|2020|50005864080004|001|4300017870|00080|UGBC1562|10|EA|88000|KRW|88000|20200903|1300|
C|005186|2020|50005864080005|001|4300017870|00090|UGBC1679|10|EA|93800|KRW|93800|20200903|1300|
C|005186|2020|50005864080006|001|4300017870|00130|UGBC1241|10|EA|11580|KRW|115800|20200903|1300|
C|005186|2020|50005864080007|001|4300017871|00010|UGCC0074|1|EA|348600|KRW|348600|20200903|1300|
C|005186|2020|50005864080008|001|4300017871|00020|UGCC0075|1|EA|383300|KRW|383300|20200903|1300|
C|005186|2020|50005864080009|001|4300017871|00030|UGAC0056|1|EA|139760|KRW|139760|20200903|1300|
C|005186|2020|50005864080010|001|4300017873|00030|UKBC0014|1|EA|52500|KRW|52500|20200903|1300|
C|005186|2020|50005864080011|001|4300017874|00020|UKDC0007|1|EA|207900|KRW|207900|20200903|1300|
C|005186|2020|50005864080012|001|4300017874|00040|UKBC0016|6|EA|10110|KRW|60660|20200903|1300|
C|005186|2020|50005864090001|001|4300017877|00020|UZZC0029|20|EA|231000|KRW|231000|20200903|1300|
C|005186|2020|50005864090002|001|4300017877|00030|UKBC0024|5|EA|6620|KRW|33100|20200903|1300|
