C|005186|2020|50005532560001|001|4300016259|00010|UICC0061|2|EA|4540|KRW|9080|20200311|1300|
C|005186|2020|50005532560002|001|4300016279|00020|KT020004|3|EA|5600|KRW|16800|20200311|1300|
C|005186|2020|50005532560003|001|4300016279|00030|KT020006|2|EA|6250|KRW|12500|20200311|1300|
C|005186|2020|50005532560004|001|4300016279|00040|KT020007|2|EA|6860|KRW|13720|20200311|1300|
C|005186|2020|50005532560005|001|4300016279|00050|KT020013|1|EA|13110|KRW|13110|20200311|1300|
C|005186|2020|50005532560006|001|4300016279|00060|KT020600|1|EA|14910|KRW|14910|20200311|1300|
C|005186|2020|50005532560007|001|4300016279|00070|KT020610|2|EA|29150|KRW|58300|20200311|1300|
C|005186|2020|50005532560008|001|4300016279|00080|KT020611|1|EA|28140|KRW|28140|20200311|1300|
C|005186|2020|50005532560009|001|4300016279|00090|KT990001|200|EA|5100|KRW|102000|20200311|1300|
C|005186|2020|50005532560010|001|4300016279|00100|KT020500|20|EA|31100|KRW|62200|20200311|1300|
C|005186|2020|50005532570001|001|4300016263|00010|UAEC0245|8|EA|3580|KRW|14320|20200311|1300|
C|005186|2020|50005532570002|001|4300016263|00020|UAEC0332|4|EA|2320|KRW|9280|20200311|1300|
C|005186|2020|50005532570003|001|4300016263|00030|UAEC0246|4|EA|5840|KRW|11680|20200311|1300|
C|005186|2020|50005532570004|001|4300016263|00040|UAEC0247|4|EA|5840|KRW|11680|20200311|1300|
C|005186|2020|50005532570005|001|4300016263|00070|UAEC0249|4|EA|3450|KRW|13800|20200311|1300|
C|005186|2020|50005532570006|001|4300016263|00080|UAEC0250|4|EA|3930|KRW|15720|20200311|1300|
C|005186|2020|50005532570007|001|4300016263|00090|UAEC0251|4|EA|4750|KRW|19000|20200311|1300|
C|005186|2020|50005532570008|001|4300016263|00100|UAEC0405|4|EA|4810|KRW|19240|20200311|1300|
C|005186|2020|50005532570009|001|4300016263|00110|UAEC0252|4|EA|5220|KRW|20880|20200311|1300|
C|005186|2020|50005532570010|001|4300016263|00120|UAEC0413|2|EA|11660|KRW|23320|20200311|1300|
C|005186|2020|50005532570011|001|4300016263|00130|UAEC0095|2|EA|22630|KRW|45260|20200311|1300|
C|005186|2020|50005532570012|001|4300016263|00140|UAEC0096|2|EA|29190|KRW|58380|20200311|1300|
C|005186|2020|50005532570013|001|4300016263|00200|UAEC0063|10|EA|6440|KRW|32200|20200311|1300|
C|005186|2020|50005532570014|001|4300016263|00240|UKEC0116|10|EA|14300|KRW|14300|20200311|1300|
C|005186|2020|50005532570015|001|4300016263|00250|UKGC0009|20|EA|2220|KRW|44400|20200311|1300|
C|005186|2020|50005532570016|001|4300016263|00260|UKFC0002|3|EA|47600|KRW|142800|20200311|1300|
C|005186|2020|50005532570017|001|4300016266|00030|UCAC0026|20|EA|82650|KRW|330600|20200311|1300|
C|005186|2020|50005532580001|001|4300016194|00010|UHHC0205|3|EA|371000|KRW|1113000|20200311|1300|
C|005186|2020|50005532580002|001|4300016255|00050|UHTC0313|20|EA|6300|KRW|126000|20200311|1300|
C|005186|2020|50005532580003|001|4300016255|00060|UHDC0057|20|EA|13800|KRW|276000|20200311|1300|
C|005186|2020|50005532580004|001|4300016274|00010|KE030116|1|EA|157500|KRW|157500|20200311|1300|
C|005186|2020|50005532580005|001|4300016274|00020|KE030211|1|EA|145740|KRW|145740|20200311|1300|
C|005186|2020|50005532580006|001|4300016274|00030|KE050201|2|EA|8460|KRW|16920|20200311|1300|
C|005186|2020|50005532580007|001|4300016274|00040|KE050207|1|EA|6930|KRW|6930|20200311|1300|
C|005186|2020|50005532580008|001|4300016274|00050|KE090112|4|EA|16800|KRW|67200|20200311|1300|
C|005186|2020|50005532580009|001|4300016274|00060|KE190001|1|EA|6300|KRW|6300|20200311|1300|
C|005186|2020|50005532580010|001|4300016274|00070|KE190003|6|EA|29300|KRW|175800|20200311|1300|
C|005186|2020|50005532580011|001|4300016274|00080|KE210001|2|EA|53030|KRW|106060|20200311|1300|
C|005186|2020|50005532590001|001|4300016025|00010|UHTC0739|1|EA|400000|KRW|400000|20200311|1300|
C|005186|2020|50005532590002|001|4300016025|00020|UHTC0740|1|EA|342110|KRW|342110|20200311|1300|
C|005186|2020|50005532600001|001|4300015475|00010|UDEC0080|10|EA|44100|KRW|441000|20200311|1300|
C|005186|2020|50005532600002|001|4300015475|00020|UDEC0087|10|EA|89250|KRW|892500|20200311|1300|
C|005186|2020|50005532610001|001|4300016263|00160|UEBC0329|20|EA|14750|KRW|295000|20200311|1300|
C|005186|2020|50005532610002|001|4300016263|00170|UEBC1379|20|EA|10460|KRW|209200|20200311|1300|
C|005186|2020|50005532610003|001|4300016263|00210|UDAC0048|5|EA|1580|KRW|7900|20200311|1300|
C|005186|2020|50005532610004|001|4300016263|00230|UEBC1094|20|EA|18950|KRW|379000|20200311|1300|
C|005186|2020|50005532610005|001|4300016266|00010|UEBC1358|50|EA|17500|KRW|875000|20200311|1300|
C|005186|2020|50005532610006|001|4300016266|00020|UEBC1103|20|EA|92600|KRW|185200|20200311|1300|
C|005186|2020|50005532610007|001|4300016277|00010|KS061502|7|EA|2970|KRW|20790|20200311|1300|
C|005186|2020|50005532610008|001|4300016277|00020|KS061503|13|EA|3150|KRW|40950|20200311|1300|
C|005186|2020|50005532610009|001|4300016277|00030|KS066901|3|EA|1290|KRW|3870|20200311|1300|
C|005186|2020|50005532610010|001|4300016277|00040|KS066904|5|EA|2000|KRW|10000|20200311|1300|
C|005186|2020|50005532610011|001|4300016277|00050|KS067002|4|EA|1460|KRW|5840|20200311|1300|
C|005186|2020|50005532610012|001|4300016277|00060|KS067006|5|EA|3120|KRW|15600|20200311|1300|
C|005186|2020|50005532610013|001|4300016277|00070|KS067207|4|EA|5780|KRW|23120|20200311|1300|
C|005186|2020|50005532610014|001|4300016277|00080|KS067208|5|EA|7940|KRW|39700|20200311|1300|
C|005186|2020|50005532610015|001|4300016277|00090|KS080705|4|EA|18500|KRW|74000|20200311|1300|
C|005186|2020|50005532610016|001|4300016277|00100|KS990007|5|EA|51450|KRW|257250|20200311|1300|
C|005186|2020|50005532610017|001|4300016277|00110|KS990009|5|EA|8820|KRW|44100|20200311|1300|
C|005186|2020|50005532610018|001|4300016302|00030|UAGC0591|2|EA|66680|KRW|133360|20200311|1300|
C|005186|2020|50005532620001|001|4300016140|00050|UAGC0226|2|EA|26220|KRW|52440|20200311|1300|
C|005186|2020|50005532630001|001|4300016097|00040|UGBC1006|20|EA|2520|KRW|50400|20200311|1300|
C|005186|2020|50005532630002|001|4300016249|00080|UGBC1469|2|EA|47700|KRW|95400|20200311|1300|
C|005186|2020|50005532630003|001|4300016249|00090|UGBC1551|1|EA|505300|KRW|505300|20200311|1300|
C|005186|2020|50005532630004|001|4300016249|00100|UGBC1451|1|EA|527000|KRW|527000|20200311|1300|
C|005186|2020|50005532630005|001|4300016249|00110|UGBC1053|2|EA|42000|KRW|84000|20200311|1300|
C|005186|2020|50005532630006|001|4300016249|00120|UGBC0080|6|EA|14700|KRW|88200|20200311|1300|
C|005186|2020|50005532630007|001|4300016249|00130|UGBC0042|6|EA|15440|KRW|92640|20200311|1300|
C|005186|2020|50005532630008|001|4300016249|00140|UGBC0616|3|EA|11550|KRW|34650|20200311|1300|
C|005186|2020|50005532630009|001|4300016249|00150|UGBC0199|5|EA|29400|KRW|147000|20200311|1300|
C|005186|2020|50005532630010|001|4300016258|00020|UGBC0523|10|EA|210000|KRW|210000|20200311|1300|
C|005186|2020|50005532630011|001|4300016258|00030|UGBC1614|30|EA|11300|KRW|33900|20200311|1300|
C|005186|2020|50005532630012|001|4300016258|00040|UGBC1616|30|EA|2240|KRW|67200|20200311|1300|
C|005186|2020|50005532630013|001|4300016258|00050|UGBC0863|30|EA|3150|KRW|94500|20200311|1300|
