C|005186|2017|50003189540001|001|4300006816|00010|UHTC0680|10|EA|41000|KRW|410000|20170126|1300|
C|005186|2017|50003189540002|001|4300006841|00010|UHTC0815|7|EA|36000|KRW|252000|20170126|1300|
C|005186|2017|50003189540003|001|4300006843|00010|UGCC1174|2|EA|301100|KRW|602200|20170126|1300|
C|005186|2017|50003189540004|001|4300006856|00040|UZZC0120|1|EA|33000|KRW|33000|20170126|1300|
C|005186|2017|50003189540005|001|4300006858|00050|UGCC0425|2|EA|110250|KRW|220500|20170126|1300|
C|005186|2017|50003189540006|001|4300006858|00060|UGCC1125|3|EA|27000|KRW|81000|20170126|1300|
C|005186|2017|50003189540007|001|4300006861|00070|UGCC0671|5|EA|171150|KRW|855750|20170126|1300|
C|005186|2017|50003189540008|001|4300006861|00080|UGCC0202|10|EA|9450|KRW|94500|20170126|1300|
C|005186|2017|50003189540009|001|4300006861|00090|UGCC0847|2|EA|147870|KRW|295740|20170126|1300|
C|005186|2017|50003189540010|001|4300006864|00010|UGCC1091|10|EA|75000|KRW|750000|20170126|1300|
C|005186|2017|50003189540011|001|4300006864|00020|UGAC0042|10|EA|20475|KRW|204750|20170126|1300|
C|005186|2017|50003189540012|001|4300006865|00030|UDEC0030|3|EA|95450|KRW|286350|20170126|1300|
C|005186|2017|50003189540013|001|4300006866|00010|UDEC0066|3|EA|444680|KRW|1334040|20170126|1300|
C|005186|2017|50003189550001|001|4300006858|00030|UDAC0080|12|EA|2630|KRW|31560|20170126|1300|
C|005186|2017|50003189550002|001|4300006858|00040|UEBC1129|6|EA|72900|KRW|437400|20170126|1300|
C|005186|2017|50003189550003|001|4300006858|00070|UEBC0021|2|EA|20550|KRW|41100|20170126|1300|
C|005186|2017|50003189550004|001|4300006858|00080|UEBC0017|4|EA|12130|KRW|48520|20170126|1300|
C|005186|2017|50003189550005|001|4300006858|00090|UDBC0244|3|EA|172200|KRW|516600|20170126|1300|
C|005186|2017|50003189550006|001|4300006858|00110|UEBC1355|10|EA|8910|KRW|89100|20170126|1300|
C|005186|2017|50003189550007|001|4300006858|00120|UEBC1155|10|EA|17800|KRW|178000|20170126|1300|
C|005186|2017|50003189550008|001|4300006861|00010|UGCC0501|1|EA|38000|KRW|38000|20170126|1300|
C|005186|2017|50003189550009|001|4300006861|00020|UGCC0502|1|EA|38000|KRW|38000|20170126|1300|
C|005186|2017|50003189550010|001|4300006861|00030|UGCC0499|1|EA|100700|KRW|100700|20170126|1300|
C|005186|2017|50003189550011|001|4300006861|00040|UGCC0500|1|EA|100700|KRW|100700|20170126|1300|
C|005186|2017|50003189550012|001|4300006861|00060|UEBC1043|5|EA|18400|KRW|92000|20170126|1300|
C|005186|2017|50003189550013|001|4300006863|00040|UEBC0223|10|EA|1300|KRW|13000|20170126|1300|
C|005186|2017|50003189550014|001|4300006863|00060|UGBC1440|20|EA|1330|KRW|26600|20170126|1300|
C|005186|2017|50003189550015|001|4300006863|00070|UEBC0041|1|EA|24700|KRW|24700|20170126|1300|
C|005186|2017|50003189550016|001|4300006863|00080|UDBC0958|20|EA|303|KRW|6060|20170126|1300|
C|005186|2017|50003189550017|001|4300006863|00090|UEBC0071|1|EA|104800|KRW|104800|20170126|1300|
C|005186|2017|50003189550018|001|4300006864|00030|UEBC0359|5|EA|3810|KRW|19050|20170126|1300|
C|005186|2017|50003189550019|001|4300006864|00040|UEBC0007|8|EA|58800|KRW|470400|20170126|1300|
C|005186|2017|50003189550020|001|4300006864|00060|UEBC1164|2|EA|215000|KRW|430000|20170126|1300|
C|005186|2017|50003189550021|001|4300006865|00010|UEBC0011|8|EA|133350|KRW|1066800|20170126|1300|
C|005186|2017|50003189550022|001|4300006865|00020|UEBC1200|2|EA|67800|KRW|135600|20170126|1300|
