C|005186|2013|50000461040001|001|4300000841|00010|CMA0001|80|EA|240|KRW|19200|20131215|1300|
C|005186|2013|50000461040002|001|4300000841|00020|CMB0001|60|EA|655|KRW|39300|20131215|1300|
C|005186|2013|50000461040003|001|4300000841|00030|CMB0010|60|EA|1100|KRW|66000|20131215|1300|
C|005186|2013|50000461040004|001|4300000841|00050|CMH0006|5|EA|400|KRW|2000|20131215|1300|
C|005186|2013|50000461040005|001|4300000841|00060|CMZ0032|5|EA|1970|KRW|9850|20131215|1300|
C|005186|2013|50000461040006|001|4300000842|00010|CMA0001|400|EA|240|KRW|96000|20131215|1300|
C|005186|2013|50000461040007|001|4300000842|00020|CMA0005|30|EA|2470|KRW|74100|20131215|1300|
C|005186|2013|50000461040008|001|4300000842|00030|CMA0007|200|EA|270|KRW|54000|20131215|1300|
C|005186|2013|50000461040009|001|4300000842|00040|CMA0016|40|EA|2840|KRW|113600|20131215|1300|
C|005186|2013|50000461040010|001|4300000842|00050|CMA0017|20|EA|780|KRW|15600|20131215|1300|
C|005186|2013|50000461040011|001|4300000842|00060|CMB0001|20|EA|655|KRW|13100|20131215|1300|
C|005186|2013|50000461040012|001|4300000842|00070|CMB0002|80|EA|2420|KRW|193600|20131215|1300|
C|005186|2013|50000461040013|001|4300000842|00080|CMB0010|40|EA|1100|KRW|44000|20131215|1300|
C|005186|2013|50000461040014|001|4300000842|00090|CMC0003|30|EA|340|KRW|10200|20131215|1300|
C|005186|2013|50000461040015|001|4300000842|00100|CMC0005|30|EA|190|KRW|5700|20131215|1300|
C|005186|2013|50000461040016|001|4300000842|00110|CMD0001|2|EA|9555|KRW|19110|20131215|1300|
C|005186|2013|50000461040017|001|4300000842|00140|CME0001|18|EA|4910|KRW|88380|20131215|1300|
C|005186|2013|50000461040018|001|4300000842|00150|CME0002|80|EA|2300|KRW|184000|20131215|1300|
C|005186|2013|50000461040019|001|4300000842|00160|CME0010|200|EA|285|KRW|57000|20131215|1300|
C|005186|2013|50000461040020|001|4300000842|00170|CMF0001|2|EA|1680|KRW|3360|20131215|1300|
C|005186|2013|50000461040021|001|4300000842|00190|CMF0009|1|EA|5700|KRW|5700|20131215|1300|
C|005186|2013|50000461040022|001|4300000842|00200|CMF0020|2|EA|700|KRW|1400|20131215|1300|
C|005186|2013|50000461040023|001|4300000842|00210|CMF0021|2|EA|5400|KRW|10800|20131215|1300|
C|005186|2013|50000461040024|001|4300000842|00220|CMF0022|4|EA|5400|KRW|21600|20131215|1300|
C|005186|2013|50000461040025|001|4300000842|00230|CMH0007|4|EA|11700|KRW|46800|20131215|1300|
C|005186|2013|50000461040026|001|4300000842|00240|CMZ0002|20|EA|430|KRW|8600|20131215|1300|
C|005186|2013|50000461040027|001|4300000842|00250|CMZ0003|3|EA|1470|KRW|4410|20131215|1300|
C|005186|2013|50000461040028|001|4300000842|00260|CMZ0004|20|EA|380|KRW|7600|20131215|1300|
C|005186|2013|50000461040029|001|4300000842|00270|CMZ0006|5|EA|1155|KRW|5775|20131215|1300|
C|005186|2013|50000461040030|001|4300000844|00010|CMA0001|400|EA|240|KRW|96000|20131215|1300|
C|005186|2013|50000461040031|001|4300000844|00020|CMA0007|200|EA|270|KRW|54000|20131215|1300|
C|005186|2013|50000461040032|001|4300000844|00030|CMA0008|100|EA|690|KRW|69000|20131215|1300|
C|005186|2013|50000461040033|001|4300000844|00040|CMA0016|100|EA|2840|KRW|284000|20131215|1300|
C|005186|2013|50000461040034|001|4300000844|00050|CMA0017|10|EA|780|KRW|7800|20131215|1300|
C|005186|2013|50000461040035|001|4300000844|00060|CMB0001|200|EA|655|KRW|131000|20131215|1300|
C|005186|2013|50000461040036|001|4300000844|00070|CMB0010|200|EA|1100|KRW|220000|20131215|1300|
C|005186|2013|50000461040037|001|4300000844|00080|CMC0005|200|EA|190|KRW|38000|20131215|1300|
C|005186|2013|50000461040038|001|4300000844|00090|CME0002|30|EA|2300|KRW|69000|20131215|1300|
C|005186|2013|50000461040039|001|4300000844|00100|CME0010|180|EA|285|KRW|51300|20131215|1300|
C|005186|2013|50000461040040|001|4300000844|00110|CMF0001|10|EA|1680|KRW|16800|20131215|1300|
C|005186|2013|50000461040041|001|4300000844|00120|CMF0002|10|EA|1100|KRW|11000|20131215|1300|
C|005186|2013|50000461040042|001|4300000844|00140|CMF0020|10|EA|700|KRW|7000|20131215|1300|
C|005186|2013|50000461040043|001|4300000844|00150|CMH0007|4|EA|11700|KRW|46800|20131215|1300|
C|005186|2013|50000461040044|001|4300000844|00160|CMZ0001|40|EA|765|KRW|30600|20131215|1300|
C|005186|2013|50000461040045|001|4300000844|00170|CMZ0002|40|EA|430|KRW|17200|20131215|1300|
C|005186|2013|50000461040046|001|4300000844|00180|CMZ0004|50|EA|380|KRW|19000|20131215|1300|
C|005186|2013|50000461040047|001|4300000844|00190|CMZ0006|30|EA|1155|KRW|34650|20131215|1300|
C|005186|2013|50000461040048|001|4300000845|00010|CMA0001|140|EA|240|KRW|33600|20131215|1300|
C|005186|2013|50000461040049|001|4300000845|00020|CMA0002|10|EA|1530|KRW|15300|20131215|1300|
C|005186|2013|50000461040050|001|4300000845|00030|CMA0007|130|EA|270|KRW|35100|20131215|1300|
C|005186|2013|50000461040051|001|4300000845|00040|CMA0008|30|EA|690|KRW|20700|20131215|1300|
C|005186|2013|50000461040052|001|4300000845|00050|CMA0016|10|EA|2840|KRW|28400|20131215|1300|
C|005186|2013|50000461040053|001|4300000845|00060|CMA0017|10|EA|780|KRW|7800|20131215|1300|
C|005186|2013|50000461040054|001|4300000845|00070|CMB0003|140|EA|2420|KRW|338800|20131215|1300|
C|005186|2013|50000461040055|001|4300000845|00080|CME0001|12|EA|4910|KRW|58920|20131215|1300|
C|005186|2013|50000461040056|001|4300000845|00090|CMF0006|20|EA|11970|KRW|239400|20131215|1300|
C|005186|2013|50000461040057|001|4300000845|00100|CMZ0002|20|EA|430|KRW|8600|20131215|1300|
C|005186|2013|50000461040058|001|4300000845|00110|CMZ0014|1|EA|23300|KRW|23300|20131215|1300|
C|005186|2013|50000461040059|001|4300000846|00010|CMA0001|900|EA|240|KRW|216000|20131215|1300|
C|005186|2013|50000461040060|001|4300000846|00020|CMA0005|40|EA|2470|KRW|98800|20131215|1300|
C|005186|2013|50000461040061|001|4300000846|00030|CMA0007|200|EA|270|KRW|54000|20131215|1300|
C|005186|2013|50000461040062|001|4300000846|00040|CMA0008|300|EA|690|KRW|207000|20131215|1300|
C|005186|2013|50000461040063|001|4300000846|00050|CMA0017|20|EA|780|KRW|15600|20131215|1300|
C|005186|2013|50000461040064|001|4300000846|00060|CMB0001|250|EA|655|KRW|163750|20131215|1300|
C|005186|2013|50000461040065|001|4300000846|00070|CMB0002|40|EA|2420|KRW|96800|20131215|1300|
C|005186|2013|50000461040066|001|4300000846|00080|CMB0003|100|EA|2420|KRW|242000|20131215|1300|
C|005186|2013|50000461040067|001|4300000846|00090|CMB0010|100|EA|1100|KRW|110000|20131215|1300|
C|005186|2013|50000461040068|001|4300000846|00100|CMC0002|5|EA|9350|KRW|46750|20131215|1300|
C|005186|2013|50000461040069|001|4300000846|00110|CMC0005|100|EA|190|KRW|19000|20131215|1300|
C|005186|2013|50000461040070|001|4300000846|00120|CMC0007|5|EA|12100|KRW|60500|20131215|1300|
C|005186|2013|50000461040071|001|4300000846|00130|CME0002|20|EA|2300|KRW|46000|20131215|1300|
C|005186|2013|50000461040072|001|4300000846|00150|CMF0006|3|EA|11970|KRW|35910|20131215|1300|
C|005186|2013|50000461040073|001|4300000846|00160|CMG0001|90|EA|1840|KRW|165600|20131215|1300|
C|005186|2013|50000461040074|001|4300000846|00170|CMZ0001|20|EA|765|KRW|15300|20131215|1300|
C|005186|2013|50000461040075|001|4300000846|00180|CMZ0002|10|EA|430|KRW|4300|20131215|1300|
C|005186|2013|50000461040076|001|4300000846|00190|CMZ0004|20|EA|380|KRW|7600|20131215|1300|
C|005186|2013|50000461040077|001|4300000846|00200|CMZ0005|10|EA|750|KRW|7500|20131215|1300|
C|005186|2013|50000461040078|001|4300000848|00010|CMA0001|100|EA|240|KRW|24000|20131215|1300|
C|005186|2013|50000461040079|001|4300000848|00020|CMA0008|100|EA|690|KRW|69000|20131215|1300|
C|005186|2013|50000461040080|001|4300000848|00030|CMB0007|60|EA|925|KRW|55500|20131215|1300|
C|005186|2013|50000461040081|001|4300000848|00040|CME0010|30|EA|285|KRW|8550|20131215|1300|
C|005186|2013|50000461040082|001|4300000849|00010|CMA0001|200|EA|240|KRW|48000|20131215|1300|
C|005186|2013|50000461040083|001|4300000849|00020|CMA0007|250|EA|270|KRW|67500|20131215|1300|
C|005186|2013|50000461040084|001|4300000849|00030|CMA0008|20|EA|690|KRW|13800|20131215|1300|
C|005186|2013|50000461040085|001|4300000849|00040|CMA0016|20|EA|2840|KRW|56800|20131215|1300|
C|005186|2013|50000461040086|001|4300000849|00050|CMB0002|160|EA|2420|KRW|387200|20131215|1300|
C|005186|2013|50000461040087|001|4300000849|00060|CMB0010|40|EA|1100|KRW|44000|20131215|1300|
C|005186|2013|50000461040088|001|4300000849|00070|CMC0005|10|EA|190|KRW|1900|20131215|1300|
C|005186|2013|50000461040089|001|4300000849|00080|CME0001|12|EA|4910|KRW|58920|20131215|1300|
C|005186|2013|50000461040090|001|4300000849|00100|CMF0006|1|EA|11970|KRW|11970|20131215|1300|
C|005186|2013|50000461040091|001|4300000849|00110|CMF0009|2|EA|5700|KRW|11400|20131215|1300|
C|005186|2013|50000461040092|001|4300000849|00120|CMF0021|2|EA|5400|KRW|10800|20131215|1300|
C|005186|2013|50000461040093|001|4300000849|00130|CMH0007|3|EA|11700|KRW|35100|20131215|1300|
C|005186|2013|50000461040094|001|4300000849|00140|CMZ0001|12|EA|765|KRW|9180|20131215|1300|
C|005186|2013|50000461040095|001|4300000849|00150|CMZ0004|10|EA|380|KRW|3800|20131215|1300|
C|005186|2013|50000461040096|001|4300000849|00160|CMZ0005|10|EA|750|KRW|7500|20131215|1300|
C|005186|2013|50000461040097|001|4300000850|00010|CMA0001|230|EA|240|KRW|55200|20131215|1300|
C|005186|2013|50000461040098|001|4300000850|00020|CMA0002|10|EA|1530|KRW|15300|20131215|1300|
C|005186|2013|50000461040099|001|4300000850|00030|CMA0007|100|EA|270|KRW|27000|20131215|1300|
C|005186|2013|50000461040100|001|4300000850|00040|CMA0008|100|EA|690|KRW|69000|20131215|1300|
C|005186|2013|50000461040101|001|4300000850|00050|CMB0001|100|EA|655|KRW|65500|20131215|1300|
C|005186|2013|50000461040102|001|4300000850|00060|CMB0002|100|EA|2420|KRW|242000|20131215|1300|
C|005186|2013|50000461040103|001|4300000850|00070|CMB0003|100|EA|2420|KRW|242000|20131215|1300|
C|005186|2013|50000461040104|001|4300000850|00080|CMB0010|40|EA|1100|KRW|44000|20131215|1300|
C|005186|2013|50000461040105|001|4300000850|00090|CMC0002|3|EA|9350|KRW|28050|20131215|1300|
C|005186|2013|50000461040106|001|4300000850|00100|CMC0005|120|EA|190|KRW|22800|20131215|1300|
C|005186|2013|50000461040107|001|4300000850|00110|CME0010|50|EA|285|KRW|14250|20131215|1300|
C|005186|2013|50000461040108|001|4300000850|00120|CMF0009|5|EA|5700|KRW|28500|20131215|1300|
C|005186|2013|50000461040109|001|4300000850|00130|CMF0014|5|EA|630|KRW|3150|20131215|1300|
C|005186|2013|50000461040110|001|4300000850|00140|CMH0007|1|EA|11700|KRW|11700|20131215|1300|
C|005186|2013|50000461040111|001|4300000850|00150|CMZ0002|10|EA|430|KRW|4300|20131215|1300|
C|005186|2013|50000461040112|001|4300000850|00160|CMZ0009|60|EA|740|KRW|44400|20131215|1300|
C|005186|2013|50000461040113|001|4300000850|00170|CMZ0032|1|EA|1970|KRW|1970|20131215|1300|
C|005186|2013|50000461040114|001|4300000852|00010|CMA0001|100|EA|240|KRW|24000|20131215|1300|
C|005186|2013|50000461040115|001|4300000852|00020|CMA0015|100|EA|2830|KRW|283000|20131215|1300|
C|005186|2013|50000461040116|001|4300000852|00030|CMA0016|200|EA|2840|KRW|568000|20131215|1300|
C|005186|2013|50000461040117|001|4300000852|00040|CMB0002|100|EA|2420|KRW|242000|20131215|1300|
C|005186|2013|50000461040118|001|4300000852|00050|CMB0010|200|EA|1100|KRW|220000|20131215|1300|
C|005186|2013|50000461040119|001|4300000852|00060|CMC0003|50|EA|340|KRW|17000|20131215|1300|
C|005186|2013|50000461040120|001|4300000852|00070|CMC0005|50|EA|190|KRW|9500|20131215|1300|
C|005186|2013|50000461040121|001|4300000852|00080|CME0003|20|EA|5400|KRW|108000|20131215|1300|
C|005186|2013|50000461040122|001|4300000852|00100|CMF0021|10|EA|5400|KRW|54000|20131215|1300|
C|005186|2013|50000461040123|001|4300000852|00110|CMZ0014|1|EA|23300|KRW|23300|20131215|1300|
C|005186|2013|50000461040124|001|4300000854|00010|CMA0001|200|EA|240|KRW|48000|20131215|1300|
C|005186|2013|50000461040125|001|4300000854|00020|CMA0007|60|EA|270|KRW|16200|20131215|1300|
C|005186|2013|50000461040126|001|4300000854|00030|CMB0001|60|EA|655|KRW|39300|20131215|1300|
C|005186|2013|50000461040127|001|4300000854|00040|CMB0003|60|EA|2420|KRW|145200|20131215|1300|
C|005186|2013|50000461040128|001|4300000854|00050|CMB0010|100|EA|1100|KRW|110000|20131215|1300|
C|005186|2013|50000461040129|001|4300000854|00060|CMD0001|5|EA|9555|KRW|47775|20131215|1300|
C|005186|2013|50000461040130|001|4300000854|00070|CMF0004|1|EA|22050|KRW|22050|20131215|1300|
C|005186|2013|50000461040131|001|4300000854|00090|CMZ0014|1|EA|23300|KRW|23300|20131215|1300|
C|005186|2013|50000461040132|001|4300000855|00010|CMA0001|500|EA|240|KRW|120000|20131215|1300|
C|005186|2013|50000461040133|001|4300000855|00020|CMA0007|200|EA|270|KRW|54000|20131215|1300|
C|005186|2013|50000461040134|001|4300000855|00030|CMA0015|50|EA|2830|KRW|141500|20131215|1300|
C|005186|2013|50000461040135|001|4300000855|00040|CMA0016|200|EA|2840|KRW|568000|20131215|1300|
C|005186|2013|50000461040136|001|4300000855|00050|CMB0001|100|EA|655|KRW|65500|20131215|1300|
C|005186|2013|50000461040137|001|4300000855|00060|CMB0010|400|EA|1100|KRW|440000|20131215|1300|
C|005186|2013|50000461040138|001|4300000855|00070|CMC0005|100|EA|190|KRW|19000|20131215|1300|
C|005186|2013|50000461040139|001|4300000855|00080|CMC0007|3|EA|12100|KRW|36300|20131215|1300|
C|005186|2013|50000461040140|001|4300000855|00100|CME0002|50|EA|2300|KRW|115000|20131215|1300|
C|005186|2013|50000461040141|001|4300000855|00110|CME0005|20|EA|3465|KRW|69300|20131215|1300|
C|005186|2013|50000461040142|001|4300000855|00120|CME0010|100|EA|285|KRW|28500|20131215|1300|
C|005186|2013|50000461040143|001|4300000855|00130|CMF0001|5|EA|1680|KRW|8400|20131215|1300|
C|005186|2013|50000461040144|001|4300000855|00140|CMF0004|4|EA|22050|KRW|88200|20131215|1300|
C|005186|2013|50000461040145|001|4300000855|00160|CMF0020|10|EA|700|KRW|7000|20131215|1300|
C|005186|2013|50000461040146|001|4300000855|00170|CMF0021|5|EA|5400|KRW|27000|20131215|1300|
C|005186|2013|50000461040147|001|4300000855|00180|CMH0007|3|EA|11700|KRW|35100|20131215|1300|
C|005186|2013|50000461040148|001|4300000855|00190|CMZ0006|10|EA|1155|KRW|11550|20131215|1300|
C|005186|2013|50000461040149|001|4300000855|00200|CMZ0014|2|EA|23300|KRW|46600|20131215|1300|
C|005186|2013|50000461040150|001|4300000856|00010|CMA0001|400|EA|240|KRW|96000|20131215|1300|
C|005186|2013|50000461040151|001|4300000856|00020|CMA0007|120|EA|270|KRW|32400|20131215|1300|
C|005186|2013|50000461040152|001|4300000856|00030|CMA0017|16|EA|780|KRW|12480|20131215|1300|
C|005186|2013|50000461040153|001|4300000856|00040|CMB0010|240|EA|1100|KRW|264000|20131215|1300|
C|005186|2013|50000461040154|001|4300000856|00050|CMC0005|50|EA|190|KRW|9500|20131215|1300|
C|005186|2013|50000461040155|001|4300000856|00070|CME0002|50|EA|2300|KRW|115000|20131215|1300|
C|005186|2013|50000461040156|001|4300000856|00080|CME0006|16|EA|3400|KRW|54400|20131215|1300|
C|005186|2013|50000461040157|001|4300000856|00090|CME0010|60|EA|285|KRW|17100|20131215|1300|
C|005186|2013|50000461040158|001|4300000856|00100|CMF0004|3|EA|22050|KRW|66150|20131215|1300|
C|005186|2013|50000461040159|001|4300000856|00120|CMF0009|10|EA|5700|KRW|57000|20131215|1300|
C|005186|2013|50000461040160|001|4300000856|00130|CMF0013|10|EA|760|KRW|7600|20131215|1300|
C|005186|2013|50000461040161|001|4300000856|00140|CMF0017|20|EA|505|KRW|10100|20131215|1300|
C|005186|2013|50000461040162|001|4300000856|00150|CMH0007|3|EA|11700|KRW|35100|20131215|1300|
C|005186|2013|50000461040163|001|4300000856|00160|CMZ0004|50|EA|380|KRW|19000|20131215|1300|
C|005186|2013|50000461040164|001|4300000856|00170|CMZ0005|10|EA|750|KRW|7500|20131215|1300|
C|005186|2013|50000461040165|001|4300000856|00180|CMZ0032|4|EA|1970|KRW|7880|20131215|1300|
C|005186|2013|50000461050001|001|4300000785|00060|CMD0016|3|EA|30450|KRW|91350|20131215|1300|
C|005186|2013|50000461050002|001|4300000842|00120|CMD0011|17|EA|24150|KRW|410550|20131215|1300|
C|005186|2013|50000461050003|001|4300000842|00180|CMF0005|5|EA|20700|KRW|103500|20131215|1300|
C|005186|2013|50000461050004|001|4300000844|00130|CMF0005|2|EA|20700|KRW|41400|20131215|1300|
C|005186|2013|50000461050005|001|4300000846|00140|CMF0005|10|EA|20700|KRW|207000|20131215|1300|
C|005186|2013|50000461050006|001|4300000849|00090|CMF0005|6|EA|20700|KRW|124200|20131215|1300|
C|005186|2013|50000461050007|001|4300000852|00090|CMF0005|1|EA|20700|KRW|20700|20131215|1300|
C|005186|2013|50000461050008|001|4300000854|00080|CMF0005|2|EA|20700|KRW|41400|20131215|1300|
C|005186|2013|50000461050009|001|4300000855|00090|CMD0011|2|EA|24150|KRW|48300|20131215|1300|
C|005186|2013|50000461050010|001|4300000855|00150|CMF0005|5|EA|20700|KRW|103500|20131215|1300|
C|005186|2013|50000461050011|001|4300000856|00060|CMD0011|1|EA|24150|KRW|24150|20131215|1300|
C|005186|2013|50000461050012|001|4300000856|00110|CMF0005|3|EA|20700|KRW|62100|20131215|1300|
C|005186|2013|50000461060001|001|4300000776|00060|CMD0013|1|EA|22460|KRW|22460|20131215|1300|
C|005186|2013|50000461060002|001|4300000792|00100|CMD0011|2|EA|24150|KRW|48300|20131215|1300|
