C|005186|2019|50005334100001|001|4300015196|00010|KE030011|4|EA|8190|KRW|32760|20191128|1300|
C|005186|2019|50005334100002|001|4300015196|00020|KE050201|2|EA|8460|KRW|16920|20191128|1300|
C|005186|2019|50005334100003|001|4300015196|00030|KE050207|1|EA|6930|KRW|6930|20191128|1300|
C|005186|2019|50005334100004|001|4300015196|00040|KE050700|10|EA|2200|KRW|22000|20191128|1300|
C|005186|2019|50005334100005|001|4300015196|00050|KE050701|5|EA|2630|KRW|13150|20191128|1300|
C|005186|2019|50005334100006|001|4300015196|00060|KE090101|4|EA|24680|KRW|98720|20191128|1300|
C|005186|2019|50005334100007|001|4300015196|00070|KE090102|4|EA|15430|KRW|61720|20191128|1300|
C|005186|2019|50005334100008|001|4300015196|00080|KE090106|7|EA|15370|KRW|107590|20191128|1300|
C|005186|2019|50005334100009|001|4300015196|00090|KE090112|7|EA|16800|KRW|117600|20191128|1300|
C|005186|2019|50005334100010|001|4300015196|00100|KE110100|3|EA|124000|KRW|372000|20191128|1300|
C|005186|2019|50005334100011|001|4300015196|00110|KE190003|6|EA|29300|KRW|175800|20191128|1300|
C|005186|2019|50005334100012|001|4300015196|00120|KE231300|1|EA|19030|KRW|19030|20191128|1300|
C|005186|2019|50005334100013|001|4300015196|00130|KE231406|14|EA|7140|KRW|99960|20191128|1300|
C|005186|2019|50005334100014|001|4300015196|00140|KE270302|6|EA|6900|KRW|41400|20191128|1300|
C|005186|2019|50005334100015|001|4300015196|00150|KE281401|32|EA|840|KRW|26880|20191128|1300|
C|005186|2019|50005334100016|001|4300015236|00010|KE030211|2|EA|145740|KRW|291480|20191128|1300|
C|005186|2019|50005337110001|001|4300015180|00060|UIDC0046|1|EA|69230|KRW|69230|20191128|1300|
C|005186|2019|50005337110002|001|4300015226|00020|UIDC0058|1|EA|127000|KRW|127000|20191128|1300|
C|005186|2019|50005337110003|001|4300015227|00030|UDEC0106|1|EA|230000|KRW|230000|20191128|1300|
C|005186|2019|50005337110004|001|4300015227|00050|UIDC0087|1|EA|185260|KRW|185260|20191128|1300|
C|005186|2019|50005337120001|001|4300015017|00010|UCIC0220|1|EA|560000|KRW|560000|20191128|1300|
C|005186|2019|50005337120002|001|4300015179|00090|UGCC1229|2|EA|55700|KRW|111400|20191128|1300|
C|005186|2019|50005337120003|001|4300015248|00010|UBEC0008|6|EA|164780|KRW|988680|20191128|1300|
C|005186|2019|50005337120004|001|4300015248|00020|UGCC0673|5|EA|34130|KRW|170650|20191128|1300|
C|005186|2019|50005337120005|001|4300015269|00010|UFGC0058|30|EA|4000|KRW|120000|20191128|1300|
C|005186|2019|50005337120006|001|4300015269|00020|UFGC0039|10|EA|15050|KRW|150500|20191128|1300|
C|005186|2019|50005337120007|001|4300015270|00010|UFGC0056|60|EA|27200|KRW|816000|20191128|1300|
C|005186|2019|50005337130001|001|4300015249|00010|UGBC1778|5|EA|14700|KRW|73500|20191128|1300|
C|005186|2019|50005337130002|001|4300015271|00020|UGCC1607|1|EA|231000|KRW|231000|20191128|1300|
C|005186|2019|50005337130003|001|4300015271|00030|UGCC1608|1|EA|231000|KRW|231000|20191128|1300|
C|005186|2019|50005337130004|001|4300015271|00040|UGCC1609|1|EA|220500|KRW|220500|20191128|1300|
C|005186|2019|50005337130005|001|4300015272|00010|UGBC1781|10|EA|5310|KRW|53100|20191128|1300|
C|005186|2019|50005337130006|001|4300015272|00020|UGBC1782|10|EA|4260|KRW|42600|20191128|1300|
C|005186|2019|50005337130007|001|4300015292|00080|UGCC0227|10|EA|2770|KRW|27700|20191128|1300|
C|005186|2019|50005337130008|001|4300015302|00030|UGCC1613|8|EA|424200|KRW|848400|20191128|1300|
C|005186|2019|50005337130009|001|4300015302|00040|UDCC0066|1|EA|80850|KRW|80850|20191128|1300|
C|005186|2019|50005337130010|001|4300015305|00020|UGBC1780|20|EA|34500|KRW|69000|20191128|1300|
C|005186|2019|50005337130011|001|4300015305|00050|UGCC1606|2|EA|82430|KRW|164860|20191128|1300|
C|005186|2019|50005337130012|001|4300015317|00080|UGBC1749|10|EA|8300|KRW|8300|20191128|1300|
C|005186|2019|50005337140001|001|4300015226|00090|UDAC0323|20|EA|14800|KRW|29600|20191128|1300|
C|005186|2019|50005337140002|001|4300015227|00040|UDBC0226|200|EA|3200|KRW|6400|20191128|1300|
C|005186|2019|50005337140003|001|4300015293|00020|UDBC0819|100|EA|6100|KRW|61000|20191128|1300|
C|005186|2019|50005337140004|001|4300015293|00050|UDBC0191|500|EA|12500|KRW|62500|20191128|1300|
C|005186|2019|50005337140005|001|4300015317|00020|UDBC0897|100|EA|13000|KRW|13000|20191128|1300|
C|005186|2019|50005337140006|001|4300015317|00060|UEBC1590|2|EA|154350|KRW|308700|20191128|1300|
C|005186|2019|50005337140007|001|4300015323|00010|UCAC0310|4|EA|327000|KRW|1308000|20191128|1300|
C|005186|2019|50005337140008|001|4300015323|00060|UEBC1639|4|EA|47900|KRW|191600|20191128|1300|
C|005186|2019|50005337150001|001|4300015251|00010|UDDC0364|6|EA|104300|KRW|625800|20191128|1300|
C|005186|2019|50005337150002|001|4300015251|00020|UDDC0343|3|EA|130900|KRW|392700|20191128|1300|
C|005186|2019|50005337150003|001|4300015251|00030|UDDC0279|3|EA|144900|KRW|434700|20191128|1300|
C|005186|2019|50005337150004|001|4300015252|00010|UDDC0362|6|EA|114500|KRW|687000|20191128|1300|
C|005186|2019|50005337150005|001|4300015252|00020|UDDC0015|6|EA|54180|KRW|325080|20191128|1300|
C|005186|2019|50005337150006|001|4300015252|00030|UDDC0107|2|EA|131040|KRW|262080|20191128|1300|
C|005186|2019|50005337150007|001|4300015252|00040|UDDC0018|1|EA|203910|KRW|203910|20191128|1300|
C|005186|2019|50005337150008|001|4300015252|00050|UDDC0373|3|EA|36900|KRW|110700|20191128|1300|
C|005186|2019|50005337150009|001|4300015253|00010|UDDC0363|3|EA|77700|KRW|233100|20191128|1300|
C|005186|2019|50005337150010|001|4300015253|00020|UDDC0401|3|EA|74880|KRW|224640|20191128|1300|
C|005186|2019|50005337150011|001|4300015253|00030|UDDC0368|4|EA|193000|KRW|772000|20191128|1300|
C|005186|2019|50005337150012|001|4300015254|00010|UDDC0050|1|EA|103782|KRW|103782|20191128|1300|
C|005186|2019|50005337150013|001|4300015254|00020|UDDC0255|5|EA|94290|KRW|471450|20191128|1300|
C|005186|2019|50005337150014|001|4300015254|00030|UDDC0365|12|EA|73000|KRW|876000|20191128|1300|
C|005186|2019|50005337150015|001|4300015255|00010|UDDC0050|12|EA|103782|KRW|1245384|20191128|1300|
C|005186|2019|50005337150016|001|4300015266|00070|UAEC0517|2|EA|13400|KRW|26800|20191128|1300|
C|005186|2019|50005337150017|001|4300015266|00080|UAEC0518|2|EA|12560|KRW|25120|20191128|1300|
C|005186|2019|50005337150018|001|4300015292|00010|UDEC0059|1|EA|25410|KRW|25410|20191128|1300|
C|005186|2019|50005337150019|001|4300015292|00020|UAGC0557|1|EA|506500|KRW|506500|20191128|1300|
C|005186|2019|50005337150020|001|4300015292|00030|UAGC0023|50|EA|16600|KRW|83000|20191128|1300|
C|005186|2019|50005337150021|001|4300015293|00010|UDDC0377|10|EA|93280|KRW|932800|20191128|1300|
C|005186|2019|50005337150022|001|4300015293|00030|UDEC0043|10|EA|30450|KRW|304500|20191128|1300|
C|005186|2019|50005337150023|001|4300015293|00060|UKEC0017|1|EA|61200|KRW|61200|20191128|1300|
C|005186|2019|50005337150024|001|4300015305|00060|UAGC0586|2|EA|49400|KRW|98800|20191128|1300|
C|005186|2019|50005337150025|001|4300015317|00010|UAEC0522|1|EA|165640|KRW|165640|20191128|1300|
C|005186|2019|50005337150026|001|4300015317|00040|UAGC0568|1|EA|250850|KRW|250850|20191128|1300|
C|005186|2019|50005337150027|001|4300015317|00090|UAEC0501|1|EA|4850|KRW|4850|20191128|1300|
C|005186|2019|50005337150028|001|4300015323|00040|UAEC0521|1|EA|34820|KRW|34820|20191128|1300|
C|005186|2019|50005337160001|001|4300015250|00010|UAGC0087|10|EA|10200|KRW|10200|20191128|1300|
C|005186|2019|50005337160002|001|4300015250|00020|UDAC0111|50|EA|3200|KRW|16000|20191128|1300|
C|005186|2019|50005337160003|001|4300015250|00030|UAGC0445|2|EA|24200|KRW|48400|20191128|1300|
C|005186|2019|50005337160004|001|4300015250|00040|UAGC0394|2|EA|19850|KRW|39700|20191128|1300|
C|005186|2019|50005337160005|001|4300015250|00050|UAGC0462|2|EA|22300|KRW|44600|20191128|1300|
C|005186|2019|50005337160006|001|4300015250|00060|UAGC0395|2|EA|22150|KRW|44300|20191128|1300|
C|005186|2019|50005337160007|001|4300015250|00070|UAGC0448|2|EA|29470|KRW|58940|20191128|1300|
C|005186|2019|50005337160008|001|4300015250|00080|UAGC0463|2|EA|29500|KRW|59000|20191128|1300|
C|005186|2019|50005337160009|001|4300015250|00090|UAGC0484|2|EA|55500|KRW|111000|20191128|1300|
C|005186|2019|50005337160010|001|4300015250|00100|UAGC0485|2|EA|55500|KRW|111000|20191128|1300|
C|005186|2019|50005337160011|001|4300015250|00110|UAGC0384|1|EA|486700|KRW|486700|20191128|1300|
C|005186|2019|50005337160012|001|4300015266|00030|UEBC1629|4|EA|20300|KRW|81200|20191128|1300|
C|005186|2019|50005337160013|001|4300015266|00040|UEAC1147|2|EA|660000|KRW|1320000|20191128|1300|
C|005186|2019|50005337160014|001|4300015266|00050|UDBC1124|1|EA|166400|KRW|166400|20191128|1300|
C|005186|2019|50005337160015|001|4300015266|00060|UDCC0065|1|EA|191100|KRW|191100|20191128|1300|
C|005186|2019|50005337160016|001|4300015267|00010|UGBC1784|1|EA|133800|KRW|133800|20191128|1300|
C|005186|2019|50005337160017|001|4300015267|00020|UEBC1621|3|EA|34450|KRW|103350|20191128|1300|
C|005186|2019|50005337160018|001|4300015267|00030|UEBC1622|3|EA|13160|KRW|39480|20191128|1300|
C|005186|2019|50005337160019|001|4300015267|00040|UEBC1623|6|EA|50540|KRW|303240|20191128|1300|
C|005186|2019|50005337160020|001|4300015267|00050|UEBC1624|1|EA|30220|KRW|30220|20191128|1300|
C|005186|2019|50005337160021|001|4300015267|00060|UEBC1625|1|EA|44230|KRW|44230|20191128|1300|
C|005186|2019|50005337160022|001|4300015268|00010|UDDC3903|2|EA|194040|KRW|388080|20191128|1300|
C|005186|2019|50005337160023|001|4300015268|00020|UDBC1122|2|EA|14700|KRW|29400|20191128|1300|
C|005186|2019|50005337160024|001|4300015268|00030|UBCC0065|2|EA|56860|KRW|113720|20191128|1300|
C|005186|2019|50005337160025|001|4300015268|00040|UEBC1626|4|EA|175850|KRW|703400|20191128|1300|
C|005186|2019|50005337160026|001|4300015268|00050|UEBC1628|2|EA|123200|KRW|246400|20191128|1300|
C|005186|2019|50005337160027|001|4300015272|00030|UGBC1783|3|EA|209100|KRW|627300|20191128|1300|
C|005186|2019|50005337160028|001|4300015292|00040|UDAC0368|10|EA|117000|KRW|117000|20191128|1300|
C|005186|2019|50005337160029|001|4300015292|00050|UEBC1078|2|EA|22100|KRW|44200|20191128|1300|
C|005186|2019|50005337160030|001|4300015292|00060|UDAC0394|1|EA|51000|KRW|51000|20191128|1300|
C|005186|2019|50005337160031|001|4300015292|00070|UDBC0259|100|EA|6300|KRW|63000|20191128|1300|
C|005186|2019|50005337160032|001|4300015292|00100|UEBC1608|10|EA|26400|KRW|264000|20191128|1300|
C|005186|2019|50005337160033|001|4300015292|00110|UEBC0647|5|EA|45680|KRW|228400|20191128|1300|
C|005186|2019|50005337160034|001|4300015293|00040|UGBC0748|30|EA|4520|KRW|13560|20191128|1300|
C|005186|2019|50005337160035|001|4300015305|00030|UDDC3902|1|EA|101330|KRW|101330|20191128|1300|
C|005186|2019|50005337160036|001|4300015305|00040|UEBC1617|1|EA|152700|KRW|152700|20191128|1300|
C|005186|2019|50005337160037|001|4300015305|00070|UEBC1618|1|EA|89500|KRW|89500|20191128|1300|
C|005186|2019|50005337160038|001|4300015305|00080|UEBC1619|10|EA|41600|KRW|416000|20191128|1300|
C|005186|2019|50005337160039|001|4300015305|00090|UEBC1620|2|EA|300200|KRW|600400|20191128|1300|
C|005186|2019|50005337160040|001|4300015318|00010|UEAC1147|2|EA|660000|KRW|1320000|20191128|1300|
C|005186|2019|50005337160041|001|4300015319|00010|UEBC1630|8|EA|99000|KRW|792000|20191128|1300|
C|005186|2019|50005337160042|001|4300015320|00010|UEBC1647|12|EA|27800|KRW|333600|20191128|1300|
C|005186|2019|50005337160043|001|4300015321|00020|UEBC1641|10|EA|27400|KRW|274000|20191128|1300|
C|005186|2019|50005337160044|001|4300015321|00030|UEBC1642|5|EA|8100|KRW|40500|20191128|1300|
C|005186|2019|50005337160045|001|4300015321|00040|UEBC1643|5|EA|62800|KRW|314000|20191128|1300|
C|005186|2019|50005337160046|001|4300015322|00010|UEBC1644|3|EA|99750|KRW|299250|20191128|1300|
C|005186|2019|50005337160047|001|4300015322|00020|UEBC1645|5|EA|104000|KRW|520000|20191128|1300|
C|005186|2019|50005337160048|001|4300015322|00030|UEBC1646|10|EA|27400|KRW|274000|20191128|1300|
C|005186|2019|50005337160049|001|4300015323|00020|UEBC1635|10|EA|20900|KRW|209000|20191128|1300|
C|005186|2019|50005337160050|001|4300015323|00050|UEBC1638|2|EA|91700|KRW|183400|20191128|1300|
C|005186|2019|50005337170001|001|4300015316|00020|UGCC1610|2|EA|20000|KRW|40000|20191128|1300|
C|005186|2019|50005337180001|001|4300015226|00030|UICC0007|10|EA|15800|KRW|15800|20191128|1300|
C|005186|2019|50005337180002|001|4300015231|00040|UJBC0004|10|EA|43370|KRW|43370|20191128|1300|
C|005186|2019|50005337180003|001|4300015231|00060|UICC0028|3|EA|7350|KRW|22050|20191128|1300|
C|005186|2019|50005337180004|001|4300015249|00020|UZZC0086|40|EA|9180|KRW|367200|20191128|1300|
C|005186|2019|50005337180005|001|4300015317|00030|UGBC1582|7|EA|22100|KRW|154700|20191128|1300|
C|005186|2019|50005337190001|001|4300015294|00010|UHHC0136|2|EA|96600|KRW|193200|20191128|1300|
C|005186|2019|50005337190002|001|4300015294|00020|UGCC0231|2|EA|298200|KRW|596400|20191128|1300|
C|005186|2019|50005337190003|001|4300015302|00010|UHTC0882|5|EA|16050|KRW|80250|20191128|1300|
C|005186|2019|50005337190004|001|4300015317|00050|UEAC0113|1|EA|185000|KRW|185000|20191128|1300|
C|005186|2019|50005337190005|001|4300015320|00030|UEBC1627|1|EA|315000|KRW|315000|20191128|1300|
C|005186|2019|50005337200001|001|4300015294|00030|UHFC0437|5|EA|63600|KRW|63600|20191128|1300|
C|005186|2019|50005337200002|001|4300015294|00040|UHFC0438|5|EA|70490|KRW|70490|20191128|1300|
C|005186|2019|50005337200003|001|4300015294|00050|UHDC0100|100|EA|148500|KRW|297000|20191128|1300|
C|005186|2019|50005337200004|001|4300015294|00060|UHTC0802|10|EA|249100|KRW|498200|20191128|1300|
C|005186|2019|50005337200005|001|4300015294|00070|KE230003|125|EA|46750|KRW|233750|20191128|1300|
C|005186|2019|50005337200006|001|4300015295|00010|UHHC0013|70|M|20580|KRW|1440600|20191128|1300|
C|005186|2019|50005337200007|001|4300015295|00020|UHTC0772|20|EA|466400|KRW|466400|20191128|1300|
C|005186|2019|50005337200008|001|4300015296|00010|UHTC0250|20|EA|887300|KRW|1774600|20191128|1300|
C|005186|2019|50005337200009|001|4300015297|00010|UHHC0013|70|M|20580|KRW|1440600|20191128|1300|
C|005186|2019|50005337200010|001|4300015298|00010|UHTC0438|40|EA|174000|KRW|1392000|20191128|1300|
C|005186|2019|50005337200011|001|4300015299|00010|UHFC0303|35|EA|39900|KRW|1396500|20191128|1300|
C|005186|2019|50005337200012|001|4300015300|00010|UHFC0417|40|EA|221100|KRW|884400|20191128|1300|
C|005186|2019|50005337200013|001|4300015300|00020|UHHC0039|50|M|1123500|KRW|1123500|20191128|1300|
C|005186|2019|50005337200014|001|4300015301|00010|UHHC0039|50|M|1123500|KRW|1123500|20191128|1300|
C|005186|2019|50005337310001|001|4300015250|00120|UDBC0578|30|EA|770|KRW|23100|20191128|1300|
C|005186|2019|50005337310002|001|4300015292|00090|UADC0077|2|EA|5796|KRW|11592|20191128|1300|
C|005186|2019|50005337310003|001|4300015302|00020|UIEC0085|400|EA|50000|KRW|200000|20191128|1300|
C|005186|2019|50005337310004|001|4300015316|00010|UICC0245|1|EA|19700|KRW|19700|20191128|1300|
C|005186|2019|50005337310005|001|4300015317|00070|UEBC0591|2|EA|546000|KRW|1092000|20191128|1300|
C|005186|2019|50005337310006|001|4300015321|00010|UEBC1640|1|EA|365350|KRW|365350|20191128|1300|
C|005186|2019|50005337320001|001|4300014985|00010|UGCC0840|1|EA|1084000|KRW|1084000|20191128|1300|
C|005186|2019|50005337320002|001|4300014985|00020|UZZC0141|1|EA|187000|KRW|187000|20191128|1300|
C|005186|2019|50005337330001|001|4300015178|00010|UGBC0555|20|EA|420000|KRW|840000|20191128|1300|
C|005186|2019|50005337330002|001|4300015178|00020|UGBC0556|10|EA|525000|KRW|525000|20191128|1300|
C|005186|2019|50005337330003|001|4300015178|00030|UGBC0557|5|EA|65100|KRW|325500|20191128|1300|
C|005186|2019|50005337330004|001|4300015178|00040|UGBC0243|40|EA|61000|KRW|122000|20191128|1300|
C|005186|2019|50005337330005|001|4300015178|00050|UGBC0245|20|EA|75600|KRW|75600|20191128|1300|
C|005186|2019|50005337330006|001|4300015178|00060|UGBC0597|40|EA|25200|KRW|50400|20191128|1300|
C|005186|2019|50005337330007|001|4300015179|00010|UGBC0814|20|EA|8190|KRW|163800|20191128|1300|
C|005186|2019|50005337330008|001|4300015179|00020|UGBC0231|40|EA|16600|KRW|33200|20191128|1300|
C|005186|2019|50005337330009|001|4300015179|00030|UGBC1614|30|EA|11300|KRW|33900|20191128|1300|
C|005186|2019|50005337330010|001|4300015179|00040|UGBC1683|10|EA|10540|KRW|105400|20191128|1300|
C|005186|2019|50005337330011|001|4300015179|00050|UGBC1296|10|EA|20000|KRW|200000|20191128|1300|
C|005186|2019|50005337330012|001|4300015179|00060|UGBC0264|10|EA|27300|KRW|273000|20191128|1300|
C|005186|2019|50005337330013|001|4300015179|00070|UGBC0830|50|EA|1600|KRW|8000|20191128|1300|
C|005186|2019|50005337330014|001|4300015179|00080|UCIC0007|1|EA|186320|KRW|186320|20191128|1300|
C|005186|2019|50005337330015|001|4300015229|00010|UCIC0172|1|EA|1852000|KRW|1852000|20191128|1300|
C|005186|2019|50005337330016|001|4300015230|00020|UGBC1101|10|EA|262500|KRW|525000|20191128|1300|
C|005186|2019|50005337330017|001|4300015230|00030|UGBC1065|5|EA|325500|KRW|325500|20191128|1300|
C|005186|2019|50005337330018|001|4300015230|00040|UGBC1180|10|EA|52500|KRW|105000|20191128|1300|
C|005186|2019|50005337330019|001|4300015230|00050|UGBC1182|5|EA|115500|KRW|115500|20191128|1300|
C|005186|2019|50005337330020|001|4300015302|00050|UFKC0150|1|EA|787500|KRW|787500|20191128|1300|
C|005186|2019|50005337330021|001|4300015303|00010|UCIC0245|1|EA|893000|KRW|893000|20191128|1300|
C|005186|2019|50005337330022|001|4300015306|00010|UGBC1287|20|EA|116000|KRW|232000|20191128|1300|
C|005186|2019|50005337330023|001|4300015306|00020|UGBC1231|20|EA|148000|KRW|296000|20191128|1300|
C|005186|2019|50005337330024|001|4300015306|00030|UGBC1232|10|EA|169000|KRW|169000|20191128|1300|
C|005186|2019|50005337330025|001|4300015306|00040|UGBC0621|20|EA|12800|KRW|12800|20191128|1300|
C|005186|2019|50005337330026|001|4300015306|00050|UGBC0622|20|EA|21000|KRW|21000|20191128|1300|
C|005186|2019|50005337330027|001|4300015306|00060|UGBC0617|40|EA|6400|KRW|12800|20191128|1300|
C|005186|2019|50005337330028|001|4300015306|00070|UGBC1286|20|EA|21100|KRW|42200|20191128|1300|
C|005186|2019|50005337330029|001|4300015306|00080|UGBC1021|20|EA|3800|KRW|7600|20191128|1300|
C|005186|2019|50005337330030|001|4300015306|00090|UGBC1025|10|EA|910|KRW|9100|20191128|1300|
C|005186|2019|50005337330031|001|4300015306|00100|UGBC0505|2|EA|210000|KRW|420000|20191128|1300|
C|005186|2019|50005337340001|001|4300015266|00010|UGCC1611|1|EA|47250|KRW|47250|20191128|1300|
C|005186|2019|50005337340002|001|4300015266|00020|UGCC1612|2|EA|72980|KRW|145960|20191128|1300|
C|005186|2019|50005337340003|001|4300015271|00010|UCIC0244|2|EA|494000|KRW|988000|20191128|1300|
C|005186|2019|50005337340004|001|4300015304|00010|UGCC1625|4|EA|40430|KRW|161720|20191128|1300|
C|005186|2019|50005337340005|001|4300015304|00020|UGCC1626|5|EA|71400|KRW|357000|20191128|1300|
C|005186|2019|50005337340006|001|4300015304|00030|UGCC1630|5|EA|239400|KRW|1197000|20191128|1300|
C|005186|2019|50005337340007|001|4300015305|00010|UGCC1605|2|EA|231000|KRW|462000|20191128|1300|
C|005186|2019|50005337340008|001|4300015320|00020|UGCC1627|1|EA|1218000|KRW|1218000|20191128|1300|
C|005186|2019|50005337340009|001|4300015370|00020|UKEC0108|1|EA|137020|KRW|137020|20191128|1300|
C|005186|2019|50005337340010|001|4300015370|00030|UCFC0006|1|EA|8210|KRW|8210|20191128|1300|
C|005186|2019|50005337340011|001|4300015373|00020|UGBC1425|5|EA|127000|KRW|635000|20191128|1300|
C|005186|2019|50005337350001|001|4300015359|00010|UAHC0025|100|EA|76600|KRW|766000|20191128|1300|
C|005186|2019|50005337350002|001|4300015359|00020|UAHC0063|100|EA|384500|KRW|769000|20191128|1300|
C|005186|2019|50005337350003|001|4300015359|00060|UAEC0095|10|EA|22630|KRW|226300|20191128|1300|
C|005186|2019|50005337350004|001|4300015360|00010|UAEC0184|5|EA|33600|KRW|168000|20191128|1300|
C|005186|2019|50005337350005|001|4300015364|00010|UAEC0048|3|EA|12600|KRW|37800|20191128|1300|
C|005186|2019|50005337350006|001|4300015364|00050|UFGC0057|5|EA|4940|KRW|24700|20191128|1300|
C|005186|2019|50005337350007|001|4300015364|00060|UAIC0004|2|EA|22740|KRW|45480|20191128|1300|
C|005186|2019|50005337350008|001|4300015365|00040|UGAC0085|1|EA|31500|KRW|31500|20191128|1300|
C|005186|2019|50005337350009|001|4300015365|00060|UKEC0091|20|EA|12700|KRW|25400|20191128|1300|
C|005186|2019|50005337350010|001|4300015365|00070|UAAC0029|40|EA|18900|KRW|75600|20191128|1300|
C|005186|2019|50005337350011|001|4300015367|00010|UCAC0033|60|EA|223000|KRW|669000|20191128|1300|
C|005186|2019|50005337350012|001|4300015367|00020|UAGC0323|10|EA|141800|KRW|141800|20191128|1300|
C|005186|2019|50005337350013|001|4300015367|00080|UAGC0566|100|EA|10300|KRW|103000|20191128|1300|
C|005186|2019|50005337360001|001|4300015359|00030|UDBC0997|100|EA|2600|KRW|2600|20191128|1300|
C|005186|2019|50005337360002|001|4300015359|00040|UDBC1016|100|EA|5800|KRW|5800|20191128|1300|
C|005186|2019|50005337360003|001|4300015359|00050|UDBC0982|100|EA|20000|KRW|20000|20191128|1300|
C|005186|2019|50005337360004|001|4300015364|00020|UEBC1249|5|EA|1900|KRW|9500|20191128|1300|
C|005186|2019|50005337360005|001|4300015364|00080|UEBC1033|12|EA|25050|KRW|300600|20191128|1300|
C|005186|2019|50005337360006|001|4300015364|00100|UDBC0524|50|EA|69500|KRW|69500|20191128|1300|
C|005186|2019|50005337360007|001|4300015366|00010|UGCC0527|1|EA|1945650|KRW|1945650|20191128|1300|
C|005186|2019|50005337360008|001|4300015370|00010|UIDC0045|100|EA|8800|KRW|880000|20191128|1300|
C|005186|2019|50005337360009|001|4300015371|00030|UDEC0077|1|EA|49670|KRW|49670|20191128|1300|
C|005186|2019|50005337360010|001|4300015371|00070|UDDC0046|5|EA|136000|KRW|136000|20191128|1300|
C|005186|2019|50005337370001|001|4300015360|00040|UGCC0894|400|EA|300000|KRW|1200000|20191128|1300|
C|005186|2019|50005337370002|001|4300015363|00010|UDAC0012|300|EA|300000|KRW|900000|20191128|1300|
C|005186|2019|50005337370003|001|4300015364|00040|UADC0040|30|EA|78800|KRW|236400|20191128|1300|
C|005186|2019|50005337370004|001|4300015365|00010|UEBC1295|20|EA|42250|KRW|169000|20191128|1300|
C|005186|2019|50005337370005|001|4300015365|00020|UEBC1262|20|EA|30687|KRW|613740|20191128|1300|
C|005186|2019|50005337370006|001|4300015365|00030|UEBC1326|20|EA|83750|KRW|335000|20191128|1300|
C|005186|2019|50005337370007|001|4300015367|00030|UADC0040|20|EA|78800|KRW|157600|20191128|1300|
C|005186|2019|50005337370008|001|4300015371|00050|UAGC0051|10|EA|19640|KRW|196400|20191128|1300|
C|005186|2019|50005337370009|001|4300015371|00060|UAGC0052|10|EA|25200|KRW|25200|20191128|1300|
