C|005186|2015|50001960750001|001|4300003673|00010|UJAC0072|2|EA|12600|KRW|25200|20151030|1300|
C|005186|2015|50001960750002|001|4300003673|00020|UJAC0073|2|EA|13130|KRW|26260|20151030|1300|
C|005186|2015|50001960750003|001|4300003675|00040|UAGC0448|1|EA|29470|KRW|29470|20151030|1300|
C|005186|2015|50001960750004|001|4300003675|00050|UAGC0463|1|EA|29500|KRW|29500|20151030|1300|
C|005186|2015|50001960750005|001|4300003676|00020|UIDC0087|1|EA|185260|KRW|185260|20151030|1300|
C|005186|2015|50001960750006|001|4300003676|00030|UJAC0099|2|EA|7060|KRW|14120|20151030|1300|
C|005186|2015|50001960750007|001|4300003676|00040|UJAC0100|2|EA|7560|KRW|15120|20151030|1300|
C|005186|2015|50001960760001|001|4300003670|00010|UAEC0191|1|EA|173250|KRW|173250|20151030|1300|
C|005186|2015|50001960760002|001|4300003670|00020|UAAC0022|1|EA|9970|KRW|9970|20151030|1300|
C|005186|2015|50001960760003|001|4300003670|00030|UZZC0081|3|EA|14180|KRW|42540|20151030|1300|
C|005186|2015|50001960760004|001|4300003670|00060|UAEC0082|1|EA|152640|KRW|152640|20151030|1300|
C|005186|2015|50001960770001|001|4300003771|00010|KH990100|4|EA|27220|KRW|108880|20151030|1300|
C|005186|2015|50001960770002|001|4300003771|00020|KH990101|6|EA|7250|KRW|43500|20151030|1300|
C|005186|2015|50001960770003|001|4300003771|00030|KP150400|100|EA|170|KRW|17000|20151030|1300|
C|005186|2015|50001960770004|001|4300003771|00140|KT020006|4|EA|6250|KRW|25000|20151030|1300|
C|005186|2015|50001960770005|001|4300003771|00150|KT020010|4|EA|10190|KRW|40760|20151030|1300|
C|005186|2015|50001960770006|001|4300003771|00160|KT020014|1|EA|14490|KRW|14490|20151030|1300|
C|005186|2015|50001960770007|001|4300003771|00170|KT020015|2|EA|15720|KRW|31440|20151030|1300|
C|005186|2015|50001960770008|001|4300003771|00180|KT020016|1|EA|18620|KRW|18620|20151030|1300|
C|005186|2015|50001960770009|001|4300003771|00190|KT020611|1|EA|28140|KRW|28140|20151030|1300|
C|005186|2015|50001960770010|001|4300003771|00200|KT020612|1|EA|44100|KRW|44100|20151030|1300|
C|005186|2015|50001960770011|001|4300003771|00240|KT990001|200|EA|510|KRW|102000|20151030|1300|
C|005186|2015|50001960770012|001|4300003771|00250|KT990010|200|EA|370|KRW|74000|20151030|1300|
C|005186|2015|50001960780001|001|4300003670|00040|UEBC0579|4|EA|2530|KRW|10120|20151030|1300|
C|005186|2015|50001960780002|001|4300003670|00050|UEBC0580|4|EA|4840|KRW|19360|20151030|1300|
C|005186|2015|50001960790001|001|4300003655|00010|UHNC0109|100|EA|650|KRW|65000|20151030|1300|
C|005186|2015|50001960790002|001|4300003655|00020|UHNC0110|100|EA|770|KRW|77000|20151030|1300|
C|005186|2015|50001960790003|001|4300003655|00030|UHGC0197|5|EA|36000|KRW|180000|20151030|1300|
C|005186|2015|50001960790004|001|4300003655|00040|UHGC0207|5|EA|90300|KRW|451500|20151030|1300|
C|005186|2015|50001960790005|001|4300003655|00050|UHTC0028|50|EA|3050|KRW|152500|20151030|1300|
C|005186|2015|50001960790006|001|4300003655|00060|UHCC0020|1|EA|400000|KRW|400000|20151030|1300|
C|005186|2015|50001960790007|001|4300003655|00070|UHGC0197|5|EA|36000|KRW|180000|20151030|1300|
C|005186|2015|50001960790008|001|4300003655|00080|UHGC0207|5|EA|90300|KRW|451500|20151030|1300|
C|005186|2015|50001960790009|001|4300003664|00010|UHHC0128|2|EA|220500|KRW|441000|20151030|1300|
C|005186|2015|50001960790010|001|4300003664|00020|UHTC0211|1|EA|522900|KRW|522900|20151030|1300|
C|005186|2015|50001960790011|001|4300003664|00030|UHFC0128|1|EA|525000|KRW|525000|20151030|1300|
C|005186|2015|50001960790012|001|4300003664|00040|UHFC0233|5|EA|11660|KRW|58300|20151030|1300|
C|005186|2015|50001960790013|001|4300003664|00050|UHFC0234|5|EA|12075|KRW|60375|20151030|1300|
C|005186|2015|50001960790014|001|4300003665|00010|UHGC0079|20|EA|99750|KRW|1995000|20151030|1300|
C|005186|2015|50001960790015|001|4300003666|00010|UHGC0129|1|EA|612680|KRW|612680|20151030|1300|
C|005186|2015|50001960790016|001|4300003666|00020|UHDC0066|10|EA|99750|KRW|997500|20151030|1300|
C|005186|2015|50001960790017|001|4300003667|00010|UHFC0336|2|EA|82950|KRW|165900|20151030|1300|
C|005186|2015|50001960790018|001|4300003667|00020|UHFC0394|10|EA|31050|KRW|310500|20151030|1300|
C|005186|2015|50001960790019|001|4300003667|00030|UHFC0175|10|EA|38730|KRW|387300|20151030|1300|
C|005186|2015|50001960790020|001|4300003667|00040|UHGC0134|1|EA|756000|KRW|756000|20151030|1300|
C|005186|2015|50001960790021|001|4300003667|00050|UHNC0012|1|EA|229950|KRW|229950|20151030|1300|
C|005186|2015|50001960800001|001|4300003661|00240|UCKC0035|1|EA|44520|KRW|44520|20151030|1300|
C|005186|2015|50001960810001|001|4300003672|00010|UBEC0003|3|EA|166430|KRW|499290|20151030|1300|
C|005186|2015|50001960820001|001|4300003673|00030|UDCC0020|2|EA|62580|KRW|125160|20151030|1300|
C|005186|2015|50001960820002|001|4300003673|00120|UGCC0766|1|EA|98400|KRW|98400|20151030|1300|
C|005186|2015|50001960820003|001|4300003673|00130|UGCC0357|3|EA|160650|KRW|481950|20151030|1300|
C|005186|2015|50001960820004|001|4300003674|00150|UGCC0164|5|EA|99750|KRW|498750|20151030|1300|
C|005186|2015|50001960820005|001|4300003675|00080|UGCC0361|2|EA|184280|KRW|368560|20151030|1300|
C|005186|2015|50001960820006|001|4300003675|00100|UDBC0257|50|EA|180|KRW|9000|20151030|1300|
C|005186|2015|50001960820007|001|4300003676|00010|UDDC0134|2|EA|10227|KRW|20454|20151030|1300|
C|005186|2015|50001960820008|001|4300003676|00060|UDEC0021|10|EA|5250|KRW|52500|20151030|1300|
C|005186|2015|50001960820009|001|4300003676|00070|UGBC1295|1|EA|121300|KRW|121300|20151030|1300|
C|005186|2015|50001960820010|001|4300003676|00100|UDDC0218|5|EA|26570|KRW|132850|20151030|1300|
C|005186|2015|50001960820011|001|4300003676|00110|UDDC0220|5|EA|53550|KRW|267750|20151030|1300|
C|005186|2015|50001960830001|001|4300003657|00060|UHTC0258|40|EA|810|KRW|32400|20151030|1300|
C|005186|2015|50001960830002|001|4300003657|00070|UHTC0257|40|EA|810|KRW|32400|20151030|1300|
C|005186|2015|50001960830003|001|4300003657|00100|UGAC0083|2|EA|33500|KRW|67000|20151030|1300|
C|005186|2015|50001960830004|001|4300003659|00010|UHHC0201|60|EA|31580|KRW|1894800|20151030|1300|
C|005186|2015|50001960830005|001|4300003661|00120|UHHC0041|4|EA|128520|KRW|514080|20151030|1300|
C|005186|2015|50001960840001|001|4300003663|00020|UGCC0972|50|EA|6400|KRW|320000|20151030|1300|
C|005186|2015|50001960840002|001|4300003663|00030|UGCC0914|50|EA|12700|KRW|635000|20151030|1300|
C|005186|2015|50001960850001|001|4300003656|00010|UGBC1359|1|EA|1230000|KRW|1230000|20151030|1300|
C|005186|2015|50001960850002|001|4300003656|00020|UGBC0512|1|EA|168000|KRW|168000|20151030|1300|
C|005186|2015|50001960850003|001|4300003656|00040|UGBC0716|10|EA|2730|KRW|27300|20151030|1300|
C|005186|2015|50001960850004|001|4300003670|00070|UGBC1268|1|EA|1050000|KRW|1050000|20151030|1300|
C|005186|2015|50001960850005|001|4300003671|00010|UGBC0625|2|EA|997500|KRW|1995000|20151030|1300|
C|005186|2015|50001960850006|001|4300003672|00020|UCIC0061|1|EA|337890|KRW|337890|20151030|1300|
