C|005186|2014|50000683520001|001|4300001288|00010|KE030011|7|EA|8190|KRW|57330|20140414|1300|
C|005186|2014|50000683520002|001|4300001288|00020|KE030110|1|EA|38540|KRW|38540|20140414|1300|
C|005186|2014|50000683520003|001|4300001288|00030|KE030205|7|EA|31290|KRW|219030|20140414|1300|
C|005186|2014|50000683520004|001|4300001288|00040|KE030206|3|EA|16380|KRW|49140|20140414|1300|
C|005186|2014|50000683520005|001|4300001288|00050|KE090101|3|EA|24680|KRW|74040|20140414|1300|
C|005186|2014|50000683520006|001|4300001288|00060|KE090112|3|EA|16800|KRW|50400|20140414|1300|
C|005186|2014|50000683520007|001|4300001288|00070|KE090165|2|EA|165900|KRW|331800|20140414|1300|
C|005186|2014|50000683520008|001|4300001288|00080|KE110100|10|EA|124000|KRW|1240000|20140414|1300|
C|005186|2014|50000683520009|001|4300001288|00090|KE180203|10|EA|13650|KRW|136500|20140414|1300|
C|005186|2014|50000683520010|001|4300001288|00100|KE200116|1|EA|130200|KRW|130200|20140414|1300|
C|005186|2014|50000683520011|001|4300001288|00110|KE230003|150|EA|1870|KRW|280500|20140414|1300|
C|005186|2014|50000683520012|001|4300001288|00120|KE231001|20|EA|16150|KRW|323000|20140414|1300|
C|005186|2014|50000683520013|001|4300001288|00130|KE270300|100|EA|470|KRW|47000|20140414|1300|
C|005186|2014|50000683520014|001|4300001288|00140|KE281401|10|EA|840|KRW|8400|20140414|1300|
C|005186|2014|50000683530001|001|4300001276|00420|UEBC0231|2|EA|336000|KRW|672000|20140414|1300|
C|005186|2014|50000683530002|001|4300001276|00430|UEBC0113|2|EA|16510|KRW|33020|20140414|1300|
C|005186|2014|50000683530003|001|4300001276|00440|UEBC0221|2|EA|78450|KRW|156900|20140414|1300|
C|005186|2014|50000683530004|001|4300001276|00470|UEBC0131|2|EA|98660|KRW|197320|20140414|1300|
C|005186|2014|50000683530005|001|4300001276|00480|UEBC0742|1|EA|111930|KRW|111930|20140414|1300|
C|005186|2014|50000683530006|001|4300001276|00490|UEBC0677|1|EA|60060|KRW|60060|20140414|1300|
C|005186|2014|50000683530007|001|4300001276|00510|UEBC0007|10|EA|58800|KRW|588000|20140414|1300|
C|005186|2014|50000683530008|001|4300001276|00520|UDAC0053|5|EA|196350|KRW|981750|20140414|1300|
C|005186|2014|50000683530009|001|4300001276|00530|UEBC0649|2|EA|124740|KRW|249480|20140414|1300|
C|005186|2014|50000683530010|001|4300001276|00540|UEBC0759|10|EA|2310|KRW|23100|20140414|1300|
C|005186|2014|50000683530011|001|4300001276|00550|UEBC0758|10|EA|4170|KRW|41700|20140414|1300|
C|005186|2014|50000683530012|001|4300001276|00610|UAHC0017|1|EA|332630|KRW|332630|20140414|1300|
C|005186|2014|50000683530013|001|4300001276|00620|UEBC0010|8|EA|89570|KRW|716560|20140414|1300|
C|005186|2014|50000683530014|001|4300001276|00630|UEBC0043|1|EA|112460|KRW|112460|20140414|1300|
C|005186|2014|50000683530015|001|4300001285|00060|UIDC0038|4|EA|21000|KRW|84000|20140414|1300|
C|005186|2014|50000683530016|001|4300001285|00070|UDDC0329|1|EA|18400|KRW|18400|20140414|1300|
C|005186|2014|50000683530017|001|4300001285|00080|UDDC0199|1|EA|354900|KRW|354900|20140414|1300|
C|005186|2014|50000683530018|001|4300001285|00090|UIDC0116|1|EA|29400|KRW|29400|20140414|1300|
C|005186|2014|50000683530019|001|4300001285|00100|UDEC0051|12|EA|7875|KRW|94500|20140414|1300|
C|005186|2014|50000683530020|001|4300001285|00140|UAEC0163|1|EA|33810|KRW|33810|20140414|1300|
C|005186|2014|50000683530021|001|4300001285|00150|UEBC0049|2|EA|266070|KRW|532140|20140414|1300|
C|005186|2014|50000683540001|001|4300001288|00180|KS061502|9|EA|2970|KRW|26730|20140414|1300|
C|005186|2014|50000683540002|001|4300001288|00190|KS061503|11|EA|3150|KRW|34650|20140414|1300|
C|005186|2014|50000683540003|001|4300001288|00200|KS061505|2|EA|6230|KRW|12460|20140414|1300|
C|005186|2014|50000683540004|001|4300001288|00210|KS061506|4|EA|7850|KRW|31400|20140414|1300|
C|005186|2014|50000683540005|001|4300001288|00220|KS061507|1|EA|8260|KRW|8260|20140414|1300|
C|005186|2014|50000683540006|001|4300001288|00230|KS061508|2|EA|10510|KRW|21020|20140414|1300|
C|005186|2014|50000683540007|001|4300001288|00240|KS066904|2|EA|2000|KRW|4000|20140414|1300|
C|005186|2014|50000683540008|001|4300001288|00250|KS066905|5|EA|2260|KRW|11300|20140414|1300|
C|005186|2014|50000683540009|001|4300001288|00260|KS067001|2|EA|1400|KRW|2800|20140414|1300|
C|005186|2014|50000683540010|001|4300001288|00270|KS067004|5|EA|2000|KRW|10000|20140414|1300|
C|005186|2014|50000683540011|001|4300001288|00280|KS067005|2|EA|2400|KRW|4800|20140414|1300|
C|005186|2014|50000683540012|001|4300001288|00290|KS067207|2|EA|5780|KRW|11560|20140414|1300|
C|005186|2014|50000683540013|001|4300001288|00300|KS080705|2|EA|18500|KRW|37000|20140414|1300|
C|005186|2014|50000683540014|001|4300001288|00310|KS080709|1|EA|24700|KRW|24700|20140414|1300|
C|005186|2014|50000683550001|001|4300001281|00010|UKBC0010|1|EA|91480|KRW|91480|20140414|1300|
C|005186|2014|50000683550002|001|4300001281|00020|UZZC0107|2|EA|35770|KRW|71540|20140414|1300|
C|005186|2014|50000683550003|001|4300001281|00040|UBBC0006|2|EA|103370|KRW|206740|20140414|1300|
C|005186|2014|50000683550004|001|4300001281|00060|UZZC0041|20|EA|2830|KRW|56600|20140414|1300|
C|005186|2014|50000683550005|001|4300001281|00070|UAGC0240|1|EA|149100|KRW|149100|20140414|1300|
C|005186|2014|50000683550006|001|4300001281|00080|UAEC0056|3|EA|9000|KRW|27000|20140414|1300|
C|005186|2014|50000683550007|001|4300001281|00100|UIEC0047|1|EA|108885|KRW|108885|20140414|1300|
C|005186|2014|50000683550008|001|4300001281|00110|UADC0078|2|EA|7670|KRW|15340|20140414|1300|
C|005186|2014|50000683560001|001|4300001281|00130|UAEC0366|1|EA|229400|KRW|229400|20140414|1300|
C|005186|2014|50000683560002|001|4300001285|00010|UKGC0016|5|EA|4740|KRW|23700|20140414|1300|
C|005186|2014|50000683560003|001|4300001285|00020|UKGC0015|20|EA|2840|KRW|56800|20140414|1300|
C|005186|2014|50000683570001|001|4300001281|00120|UEAC0094|1|EA|696200|KRW|696200|20140414|1300|
C|005186|2014|50000683570002|001|4300001281|00140|UDDC0347|5|EA|28000|KRW|140000|20140414|1300|
C|005186|2014|50000683570003|001|4300001281|00190|UDBC0811|20|EA|1600|KRW|32000|20140414|1300|
C|005186|2014|50000683570004|001|4300001281|00200|UDBC0035|20|EA|300|KRW|6000|20140414|1300|
C|005186|2014|50000683570005|001|4300001281|00210|UAHC0011|1|EA|72980|KRW|72980|20140414|1300|
C|005186|2014|50000683570006|001|4300001285|00040|UEBC0471|5|EA|10970|KRW|54850|20140414|1300|
C|005186|2014|50000683570007|001|4300001285|00050|UDBC0788|50|EA|230|KRW|11500|20140414|1300|
C|005186|2014|50000683570008|001|4300001285|00110|UADC0145|1|EA|70702|KRW|70702|20140414|1300|
C|005186|2014|50000683570009|001|4300001285|00120|UAEC0158|1|EA|391650|KRW|391650|20140414|1300|
C|005186|2014|50000683570010|001|4300001285|00130|UAGC0226|2|EA|26220|KRW|52440|20140414|1300|
