C|005186|2015|50001489540001|001|4300002646|00110|UDBC0043|200|EA|350|KRW|70000|20150430|1300|
C|005186|2015|50001489540002|001|4300002646|00120|UAEC0267|2|EA|6359|KRW|12718|20150430|1300|
C|005186|2015|50001489540003|001|4300002646|00130|UAEC0077|2|EA|8500|KRW|17000|20150430|1300|
C|005186|2015|50001489540004|001|4300002646|00140|UAEC0350|2|EA|6646|KRW|13292|20150430|1300|
C|005186|2015|50001489540005|001|4300002646|00150|UAEC0349|2|EA|6963|KRW|13926|20150430|1300|
C|005186|2015|50001489540006|001|4300002646|00160|UAEC0026|2|EA|10940|KRW|21880|20150430|1300|
C|005186|2015|50001489540007|001|4300002646|00170|UAEC0095|1|EA|22630|KRW|22630|20150430|1300|
C|005186|2015|50001489540008|001|4300002646|00180|UDBC0514|100|EA|600|KRW|60000|20150430|1300|
C|005186|2015|50001489540009|001|4300002647|00010|UDBC0345|300|EA|120|KRW|36000|20150430|1300|
C|005186|2015|50001489540010|001|4300002647|00020|UDBC0715|300|EA|48|KRW|14400|20150430|1300|
C|005186|2015|50001489550001|001|4300002609|00020|UGCC0630|1|EA|36750|KRW|36750|20150430|1300|
C|005186|2015|50001489550002|001|4300002647|00030|UFAC0003|2|EA|182000|KRW|364000|20150430|1300|
C|005186|2015|50001489550003|001|4300002647|00120|UKBC0010|1|EA|91480|KRW|91480|20150430|1300|
C|005186|2015|50001489550004|001|4300002647|00170|UKBC0010|2|EA|91480|KRW|182960|20150430|1300|
C|005186|2015|50001489550005|001|4300002649|00160|UDAC0266|100|EA|4840|KRW|484000|20150430|1300|
C|005186|2015|50001489550006|001|4300002649|00190|UCFC0004|1|EA|30310|KRW|30310|20150430|1300|
C|005186|2015|50001489550007|001|4300002649|00200|UAEC0366|1|EA|229400|KRW|229400|20150430|1300|
C|005186|2015|50001489550008|001|4300002651|00020|UAEC0354|1|EA|464300|KRW|464300|20150430|1300|
C|005186|2015|50001489550009|001|4300002651|00060|UABC0033|15|EA|10080|KRW|151200|20150430|1300|
