C|005186|2016|50002565020001|001|4300005191|00010|UHDC0141|100|EA|370|KRW|37000|20160531|1300|
C|005186|2016|50002565020002|001|4300005191|00020|UHDC0100|30|EA|2970|KRW|89100|20160531|1300|
C|005186|2016|50002565020003|001|4300005191|00030|UHDC0107|50|EA|2000|KRW|100000|20160531|1300|
C|005186|2016|50002565020004|001|4300005191|00040|UHFC0231|5|EA|2405|KRW|12025|20160531|1300|
C|005186|2016|50002565020005|001|4300005191|00050|UHTC0278|3|EA|8400|KRW|25200|20160531|1300|
C|005186|2016|50002565020006|001|4300005191|00060|UHTC0181|20|EA|950|KRW|19000|20160531|1300|
C|005186|2016|50002565020007|001|4300005191|00070|UHTC0123|20|EA|1050|KRW|21000|20160531|1300|
C|005186|2016|50002565020008|001|4300005191|00080|UFJC0009|10|EA|58940|KRW|589400|20160531|1300|
C|005186|2016|50002565020009|001|4300005191|00090|UFJC0010|5|EA|58940|KRW|294700|20160531|1300|
C|005186|2016|50002565020010|001|4300005191|00100|UHBC0020|1|EA|382000|KRW|382000|20160531|1300|
C|005186|2016|50002565020011|001|4300005191|00110|UHTC0121|10|EA|33600|KRW|336000|20160531|1300|
C|005186|2016|50002565020012|001|4300005192|00010|UHGC0197|10|EA|36000|KRW|360000|20160531|1300|
C|005186|2016|50002565020013|001|4300005192|00020|UHTC0726|10|EA|16850|KRW|168500|20160531|1300|
C|005186|2016|50002565020014|001|4300005192|00030|UHDC0235|10|EA|92500|KRW|925000|20160531|1300|
C|005186|2016|50002565020015|001|4300005193|00010|UHSC0008|1|EA|374000|KRW|374000|20160531|1300|
C|005186|2016|50002565020016|001|4300005193|00020|UHFC0150|10|EA|49600|KRW|496000|20160531|1300|
C|005186|2016|50002565030001|001|4300005194|00010|UFFC0048|8|EA|10550|KRW|84400|20160531|1300|
C|005186|2016|50002565030002|001|4300005194|00020|UAEC0442|1|EA|255460|KRW|255460|20160531|1300|
C|005186|2016|50002565040001|001|4300005143|00010|UCIC0082|3|EA|516600|KRW|1549800|20160531|1300|
C|005186|2016|50002565040002|001|4300005143|00030|UHFC0178|2|EA|122000|KRW|244000|20160531|1300|
