C|005186|2016|50002269740001|001|4300004416|00060|CMD0011|1|EA|24150|KRW|24150|20160215|1300|
C|005186|2016|50002269750001|001|4300004444|00010|UAGC0068|50|EA|860|KRW|43000|20160215|1300|
C|005186|2016|50002269750002|001|4300004444|00030|UGCC0653|10|EA|36610|KRW|366100|20160215|1300|
C|005186|2016|50002269750003|001|4300004444|00040|UAGC0392|20|EA|960|KRW|19200|20160215|1300|
C|005186|2016|50002269750004|001|4300004444|00050|UAGC0323|10|EA|14180|KRW|141800|20160215|1300|
C|005186|2016|50002269750005|001|4300004444|00060|UKEC0091|20|EA|1270|KRW|25400|20160215|1300|
C|005186|2016|50002269750006|001|4300004444|00070|UAAC0001|30|EA|1890|KRW|56700|20160215|1300|
C|005186|2016|50002269750007|001|4300004444|00080|UBBC0006|1|EA|103370|KRW|103370|20160215|1300|
C|005186|2016|50002269750008|001|4300004444|00090|UEBC0491|4|EA|4370|KRW|17480|20160215|1300|
C|005186|2016|50002269750009|001|4300004444|00100|UEBC1211|4|EA|5510|KRW|22040|20160215|1300|
C|005186|2016|50002269750010|001|4300004444|00110|UEBC0459|8|EA|2630|KRW|21040|20160215|1300|
C|005186|2016|50002269750011|001|4300004444|00120|UKBC0022|2|EA|27510|KRW|55020|20160215|1300|
C|005186|2016|50002269750012|001|4300004444|00130|UDBC0326|50|EA|345|KRW|17250|20160215|1300|
C|005186|2016|50002269750013|001|4300004444|00150|UKEC0091|20|EA|1270|KRW|25400|20160215|1300|
C|005186|2016|50002269750014|001|4300004444|00160|UIEC0035|5|EA|37800|KRW|189000|20160215|1300|
C|005186|2016|50002269750015|001|4300004444|00170|UAEC0095|2|EA|22630|KRW|45260|20160215|1300|
C|005186|2016|50002269750016|001|4300004444|00180|UAEC0069|2|EA|16310|KRW|32620|20160215|1300|
C|005186|2016|50002269750017|001|4300004444|00190|UHTC0486|1|EA|46410|KRW|46410|20160215|1300|
C|005186|2016|50002269750018|001|4300004444|00200|UAAC0010|1|EA|28320|KRW|28320|20160215|1300|
C|005186|2016|50002269750019|001|4300004444|00210|UDBC0064|100|EA|1270|KRW|127000|20160215|1300|
C|005186|2016|50002269750020|001|4300004444|00220|UDBC0838|100|EA|550|KRW|55000|20160215|1300|
C|005186|2016|50002269750021|001|4300004445|00010|UDBC0008|100|EA|8715|KRW|871500|20160215|1300|
C|005186|2016|50002269750022|001|4300004445|00030|UICC0032|1|EA|10290|KRW|10290|20160215|1300|
C|005186|2016|50002269750023|001|4300004445|00040|UDBC0147|1000|EA|27|KRW|27000|20160215|1300|
C|005186|2016|50002269750024|001|4300004445|00050|UZZC0128|2|EA|201000|KRW|402000|20160215|1300|
C|005186|2016|50002269750025|001|4300004446|00010|UDFC0015|10|EA|178080|KRW|1780800|20160215|1300|
C|005186|2016|50002269750026|001|4300004447|00020|UGBC0449|100|EA|1270|KRW|127000|20160215|1300|
C|005186|2016|50002269750027|001|4300004447|00030|UKBC0016|5|EA|10110|KRW|50550|20160215|1300|
C|005186|2016|50002269750028|001|4300004448|00010|UCAC0038|50|EA|11130|KRW|556500|20160215|1300|
C|005186|2016|50002269750029|001|4300004448|00030|UDAC0266|100|EA|4840|KRW|484000|20160215|1300|
C|005186|2016|50002269750030|001|4300004448|00040|UGBC1205|50|EA|840|KRW|42000|20160215|1300|
C|005186|2016|50002269750031|001|4300004452|00020|UJAC0130|2|EA|60640|KRW|121280|20160215|1300|
