C|005186|2016|50002839350001|001|4300005950|00010|UHGC0236|2|EA|932700|KRW|1865400|20160910|1300|
C|005186|2016|50002839350002|001|4300005950|00020|UHGC0237|1|EA|561000|KRW|561000|20160910|1300|
C|005186|2016|50002839350003|001|4300005954|00010|UHGC0208|3|EA|76650|KRW|229950|20160910|1300|
C|005186|2016|50002839350004|001|4300005954|00020|UHFC0399|1|EA|944000|KRW|944000|20160910|1300|
C|005186|2016|50002839350005|001|4300005954|00030|UHGC0143|1|EA|597900|KRW|597900|20160910|1300|
C|005186|2016|50002839350006|001|4300005954|00040|UHGC0213|5|EA|28004|KRW|140020|20160910|1300|
C|005186|2016|50002839350007|001|4300005955|00010|UHGC0212|5|EA|35000|KRW|175000|20160910|1300|
C|005186|2016|50002839350008|001|4300005955|00020|UHFC0336|2|EA|82950|KRW|165900|20160910|1300|
C|005186|2016|50002839350009|001|4300005955|00060|UHCC0010|1|EA|1007000|KRW|1007000|20160910|1300|
C|005186|2016|50002839350010|001|4300005964|00010|UHTC0327|20|EA|59325|KRW|1186500|20160910|1300|
C|005186|2016|50002839350011|001|4300005964|00020|UHGC0134|1|EA|756000|KRW|756000|20160910|1300|
C|005186|2016|50002839350012|001|4300005965|00010|UHNC0062|1|EA|1501500|KRW|1501500|20160910|1300|
C|005186|2016|50002839350013|001|4300005966|00020|UHCC0010|1|EA|1007000|KRW|1007000|20160910|1300|
C|005186|2016|50002839360001|001|4300005924|00100|UBCC0046|1|EA|442000|KRW|442000|20160910|1300|
C|005186|2016|50002839360002|001|4300005952|00010|UCIC0175|1|EA|661500|KRW|661500|20160910|1300|
C|005186|2016|50002839360003|001|4300005952|00020|UGBC1464|1|EA|954000|KRW|954000|20160910|1300|
C|005186|2016|50002839360004|001|4300005953|00010|UGBC1260|1|EA|458000|KRW|458000|20160910|1300|
C|005186|2016|50002839360005|001|4300005953|00020|UGBC1528|1|EA|1053000|KRW|1053000|20160910|1300|
C|005186|2016|50002839360006|001|4300005963|00030|UZZC0003|5|EA|27160|KRW|135800|20160910|1300|
C|005186|2016|50002839360007|001|4300005965|00020|UEAC0109|2|EA|143330|KRW|286660|20160910|1300|
C|005186|2016|50002839360008|001|4300005966|00010|UHTC0765|10|EA|34000|KRW|340000|20160910|1300|
