C|005186|2017|50003583860001|001|4300007999|00070|UDBC0649|100|EA|40|KRW|4000|20170726|1300|
C|005186|2017|50003583860002|001|4300007999|00080|UDBC0841|100|EA|48|KRW|4800|20170726|1300|
C|005186|2017|50003583860003|001|4300007999|00090|UDBC0660|50|EA|265|KRW|13250|20170726|1300|
C|005186|2017|50003583860004|001|4300008000|00010|UDBC0644|100|EA|32|KRW|3200|20170726|1300|
C|005186|2017|50003583860005|001|4300008000|00020|UDBC0645|100|EA|38|KRW|3800|20170726|1300|
C|005186|2017|50003583860006|001|4300008000|00030|UDBC0648|100|EA|40|KRW|4000|20170726|1300|
C|005186|2017|50003583860007|001|4300008000|00040|UDBC0655|100|EA|55|KRW|5500|20170726|1300|
C|005186|2017|50003583860008|001|4300008000|00050|UDBC0656|100|EA|60|KRW|6000|20170726|1300|
C|005186|2017|50003583860009|001|4300008000|00060|UDBC0657|50|EA|100|KRW|5000|20170726|1300|
C|005186|2017|50003583860010|001|4300008000|00070|UDBC0659|50|EA|108|KRW|5400|20170726|1300|
C|005186|2017|50003583860011|001|4300008000|00080|UDBC0661|50|EA|115|KRW|5750|20170726|1300|
C|005186|2017|50003583860012|001|4300008000|00090|UDBC0940|50|EA|155|KRW|7750|20170726|1300|
C|005186|2017|50003583860013|001|4300008000|00100|UDBC0827|100|EA|67|KRW|6700|20170726|1300|
C|005186|2017|50003583860014|001|4300008000|00110|UDBC0652|100|EA|130|KRW|13000|20170726|1300|
C|005186|2017|50003583860015|001|4300008000|00120|UDBC0654|100|EA|140|KRW|14000|20170726|1300|
C|005186|2017|50003583860016|001|4300008000|00130|UDBC0658|50|EA|280|KRW|14000|20170726|1300|
C|005186|2017|50003583860017|001|4300008000|00140|UDBC0646|100|EA|47|KRW|4700|20170726|1300|
C|005186|2017|50003583860018|001|4300008001|00020|UDBC0954|100|EA|48|KRW|4800|20170726|1300|
C|005186|2017|50003583860019|001|4300008001|00030|UDBC0933|100|EA|55|KRW|5500|20170726|1300|
C|005186|2017|50003583860020|001|4300008001|00040|UDBC0946|50|EA|153|KRW|7650|20170726|1300|
C|005186|2017|50003583860021|001|4300008001|00050|UEBC0759|10|EA|2310|KRW|23100|20170726|1300|
C|005186|2017|50003583860022|001|4300008001|00060|UEBC0076|10|EA|1890|KRW|18900|20170726|1300|
C|005186|2017|50003583860023|001|4300008001|00070|UEBC0078|10|EA|1910|KRW|19100|20170726|1300|
C|005186|2017|50003583860024|001|4300008001|00080|UEBC0080|10|EA|2770|KRW|27700|20170726|1300|
C|005186|2017|50003583860025|001|4300008001|00090|UEBC0749|10|EA|820|KRW|8200|20170726|1300|
C|005186|2017|50003583860026|001|4300008001|00100|UEBC1178|10|EA|1170|KRW|11700|20170726|1300|
C|005186|2017|50003583860027|001|4300008001|00110|UEBC1252|10|EA|3100|KRW|31000|20170726|1300|
C|005186|2017|50003583860028|001|4300008001|00120|UGBC0780|30|EA|570|KRW|17100|20170726|1300|
C|005186|2017|50003583860029|001|4300008001|00130|UDBC0651|100|EA|50|KRW|5000|20170726|1300|
C|005186|2017|50003583860030|001|4300008010|00010|UCKC0092|2|EA|183170|KRW|366340|20170726|1300|
C|005186|2017|50003583860031|001|4300008010|00040|UEBC1164|2|EA|215000|KRW|430000|20170726|1300|
C|005186|2017|50003583860032|001|4300008010|00050|UEBC1199|2|EA|67800|KRW|135600|20170726|1300|
C|005186|2017|50003583860033|001|4300008010|00060|UEBC0689|2|EA|47780|KRW|95560|20170726|1300|
C|005186|2017|50003583860034|001|4300008010|00070|UEBC1248|1|EA|26700|KRW|26700|20170726|1300|
C|005186|2017|50003583860035|001|4300008010|00080|UDBC0660|50|EA|265|KRW|13250|20170726|1300|
C|005186|2017|50003583860036|001|4300008010|00090|UAEC0105|2|EA|62740|KRW|125480|20170726|1300|
C|005186|2017|50003583860037|001|4300008012|00030|UEBC1120|2|EA|1960|KRW|3920|20170726|1300|
C|005186|2017|50003583860038|001|4300008012|00040|UEBC1114|2|EA|87980|KRW|175960|20170726|1300|
C|005186|2017|50003583860039|001|4300008012|00050|UDDC0348|10|EA|17160|KRW|171600|20170726|1300|
C|005186|2017|50003583860040|001|4300008012|00060|UDCC0021|5|EA|40220|KRW|201100|20170726|1300|
C|005186|2017|50003583860041|001|4300008012|00070|UEBC0954|1|EA|152250|KRW|152250|20170726|1300|
C|005186|2017|50003583860042|001|4300008018|00010|UEBC1265|5|EA|265000|KRW|1325000|20170726|1300|
C|005186|2017|50003583900001|001|4300007999|00010|UDBC0615|50|EA|30|KRW|1500|20170726|1300|
C|005186|2017|50003583900002|001|4300007999|00020|UDBC0548|30|EA|190|KRW|5700|20170726|1300|
C|005186|2017|50003583900003|001|4300007999|00030|UDBC0743|500|EA|10|KRW|5000|20170726|1300|
C|005186|2017|50003583900004|001|4300007999|00040|UDBC0713|100|EA|16|KRW|1600|20170726|1300|
C|005186|2017|50003583900005|001|4300007999|00050|UDBC0405|100|EA|27|KRW|2700|20170726|1300|
C|005186|2017|50003583900006|001|4300007999|00060|UDBC0223|100|EA|21|KRW|2100|20170726|1300|
C|005186|2017|50003583900007|001|4300008001|00010|UDBC0227|100|EA|21|KRW|2100|20170726|1300|
C|005186|2017|50003583900008|001|4300008004|00020|UDAC0266|200|EA|4840|KRW|968000|20170726|1300|
C|005186|2017|50003583900009|001|4300008004|00040|UDAC0266|100|EA|4840|KRW|484000|20170726|1300|
C|005186|2017|50003583900010|001|4300008005|00010|UDAC0269|50|EA|16110|KRW|805500|20170726|1300|
C|005186|2017|50003583900011|001|4300008007|00030|UJAC0146|1|EA|41300|KRW|41300|20170726|1300|
C|005186|2017|50003583900012|001|4300008007|00060|UGCC0614|5|EA|7350|KRW|36750|20170726|1300|
C|005186|2017|50003583900013|001|4300008007|00240|UAEC0362|5|EA|2205|KRW|11025|20170726|1300|
C|005186|2017|50003583900014|001|4300008010|00020|UDEC0032|1|EA|118970|KRW|118970|20170726|1300|
C|005186|2017|50003583900015|001|4300008012|00090|UDBC0176|200|EA|30|KRW|6000|20170726|1300|
C|005186|2017|50003583900016|001|4300008012|00100|UDBC0973|200|EA|15|KRW|3000|20170726|1300|
C|005186|2017|50003583900017|001|4300008013|00020|UDDC0050|5|EA|103782|KRW|518910|20170726|1300|
C|005186|2017|50003583910001|001|4300007927|00020|UHTC0654|5|EA|72000|KRW|360000|20170726|1300|
C|005186|2017|50003583910002|001|4300007929|00010|UHTC0695|40|EA|30500|KRW|1220000|20170726|1300|
C|005186|2017|50003583910003|001|4300007930|00010|UHTC0653|15|EA|77200|KRW|1158000|20170726|1300|
C|005186|2017|50003583910004|001|4300007991|00030|UHTC0694|5|EA|247000|KRW|1235000|20170726|1300|
C|005186|2017|50003583910005|001|4300008011|00030|UDDC0131|20|EA|24360|KRW|487200|20170726|1300|
C|005186|2017|50003583910006|001|4300008012|00010|UDEC0062|20|EA|44100|KRW|882000|20170726|1300|
C|005186|2017|50003583910007|001|4300008012|00020|UDDC0136|20|EA|13545|KRW|270900|20170726|1300|
C|005186|2017|50003583910008|001|4300008013|00010|UDEC0065|20|EA|63000|KRW|1260000|20170726|1300|
C|005186|2017|50003583920001|001|4300007849|00010|UALC0118|1500|EA|110|KRW|0|20170726|1300|
C|005186|2017|50003583940001|001|4300007857|00010|CMD0016|1|EA|29000|KRW|29000|20170726|1300|
C|005186|2017|50003583960001|001|4300008004|00010|UKBC0016|6|EA|10110|KRW|60660|20170726|1300|
C|005186|2017|50003583960002|001|4300008004|00070|UALC0074|40|EA|1370|KRW|54800|20170726|1300|
C|005186|2017|50003583960003|001|4300008004|00080|UAEC0061|2|EA|15260|KRW|30520|20170726|1300|
C|005186|2017|50003583960004|001|4300008005|00020|UKBC0016|1|EA|10110|KRW|10110|20170726|1300|
C|005186|2017|50003583960005|001|4300008005|00040|UAGC0033|3|EA|122100|KRW|366300|20170726|1300|
C|005186|2017|50003583960006|001|4300008005|00060|UGAC0057|3|EA|152250|KRW|456750|20170726|1300|
C|005186|2017|50003583960007|001|4300008006|00010|UAGC0456|1|EA|43500|KRW|43500|20170726|1300|
C|005186|2017|50003583960008|001|4300008006|00020|UGAC0053|1|EA|69880|KRW|69880|20170726|1300|
C|005186|2017|50003583960009|001|4300008007|00010|UHTC0486|2|EA|46410|KRW|92820|20170726|1300|
C|005186|2017|50003583960010|001|4300008007|00020|UAEC0362|5|EA|2205|KRW|11025|20170726|1300|
C|005186|2017|50003583960011|001|4300008007|00040|UGAC0053|1|EA|69880|KRW|69880|20170726|1300|
C|005186|2017|50003583960012|001|4300008007|00050|UAAC0032|5|EA|8798|KRW|43990|20170726|1300|
C|005186|2017|50003583960013|001|4300008007|00070|UAEC0026|1|EA|10940|KRW|10940|20170726|1300|
C|005186|2017|50003583960014|001|4300008007|00080|UAEC0027|1|EA|22580|KRW|22580|20170726|1300|
C|005186|2017|50003583960015|001|4300008007|00090|UAEC0079|1|EA|12075|KRW|12075|20170726|1300|
C|005186|2017|50003583960016|001|4300008007|00100|UAEC0093|1|EA|33260|KRW|33260|20170726|1300|
C|005186|2017|50003583960017|001|4300008007|00110|UAEC0094|1|EA|22630|KRW|22630|20170726|1300|
C|005186|2017|50003583960018|001|4300008007|00120|UAEC0349|1|EA|6963|KRW|6963|20170726|1300|
C|005186|2017|50003583960019|001|4300008007|00130|UAEC0346|1|EA|8630|KRW|8630|20170726|1300|
C|005186|2017|50003583960020|001|4300008007|00140|UAEC0025|1|EA|8900|KRW|8900|20170726|1300|
C|005186|2017|50003583960021|001|4300008007|00150|UAKC0022|1|EA|10210|KRW|10210|20170726|1300|
C|005186|2017|50003583960022|001|4300008007|00160|UAKC0026|1|EA|7580|KRW|7580|20170726|1300|
C|005186|2017|50003583960023|001|4300008007|00170|UAEC0120|1|EA|58280|KRW|58280|20170726|1300|
C|005186|2017|50003583960024|001|4300008007|00180|UICC0038|1|EA|4520|KRW|4520|20170726|1300|
C|005186|2017|50003583960025|001|4300008007|00190|UABC0025|1|EA|44740|KRW|44740|20170726|1300|
C|005186|2017|50003583960026|001|4300008007|00200|UAEC0058|1|EA|12350|KRW|12350|20170726|1300|
C|005186|2017|50003583960027|001|4300008007|00210|UAEC0038|1|EA|4520|KRW|4520|20170726|1300|
C|005186|2017|50003583960028|001|4300008007|00220|UAEC0037|1|EA|4520|KRW|4520|20170726|1300|
C|005186|2017|50003583960029|001|4300008007|00230|UAEC0041|1|EA|22110|KRW|22110|20170726|1300|
C|005186|2017|50003583960030|001|4300008007|00250|UAEC0167|4|EA|1260|KRW|5040|20170726|1300|
C|005186|2017|50003583960031|001|4300008012|00080|UABC0029|2|EA|34650|KRW|69300|20170726|1300|
C|005186|2017|50003583960032|001|4300008014|00010|UGBC0899|10|EA|99750|KRW|997500|20170726|1300|
C|005186|2017|50003583960033|001|4300008015|00010|UGBC0893|10|EA|115500|KRW|1155000|20170726|1300|
C|005186|2017|50003583960034|001|4300008016|00010|UGCC0166|10|EA|135450|KRW|1354500|20170726|1300|
C|005186|2017|50003583960035|001|4300008017|00010|UGCC0168|10|EA|135450|KRW|1354500|20170726|1300|
C|005186|2017|50003583960036|001|4300008019|00010|UIDC0004|4|EA|424200|KRW|1696800|20170726|1300|
C|005186|2017|50003583960037|001|4300008020|00010|UGCC1004|1|EA|305000|KRW|305000|20170726|1300|
C|005186|2017|50003583960038|001|4300008020|00020|UHTC0824|3|EA|32000|KRW|96000|20170726|1300|
C|005186|2017|50003583960039|001|4300008022|00010|UAGC0502|2|EA|28830|KRW|57660|20170726|1300|
C|005186|2017|50003583960040|001|4300008022|00030|UHHC0146|1|EA|131250|KRW|131250|20170726|1300|
C|005186|2017|50003583960041|001|4300008023|00010|UICC0025|1|EA|16420|KRW|16420|20170726|1300|
C|005186|2017|50003583960042|001|4300008034|00150|UDBC0989|100|EA|4750|KRW|475000|20170726|1300|
C|005186|2017|50003583960043|001|4300008037|00030|UGCC1239|2|EA|85800|KRW|171600|20170726|1300|
C|005186|2017|50003583970001|001|4300007995|00010|UHHC0036|1|EA|517860|KRW|517860|20170726|1300|
C|005186|2017|50003583970002|001|4300007995|00020|UHHC0094|1|EA|479850|KRW|479850|20170726|1300|
C|005186|2017|50003583970003|001|4300007995|00030|UHNC0134|1|EA|812640|KRW|812640|20170726|1300|
C|005186|2017|50003583970004|001|4300007996|00010|UHTC0800|5|EA|159000|KRW|795000|20170726|1300|
C|005186|2017|50003583970005|001|4300007996|00020|UHBC0022|2|EA|430360|KRW|860720|20170726|1300|
C|005186|2017|50003583970006|001|4300007997|00010|UHTC0249|2|EA|337050|KRW|674100|20170726|1300|
C|005186|2017|50003583970007|001|4300007997|00020|UHCC0016|1|EA|958650|KRW|958650|20170726|1300|
C|005186|2017|50003583980001|001|4300007958|00060|UABC0050|100|EA|2960|KRW|296000|20170726|1300|
C|005186|2017|50003583980002|001|4300008010|00030|UGBC1519|2|EA|242200|KRW|484400|20170726|1300|
C|005186|2017|50003583980003|001|4300008032|00020|UJCC0043|10000|EA|42|KRW|420000|20170726|1300|
C|005186|2017|50003583980004|001|4300008036|00030|UGCC1229|5|EA|55700|KRW|278500|20170726|1300|
C|005186|2017|50003583980005|001|4300008036|00040|UGCC1230|1|EA|145000|KRW|145000|20170726|1300|
C|005186|2017|50003583980006|001|4300008036|00050|UGCC1236|2|EA|55700|KRW|111400|20170726|1300|
C|005186|2017|50003583980007|001|4300008036|00060|UGBC1636|2|EA|311600|KRW|623200|20170726|1300|
C|005186|2017|50003583990001|001|4300008004|00050|UJAC0114|4|EA|42420|KRW|169680|20170726|1300|
C|005186|2017|50003583990002|001|4300008004|00060|UJAC0115|4|EA|47780|KRW|191120|20170726|1300|
C|005186|2017|50003583990003|001|4300008023|00020|UJAC0118|3|EA|6300|KRW|18900|20170726|1300|
C|005186|2017|50003583990004|001|4300008032|00010|UAGC0052|10|EA|2520|KRW|25200|20170726|1300|
C|005186|2017|50003583990005|001|4300008032|00040|UZZC0128|2|EA|201000|KRW|402000|20170726|1300|
C|005186|2017|50003583990006|001|4300008032|00050|UAIC0008|2|EA|88940|KRW|177880|20170726|1300|
C|005186|2017|50003583990007|001|4300008032|00060|UKEC0091|20|EA|1270|KRW|25400|20170726|1300|
C|005186|2017|50003583990008|001|4300008032|00070|UAAC0029|20|EA|1890|KRW|37800|20170726|1300|
C|005186|2017|50003583990009|001|4300008032|00080|UAGC0323|20|EA|14180|KRW|283600|20170726|1300|
C|005186|2017|50003583990010|001|4300008032|00160|UKEC0091|50|EA|1270|KRW|63500|20170726|1300|
C|005186|2017|50003583990011|001|4300008032|00170|UAEC0139|1|EA|11150|KRW|11150|20170726|1300|
C|005186|2017|50003583990012|001|4300008034|00010|UAEC0058|10|EA|12350|KRW|123500|20170726|1300|
C|005186|2017|50003583990013|001|4300008034|00020|UAEC0079|2|EA|12075|KRW|24150|20170726|1300|
C|005186|2017|50003583990014|001|4300008034|00030|UAIC0002|5|EA|3680|KRW|18400|20170726|1300|
C|005186|2017|50003583990015|001|4300008034|00040|UAEC0198|1|EA|7270|KRW|7270|20170726|1300|
C|005186|2017|50003583990016|001|4300008034|00050|UAEC0197|1|EA|7270|KRW|7270|20170726|1300|
C|005186|2017|50003583990017|001|4300008034|00060|UAEC0114|1|EA|12290|KRW|12290|20170726|1300|
C|005186|2017|50003583990018|001|4300008034|00070|UAEC0056|1|EA|9000|KRW|9000|20170726|1300|
C|005186|2017|50003583990019|001|4300008034|00080|UAEC0014|1|EA|9000|KRW|9000|20170726|1300|
C|005186|2017|50003583990020|001|4300008034|00090|UAKC0011|1|EA|4730|KRW|4730|20170726|1300|
C|005186|2017|50003583990021|001|4300008034|00100|UADC0078|1|EA|7670|KRW|7670|20170726|1300|
C|005186|2017|50003583990022|001|4300008034|00110|UABC0020|1|EA|12180|KRW|12180|20170726|1300|
C|005186|2017|50003583990023|001|4300008034|00120|UHHC0140|1|EA|81690|KRW|81690|20170726|1300|
C|005186|2017|50003583990024|001|4300008034|00130|UAEC0185|2|EA|89360|KRW|178720|20170726|1300|
C|005186|2017|50003583990025|001|4300008034|00160|UAEC0452|30|EA|1680|KRW|50400|20170726|1300|
C|005186|2017|50003583990026|001|4300008034|00170|UIEC0035|10|EA|37800|KRW|378000|20170726|1300|
C|005186|2017|50003583990027|001|4300008036|00010|UCHC0031|1|EA|295120|KRW|295120|20170726|1300|
C|005186|2017|50003583990028|001|4300008036|00020|UCHC0032|1|EA|373000|KRW|373000|20170726|1300|
C|005186|2017|50003583990029|001|4300008037|00020|UDAC0377|1|EA|8480|KRW|8480|20170726|1300|
C|005186|2017|50003584100001|001|4300008060|00100|CMF0005|3|EA|18700|KRW|56100|20170726|1300|
C|005186|2017|50003584100002|001|4300008062|00180|CMF0005|10|EA|18700|KRW|187000|20170726|1300|
C|005186|2017|50003584100003|001|4300008064|00160|CMF0005|2|EA|18700|KRW|37400|20170726|1300|
C|005186|2017|50003584100004|001|4300008066|00090|CMF0005|8|EA|18700|KRW|149600|20170726|1300|
C|005186|2017|50003584100005|001|4300008067|00140|CMF0005|2|EA|18700|KRW|37400|20170726|1300|
C|005186|2017|50003584100006|001|4300008068|00130|CMF0005|10|EA|18700|KRW|187000|20170726|1300|
C|005186|2017|50003584100007|001|4300008069|00090|CMF0005|2|EA|18700|KRW|37400|20170726|1300|
C|005186|2017|50003584100008|001|4300008070|00120|CMF0005|4|EA|18700|KRW|74800|20170726|1300|
C|005186|2017|50003584100009|001|4300008071|00070|CMF0005|6|EA|18700|KRW|112200|20170726|1300|
C|005186|2017|50003584100010|001|4300008075|00060|CMF0005|3|EA|18700|KRW|56100|20170726|1300|
C|005186|2017|50003584100011|001|4300008078|00070|CMF0005|3|EA|18700|KRW|56100|20170726|1300|
