C|005186|2014|50001135310001|001|4300001877|00010|KE030011|4|EA|8190|KRW|32760|20141128|1300|
C|005186|2014|50001135310002|001|4300001877|00020|KE030116|1|EA|157500|KRW|157500|20141128|1300|
C|005186|2014|50001135310003|001|4300001877|00030|KE030123|2|EA|31500|KRW|63000|20141128|1300|
C|005186|2014|50001135310004|001|4300001877|00040|KE050003|10|EA|1400|KRW|14000|20141128|1300|
C|005186|2014|50001135310005|001|4300001877|00050|KE050201|2|EA|8460|KRW|16920|20141128|1300|
C|005186|2014|50001135310006|001|4300001877|00060|KE050207|2|EA|6930|KRW|13860|20141128|1300|
C|005186|2014|50001135310007|001|4300001877|00070|KE050302|10|EA|1160|KRW|11600|20141128|1300|
C|005186|2014|50001135310008|001|4300001877|00080|KE050801|18|EA|1900|KRW|34200|20141128|1300|
C|005186|2014|50001135310009|001|4300001877|00090|KE090112|4|EA|16800|KRW|67200|20141128|1300|
C|005186|2014|50001135310010|001|4300001877|00100|KE090116|3|EA|28040|KRW|84120|20141128|1300|
C|005186|2014|50001135310011|001|4300001877|00110|KE090127|1|EA|34000|KRW|34000|20141128|1300|
C|005186|2014|50001135310012|001|4300001877|00120|KE090163|1|EA|41480|KRW|41480|20141128|1300|
C|005186|2014|50001135310013|001|4300001877|00130|KE110200|10|EA|65100|KRW|651000|20141128|1300|
C|005186|2014|50001135310014|001|4300001877|00140|KE190003|7|EA|29300|KRW|205100|20141128|1300|
C|005186|2014|50001135310015|001|4300001877|00150|KE210006|2|EA|53030|KRW|106060|20141128|1300|
C|005186|2014|50001135310016|001|4300001877|00160|KE230003|195|EA|1870|KRW|364650|20141128|1300|
C|005186|2014|50001135310017|001|4300001877|00170|KE231001|21|EA|16150|KRW|339150|20141128|1300|
C|005186|2014|50001135310018|001|4300001877|00180|KE270300|80|EA|470|KRW|37600|20141128|1300|
C|005186|2014|50001135310019|001|4300001877|00190|KE281401|24|EA|840|KRW|20160|20141128|1300|
C|005186|2014|50001135310020|001|4300001877|00510|UCKC0037|80|EA|14050|KRW|1124000|20141128|1300|
C|005186|2014|50001135310021|001|4300001877|00680|UHGC0134|2|EA|756000|KRW|1512000|20141128|1300|
C|005186|2014|50001135310022|001|4300001877|00690|UHFC0370|1|EA|16317|KRW|16317|20141128|1300|
C|005186|2014|50001135310023|001|4300001877|00700|UHFC0371|1|EA|19474|KRW|19474|20141128|1300|
C|005186|2014|50001135310024|001|4300001877|00710|UHGC0016|2|EA|499800|KRW|999600|20141128|1300|
C|005186|2014|50001135310025|001|4300001877|00720|UHFC0394|10|EA|31050|KRW|310500|20141128|1300|
C|005186|2014|50001135310026|001|4300001877|00730|UHFC0175|5|EA|38730|KRW|193650|20141128|1300|
C|005186|2014|50001135310027|001|4300001877|00740|UHGC0009|3|EA|66150|KRW|198450|20141128|1300|
C|005186|2014|50001135310028|001|4300001877|00750|UHGC0010|5|EA|50520|KRW|252600|20141128|1300|
C|005186|2014|50001135310029|001|4300001877|00760|UHGC0115|3|EA|28320|KRW|84960|20141128|1300|
C|005186|2014|50001135310030|001|4300001877|01040|UHGC0024|3|EA|76100|KRW|228300|20141128|1300|
C|005186|2014|50001135310031|001|4300001877|01050|UHNC0113|1|EA|772800|KRW|772800|20141128|1300|
C|005186|2014|50001135310032|001|4300001878|00070|KE050304|10|EA|2600|KRW|26000|20141128|1300|
C|005186|2014|50001135310033|001|4300001878|00080|UFHC0005|5|EA|27825|KRW|139125|20141128|1300|
C|005186|2014|50001135310034|001|4300001878|00090|UHGC0129|1|EA|612680|KRW|612680|20141128|1300|
C|005186|2014|50001135310035|001|4300001878|00100|UHHC0040|300|M|2436|KRW|730800|20141128|1300|
C|005186|2014|50001135310036|001|4300001878|00110|UHTC0349|10|EA|50190|KRW|501900|20141128|1300|
C|005186|2014|50001135310037|001|4300001878|00150|UHFC0276|1|EA|452000|KRW|452000|20141128|1300|
C|005186|2014|50001135310038|001|4300001878|00160|UHTC0037|2|EA|130200|KRW|260400|20141128|1300|
C|005186|2014|50001135310039|001|4300001878|00390|UHFC0032|1|EA|998550|KRW|998550|20141128|1300|
C|005186|2014|50001135310040|001|4300001878|00400|UHCC0018|1|EA|922100|KRW|922100|20141128|1300|
