C|005186|2019|50004890810001|001|4300013280|00070|UDCC0040|1|EA|239470|KRW|239470|20190426|1300|
C|005186|2019|50004890810002|001|4300013284|00040|UDDC0344|1|EA|382100|KRW|382100|20190426|1300|
C|005186|2019|50004890810003|001|4300013344|00010|UDAC0012|400|EA|300000|KRW|1200000|20190426|1300|
C|005186|2019|50004890820001|001|4300013186|00010|UHTC0571|3|EA|284240|KRW|852720|20190426|1300|
C|005186|2019|50004890830001|001|4300013347|00010|UDBC0608|200|EA|27000|KRW|54000|20190426|1300|
C|005186|2019|50004890830002|001|4300013384|00010|UAGC0492|3|EA|18020|KRW|54060|20190426|1300|
C|005186|2019|50004890830003|001|4300013384|00020|UAGC0003|20|EA|18200|KRW|36400|20190426|1300|
C|005186|2019|50004890830004|001|4300013384|00030|UZZC0014|10|EA|4730|KRW|4730|20190426|1300|
C|005186|2019|50004890830005|001|4300013390|00010|UGCC1036|2|EA|74200|KRW|148400|20190426|1300|
C|005186|2019|50004890830006|001|4300013415|00090|UEBC0482|4|EA|3080|KRW|12320|20190426|1300|
C|005186|2019|50004890830007|001|4300013418|00010|UHTC0080|4|EA|182950|KRW|731800|20190426|1300|
C|005186|2019|50004890830008|001|4300013419|00010|UJCC0066|500|EA|42000|KRW|210000|20190426|1300|
C|005186|2019|50004890830009|001|4300013420|00010|UAAC0036|4|EA|25300|KRW|101200|20190426|1300|
C|005186|2019|50004890830010|001|4300013420|00020|UDAC0421|50|EA|399000|KRW|399000|20190426|1300|
C|005186|2019|50004890830011|001|4300013422|00050|UDBC0897|500|EA|13000|KRW|65000|20190426|1300|
C|005186|2019|50004890830012|001|4300013422|00080|UAGC0462|2|EA|22300|KRW|44600|20190426|1300|
C|005186|2019|50004890830013|001|4300013422|00090|UAGC0395|2|EA|22150|KRW|44300|20190426|1300|
C|005186|2019|50004890830014|001|4300013423|00020|UDBC0839|20|EA|1260|KRW|25200|20190426|1300|
C|005186|2019|50004890830015|001|4300013423|00070|UGCC0568|2|EA|29000|KRW|58000|20190426|1300|
C|005186|2019|50004890830016|001|4300013423|00080|UGCC0570|2|EA|42400|KRW|84800|20190426|1300|
C|005186|2019|50004890840001|001|4300013415|00030|UAEC0249|30|EA|3450|KRW|103500|20190426|1300|
C|005186|2019|50004890840002|001|4300013415|00060|UAKC0021|10|EA|10200|KRW|102000|20190426|1300|
C|005186|2019|50004890840003|001|4300013415|00110|UGCC0614|1|EA|7350|KRW|7350|20190426|1300|
C|005186|2019|50004890840004|001|4300013415|00120|UAEC0025|2|EA|8900|KRW|17800|20190426|1300|
C|005186|2019|50004890840005|001|4300013415|00130|UAEC0026|2|EA|10940|KRW|21880|20190426|1300|
C|005186|2019|50004890840006|001|4300013415|00140|UAEC0453|2|EA|39900|KRW|79800|20190426|1300|
C|005186|2019|50004890840007|001|4300013415|00150|UAEC0431|2|EA|10460|KRW|10460|20190426|1300|
C|005186|2019|50004890840008|001|4300013415|00160|UADC0106|5|EA|2310|KRW|11550|20190426|1300|
C|005186|2019|50004890840009|001|4300013416|00030|UGCC0653|1|EA|36610|KRW|36610|20190426|1300|
C|005186|2019|50004890840010|001|4300013416|00040|UAEC0056|2|EA|9000|KRW|18000|20190426|1300|
C|005186|2019|50004890840011|001|4300013416|00060|UAEC0095|1|EA|22630|KRW|22630|20190426|1300|
C|005186|2019|50004890840012|001|4300013417|00030|UGCC0830|1|EA|93500|KRW|93500|20190426|1300|
C|005186|2019|50004890840013|001|4300013419|00020|UZZC0188|100|EA|4200|KRW|42000|20190426|1300|
C|005186|2019|50004890840014|001|4300013420|00030|UGCC1537|3|EA|236250|KRW|708750|20190426|1300|
C|005186|2019|50004890840015|001|4300013420|00040|UGCC1539|2|EA|63100|KRW|126200|20190426|1300|
C|005186|2019|50004890840016|001|4300013420|00050|UGCC1540|2|EA|28350|KRW|56700|20190426|1300|
C|005186|2019|50004890850001|001|4300013385|00030|UAGC0002|40|EA|15200|KRW|60800|20190426|1300|
C|005186|2019|50004890850002|001|4300013385|00040|UAGC0193|50|EA|162750|KRW|162750|20190426|1300|
C|005186|2019|50004890850003|001|4300013385|00050|UDFC0175|2|EA|35830|KRW|71660|20190426|1300|
C|005186|2019|50004890850004|001|4300013385|00060|UAEC0136|2|EA|25200|KRW|50400|20190426|1300|
C|005186|2019|50004890850005|001|4300013385|00070|UAEC0455|4|EA|29715|KRW|118860|20190426|1300|
C|005186|2019|50004890850006|001|4300013385|00080|UGBC1380|2|EA|72500|KRW|145000|20190426|1300|
C|005186|2019|50004890860001|001|4300013388|00030|UEBC0105|10|EA|14100|KRW|28200|20190426|1300|
C|005186|2019|50004890860002|001|4300013388|00040|UEBC0119|10|EA|21900|KRW|21900|20190426|1300|
C|005186|2019|50004890860003|001|4300013388|00050|UEBC0125|5|EA|36550|KRW|36550|20190426|1300|
C|005186|2019|50004890860004|001|4300013388|00060|UEBC0139|5|EA|56050|KRW|56050|20190426|1300|
C|005186|2019|50004890860005|001|4300013388|00070|UEBC1201|5|EA|30500|KRW|152500|20190426|1300|
C|005186|2019|50004890860006|001|4300013406|00010|KS080711|5|EA|32300|KRW|161500|20190426|1300|
C|005186|2019|50004890860007|001|4300013415|00040|UEBC0073|20|EA|315800|KRW|315800|20190426|1300|
C|005186|2019|50004890860008|001|4300013415|00050|UEBC0074|20|EA|147400|KRW|147400|20190426|1300|
C|005186|2019|50004890860009|001|4300013417|00040|UAJC0026|20|EA|42000|KRW|84000|20190426|1300|
C|005186|2019|50004890860010|001|4300013422|00010|UEBC0630|4|EA|58520|KRW|117040|20190426|1300|
C|005186|2019|50004890860011|001|4300013422|00020|UAGC0193|100|EA|162750|KRW|325500|20190426|1300|
C|005186|2019|50004890860012|001|4300013422|00030|UEBC1395|2|EA|13400|KRW|26800|20190426|1300|
C|005186|2019|50004890860013|001|4300013422|00040|UEBC0139|5|EA|56050|KRW|56050|20190426|1300|
C|005186|2019|50004890860014|001|4300013422|00060|UEBC0304|2|EA|8670|KRW|17340|20190426|1300|
C|005186|2019|50004890860015|001|4300013423|00030|UEBC0354|4|EA|40500|KRW|162000|20190426|1300|
C|005186|2019|50004890860016|001|4300013423|00050|UEBC0810|20|EA|42150|KRW|168600|20190426|1300|
C|005186|2019|50004890870001|001|4300013387|00010|UDFC0122|15|EA|656500|KRW|1969500|20190426|1300|
C|005186|2019|50004890870002|001|4300013412|00010|UGCC0631|1|EA|71930|KRW|71930|20190426|1300|
C|005186|2019|50004890870003|001|4300013415|00080|UICC0032|1|EA|10290|KRW|10290|20190426|1300|
C|005186|2019|50004890870004|001|4300013417|00010|UAGC0471|20|EA|682500|KRW|1365000|20190426|1300|
C|005186|2019|50004890880001|001|4300013236|00050|UCAC0044|1|EA|252000|KRW|252000|20190426|1300|
C|005186|2019|50004890880002|001|4300013239|00020|UCIC0204|1|EA|424000|KRW|424000|20190426|1300|
C|005186|2019|50004890880003|001|4300013285|00020|UGBC1169|20|EA|105000|KRW|210000|20190426|1300|
C|005186|2019|50004890880004|001|4300013293|00040|UCIC0107|1|EA|336000|KRW|336000|20190426|1300|
C|005186|2019|50004890880005|001|4300013293|00050|UGBC0545|5|EA|252000|KRW|252000|20190426|1300|
C|005186|2019|50004890880006|001|4300013386|00010|UGBC0525|5|EA|57750|KRW|288750|20190426|1300|
C|005186|2019|50004890880007|001|4300013386|00020|UGBC0527|5|EA|367500|KRW|367500|20190426|1300|
C|005186|2019|50004890880008|001|4300013386|00030|UGBC1065|5|EA|325500|KRW|325500|20190426|1300|
C|005186|2019|50004890880009|001|4300013386|00040|UGBC1074|5|EA|383250|KRW|383250|20190426|1300|
C|005186|2019|50004890880010|001|4300013386|00050|UGBC1492|5|EA|424000|KRW|424000|20190426|1300|
C|005186|2019|50004890880011|001|4300013386|00060|UGBC0634|10|EA|84000|KRW|84000|20190426|1300|
C|005186|2019|50004890880012|001|4300013386|00070|UGBC0597|20|EA|25200|KRW|25200|20190426|1300|
C|005186|2019|50004890880013|001|4300013386|00080|UGBC0599|20|EA|46200|KRW|46200|20190426|1300|
C|005186|2019|50004890890001|001|4300013332|00010|UHGC0254|1|EA|800000|KRW|800000|20190426|1300|
C|005186|2019|50004890890002|001|4300013332|00020|UHGC0246|5|EA|109500|KRW|109500|20190426|1300|
C|005186|2019|50004890890003|001|4300013332|00030|UHDC0188|100|EA|26500|KRW|26500|20190426|1300|
C|005186|2019|50004890890004|001|4300013332|00040|UHDC0189|100|EA|26500|KRW|26500|20190426|1300|
C|005186|2019|50004890890005|001|4300013332|00050|UHFC0139|1|EA|198000|KRW|198000|20190426|1300|
C|005186|2019|50004890890006|001|4300013332|00060|UHFC0231|5|EA|2405|KRW|12025|20190426|1300|
C|005186|2019|50004890890007|001|4300013332|00070|UHGC0294|5|EA|96460|KRW|482300|20190426|1300|
C|005186|2019|50004890890008|001|4300013333|00010|UHDC0254|2|EA|114480|KRW|228960|20190426|1300|
C|005186|2019|50004890890009|001|4300013333|00020|UHCC0024|2|EA|493680|KRW|987360|20190426|1300|
C|005186|2019|50004890890010|001|4300013333|00030|UHFC0100|20|EA|135000|KRW|270000|20190426|1300|
C|005186|2019|50004890890011|001|4300013333|00040|UHFC0066|20|EA|50000|KRW|50000|20190426|1300|
C|005186|2019|50004890890012|001|4300013388|00010|UHFC0127|2|EA|33400|KRW|66800|20190426|1300|
C|005186|2019|50004890890013|001|4300013388|00020|UHNC0136|1|EA|947380|KRW|947380|20190426|1300|
C|005186|2019|50004890890014|001|4300013408|00010|UHTC0825|2|EA|72000|KRW|144000|20190426|1300|
C|005186|2019|50004890890015|001|4300013408|00020|UHTC0053|5|EA|378000|KRW|378000|20190426|1300|
C|005186|2019|50004890890016|001|4300013408|00030|UHNC0143|1|EA|394320|KRW|394320|20190426|1300|
C|005186|2019|50004890890017|001|4300013409|00010|UHDC0043|1|EA|1982000|KRW|1982000|20190426|1300|
C|005186|2019|50004890890018|001|4300013410|00010|UHHC0073|200|M|1428000|KRW|1428000|20190426|1300|
C|005186|2019|50004890890019|001|4300013411|00010|UGAC0067|10|EA|207850|KRW|415700|20190426|1300|
C|005186|2019|50004890890020|001|4300013411|00020|UGAC0006|20|EA|600600|KRW|600600|20190426|1300|
C|005186|2019|50004890890021|001|4300013411|00030|UHOC0003|3|EA|310800|KRW|932400|20190426|1300|
C|005186|2019|50004890890022|001|4300013412|00020|UHGC0073|10|EA|49700|KRW|497000|20190426|1300|
C|005186|2019|50004890890023|001|4300013412|00030|UHHC0082|1|EA|955500|KRW|955500|20190426|1300|
C|005186|2019|50004890890024|001|4300013413|00010|UHHC0042|1|EA|655200|KRW|655200|20190426|1300|
C|005186|2019|50004890900001|001|4300013334|00060|UALC0075|3000|EA|45000|KRW|135000|20190426|1300|
C|005186|2019|50004890900002|001|4300013334|00070|UCKC0035|15|EA|222600|KRW|667800|20190426|1300|
C|005186|2019|50004890900003|001|4300013334|00080|UJCC0048|20|EA|8200|KRW|16400|20190426|1300|
C|005186|2019|50004890900004|001|4300013334|00090|UJCC0049|20|EA|8200|KRW|16400|20190426|1300|
C|005186|2019|50004890900005|001|4300013385|00010|UKEC0021|40|EA|15200|KRW|60800|20190426|1300|
C|005186|2019|50004890900006|001|4300013385|00020|UKEC0017|1|EA|61200|KRW|61200|20190426|1300|
C|005186|2019|50004890900007|001|4300013413|00020|UHTC0691|20|EA|357000|KRW|714000|20190426|1300|
C|005186|2019|50004890900008|001|4300013414|00010|UHFC0453|30|EA|21400|KRW|64200|20190426|1300|
C|005186|2019|50004890900009|001|4300013414|00020|UKBC0057|2|EA|89000|KRW|178000|20190426|1300|
C|005186|2019|50004890900010|001|4300013415|00070|UHFC0235|3|EA|12800|KRW|38400|20190426|1300|
C|005186|2019|50004890900011|001|4300013416|00010|UCKC0037|100|EA|1405000|KRW|1405000|20190426|1300|
C|005186|2019|50004890900012|001|4300013419|00030|UKDC0008|1|EA|12600|KRW|12600|20190426|1300|
C|005186|2019|50004890910001|001|4300013354|00010|UJBC0016|8|EA|12080|KRW|96640|20190426|1300|
C|005186|2019|50004890910002|001|4300013355|00010|UZZC0086|40|EA|9180|KRW|367200|20190426|1300|
C|005186|2019|50004890910003|001|4300013421|00010|UZZC0189|100|EA|168600|KRW|1686000|20190426|1300|
