C|005186|2019|50004815950001|001|4300013005|00020|UEBC0503|6|EA|5901|KRW|35406|20190320|1300|
C|005186|2019|50004815950002|001|4300013007|00020|UKCC0003|20|EA|4520|KRW|90400|20190320|1300|
C|005186|2019|50004815950003|001|4300013008|00010|UICC0061|1|EA|4540|KRW|4540|20190320|1300|
C|005186|2019|50004815950004|001|4300013008|00040|UCKC0119|1|EA|241700|KRW|241700|20190320|1300|
C|005186|2019|50004815950005|001|4300013011|00010|UZZC0115|2|EA|42100|KRW|84200|20190320|1300|
C|005186|2019|50004815950006|001|4300013073|00050|UZZC0018|3|EA|16320|KRW|48960|20190320|1300|
C|005186|2019|50004815950007|001|4300013078|00060|UDBC0922|12|EA|1600|KRW|19200|20190320|1300|
C|005186|2019|50004815950008|001|4300013078|00080|UDBC0915|100|EA|19000|KRW|19000|20190320|1300|
C|005186|2019|50004815950009|001|4300013080|00090|UEBC0494|2|EA|4770|KRW|9540|20190320|1300|
C|005186|2019|50004815950010|001|4300013083|00010|UGAC0113|5|EA|185110|KRW|925550|20190320|1300|
C|005186|2019|50004815960001|001|4300013005|00030|UAGC0167|1|EA|122000|KRW|122000|20190320|1300|
C|005186|2019|50004815960002|001|4300013006|00010|UHHC0038|2|EA|340200|KRW|680400|20190320|1300|
C|005186|2019|50004815960003|001|4300013006|00020|UHHC0169|1|EA|404250|KRW|404250|20190320|1300|
C|005186|2019|50004815960004|001|4300013006|00030|UHNC0134|1|EA|812640|KRW|812640|20190320|1300|
C|005186|2019|50004815960005|001|4300013008|00050|UGCC1400|5|EA|29500|KRW|147500|20190320|1300|
C|005186|2019|50004815960006|001|4300013009|00020|UAEC0058|2|EA|24700|KRW|24700|20190320|1300|
C|005186|2019|50004815960007|001|4300013073|00040|UDFC0218|1|EA|155400|KRW|155400|20190320|1300|
C|005186|2019|50004815960008|001|4300013073|00070|UAEC0056|2|EA|18000|KRW|18000|20190320|1300|
C|005186|2019|50004815960009|001|4300013073|00080|UKEC0091|10|EA|12700|KRW|12700|20190320|1300|
C|005186|2019|50004815960010|001|4300013074|00020|UAEC0187|1|EA|79790|KRW|79790|20190320|1300|
C|005186|2019|50004815960011|001|4300013074|00030|UAAC0015|5|EA|43950|KRW|43950|20190320|1300|
C|005186|2019|50004815960012|001|4300013086|00040|UAGC0561|3|EA|10640|KRW|31920|20190320|1300|
C|005186|2019|50004815960013|001|4300013090|00010|UAGC0563|1|EA|1203500|KRW|1203500|20190320|1300|
C|005186|2019|50004815970001|001|4300012615|00050|UDFC0216|20|EA|20000|KRW|40000|20190320|1300|
C|005186|2019|50004815970002|001|4300013001|00010|UCKC0035|15|EA|222600|KRW|667800|20190320|1300|
C|005186|2019|50004815970003|001|4300013002|00010|UCKC0037|100|EA|1405000|KRW|1405000|20190320|1300|
C|005186|2019|50004815970004|001|4300013007|00010|UHHC0211|50|EA|38000|KRW|1900000|20190320|1300|
C|005186|2019|50004815970005|001|4300013009|00010|UHHC0211|50|EA|38000|KRW|1900000|20190320|1300|
C|005186|2019|50004815970006|001|4300013072|00010|UHHC0211|50|EA|38000|KRW|1900000|20190320|1300|
C|005186|2019|50004815970007|001|4300013073|00060|UHHC0136|2|EA|96600|KRW|193200|20190320|1300|
C|005186|2019|50004815970008|001|4300013075|00010|UEAC0184|5|EA|1897400|KRW|1897400|20190320|1300|
C|005186|2019|50004815970009|001|4300013076|00010|UHHC0205|2|EA|371000|KRW|742000|20190320|1300|
C|005186|2019|50004815970010|001|4300013076|00020|UHGC0269|1|EA|416850|KRW|416850|20190320|1300|
C|005186|2019|50004815970011|001|4300013076|00030|UHNC0127|1|EA|406350|KRW|406350|20190320|1300|
C|005186|2019|50004815970012|001|4300013076|00040|UFHC0005|15|EA|27825|KRW|417375|20190320|1300|
C|005186|2019|50004815970013|001|4300013077|00010|UHHC0080|300|M|1011000|KRW|1011000|20190320|1300|
C|005186|2019|50004815980001|001|4300013086|00050|UHGC0356|4|EA|420000|KRW|1680000|20190320|1300|
C|005186|2019|50004815990001|001|4300012991|00050|UDBC0444|200|EA|10000|KRW|20000|20190320|1300|
C|005186|2019|50004815990002|001|4300013012|00010|UEBC1505|4|EA|454000|KRW|1816000|20190320|1300|
C|005186|2019|50004815990003|001|4300013073|00030|UEBC0494|2|EA|4770|KRW|9540|20190320|1300|
C|005186|2019|50004815990004|001|4300013078|00020|UALC0034|10|EA|2940|KRW|14700|20190320|1300|
C|005186|2019|50004815990005|001|4300013078|00050|UDAC0400|5|EA|252000|KRW|252000|20190320|1300|
C|005186|2019|50004815990006|001|4300013078|00070|UEBC1253|2|EA|35200|KRW|70400|20190320|1300|
C|005186|2019|50004815990007|001|4300013079|00010|UEBC0418|2|EA|40580|KRW|40580|20190320|1300|
C|005186|2019|50004815990008|001|4300013080|00010|UDBC0161|200|EA|22900|KRW|45800|20190320|1300|
C|005186|2019|50004815990009|001|4300013080|00020|UEBC0297|4|EA|15790|KRW|63160|20190320|1300|
C|005186|2019|50004815990010|001|4300013080|00030|UEBC1086|5|EA|45250|KRW|45250|20190320|1300|
C|005186|2019|50004815990011|001|4300013080|00040|UEBC0329|10|EA|29500|KRW|147500|20190320|1300|
C|005186|2019|50004815990012|001|4300013080|00050|UEBC1087|5|EA|65000|KRW|65000|20190320|1300|
C|005186|2019|50004815990013|001|4300013080|00060|UEBC1088|5|EA|78400|KRW|78400|20190320|1300|
C|005186|2019|50004815990014|001|4300013080|00080|UEBC1395|1|EA|13400|KRW|13400|20190320|1300|
C|005186|2019|50004815990015|001|4300013080|00110|UEBC0339|10|EA|26000|KRW|130000|20190320|1300|
C|005186|2019|50004815990016|001|4300013080|00120|UEBC0363|10|EA|38350|KRW|76700|20190320|1300|
C|005186|2019|50004815990017|001|4300013082|00030|UEBC1574|5|EA|11050|KRW|55250|20190320|1300|
C|005186|2019|50004815990018|001|4300013083|00040|UEAC1137|3|EA|104000|KRW|312000|20190320|1300|
C|005186|2019|50004815990019|001|4300013086|00020|UEBC1016|2|EA|4130|KRW|8260|20190320|1300|
C|005186|2019|50004815990020|001|4300013086|00030|UEBC1569|2|EA|3800|KRW|7600|20190320|1300|
C|005186|2019|50004815990021|001|4300013087|00010|UEBC1577|2|EA|546000|KRW|1092000|20190320|1300|
C|005186|2019|50004815990022|001|4300013087|00020|UEAC1138|1|EA|782250|KRW|782250|20190320|1300|
C|005186|2019|50004815990023|001|4300013089|00010|UEAC1139|5|EA|347000|KRW|1735000|20190320|1300|
