C|005186|2018|50004487140001|001|4300011180|00020|UIEC0037|1|EA|236500|KRW|236500|20181015|1300|
C|005186|2018|50004487140002|001|4300011496|00010|UHHC0082|1|EA|955500|KRW|955500|20181015|1300|
C|005186|2018|50004487140003|001|4300011496|00020|UHHC0205|2|EA|371000|KRW|742000|20181015|1300|
C|005186|2018|50004487140004|001|4300011496|00030|UHDC0252|30|EA|15370|KRW|46110|20181015|1300|
C|005186|2018|50004487140005|001|4300011496|00040|UHTC0349|5|EA|250950|KRW|250950|20181015|1300|
C|005186|2018|50004487140006|001|4300011497|00010|UHDC0157|3|EA|8340|KRW|25020|20181015|1300|
C|005186|2018|50004487140007|001|4300011497|00020|UHNC0113|1|EA|772800|KRW|772800|20181015|1300|
C|005186|2018|50004487140008|001|4300011497|00030|UHTC0348|5|EA|259875|KRW|259875|20181015|1300|
C|005186|2018|50004487140009|001|4300011497|00040|UHBC0010|1|EA|898280|KRW|898280|20181015|1300|
C|005186|2018|50004487140010|001|4300011498|00010|UHHC0008|1|EA|1013800|KRW|1013800|20181015|1300|
C|005186|2018|50004487140011|001|4300011498|00020|UHGC0317|3|EA|318000|KRW|954000|20181015|1300|
C|005186|2018|50004487140012|001|4300011499|00010|UHHC0067|2|EA|160130|KRW|320260|20181015|1300|
C|005186|2018|50004487140013|001|4300011499|00020|UHGC0296|1|EA|159000|KRW|159000|20181015|1300|
C|005186|2018|50004487140014|001|4300011499|00030|UHGC0236|1|EA|932700|KRW|932700|20181015|1300|
C|005186|2018|50004487150001|001|4300011402|00030|UGBC1371|10|EA|66000|KRW|660000|20181015|1300|
C|005186|2018|50004487150002|001|4300011470|00030|UDAC0312|20|EA|31000|KRW|62000|20181015|1300|
C|005186|2018|50004487150003|001|4300011474|00030|UEAC1129|1|EA|1170000|KRW|1170000|20181015|1300|
C|005186|2018|50004487150004|001|4300011474|00040|UEAC1130|1|EA|200000|KRW|200000|20181015|1300|
C|005186|2018|50004487150005|001|4300011494|00130|UEBC1524|3|EA|19425|KRW|58275|20181015|1300|
C|005186|2018|50004487160001|001|4300011466|00020|UZZC0088|50|EA|14700|KRW|735000|20181015|1300|
C|005186|2018|50004487160002|001|4300011485|00050|UJAC0079|4|EA|52500|KRW|105000|20181015|1300|
C|005186|2018|50004487160003|001|4300011485|00060|UJAC0080|4|EA|60900|KRW|121800|20181015|1300|
C|005186|2018|50004487160004|001|4300011491|00030|UGBC1713|30|EA|25725|KRW|154350|20181015|1300|
C|005186|2018|50004487160005|001|4300011494|00090|UGBC1711|20|EA|50600|KRW|101200|20181015|1300|
C|005186|2018|50004487170001|001|4300011525|00020|UEBC1481|5|EA|50600|KRW|253000|20181015|1300|
C|005186|2018|50004487170002|001|4300011525|00030|UEBC0773|40|EA|29400|KRW|58800|20181015|1300|
C|005186|2018|50004487170003|001|4300011525|00040|UEBC0708|1|EA|6770|KRW|6770|20181015|1300|
C|005186|2018|50004487170004|001|4300011525|00050|UEBC0268|2|EA|91350|KRW|182700|20181015|1300|
C|005186|2018|50004487170005|001|4300011532|00010|UEBC0382|4|EA|3810|KRW|15240|20181015|1300|
C|005186|2018|50004487170006|001|4300011532|00020|UEBC0735|2|EA|14330|KRW|28660|20181015|1300|
C|005186|2018|50004487170007|001|4300011532|00030|UJAC0143|1|EA|148000|KRW|148000|20181015|1300|
C|005186|2018|50004487170008|001|4300011596|00010|UCKC0133|4|EA|1054000|KRW|1054000|20181015|1300|
C|005186|2018|50004487170009|001|4300011597|00020|UHTC0246|40|EA|169400|KRW|338800|20181015|1300|
C|005186|2018|50004487170010|001|4300011598|00010|UGCC0894|300|EA|300000|KRW|900000|20181015|1300|
C|005186|2018|50004487170011|001|4300011598|00020|UGBC1440|20|EA|13300|KRW|26600|20181015|1300|
C|005186|2018|50004487170012|001|4300011598|00040|UEBC0938|1|EA|100000|KRW|100000|20181015|1300|
C|005186|2018|50004487170013|001|4300011601|00010|UEBC0642|2|EA|938700|KRW|1877400|20181015|1300|
C|005186|2018|50004487170014|001|4300011602|00040|UCGC0001|10|EA|33800|KRW|67600|20181015|1300|
C|005186|2018|50004487170015|001|4300011602|00120|UEBC0657|2|EA|181130|KRW|362260|20181015|1300|
C|005186|2018|50004487170016|001|4300011632|00020|UDBC0067|10|EA|89400|KRW|89400|20181015|1300|
C|005186|2018|50004487170017|001|4300011632|00050|UAAC0009|3|EA|29700|KRW|89100|20181015|1300|
C|005186|2018|50004487170018|001|4300011632|00060|UKBC0014|1|EA|52500|KRW|52500|20181015|1300|
C|005186|2018|50004487180001|001|4300011528|00080|UGBC1711|20|EA|50600|KRW|101200|20181015|1300|
C|005186|2018|50004487180002|001|4300011528|00100|UGBC1713|30|EA|25725|KRW|154350|20181015|1300|
C|005186|2018|50004487180003|001|4300011528|00150|UGBC1646|20|EA|22200|KRW|44400|20181015|1300|
C|005186|2018|50004487180004|001|4300011528|00190|UGBC1711|20|EA|50600|KRW|101200|20181015|1300|
C|005186|2018|50004487180005|001|4300011594|00110|UGCC0218|50|EA|28770|KRW|143850|20181015|1300|
C|005186|2018|50004487180006|001|4300011595|00010|UGCC0220|50|EA|22890|KRW|114450|20181015|1300|
C|005186|2018|50004487180007|001|4300011595|00020|UGCC0218|50|EA|28770|KRW|143850|20181015|1300|
C|005186|2018|50004487180008|001|4300011595|00030|UGCC0221|30|EA|33900|KRW|101700|20181015|1300|
C|005186|2018|50004487180009|001|4300011595|00040|UGCC0222|20|EA|34700|KRW|69400|20181015|1300|
C|005186|2018|50004487180010|001|4300011595|00050|UGBC0744|30|EA|5200|KRW|15600|20181015|1300|
C|005186|2018|50004487180011|001|4300011595|00060|UGBC0745|20|EA|5600|KRW|11200|20181015|1300|
C|005186|2018|50004487180012|001|4300011595|00070|UGBC0753|30|EA|7400|KRW|22200|20181015|1300|
C|005186|2018|50004487180013|001|4300011595|00080|UGBC0755|10|EA|10190|KRW|10190|20181015|1300|
C|005186|2018|50004487180014|001|4300011595|00090|UGBC0757|10|EA|9660|KRW|9660|20181015|1300|
C|005186|2018|50004487180015|001|4300011595|00100|UGBC0742|20|EA|8700|KRW|17400|20181015|1300|
C|005186|2018|50004487180016|001|4300011595|00110|UGBC0758|20|EA|11130|KRW|22260|20181015|1300|
C|005186|2018|50004487180017|001|4300011595|00120|UGBC1440|50|EA|13300|KRW|66500|20181015|1300|
C|005186|2018|50004487180018|001|4300011595|00130|UGBC0765|70|EA|5100|KRW|35700|20181015|1300|
C|005186|2018|50004487180019|001|4300011595|00140|UGBC1235|50|EA|5900|KRW|29500|20181015|1300|
C|005186|2018|50004487180020|001|4300011595|00150|UGBC0768|40|EA|6090|KRW|24360|20181015|1300|
C|005186|2018|50004487180021|001|4300011635|00010|UGBC0748|30|EA|4520|KRW|13560|20181015|1300|
C|005186|2018|50004487180022|001|4300011635|00020|UGBC0749|50|EA|5200|KRW|26000|20181015|1300|
C|005186|2018|50004487180023|001|4300011635|00030|UGBC0751|20|EA|13700|KRW|27400|20181015|1300|
C|005186|2018|50004487180024|001|4300011635|00040|UGBC1597|50|EA|6000|KRW|30000|20181015|1300|
C|005186|2018|50004487190001|001|4300011526|00010|UHTC0186|1|EA|1613700|KRW|1613700|20181015|1300|
C|005186|2018|50004487190002|001|4300011528|00120|UJAC0081|2|EA|48140|KRW|48140|20181015|1300|
C|005186|2018|50004487190003|001|4300011528|00130|UJAC0082|2|EA|50820|KRW|50820|20181015|1300|
C|005186|2018|50004487190004|001|4300011537|00010|UGBC1516|5|EA|240000|KRW|1200000|20181015|1300|
C|005186|2018|50004487190005|001|4300011537|00020|UGBC1517|5|EA|159000|KRW|795000|20181015|1300|
C|005186|2018|50004487190006|001|4300011596|00070|UGCC1098|12|EA|67900|KRW|814800|20181015|1300|
C|005186|2018|50004487190007|001|4300011608|00050|UGCC1439|2|EA|33600|KRW|67200|20181015|1300|
C|005186|2018|50004487190008|001|4300011611|00010|UGBC1708|2|EA|89250|KRW|178500|20181015|1300|
