C|005186|2020|50006089400001|001|4300018896|00010|UEBC1837|8|EA|16960|KRW|135680|20201222|1300|
C|005186|2020|50006089400002|001|4300018896|00020|UEBC1838|20|EA|23320|KRW|466400|20201222|1300|
C|005186|2020|50006089400003|001|4300018896|00050|UEBC1839|20|EA|7480|KRW|149600|20201222|1300|
C|005186|2020|50006089400004|001|4300018926|00010|UDAC0053|5|EA|981750|KRW|981750|20201222|1300|
C|005186|2020|50006089400005|001|4300018926|00040|UEBC1336|2|EA|33630|KRW|67260|20201222|1300|
C|005186|2020|50006089400006|001|4300018926|00050|UEBC1747|2|EA|49220|KRW|98440|20201222|1300|
C|005186|2020|50006089400007|001|4300018926|00070|UDDC0384|1|EA|48500|KRW|48500|20201222|1300|
C|005186|2020|50006089400008|001|4300018927|00010|UGCC0206|50|EA|34900|KRW|174500|20201222|1300|
C|005186|2020|50006089400009|001|4300018927|00020|UGCC0207|20|EA|36300|KRW|72600|20201222|1300|
C|005186|2020|50006089400010|001|4300018927|00030|UGCC0214|30|EA|46000|KRW|138000|20201222|1300|
C|005186|2020|50006089400011|001|4300018927|00040|UGCC0215|20|EA|59700|KRW|119400|20201222|1300|
C|005186|2020|50006089400012|001|4300018927|00050|UGBC0751|20|EA|13700|KRW|27400|20201222|1300|
C|005186|2020|50006089400013|001|4300018927|00060|UGBC0752|20|EA|6720|KRW|13440|20201222|1300|
C|005186|2020|50006089400014|001|4300018927|00070|UGBC0753|20|EA|7400|KRW|14800|20201222|1300|
C|005186|2020|50006089400015|001|4300018927|00080|UGBC0754|20|EA|9100|KRW|18200|20201222|1300|
C|005186|2020|50006089400016|001|4300018927|00090|UGBC1233|20|EA|1180|KRW|23600|20201222|1300|
C|005186|2020|50006089400017|001|4300018927|00100|UGBC0757|30|EA|9660|KRW|28980|20201222|1300|
C|005186|2020|50006089400018|001|4300018927|00110|UGBC0742|30|EA|8700|KRW|26100|20201222|1300|
C|005186|2020|50006089400019|001|4300018927|00120|UGBC0758|30|EA|11130|KRW|33390|20201222|1300|
C|005186|2020|50006089400020|001|4300018927|00130|UGBC0795|40|EA|810|KRW|32400|20201222|1300|
C|005186|2020|50006089400021|001|4300018927|00140|UGBC0761|30|EA|8200|KRW|24600|20201222|1300|
C|005186|2020|50006089400022|001|4300018927|00150|UGBC0762|30|EA|10300|KRW|30900|20201222|1300|
C|005186|2020|50006089400023|001|4300018927|00160|UGBC0780|80|EA|5700|KRW|45600|20201222|1300|
C|005186|2020|50006089400024|001|4300018927|00170|UGBC0781|50|EA|5800|KRW|29000|20201222|1300|
C|005186|2020|50006089400025|001|4300018927|00180|UGBC0782|50|EA|7200|KRW|36000|20201222|1300|
C|005186|2020|50006089400026|001|4300018927|00190|UGBC0783|30|EA|8300|KRW|24900|20201222|1300|
C|005186|2020|50006089400027|001|4300018927|00200|UGCC1148|30|EA|26100|KRW|78300|20201222|1300|
C|005186|2020|50006089400028|001|4300018927|00210|UGCC0220|30|EA|22890|KRW|68670|20201222|1300|
C|005186|2020|50006089400029|001|4300018927|00220|UGCC0209|30|EA|32900|KRW|98700|20201222|1300|
C|005186|2020|50006089400030|001|4300018927|00230|UGCC0213|20|EA|42200|KRW|84400|20201222|1300|
C|005186|2020|50006089400031|001|4300018927|00240|UGBC1749|30|EA|8300|KRW|24900|20201222|1300|
C|005186|2020|50006089400032|001|4300018927|00250|UGBC1750|30|EA|8700|KRW|26100|20201222|1300|
C|005186|2020|50006089400033|001|4300018927|00260|UGBC0765|40|EA|5100|KRW|20400|20201222|1300|
C|005186|2020|50006089400034|001|4300018927|00270|UGBC0766|30|EA|6500|KRW|19500|20201222|1300|
C|005186|2020|50006089400035|001|4300018927|00280|UGBC1234|20|EA|1370|KRW|27400|20201222|1300|
C|005186|2020|50006089400036|001|4300018927|00290|UGBC1235|50|EA|5900|KRW|29500|20201222|1300|
C|005186|2020|50006089400037|001|4300018927|00300|UGBC0769|40|EA|8090|KRW|32360|20201222|1300|
C|005186|2020|50006089400038|001|4300018927|00310|UGBC0772|30|EA|9240|KRW|27720|20201222|1300|
C|005186|2020|50006089400039|001|4300018927|00320|UGBC0773|30|EA|12180|KRW|36540|20201222|1300|
C|005186|2020|50006089400040|001|4300018927|00330|UGBC0776|30|EA|13130|KRW|39390|20201222|1300|
C|005186|2020|50006089400041|001|4300018927|00340|UGBC0744|30|EA|5200|KRW|15600|20201222|1300|
C|005186|2020|50006089400042|001|4300018927|00350|UGBC0745|30|EA|5600|KRW|16800|20201222|1300|
C|005186|2020|50006089400043|001|4300018927|00360|UGBC0747|30|EA|690|KRW|20700|20201222|1300|
C|005186|2020|50006089400044|001|4300018927|00370|UGBC0748|20|EA|4520|KRW|9040|20201222|1300|
C|005186|2020|50006089400045|001|4300018927|00380|UGBC0749|20|EA|5200|KRW|10400|20201222|1300|
C|005186|2020|50006089400046|001|4300018940|00010|UEBC1601|3|EA|7370|KRW|22110|20201222|1300|
C|005186|2020|50006089400047|001|4300018940|00020|UDAC0454|30|EA|85|KRW|2550|20201222|1300|
C|005186|2020|50006089400048|001|4300018940|00030|UEBC0226|10|EA|2950|KRW|29500|20201222|1300|
C|005186|2020|50006089400049|001|4300018940|00040|UEBC1717|10|EA|2020|KRW|20200|20201222|1300|
C|005186|2020|50006089400050|001|4300018940|00080|UDBC0805|1|EA|248000|KRW|248000|20201222|1300|
C|005186|2020|50006089400051|001|4300018940|00090|UDBC0804|2|EA|387200|KRW|774400|20201222|1300|
C|005186|2020|50006089400052|001|4300018940|00100|UEBC1201|5|EA|30500|KRW|152500|20201222|1300|
C|005186|2020|50006089400053|001|4300018940|00110|UEBC0239|10|EA|3310|KRW|33100|20201222|1300|
C|005186|2020|50006089400054|001|4300018941|00010|UGBC0788|30|EA|9200|KRW|27600|20201222|1300|
C|005186|2020|50006089400055|001|4300018941|00020|UGBC0790|40|EA|12300|KRW|49200|20201222|1300|
C|005186|2020|50006089400056|001|4300018941|00030|UGBC0793|30|EA|10300|KRW|30900|20201222|1300|
C|005186|2020|50006089400057|001|4300018941|00040|UGBC0794|30|EA|13800|KRW|41400|20201222|1300|
C|005186|2020|50006089400058|001|4300018941|00050|UGBC1148|30|EA|37500|KRW|112500|20201222|1300|
C|005186|2020|50006089400059|001|4300018941|00060|UGBC1149|30|EA|40800|KRW|122400|20201222|1300|
C|005186|2020|50006089400060|001|4300018941|00070|UGBC1150|30|EA|43900|KRW|131700|20201222|1300|
C|005186|2020|50006089400061|001|4300018941|00080|UGCC0499|1|EA|100700|KRW|100700|20201222|1300|
C|005186|2020|50006089400062|001|4300018941|00090|UGCC0506|1|EA|24200|KRW|24200|20201222|1300|
C|005186|2020|50006089400063|001|4300018941|00100|UGCC0507|1|EA|24200|KRW|24200|20201222|1300|
C|005186|2020|50006089910001|001|4300018798|00010|KE030011|4|EA|8190|KRW|32760|20201222|1300|
C|005186|2020|50006089910002|001|4300018798|00020|KE030122|2|EA|31500|KRW|63000|20201222|1300|
C|005186|2020|50006089910003|001|4300018798|00030|KE030206|2|EA|16380|KRW|32760|20201222|1300|
C|005186|2020|50006089910004|001|4300018798|00040|KE030209|1|EA|74450|KRW|74450|20201222|1300|
C|005186|2020|50006089910005|001|4300018798|00050|KE050201|2|EA|8460|KRW|16920|20201222|1300|
C|005186|2020|50006089910006|001|4300018798|00060|KE090106|3|EA|15370|KRW|46110|20201222|1300|
C|005186|2020|50006089910007|001|4300018798|00070|KE110200|10|EA|65100|KRW|651000|20201222|1300|
C|005186|2020|50006089910008|001|4300018798|00080|KE190003|7|EA|29300|KRW|205100|20201222|1300|
C|005186|2020|50006089910009|001|4300018798|00090|KE200200|3|EA|130200|KRW|390600|20201222|1300|
C|005186|2020|50006089910010|001|4300018798|00100|KE230003|175|EA|46750|KRW|327250|20201222|1300|
C|005186|2020|50006089910011|001|4300018799|00010|KE231403|3|EA|1840|KRW|5520|20201222|1300|
C|005186|2020|50006089910012|001|4300018799|00020|KE231503|8|EA|1160|KRW|9280|20201222|1300|
C|005186|2020|50006089910013|001|4300018799|00030|KE270302|4|EA|6900|KRW|27600|20201222|1300|
C|005186|2020|50006089910014|001|4300018799|00040|KE281401|40|EA|840|KRW|33600|20201222|1300|
C|005186|2020|50006089920001|001|4300018897|00010|UHDC0058|5|EA|99750|KRW|498750|20201222|1300|
C|005186|2020|50006089920002|001|4300018897|00020|UHEC0041|2|EA|270000|KRW|540000|20201222|1300|
C|005186|2020|50006089920003|001|4300018898|00010|UHCC0016|1|EA|958650|KRW|958650|20201222|1300|
C|005186|2020|50006089920004|001|4300018898|00020|UHTC0156|2|EA|102900|KRW|205800|20201222|1300|
C|005186|2020|50006089920005|001|4300018898|00030|UHTC0802|5|EA|249100|KRW|249100|20201222|1300|
C|005186|2020|50006089920006|001|4300018899|00010|UHTC0772|40|EA|466400|KRW|932800|20201222|1300|
C|005186|2020|50006089920007|001|4300018899|00020|UHNC0134|1|EA|812640|KRW|812640|20201222|1300|
C|005186|2020|50006089920008|001|4300018923|00010|UCAC0312|1|EA|269000|KRW|269000|20201222|1300|
C|005186|2020|50006089930001|001|4300018792|00010|UHHC0208|5|EA|77910|KRW|77910|20201222|1300|
C|005186|2020|50006089930002|001|4300018792|00020|UHGC0291|5|EA|118500|KRW|118500|20201222|1300|
C|005186|2020|50006089930003|001|4300018792|00030|UHFC0360|10|EA|228375|KRW|456750|20201222|1300|
C|005186|2020|50006089930004|001|4300018792|00040|UHGC0125|5|EA|19400|KRW|97000|20201222|1300|
C|005186|2020|50006089930005|001|4300018792|00050|UHTC0545|4|EA|150500|KRW|602000|20201222|1300|
C|005186|2020|50006089930006|001|4300018792|00060|UHNC0142|3|EA|185500|KRW|556500|20201222|1300|
C|005186|2020|50006089930007|001|4300018793|00010|UHDC0260|2|EA|660000|KRW|1320000|20201222|1300|
C|005186|2020|50006089930008|001|4300018793|00020|UHGC0120|1|EA|257000|KRW|257000|20201222|1300|
C|005186|2020|50006089930009|001|4300018793|00030|UHTC0332|5|EA|56700|KRW|283500|20201222|1300|
C|005186|2020|50006089930010|001|4300018793|00040|UHTC0299|2|EA|60000|KRW|120000|20201222|1300|
C|005186|2020|50006089930011|001|4300018794|00010|UHFC0020|10|EA|86630|KRW|866300|20201222|1300|
C|005186|2020|50006089930012|001|4300018794|00020|UHDC0058|10|EA|99750|KRW|997500|20201222|1300|
C|005186|2020|50006089930013|001|4300018796|00010|UHHC0008|1|EA|1013800|KRW|1013800|20201222|1300|
C|005186|2020|50006089930014|001|4300018796|00020|UHTC0303|2|EA|56000|KRW|112000|20201222|1300|
C|005186|2020|50006089930015|001|4300018796|00030|UHTC0307|20|EA|4400|KRW|88000|20201222|1300|
C|005186|2020|50006089930016|001|4300018796|00040|UDBC0329|200|EA|22000|KRW|44000|20201222|1300|
C|005186|2020|50006089930017|001|4300018796|00050|UHTC0249|2|EA|337050|KRW|674100|20201222|1300|
C|005186|2020|50006089930018|001|4300018797|00010|UHTC0872|20|EA|58850|KRW|1177000|20201222|1300|
C|005186|2020|50006089930019|001|4300018856|00010|UHHC0013|50|M|20580|KRW|1029000|20201222|1300|
C|005186|2020|50006089930020|001|4300018856|00040|UHGC0316|5|EA|169600|KRW|169600|20201222|1300|
C|005186|2020|50006089930021|001|4300018857|00010|UHHC0013|50|M|20580|KRW|1029000|20201222|1300|
C|005186|2020|50006089930022|001|4300018857|00020|UHFC0345|100|EA|63500|KRW|127000|20201222|1300|
C|005186|2020|50006089930023|001|4300018857|00030|UHGC0269|2|EA|416850|KRW|833700|20201222|1300|
C|005186|2020|50006089930024|001|4300018858|00020|UHFC0271|1|EA|453600|KRW|453600|20201222|1300|
C|005186|2020|50006089930025|001|4300018859|00010|UHFC0336|4|EA|82950|KRW|331800|20201222|1300|
C|005186|2020|50006089930026|001|4300018859|00020|UHTC0214|5|EA|86630|KRW|433150|20201222|1300|
C|005186|2020|50006089930027|001|4300018859|00030|UHGC0270|5|EA|35790|KRW|178950|20201222|1300|
C|005186|2020|50006089930028|001|4300018859|00040|UHGC0295|5|EA|180200|KRW|180200|20201222|1300|
C|005186|2020|50006089930029|001|4300018860|00010|UHHC0013|90|M|20580|KRW|1852200|20201222|1300|
C|005186|2020|50006089930030|001|4300018861|00010|UHTC0118|20|EA|393000|KRW|393000|20201222|1300|
C|005186|2020|50006089930031|001|4300018861|00020|UHGC0011|4|EA|157900|KRW|631600|20201222|1300|
C|005186|2020|50006089930032|001|4300018862|00010|UHGC0098|2|EA|940800|KRW|1881600|20201222|1300|
C|005186|2020|50006089930033|001|4300018863|00010|UHHC0013|70|M|20580|KRW|1440600|20201222|1300|
C|005186|2020|50006089940001|001|4300018896|00030|UGBC1840|2|EA|75600|KRW|151200|20201222|1300|
C|005186|2020|50006089940002|001|4300018896|00040|UGBC1841|2|EA|75600|KRW|151200|20201222|1300|
C|005186|2020|50006089940003|001|4300018896|00060|UDFC0237|20|EA|39380|KRW|787600|20201222|1300|
C|005186|2020|50006089940004|001|4300018926|00020|UGCC0150|3|EA|126000|KRW|378000|20201222|1300|
C|005186|2020|50006089940005|001|4300018932|00010|UGCC1850|2|EA|472500|KRW|945000|20201222|1300|
C|005186|2020|50006089940006|001|4300018933|00020|UGBC1573|3|EA|159000|KRW|477000|20201222|1300|
C|005186|2020|50006089950001|001|4300018830|00020|UGCC0240|1|EA|16900|KRW|16900|20201222|1300|
C|005186|2020|50006089950002|001|4300018926|00100|UFFC0056|1|EA|40000|KRW|40000|20201222|1300|
C|005186|2020|50006089950003|001|4300018931|00010|UIDC0005|1|EA|436510|KRW|436510|20201222|1300|
C|005186|2020|50006089950004|001|4300018931|00020|UIDC0006|1|EA|550000|KRW|550000|20201222|1300|
C|005186|2020|50006089950005|001|4300018971|00010|UAKC0021|5|EA|10200|KRW|51000|20201222|1300|
C|005186|2020|50006089950006|001|4300018971|00020|UADC0156|2|EA|16800|KRW|33600|20201222|1300|
C|005186|2020|50006089950007|001|4300018971|00040|UDBC0147|3000|EA|13500|KRW|81000|20201222|1300|
C|005186|2020|50006089950008|001|4300018971|00050|UGCC0829|2|EA|30320|KRW|60640|20201222|1300|
C|005186|2020|50006089950009|001|4300018971|00060|UGBC1430|2|EA|384000|KRW|768000|20201222|1300|
C|005186|2020|50006089950010|001|4300018971|00070|UZZC0165|2|EA|115940|KRW|231880|20201222|1300|
C|005186|2020|50006089950011|001|4300018971|00080|UEBC1826|9|EA|2600|KRW|23400|20201222|1300|
C|005186|2020|50006089950012|001|4300018971|00090|UKEC0091|50|EA|12700|KRW|63500|20201222|1300|
C|005186|2020|50006089950013|001|4300018971|00100|UHTC0293|1|EA|33600|KRW|33600|20201222|1300|
C|005186|2020|50006089950014|001|4300018972|00020|UCGC0001|5|EA|33800|KRW|33800|20201222|1300|
C|005186|2020|50006089950015|001|4300018972|00070|UAGC0252|3|EA|67060|KRW|201180|20201222|1300|
C|005186|2020|50006089950016|001|4300018973|00010|UAIC0054|10|EA|4800|KRW|48000|20201222|1300|
C|005186|2020|50006089950017|001|4300018973|00020|UGCC0528|1|EA|499000|KRW|499000|20201222|1300|
C|005186|2020|50006089950018|001|4300018973|00030|UGCC1247|1|EA|250850|KRW|250850|20201222|1300|
C|005186|2020|50006089950019|001|4300018974|00010|UCKC0106|2|EA|821000|KRW|1642000|20201222|1300|
C|005186|2020|50006089950020|001|4300018975|00010|UKBC0016|12|EA|10110|KRW|121320|20201222|1300|
C|005186|2020|50006089950021|001|4300018980|00010|UZZC0168|20|EA|11340|KRW|226800|20201222|1300|
C|005186|2020|50006089960001|001|4300018972|00030|UGAC0065|1|EA|124800|KRW|124800|20201222|1300|
C|005186|2020|50006089970001|001|4300018978|00010|UGCC0894|400|EA|300000|KRW|1200000|20201222|1300|
C|005186|2020|50006089970002|001|4300018979|00010|UEBC0155|200|EA|411500|KRW|1646000|20201222|1300|
C|005186|2020|50006089980001|001|4300018929|00010|UCIC0008|1|EA|1155000|KRW|1155000|20201222|1300|
C|005186|2020|50006089980002|001|4300018929|00020|UGBC0505|2|EA|210000|KRW|420000|20201222|1300|
C|005186|2020|50006089980003|001|4300018929|00040|UGBC0131|5|EA|6830|KRW|34150|20201222|1300|
C|005186|2020|50006089980004|001|4300018930|00010|UCIC0249|1|EA|997500|KRW|997500|20201222|1300|
C|005186|2020|50006089980005|001|4300018930|00020|UGBC1415|2|EA|434000|KRW|868000|20201222|1300|
C|005186|2020|50006089980006|001|4300018932|00020|UGBC1837|1|EA|1029000|KRW|1029000|20201222|1300|
C|005186|2020|50006089980007|001|4300018934|00010|UGBC1837|1|EA|1029000|KRW|1029000|20201222|1300|
C|005186|2020|50006089980008|001|4300018935|00010|UGBC1838|2|EA|609000|KRW|1218000|20201222|1300|
C|005186|2020|50006089980009|001|4300018936|00010|UGBC1838|2|EA|609000|KRW|1218000|20201222|1300|
