C|005186|2017|50003252460001|001|4300006997|00030|CMZ0014|1|EA|19000|KRW|19000|20170227|1300|
C|005186|2017|50003252460002|001|4300006998|00060|CMB0010|60|EA|1280|KRW|76800|20170227|1300|
C|005186|2017|50003252460003|001|4300006998|00160|CMF0015|10|EA|450|KRW|4500|20170227|1300|
C|005186|2017|50003252460004|001|4300006998|00170|CMF0021|4|EA|3100|KRW|12400|20170227|1300|
C|005186|2017|50003252460005|001|4300006999|00080|CMB0010|60|EA|1280|KRW|76800|20170227|1300|
C|005186|2017|50003252460006|001|4300006999|00110|CME0001|26|EA|3300|KRW|85800|20170227|1300|
C|005186|2017|50003252460007|001|4300006999|00130|CME0006|10|EA|3080|KRW|30800|20170227|1300|
C|005186|2017|50003252460008|001|4300006999|00140|CME0010|200|EA|240|KRW|48000|20170227|1300|
C|005186|2017|50003252460009|001|4300007000|00040|CMA0016|200|EA|2140|KRW|428000|20170227|1300|
C|005186|2017|50003252460010|001|4300007000|00060|CMB0010|400|EA|1280|KRW|512000|20170227|1300|
C|005186|2017|50003252460011|001|4300007000|00080|CME0001|10|EA|3300|KRW|33000|20170227|1300|
C|005186|2017|50003252460012|001|4300007000|00090|CME0010|300|EA|240|KRW|72000|20170227|1300|
C|005186|2017|50003252460013|001|4300007000|00100|CMF0001|10|EA|1950|KRW|19500|20170227|1300|
C|005186|2017|50003252460014|001|4300007001|00050|CMF0006|30|EA|9500|KRW|285000|20170227|1300|
C|005186|2017|50003252460015|001|4300007002|00060|CMB0010|80|EA|1280|KRW|102400|20170227|1300|
C|005186|2017|50003252460016|001|4300007003|00040|CMA0016|20|EA|2140|KRW|42800|20170227|1300|
C|005186|2017|50003252460017|001|4300007003|00070|CME0001|13|EA|3300|KRW|42900|20170227|1300|
C|005186|2017|50003252460018|001|4300007003|00080|CMF0001|3|EA|1950|KRW|5850|20170227|1300|
C|005186|2017|50003252460019|001|4300007003|00090|CMF0006|1|EA|9500|KRW|9500|20170227|1300|
C|005186|2017|50003252460020|001|4300007004|00020|CMA0015|100|EA|2520|KRW|252000|20170227|1300|
C|005186|2017|50003252460021|001|4300007004|00060|CME0010|200|EA|240|KRW|48000|20170227|1300|
C|005186|2017|50003252460022|001|4300007004|00080|CMF0013|10|EA|940|KRW|9400|20170227|1300|
C|005186|2017|50003252460023|001|4300007004|00100|CMZ0014|1|EA|19000|KRW|19000|20170227|1300|
C|005186|2017|50003252460024|001|4300007005|00030|CMA0016|60|EA|2140|KRW|128400|20170227|1300|
C|005186|2017|50003252460025|001|4300007005|00050|CMB0010|60|EA|1280|KRW|76800|20170227|1300|
C|005186|2017|50003252460026|001|4300007005|00070|CMZ0014|1|EA|19000|KRW|19000|20170227|1300|
C|005186|2017|50003252460027|001|4300007006|00030|CMA0016|150|EA|2140|KRW|321000|20170227|1300|
C|005186|2017|50003252460028|001|4300007006|00040|CMB0010|500|EA|1280|KRW|640000|20170227|1300|
C|005186|2017|50003252460029|001|4300007006|00070|CME0001|20|EA|3300|KRW|66000|20170227|1300|
C|005186|2017|50003252460030|001|4300007006|00100|CME0010|300|EA|240|KRW|72000|20170227|1300|
C|005186|2017|50003252460031|001|4300007006|00130|CMZ0006|10|EA|1170|KRW|11700|20170227|1300|
C|005186|2017|50003252460032|001|4300007006|00140|CMZ0014|2|EA|19000|KRW|38000|20170227|1300|
C|005186|2017|50003252460033|001|4300007007|00030|CMB0010|240|EA|1280|KRW|307200|20170227|1300|
C|005186|2017|50003252460034|001|4300007007|00050|CME0010|100|EA|240|KRW|24000|20170227|1300|
C|005186|2017|50003252460035|001|4300007007|00080|CMF0013|10|EA|940|KRW|9400|20170227|1300|
C|005186|2017|50003252460036|001|4300007008|00080|CMA0015|20|EA|2520|KRW|50400|20170227|1300|
C|005186|2017|50003252460037|001|4300007008|00090|CMA0016|20|EA|2140|KRW|42800|20170227|1300|
C|005186|2017|50003252460038|001|4300007009|00040|CMB0010|80|EA|1280|KRW|102400|20170227|1300|
C|005186|2017|50003252460039|001|4300007009|00090|CMZ0014|1|EA|19000|KRW|19000|20170227|1300|
C|005186|2017|50003252460040|001|4300007010|00010|CMB0010|100|EA|1280|KRW|128000|20170227|1300|
C|005186|2017|50003252460041|001|4300007010|00040|CMF0001|1|EA|1950|KRW|1950|20170227|1300|
C|005186|2017|50003252460042|001|4300007010|00050|CMF0020|1|EA|650|KRW|650|20170227|1300|
C|005186|2017|50003252460043|001|4300007011|00030|CMB0010|50|EA|1280|KRW|64000|20170227|1300|
C|005186|2017|50003252460044|001|4300007011|00040|CMZ0014|1|EA|19000|KRW|19000|20170227|1300|
C|005186|2017|50003252460045|001|4300007012|00050|CME0001|10|EA|3300|KRW|33000|20170227|1300|
C|005186|2017|50003252460046|001|4300007013|00040|CME0010|100|EA|240|KRW|24000|20170227|1300|
C|005186|2017|50003252470001|001|4300007000|00140|CMH0007|5|EA|11600|KRW|58000|20170227|1300|
C|005186|2017|50003252470002|001|4300007003|00100|CMH0007|3|EA|11600|KRW|34800|20170227|1300|
C|005186|2017|50003252470003|001|4300007004|00090|CMH0007|2|EA|11600|KRW|23200|20170227|1300|
C|005186|2017|50003252470004|001|4300007012|00060|CMH0007|3|EA|11600|KRW|34800|20170227|1300|
C|005186|2017|50003252470005|001|4300007013|00070|CMH0007|1|EA|11600|KRW|11600|20170227|1300|
C|005186|2017|50003252480001|001|4300006997|00010|CMA0001|50|EA|151|KRW|7550|20170227|1300|
C|005186|2017|50003252480002|001|4300006997|00020|CMZ0009|10|EA|920|KRW|9200|20170227|1300|
C|005186|2017|50003252480003|001|4300006997|00040|CMA0028|3|EA|7350|KRW|22050|20170227|1300|
C|005186|2017|50003252480004|001|4300006997|00050|CMH0006|50|EA|460|KRW|23000|20170227|1300|
C|005186|2017|50003252490001|001|4300006998|00010|CMZ0009|20|EA|920|KRW|18400|20170227|1300|
C|005186|2017|50003252490002|001|4300006998|00020|CMZ0001|10|EA|760|KRW|7600|20170227|1300|
C|005186|2017|50003252490003|001|4300006998|00030|CMZ0002|10|EA|400|KRW|4000|20170227|1300|
C|005186|2017|50003252490004|001|4300006998|00040|CMZ0005|20|EA|810|KRW|16200|20170227|1300|
C|005186|2017|50003252490005|001|4300006998|00050|CMZ0004|20|EA|220|KRW|4400|20170227|1300|
C|005186|2017|50003252490006|001|4300006998|00070|CMB0002|40|EA|2100|KRW|84000|20170227|1300|
C|005186|2017|50003252490007|001|4300006998|00080|CMB0003|40|EA|2200|KRW|88000|20170227|1300|
C|005186|2017|50003252490008|001|4300006998|00090|CMB0001|60|EA|520|KRW|31200|20170227|1300|
C|005186|2017|50003252490009|001|4300006998|00100|CMC0005|20|EA|150|KRW|3000|20170227|1300|
C|005186|2017|50003252490010|001|4300006998|00110|CMC0003|20|EA|310|KRW|6200|20170227|1300|
C|005186|2017|50003252490011|001|4300006998|00120|CMA0002|10|EA|1440|KRW|14400|20170227|1300|
C|005186|2017|50003252490012|001|4300006998|00130|CMA0001|200|EA|151|KRW|30200|20170227|1300|
C|005186|2017|50003252490013|001|4300006998|00140|CMA0007|140|EA|151|KRW|21140|20170227|1300|
C|005186|2017|50003252490014|001|4300006998|00150|CMA0008|140|EA|470|KRW|65800|20170227|1300|
C|005186|2017|50003252500001|001|4300006999|00010|CMA0001|700|EA|151|KRW|105700|20170227|1300|
C|005186|2017|50003252500002|001|4300006999|00020|CMA0007|400|EA|151|KRW|60400|20170227|1300|
C|005186|2017|50003252500003|001|4300006999|00030|CMA0008|50|EA|470|KRW|23500|20170227|1300|
C|005186|2017|50003252500004|001|4300006999|00040|CMA0017|50|EA|770|KRW|38500|20170227|1300|
C|005186|2017|50003252500005|001|4300006999|00050|CMB0001|60|EA|520|KRW|31200|20170227|1300|
C|005186|2017|50003252500006|001|4300006999|00060|CMB0002|120|EA|2100|KRW|252000|20170227|1300|
C|005186|2017|50003252500007|001|4300006999|00070|CMB0007|20|EA|760|KRW|15200|20170227|1300|
C|005186|2017|50003252500008|001|4300006999|00160|CMZ0002|20|EA|400|KRW|8000|20170227|1300|
C|005186|2017|50003252500009|001|4300006999|00170|CMZ0004|20|EA|220|KRW|4400|20170227|1300|
C|005186|2017|50003252500010|001|4300006999|00180|CMZ0009|200|EA|920|KRW|184000|20170227|1300|
C|005186|2017|50003252510001|001|4300007000|00010|CMA0001|600|EA|151|KRW|90600|20170227|1300|
C|005186|2017|50003252510002|001|4300007000|00020|CMA0007|300|EA|151|KRW|45300|20170227|1300|
C|005186|2017|50003252510003|001|4300007000|00030|CMA0008|300|EA|470|KRW|141000|20170227|1300|
C|005186|2017|50003252510004|001|4300007000|00050|CMB0001|400|EA|520|KRW|208000|20170227|1300|
C|005186|2017|50003252510005|001|4300007000|00070|CMC0005|300|EA|150|KRW|45000|20170227|1300|
C|005186|2017|50003252510006|001|4300007000|00150|CMZ0009|24|EA|920|KRW|22080|20170227|1300|
C|005186|2017|50003252520001|001|4300007001|00010|CMA0001|80|EA|151|KRW|12080|20170227|1300|
C|005186|2017|50003252520002|001|4300007001|00020|CMA0007|50|EA|151|KRW|7550|20170227|1300|
C|005186|2017|50003252520003|001|4300007001|00030|CMA0008|30|EA|470|KRW|14100|20170227|1300|
C|005186|2017|50003252520004|001|4300007001|00040|CMB0003|40|EA|2200|KRW|88000|20170227|1300|
C|005186|2017|50003252520005|001|4300007001|00060|CMZ0005|10|EA|810|KRW|8100|20170227|1300|
C|005186|2017|50003252530001|001|4300007002|00010|CMA0001|400|EA|151|KRW|60400|20170227|1300|
C|005186|2017|50003252530002|001|4300007002|00020|CMA0007|150|EA|151|KRW|22650|20170227|1300|
C|005186|2017|50003252530003|001|4300007002|00030|CMA0008|100|EA|470|KRW|47000|20170227|1300|
C|005186|2017|50003252530004|001|4300007002|00040|CMB0001|120|EA|520|KRW|62400|20170227|1300|
C|005186|2017|50003252530005|001|4300007002|00050|CMB0003|80|EA|2200|KRW|176000|20170227|1300|
C|005186|2017|50003252540001|001|4300007003|00010|CMA0001|200|EA|151|KRW|30200|20170227|1300|
C|005186|2017|50003252540002|001|4300007003|00020|CMA0003|2|EA|1150|KRW|2300|20170227|1300|
C|005186|2017|50003252540003|001|4300007003|00030|CMA0007|250|EA|151|KRW|37750|20170227|1300|
C|005186|2017|50003252540004|001|4300007003|00050|CMB0002|100|EA|2100|KRW|210000|20170227|1300|
C|005186|2017|50003252540005|001|4300007003|00060|CMC0005|30|EA|150|KRW|4500|20170227|1300|
C|005186|2017|50003252540006|001|4300007003|00110|CMZ0004|20|EA|220|KRW|4400|20170227|1300|
C|005186|2017|50003252550001|001|4300007004|00010|CMA0001|200|EA|151|KRW|30200|20170227|1300|
C|005186|2017|50003252550002|001|4300007004|00030|CMB0001|240|EA|520|KRW|124800|20170227|1300|
C|005186|2017|50003252550003|001|4300007004|00040|CMC0003|100|EA|310|KRW|31000|20170227|1300|
