C|005186|2020|50005502810001|001|4300015856|00010|UHGC0366|2|EA|470000|KRW|940000|20200226|1300|
C|005186|2020|50005502810002|001|4300015857|00010|UHGC0366|4|EA|470000|KRW|1880000|20200226|1300|
C|005186|2020|50005502810003|001|4300015874|00010|UCHC0039|2|EA|114450|KRW|228900|20200226|1300|
C|005186|2020|50005502820001|001|4300016061|00010|UGBC1587|10|EA|110000|KRW|1100000|20200226|1300|
C|005186|2020|50005502820002|001|4300016062|00060|UGCC1652|1|EA|367500|KRW|367500|20200226|1300|
C|005186|2020|50005502830001|001|4300016041|00090|KS990007|5|EA|51450|KRW|257250|20200226|1300|
C|005186|2020|50005502830002|001|4300016078|00010|UCIC0233|1|EA|1970000|KRW|1970000|20200226|1300|
C|005186|2020|50005502830003|001|4300016079|00010|UEBC1086|5|EA|45250|KRW|45250|20200226|1300|
C|005186|2020|50005502830004|001|4300016079|00020|UEBC0329|5|EA|14750|KRW|73750|20200226|1300|
C|005186|2020|50005502830005|001|4300016079|00030|UEBC0336|10|EA|6010|KRW|60100|20200226|1300|
C|005186|2020|50005502830006|001|4300016079|00040|UDBC0975|10|EA|6600|KRW|6600|20200226|1300|
C|005186|2020|50005502830007|001|4300016079|00050|UDBC1076|50|EA|6350|KRW|31750|20200226|1300|
C|005186|2020|50005502830008|001|4300016079|00060|UDBC0795|50|EA|1700|KRW|8500|20200226|1300|
C|005186|2020|50005502830009|001|4300016079|00080|UDEC0047|2|EA|85680|KRW|171360|20200226|1300|
C|005186|2020|50005502830010|001|4300016079|00120|UDBC0945|10|EA|1280|KRW|1280|20200226|1300|
C|005186|2020|50005502840001|001|4300016050|00040|UAEC0029|40|EA|75000|KRW|300000|20200226|1300|
C|005186|2020|50005502840002|001|4300016079|00070|UGBC1295|1|EA|121300|KRW|121300|20200226|1300|
C|005186|2020|50005502840003|001|4300016079|00090|UAGC0013|3|EA|11530|KRW|34590|20200226|1300|
C|005186|2020|50005502850001|001|4300015998|00020|UDDC0101|1|EA|58800|KRW|58800|20200226|1300|
C|005186|2020|50005502850002|001|4300016058|00050|UAEC0326|30|EA|74550|KRW|223650|20200226|1300|
C|005186|2020|50005502850003|001|4300016062|00120|UAJC0091|1|EA|42160|KRW|42160|20200226|1300|
C|005186|2020|50005502850004|001|4300016077|00010|UGBC1215|1|EA|112200|KRW|112200|20200226|1300|
C|005186|2020|50005502850005|001|4300016101|00050|UGBC1310|30|EA|9000|KRW|27000|20200226|1300|
C|005186|2020|50005502850006|001|4300016101|00060|UGBC1309|50|EA|14700|KRW|73500|20200226|1300|
C|005186|2020|50005502850007|001|4300016101|00150|UGCC0218|50|EA|28770|KRW|143850|20200226|1300|
C|005186|2020|50005502850008|001|4300016101|00160|UDFC0096|10|EA|6830|KRW|68300|20200226|1300|
C|005186|2020|50005502850009|001|4300016101|00170|UDFC0203|10|EA|6400|KRW|6400|20200226|1300|
C|005186|2020|50005502850010|001|4300016101|00180|UDFC0202|10|EA|21100|KRW|21100|20200226|1300|
C|005186|2020|50005502850011|001|4300016104|00030|UGCC0220|50|EA|22890|KRW|114450|20200226|1300|
C|005186|2020|50005502860001|001|4300016101|00010|UEBC1177|10|EA|44500|KRW|445000|20200226|1300|
C|005186|2020|50005502860002|001|4300016101|00020|UEBC0106|4|EA|3530|KRW|14120|20200226|1300|
C|005186|2020|50005502860003|001|4300016101|00080|UDDC0147|4|EA|92400|KRW|369600|20200226|1300|
C|005186|2020|50005502860004|001|4300016101|00090|UEBC0366|10|EA|4460|KRW|44600|20200226|1300|
C|005186|2020|50005502860005|001|4300016101|00110|UEBC0146|10|EA|26600|KRW|53200|20200226|1300|
C|005186|2020|50005502860006|001|4300016101|00120|UEBC0770|40|EA|12600|KRW|25200|20200226|1300|
C|005186|2020|50005502860007|001|4300016101|00130|UEBC0791|40|EA|27000|KRW|54000|20200226|1300|
C|005186|2020|50005502860008|001|4300016101|00140|UEBC0787|50|EA|8500|KRW|42500|20200226|1300|
C|005186|2020|50005502860009|001|4300016103|00010|UEBC0943|11|EA|174310|KRW|1917410|20200226|1300|
C|005186|2020|50005502860010|001|4300016104|00060|UEBC0040|1|EA|59540|KRW|59540|20200226|1300|
C|005186|2020|50005502860011|001|4300016104|00070|UEBC0043|1|EA|112460|KRW|112460|20200226|1300|
C|005186|2020|50005502860012|001|4300016104|00080|UEBC0007|8|EA|58800|KRW|470400|20200226|1300|
C|005186|2020|50005502860013|001|4300016104|00090|UEBC1210|5|EA|732500|KRW|732500|20200226|1300|
C|005186|2020|50005502860014|001|4300016105|00010|UEBC0002|4|EA|33600|KRW|134400|20200226|1300|
C|005186|2020|50005502860015|001|4300016105|00020|UEBC0006|4|EA|46250|KRW|185000|20200226|1300|
C|005186|2020|50005502860016|001|4300016105|00030|UEBC1572|8|EA|35700|KRW|285600|20200226|1300|
C|005186|2020|50005502860017|001|4300016105|00040|UEBC0561|1|EA|185260|KRW|185260|20200226|1300|
C|005186|2020|50005502860018|001|4300016105|00050|UEBC1125|5|EA|59500|KRW|297500|20200226|1300|
C|005186|2020|50005502860019|001|4300016105|00060|UDBC0423|300|EA|7500|KRW|22500|20200226|1300|
C|005186|2020|50005502870001|001|4300016023|00030|UGCC0244|10|EA|9980|KRW|99800|20200226|1300|
C|005186|2020|50005502870002|001|4300016023|00040|UGCC0257|10|EA|11550|KRW|115500|20200226|1300|
C|005186|2020|50005502870003|001|4300016077|00070|UAJC0049|50|EA|3900|KRW|19500|20200226|1300|
C|005186|2020|50005502870004|001|4300016097|00010|UCHC0039|5|EA|114450|KRW|572250|20200226|1300|
C|005186|2020|50005502870005|001|4300016101|00030|UDDC0009|1|EA|147630|KRW|147630|20200226|1300|
C|005186|2020|50005502870006|001|4300016104|00010|UGCC0499|1|EA|100700|KRW|100700|20200226|1300|
C|005186|2020|50005502870007|001|4300016104|00020|UGCC0498|1|EA|66800|KRW|66800|20200226|1300|
C|005186|2020|50005502880001|001|4300016059|00020|UALC0024|10|EA|132500|KRW|265000|20200226|1300|
C|005186|2020|50005502880002|001|4300016063|00010|UHGC0347|2|EA|861000|KRW|1722000|20200226|1300|
C|005186|2020|50005502880003|001|4300016081|00010|UHGC0295|5|EA|180200|KRW|180200|20200226|1300|
C|005186|2020|50005502880004|001|4300016081|00020|UHTC0756|10|EA|83000|KRW|830000|20200226|1300|
C|005186|2020|50005502880005|001|4300016082|00010|UHDC0043|1|EA|1982000|KRW|1982000|20200226|1300|
C|005186|2020|50005502880006|001|4300016083|00010|UHHC0082|1|EA|955500|KRW|955500|20200226|1300|
C|005186|2020|50005502880007|001|4300016083|00020|UHHC0014|1|EA|878960|KRW|878960|20200226|1300|
C|005186|2020|50005502880008|001|4300016085|00010|UHEC0017|2|EA|32550|KRW|65100|20200226|1300|
C|005186|2020|50005502880009|001|4300016086|00010|UHTC0090|4|EA|70000|KRW|280000|20200226|1300|
C|005186|2020|50005502880010|001|4300016097|00030|UHGC0358|3|EA|345600|KRW|1036800|20200226|1300|
C|005186|2020|50005502890001|001|4300016023|00020|UGBC1371|10|EA|66000|KRW|660000|20200226|1300|
C|005186|2020|50005502890002|001|4300016077|00020|UDFC0166|10|EA|40200|KRW|402000|20200226|1300|
C|005186|2020|50005502890003|001|4300016079|00100|UGCC0814|4|EA|24740|KRW|98960|20200226|1300|
C|005186|2020|50005502890004|001|4300016080|00010|UGCC0148|2|EA|943950|KRW|1887900|20200226|1300|
C|005186|2020|50005502900001|001|4300016109|00020|UFGC0024|5|EA|15120|KRW|75600|20200226|1300|
C|005186|2020|50005502900002|001|4300016117|00030|UHTC0870|2|EA|85800|KRW|171600|20200226|1300|
C|005186|2020|50005502900003|001|4300016117|00040|UFGC0045|10|EA|47500|KRW|475000|20200226|1300|
C|005186|2020|50005502900004|001|4300016117|00070|UDEC0066|1|EA|444680|KRW|444680|20200226|1300|
C|005186|2020|50005502900005|001|4300016118|00010|UEAC0167|1|EA|1038000|KRW|1038000|20200226|1300|
C|005186|2020|50005502900006|001|4300016139|00010|UEBC1399|20|EA|40080|KRW|400800|20200226|1300|
C|005186|2020|50005502900007|001|4300016139|00070|UEBC0483|5|EA|15700|KRW|15700|20200226|1300|
C|005186|2020|50005502900008|001|4300016139|00100|UFGC0060|3|EA|30980|KRW|92940|20200226|1300|
C|005186|2020|50005502900009|001|4300016140|00060|UHTC0833|3|EA|79690|KRW|239070|20200226|1300|
C|005186|2020|50005502900010|001|4300016144|00020|UDBC0572|40|EA|5100|KRW|20400|20200226|1300|
C|005186|2020|50005502900011|001|4300016144|00030|UDBC0356|40|EA|1300|KRW|5200|20200226|1300|
C|005186|2020|50005502900012|001|4300016144|00040|UDBC0728|80|EA|500|KRW|4000|20200226|1300|
C|005186|2020|50005502910001|001|4300016110|00010|UGCC0894|400|EA|300000|KRW|1200000|20200226|1300|
C|005186|2020|50005502910002|001|4300016111|00010|UGCC0894|500|EA|300000|KRW|1500000|20200226|1300|
C|005186|2020|50005502910003|001|4300016117|00080|UEBC1410|4|EA|127200|KRW|508800|20200226|1300|
C|005186|2020|50005502910004|001|4300016119|00020|UEBC1675|2|EA|24400|KRW|48800|20200226|1300|
C|005186|2020|50005502910005|001|4300016120|00010|UEBC1261|10|EA|31800|KRW|318000|20200226|1300|
C|005186|2020|50005502910006|001|4300016120|00020|UEBC0698|20|EA|40950|KRW|819000|20200226|1300|
C|005186|2020|50005502910007|001|4300016121|00010|UEBC0685|10|EA|68500|KRW|685000|20200226|1300|
C|005186|2020|50005502910008|001|4300016121|00020|UEBC1488|10|EA|24300|KRW|243000|20200226|1300|
C|005186|2020|50005502910009|001|4300016140|00010|UEBC1505|2|EA|454000|KRW|908000|20200226|1300|
C|005186|2020|50005502910010|001|4300016140|00020|UEBC0074|50|EA|73700|KRW|368500|20200226|1300|
C|005186|2020|50005502910011|001|4300016140|00030|UEBC0338|30|EA|10640|KRW|319200|20200226|1300|
C|005186|2020|50005502910012|001|4300016143|00040|UDAC0220|2|EA|3680|KRW|7360|20200226|1300|
C|005186|2020|50005502920001|001|4300016109|00100|UZZC0106|5|EA|23150|KRW|115750|20200226|1300|
C|005186|2020|50005502920002|001|4300016111|00020|UZZC0030|30|EA|15200|KRW|45600|20200226|1300|
C|005186|2020|50005502920003|001|4300016139|00020|UIEC0035|20|EA|37800|KRW|756000|20200226|1300|
C|005186|2020|50005502920004|001|4300016139|00090|UICC0061|10|EA|4540|KRW|45400|20200226|1300|
C|005186|2020|50005502920005|001|4300016143|00050|UGAC0065|1|EA|124800|KRW|124800|20200226|1300|
C|005186|2020|50005502930001|001|4300016077|00040|UBCC0027|6|EA|24220|KRW|145320|20200226|1300|
C|005186|2020|50005502930002|001|4300016077|00050|UAJC0047|50|EA|4700|KRW|23500|20200226|1300|
C|005186|2020|50005502930003|001|4300016077|00060|UAJC0046|50|EA|4700|KRW|23500|20200226|1300|
C|005186|2020|50005502930004|001|4300016097|00020|UGBC0678|1|EA|65100|KRW|65100|20200226|1300|
C|005186|2020|50005502930005|001|4300016116|00020|UHTC0889|6|EA|99800|KRW|598800|20200226|1300|
C|005186|2020|50005502930006|001|4300016116|00030|UHTC0890|6|EA|99800|KRW|598800|20200226|1300|
C|005186|2020|50005502930007|001|4300016143|00010|UGBC1501|2|EA|452000|KRW|904000|20200226|1300|
C|005186|2020|50005502930008|001|4300016143|00020|UGBC0284|30|EA|14200|KRW|85200|20200226|1300|
C|005186|2020|50005502930009|001|4300016143|00030|UCIC0166|2|EA|189300|KRW|378600|20200226|1300|
C|005186|2020|50005502930010|001|4300016144|00010|UGBC1551|1|EA|505300|KRW|505300|20200226|1300|
C|005186|2020|50005502930011|001|4300016144|00050|UGBC0678|1|EA|65100|KRW|65100|20200226|1300|
C|005186|2020|50005502940001|001|4300016084|00010|UADC0033|1|EA|344500|KRW|344500|20200226|1300|
