C|005186|2021|50006165280001|001|4300019269|00070|UAEC0299|4|EA|18900|KRW|75600|20210129|1300|
C|005186|2021|50006165280002|001|4300019285|00070|UGCC0257|10|EA|11550|KRW|115500|20210129|1300|
C|005186|2021|50006165280003|001|4300019337|00010|UCHC0039|5|EA|114450|KRW|572250|20210129|1300|
C|005186|2021|50006165280004|001|4300019337|00020|UEAC1162|1|EA|157500|KRW|157500|20210129|1300|
C|005186|2021|50006165280005|001|4300019349|00020|UAGC0480|1|EA|506000|KRW|506000|20210129|1300|
C|005186|2021|50006165280006|001|4300019350|00010|UDFC0081|50|EA|4830|KRW|241500|20210129|1300|
C|005186|2021|50006165280007|001|4300019350|00020|UDFC0226|50|EA|5370|KRW|268500|20210129|1300|
C|005186|2021|50006165280008|001|4300019350|00030|UDFC0235|50|EA|5760|KRW|288000|20210129|1300|
C|005186|2021|50006165280009|001|4300019350|00040|UDFC0123|50|EA|3885|KRW|194250|20210129|1300|
C|005186|2021|50006165280010|001|4300019350|00050|UDFC0178|50|EA|15580|KRW|779000|20210129|1300|
C|005186|2021|50006165280011|001|4300019352|00010|UAGC0409|50|EA|13560|KRW|678000|20210129|1300|
C|005186|2021|50006165280012|001|4300019352|00030|UAJC0011|3|EA|45740|KRW|137220|20210129|1300|
C|005186|2021|50006165280013|001|4300019357|00010|UAGC0410|50|EA|25410|KRW|1270500|20210129|1300|
C|005186|2021|50006165290001|001|4300019270|00060|UGCC0894|200|EA|3000|KRW|600000|20210129|1300|
C|005186|2021|50006165290002|001|4300019272|00010|UGCC0894|400|EA|3000|KRW|1200000|20210129|1300|
C|005186|2021|50006165290003|001|4300019338|00010|UZZC0197|1|EA|1302000|KRW|1302000|20210129|1300|
C|005186|2021|50006165290004|001|4300019348|00010|UEAC0137|2|EA|519900|KRW|1039800|20210129|1300|
C|005186|2021|50006165290005|001|4300019348|00020|UEBC0138|5|EA|8170|KRW|40850|20210129|1300|
C|005186|2021|50006165290006|001|4300019348|00030|UDAC0335|10|EA|1060|KRW|10600|20210129|1300|
C|005186|2021|50006165290007|001|4300019348|00040|UDAC0253|30|EA|1270|KRW|38100|20210129|1300|
C|005186|2021|50006165290008|001|4300019348|00050|UDAC0448|30|EA|1920|KRW|57600|20210129|1300|
C|005186|2021|50006165290009|001|4300019348|00060|UEBC0663|3|EA|69930|KRW|209790|20210129|1300|
C|005186|2021|50006165290010|001|4300019348|00070|UEBC1177|5|EA|44500|KRW|222500|20210129|1300|
C|005186|2021|50006165290011|001|4300019349|00010|UEAC0137|2|EA|519900|KRW|1039800|20210129|1300|
