C|005186|2014|50001176580001|001|4300001965|00760|UDAC0298|4|EA|6890|KRW|27560|20141215|1300|
C|005186|2014|50001176580002|001|4300001965|00770|UEBC1186|2|EA|68300|KRW|136600|20141215|1300|
C|005186|2014|50001176580003|001|4300001965|00780|UEBC1187|3|EA|63000|KRW|189000|20141215|1300|
C|005186|2014|50001176580004|001|4300001965|00790|UEAC0164|2|EA|196000|KRW|392000|20141215|1300|
C|005186|2014|50001176580005|001|4300001965|00800|UEAC0165|2|EA|76300|KRW|152600|20141215|1300|
C|005186|2014|50001176580006|001|4300001965|00810|UEBC1188|2|EA|26000|KRW|52000|20141215|1300|
C|005186|2014|50001176580007|001|4300001965|00820|UEBC1189|13|EA|93200|KRW|1211600|20141215|1300|
C|005186|2014|50001176580008|001|4300001965|00830|UEBC1190|5|EA|45500|KRW|227500|20141215|1300|
C|005186|2014|50001176580009|001|4300001965|00840|UEBC1191|1|EA|355910|KRW|355910|20141215|1300|
C|005186|2014|50001176580010|001|4300001965|00850|UEBC1192|6|EA|89000|KRW|534000|20141215|1300|
C|005186|2014|50001176580011|001|4300001965|00860|UEAC0166|2|EA|69900|KRW|139800|20141215|1300|
C|005186|2014|50001176580012|001|4300001965|00870|UAEC0419|5|EA|1300|KRW|6500|20141215|1300|
C|005186|2014|50001176580013|001|4300001965|00880|UAEC0420|5|EA|1300|KRW|6500|20141215|1300|
C|005186|2014|50001176580014|001|4300001965|00890|UDBC0900|10|EA|235|KRW|2350|20141215|1300|
C|005186|2014|50001176580015|001|4300001965|00900|UDBC0901|50|EA|27|KRW|1350|20141215|1300|
C|005186|2014|50001176580016|001|4300001965|00970|UDBC0898|5|EA|7000|KRW|35000|20141215|1300|
C|005186|2014|50001176580017|001|4300001965|00980|UDBC0899|1|EA|3040|KRW|3040|20141215|1300|
C|005186|2014|50001176580018|001|4300001965|00990|UAGC0461|1|EA|10100|KRW|10100|20141215|1300|
C|005186|2014|50001176580019|001|4300001965|01000|UAGC0462|2|EA|22300|KRW|44600|20141215|1300|
C|005186|2014|50001176580020|001|4300001965|01010|UAGC0463|2|EA|29500|KRW|59000|20141215|1300|
C|005186|2014|50001176580021|001|4300001965|01020|UEBC1185|50|EA|3180|KRW|159000|20141215|1300|
C|005186|2014|50001176580022|001|4300001965|01030|UDAC0295|50|EA|3180|KRW|159000|20141215|1300|
C|005186|2014|50001176580023|001|4300001965|01040|UDAC0296|20|EA|1590|KRW|31800|20141215|1300|
C|005186|2014|50001176580024|001|4300001965|01050|UDAC0297|4|EA|6890|KRW|27560|20141215|1300|
C|005186|2014|50001176580025|001|4300001965|01220|UDDC0064|10|EA|24360|KRW|243600|20141215|1300|
C|005186|2014|50001176580026|001|4300001965|01230|UDDC0062|10|EA|13970|KRW|139700|20141215|1300|
C|005186|2014|50001176580027|001|4300001965|01240|UAGC0193|50|EA|3255|KRW|162750|20141215|1300|
C|005186|2014|50001176580028|001|4300001965|01250|UDAC0053|5|EA|196350|KRW|981750|20141215|1300|
C|005186|2014|50001176580029|001|4300001965|01260|UEBC0812|10|EA|14070|KRW|140700|20141215|1300|
C|005186|2014|50001176580030|001|4300001965|01270|UBCC0045|10|EA|5050|KRW|50500|20141215|1300|
C|005186|2014|50001176580031|001|4300001965|01310|UEBC1180|4|EA|137400|KRW|549600|20141215|1300|
C|005186|2014|50001176580032|001|4300001965|01370|UEBC1204|5|EA|28500|KRW|142500|20141215|1300|
C|005186|2014|50001176580033|001|4300001965|01380|UEBC1205|4|EA|16200|KRW|64800|20141215|1300|
C|005186|2014|50001176590001|001|4300001965|00050|KS061503|20|EA|3150|KRW|63000|20141215|1300|
C|005186|2014|50001176590002|001|4300001965|00060|KS061504|4|EA|4050|KRW|16200|20141215|1300|
C|005186|2014|50001176590003|001|4300001965|00070|KS061506|3|EA|7850|KRW|23550|20141215|1300|
C|005186|2014|50001176590004|001|4300001965|00080|KS061507|6|EA|8260|KRW|49560|20141215|1300|
C|005186|2014|50001176590005|001|4300001965|00090|KS061508|1|EA|10510|KRW|10510|20141215|1300|
C|005186|2014|50001176590006|001|4300001965|00100|KS064003|2|EA|4310|KRW|8620|20141215|1300|
C|005186|2014|50001176590007|001|4300001965|00110|KS066901|4|EA|1290|KRW|5160|20141215|1300|
C|005186|2014|50001176590008|001|4300001965|00120|KS066902|5|EA|1540|KRW|7700|20141215|1300|
C|005186|2014|50001176590009|001|4300001965|00130|KS066904|2|EA|2000|KRW|4000|20141215|1300|
C|005186|2014|50001176590010|001|4300001965|00140|KS067002|4|EA|1460|KRW|5840|20141215|1300|
C|005186|2014|50001176590011|001|4300001965|00150|KS067004|4|EA|2000|KRW|8000|20141215|1300|
C|005186|2014|50001176590012|001|4300001965|00160|KS067005|3|EA|2400|KRW|7200|20141215|1300|
C|005186|2014|50001176590013|001|4300001965|00170|KS080709|2|EA|24700|KRW|49400|20141215|1300|
C|005186|2014|50001176590014|001|4300001965|00180|KS080711|3|EA|32300|KRW|96900|20141215|1300|
C|005186|2014|50001176590015|001|4300001965|00200|KS990009|1|EA|8820|KRW|8820|20141215|1300|
C|005186|2014|50001176590016|001|4300001965|00380|KT080360|1|EA|5250|KRW|5250|20141215|1300|
C|005186|2014|50001178300001|001|4300001965|01190|UFGC0045|1|EA|47500|KRW|47500|20141215|1300|
