C|005186|2018|50004244880001|001|4300010447|00050|UIEC0042|2|EA|12500|KRW|25000|20180613|1300|
C|005186|2018|50004244880002|001|4300010489|00030|UGBC1423|3|EA|233000|KRW|699000|20180613|1300|
C|005186|2018|50004244880003|001|4300010490|00030|UGCC0259|5|EA|26320|KRW|131600|20180613|1300|
C|005186|2018|50004244880004|001|4300010490|00040|UHFC0177|5|EA|47250|KRW|236250|20180613|1300|
C|005186|2018|50004244880005|001|4300010492|00010|UAEC0496|1|EA|104980|KRW|104980|20180613|1300|
C|005186|2018|50004244880006|001|4300010492|00040|UIEC0082|1|EA|44270|KRW|44270|20180613|1300|
C|005186|2018|50004244880007|001|4300010495|00050|UICC0034|1|EA|23100|KRW|23100|20180613|1300|
C|005186|2018|50004244890001|001|4300010140|00010|UIDC0135|4|EA|37900|KRW|151600|20180613|1300|
C|005186|2018|50004244890002|001|4300010497|00030|UDBC1059|20|EA|11700|KRW|23400|20180613|1300|
C|005186|2018|50004244890003|001|4300010497|00040|UAGC0547|1|EA|63030|KRW|63030|20180613|1300|
C|005186|2018|50004244890004|001|4300010498|00040|UADC0177|1|EA|43850|KRW|43850|20180613|1300|
C|005186|2018|50004244890005|001|4300010498|00050|UAEC0497|1|EA|14440|KRW|14440|20180613|1300|
C|005186|2018|50004244890006|001|4300010503|00020|CMH0007|2|EA|11600|KRW|23200|20180613|1300|
C|005186|2018|50004245000001|001|4300009825|00020|UDCC0015|1|EA|86300|KRW|86300|20180613|1300|
C|005186|2018|50004245000002|001|4300009828|00030|UFFC0012|20|EA|31190|KRW|623800|20180613|1300|
C|005186|2018|50004245000003|001|4300009871|00050|UDDC0131|10|EA|24360|KRW|243600|20180613|1300|
C|005186|2018|50004245000004|001|4300009901|00030|UDEC0030|1|EA|95450|KRW|95450|20180613|1300|
C|005186|2018|50004245000005|001|4300009996|00050|UDDC0145|1|EA|79500|KRW|79500|20180613|1300|
C|005186|2018|50004245000006|001|4300010013|00050|UDDC0348|10|EA|17160|KRW|171600|20180613|1300|
C|005186|2018|50004245000007|001|4300010013|00060|UDDC0221|10|EA|17850|KRW|178500|20180613|1300|
C|005186|2018|50004245000008|001|4300010027|00040|UDDC0218|10|EA|26570|KRW|265700|20180613|1300|
C|005186|2018|50004245000009|001|4300010027|00050|UDDC0220|10|EA|53550|KRW|535500|20180613|1300|
C|005186|2018|50004245000010|001|4300010098|00060|UDDC0373|1|EA|36900|KRW|36900|20180613|1300|
C|005186|2018|50004245000011|001|4300010205|00030|UJAC0012|1|EA|86840|KRW|86840|20180613|1300|
C|005186|2018|50004245010001|001|4300010500|00040|UDDC0403|1|EA|120750|KRW|120750|20180613|1300|
C|005186|2018|50004245020001|001|4300010440|00020|UGBC0759|20|EA|45200|KRW|90400|20180613|1300|
C|005186|2018|50004245020002|001|4300010440|00030|UGBC0777|20|EA|49400|KRW|98800|20180613|1300|
C|005186|2018|50004245020003|001|4300010447|00090|UGCC0613|4|EA|9450|KRW|37800|20180613|1300|
C|005186|2018|50004245020004|001|4300010492|00020|UGCC1405|5|EA|12650|KRW|63250|20180613|1300|
C|005186|2018|50004245020005|001|4300010492|00030|UGCC1406|5|EA|9490|KRW|47450|20180613|1300|
C|005186|2018|50004245030001|001|4300010208|00010|UHTC0841|1|EA|431000|KRW|431000|20180613|1300|
C|005186|2018|50004245030002|001|4300010584|00020|UDDC0186|2|EA|32970|KRW|65940|20180613|1300|
C|005186|2018|50004245030003|001|4300010584|00060|UDEC0002|20|EA|44100|KRW|882000|20180613|1300|
C|005186|2018|50004245030004|001|4300010601|00020|UCHC0034|10|EA|25200|KRW|252000|20180613|1300|
C|005186|2018|50004245030005|001|4300010608|00010|UGCC0894|400|EA|300000|KRW|1200000|20180613|1300|
C|005186|2018|50004245040001|001|4300010448|00060|UGCC1088|6|EA|52400|KRW|314400|20180613|1300|
C|005186|2018|50004245040002|001|4300010467|00010|UCGC0004|1|EA|461000|KRW|461000|20180613|1300|
C|005186|2018|50004245040003|001|4300010489|00010|UGCC0014|3|EA|129000|KRW|387000|20180613|1300|
C|005186|2018|50004245040004|001|4300010489|00020|UGCC0011|3|EA|240000|KRW|720000|20180613|1300|
C|005186|2018|50004245040005|001|4300010491|00010|UDFC0204|1|EA|247800|KRW|247800|20180613|1300|
C|005186|2018|50004245040006|001|4300010497|00020|UGCC1403|2|EA|79000|KRW|158000|20180613|1300|
C|005186|2018|50004245050001|001|4300010497|00050|UEBC1493|5|EA|26400|KRW|132000|20180613|1300|
C|005186|2018|50004245050002|001|4300010498|00020|UDBC1057|2|EA|174000|KRW|348000|20180613|1300|
C|005186|2018|50004245050003|001|4300010498|00030|UDBC1058|1|EA|133000|KRW|133000|20180613|1300|
C|005186|2018|50004245050004|001|4300010498|00060|UEBC1478|5|EA|26400|KRW|132000|20180613|1300|
C|005186|2018|50004245050005|001|4300010498|00070|UEBC1479|4|EA|34800|KRW|139200|20180613|1300|
C|005186|2018|50004245050006|001|4300010498|00080|UEBC1480|3|EA|70600|KRW|211800|20180613|1300|
C|005186|2018|50004245050007|001|4300010499|00020|UEBC1484|5|EA|48500|KRW|242500|20180613|1300|
C|005186|2018|50004245050008|001|4300010500|00010|UEBC1481|3|EA|50600|KRW|151800|20180613|1300|
C|005186|2018|50004245050009|001|4300010500|00020|UEBC1482|3|EA|21100|KRW|63300|20180613|1300|
C|005186|2018|50004245050010|001|4300010500|00030|UEBC1483|8|EA|106400|KRW|425600|20180613|1300|
C|005186|2018|50004245050011|001|4300010500|00050|UEBC1485|4|EA|102200|KRW|204400|20180613|1300|
C|005186|2018|50004245050012|001|4300010500|00060|UEBC1486|2|EA|248000|KRW|496000|20180613|1300|
C|005186|2018|50004245050013|001|4300010500|00070|UEBC1487|1|EA|48500|KRW|48500|20180613|1300|
C|005186|2018|50004245050014|001|4300010500|00080|UEBC1488|5|EA|24300|KRW|121500|20180613|1300|
C|005186|2018|50004245050015|001|4300010500|00090|UEBC1489|5|EA|21100|KRW|105500|20180613|1300|
C|005186|2018|50004245050016|001|4300010500|00100|UEBC1492|1|EA|33800|KRW|33800|20180613|1300|
C|005186|2018|50004245050017|001|4300010501|00010|UEBC1490|2|EA|323000|KRW|323000|20180613|1300|
C|005186|2018|50004245050018|001|4300010501|00020|UEBC1491|2|EA|460000|KRW|460000|20180613|1300|
C|005186|2018|50004245060001|001|4300010497|00010|UGCC1402|2|EA|590000|KRW|1180000|20180613|1300|
C|005186|2018|50004245060002|001|4300010499|00010|UGCC1401|2|EA|853700|KRW|1707400|20180613|1300|
C|005186|2018|50004245060003|001|4300010576|00030|UGAC0077|3|EA|36610|KRW|109830|20180613|1300|
C|005186|2018|50004245060004|001|4300010585|00010|UABC0037|10|EA|3700|KRW|37000|20180613|1300|
C|005186|2018|50004245060005|001|4300010586|00010|UAHC0015|5|EA|36850|KRW|184250|20180613|1300|
C|005186|2018|50004245060006|001|4300010586|00020|UGCC0737|1|EA|1769000|KRW|1769000|20180613|1300|
C|005186|2018|50004245060007|001|4300010587|00060|UDBC0957|100|EA|477000|KRW|477000|20180613|1300|
C|005186|2018|50004245060008|001|4300010588|00020|UDBC1034|100|EA|498000|KRW|498000|20180613|1300|
C|005186|2018|50004245060009|001|4300010591|00030|UGBC0259|20|EA|1690|KRW|33800|20180613|1300|
C|005186|2018|50004245060010|001|4300010592|00040|UDDC0093|10|EA|31500|KRW|31500|20180613|1300|
C|005186|2018|50004245070001|001|4300010587|00020|UAIC0002|10|EA|18400|KRW|36800|20180613|1300|
C|005186|2018|50004245070002|001|4300010587|00030|UAGC0052|10|EA|25200|KRW|25200|20180613|1300|
C|005186|2018|50004245070003|001|4300010587|00040|UZZC0033|4|EA|41700|KRW|166800|20180613|1300|
C|005186|2018|50004245070004|001|4300010588|00030|UGAC0054|1|EA|392700|KRW|392700|20180613|1300|
C|005186|2018|50004245070005|001|4300010589|00010|UGCC0737|1|EA|1769000|KRW|1769000|20180613|1300|
C|005186|2018|50004245070006|001|4300010589|00020|UAGC0064|1|EA|112630|KRW|112630|20180613|1300|
C|005186|2018|50004245070007|001|4300010589|00030|UAGC0023|20|EA|16600|KRW|33200|20180613|1300|
C|005186|2018|50004245070008|001|4300010590|00020|UHTC0290|1|EA|59970|KRW|59970|20180613|1300|
C|005186|2018|50004245070009|001|4300010590|00030|UAEC0058|4|EA|24700|KRW|49400|20180613|1300|
C|005186|2018|50004245070010|001|4300010590|00040|UGAC0053|2|EA|69880|KRW|139760|20180613|1300|
C|005186|2018|50004245070011|001|4300010591|00010|UAEC0038|2|EA|4520|KRW|9040|20180613|1300|
C|005186|2018|50004245070012|001|4300010591|00020|UHTC0486|1|EA|46410|KRW|46410|20180613|1300|
C|005186|2018|50004245070013|001|4300010591|00050|UIEC0010|3|EA|3040|KRW|9120|20180613|1300|
C|005186|2018|50004245070014|001|4300010591|00080|UKEC0023|40|EA|1530|KRW|61200|20180613|1300|
C|005186|2018|50004245070015|001|4300010591|00090|UHTC0246|60|EA|169400|KRW|508200|20180613|1300|
C|005186|2018|50004245070016|001|4300010591|00100|UHTC0244|40|EA|70000|KRW|140000|20180613|1300|
C|005186|2018|50004245070017|001|4300010592|00010|UAHC0015|2|EA|36850|KRW|73700|20180613|1300|
C|005186|2018|50004245070018|001|4300010592|00020|UKEC0108|1|EA|137020|KRW|137020|20180613|1300|
C|005186|2018|50004245070019|001|4300010592|00060|UGAC0087|2|EA|31800|KRW|63600|20180613|1300|
C|005186|2018|50004245070020|001|4300010592|00070|UKEC0010|40|EA|61200|KRW|61200|20180613|1300|
C|005186|2018|50004245070021|001|4300010592|00080|UKEC0021|10|EA|15200|KRW|15200|20180613|1300|
C|005186|2018|50004245070022|001|4300010592|00090|UKEC0018|10|EA|15300|KRW|15300|20180613|1300|
C|005186|2018|50004245070023|001|4300010592|00100|UKEC0023|10|EA|1530|KRW|15300|20180613|1300|
C|005186|2018|50004245070024|001|4300010592|00110|UGAC0053|3|EA|69880|KRW|209640|20180613|1300|
C|005186|2018|50004245070025|001|4300010592|00120|UAEC0047|3|EA|21000|KRW|63000|20180613|1300|
C|005186|2018|50004245070026|001|4300010592|00130|UAEC0316|4|EA|2624|KRW|5248|20180613|1300|
C|005186|2018|50004245070027|001|4300010592|00140|UAEC0317|4|EA|3046|KRW|6092|20180613|1300|
C|005186|2018|50004245070028|001|4300010592|00150|UAEC0346|2|EA|8630|KRW|17260|20180613|1300|
C|005186|2018|50004245070029|001|4300010592|00160|UAEC0025|2|EA|8900|KRW|17800|20180613|1300|
C|005186|2018|50004245070030|001|4300010592|00170|UAEC0026|2|EA|10940|KRW|21880|20180613|1300|
C|005186|2018|50004245070031|001|4300010592|00180|UAEC0246|4|EA|5840|KRW|11680|20180613|1300|
C|005186|2018|50004245070032|001|4300010592|00190|UAEC0037|2|EA|4520|KRW|9040|20180613|1300|
