C|005186|2018|50004167540001|001|4300010105|00010|KH990100|4|EA|27220|KRW|108880|20180430|1300|
C|005186|2018|50004167540002|001|4300010105|00020|KH990101|6|EA|7250|KRW|43500|20180430|1300|
C|005186|2018|50004167540003|001|4300010105|00030|KT020500|20|EA|3110|KRW|62200|20180430|1300|
C|005186|2018|50004167540004|001|4300010105|00040|KT020600|4|EA|14910|KRW|59640|20180430|1300|
C|005186|2018|50004167540005|001|4300010105|00050|KT020611|1|EA|28140|KRW|28140|20180430|1300|
C|005186|2018|50004167540006|001|4300010105|00060|KT020612|1|EA|44100|KRW|44100|20180430|1300|
C|005186|2018|50004167540007|001|4300010105|00070|KT080311|1|EA|72980|KRW|72980|20180430|1300|
C|005186|2018|50004167540008|001|4300010105|00080|KT080500|3|EA|26500|KRW|79500|20180430|1300|
C|005186|2018|50004167540009|001|4300010105|00090|KT990001|100|EA|5100|KRW|51000|20180430|1300|
C|005186|2018|50004167540010|001|4300010105|00100|KT990010|160|EA|3700|KRW|59200|20180430|1300|
C|005186|2018|50004167540011|001|4300010147|00030|UAGC0440|10|EA|55700|KRW|55700|20180430|1300|
C|005186|2018|50004167540012|001|4300010147|00040|UAGC0153|10|EA|5830|KRW|58300|20180430|1300|
C|005186|2018|50004167540013|001|4300010147|00050|UAGC0441|10|EA|80200|KRW|80200|20180430|1300|
C|005186|2018|50004167540014|001|4300010147|00060|UAGC0140|10|EA|10500|KRW|105000|20180430|1300|
C|005186|2018|50004167540015|001|4300010147|00070|UAGC0142|10|EA|14640|KRW|146400|20180430|1300|
C|005186|2018|50004167550001|001|4300010146|00020|UFGC0060|2|EA|30980|KRW|61960|20180430|1300|
C|005186|2018|50004167550002|001|4300010146|00030|UFGC0061|2|EA|30030|KRW|60060|20180430|1300|
C|005186|2018|50004167550003|001|4300010146|00040|UFGC0062|2|EA|30970|KRW|61940|20180430|1300|
C|005186|2018|50004167560001|001|4300010104|00010|KE110100|15|EA|124000|KRW|1860000|20180430|1300|
C|005186|2018|50004167560002|001|4300010105|00170|KE110200|10|EA|65100|KRW|651000|20180430|1300|
C|005186|2018|50004167560003|001|4300010105|00180|KE180203|24|EA|13650|KRW|327600|20180430|1300|
C|005186|2018|50004167560004|001|4300010105|00190|KE230003|75|EA|46750|KRW|140250|20180430|1300|
C|005186|2018|50004167560005|001|4300010109|00010|UAEC0492|1|EA|44660|KRW|44660|20180430|1300|
C|005186|2018|50004167560006|001|4300010132|00020|UCKC0127|1|EA|1348000|KRW|1348000|20180430|1300|
C|005186|2018|50004167560007|001|4300010136|00010|UEBC1470|2|EA|460000|KRW|460000|20180430|1300|
C|005186|2018|50004167560008|001|4300010136|00020|UEBC1471|2|EA|323000|KRW|323000|20180430|1300|
C|005186|2018|50004167560009|001|4300010136|00030|UEBC0107|2|EA|4040|KRW|8080|20180430|1300|
C|005186|2018|50004167560010|001|4300010136|00040|UDAC0377|1|EA|8480|KRW|8480|20180430|1300|
C|005186|2018|50004167560011|001|4300010138|00010|KS080721|5|EA|71710|KRW|358550|20180430|1300|
C|005186|2018|50004167560012|001|4300010139|00010|UHHC0214|20|EA|762000|KRW|1524000|20180430|1300|
C|005186|2018|50004167570001|001|4300010145|00010|UEBC1344|10|EA|20200|KRW|202000|20180430|1300|
C|005186|2018|50004167570002|001|4300010145|00020|UEBC1345|10|EA|20700|KRW|207000|20180430|1300|
C|005186|2018|50004167570003|001|4300010145|00030|UADC0169|1|EA|4530|KRW|4530|20180430|1300|
C|005186|2018|50004167570004|001|4300010145|00040|UADC0171|1|EA|4530|KRW|4530|20180430|1300|
C|005186|2018|50004167570005|001|4300010145|00050|UADC0172|1|EA|4530|KRW|4530|20180430|1300|
C|005186|2018|50004167570006|001|4300010145|00060|UADC0173|1|EA|33730|KRW|33730|20180430|1300|
C|005186|2018|50004167570007|001|4300010145|00070|UADC0170|1|EA|4530|KRW|4530|20180430|1300|
C|005186|2018|50004167580001|001|4300010094|00010|UEAC0184|5|EA|1897400|KRW|1897400|20180430|1300|
C|005186|2018|50004167580002|001|4300010095|00010|UHNC0145|1|EA|1790000|KRW|1790000|20180430|1300|
C|005186|2018|50004167580003|001|4300010095|00020|UHDC0157|3|EA|8340|KRW|25020|20180430|1300|
C|005186|2018|50004167580004|001|4300010095|00030|UHNC0109|100|EA|65000|KRW|65000|20180430|1300|
C|005186|2018|50004167580005|001|4300010096|00010|UHHC0190|1|EA|221000|KRW|221000|20180430|1300|
C|005186|2018|50004167580006|001|4300010096|00020|UHHC0060|1|EA|412650|KRW|412650|20180430|1300|
C|005186|2018|50004167580007|001|4300010096|00030|UHBC0008|1|EA|665260|KRW|665260|20180430|1300|
C|005186|2018|50004167580008|001|4300010099|00010|UHGC0294|10|EA|96460|KRW|964600|20180430|1300|
C|005186|2018|50004167580009|001|4300010099|00020|UHFC0075|20|EA|136300|KRW|272600|20180430|1300|
C|005186|2018|50004167580010|001|4300010099|00030|UHFC0218|200|EA|50000|KRW|50000|20180430|1300|
C|005186|2018|50004167580011|001|4300010099|00040|UHFC0054|100|EA|15800|KRW|15800|20180430|1300|
C|005186|2018|50004167580012|001|4300010099|00050|UHFC0394|10|EA|310500|KRW|310500|20180430|1300|
C|005186|2018|50004167580013|001|4300010099|00060|UHFC0437|5|EA|63600|KRW|63600|20180430|1300|
C|005186|2018|50004167580014|001|4300010099|00070|UHFC0438|5|EA|70490|KRW|70490|20180430|1300|
C|005186|2018|50004167590001|001|4300010124|00010|UHGC0134|2|EA|756000|KRW|1512000|20180430|1300|
C|005186|2018|50004167590002|001|4300010124|00030|UHGC0307|5|EA|333370|KRW|333370|20180430|1300|
C|005186|2018|50004167590003|001|4300010125|00010|UHGC0308|5|EA|121370|KRW|121370|20180430|1300|
C|005186|2018|50004167590004|001|4300010125|00020|UHGC0213|5|EA|140020|KRW|140020|20180430|1300|
C|005186|2018|50004167590005|001|4300010125|00030|UHEC0013|2|EA|201600|KRW|201600|20180430|1300|
C|005186|2018|50004167590006|001|4300010125|00040|UHFC0049|2|EA|22050|KRW|44100|20180430|1300|
C|005186|2018|50004167590007|001|4300010125|00050|UHDC0257|3|EA|131000|KRW|393000|20180430|1300|
C|005186|2018|50004167590008|001|4300010126|00010|UHGC0347|2|EA|861000|KRW|1722000|20180430|1300|
C|005186|2018|50004168800001|001|4300010129|00030|UGBC1687|1|EA|42200|KRW|42200|20180430|1300|
C|005186|2018|50004168800002|001|4300010129|00070|UGBC1690|1|EA|265000|KRW|265000|20180430|1300|
C|005186|2018|50004168800003|001|4300010129|00100|UCIC0221|1|EA|369000|KRW|369000|20180430|1300|
C|005186|2018|50004168800004|001|4300010130|00010|UCIC0220|3|EA|560000|KRW|1680000|20180430|1300|
C|005186|2018|50004168800005|001|4300010130|00020|UGBC1693|1|EA|62200|KRW|62200|20180430|1300|
C|005186|2018|50004168800006|001|4300010130|00030|UCIC0222|2|EA|93200|KRW|186400|20180430|1300|
C|005186|2018|50004168800007|001|4300010131|00010|UCIC0223|2|EA|12150|KRW|24300|20180430|1300|
C|005186|2018|50004168800008|001|4300010131|00020|UKBC0054|1|EA|263500|KRW|263500|20180430|1300|
C|005186|2018|50004168800009|001|4300010140|00020|UGBC0635|10|EA|84000|KRW|84000|20180430|1300|
C|005186|2018|50004168800010|001|4300010140|00040|UGBC1492|5|EA|424000|KRW|424000|20180430|1300|
C|005186|2018|50004168810001|001|4300010134|00010|UCKC0138|400|EA|475000|KRW|1900000|20180430|1300|
C|005186|2018|50004168810002|001|4300010137|00010|UZZC0069|1|EA|166950|KRW|166950|20180430|1300|
C|005186|2018|50004168820001|001|4300010156|00020|UICC0034|1|EA|23100|KRW|23100|20180430|1300|
C|005186|2018|50004168820002|001|4300010157|00010|UCHC0017|1|EA|28420|KRW|28420|20180430|1300|
C|005186|2018|50004168820003|001|4300010157|00080|UGCC0042|1|EA|90000|KRW|90000|20180430|1300|
C|005186|2018|50004168820004|001|4300010157|00090|UGCC0623|1|EA|35300|KRW|35300|20180430|1300|
C|005186|2018|50004168820005|001|4300010205|00060|UGBC0748|60|EA|4520|KRW|27120|20180430|1300|
