C|005186|2013|50000195580001|001|4300000379|00020|UHDC0192|1|EA|93450|KRW|93450|20130726|1300|
C|005186|2013|50000195590001|001|4300000394|00010|UADC0106|8|EA|2310|KRW|18480|20130726|1300|
C|005186|2013|50000195590002|001|4300000394|00020|UZZC0012|3|EA|7350|KRW|22050|20130726|1300|
C|005186|2013|50000195590003|001|4300000394|00030|KS067401|120|EA|3780|KRW|453600|20130726|1300|
C|005186|2013|50000195590004|001|4300000408|00010|UICC0032|1|EA|10290|KRW|10290|20130726|1300|
C|005186|2013|50000196500001|001|4300000381|00010|UKEC0112|1|EA|157800|KRW|157800|20130726|1300|
C|005186|2013|50000196500002|001|4300000381|00020|UKEC0075|1|EA|101850|KRW|101850|20130726|1300|
C|005186|2013|50000196500003|001|4300000381|00030|UKEC0068|2|EA|105200|KRW|210400|20130726|1300|
C|005186|2013|50000196500004|001|4300000381|00040|UKEC0077|3|EA|26250|KRW|78750|20130726|1300|
C|005186|2013|50000196500005|001|4300000381|00050|UKEC0065|1|EA|28350|KRW|28350|20130726|1300|
C|005186|2013|50000196500006|001|4300000381|00060|UKEC0087|10|EA|1890|KRW|18900|20130726|1300|
C|005186|2013|50000196500007|001|4300000381|00070|UKEC0088|5|EA|2000|KRW|10000|20130726|1300|
C|005186|2013|50000196500008|001|4300000381|00080|UKEC0099|10|EA|1365|KRW|13650|20130726|1300|
C|005186|2013|50000196500009|001|4300000382|00140|UKEC0101|10|EA|2016|KRW|20160|20130726|1300|
C|005186|2013|50000196510001|001|4300000374|00090|UCKC0037|80|EA|14050|KRW|1124000|20130726|1300|
C|005186|2013|50000196510002|001|4300000375|00010|UAEC0357|200|EA|5790|KRW|1158000|20130726|1300|
C|005186|2013|50000196510003|001|4300000382|00010|UJAC0089|2|EA|30765|KRW|61530|20130726|1300|
C|005186|2013|50000196510004|001|4300000382|00020|UKBC0010|1|EA|91480|KRW|91480|20130726|1300|
C|005186|2013|50000196510005|001|4300000382|00030|UCAC0038|30|EA|11130|KRW|333900|20130726|1300|
C|005186|2013|50000196510006|001|4300000382|00040|UAEC0372|50|EA|13125|KRW|656250|20130726|1300|
C|005186|2013|50000196510007|001|4300000382|00050|UKEC0079|2|EA|105200|KRW|210400|20130726|1300|
C|005186|2013|50000196510008|001|4300000382|00060|UKEC0071|2|EA|105200|KRW|210400|20130726|1300|
C|005186|2013|50000196510009|001|4300000382|00070|UKEC0065|1|EA|28350|KRW|28350|20130726|1300|
C|005186|2013|50000196510010|001|4300000382|00080|UKEC0088|5|EA|2000|KRW|10000|20130726|1300|
C|005186|2013|50000196510011|001|4300000382|00090|UDFC0015|7|EA|178080|KRW|1246560|20130726|1300|
C|005186|2013|50000196510012|001|4300000382|00100|UEBC1086|5|EA|9050|KRW|45250|20130726|1300|
C|005186|2013|50000196510013|001|4300000382|00110|UEBC1087|4|EA|13000|KRW|52000|20130726|1300|
C|005186|2013|50000196510014|001|4300000382|00120|UHTC0409|3|EA|296000|KRW|888000|20130726|1300|
C|005186|2013|50000196510015|001|4300000382|00130|UAEC0159|1|EA|239660|KRW|239660|20130726|1300|
