C|005186|2015|50001639100001|001|4300003038|00030|UEBC0425|2|EA|45110|KRW|90220|20150630|1300|
C|005186|2015|50001639100002|001|4300003038|00070|UEBC1078|1|EA|22100|KRW|22100|20150630|1300|
C|005186|2015|50001639100003|001|4300003038|00080|UDBC0331|20|EA|2370|KRW|47400|20150630|1300|
C|005186|2015|50001639100004|001|4300003038|00090|UEBC0374|3|EA|7670|KRW|23010|20150630|1300|
C|005186|2015|50001639100005|001|4300003038|00110|UEBC1038|10|EA|11220|KRW|112200|20150630|1300|
C|005186|2015|50001639100006|001|4300003038|00120|UEBC0739|1|EA|35490|KRW|35490|20150630|1300|
C|005186|2015|50001639100007|001|4300003039|00030|UDBC0175|500|EA|30|KRW|15000|20150630|1300|
C|005186|2015|50001639100008|001|4300003039|00050|UEBC0783|10|EA|630|KRW|6300|20150630|1300|
C|005186|2015|50001639100009|001|4300003039|00060|UEBC0775|20|EA|920|KRW|18400|20150630|1300|
C|005186|2015|50001639100010|001|4300003039|00080|UKBC0024|5|EA|6620|KRW|33100|20150630|1300|
C|005186|2015|50001639100011|001|4300003041|00020|UDDC0131|10|EA|24360|KRW|243600|20150630|1300|
C|005186|2015|50001639100012|001|4300003041|00030|UEBC0081|20|EA|3050|KRW|61000|20150630|1300|
C|005186|2015|50001639100013|001|4300003041|00050|UDBC0708|10|EA|3050|KRW|30500|20150630|1300|
C|005186|2015|50001639100014|001|4300003041|00060|UGCC0506|1|EA|24200|KRW|24200|20150630|1300|
C|005186|2015|50001639100015|001|4300003041|00070|UGCC0507|1|EA|24200|KRW|24200|20150630|1300|
C|005186|2015|50001639100016|001|4300003041|00080|UGCC0501|1|EA|38000|KRW|38000|20150630|1300|
C|005186|2015|50001639100017|001|4300003041|00090|UGCC0502|1|EA|38000|KRW|38000|20150630|1300|
C|005186|2015|50001639100018|001|4300003043|00010|UEBC1059|1|EA|606000|KRW|606000|20150630|1300|
C|005186|2015|50001639100019|001|4300003043|00020|UEBC0065|2|EA|168000|KRW|336000|20150630|1300|
C|005186|2015|50001639100020|001|4300003043|00030|UEBC1235|2|EA|164000|KRW|328000|20150630|1300|
C|005186|2015|50001639100021|001|4300003043|00040|UEBC0937|10|EA|60000|KRW|600000|20150630|1300|
C|005186|2015|50001639110001|001|4300002973|00060|UEAC0046|1|EA|633150|KRW|633150|20150630|1300|
C|005186|2015|50001639110002|001|4300002973|00070|UEAC1113|1|EA|795000|KRW|795000|20150630|1300|
C|005186|2015|50001639110003|001|4300002980|00010|UEAC0139|2|EA|876900|KRW|1753800|20150630|1300|
C|005186|2015|50001639120001|001|4300003032|00010|UALC0093|4|EA|246700|KRW|986800|20150630|1300|
C|005186|2015|50001639130001|001|4300003044|00040|UFGC0001|150|EA|2320|KRW|348000|20150630|1300|
C|005186|2015|50001639150001|001|4300002973|00080|UGBC0460|5|EA|72450|KRW|362250|20150630|1300|
C|005186|2015|50001639160001|001|4300003052|00090|CMF0005|4|EA|20700|KRW|82800|20150630|1300|
C|005186|2015|50001639160002|001|4300003062|00090|CMF0005|6|EA|20700|KRW|124200|20150630|1300|
C|005186|2015|50001639170001|001|4300003049|00010|CME0004|4|EA|11550|KRW|46200|20150630|1300|
C|005186|2015|50001639170002|001|4300003050|00010|CMZ0014|1|EA|23300|KRW|23300|20150630|1300|
C|005186|2015|50001639170003|001|4300003050|00020|CMA0007|100|EA|270|KRW|27000|20150630|1300|
C|005186|2015|50001639170004|001|4300003051|00010|CMF0004|4|EA|22050|KRW|88200|20150630|1300|
C|005186|2015|50001639170005|001|4300003051|00080|CMF0007|3|EA|1780|KRW|5340|20150630|1300|
C|005186|2015|50001639170006|001|4300003053|00030|CMA0017|30|EA|780|KRW|23400|20150630|1300|
C|005186|2015|50001639170007|001|4300003053|00060|CMA0003|10|EA|950|KRW|9500|20150630|1300|
C|005186|2015|50001639170008|001|4300003053|00090|CMZ0032|40|EA|1970|KRW|78800|20150630|1300|
C|005186|2015|50001639170009|001|4300003053|00100|CMH0006|10|EA|400|KRW|4000|20150630|1300|
C|005186|2015|50001639170010|001|4300003053|00120|CMF0001|5|EA|1680|KRW|8400|20150630|1300|
C|005186|2015|50001639170011|001|4300003053|00130|CMH0007|4|EA|11700|KRW|46800|20150630|1300|
C|005186|2015|50001639170012|001|4300003053|00150|CMF0002|4|EA|1100|KRW|4400|20150630|1300|
C|005186|2015|50001639170013|001|4300003053|00170|CMF0004|4|EA|22050|KRW|88200|20150630|1300|
C|005186|2015|50001639170014|001|4300003054|00020|CMA0007|500|EA|270|KRW|135000|20150630|1300|
C|005186|2015|50001639170015|001|4300003054|00030|CMB0010|3|EA|1100|KRW|3300|20150630|1300|
C|005186|2015|50001639170016|001|4300003054|00040|CMB0003|3|EA|2420|KRW|7260|20150630|1300|
C|005186|2015|50001639170017|001|4300003060|00010|CMA0001|90|EA|240|KRW|21600|20150630|1300|
C|005186|2015|50001639170018|001|4300003060|00020|CMA0008|150|EA|690|KRW|103500|20150630|1300|
C|005186|2015|50001639170019|001|4300003060|00030|CMB0001|80|EA|655|KRW|52400|20150630|1300|
C|005186|2015|50001639170020|001|4300003060|00040|CMC0005|50|EA|190|KRW|9500|20150630|1300|
C|005186|2015|50001639170021|001|4300003060|00050|CME0002|30|EA|2300|KRW|69000|20150630|1300|
C|005186|2015|50001639170022|001|4300003060|00060|CME0010|30|EA|285|KRW|8550|20150630|1300|
C|005186|2015|50001639170023|001|4300003060|00070|CMF0013|20|EA|760|KRW|15200|20150630|1300|
C|005186|2015|50001639170024|001|4300003061|00010|CMA0001|700|EA|240|KRW|168000|20150630|1300|
C|005186|2015|50001639170025|001|4300003061|00020|CMA0005|20|EA|2470|KRW|49400|20150630|1300|
C|005186|2015|50001639170026|001|4300003061|00030|CMA0007|100|EA|270|KRW|27000|20150630|1300|
C|005186|2015|50001639170027|001|4300003061|00040|CMA0008|270|EA|690|KRW|186300|20150630|1300|
C|005186|2015|50001639170028|001|4300003061|00050|CMA0017|20|EA|780|KRW|15600|20150630|1300|
C|005186|2015|50001639170029|001|4300003061|00060|CMB0001|100|EA|655|KRW|65500|20150630|1300|
C|005186|2015|50001639170030|001|4300003061|00070|CMB0003|100|EA|2420|KRW|242000|20150630|1300|
C|005186|2015|50001639170031|001|4300003061|00080|CMB0010|100|EA|1100|KRW|110000|20150630|1300|
C|005186|2015|50001639170032|001|4300003061|00090|CMC0002|10|EA|9350|KRW|93500|20150630|1300|
C|005186|2015|50001639170033|001|4300003061|00100|CMC0005|200|EA|190|KRW|38000|20150630|1300|
C|005186|2015|50001639170034|001|4300003061|00110|CMC0007|10|EA|12100|KRW|121000|20150630|1300|
C|005186|2015|50001639170035|001|4300003061|00120|CME0006|30|EA|3400|KRW|102000|20150630|1300|
C|005186|2015|50001639170036|001|4300003061|00130|CME0010|50|EA|285|KRW|14250|20150630|1300|
C|005186|2015|50001639170037|001|4300003061|00140|CMF0004|1|EA|22050|KRW|22050|20150630|1300|
C|005186|2015|50001639170038|001|4300003061|00160|CMF0006|4|EA|11970|KRW|47880|20150630|1300|
C|005186|2015|50001639170039|001|4300003061|00170|CMF0021|10|EA|5400|KRW|54000|20150630|1300|
C|005186|2015|50001639170040|001|4300003061|00180|CMG0001|50|EA|1840|KRW|92000|20150630|1300|
C|005186|2015|50001639170041|001|4300003063|00030|CMA0001|300|EA|240|KRW|72000|20150630|1300|
C|005186|2015|50001639170042|001|4300003063|00040|CMA0007|100|EA|270|KRW|27000|20150630|1300|
C|005186|2015|50001639170043|001|4300003063|00050|CMA0015|100|EA|2830|KRW|283000|20150630|1300|
C|005186|2015|50001639170044|001|4300003063|00060|CMA0016|150|EA|2840|KRW|426000|20150630|1300|
C|005186|2015|50001639170045|001|4300003063|00070|CMB0001|240|EA|655|KRW|157200|20150630|1300|
C|005186|2015|50001639170046|001|4300003063|00080|CMB0002|120|EA|2420|KRW|290400|20150630|1300|
C|005186|2015|50001639170047|001|4300003063|00090|CMC0005|50|EA|190|KRW|9500|20150630|1300|
C|005186|2015|50001639170048|001|4300003063|00100|CME0001|20|EA|4910|KRW|98200|20150630|1300|
C|005186|2015|50001639170049|001|4300003063|00110|CME0003|10|EA|5400|KRW|54000|20150630|1300|
C|005186|2015|50001639170050|001|4300003063|00120|CME0008|20|EA|4410|KRW|88200|20150630|1300|
C|005186|2015|50001639170051|001|4300003063|00130|CME0010|100|EA|285|KRW|28500|20150630|1300|
C|005186|2015|50001639170052|001|4300003063|00140|CMZ0014|2|EA|23300|KRW|46600|20150630|1300|
C|005186|2015|50001639180001|001|4300003091|00030|KP100300|3|EA|31500|KRW|94500|20150630|1300|
C|005186|2015|50001639180002|001|4300003091|00040|KT080500|3|EA|26500|KRW|79500|20150630|1300|
