C|005186|2015|50001329800001|001|4300002180|00040|CMF0004|1|EA|22050|KRW|22050|20150226|1300|
C|005186|2015|50001329800002|001|4300002180|00060|CMH0007|1|EA|11700|KRW|11700|20150226|1300|
C|005186|2015|50001329800003|001|4300002180|00070|CMZ0014|1|EA|23300|KRW|23300|20150226|1300|
C|005186|2015|50001329800004|001|4300002189|00030|CMH0007|2|EA|11700|KRW|23400|20150226|1300|
C|005186|2015|50001329800005|001|4300002189|00040|CMF0004|10|EA|22050|KRW|220500|20150226|1300|
C|005186|2015|50001329800006|001|4300002189|00080|CMZ0032|10|EA|1970|KRW|19700|20150226|1300|
C|005186|2015|50001329800007|001|4300002191|00010|CMF0003|20|EA|1820|KRW|36400|20150226|1300|
C|005186|2015|50001329810001|001|4300002207|00010|CMZ0004|10|EA|380|KRW|3800|20150226|1300|
C|005186|2015|50001329810002|001|4300002207|00020|CMZ0005|10|EA|750|KRW|7500|20150226|1300|
C|005186|2015|50001329830001|001|4300002169|00030|CMA0017|30|EA|780|KRW|23400|20150226|1300|
C|005186|2015|50001329830002|001|4300002169|00050|CMA0003|10|EA|950|KRW|9500|20150226|1300|
C|005186|2015|50001329830003|001|4300002169|00080|CMZ0032|40|EA|1970|KRW|78800|20150226|1300|
C|005186|2015|50001329830004|001|4300002169|00090|CMH0006|10|EA|400|KRW|4000|20150226|1300|
C|005186|2015|50001329830005|001|4300002169|00110|CMF0001|5|EA|1680|KRW|8400|20150226|1300|
C|005186|2015|50001329830006|001|4300002169|00120|CMH0007|4|EA|11700|KRW|46800|20150226|1300|
C|005186|2015|50001329830007|001|4300002169|00140|CMF0002|4|EA|1100|KRW|4400|20150226|1300|
C|005186|2015|50001329830008|001|4300002169|00160|CMF0004|4|EA|22050|KRW|88200|20150226|1300|
C|005186|2015|50001329830009|001|4300002170|00010|CMA0001|50|EA|240|KRW|12000|20150226|1300|
C|005186|2015|50001329830010|001|4300002170|00040|CMA0008|20|EA|690|KRW|13800|20150226|1300|
C|005186|2015|50001329830011|001|4300002170|00050|CMB0010|60|EA|1100|KRW|66000|20150226|1300|
C|005186|2015|50001329830012|001|4300002170|00060|CME0004|3|EA|11550|KRW|34650|20150226|1300|
C|005186|2015|50001329830013|001|4300002170|00070|CMG0001|5|EA|1840|KRW|9200|20150226|1300|
C|005186|2015|50001329830014|001|4300002178|00010|CMA0001|300|EA|240|KRW|72000|20150226|1300|
C|005186|2015|50001329830015|001|4300002178|00020|CMA0007|100|EA|270|KRW|27000|20150226|1300|
C|005186|2015|50001329830016|001|4300002178|00030|CMA0015|100|EA|2830|KRW|283000|20150226|1300|
C|005186|2015|50001329830017|001|4300002178|00040|CMA0016|150|EA|2840|KRW|426000|20150226|1300|
C|005186|2015|50001329830018|001|4300002178|00050|CMB0001|240|EA|655|KRW|157200|20150226|1300|
C|005186|2015|50001329830019|001|4300002178|00060|CMB0002|120|EA|2420|KRW|290400|20150226|1300|
C|005186|2015|50001329830020|001|4300002178|00070|CMC0005|50|EA|190|KRW|9500|20150226|1300|
C|005186|2015|50001329830021|001|4300002178|00080|CMD0001|3|EA|9555|KRW|28665|20150226|1300|
C|005186|2015|50001329830022|001|4300002178|00110|CME0001|20|EA|4910|KRW|98200|20150226|1300|
C|005186|2015|50001329830023|001|4300002178|00120|CME0002|20|EA|2300|KRW|46000|20150226|1300|
C|005186|2015|50001329830024|001|4300002178|00130|CME0003|20|EA|5400|KRW|108000|20150226|1300|
C|005186|2015|50001329830025|001|4300002178|00140|CME0010|100|EA|285|KRW|28500|20150226|1300|
C|005186|2015|50001329830026|001|4300002180|00010|CMA0001|200|EA|240|KRW|48000|20150226|1300|
C|005186|2015|50001329830027|001|4300002180|00020|CMA0007|50|EA|270|KRW|13500|20150226|1300|
C|005186|2015|50001329830028|001|4300002180|00030|CMA0016|50|EA|2840|KRW|142000|20150226|1300|
C|005186|2015|50001329830029|001|4300002185|00010|CMA0001|80|EA|240|KRW|19200|20150226|1300|
C|005186|2015|50001329830030|001|4300002185|00030|CMB0001|60|EA|655|KRW|39300|20150226|1300|
