C|005186|2014|50000714540001|001|4300001300|00150|UGCC0880|1|EA|779000|KRW|779000|20140429|1300|
C|005186|2014|50000714540002|001|4300001300|00160|UGCC0881|1|EA|758000|KRW|758000|20140429|1300|
C|005186|2014|50000714540003|001|4300001300|00170|UGCC0882|2|EA|673000|KRW|1346000|20140429|1300|
C|005186|2014|50000714540004|001|4300001300|00290|UGBC1392|10|EA|31300|KRW|313000|20140429|1300|
C|005186|2014|50000714540005|001|4300001300|00310|UGCC0884|2|EA|425000|KRW|850000|20140429|1300|
C|005186|2014|50000714540006|001|4300001300|00400|UGCC0886|2|EA|246000|KRW|492000|20140429|1300|
C|005186|2014|50000714540007|001|4300001300|00430|UGCC0887|1|EA|50300|KRW|50300|20140429|1300|
C|005186|2014|50000714550001|001|4300001285|00030|UHTC0140|4|EA|378940|KRW|1515760|20140429|1300|
C|005186|2014|50000714550002|001|4300001299|00120|UHNC0131|2|EA|286500|KRW|573000|20140429|1300|
C|005186|2014|50000714550003|001|4300001299|00130|UHFC0403|4|EA|26400|KRW|105600|20140429|1300|
C|005186|2014|50000714550004|001|4300001304|00240|UHTC0124|5|EA|40425|KRW|202125|20140429|1300|
C|005186|2014|50000714550005|001|4300001304|00250|UHNC0101|5|EA|34650|KRW|173250|20140429|1300|
C|005186|2014|50000714550006|001|4300001304|00260|UGAC0068|10|EA|33600|KRW|336000|20140429|1300|
C|005186|2014|50000714550007|001|4300001304|00270|UHGC0164|3|EA|126000|KRW|378000|20140429|1300|
C|005186|2014|50000714550008|001|4300001304|00280|UHGC0160|3|EA|118000|KRW|354000|20140429|1300|
C|005186|2014|50000714560001|001|4300001290|00150|UGCC0220|10|EA|2289|KRW|22890|20140429|1300|
C|005186|2014|50000714560002|001|4300001290|00350|UGCC0351|5|EA|95550|KRW|477750|20140429|1300|
C|005186|2014|50000714560003|001|4300001298|00070|UGCC0733|2|EA|104700|KRW|209400|20140429|1300|
C|005186|2014|50000714560004|001|4300001299|00070|UGCC0883|2|EA|236400|KRW|472800|20140429|1300|
C|005186|2014|50000714560005|001|4300001304|00050|UHDC0097|40|EA|13780|KRW|551200|20140429|1300|
C|005186|2014|50000714570001|001|4300001298|00080|UEBC0630|4|EA|29260|KRW|117040|20140429|1300|
C|005186|2014|50000714570002|001|4300001298|00110|UEBC0155|120|EA|8230|KRW|987600|20140429|1300|
C|005186|2014|50000714570003|001|4300001298|00120|UEBC1021|1|EA|28250|KRW|28250|20140429|1300|
C|005186|2014|50000714570004|001|4300001298|00130|UEBC1023|1|EA|62400|KRW|62400|20140429|1300|
C|005186|2014|50000714570005|001|4300001298|00140|UEBC1022|2|EA|57000|KRW|114000|20140429|1300|
C|005186|2014|50000714570006|001|4300001299|00040|UDAC0290|15|EA|1590|KRW|23850|20140429|1300|
C|005186|2014|50000714570007|001|4300001304|00130|UKBC0041|1|EA|91600|KRW|91600|20140429|1300|
C|005186|2014|50000714580001|001|4300001304|00010|UJBC0004|20|EA|4337|KRW|86740|20140429|1300|
C|005186|2014|50000714580002|001|4300001304|00020|UAGC0194|50|EA|3260|KRW|163000|20140429|1300|
C|005186|2014|50000714580003|001|4300001304|00030|UDBC0066|20|EA|355|KRW|7100|20140429|1300|
C|005186|2014|50000714580004|001|4300001304|00040|UKBC0010|2|EA|91480|KRW|182960|20140429|1300|
C|005186|2014|50000714580005|001|4300001304|00070|UAEC0400|2|EA|4620|KRW|9240|20140429|1300|
C|005186|2014|50000714580006|001|4300001304|00080|UAEC0401|1|EA|17400|KRW|17400|20140429|1300|
C|005186|2014|50000714580007|001|4300001304|00090|UGCC0876|12|EA|9100|KRW|109200|20140429|1300|
C|005186|2014|50000714580008|001|4300001304|00100|UGCC0877|6|EA|13500|KRW|81000|20140429|1300|
C|005186|2014|50000714580009|001|4300001304|00110|UGCC0878|12|EA|10500|KRW|126000|20140429|1300|
C|005186|2014|50000714580010|001|4300001304|00120|UGCC0879|6|EA|20300|KRW|121800|20140429|1300|
C|005186|2014|50000714580011|001|4300001304|00140|UDBC0880|50|EA|470|KRW|23500|20140429|1300|
C|005186|2014|50000714580012|001|4300001304|00150|UAEC0402|1|EA|125000|KRW|125000|20140429|1300|
C|005186|2014|50000714580013|001|4300001304|00160|UAGC0452|1|EA|122500|KRW|122500|20140429|1300|
C|005186|2014|50000714580014|001|4300001304|00170|UHGC0268|2|EA|23200|KRW|46400|20140429|1300|
C|005186|2014|50000714580015|001|4300001304|00180|UDBC0883|50|EA|35|KRW|1750|20140429|1300|
C|005186|2014|50000714580016|001|4300001304|00190|UFFC0045|120|EA|29800|KRW|3576000|20140429|1300|
C|005186|2014|50000714580017|001|4300001304|00200|UFAC0007|1|EA|165000|KRW|165000|20140429|1300|
C|005186|2014|50000714580018|001|4300001304|00210|UGBC1393|50|EA|300|KRW|15000|20140429|1300|
