C|005186|2014|50001003200001|001|4300001718|00200|UDDC0188|2|EA|61740|KRW|123480|20140930|1300|
C|005186|2014|50001003200002|001|4300001718|00520|UAGC0050|20|EA|2230|KRW|44600|20140930|1300|
C|005186|2014|50001003200003|001|4300001718|00530|UAGC0049|20|EA|2110|KRW|42200|20140930|1300|
C|005186|2014|50001003200004|001|4300001718|00540|UAEC0307|1|EA|2500|KRW|2500|20140930|1300|
C|005186|2014|50001003200005|001|4300001718|00550|UAEC0252|2|EA|5220|KRW|10440|20140930|1300|
C|005186|2014|50001003200006|001|4300001718|00560|UABC0023|2|EA|17850|KRW|35700|20140930|1300|
C|005186|2014|50001003200007|001|4300001741|00170|UDBC0690|5|EA|5901|KRW|29505|20140930|1300|
C|005186|2014|50001003200008|001|4300001741|00180|UDBC0688|5|EA|3600|KRW|18000|20140930|1300|
C|005186|2014|50001003200009|001|4300001741|00360|UEBC0007|8|EA|58800|KRW|470400|20140930|1300|
C|005186|2014|50001003200010|001|4300001741|00410|UDEC0032|2|EA|118970|KRW|237940|20140930|1300|
C|005186|2014|50001003200011|001|4300001741|00420|UDDC0062|5|EA|13970|KRW|69850|20140930|1300|
C|005186|2014|50001003200012|001|4300001741|00430|UDDC0064|5|EA|24360|KRW|121800|20140930|1300|
C|005186|2014|50001003200013|001|4300001741|00450|UEBC1021|1|EA|28250|KRW|28250|20140930|1300|
C|005186|2014|50001003200014|001|4300001741|00460|UEBC0921|1|EA|24620|KRW|24620|20140930|1300|
C|005186|2014|50001003200015|001|4300001741|00470|UEBC1023|1|EA|62400|KRW|62400|20140930|1300|
C|005186|2014|50001003200016|001|4300001741|00480|UEBC0567|1|EA|53290|KRW|53290|20140930|1300|
C|005186|2014|50001003200017|001|4300001741|00490|UEBC1022|1|EA|57000|KRW|57000|20140930|1300|
C|005186|2014|50001003200018|001|4300001741|00550|UEBC0798|2|EA|24570|KRW|49140|20140930|1300|
C|005186|2014|50001003200019|001|4300001741|00620|UDBC0460|200|EA|212|KRW|42400|20140930|1300|
C|005186|2014|50001003200020|001|4300001741|00640|UAJC0050|50|EA|790|KRW|39500|20140930|1300|
C|005186|2014|50001003200021|001|4300001741|00660|UICC0035|10|EA|4940|KRW|49400|20140930|1300|
C|005186|2014|50001003200022|001|4300001741|00670|UICC0011|10|EA|16210|KRW|162100|20140930|1300|
C|005186|2014|50001003200023|001|4300001741|00680|UDDC0043|2|EA|89040|KRW|178080|20140930|1300|
C|005186|2014|50001003200024|001|4300001741|00690|UEBC0277|10|EA|1575|KRW|15750|20140930|1300|
C|005186|2014|50001003200025|001|4300001741|00700|UEBC0765|20|EA|1370|KRW|27400|20140930|1300|
C|005186|2014|50001003200026|001|4300001741|00710|UEBC0764|20|EA|2840|KRW|56800|20140930|1300|
C|005186|2014|50001003200027|001|4300001741|00740|UEBC0175|1|EA|129940|KRW|129940|20140930|1300|
C|005186|2014|50001003200028|001|4300001741|00760|UGBC1295|2|EA|121300|KRW|242600|20140930|1300|
C|005186|2014|50001003210001|001|4300001718|00130|UAGC0067|40|EA|860|KRW|34400|20140930|1300|
C|005186|2014|50001003210002|001|4300001741|00010|UAEC0299|1|EA|18900|KRW|18900|20140930|1300|
C|005186|2014|50001003210003|001|4300001741|00080|UDBC0857|1|EA|2630|KRW|2630|20140930|1300|
C|005186|2014|50001003210004|001|4300001741|00090|UKBC0014|1|EA|52500|KRW|52500|20140930|1300|
C|005186|2014|50001003210005|001|4300001741|00130|UAKC0020|2|EA|9660|KRW|19320|20140930|1300|
C|005186|2014|50001003210006|001|4300001741|00160|UGBC1166|10|EA|2420|KRW|24200|20140930|1300|
C|005186|2014|50001003210007|001|4300001741|00870|KS080721|4|EA|71710|KRW|286840|20140930|1300|
C|005186|2014|50001003220001|001|4300001742|00010|UFDC0001|3|EA|181650|KRW|544950|20140930|1300|
C|005186|2014|50001003220002|001|4300001742|00040|UDFC0082|50|EA|4830|KRW|241500|20140930|1300|
C|005186|2014|50001003220003|001|4300001742|00050|UAJC0010|2|EA|45740|KRW|91480|20140930|1300|
C|005186|2014|50001003230001|001|4300001742|00020|UDEC0061|7|EA|262500|KRW|1837500|20140930|1300|
C|005186|2014|50001003230002|001|4300001742|00030|UDBC0884|5|EA|5850|KRW|29250|20140930|1300|
C|005186|2014|50001003240001|001|4300001718|00100|UGCC0292|2|EA|41980|KRW|83960|20140930|1300|
C|005186|2014|50001003240002|001|4300001718|00110|UGCC0198|30|EA|26250|KRW|787500|20140930|1300|
C|005186|2014|50001003240003|001|4300001718|00210|UGCC0312|1|EA|120750|KRW|120750|20140930|1300|
C|005186|2014|50001003240004|001|4300001718|00220|UGCC0103|3|EA|615300|KRW|1845900|20140930|1300|
C|005186|2014|50001003240005|001|4300001718|00510|UGCC0164|5|EA|99750|KRW|498750|20140930|1300|
C|005186|2014|50001003250001|001|4300001741|00290|UGCC0150|3|EA|126000|KRW|378000|20140930|1300|
C|005186|2014|50001003250002|001|4300001741|00300|UGCC0886|2|EA|246000|KRW|492000|20140930|1300|
C|005186|2014|50001003250003|001|4300001741|00310|UGBC1004|1|EA|224700|KRW|224700|20140930|1300|
C|005186|2014|50001003250004|001|4300001741|00320|UGCC0151|1|EA|194250|KRW|194250|20140930|1300|
C|005186|2014|50001003250005|001|4300001741|00340|UHFC0178|2|EA|122000|KRW|244000|20140930|1300|
C|005186|2014|50001003250006|001|4300001741|00400|UGAC0018|5|EA|64600|KRW|323000|20140930|1300|
C|005186|2014|50001003250007|001|4300001741|00440|UGCC0138|1|EA|52630|KRW|52630|20140930|1300|
C|005186|2014|50001003250008|001|4300001741|00650|UGCC0776|2|EA|334600|KRW|669200|20140930|1300|
C|005186|2014|50001003250009|001|4300001741|00720|UGCC0360|2|EA|55650|KRW|111300|20140930|1300|
C|005186|2014|50001003250010|001|4300001741|00810|UGBC0880|2|EA|70560|KRW|141120|20140930|1300|
C|005186|2014|50001003260001|001|4300001717|00350|KT020021|1|EA|28350|KRW|28350|20140930|1300|
C|005186|2014|50001003260002|001|4300001717|00380|KT020611|1|EA|28140|KRW|28140|20140930|1300|
C|005186|2014|50001003260003|001|4300001717|00430|KT080311|2|EA|72980|KRW|145960|20140930|1300|
C|005186|2014|50001003260004|001|4300001718|00330|UDBC0475|50|EA|1960|KRW|98000|20140930|1300|
C|005186|2014|50001003260005|001|4300001718|00490|UDBC0873|50|EA|400|KRW|20000|20140930|1300|
C|005186|2014|50001003270001|001|4300001717|00010|KE030122|1|EA|31500|KRW|31500|20140930|1300|
C|005186|2014|50001003270002|001|4300001717|00020|KE030123|1|EA|31500|KRW|31500|20140930|1300|
C|005186|2014|50001003270003|001|4300001717|00030|KE030200|2|EA|15230|KRW|30460|20140930|1300|
C|005186|2014|50001003270004|001|4300001717|00040|KE030205|5|EA|31290|KRW|156450|20140930|1300|
C|005186|2014|50001003270005|001|4300001717|00050|KE030211|1|EA|145740|KRW|145740|20140930|1300|
C|005186|2014|50001003270006|001|4300001717|00060|KE050109|10|EA|2140|KRW|21400|20140930|1300|
C|005186|2014|50001003270007|001|4300001717|00070|KE050213|1|EA|8440|KRW|8440|20140930|1300|
C|005186|2014|50001003270008|001|4300001717|00080|KE050302|13|EA|1160|KRW|15080|20140930|1300|
C|005186|2014|50001003270009|001|4300001717|00090|KE090106|5|EA|15370|KRW|76850|20140930|1300|
C|005186|2014|50001003270010|001|4300001717|00100|KE090116|3|EA|28040|KRW|84120|20140930|1300|
C|005186|2014|50001003270011|001|4300001717|00110|KE090127|3|EA|34000|KRW|102000|20140930|1300|
C|005186|2014|50001003270012|001|4300001717|00120|KE090136|3|EA|28980|KRW|86940|20140930|1300|
C|005186|2014|50001003270013|001|4300001717|00130|KE090163|1|EA|41480|KRW|41480|20140930|1300|
C|005186|2014|50001003270014|001|4300001717|00140|KE090165|2|EA|165900|KRW|331800|20140930|1300|
C|005186|2014|50001003270015|001|4300001717|00150|KE110100|10|EA|124000|KRW|1240000|20140930|1300|
C|005186|2014|50001003270016|001|4300001717|00160|KE110200|10|EA|65100|KRW|651000|20140930|1300|
C|005186|2014|50001003270017|001|4300001717|00170|KE180203|20|EA|13650|KRW|273000|20140930|1300|
C|005186|2014|50001003270018|001|4300001717|00180|KE190003|7|EA|29300|KRW|205100|20140930|1300|
C|005186|2014|50001003270019|001|4300001717|00190|KE230003|195|EA|1870|KRW|364650|20140930|1300|
C|005186|2014|50001003270020|001|4300001717|00200|KE231001|12|EA|16150|KRW|193800|20140930|1300|
C|005186|2014|50001003270021|001|4300001717|00210|KE270300|80|EA|470|KRW|37600|20140930|1300|
C|005186|2014|50001003280001|001|4300001718|00120|UHDC0074|40|EA|13650|KRW|546000|20140930|1300|
C|005186|2014|50001003280002|001|4300001718|00660|UHNC0061|1|EA|115500|KRW|115500|20140930|1300|
C|005186|2014|50001003290001|001|4300001703|00350|UGBC1231|10|EA|14800|KRW|148000|20140930|1300|
C|005186|2014|50001003290002|001|4300001703|00360|UGBC1232|10|EA|16900|KRW|169000|20140930|1300|
C|005186|2014|50001003300001|001|4300001741|00020|UEBC0897|4|EA|19700|KRW|78800|20140930|1300|
C|005186|2014|50001003300002|001|4300001741|00030|UEBC0490|15|EA|4263|KRW|63945|20140930|1300|
C|005186|2014|50001003300003|001|4300001741|00140|UHHC0140|1|EA|81690|KRW|81690|20140930|1300|
C|005186|2014|50001003300004|001|4300001741|00370|UDBC0838|100|EA|550|KRW|55000|20140930|1300|
C|005186|2014|50001003300005|001|4300001741|00380|UDBC0655|100|EA|55|KRW|5500|20140930|1300|
C|005186|2014|50001003300006|001|4300001741|00390|UDBC0180|500|EA|74|KRW|37000|20140930|1300|
C|005186|2014|50001003300007|001|4300001741|00500|UGCC0499|1|EA|100700|KRW|100700|20140930|1300|
C|005186|2014|50001003300008|001|4300001741|00510|UGCC0500|1|EA|100700|KRW|100700|20140930|1300|
C|005186|2014|50001003300009|001|4300001741|00520|UGCC0502|1|EA|38000|KRW|38000|20140930|1300|
C|005186|2014|50001003300010|001|4300001741|00530|UGCC0501|1|EA|38000|KRW|38000|20140930|1300|
C|005186|2014|50001003300011|001|4300001741|00540|UGCC0506|1|EA|24200|KRW|24200|20140930|1300|
C|005186|2014|50001003300012|001|4300001741|00730|UEBC1034|5|EA|6060|KRW|30300|20140930|1300|
C|005186|2014|50001003300013|001|4300001741|00790|UDBC0632|30|EA|2680|KRW|80400|20140930|1300|
C|005186|2014|50001003300014|001|4300001741|00800|UDBC0075|100|EA|125|KRW|12500|20140930|1300|
C|005186|2014|50001003310001|001|4300001741|00040|UDDC0097|1|EA|30030|KRW|30030|20140930|1300|
C|005186|2014|50001003310002|001|4300001741|00050|UKBC0010|1|EA|91480|KRW|91480|20140930|1300|
C|005186|2014|50001003310003|001|4300001741|00110|UKBC0010|1|EA|91480|KRW|91480|20140930|1300|
C|005186|2014|50001003310004|001|4300001741|00120|UCAC0026|20|EA|16530|KRW|330600|20140930|1300|
C|005186|2014|50001003310005|001|4300001741|00150|UJCC0004|25|EA|27400|KRW|685000|20140930|1300|
C|005186|2014|50001003310006|001|4300001741|00820|UFGC0017|60|EA|3500|KRW|210000|20140930|1300|
C|005186|2014|50001003310007|001|4300001741|00840|UZZC0089|400|EA|200|KRW|80000|20140930|1300|
C|005186|2014|50001003320001|001|4300001718|00070|UDEC0104|3|EA|194740|KRW|584220|20140930|1300|
C|005186|2014|50001003320002|001|4300001718|00090|UGCC0737|1|EA|1769000|KRW|1769000|20140930|1300|
C|005186|2014|50001003320003|001|4300001718|00140|UAEC0238|1|EA|445260|KRW|445260|20140930|1300|
C|005186|2014|50001003320004|001|4300001718|00170|UDEC0099|15|EA|7670|KRW|115050|20140930|1300|
C|005186|2014|50001003320005|001|4300001741|00060|UIEC0039|1|EA|2730|KRW|2730|20140930|1300|
C|005186|2014|50001003320006|001|4300001741|00070|UFFC0045|40|EA|29800|KRW|1192000|20140930|1300|
C|005186|2014|50001003320007|001|4300001741|00100|UABC0036|10|EA|2470|KRW|24700|20140930|1300|
C|005186|2014|50001003320008|001|4300001741|00200|UDFC0124|50|EA|4683|KRW|234150|20140930|1300|
C|005186|2014|50001003320009|001|4300001741|00220|UDFC0080|50|EA|4850|KRW|242500|20140930|1300|
C|005186|2014|50001003320010|001|4300001741|00230|UDFC0073|50|EA|4260|KRW|213000|20140930|1300|
C|005186|2014|50001003320011|001|4300001741|00240|UAGC0157|10|EA|9090|KRW|90900|20140930|1300|
C|005186|2014|50001003320012|001|4300001741|00250|UAGC0156|10|EA|5510|KRW|55100|20140930|1300|
C|005186|2014|50001003320013|001|4300001741|00260|UAJC0011|2|EA|45740|KRW|91480|20140930|1300|
C|005186|2014|50001003320014|001|4300001741|00280|UAJC0005|2|EA|68780|KRW|137560|20140930|1300|
C|005186|2014|50001003320015|001|4300001741|00560|UAEC0066|1|EA|2520|KRW|2520|20140930|1300|
C|005186|2014|50001003320016|001|4300001741|00570|UAEC0413|2|EA|11660|KRW|23320|20140930|1300|
C|005186|2014|50001003330001|001|4300001703|00250|UGBC1260|1|EA|458000|KRW|458000|20140930|1300|
C|005186|2014|50001003330002|001|4300001703|00260|UGBC0177|10|EA|18900|KRW|189000|20140930|1300|
C|005186|2014|50001003330003|001|4300001703|00320|UGBC0718|5|EA|4410|KRW|22050|20140930|1300|
C|005186|2014|50001003330004|001|4300001703|00330|UGBC0593|10|EA|2730|KRW|27300|20140930|1300|
C|005186|2014|50001003330005|001|4300001703|00340|UGBC0479|5|EA|4540|KRW|22700|20140930|1300|
C|005186|2014|50001003330006|001|4300001718|00160|UKBC0001|4|EA|208010|KRW|832040|20140930|1300|
C|005186|2014|50001003330007|001|4300001718|00420|UGCC0619|1|EA|221000|KRW|221000|20140930|1300|
C|005186|2014|50001003330008|001|4300001718|00650|UDFC0109|100|EA|1710|KRW|171000|20140930|1300|
C|005186|2014|50001003330009|001|4300001718|00670|UEBC0637|6|EA|7400|KRW|44400|20140930|1300|
C|005186|2014|50001003330010|001|4300001741|00580|UDCC0028|5|EA|34650|KRW|173250|20140930|1300|
C|005186|2014|50001003330011|001|4300001741|00590|UDCC0029|5|EA|51450|KRW|257250|20140930|1300|
C|005186|2014|50001003330012|001|4300001741|00600|UDDC0061|5|EA|18380|KRW|91900|20140930|1300|
C|005186|2014|50001003330013|001|4300001741|00610|UDDC0064|5|EA|24360|KRW|121800|20140930|1300|
C|005186|2014|50001003330014|001|4300001741|00630|UDDC0067|2|EA|22050|KRW|44100|20140930|1300|
C|005186|2014|50001003330015|001|4300001741|00750|UDCC0034|2|EA|80850|KRW|161700|20140930|1300|
C|005186|2014|50001003330016|001|4300001741|00850|UIEC0051|2|EA|38325|KRW|76650|20140930|1300|
C|005186|2014|50001003340001|001|4300001718|00030|UKEC0017|1|EA|61200|KRW|61200|20140930|1300|
C|005186|2014|50001003340002|001|4300001718|00080|UGCC0632|1|EA|98700|KRW|98700|20140930|1300|
C|005186|2014|50001003340003|001|4300001718|00180|UGBC0111|5|EA|294000|KRW|1470000|20140930|1300|
C|005186|2014|50001003340004|001|4300001718|00190|UGBC0112|2|EA|231000|KRW|462000|20140930|1300|
C|005186|2014|50001003350001|001|4300001717|00320|KS990007|8|EA|51450|KRW|411600|20140930|1300|
C|005186|2014|50001003350002|001|4300001717|00410|KP150400|980|EA|170|KRW|166600|20140930|1300|
C|005186|2014|50001003350003|001|4300001717|00470|KP150400|920|EA|170|KRW|156400|20140930|1300|
C|005186|2014|50001003350004|001|4300001718|00010|UGAC0056|1|EA|139760|KRW|139760|20140930|1300|
C|005186|2014|50001003350005|001|4300001718|00040|UJAC0052|1|EA|54600|KRW|54600|20140930|1300|
C|005186|2014|50001003350006|001|4300001718|00060|UJCC0043|5000|EA|70|KRW|350000|20140930|1300|
C|005186|2014|50001003350007|001|4300001718|00150|UJCC0014|300|EA|641|KRW|192300|20140930|1300|
C|005186|2014|50001003350008|001|4300001718|00340|UIDC0114|3|EA|26250|KRW|78750|20140930|1300|
C|005186|2014|50001003350009|001|4300001718|00390|UFGC0013|10|EA|13650|KRW|136500|20140930|1300|
C|005186|2014|50001003350010|001|4300001718|00400|UFGC0015|10|EA|5670|KRW|56700|20140930|1300|
C|005186|2014|50001003350011|001|4300001718|00410|UFGC0024|5|EA|15120|KRW|75600|20140930|1300|
