C|005186|2017|50003656620001|001|4300008292|00010|CMA0007|80|EA|151|KRW|12080|20170831|1300|
C|005186|2017|50003656620002|001|4300008292|00040|CMB0001|60|EA|520|KRW|31200|20170831|1300|
C|005186|2017|50003656620003|001|4300008292|00050|CMA0001|70|EA|151|KRW|10570|20170831|1300|
C|005186|2017|50003656620004|001|4300008292|00060|CMA0007|80|EA|151|KRW|12080|20170831|1300|
C|005186|2017|50003656620005|001|4300008292|00070|CMA0008|30|EA|470|KRW|14100|20170831|1300|
C|005186|2017|50003656620006|001|4300008292|00080|CMB0001|20|EA|520|KRW|10400|20170831|1300|
C|005186|2017|50003656620007|001|4300008292|00100|CMF0008|5|EA|1620|KRW|8100|20170831|1300|
C|005186|2017|50003656620008|001|4300008292|00120|CMA0017|3|EA|770|KRW|2310|20170831|1300|
C|005186|2017|50003656620009|001|4300008292|00130|CMB0002|40|EA|2100|KRW|84000|20170831|1300|
C|005186|2017|50003656630001|001|4300008291|00010|CMA0001|200|EA|151|KRW|30200|20170831|1300|
C|005186|2017|50003656630002|001|4300008291|00020|CMA0007|300|EA|151|KRW|45300|20170831|1300|
C|005186|2017|50003656640001|001|4300008297|00010|CMA0001|80|EA|151|KRW|12080|20170831|1300|
C|005186|2017|50003656640002|001|4300008297|00020|CMA0007|80|EA|151|KRW|12080|20170831|1300|
C|005186|2017|50003656640003|001|4300008297|00030|CMA0008|40|EA|470|KRW|18800|20170831|1300|
C|005186|2017|50003656640004|001|4300008297|00050|CMA0017|10|EA|770|KRW|7700|20170831|1300|
C|005186|2017|50003656640005|001|4300008297|00090|CMZ0005|20|EA|810|KRW|16200|20170831|1300|
C|005186|2017|50003656650001|001|4300008298|00010|CMA0001|600|EA|151|KRW|90600|20170831|1300|
C|005186|2017|50003656650002|001|4300008298|00030|CMA0007|100|EA|151|KRW|15100|20170831|1300|
C|005186|2017|50003656650003|001|4300008298|00040|CMA0008|200|EA|470|KRW|94000|20170831|1300|
C|005186|2017|50003656650004|001|4300008298|00050|CMB0001|200|EA|520|KRW|104000|20170831|1300|
C|005186|2017|50003656650005|001|4300008298|00060|CMB0003|100|EA|2200|KRW|220000|20170831|1300|
C|005186|2017|50003656650006|001|4300008298|00080|CMC0002|10|EA|10300|KRW|103000|20170831|1300|
C|005186|2017|50003656650007|001|4300008298|00090|CME0002|20|EA|1100|KRW|22000|20170831|1300|
C|005186|2017|50003656650008|001|4300008298|00100|CME0008|30|EA|1950|KRW|58500|20170831|1300|
C|005186|2017|50003656660001|001|4300008256|00070|UGCC0443|2|EA|47360|KRW|94720|20170831|1300|
C|005186|2017|50003656660002|001|4300008256|00080|UGCC1161|1|EA|401300|KRW|401300|20170831|1300|
C|005186|2017|50003656660003|001|4300008256|00090|UGCC0350|2|EA|30000|KRW|60000|20170831|1300|
C|005186|2017|50003656660004|001|4300008256|00100|UGCC0318|1|EA|75600|KRW|75600|20170831|1300|
C|005186|2017|50003656660005|001|4300008256|00140|UGAC0040|10|EA|19425|KRW|194250|20170831|1300|
C|005186|2017|50003656660006|001|4300008258|00010|UGCC0063|10|EA|22600|KRW|226000|20170831|1300|
C|005186|2017|50003656660007|001|4300008258|00070|UGCC0121|20|EA|25500|KRW|510000|20170831|1300|
C|005186|2017|50003656660008|001|4300008259|00010|UGCC0351|6|EA|95550|KRW|573300|20170831|1300|
C|005186|2017|50003656660009|001|4300008259|00040|UGCC0437|2|EA|128430|KRW|256860|20170831|1300|
C|005186|2017|50003656660010|001|4300008259|00070|UGBC1418|2|EA|151000|KRW|302000|20170831|1300|
C|005186|2017|50003656660011|001|4300008259|00090|UGCC1010|2|EA|68900|KRW|137800|20170831|1300|
C|005186|2017|50003656660012|001|4300008261|00010|UGBC1003|2|EA|257000|KRW|514000|20170831|1300|
C|005186|2017|50003656660013|001|4300008261|00060|UGCC0288|10|EA|378|KRW|3780|20170831|1300|
C|005186|2017|50003656660014|001|4300008268|00010|UGCC0865|2|EA|35200|KRW|70400|20170831|1300|
C|005186|2017|50003656660015|001|4300008269|00030|UGBC1228|4|EA|101620|KRW|406480|20170831|1300|
C|005186|2017|50003656660016|001|4300008270|00020|UGCC1011|2|EA|94300|KRW|188600|20170831|1300|
C|005186|2017|50003656670001|001|4300008314|00100|CMF0017|100|EA|800|KRW|80000|20170831|1300|
C|005186|2017|50003656680001|001|4300008318|00010|CME0008|100|EA|1950|KRW|195000|20170831|1300|
C|005186|2017|50003656690001|001|4300008258|00110|UEBC1044|2|EA|3890|KRW|7780|20170831|1300|
C|005186|2017|50003656700001|001|4300008336|00070|UGCC0912|8|EA|27000|KRW|216000|20170831|1300|
C|005186|2017|50003656710001|001|4300008319|00010|UGCC0190|1|EA|19350|KRW|19350|20170831|1300|
C|005186|2017|50003656710002|001|4300008320|00030|UGCC0848|2|EA|60000|KRW|120000|20170831|1300|
C|005186|2017|50003656710003|001|4300008330|00020|UALC0069|60|EA|760|KRW|45600|20170831|1300|
C|005186|2017|50003656710004|001|4300008331|00010|UICC0031|1|EA|14210|KRW|14210|20170831|1300|
C|005186|2017|50003656710005|001|4300008335|00030|UEBC0898|10|EA|24885|KRW|248850|20170831|1300|
C|005186|2017|50003656710006|001|4300008336|00010|UEAC0049|1|EA|308390|KRW|308390|20170831|1300|
C|005186|2017|50003656710007|001|4300008336|00030|UGCC0613|10|EA|9450|KRW|94500|20170831|1300|
C|005186|2017|50003656710008|001|4300008336|00050|UKGC0008|7|EA|2940|KRW|20580|20170831|1300|
C|005186|2017|50003656710009|001|4300008336|00080|UEBC0517|3|EA|6510|KRW|19530|20170831|1300|
C|005186|2017|50003656710010|001|4300008358|00020|UGBC1447|20|EA|52200|KRW|1044000|20170831|1300|
C|005186|2017|50003656710011|001|4300008358|00030|UGBC1448|20|EA|33700|KRW|674000|20170831|1300|
C|005186|2017|50003656710012|001|4300008359|00040|UKEC0010|10|EA|1530|KRW|15300|20170831|1300|
C|005186|2017|50003656710013|001|4300008359|00050|UICC0047|2|EA|19110|KRW|38220|20170831|1300|
C|005186|2017|50003656730001|001|4300008321|00010|UHGC0320|5|EA|39220|KRW|196100|20170831|1300|
C|005186|2017|50003656730002|001|4300008321|00020|UHHC0071|1|EA|573300|KRW|573300|20170831|1300|
C|005186|2017|50003656730003|001|4300008321|00030|UCKC0013|1|EA|418000|KRW|418000|20170831|1300|
C|005186|2017|50003656730004|001|4300008321|00040|UHTC0281|1|EA|123900|KRW|123900|20170831|1300|
C|005186|2017|50003656730005|001|4300008321|00050|UHTC0449|10|EA|1900|KRW|19000|20170831|1300|
C|005186|2017|50003656730006|001|4300008321|00060|UHFC0356|3|EA|50400|KRW|151200|20170831|1300|
C|005186|2017|50003656730007|001|4300008321|00070|UHGC0053|5|EA|22940|KRW|114700|20170831|1300|
C|005186|2017|50003656730008|001|4300008321|00080|UHGC0024|5|EA|76100|KRW|380500|20170831|1300|
C|005186|2017|50003656730009|001|4300008323|00010|UHGC0254|1|EA|800000|KRW|800000|20170831|1300|
C|005186|2017|50003656730010|001|4300008323|00020|UHDC0253|1|EA|1123600|KRW|1123600|20170831|1300|
C|005186|2017|50003656730011|001|4300008324|00010|UHGC0269|3|EA|416850|KRW|1250550|20170831|1300|
C|005186|2017|50003656730012|001|4300008324|00020|UHFC0340|1|EA|118000|KRW|118000|20170831|1300|
C|005186|2017|50003656730013|001|4300008324|00030|UHHC0071|1|EA|573300|KRW|573300|20170831|1300|
C|005186|2017|50003656730014|001|4300008325|00010|UHHC0069|1|EA|412650|KRW|412650|20170831|1300|
C|005186|2017|50003656730015|001|4300008325|00030|UHGC0294|6|EA|96460|KRW|578760|20170831|1300|
C|005186|2017|50003656730016|001|4300008325|00040|UHGC0326|3|EA|237000|KRW|711000|20170831|1300|
C|005186|2017|50003656730017|001|4300008325|00050|UHGC0181|6|EA|41600|KRW|249600|20170831|1300|
C|005186|2017|50003656730018|001|4300008326|00010|UHHC0089|1|EA|895650|KRW|895650|20170831|1300|
C|005186|2017|50003656730019|001|4300008326|00020|UHFC0336|1|EA|82950|KRW|82950|20170831|1300|
C|005186|2017|50003656730020|001|4300008326|00030|UHBC0022|1|EA|430360|KRW|430360|20170831|1300|
C|005186|2017|50003656730021|001|4300008326|00040|UHDC0059|5|EA|55650|KRW|278250|20170831|1300|
C|005186|2017|50003656730022|001|4300008326|00050|UHNC0032|1|EA|293000|KRW|293000|20170831|1300|
C|005186|2017|50003656730023|001|4300008327|00010|UHGC0134|2|EA|756000|KRW|1512000|20170831|1300|
C|005186|2017|50003656730024|001|4300008327|00020|UHGC0203|3|EA|103950|KRW|311850|20170831|1300|
C|005186|2017|50003656730025|001|4300008328|00010|UGAC0007|20|EA|49140|KRW|982800|20170831|1300|
C|005186|2017|50003656730026|001|4300008328|00020|UGAC0006|20|EA|30030|KRW|600600|20170831|1300|
C|005186|2017|50003656730027|001|4300008329|00010|UHTC0209|1|EA|503480|KRW|503480|20170831|1300|
C|005186|2017|50003656730028|001|4300008329|00020|UHFC0112|1|EA|695310|KRW|695310|20170831|1300|
C|005186|2017|50003656730029|001|4300008334|00030|UHDC0063|20|EA|60900|KRW|1218000|20170831|1300|
C|005186|2017|50003656730030|001|4300008335|00020|UHTC0500|3|EA|293500|KRW|880500|20170831|1300|
C|005186|2017|50003656730031|001|4300008357|00010|KE110100|12|EA|124000|KRW|1488000|20170831|1300|
C|005186|2017|50003656730032|001|4300008359|00030|UHGC0242|40|EA|6950|KRW|278000|20170831|1300|
C|005186|2017|50003656730033|001|4300008361|00010|UHHC0201|60|EA|31580|KRW|1894800|20170831|1300|
C|005186|2017|50003656730034|001|4300008378|00010|UHHC0201|60|EA|31580|KRW|1894800|20170831|1300|
C|005186|2017|50003656770001|001|4300008334|00020|UAGC0324|1|EA|330800|KRW|330800|20170831|1300|
C|005186|2017|50003656770002|001|4300008334|00040|UAEC0468|1|EA|55210|KRW|55210|20170831|1300|
C|005186|2017|50003656770003|001|4300008335|00010|UGAC0054|2|EA|392700|KRW|785400|20170831|1300|
C|005186|2017|50003656770004|001|4300008336|00040|UAEC0299|5|EA|18900|KRW|94500|20170831|1300|
C|005186|2017|50003656770005|001|4300008336|00060|UAIC0002|5|EA|3680|KRW|18400|20170831|1300|
C|005186|2017|50003656770006|001|4300008337|00010|UAGC0471|20|EA|68250|KRW|1365000|20170831|1300|
C|005186|2017|50003656770007|001|4300008337|00020|UAGC0175|1|EA|13120|KRW|13120|20170831|1300|
C|005186|2017|50003656770008|001|4300008338|00020|UAAC0013|10|EA|6580|KRW|65800|20170831|1300|
C|005186|2017|50003656770009|001|4300008358|00010|UADC0157|1|EA|40420|KRW|40420|20170831|1300|
C|005186|2017|50003656770010|001|4300008358|00040|UAEC0389|1|EA|14400|KRW|14400|20170831|1300|
C|005186|2017|50003656770011|001|4300008358|00050|UAEC0198|2|EA|7270|KRW|14540|20170831|1300|
C|005186|2017|50003656770012|001|4300008358|00060|UAEC0197|2|EA|7270|KRW|14540|20170831|1300|
C|005186|2017|50003656770013|001|4300008358|00070|UAEC0015|1|EA|9830|KRW|9830|20170831|1300|
C|005186|2017|50003656770014|001|4300008358|00100|UAAC0001|10|EA|1890|KRW|18900|20170831|1300|
C|005186|2017|50003656770015|001|4300008358|00110|UAEC0349|1|EA|6963|KRW|6963|20170831|1300|
C|005186|2017|50003656770016|001|4300008358|00120|UAEC0024|1|EA|17640|KRW|17640|20170831|1300|
C|005186|2017|50003656770017|001|4300008358|00130|UADC0137|1|EA|10420|KRW|10420|20170831|1300|
C|005186|2017|50003656770018|001|4300008359|00020|UAEC0425|1|EA|6468|KRW|6468|20170831|1300|
C|005186|2017|50003656770019|001|4300008379|00070|UGBC0449|100|EA|1270|KRW|127000|20170831|1300|
C|005186|2017|50003656770020|001|4300008379|00090|UDBC0498|30|EA|250|KRW|7500|20170831|1300|
C|005186|2017|50003656770021|001|4300008379|00100|UDBC0344|30|EA|47|KRW|1410|20170831|1300|
C|005186|2017|50003656770022|001|4300008380|00010|UKCC0003|40|EA|4520|KRW|180800|20170831|1300|
C|005186|2017|50003656770023|001|4300008384|00040|UCKC0126|100|EA|12200|KRW|1220000|20170831|1300|
C|005186|2017|50003656790001|001|4300008334|00010|UFFC0012|10|EA|31190|KRW|311900|20170831|1300|
C|005186|2017|50003656790002|001|4300008380|00030|UGBC1595|5|EA|55200|KRW|276000|20170831|1300|
C|005186|2017|50003656790003|001|4300008380|00070|UHDC0074|80|EA|13650|KRW|1092000|20170831|1300|
C|005186|2017|50003656790004|001|4300008384|00010|UFFC0012|5|EA|31190|KRW|155950|20170831|1300|
C|005186|2017|50003656790005|001|4300008386|00010|UCKC0037|80|EA|14050|KRW|1124000|20170831|1300|
C|005186|2017|50003656790006|001|4300008387|00010|KE231406|20|EA|7140|KRW|142800|20170831|1300|
C|005186|2017|50003656790007|001|4300008388|00010|UGCC0506|2|EA|24200|KRW|48400|20170831|1300|
C|005186|2017|50003656810001|001|4300008360|00010|UAEC0372|100|EA|13125|KRW|1312500|20170831|1300|
C|005186|2017|50003656810002|001|4300008360|00020|UAEC0357|100|EA|5790|KRW|579000|20170831|1300|
C|005186|2017|50003656810003|001|4300008379|00010|UAEC0414|100|EA|5830|KRW|583000|20170831|1300|
