C|005186|2016|50002596870001|001|4300005204|00010|UAEC0020|2|EA|31470|KRW|62940|20160615|1300|
C|005186|2016|50002596870002|001|4300005204|00020|UAEC0038|2|EA|4520|KRW|9040|20160615|1300|
C|005186|2016|50002596870003|001|4300005205|00030|UAGC0379|3|EA|35700|KRW|107100|20160615|1300|
C|005186|2016|50002596870004|001|4300005206|00020|UAEC0299|3|EA|18900|KRW|56700|20160615|1300|
C|005186|2016|50002596870005|001|4300005211|00050|UKAC0053|3|EA|121900|KRW|365700|20160615|1300|
C|005186|2016|50002596870006|001|4300005218|00200|UAEC0434|2|EA|13040|KRW|26080|20160615|1300|
C|005186|2016|50002596870007|001|4300005218|00210|UIDC0111|2|EA|72450|KRW|144900|20160615|1300|
C|005186|2016|50002596870008|001|4300005218|00220|UIDC0107|1|EA|141120|KRW|141120|20160615|1300|
C|005186|2016|50002596880001|001|4300005198|00130|UALC0075|4000|EA|45|KRW|180000|20160615|1300|
C|005186|2016|50002596880002|001|4300005199|00010|UCKC0035|15|EA|44520|KRW|667800|20160615|1300|
C|005186|2016|50002596880003|001|4300005199|00020|UALC0038|9|EA|82950|KRW|746550|20160615|1300|
C|005186|2016|50002596880004|001|4300005199|00030|UALC0037|6|EA|95550|KRW|573300|20160615|1300|
C|005186|2016|50002596880005|001|4300005200|00010|UCKC0037|80|EA|14050|KRW|1124000|20160615|1300|
C|005186|2016|50002596880006|001|4300005202|00010|UCKC0037|80|EA|14050|KRW|1124000|20160615|1300|
C|005186|2016|50002596880007|001|4300005203|00010|UHTC0500|4|EA|293500|KRW|1174000|20160615|1300|
C|005186|2016|50002596880008|001|4300005206|00040|UCKC0037|80|EA|14050|KRW|1124000|20160615|1300|
C|005186|2016|50002596880009|001|4300005208|00020|UCKC0037|80|EA|14050|KRW|1124000|20160615|1300|
C|005186|2016|50002596880010|001|4300005209|00080|UHDC0061|50|EA|10300|KRW|515000|20160615|1300|
C|005186|2016|50002596880011|001|4300005209|00090|UHDC0074|50|EA|13650|KRW|682500|20160615|1300|
C|005186|2016|50002596890001|001|4300005195|00010|UAJC0065|100|EA|180|KRW|18000|20160615|1300|
C|005186|2016|50002596890002|001|4300005195|00020|UAJC0049|30|EA|390|KRW|11700|20160615|1300|
C|005186|2016|50002596890003|001|4300005195|00030|UCHC0017|1|EA|28420|KRW|28420|20160615|1300|
C|005186|2016|50002596890004|001|4300005195|00040|UAEC0429|4|EA|3130|KRW|12520|20160615|1300|
C|005186|2016|50002596890005|001|4300005195|00050|UAEC0430|4|EA|3230|KRW|12920|20160615|1300|
C|005186|2016|50002596890006|001|4300005195|00070|UHTC0771|1|EA|18600|KRW|18600|20160615|1300|
C|005186|2016|50002596890007|001|4300005195|00080|UGCC0734|2|EA|24200|KRW|48400|20160615|1300|
C|005186|2016|50002596890008|001|4300005195|00090|UJAC0005|1|EA|49300|KRW|49300|20160615|1300|
C|005186|2016|50002596890009|001|4300005195|00100|UAGC0091|1|EA|8890|KRW|8890|20160615|1300|
C|005186|2016|50002596890010|001|4300005195|00110|UGBC1245|1|EA|176850|KRW|176850|20160615|1300|
C|005186|2016|50002596890011|001|4300005195|00120|UGCC1014|1|EA|826800|KRW|826800|20160615|1300|
C|005186|2016|50002596890012|001|4300005195|00140|UJCC0027|2|EA|100800|KRW|201600|20160615|1300|
C|005186|2016|50002596890013|001|4300005195|00150|UJCC0028|2|EA|100800|KRW|201600|20160615|1300|
C|005186|2016|50002596890014|001|4300005195|00160|UCHC0029|10|EA|8260|KRW|82600|20160615|1300|
C|005186|2016|50002596890015|001|4300005198|00020|UDDC0097|1|EA|30030|KRW|30030|20160615|1300|
C|005186|2016|50002596890016|001|4300005198|00040|UGCC0027|1|EA|53570|KRW|53570|20160615|1300|
C|005186|2016|50002596890017|001|4300005198|00090|UGBC0749|10|EA|520|KRW|5200|20160615|1300|
C|005186|2016|50002596890018|001|4300005198|00120|UGBC0789|10|EA|690|KRW|6900|20160615|1300|
C|005186|2016|50002596890019|001|4300005200|00040|UGCC0199|1|EA|22000|KRW|22000|20160615|1300|
C|005186|2016|50002596890020|001|4300005201|00030|UZZC0107|2|EA|35770|KRW|71540|20160615|1300|
C|005186|2016|50002596890021|001|4300005201|00120|UGCC0605|1|EA|11030|KRW|11030|20160615|1300|
C|005186|2016|50002596890022|001|4300005201|00130|UGCC0607|5|EA|9870|KRW|49350|20160615|1300|
C|005186|2016|50002596890023|001|4300005210|00020|UCKC0120|50|EA|9500|KRW|475000|20160615|1300|
C|005186|2016|50002596890024|001|4300005211|00020|UGBC1520|1|EA|612000|KRW|612000|20160615|1300|
C|005186|2016|50002596890025|001|4300005212|00010|UZZC0071|3|EA|217350|KRW|652050|20160615|1300|
C|005186|2016|50002596890026|001|4300005212|00030|UZZC0119|1|EA|19470|KRW|19470|20160615|1300|
C|005186|2016|50002596890027|001|4300005218|00010|UAJC0063|100|EA|180|KRW|18000|20160615|1300|
C|005186|2016|50002596890028|001|4300005218|00020|UAJC0046|30|EA|470|KRW|14100|20160615|1300|
C|005186|2016|50002596890029|001|4300005218|00030|UDFC0016|1|EA|91350|KRW|91350|20160615|1300|
C|005186|2016|50002596890030|001|4300005218|00040|UCHC0014|10|EA|34350|KRW|343500|20160615|1300|
C|005186|2016|50002596890031|001|4300005218|00060|UGCC0623|1|EA|35300|KRW|35300|20160615|1300|
C|005186|2016|50002596890032|001|4300005218|00070|UGCC0624|1|EA|65600|KRW|65600|20160615|1300|
C|005186|2016|50002596890033|001|4300005218|00080|UGCC0625|1|EA|90000|KRW|90000|20160615|1300|
C|005186|2016|50002596890034|001|4300005218|00110|UGCC0629|1|EA|32130|KRW|32130|20160615|1300|
C|005186|2016|50002596890035|001|4300005219|00190|UGBC1344|1|EA|509000|KRW|509000|20160615|1300|
C|005186|2016|50002596900001|001|4300005214|00010|UGBC1477|10|EA|6240|KRW|62400|20160615|1300|
C|005186|2016|50002596900002|001|4300005214|00020|UGBC1478|10|EA|6550|KRW|65500|20160615|1300|
C|005186|2016|50002596900003|001|4300005214|00040|UGBC0621|20|EA|640|KRW|12800|20160615|1300|
C|005186|2016|50002596900004|001|4300005214|00050|UGBC0168|20|EA|1680|KRW|33600|20160615|1300|
C|005186|2016|50002596900005|001|4300005214|00060|UGBC0141|10|EA|1260|KRW|12600|20160615|1300|
C|005186|2016|50002596900006|001|4300005214|00080|UGBC0151|5|EA|7880|KRW|39400|20160615|1300|
C|005186|2016|50002596900007|001|4300005218|00130|UGBC1320|4|EA|84210|KRW|336840|20160615|1300|
C|005186|2016|50002596910001|001|4300005198|00030|UAIC0015|1|EA|192650|KRW|192650|20160615|1300|
C|005186|2016|50002596910002|001|4300005198|00050|UAGC0002|50|EA|1520|KRW|76000|20160615|1300|
C|005186|2016|50002596910003|001|4300005198|00060|UIDC0058|1|EA|127000|KRW|127000|20160615|1300|
C|005186|2016|50002596910004|001|4300005198|00070|UJAC0087|10|EA|44840|KRW|448400|20160615|1300|
C|005186|2016|50002596910005|001|4300005198|00080|UJAC0088|10|EA|49350|KRW|493500|20160615|1300|
C|005186|2016|50002596910006|001|4300005198|00100|UGAC0085|1|EA|31500|KRW|31500|20160615|1300|
C|005186|2016|50002596910007|001|4300005198|00110|UAGC0235|100|EA|300|KRW|30000|20160615|1300|
C|005186|2016|50002596910008|001|4300005198|00140|UAAC0013|5|EA|6580|KRW|32900|20160615|1300|
C|005186|2016|50002596910009|001|4300005198|00160|UKEC0011|5|EA|1520|KRW|7600|20160615|1300|
C|005186|2016|50002596910010|001|4300005198|00170|UZZC0147|10|EA|3200|KRW|32000|20160615|1300|
C|005186|2016|50002596910011|001|4300005200|00020|UKAC0011|5|EA|117495|KRW|587475|20160615|1300|
C|005186|2016|50002596910012|001|4300005200|00050|UIEC0047|1|EA|108885|KRW|108885|20160615|1300|
C|005186|2016|50002596910013|001|4300005201|00010|UADC0106|3|EA|2310|KRW|6930|20160615|1300|
C|005186|2016|50002596910014|001|4300005201|00020|UZZC0003|20|EA|27160|KRW|543200|20160615|1300|
C|005186|2016|50002596910015|001|4300005201|00040|UGAC0089|3|EA|33680|KRW|101040|20160615|1300|
C|005186|2016|50002596910016|001|4300005201|00050|UCKC0046|5|EA|12600|KRW|63000|20160615|1300|
C|005186|2016|50002596910017|001|4300005201|00060|UKEC0108|1|EA|137020|KRW|137020|20160615|1300|
C|005186|2016|50002596910018|001|4300005201|00070|UICC0032|1|EA|10290|KRW|10290|20160615|1300|
C|005186|2016|50002596910019|001|4300005201|00080|UAEC0366|1|EA|229400|KRW|229400|20160615|1300|
C|005186|2016|50002596910020|001|4300005201|00090|UADC0042|2|EA|5250|KRW|10500|20160615|1300|
C|005186|2016|50002596910021|001|4300005201|00100|UHTC0486|1|EA|46410|KRW|46410|20160615|1300|
C|005186|2016|50002596910022|001|4300005201|00110|UICC0028|1|EA|7350|KRW|7350|20160615|1300|
C|005186|2016|50002596910023|001|4300005201|00140|UZZC0086|60|EA|9180|KRW|550800|20160615|1300|
C|005186|2016|50002596910024|001|4300005202|00020|UHFC0146|1|EA|7350|KRW|7350|20160615|1300|
C|005186|2016|50002596910025|001|4300005202|00030|UHFC0145|1|EA|10080|KRW|10080|20160615|1300|
C|005186|2016|50002596910026|001|4300005202|00040|UDFC0147|3|EA|31580|KRW|94740|20160615|1300|
C|005186|2016|50002596910027|001|4300005202|00060|UKEC0091|40|EA|1270|KRW|50800|20160615|1300|
C|005186|2016|50002596910028|001|4300005202|00070|UZZC0097|4|EA|70760|KRW|283040|20160615|1300|
C|005186|2016|50002596910029|001|4300005202|00080|UCAC0052|1|EA|19630|KRW|19630|20160615|1300|
C|005186|2016|50002596910030|001|4300005202|00090|UKEC0108|1|EA|137020|KRW|137020|20160615|1300|
C|005186|2016|50002596910031|001|4300005204|00040|UAEC0048|2|EA|12600|KRW|25200|20160615|1300|
C|005186|2016|50002596910032|001|4300005204|00060|UCKC0046|5|EA|12600|KRW|63000|20160615|1300|
C|005186|2016|50002596910033|001|4300005204|00070|UAGC0038|50|EA|2710|KRW|135500|20160615|1300|
C|005186|2016|50002596910034|001|4300005204|00080|UAEC0244|20|EA|3140|KRW|62800|20160615|1300|
C|005186|2016|50002596910035|001|4300005204|00090|UZZC0128|2|EA|201000|KRW|402000|20160615|1300|
C|005186|2016|50002596910036|001|4300005204|00100|UKCC0003|20|EA|4520|KRW|90400|20160615|1300|
C|005186|2016|50002596910037|001|4300005205|00020|UAGC0467|100|EA|4400|KRW|440000|20160615|1300|
C|005186|2016|50002596910038|001|4300005206|00010|UAGC0193|50|EA|3255|KRW|162750|20160615|1300|
C|005186|2016|50002596910039|001|4300005206|00050|UAGC0323|10|EA|14180|KRW|141800|20160615|1300|
C|005186|2016|50002596910040|001|4300005206|00060|UKEC0091|20|EA|1270|KRW|25400|20160615|1300|
C|005186|2016|50002596910041|001|4300005206|00070|UAAC0001|30|EA|1890|KRW|56700|20160615|1300|
C|005186|2016|50002596910042|001|4300005206|00090|UKBC0010|1|EA|91480|KRW|91480|20160615|1300|
C|005186|2016|50002596910043|001|4300005207|00020|UAGC0491|100|EA|1020|KRW|102000|20160615|1300|
C|005186|2016|50002596910044|001|4300005209|00020|UKEC0091|10|EA|1270|KRW|12700|20160615|1300|
C|005186|2016|50002596910045|001|4300005209|00030|UADC0099|3|EA|8870|KRW|26610|20160615|1300|
C|005186|2016|50002596910046|001|4300005209|00070|UJBC0019|10|EA|13280|KRW|132800|20160615|1300|
C|005186|2016|50002596910047|001|4300005209|00100|UZZC0153|10|EA|3180|KRW|31800|20160615|1300|
C|005186|2016|50002596910048|001|4300005209|00110|UHGC0306|1|EA|54060|KRW|54060|20160615|1300|
C|005186|2016|50002596910049|001|4300005209|00120|UAEC0444|2|EA|13780|KRW|27560|20160615|1300|
C|005186|2016|50002596920001|001|4300005202|00050|UGAC0053|2|EA|69880|KRW|139760|20160615|1300|
C|005186|2016|50002596920002|001|4300005203|00030|UGAC0053|4|EA|69880|KRW|279520|20160615|1300|
C|005186|2016|50002596920003|001|4300005209|00040|UGAC0053|2|EA|69880|KRW|139760|20160615|1300|
C|005186|2016|50002596920004|001|4300005209|00060|UGAC0056|1|EA|139760|KRW|139760|20160615|1300|
C|005186|2016|50002596920005|001|4300005210|00010|UHTC0782|40|EA|6890|KRW|275600|20160615|1300|
C|005186|2016|50002596920006|001|4300005212|00020|UBBC0006|3|EA|103370|KRW|310110|20160615|1300|
C|005186|2016|50002596920007|001|4300005213|00020|UFFC0050|5|EA|7400|KRW|37000|20160615|1300|
C|005186|2016|50002596920008|001|4300005218|00120|UFKC0048|1|EA|90900|KRW|90900|20160615|1300|
C|005186|2016|50002596930001|001|4300005197|00010|UDDC0354|7|EA|35500|KRW|248500|20160615|1300|
C|005186|2016|50002596930002|001|4300005197|00020|UDDC0355|7|EA|37300|KRW|261100|20160615|1300|
C|005186|2016|50002596930003|001|4300005197|00030|UDDC0197|7|EA|69990|KRW|489930|20160615|1300|
C|005186|2016|50002596930004|001|4300005197|00040|UDDC0226|20|EA|7250|KRW|145000|20160615|1300|
C|005186|2016|50002596930005|001|4300005197|00050|UDDC0014|20|EA|31770|KRW|635400|20160615|1300|
C|005186|2016|50002596930006|001|4300005203|00020|UGCC0266|3|EA|176850|KRW|530550|20160615|1300|
C|005186|2016|50002596930007|001|4300005204|00030|UGCC0270|3|EA|316000|KRW|948000|20160615|1300|
C|005186|2016|50002596930008|001|4300005215|00030|UDDC0059|10|EA|13020|KRW|130200|20160615|1300|
C|005186|2016|50002596930009|001|4300005218|00180|UGBC0622|10|EA|1050|KRW|10500|20160615|1300|
C|005186|2016|50002596930010|001|4300005218|00190|UGBC0168|10|EA|1680|KRW|16800|20160615|1300|
C|005186|2016|50002596930011|001|4300005219|00010|UDDC0242|2|EA|57660|KRW|115320|20160615|1300|
C|005186|2016|50002596930012|001|4300005219|00020|UDDC0247|3|EA|75210|KRW|225630|20160615|1300|
C|005186|2016|50002596930013|001|4300005219|00030|UDDC0024|15|EA|31240|KRW|468600|20160615|1300|
C|005186|2016|50002596930014|001|4300005219|00040|UDDC0035|15|EA|35700|KRW|535500|20160615|1300|
C|005186|2016|50002596940001|001|4300005195|00130|UEBC0522|5|EA|13430|KRW|67150|20160615|1300|
C|005186|2016|50002596940002|001|4300005198|00010|UEBC0482|5|EA|3080|KRW|15400|20160615|1300|
C|005186|2016|50002596940003|001|4300005198|00150|UEBC1225|2|EA|40700|KRW|81400|20160615|1300|
C|005186|2016|50002596940004|001|4300005200|00030|UEBC1213|1|EA|154800|KRW|154800|20160615|1300|
C|005186|2016|50002596940005|001|4300005201|00150|UEBC0465|6|EA|13900|KRW|83400|20160615|1300|
C|005186|2016|50002596940006|001|4300005204|00050|UIEC0073|50|EA|800|KRW|40000|20160615|1300|
C|005186|2016|50002596940007|001|4300005205|00010|UDAC0266|200|EA|4840|KRW|968000|20160615|1300|
C|005186|2016|50002596940008|001|4300005205|00040|UEBC1073|10|EA|11570|KRW|115700|20160615|1300|
C|005186|2016|50002596940009|001|4300005205|00050|UEBC0662|2|EA|99320|KRW|198640|20160615|1300|
C|005186|2016|50002596940010|001|4300005205|00060|UEBC0789|20|EA|2450|KRW|49000|20160615|1300|
C|005186|2016|50002596940011|001|4300005205|00070|UEBC0788|20|EA|3550|KRW|71000|20160615|1300|
C|005186|2016|50002596940012|001|4300005206|00030|UDAC0286|20|EA|1100|KRW|22000|20160615|1300|
C|005186|2016|50002596940013|001|4300005207|00010|UDFC0015|10|EA|178080|KRW|1780800|20160615|1300|
C|005186|2016|50002596940014|001|4300005209|00050|UDBC0815|100|EA|490|KRW|49000|20160615|1300|
C|005186|2016|50002596940015|001|4300005210|00030|UEBC1287|10|EA|15400|KRW|154000|20160615|1300|
C|005186|2016|50002596940016|001|4300005210|00050|UEBC1288|10|EA|2740|KRW|27400|20160615|1300|
C|005186|2016|50002596940017|001|4300005210|00060|UEBC1289|5|EA|3420|KRW|17100|20160615|1300|
C|005186|2016|50002596940018|001|4300005210|00070|UDBC0937|100|EA|155|KRW|15500|20160615|1300|
C|005186|2016|50002596940019|001|4300005210|00080|UDFC0179|100|EA|1160|KRW|116000|20160615|1300|
C|005186|2016|50002596940020|001|4300005210|00090|UDFC0180|100|EA|1270|KRW|127000|20160615|1300|
C|005186|2016|50002596940021|001|4300005210|00100|UDBC0939|50|EA|1690|KRW|84500|20160615|1300|
C|005186|2016|50002596940022|001|4300005211|00010|UDAC0343|50|EA|4750|KRW|237500|20160615|1300|
C|005186|2016|50002596940023|001|4300005211|00040|UDBC0940|100|EA|155|KRW|15500|20160615|1300|
C|005186|2016|50002596940024|001|4300005215|00020|UEBC1210|8|EA|146500|KRW|1172000|20160615|1300|
C|005186|2016|50002596940025|001|4300005218|00050|UEBC0441|5|EA|29560|KRW|147800|20160615|1300|
C|005186|2016|50002596940026|001|4300005218|00090|UDBC0004|100|EA|1050|KRW|105000|20160615|1300|
C|005186|2016|50002596940027|001|4300005218|00140|UDBC0569|50|EA|1350|KRW|67500|20160615|1300|
C|005186|2016|50002596940028|001|4300005218|00150|UEBC1253|2|EA|35200|KRW|70400|20160615|1300|
C|005186|2016|50002596940029|001|4300005218|00160|UEBC0476|15|EA|2800|KRW|42000|20160615|1300|
C|005186|2016|50002596940030|001|4300005218|00170|UEBC0522|3|EA|13430|KRW|40290|20160615|1300|
C|005186|2016|50002596940031|001|4300005218|00230|UDAC0305|20|EA|430|KRW|8600|20160615|1300|
C|005186|2016|50002596940032|001|4300005219|00050|UDBC0403|500|EA|27|KRW|13500|20160615|1300|
C|005186|2016|50002596940033|001|4300005219|00070|UDBC0422|500|EA|69|KRW|34500|20160615|1300|
C|005186|2016|50002596940034|001|4300005219|00080|UDBC0426|200|EA|75|KRW|15000|20160615|1300|
C|005186|2016|50002596940035|001|4300005219|00090|UDBC0428|200|EA|82|KRW|16400|20160615|1300|
C|005186|2016|50002596940036|001|4300005219|00100|UDBC0431|200|EA|90|KRW|18000|20160615|1300|
C|005186|2016|50002596940037|001|4300005219|00120|UDBC0734|500|EA|8|KRW|4000|20160615|1300|
C|005186|2016|50002596940038|001|4300005219|00130|UDBC0318|500|EA|8|KRW|4000|20160615|1300|
C|005186|2016|50002596940039|001|4300005219|00150|UDBC0297|200|EA|13|KRW|2600|20160615|1300|
C|005186|2016|50002596940040|001|4300005219|00160|UDBC0302|200|EA|32|KRW|6400|20160615|1300|
C|005186|2016|50002596940041|001|4300005219|00170|UDBC0375|500|EA|16|KRW|8000|20160615|1300|
C|005186|2016|50002596940042|001|4300005219|00180|UDBC0350|200|EA|80|KRW|16000|20160615|1300|
C|005186|2016|50002596950001|001|4300005195|00060|UGBC1465|10|EA|8200|KRW|82000|20160615|1300|
C|005186|2016|50002596950002|001|4300005206|00080|UCGC0003|30|EA|7570|KRW|227100|20160615|1300|
C|005186|2016|50002596950003|001|4300005208|00010|UGCC1086|30|EA|26500|KRW|795000|20160615|1300|
C|005186|2016|50002596950004|001|4300005210|00040|UDFC0176|10|EA|40300|KRW|403000|20160615|1300|
C|005186|2016|50002596950005|001|4300005211|00030|UDFC0181|10|EA|6350|KRW|63500|20160615|1300|
C|005186|2016|50002596950006|001|4300005215|00010|UGBC1004|3|EA|224700|KRW|674100|20160615|1300|
C|005186|2016|50002596950007|001|4300005218|00100|UHTC0239|1|EA|15750|KRW|15750|20160615|1300|
C|005186|2016|50002596960001|001|4300005209|00010|UHFC0412|6|EA|14700|KRW|88200|20160615|1300|
C|005186|2016|50002596970001|001|4300005212|00040|UZZC0141|1|EA|187000|KRW|187000|20160615|1300|
C|005186|2016|50002596970002|001|4300005213|00010|UGCC0840|1|EA|1084000|KRW|1084000|20160615|1300|
C|005186|2016|50002596980001|001|4300005225|00030|UDBC0405|500|EA|27|KRW|13500|20160615|1300|
C|005186|2016|50002596980002|001|4300005225|00040|UDBC0433|200|EA|90|KRW|18000|20160615|1300|
C|005186|2016|50002596980003|001|4300005225|00050|UDBC0322|500|EA|10|KRW|5000|20160615|1300|
C|005186|2016|50002596980004|001|4300005225|00060|UGBC1223|1|EA|871000|KRW|871000|20160615|1300|
C|005186|2016|50002596980005|001|4300005226|00040|UJAC0065|8|EA|2100|KRW|16800|20160615|1300|
C|005186|2016|50002596980006|001|4300005227|00020|UGCC1062|10|EA|10330|KRW|103300|20160615|1300|
C|005186|2016|50002596980007|001|4300005227|00030|UGCC1065|200|EA|230|KRW|46000|20160615|1300|
C|005186|2016|50002596980008|001|4300005227|00040|UGCC1075|1|EA|185000|KRW|185000|20160615|1300|
C|005186|2016|50002596980009|001|4300005227|00060|UGCC1085|5|EA|27500|KRW|137500|20160615|1300|
C|005186|2016|50002596980010|001|4300005227|00070|UCAC0302|3|EA|16320|KRW|48960|20160615|1300|
C|005186|2016|50002596980011|001|4300005236|00020|UGBC1505|40|EA|2900|KRW|116000|20160615|1300|
C|005186|2016|50002596980012|001|4300005236|00030|UGBC1506|20|EA|5700|KRW|114000|20160615|1300|
C|005186|2016|50002596980013|001|4300005236|00040|UGBC1507|20|EA|1540|KRW|30800|20160615|1300|
C|005186|2016|50002596980014|001|4300005236|00110|UDBC0933|200|EA|55|KRW|11000|20160615|1300|
C|005186|2016|50002596980015|001|4300005245|00010|UCHC0010|1|EA|15790|KRW|15790|20160615|1300|
C|005186|2016|50002596990001|001|4300005248|00200|KH990100|4|EA|27220|KRW|108880|20160615|1300|
C|005186|2016|50002596990002|001|4300005248|00210|KH990101|6|EA|7250|KRW|43500|20160615|1300|
C|005186|2016|50002596990003|001|4300005248|00220|KT020005|2|EA|5640|KRW|11280|20160615|1300|
C|005186|2016|50002596990004|001|4300005248|00230|KT020006|2|EA|6250|KRW|12500|20160615|1300|
C|005186|2016|50002596990005|001|4300005248|00240|KT020008|2|EA|8030|KRW|16060|20160615|1300|
C|005186|2016|50002596990006|001|4300005248|00250|KT020010|2|EA|10190|KRW|20380|20160615|1300|
C|005186|2016|50002596990007|001|4300005248|00260|KT020012|2|EA|13110|KRW|26220|20160615|1300|
C|005186|2016|50002596990008|001|4300005248|00270|KT020013|2|EA|13110|KRW|26220|20160615|1300|
C|005186|2016|50002596990009|001|4300005248|00280|KT020014|1|EA|14490|KRW|14490|20160615|1300|
C|005186|2016|50002596990010|001|4300005248|00290|KT020015|3|EA|15720|KRW|47160|20160615|1300|
C|005186|2016|50002596990011|001|4300005249|00010|KS990007|5|EA|51450|KRW|257250|20160615|1300|
C|005186|2016|50002596990012|001|4300005249|00020|KT020017|1|EA|18730|KRW|18730|20160615|1300|
C|005186|2016|50002596990013|001|4300005249|00030|KT020021|1|EA|28350|KRW|28350|20160615|1300|
C|005186|2016|50002596990014|001|4300005249|00040|KT020610|2|EA|29150|KRW|58300|20160615|1300|
C|005186|2016|50002596990015|001|4300005249|00050|KT020611|1|EA|28140|KRW|28140|20160615|1300|
C|005186|2016|50002596990016|001|4300005249|00060|KT020700|21|EA|2680|KRW|56280|20160615|1300|
C|005186|2016|50002596990017|001|4300005249|00070|KT020704|20|EA|610|KRW|12200|20160615|1300|
C|005186|2016|50002596990018|001|4300005249|00080|KT080300|20.000|KG|2770|KRW|55400|20160615|1300|
C|005186|2016|50002596990019|001|4300005249|00090|KT080311|1|EA|72980|KRW|72980|20160615|1300|
C|005186|2016|50002596990020|001|4300005249|00100|KT080350|1|EA|4720|KRW|4720|20160615|1300|
C|005186|2016|50002596990021|001|4300005249|00110|KT080370|23|EA|760|KRW|17480|20160615|1300|
C|005186|2016|50002596990022|001|4300005249|00120|KT080500|3|EA|26500|KRW|79500|20160615|1300|
C|005186|2016|50002596990023|001|4300005249|00130|KT990001|150|EA|510|KRW|76500|20160615|1300|
C|005186|2016|50002596990024|001|4300005249|00140|KT990010|110|EA|370|KRW|40700|20160615|1300|
C|005186|2016|50002597000001|001|4300005225|00010|UDDC0284|3|EA|93660|KRW|280980|20160615|1300|
C|005186|2016|50002597000002|001|4300005225|00020|UDDC0342|5|EA|56840|KRW|284200|20160615|1300|
C|005186|2016|50002597000003|001|4300005225|00070|UICC0056|9|EA|14300|KRW|128700|20160615|1300|
C|005186|2016|50002597000004|001|4300005225|00080|UEBC1215|1|EA|25700|KRW|25700|20160615|1300|
C|005186|2016|50002597000005|001|4300005226|00010|UDDC0046|10|EA|27200|KRW|272000|20160615|1300|
C|005186|2016|50002597000006|001|4300005226|00020|UEBC0061|2|EA|619500|KRW|1239000|20160615|1300|
C|005186|2016|50002597000007|001|4300005226|00030|UIDC0086|2|EA|140000|KRW|280000|20160615|1300|
C|005186|2016|50002597000008|001|4300005234|00050|UDDC0377|1|EA|93280|KRW|93280|20160615|1300|
C|005186|2016|50002597000009|001|4300005235|00010|UGCC1060|4|EA|100500|KRW|402000|20160615|1300|
C|005186|2016|50002597000010|001|4300005235|00020|UDCC0061|4|EA|133200|KRW|532800|20160615|1300|
C|005186|2016|50002597000011|001|4300005235|00030|UDCC0062|5|EA|103200|KRW|516000|20160615|1300|
C|005186|2016|50002597000012|001|4300005236|00010|UDEC0117|10|EA|34040|KRW|340400|20160615|1300|
C|005186|2016|50002597000013|001|4300005238|00080|UDDC0378|1|EA|519600|KRW|519600|20160615|1300|
C|005186|2016|50002597000014|001|4300005245|00070|UGCC0623|1|EA|35300|KRW|35300|20160615|1300|
C|005186|2016|50002597010001|001|4300005234|00030|UDBC0932|10|EA|1370|KRW|13700|20160615|1300|
C|005186|2016|50002597010002|001|4300005234|00040|UEBC1279|1|EA|146000|KRW|146000|20160615|1300|
C|005186|2016|50002597010003|001|4300005234|00080|UDAC0338|11|EA|1690|KRW|18590|20160615|1300|
C|005186|2016|50002597010004|001|4300005234|00090|UEBC1280|3|EA|7050|KRW|21150|20160615|1300|
C|005186|2016|50002597010005|001|4300005235|00040|UDAC0339|2|EA|4240|KRW|8480|20160615|1300|
C|005186|2016|50002597010006|001|4300005236|00050|UEBC1281|1|EA|53000|KRW|53000|20160615|1300|
C|005186|2016|50002597010007|001|4300005236|00070|UEBC1283|4|EA|91900|KRW|367600|20160615|1300|
C|005186|2016|50002597010008|001|4300005236|00100|UEBC1284|3|EA|82600|KRW|247800|20160615|1300|
C|005186|2016|50002597010009|001|4300005237|00010|UEBC1282|1|EA|47500|KRW|47500|20160615|1300|
C|005186|2016|50002597010010|001|4300005237|00020|UEBC1285|1|EA|79500|KRW|79500|20160615|1300|
C|005186|2016|50002597010011|001|4300005238|00020|UEBC1286|8|EA|15800|KRW|126400|20160615|1300|
C|005186|2016|50002597010012|001|4300005240|00020|UDAC0340|1|EA|2650|KRW|2650|20160615|1300|
C|005186|2016|50002597010013|001|4300005240|00030|UDBC0934|20|EA|100|KRW|2000|20160615|1300|
C|005186|2016|50002597010014|001|4300005240|00040|UDBC0935|10|EA|235|KRW|2350|20160615|1300|
C|005186|2016|50002597010015|001|4300005240|00050|UDBC0936|10|EA|1300|KRW|13000|20160615|1300|
C|005186|2016|50002597010016|001|4300005248|00050|KS061502|7|EA|2970|KRW|20790|20160615|1300|
C|005186|2016|50002597010017|001|4300005248|00060|KS061503|5|EA|3150|KRW|15750|20160615|1300|
C|005186|2016|50002597010018|001|4300005248|00070|KS066900|4|EA|1290|KRW|5160|20160615|1300|
C|005186|2016|50002597010019|001|4300005248|00080|KS066901|2|EA|1290|KRW|2580|20160615|1300|
C|005186|2016|50002597010020|001|4300005248|00090|KS066902|4|EA|1540|KRW|6160|20160615|1300|
C|005186|2016|50002597010021|001|4300005248|00100|KS066904|4|EA|2000|KRW|8000|20160615|1300|
C|005186|2016|50002597010022|001|4300005248|00110|KS067004|2|EA|2000|KRW|4000|20160615|1300|
C|005186|2016|50002597010023|001|4300005248|00120|KS067006|5|EA|3120|KRW|15600|20160615|1300|
C|005186|2016|50002597010024|001|4300005248|00130|KS067203|2|EA|2330|KRW|4660|20160615|1300|
C|005186|2016|50002597010025|001|4300005248|00140|KS067207|2|EA|5780|KRW|11560|20160615|1300|
C|005186|2016|50002597010026|001|4300005248|00150|KS067208|2|EA|7940|KRW|15880|20160615|1300|
C|005186|2016|50002597010027|001|4300005248|00160|KS067210|2|EA|14350|KRW|28700|20160615|1300|
C|005186|2016|50002597010028|001|4300005248|00170|KS080705|5|EA|18500|KRW|92500|20160615|1300|
C|005186|2016|50002597010029|001|4300005248|00180|KS080711|4|EA|32300|KRW|129200|20160615|1300|
C|005186|2016|50002597010030|001|4300005249|00150|KS067404|20|EA|3930|KRW|78600|20160615|1300|
