C|005186|2020|50005965420001|001|4300018303|00040|UGCC1728|10|EA|3100|KRW|31000|20201026|1300|
C|005186|2020|50005965420002|001|4300018304|00040|UAEC0316|1|EA|1312|KRW|1312|20201026|1300|
C|005186|2020|50005965420003|001|4300018304|00050|UAEC0317|1|EA|1523|KRW|1523|20201026|1300|
C|005186|2020|50005965420004|001|4300018304|00060|UAEC0105|1|EA|62740|KRW|62740|20201026|1300|
C|005186|2020|50005965420005|001|4300018304|00070|UAEC0077|1|EA|8500|KRW|8500|20201026|1300|
C|005186|2020|50005965420006|001|4300018306|00020|UGCC0559|10|EA|15260|KRW|152600|20201026|1300|
C|005186|2020|50005965420007|001|4300018306|00030|UGCC0678|10|EA|8350|KRW|83500|20201026|1300|
C|005186|2020|50005965420008|001|4300018308|00130|UAGC0193|100|EA|162750|KRW|325500|20201026|1300|
C|005186|2020|50005965420009|001|4300018308|00160|UAEC0083|2|EA|2640|KRW|5280|20201026|1300|
C|005186|2020|50005965420010|001|4300018310|00010|UGBC0787|20|EA|7200|KRW|14400|20201026|1300|
C|005186|2020|50005965420011|001|4300018310|00020|UGBC0792|30|EA|8400|KRW|25200|20201026|1300|
C|005186|2020|50005965420012|001|4300018310|00070|UAEC0330|1|EA|50240|KRW|50240|20201026|1300|
C|005186|2020|50005965420013|001|4300018310|00100|UAGC0440|10|EA|55700|KRW|55700|20201026|1300|
C|005186|2020|50005965420014|001|4300018310|00110|UAGC0153|10|EA|5830|KRW|58300|20201026|1300|
C|005186|2020|50005965420015|001|4300018310|00120|UAGC0441|10|EA|80200|KRW|80200|20201026|1300|
C|005186|2020|50005965420016|001|4300018311|00020|UAGC0438|10|EA|53650|KRW|107300|20201026|1300|
C|005186|2020|50005965420017|001|4300018311|00030|UAGC0142|10|EA|14640|KRW|146400|20201026|1300|
C|005186|2020|50005965420018|001|4300018311|00070|UAHC0045|1|EA|91350|KRW|91350|20201026|1300|
C|005186|2020|50005965420019|001|4300018313|00010|UFGC0057|20|EA|4940|KRW|98800|20201026|1300|
