C|005186|2019|50005211090001|001|4300014660|00010|UDBC0389|100|EA|23000|KRW|23000|20190930|1300|
C|005186|2019|50005211090002|001|4300014661|00100|UEBC1228|10|EA|2620|KRW|26200|20190930|1300|
C|005186|2019|50005211090003|001|4300014663|00040|UDBC0621|1000|EA|17100|KRW|171000|20190930|1300|
C|005186|2019|50005211090004|001|4300014663|00050|UDBC0376|1000|EA|5800|KRW|58000|20190930|1300|
C|005186|2019|50005211090005|001|4300014663|00060|UDBC1116|1000|EA|7000|KRW|70000|20190930|1300|
C|005186|2019|50005211100001|001|4300014631|00010|UHTC0683|10|EA|41000|KRW|410000|20190930|1300|
C|005186|2019|50005211100002|001|4300014631|00020|UHTC0683|10|EA|41000|KRW|410000|20190930|1300|
C|005186|2019|50005211100003|001|4300014652|00010|UHTC0688|6|EA|99000|KRW|297000|20190930|1300|
C|005186|2019|50005211100004|001|4300014660|00040|UHTC0804|10|EA|583000|KRW|583000|20190930|1300|
C|005186|2019|50005211100005|001|4300014660|00120|UHTC0688|12|EA|99000|KRW|594000|20190930|1300|
C|005186|2019|50005211100006|001|4300014661|00010|UHTC0688|24|EA|99000|KRW|1188000|20190930|1300|
C|005186|2019|50005211100007|001|4300014661|00110|UHTC0794|10|EA|402800|KRW|402800|20190930|1300|
C|005186|2019|50005211100008|001|4300014661|00120|UHTC0795|10|EA|381600|KRW|381600|20190930|1300|
C|005186|2019|50005211410001|001|4300014660|00090|UGBC1207|20|EA|9100|KRW|18200|20190930|1300|
C|005186|2019|50005211420001|001|4300014339|00010|UCKC0118|10|EA|106000|KRW|1060000|20190930|1300|
C|005186|2019|50005211430001|001|4300014654|00070|UEBC0199|5|EA|80500|KRW|402500|20190930|1300|
C|005186|2019|50005211430002|001|4300014656|00010|KS080711|5|EA|32300|KRW|161500|20190930|1300|
C|005186|2019|50005211430003|001|4300014661|00070|UEBC0323|20|EA|30460|KRW|304600|20190930|1300|
C|005186|2019|50005211440001|001|4300014650|00010|UDBC0918|100|EA|6500|KRW|13000|20190930|1300|
C|005186|2019|50005211440002|001|4300014650|00020|UDBC1121|100|EA|350|KRW|3500|20190930|1300|
C|005186|2019|50005211440003|001|4300014650|00030|UKAC0056|100|EA|174000|KRW|1740000|20190930|1300|
C|005186|2019|50005211440004|001|4300014650|00040|UEBC1609|2|EA|59000|KRW|118000|20190930|1300|
C|005186|2019|50005211440005|001|4300014651|00020|UEBC1114|2|EA|87980|KRW|175960|20190930|1300|
C|005186|2019|50005211440006|001|4300014651|00030|UEBC0584|20|EA|37800|KRW|37800|20190930|1300|
C|005186|2019|50005211440007|001|4300014651|00050|UEAC1146|1|EA|1410000|KRW|1410000|20190930|1300|
C|005186|2019|50005211440008|001|4300014651|00070|UEBC1615|2|EA|51000|KRW|102000|20190930|1300|
C|005186|2019|50005211440009|001|4300014653|00010|UDAC0051|5|EA|80850|KRW|404250|20190930|1300|
C|005186|2019|50005211440010|001|4300014653|00030|UEBC0206|2|EA|12840|KRW|25680|20190930|1300|
C|005186|2019|50005211440011|001|4300014653|00040|UDEC0067|1|EA|89250|KRW|89250|20190930|1300|
C|005186|2019|50005211440012|001|4300014653|00050|UDBC0282|1|EA|3770|KRW|3770|20190930|1300|
C|005186|2019|50005211440013|001|4300014653|00230|UEBC0225|10|EA|14100|KRW|28200|20190930|1300|
C|005186|2019|50005211440014|001|4300014653|00240|UEBC0956|1|EA|65520|KRW|65520|20190930|1300|
C|005186|2019|50005211440015|001|4300014653|00250|UEBC0388|5|EA|74750|KRW|74750|20190930|1300|
C|005186|2019|50005211440016|001|4300014653|00260|UEBC0630|4|EA|58520|KRW|117040|20190930|1300|
C|005186|2019|50005211440017|001|4300014653|00270|UDBC0460|200|EA|10600|KRW|42400|20190930|1300|
C|005186|2019|50005211440018|001|4300014653|00280|UDBC0609|200|EA|1640|KRW|32800|20190930|1300|
C|005186|2019|50005211440019|001|4300014653|00290|UEBC1279|1|EA|146000|KRW|146000|20190930|1300|
C|005186|2019|50005211440020|001|4300014657|00030|UEBC1279|1|EA|146000|KRW|146000|20190930|1300|
C|005186|2019|50005211440021|001|4300014657|00040|UEBC0024|2|EA|68240|KRW|136480|20190930|1300|
C|005186|2019|50005211440022|001|4300014657|00100|UDBC0752|50|EA|10500|KRW|10500|20190930|1300|
C|005186|2019|50005211440023|001|4300014658|00050|UDBC0226|100|EA|3200|KRW|3200|20190930|1300|
C|005186|2019|50005211440024|001|4300014658|00070|UEBC0622|3|EA|18940|KRW|56820|20190930|1300|
C|005186|2019|50005211450001|001|4300014662|00010|UAGC0479|1000|EA|196000|KRW|1960000|20190930|1300|
C|005186|2019|50005211460001|001|4300014655|00010|UHFC0336|5|EA|82950|KRW|414750|20190930|1300|
C|005186|2019|50005211460002|001|4300014655|00020|UHHC0069|2|EA|412650|KRW|825300|20190930|1300|
C|005186|2019|50005211460003|001|4300014655|00030|UHHC0078|2|EA|573300|KRW|1146600|20190930|1300|
C|005186|2019|50005211460004|001|4300014655|00040|UHTC0576|10|EA|347300|KRW|347300|20190930|1300|
C|005186|2019|50005211460005|001|4300014655|00050|UHTC0578|5|EA|29000|KRW|29000|20190930|1300|
C|005186|2019|50005211460006|001|4300014655|00060|UDFC0003|20|EA|2220|KRW|44400|20190930|1300|
C|005186|2019|50005211460007|001|4300014655|00070|UDBC0642|30|EA|1420|KRW|42600|20190930|1300|
C|005186|2019|50005211460008|001|4300014655|00080|UHTC0802|20|EA|249100|KRW|996400|20190930|1300|
C|005186|2019|50005211460009|001|4300014655|00090|UHGC0269|3|EA|416850|KRW|1250550|20190930|1300|
C|005186|2019|50005211460010|001|4300014656|00020|KE030211|2|EA|145740|KRW|291480|20190930|1300|
C|005186|2019|50005211460011|001|4300014659|00010|UHHC0060|2|EA|412650|KRW|825300|20190930|1300|
C|005186|2019|50005211460012|001|4300014659|00020|UHHC0039|50|M|1123500|KRW|1123500|20190930|1300|
C|005186|2019|50005211460013|001|4300014663|00070|UHHC0207|100|EA|1696000|KRW|1696000|20190930|1300|
C|005186|2019|50005211460014|001|4300014664|00010|UHHC0207|100|EA|1696000|KRW|1696000|20190930|1300|
C|005186|2019|50005211460015|001|4300014697|00010|UHHC0113|3|EA|90300|KRW|270900|20190930|1300|
C|005186|2019|50005211460016|001|4300014697|00020|UHTC0403|2|EA|89400|KRW|178800|20190930|1300|
C|005186|2019|50005211460017|001|4300014697|00030|UHHC0205|2|EA|371000|KRW|742000|20190930|1300|
C|005186|2019|50005211460018|001|4300014697|00040|UHGC0324|5|EA|34750|KRW|34750|20190930|1300|
C|005186|2019|50005211460019|001|4300014697|00050|UHTC0123|10|EA|10500|KRW|10500|20190930|1300|
C|005186|2019|50005211460020|001|4300014697|00060|UHGC0314|10|EA|46640|KRW|93280|20190930|1300|
C|005186|2019|50005211460021|001|4300014699|00010|UEAC0184|5|EA|1897400|KRW|1897400|20190930|1300|
C|005186|2019|50005211460022|001|4300014700|00010|UHFC0021|10|EA|85050|KRW|850500|20190930|1300|
C|005186|2019|50005211460023|001|4300014700|00020|UHGC0024|10|EA|380500|KRW|761000|20190930|1300|
C|005186|2019|50005211470001|001|4300014747|00010|UGCC0894|400|EA|300000|KRW|1200000|20190930|1300|
C|005186|2019|50005211480001|001|4300014742|00030|UDAC0423|100|EA|12700|KRW|127000|20190930|1300|
C|005186|2019|50005211480002|001|4300014742|00060|UDAC0425|50|EA|4300|KRW|21500|20190930|1300|
C|005186|2019|50005211480003|001|4300014744|00010|UDBC0805|1|EA|248000|KRW|248000|20190930|1300|
C|005186|2019|50005211480004|001|4300014744|00030|UEBC1608|10|EA|26400|KRW|264000|20190930|1300|
C|005186|2019|50005211480005|001|4300014744|00040|UEAC1144|1|EA|314000|KRW|314000|20190930|1300|
C|005186|2019|50005211480006|001|4300014745|00020|UAGC0585|10|EA|28000|KRW|280000|20190930|1300|
C|005186|2019|50005211480007|001|4300014746|00060|UAEC0380|2|EA|163800|KRW|327600|20190930|1300|
C|005186|2019|50005211480008|001|4300014746|00090|UAEC0459|100|EA|199500|KRW|399000|20190930|1300|
C|005186|2019|50005211480009|001|4300014746|00110|UAGC0434|1|EA|227360|KRW|227360|20190930|1300|
C|005186|2019|50005211490001|001|4300014741|00010|UAGC0576|5|EA|40410|KRW|202050|20190930|1300|
C|005186|2019|50005211490002|001|4300014741|00020|UAGC0577|5|EA|43240|KRW|216200|20190930|1300|
C|005186|2019|50005211490003|001|4300014741|00030|UAGC0578|5|EA|45320|KRW|226600|20190930|1300|
C|005186|2019|50005211490004|001|4300014741|00040|UAGC0579|5|EA|47850|KRW|239250|20190930|1300|
C|005186|2019|50005211490005|001|4300014741|00050|UAGC0580|10|EA|107500|KRW|215000|20190930|1300|
C|005186|2019|50005211490006|001|4300014741|00060|UAGC0581|10|EA|110650|KRW|221300|20190930|1300|
C|005186|2019|50005211490007|001|4300014741|00070|UAGC0582|10|EA|123850|KRW|247700|20190930|1300|
C|005186|2019|50005211490008|001|4300014741|00080|UAGC0583|10|EA|126500|KRW|253000|20190930|1300|
C|005186|2019|50005211490009|001|4300014742|00010|UHFC0455|5|EA|44000|KRW|220000|20190930|1300|
C|005186|2019|50005211490010|001|4300014742|00040|UHTC0878|5|EA|23540|KRW|117700|20190930|1300|
C|005186|2019|50005211490011|001|4300014742|00050|UDBC1116|1000|EA|7000|KRW|70000|20190930|1300|
C|005186|2019|50005211490012|001|4300014744|00050|UDFC0226|50|EA|53700|KRW|268500|20190930|1300|
C|005186|2019|50005211490013|001|4300014744|00060|UAGC0572|1|EA|67880|KRW|67880|20190930|1300|
C|005186|2019|50005211490014|001|4300014744|00070|UAGC0573|1|EA|22770|KRW|22770|20190930|1300|
C|005186|2019|50005211490015|001|4300014744|00080|UAGC0574|1|EA|22340|KRW|22340|20190930|1300|
C|005186|2019|50005211490016|001|4300014744|00100|UAGC0575|5|EA|37730|KRW|188650|20190930|1300|
C|005186|2019|50005211490017|001|4300014744|00110|UFFC0056|1|EA|40000|KRW|40000|20190930|1300|
C|005186|2019|50005211490018|001|4300014745|00030|UEBC1607|10|EA|10350|KRW|103500|20190930|1300|
C|005186|2019|50005211490019|001|4300014745|00040|UDBC1119|50|EA|2600|KRW|13000|20190930|1300|
C|005186|2019|50005211490020|001|4300014746|00010|UHTC0486|2|EA|46410|KRW|92820|20190930|1300|
C|005186|2019|50005211490021|001|4300014746|00020|UDBC0621|1000|EA|17100|KRW|171000|20190930|1300|
C|005186|2019|50005211490022|001|4300014746|00030|UDBC0376|1000|EA|5800|KRW|58000|20190930|1300|
C|005186|2019|50005211490023|001|4300014746|00040|UDBC1116|1000|EA|7000|KRW|70000|20190930|1300|
