C|005186|2013|50000286290001|001|4300000440|00210|KH990100|4|EA|27220|KRW|108880|20130915|1300|
C|005186|2013|50000286290002|001|4300000440|00220|KH990101|6|EA|7250|KRW|43500|20130915|1300|
C|005186|2013|50000286290003|001|4300000440|00230|KP150400|300|EA|170|KRW|51000|20130915|1300|
C|005186|2013|50000286290004|001|4300000440|00240|KS061502|10|EA|2970|KRW|29700|20130915|1300|
C|005186|2013|50000286290005|001|4300000440|00250|KS061503|20|EA|3150|KRW|63000|20130915|1300|
C|005186|2013|50000286290006|001|4300000440|00260|KS061506|4|EA|7850|KRW|31400|20130915|1300|
C|005186|2013|50000286290007|001|4300000440|00270|KS064003|2|EA|4310|KRW|8620|20130915|1300|
C|005186|2013|50000286290008|001|4300000440|00280|KS066904|5|EA|2000|KRW|10000|20130915|1300|
C|005186|2013|50000286290009|001|4300000440|00290|KS066905|2|EA|2260|KRW|4520|20130915|1300|
C|005186|2013|50000286290010|001|4300000440|00300|KS067002|6|EA|1460|KRW|8760|20130915|1300|
C|005186|2013|50000286290011|001|4300000440|00310|KS067204|2|EA|2570|KRW|5140|20130915|1300|
C|005186|2013|50000286290012|001|4300000440|00320|KS067208|5|EA|7940|KRW|39700|20130915|1300|
C|005186|2013|50000286290013|001|4300000480|00040|UAGC0242|1|EA|120750|KRW|120750|20130915|1300|
C|005186|2013|50000286290014|001|4300000480|00050|UAEC0235|1|EA|180900|KRW|180900|20130915|1300|
C|005186|2013|50000286290015|001|4300000480|00060|UAGC0051|2|EA|19640|KRW|39280|20130915|1300|
C|005186|2013|50000286290016|001|4300000513|00140|KS066904|20|EA|2000|KRW|40000|20130915|1300|
C|005186|2013|50000286300001|001|4300000462|00010|UGBC1359|1|EA|1230000|KRW|1230000|20130915|1300|
C|005186|2013|50000286300002|001|4300000462|00020|UGBC0390|1|EA|720000|KRW|720000|20130915|1300|
C|005186|2013|50000286300003|001|4300000469|00030|UCAC0290|1|EA|863000|KRW|863000|20130915|1300|
C|005186|2013|50000286300004|001|4300000469|00040|UCAC0289|1|EA|42100|KRW|42100|20130915|1300|
C|005186|2013|50000286310001|001|4300000461|00010|UHGC0244|1|EA|142000|KRW|142000|20130915|1300|
C|005186|2013|50000286310002|001|4300000461|00020|UHTC0084|1|EA|224070|KRW|224070|20130915|1300|
C|005186|2013|50000286320001|001|4300000465|00010|UFFC0041|3|EA|31400|KRW|94200|20130915|1300|
C|005186|2013|50000286320002|001|4300000465|00020|UFKC0141|3|EA|53000|KRW|159000|20130915|1300|
C|005186|2013|50000286320003|001|4300000465|00030|UZZC0137|40|EA|1580|KRW|63200|20130915|1300|
C|005186|2013|50000286330001|001|4300000463|00040|UHTC0540|4|EA|321000|KRW|1284000|20130915|1300|
C|005186|2013|50000286330002|001|4300000463|00050|UHTC0541|4|EA|82100|KRW|328400|20130915|1300|
C|005186|2013|50000286340001|001|4300000514|00020|UEBC0527|16|EA|2030|KRW|32480|20130915|1300|
C|005186|2013|50000286340002|001|4300000514|00030|UDBC0064|100|EA|1270|KRW|127000|20130915|1300|
C|005186|2013|50000286340003|001|4300000514|00040|UGBC0835|4|EA|4940|KRW|19760|20130915|1300|
C|005186|2013|50000286340004|001|4300000514|00050|UJBC0004|20|EA|4337|KRW|86740|20130915|1300|
C|005186|2013|50000286340005|001|4300000514|00060|UCIC0002|20|EA|950|KRW|19000|20130915|1300|
C|005186|2013|50000286340006|001|4300000514|00070|UZZC0012|10|EA|7350|KRW|73500|20130915|1300|
C|005186|2013|50000286340007|001|4300000514|00080|UGCC0098|3|EA|36230|KRW|108690|20130915|1300|
C|005186|2013|50000286340008|001|4300000514|00090|UJAC0028|8|EA|44840|KRW|358720|20130915|1300|
C|005186|2013|50000286340009|001|4300000514|00100|UJAC0029|8|EA|49350|KRW|394800|20130915|1300|
C|005186|2013|50000286340010|001|4300000515|00010|UAEC0253|1|EA|17150|KRW|17150|20130915|1300|
C|005186|2013|50000286340011|001|4300000515|00020|UAEC0157|1|EA|160860|KRW|160860|20130915|1300|
C|005186|2013|50000286340012|001|4300000515|00030|UAGC0051|1|EA|19640|KRW|19640|20130915|1300|
C|005186|2013|50000286340013|001|4300000515|00040|UHTC0486|1|EA|46410|KRW|46410|20130915|1300|
C|005186|2013|50000286340014|001|4300000515|00050|UAEC0041|2|EA|22110|KRW|44220|20130915|1300|
C|005186|2013|50000286340015|001|4300000515|00060|UDAC0227|500|EA|630|KRW|315000|20130915|1300|
C|005186|2013|50000286340016|001|4300000515|00070|UKBC0010|2|EA|91480|KRW|182960|20130915|1300|
C|005186|2013|50000286340017|001|4300000515|00080|UDBC0760|1000|EA|95|KRW|95000|20130915|1300|
C|005186|2013|50000286340018|001|4300000515|00090|UDBC0037|1000|EA|28|KRW|28000|20130915|1300|
C|005186|2013|50000286340019|001|4300000515|00100|UDBC0370|500|EA|320|KRW|160000|20130915|1300|
C|005186|2013|50000286340020|001|4300000515|00110|UDBC0379|3|EA|410|KRW|1230|20130915|1300|
C|005186|2013|50000286340021|001|4300000515|00120|UKEC0077|6|EA|26250|KRW|157500|20130915|1300|
C|005186|2013|50000286340022|001|4300000515|00130|UKEC0071|5|EA|105200|KRW|526000|20130915|1300|
C|005186|2013|50000286340023|001|4300000515|00140|UKEC0068|6|EA|105200|KRW|631200|20130915|1300|
C|005186|2013|50000286340024|001|4300000515|00150|UKEC0065|2|EA|28350|KRW|56700|20130915|1300|
C|005186|2013|50000286340025|001|4300000515|00160|UKEC0086|10|EA|2100|KRW|21000|20130915|1300|
C|005186|2013|50000286340026|001|4300000515|00170|UKEC0087|10|EA|1890|KRW|18900|20130915|1300|
C|005186|2013|50000286340027|001|4300000515|00180|UKEC0099|10|EA|1365|KRW|13650|20130915|1300|
C|005186|2013|50000286340028|001|4300000515|00190|UKEC0018|30|EA|1530|KRW|45900|20130915|1300|
C|005186|2013|50000286340029|001|4300000515|00200|UAIC0002|2|EA|3680|KRW|7360|20130915|1300|
C|005186|2013|50000286350001|001|4300000507|00120|UALC0094|15|EA|57200|KRW|858000|20130915|1300|
C|005186|2013|50000286350002|001|4300000507|00130|UCKC0037|80|EA|14050|KRW|1124000|20130915|1300|
C|005186|2013|50000286350003|001|4300000507|00140|UGBC0836|3|EA|990|KRW|2970|20130915|1300|
C|005186|2013|50000286350004|001|4300000507|00150|UJCC0058|3|EA|12630|KRW|37890|20130915|1300|
C|005186|2013|50000286350005|001|4300000508|00010|UAAC0003|5|EA|24150|KRW|120750|20130915|1300|
C|005186|2013|50000286350006|001|4300000508|00020|UAGC0064|1|EA|112630|KRW|112630|20130915|1300|
C|005186|2013|50000286350007|001|4300000508|00030|UAGC0391|1|EA|36397|KRW|36397|20130915|1300|
C|005186|2013|50000286350008|001|4300000508|00040|UAGC0193|20|EA|3255|KRW|65100|20130915|1300|
C|005186|2013|50000286350009|001|4300000508|00050|UGCC0222|10|EA|3470|KRW|34700|20130915|1300|
C|005186|2013|50000286350010|001|4300000508|00060|UAKC0005|1|EA|13370|KRW|13370|20130915|1300|
C|005186|2013|50000286350011|001|4300000508|00070|UALC0049|2|EA|22100|KRW|44200|20130915|1300|
C|005186|2013|50000286350012|001|4300000508|00080|UAGC0033|1|EA|122100|KRW|122100|20130915|1300|
C|005186|2013|50000286350013|001|4300000508|00090|UAGC0033|1|EA|122100|KRW|122100|20130915|1300|
C|005186|2013|50000286350014|001|4300000508|00100|UGCC0245|5|EA|14740|KRW|73700|20130915|1300|
C|005186|2013|50000286350015|001|4300000508|00110|UDAC0240|200|EA|3990|KRW|798000|20130915|1300|
C|005186|2013|50000286350016|001|4300000508|00120|UHDC0078|50|EA|10290|KRW|514500|20130915|1300|
C|005186|2013|50000286350017|001|4300000508|00130|UHDC0073|100|EA|10320|KRW|1032000|20130915|1300|
C|005186|2013|50000286350018|001|4300000508|00140|UEBC0169|20|EA|15230|KRW|304600|20130915|1300|
C|005186|2013|50000286350019|001|4300000508|00150|UGCC0613|5|EA|9450|KRW|47250|20130915|1300|
C|005186|2013|50000286350020|001|4300000508|00160|UJAC0106|4|EA|32540|KRW|130160|20130915|1300|
C|005186|2013|50000286350021|001|4300000508|00170|UJAC0107|4|EA|24100|KRW|96400|20130915|1300|
C|005186|2013|50000286360001|001|4300000480|00070|UGCC0835|8|EA|45000|KRW|360000|20130915|1300|
C|005186|2013|50000286360002|001|4300000480|00080|UGCC0836|8|EA|36000|KRW|288000|20130915|1300|
C|005186|2013|50000286360003|001|4300000480|00130|UDFC0149|16|EA|5300|KRW|84800|20130915|1300|
C|005186|2013|50000286360004|001|4300000480|00140|UJAC0135|4|EA|199900|KRW|799600|20130915|1300|
C|005186|2013|50000286360005|001|4300000480|00160|UIDC0146|40|EA|3690|KRW|147600|20130915|1300|
C|005186|2013|50000286360006|001|4300000480|00170|UEBC1122|6|EA|3020|KRW|18120|20130915|1300|
C|005186|2013|50000286360007|001|4300000481|00110|UZZC0138|30|EA|2420|KRW|72600|20130915|1300|
C|005186|2013|50000286360008|001|4300000481|00120|UHTC0558|9|EA|13470|KRW|121230|20130915|1300|
C|005186|2013|50000286360009|001|4300000481|00130|UIEC0077|2|EA|52600|KRW|105200|20130915|1300|
C|005186|2013|50000286360010|001|4300000481|00140|UDAC0286|50|EA|1100|KRW|55000|20130915|1300|
C|005186|2013|50000286360011|001|4300000481|00150|UDBC0865|10|EA|380|KRW|3800|20130915|1300|
C|005186|2013|50000286360012|001|4300000481|00160|UDBC0866|10|EA|490|KRW|4900|20130915|1300|
C|005186|2013|50000286360013|001|4300000481|00170|UAEC0392|11|EA|8610|KRW|94710|20130915|1300|
C|005186|2013|50000286360014|001|4300000481|00180|UGCC0824|1|EA|109000|KRW|109000|20130915|1300|
C|005186|2013|50000286360015|001|4300000481|00200|UFFC0040|20|EA|8280|KRW|165600|20130915|1300|
C|005186|2013|50000286360016|001|4300000482|00030|UGCC0817|20|EA|22838|KRW|456760|20130915|1300|
C|005186|2013|50000286360017|001|4300000482|00040|UGCC0818|30|EA|10290|KRW|308700|20130915|1300|
C|005186|2013|50000286360018|001|4300000482|00060|UJBC0054|10|EA|10310|KRW|103100|20130915|1300|
C|005186|2013|50000286360019|001|4300000482|00070|UJBC0055|2|EA|8840|KRW|17680|20130915|1300|
C|005186|2013|50000286360020|001|4300000482|00090|UHTC0556|50|EA|690|KRW|34500|20130915|1300|
C|005186|2013|50000286360021|001|4300000482|00120|UFFC0042|10|EA|10000|KRW|100000|20130915|1300|
C|005186|2013|50000286360022|001|4300000482|00130|UAEC0392|8|EA|8610|KRW|68880|20130915|1300|
C|005186|2013|50000286360023|001|4300000482|00140|UKAC0047|1|EA|70500|KRW|70500|20130915|1300|
C|005186|2013|50000286360024|001|4300000482|00150|UAEC0391|1|EA|132500|KRW|132500|20130915|1300|
C|005186|2013|50000286360025|001|4300000482|00170|UJAC0133|2|EA|40600|KRW|81200|20130915|1300|
C|005186|2013|50000286360026|001|4300000482|00180|UJAC0134|2|EA|37900|KRW|75800|20130915|1300|
C|005186|2013|50000286360027|001|4300000482|00190|UGBC1361|35|EA|3710|KRW|129850|20130915|1300|
C|005186|2013|50000286360028|001|4300000482|00200|UCKC0103|1|EA|154000|KRW|154000|20130915|1300|
C|005186|2013|50000286360029|001|4300000482|00220|UAIC0034|2|EA|25230|KRW|50460|20130915|1300|
C|005186|2013|50000286360030|001|4300000482|00230|UAIC0035|1|EA|20780|KRW|20780|20130915|1300|
C|005186|2013|50000286360031|001|4300000482|00240|UDAC0287|50|EA|2870|KRW|143500|20130915|1300|
C|005186|2013|50000286360032|001|4300000482|00250|UDAC0288|50|EA|16540|KRW|827000|20130915|1300|
C|005186|2013|50000286360033|001|4300000483|00010|UEBC0580|4|EA|4840|KRW|19360|20130915|1300|
C|005186|2013|50000286360034|001|4300000483|00020|UKEC0077|3|EA|26250|KRW|78750|20130915|1300|
C|005186|2013|50000286360035|001|4300000483|00030|UKEC0071|2|EA|105200|KRW|210400|20130915|1300|
C|005186|2013|50000286360036|001|4300000483|00040|UKEC0068|3|EA|105200|KRW|315600|20130915|1300|
C|005186|2013|50000286360037|001|4300000483|00050|UKEC0065|1|EA|28350|KRW|28350|20130915|1300|
C|005186|2013|50000286360038|001|4300000483|00060|UKEC0086|10|EA|2100|KRW|21000|20130915|1300|
C|005186|2013|50000286360039|001|4300000483|00070|UKEC0099|5|EA|1365|KRW|6825|20130915|1300|
C|005186|2013|50000286360040|001|4300000483|00080|UKEC0071|1|EA|105200|KRW|105200|20130915|1300|
C|005186|2013|50000286360041|001|4300000483|00090|UKEC0077|2|EA|26250|KRW|52500|20130915|1300|
C|005186|2013|50000286360042|001|4300000483|00100|UEBC0369|20|EA|2460|KRW|49200|20130915|1300|
C|005186|2013|50000286360043|001|4300000483|00110|UIDC0144|9|EA|177240|KRW|1595160|20130915|1300|
C|005186|2013|50000286360044|001|4300000483|00120|UKEC0051|5|EA|71400|KRW|357000|20130915|1300|
C|005186|2013|50000286370001|001|4300000511|00160|UGBC0482|5|EA|18000|KRW|90000|20130915|1300|
C|005186|2013|50000286370002|001|4300000511|00170|UGBC1196|50|EA|520|KRW|26000|20130915|1300|
C|005186|2013|50000286370003|001|4300000511|00180|UGBC1199|30|EA|870|KRW|26100|20130915|1300|
C|005186|2013|50000286370004|001|4300000511|00190|UGBC0028|30|EA|1160|KRW|34800|20130915|1300|
C|005186|2013|50000286370005|001|4300000511|00200|UGBC0029|20|EA|1690|KRW|33800|20130915|1300|
C|005186|2013|50000286370006|001|4300000511|00210|UGBC0958|30|EA|44100|KRW|1323000|20130915|1300|
C|005186|2013|50000286370007|001|4300000511|00220|UGBC0961|10|EA|91350|KRW|913500|20130915|1300|
C|005186|2013|50000286370008|001|4300000511|00230|UEBC0522|4|EA|13430|KRW|53720|20130915|1300|
C|005186|2013|50000286370009|001|4300000511|00240|UGBC1075|5|EA|28700|KRW|143500|20130915|1300|
C|005186|2013|50000286370010|001|4300000511|00250|UCIC0042|2|EA|143100|KRW|286200|20130915|1300|
C|005186|2013|50000286370011|001|4300000511|00260|UCIC0116|2|EA|84300|KRW|168600|20130915|1300|
C|005186|2013|50000286370012|001|4300000513|00150|UDBC0080|100|EA|320|KRW|32000|20130915|1300|
C|005186|2013|50000286370013|001|4300000513|00160|UDBC0092|50|EA|420|KRW|21000|20130915|1300|
C|005186|2013|50000286370014|001|4300000513|00170|UDBC0087|100|EA|340|KRW|34000|20130915|1300|
C|005186|2013|50000286370015|001|4300000518|00120|UCIC0173|1|EA|201500|KRW|201500|20130915|1300|
C|005186|2013|50000286370016|001|4300000518|00140|UGBC1357|1|EA|165000|KRW|165000|20130915|1300|
C|005186|2013|50000286370017|001|4300000518|00160|UGBC1360|1|EA|212000|KRW|212000|20130915|1300|
C|005186|2013|50000286380001|001|4300000478|00010|UEAC0140|2|EA|47700|KRW|95400|20130915|1300|
C|005186|2013|50000286380002|001|4300000478|00020|UEAC0142|2|EA|48000|KRW|96000|20130915|1300|
C|005186|2013|50000286380003|001|4300000478|00030|UEAC0141|2|EA|35200|KRW|70400|20130915|1300|
C|005186|2013|50000286380004|001|4300000478|00040|UHFC0398|5|EA|85680|KRW|428400|20130915|1300|
C|005186|2013|50000286380005|001|4300000478|00050|UHFC0396|10|EA|5790|KRW|57900|20130915|1300|
C|005186|2013|50000286380006|001|4300000478|00070|UHDC0230|10|EA|3470|KRW|34700|20130915|1300|
C|005186|2013|50000286380007|001|4300000478|00080|UHTC0560|10|EA|9260|KRW|92600|20130915|1300|
C|005186|2013|50000286380008|001|4300000478|00110|UDFC0148|30|EA|2830|KRW|84900|20130915|1300|
C|005186|2013|50000286380009|001|4300000478|00130|UHDC0229|2|EA|40510|KRW|81020|20130915|1300|
C|005186|2013|50000286380010|001|4300000478|00140|UCAC0287|3|EA|41050|KRW|123150|20130915|1300|
C|005186|2013|50000286380011|001|4300000478|00170|UHTC0561|3|EA|92200|KRW|276600|20130915|1300|
C|005186|2013|50000286380012|001|4300000478|00200|UHGC0253|3|EA|16840|KRW|50520|20130915|1300|
C|005186|2013|50000286380013|001|4300000479|00130|UAEC0368|2|EA|16170|KRW|32340|20130915|1300|
C|005186|2013|50000286380014|001|4300000479|00150|UAEC0387|12|EA|5470|KRW|65640|20130915|1300|
C|005186|2013|50000286380015|001|4300000479|00160|UHGC0198|3|EA|39375|KRW|118125|20130915|1300|
C|005186|2013|50000286380016|001|4300000479|00170|UHNC0109|50|EA|650|KRW|32500|20130915|1300|
C|005186|2013|50000286380017|001|4300000479|00180|UHNC0090|2|EA|156000|KRW|312000|20130915|1300|
C|005186|2013|50000286380018|001|4300000479|00190|UHGC0257|2|EA|26310|KRW|52620|20130915|1300|
C|005186|2013|50000286380019|001|4300000480|00010|UAGC0193|51|EA|3255|KRW|166005|20130915|1300|
C|005186|2013|50000286380020|001|4300000480|00030|UHFC0393|50|EA|3790|KRW|189500|20130915|1300|
C|005186|2013|50000286380021|001|4300000481|00020|UGBC0168|20|EA|1680|KRW|33600|20130915|1300|
C|005186|2013|50000286380022|001|4300000481|00030|UGBC0535|10|EA|7880|KRW|78800|20130915|1300|
C|005186|2013|50000286380023|001|4300000481|00040|UGBC0537|10|EA|8720|KRW|87200|20130915|1300|
C|005186|2013|50000286380024|001|4300000481|00050|UGBC0540|10|EA|11550|KRW|115500|20130915|1300|
C|005186|2013|50000286380025|001|4300000481|00060|UGBC0273|1|EA|56700|KRW|56700|20130915|1300|
C|005186|2013|50000286380026|001|4300000481|00070|UGBC0532|20|EA|3990|KRW|79800|20130915|1300|
C|005186|2013|50000286380027|001|4300000481|00080|UGBC0237|20|EA|13860|KRW|277200|20130915|1300|
C|005186|2013|50000286380028|001|4300000481|00090|UGBC0812|30|EA|4310|KRW|129300|20130915|1300|
C|005186|2013|50000286380029|001|4300000481|00100|UGBC0005|30|EA|1890|KRW|56700|20130915|1300|
