C|005186|2013|50000286390001|001|4300000477|00010|UCEC0039|60|EA|4450|KRW|267000|20130915|1300|
C|005186|2013|50000286390002|001|4300000477|00020|UGBC1351|4|EA|62500|KRW|250000|20130915|1300|
C|005186|2013|50000286390003|001|4300000477|00040|UGBC1355|5|EA|7950|KRW|39750|20130915|1300|
C|005186|2013|50000286390004|001|4300000477|00050|UGBC1356|5|EA|5940|KRW|29700|20130915|1300|
C|005186|2013|50000286390005|001|4300000477|00060|UGCC0830|4|EA|93500|KRW|374000|20130915|1300|
C|005186|2013|50000286390006|001|4300000477|00100|UDBC0868|50|EA|410|KRW|20500|20130915|1300|
C|005186|2013|50000286390007|001|4300000477|00120|UEBC1124|2|EA|10760|KRW|21520|20130915|1300|
C|005186|2013|50000286390008|001|4300000477|00130|UEBC0624|2|EA|19860|KRW|39720|20130915|1300|
C|005186|2013|50000286390009|001|4300000477|00140|UGBC1176|5|EA|18900|KRW|94500|20130915|1300|
C|005186|2013|50000286390010|001|4300000477|00150|UHGC0077|11|EA|54810|KRW|602910|20130915|1300|
C|005186|2013|50000286390011|001|4300000477|00160|UEAC0146|1|EA|192920|KRW|192920|20130915|1300|
C|005186|2013|50000286390012|001|4300000477|00170|UHDC0231|6|EA|163200|KRW|979200|20130915|1300|
C|005186|2013|50000286390013|001|4300000477|00200|UHHC0189|1|EA|178950|KRW|178950|20130915|1300|
C|005186|2013|50000286390014|001|4300000477|00210|UEBC1118|5|EA|2830|KRW|14150|20130915|1300|
C|005186|2013|50000286390015|001|4300000477|00220|UHGC0256|3|EA|12630|KRW|37890|20130915|1300|
C|005186|2013|50000286390016|001|4300000477|00230|UHTC0565|10|EA|22100|KRW|221000|20130915|1300|
C|005186|2013|50000286390017|001|4300000477|00240|UHTC0566|10|EA|12630|KRW|126300|20130915|1300|
C|005186|2013|50000286390018|001|4300000477|00270|UHGC0197|5|EA|36000|KRW|180000|20130915|1300|
C|005186|2013|50000286390019|001|4300000477|00280|UHDC0231|4|EA|163200|KRW|652800|20130915|1300|
C|005186|2013|50000286390020|001|4300000477|00290|UHGC0257|2|EA|26310|KRW|52620|20130915|1300|
C|005186|2013|50000286400001|001|4300000456|00010|UHGC0019|3|EA|248430|KRW|745290|20130915|1300|
C|005186|2013|50000286400002|001|4300000456|00040|UGBC0239|10|EA|21000|KRW|210000|20130915|1300|
C|005186|2013|50000286400003|001|4300000456|00050|UGBC0328|30|EA|3150|KRW|94500|20130915|1300|
C|005186|2013|50000286400004|001|4300000456|00060|UGBC0526|5|EA|37800|KRW|189000|20130915|1300|
C|005186|2013|50000286400005|001|4300000463|00010|UFGC0027|6|EA|7060|KRW|42360|20130915|1300|
C|005186|2013|50000286400006|001|4300000470|00030|UGBC0237|20|EA|13860|KRW|277200|20130915|1300|
C|005186|2013|50000286400007|001|4300000470|00040|UGBC0532|20|EA|3990|KRW|79800|20130915|1300|
C|005186|2013|50000286400008|001|4300000470|00050|UGBC0812|30|EA|4310|KRW|129300|20130915|1300|
C|005186|2013|50000286400009|001|4300000470|00060|UGBC0005|30|EA|1890|KRW|56700|20130915|1300|
C|005186|2013|50000286400010|001|4300000470|00070|UGBC0868|3|EA|312900|KRW|938700|20130915|1300|
C|005186|2013|50000286400011|001|4300000470|00080|UBBC0006|1|EA|103370|KRW|103370|20130915|1300|
C|005186|2013|50000286400012|001|4300000470|00120|UCIC0094|1|EA|661500|KRW|661500|20130915|1300|
C|005186|2013|50000286410001|001|4300000514|00010|UGBC0883|5|EA|243600|KRW|1218000|20130915|1300|
C|005186|2013|50000286410002|001|4300000516|00010|UDBC0869|30|EA|235|KRW|7050|20130915|1300|
C|005186|2013|50000286410003|001|4300000516|00020|UDBC0863|150|EA|55|KRW|8250|20130915|1300|
C|005186|2013|50000286410004|001|4300000516|00030|UEBC1126|3|EA|13800|KRW|41400|20130915|1300|
C|005186|2013|50000286410005|001|4300000516|00040|UEBC1110|5|EA|41500|KRW|207500|20130915|1300|
C|005186|2013|50000286410006|001|4300000516|00050|UDBC0864|10|EA|510|KRW|5100|20130915|1300|
C|005186|2013|50000286410007|001|4300000516|00060|UAGC0448|2|EA|29470|KRW|58940|20130915|1300|
C|005186|2013|50000286410008|001|4300000516|00070|UAGC0449|1|EA|105470|KRW|105470|20130915|1300|
C|005186|2013|50000286410009|001|4300000516|00100|UGBC1352|1|EA|98000|KRW|98000|20130915|1300|
C|005186|2013|50000286410010|001|4300000516|00110|UDBC0867|50|EA|630|KRW|31500|20130915|1300|
C|005186|2013|50000286410011|001|4300000516|00130|UGCC0821|2|EA|45050|KRW|90100|20130915|1300|
C|005186|2013|50000286410012|001|4300000516|00140|UGCC0822|2|EA|38690|KRW|77380|20130915|1300|
C|005186|2013|50000286410013|001|4300000516|00150|UGCC0823|1|EA|50350|KRW|50350|20130915|1300|
C|005186|2013|50000286410014|001|4300000517|00010|UEBC0536|10|EA|23160|KRW|231600|20130915|1300|
C|005186|2013|50000286410015|001|4300000517|00020|UAJC0026|8|EA|4200|KRW|33600|20130915|1300|
C|005186|2013|50000286410016|001|4300000517|00030|UEBC0988|5|EA|6050|KRW|30250|20130915|1300|
C|005186|2013|50000286410017|001|4300000517|00050|UAGC0443|1|EA|109500|KRW|109500|20130915|1300|
C|005186|2013|50000286410018|001|4300000517|00060|UDAC0140|2|EA|17450|KRW|34900|20130915|1300|
C|005186|2013|50000286410019|001|4300000517|00070|UGCC0600|5|EA|61430|KRW|307150|20130915|1300|
C|005186|2013|50000286410020|001|4300000517|00080|UGCC0569|2|EA|32350|KRW|64700|20130915|1300|
C|005186|2013|50000286410021|001|4300000517|00090|UFFC0041|5|EA|31400|KRW|157000|20130915|1300|
C|005186|2013|50000286410022|001|4300000517|00100|UEBC1108|2|EA|45800|KRW|91600|20130915|1300|
C|005186|2013|50000286410023|001|4300000517|00110|UGCC0841|7|EA|49800|KRW|348600|20130915|1300|
C|005186|2013|50000286410024|001|4300000517|00120|UGCC0820|1|EA|75800|KRW|75800|20130915|1300|
C|005186|2013|50000286410025|001|4300000517|00130|UDAC0285|20|EA|1060|KRW|21200|20130915|1300|
C|005186|2013|50000286420001|001|4300000510|00010|UDDC0343|1|EA|130900|KRW|130900|20130915|1300|
C|005186|2013|50000286420002|001|4300000510|00020|UGCC0500|1|EA|100700|KRW|100700|20130915|1300|
C|005186|2013|50000286420003|001|4300000510|00030|UGCC0499|1|EA|100700|KRW|100700|20130915|1300|
C|005186|2013|50000286420004|001|4300000510|00040|UDBC0649|200|EA|40|KRW|8000|20130915|1300|
C|005186|2013|50000286420005|001|4300000510|00050|UEBC0051|2|EA|271950|KRW|543900|20130915|1300|
C|005186|2013|50000286420006|001|4300000510|00060|UEBC0186|8|EA|36230|KRW|289840|20130915|1300|
C|005186|2013|50000286420007|001|4300000510|00070|UGCC0641|5|EA|29400|KRW|147000|20130915|1300|
C|005186|2013|50000286420008|001|4300000511|00010|UDDC0266|5|EA|8090|KRW|40450|20130915|1300|
C|005186|2013|50000286420009|001|4300000511|00020|UDDC0273|5|EA|13230|KRW|66150|20130915|1300|
C|005186|2013|50000286420010|001|4300000511|00050|UAGC0443|1|EA|109500|KRW|109500|20130915|1300|
C|005186|2013|50000286420011|001|4300000511|00060|UDAC0140|2|EA|17450|KRW|34900|20130915|1300|
C|005186|2013|50000286420012|001|4300000511|00070|UGCC0600|5|EA|61430|KRW|307150|20130915|1300|
C|005186|2013|50000286420013|001|4300000511|00080|UGCC0569|2|EA|32350|KRW|64700|20130915|1300|
C|005186|2013|50000286420014|001|4300000511|00100|UEBC0550|3|EA|48300|KRW|144900|20130915|1300|
C|005186|2013|50000286420015|001|4300000511|00110|UEBC0437|16|EA|19300|KRW|308800|20130915|1300|
C|005186|2013|50000286420016|001|4300000511|00120|UEBC0142|4|EA|132680|KRW|530720|20130915|1300|
C|005186|2013|50000286420017|001|4300000511|00130|UEBC0536|10|EA|23160|KRW|231600|20130915|1300|
C|005186|2013|50000286420018|001|4300000511|00140|UAJC0026|8|EA|4200|KRW|33600|20130915|1300|
C|005186|2013|50000286420019|001|4300000511|00150|UEBC0988|5|EA|6050|KRW|30250|20130915|1300|
C|005186|2013|50000286420020|001|4300000512|00010|UKBC0040|6|EA|231440|KRW|1388640|20130915|1300|
C|005186|2013|50000286420021|001|4300000512|00020|UEBC0144|1|EA|5190|KRW|5190|20130915|1300|
C|005186|2013|50000286420022|001|4300000512|00030|UGCC0827|1|EA|51550|KRW|51550|20130915|1300|
C|005186|2013|50000286420023|001|4300000512|00040|UCKC0104|3|EA|92800|KRW|278400|20130915|1300|
C|005186|2013|50000286420024|001|4300000512|00050|UGCC0828|2|EA|96990|KRW|193980|20130915|1300|
C|005186|2013|50000286420025|001|4300000512|00060|UEBC1113|1|EA|19720|KRW|19720|20130915|1300|
C|005186|2013|50000286420026|001|4300000512|00080|UGBC1354|1|EA|46640|KRW|46640|20130915|1300|
C|005186|2013|50000286420027|001|4300000512|00090|UGCC0833|1|EA|86920|KRW|86920|20130915|1300|
C|005186|2013|50000286420028|001|4300000512|00100|UDDC0360|1|EA|76000|KRW|76000|20130915|1300|
C|005186|2013|50000286420029|001|4300000512|00110|UDDC0361|3|EA|61500|KRW|184500|20130915|1300|
C|005186|2013|50000286420030|001|4300000512|00120|UGCC0831|2|EA|38000|KRW|76000|20130915|1300|
C|005186|2013|50000286420031|001|4300000512|00130|UGCC0834|1|EA|291500|KRW|291500|20130915|1300|
C|005186|2013|50000286420032|001|4300000512|00140|UIEC0078|1|EA|47700|KRW|47700|20130915|1300|
C|005186|2013|50000286420033|001|4300000512|00150|UEBC1114|4|EA|87980|KRW|351920|20130915|1300|
C|005186|2013|50000286420034|001|4300000512|00160|UGCC0832|1|EA|333900|KRW|333900|20130915|1300|
C|005186|2013|50000286420035|001|4300000513|00010|UEBC1115|10|EA|1910|KRW|19100|20130915|1300|
C|005186|2013|50000286420036|001|4300000513|00020|UEBC1116|4|EA|41340|KRW|165360|20130915|1300|
C|005186|2013|50000286420037|001|4300000513|00030|UEBC1117|1|EA|45470|KRW|45470|20130915|1300|
C|005186|2013|50000286420038|001|4300000513|00040|UEBC1113|1|EA|19720|KRW|19720|20130915|1300|
C|005186|2013|50000286420039|001|4300000513|00060|UGCC0837|1|EA|136200|KRW|136200|20130915|1300|
C|005186|2013|50000286420040|001|4300000513|00070|UEBC1119|2|EA|40000|KRW|80000|20130915|1300|
C|005186|2013|50000286420041|001|4300000513|00080|UGCC0838|2|EA|152600|KRW|305200|20130915|1300|
C|005186|2013|50000286420042|001|4300000513|00090|UEBC1120|6|EA|1960|KRW|11760|20130915|1300|
C|005186|2013|50000286420043|001|4300000513|00100|UEBC1121|6|EA|1840|KRW|11040|20130915|1300|
C|005186|2013|50000286420044|001|4300000513|00110|UGCC0839|2|EA|60400|KRW|120800|20130915|1300|
C|005186|2013|50000286420045|001|4300000513|00120|UEBC1123|8|EA|70280|KRW|562240|20130915|1300|
C|005186|2013|50000286420046|001|4300000513|00130|UEAC0148|2|EA|291500|KRW|583000|20130915|1300|
C|005186|2013|50000286430001|001|4300000479|00010|UDAC0248|10|EA|1580|KRW|15800|20130915|1300|
C|005186|2013|50000286430002|001|4300000479|00020|UDAC0073|10|EA|740|KRW|7400|20130915|1300|
C|005186|2013|50000286430003|001|4300000479|00030|UEBC0918|4|EA|15260|KRW|61040|20130915|1300|
C|005186|2013|50000286430004|001|4300000479|00040|UGCC0038|1|EA|12080|KRW|12080|20130915|1300|
C|005186|2013|50000286430005|001|4300000479|00050|UDBC0214|20|EA|8800|KRW|176000|20130915|1300|
C|005186|2013|50000286430006|001|4300000479|00060|UEBC0175|2|EA|129940|KRW|259880|20130915|1300|
C|005186|2013|50000286430007|001|4300000479|00070|UAEC0105|1|EA|62740|KRW|62740|20130915|1300|
C|005186|2013|50000286430008|001|4300000479|00080|UEBC0149|30|EA|5890|KRW|176700|20130915|1300|
C|005186|2013|50000286430009|001|4300000479|00090|UEBC0203|37|EA|6130|KRW|226810|20130915|1300|
C|005186|2013|50000286430010|001|4300000479|00100|UGCC0812|3|EA|33160|KRW|99480|20130915|1300|
C|005186|2013|50000286430011|001|4300000479|00120|UGCC0755|1|EA|151200|KRW|151200|20130915|1300|
C|005186|2013|50000286430012|001|4300000483|00130|UEBC1003|10|EA|4320|KRW|43200|20130915|1300|
C|005186|2013|50000286430013|001|4300000483|00140|UEBC0747|30|EA|7350|KRW|220500|20130915|1300|
C|005186|2013|50000286430014|001|4300000483|00150|UEBC0774|20|EA|515|KRW|10300|20130915|1300|
C|005186|2013|50000286430015|001|4300000483|00160|UDBC0068|1|EA|11760|KRW|11760|20130915|1300|
C|005186|2013|50000286430016|001|4300000483|00170|UDBC0861|2|EA|5060|KRW|10120|20130915|1300|
C|005186|2013|50000286430017|001|4300000483|00180|UDBC0058|200|EA|82|KRW|16400|20130915|1300|
C|005186|2013|50000286430018|001|4300000483|00190|UDBC0612|300|EA|270|KRW|81000|20130915|1300|
C|005186|2013|50000286430019|001|4300000483|00200|UDBC0044|200|EA|381|KRW|76200|20130915|1300|
C|005186|2013|50000286430020|001|4300000483|00210|UDBC0045|200|EA|408|KRW|81600|20130915|1300|
C|005186|2013|50000286430021|001|4300000483|00220|UDBC0514|200|EA|600|KRW|120000|20130915|1300|
C|005186|2013|50000286430022|001|4300000484|00010|UDBC0514|200|EA|600|KRW|120000|20130915|1300|
C|005186|2013|50000286430023|001|4300000484|00020|UDBC0423|300|EA|75|KRW|22500|20130915|1300|
C|005186|2013|50000286430024|001|4300000484|00030|UDBC0425|300|EA|85|KRW|25500|20130915|1300|
C|005186|2013|50000286430025|001|4300000484|00040|UDBC0441|300|EA|155|KRW|46500|20130915|1300|
C|005186|2013|50000286430026|001|4300000484|00050|UDBC0443|300|EA|189|KRW|56700|20130915|1300|
C|005186|2013|50000286430027|001|4300000484|00060|UDBC0445|300|EA|210|KRW|63000|20130915|1300|
C|005186|2013|50000286430028|001|4300000484|00070|UDBC0386|200|EA|410|KRW|82000|20130915|1300|
C|005186|2013|50000286430029|001|4300000484|00080|UDBC0376|500|EA|58|KRW|29000|20130915|1300|
C|005186|2013|50000286430030|001|4300000484|00090|UDBC0033|500|EA|119|KRW|59500|20130915|1300|
C|005186|2013|50000286430031|001|4300000484|00100|UDBC0077|500|EA|23|KRW|11500|20130915|1300|
C|005186|2013|50000286430032|001|4300000484|00110|UDBC0078|500|EA|31|KRW|15500|20130915|1300|
C|005186|2013|50000286430033|001|4300000484|00120|UDBC0072|500|EA|48|KRW|24000|20130915|1300|
C|005186|2013|50000286430034|001|4300000484|00130|UDBC0037|500|EA|28|KRW|14000|20130915|1300|
C|005186|2013|50000286430035|001|4300000484|00140|UGCC0206|30|EA|3490|KRW|104700|20130915|1300|
C|005186|2013|50000286430036|001|4300000484|00150|UGBC0761|30|EA|820|KRW|24600|20130915|1300|
C|005186|2013|50000286440001|001|4300000451|00030|UAGC0134|10|EA|5280|KRW|52800|20130915|1300|
C|005186|2013|50000286440002|001|4300000451|00040|UAGC0135|10|EA|5410|KRW|54100|20130915|1300|
C|005186|2013|50000286440003|001|4300000451|00050|UAGC0136|10|EA|6980|KRW|69800|20130915|1300|
C|005186|2013|50000286440004|001|4300000451|00060|UAGC0138|10|EA|6110|KRW|61100|20130915|1300|
C|005186|2013|50000286450001|001|4300000451|00010|UHHC0175|2|EA|29925|KRW|59850|20130915|1300|
C|005186|2013|50000286450002|001|4300000451|00020|UHTC0121|5|EA|33600|KRW|168000|20130915|1300|
C|005186|2013|50000286450003|001|4300000451|00070|UHFC0231|5|EA|2405|KRW|12025|20130915|1300|
C|005186|2013|50000286460001|001|4300000439|00120|UDDC0213|7|EA|28070|KRW|196490|20130915|1300|
C|005186|2013|50000286460002|001|4300000439|00130|UDDC0253|20|EA|3560|KRW|71200|20130915|1300|
C|005186|2013|50000286460003|001|4300000443|00130|UDDC0231|20|EA|20910|KRW|418200|20130915|1300|
C|005186|2013|50000286460004|001|4300000443|00150|UDDC0133|3|EA|28245|KRW|84735|20130915|1300|
C|005186|2013|50000286460005|001|4300000454|00010|UJAC0105|1|EA|14805|KRW|14805|20130915|1300|
C|005186|2013|50000286460006|001|4300000454|00020|UEBC0040|1|EA|59540|KRW|59540|20130915|1300|
C|005186|2013|50000286460007|001|4300000454|00030|UEBC0002|8|EA|33600|KRW|268800|20130915|1300|
C|005186|2013|50000286460008|001|4300000454|00040|UDDC0266|5|EA|8090|KRW|40450|20130915|1300|
C|005186|2013|50000286460009|001|4300000454|00050|UDDC0273|5|EA|13230|KRW|66150|20130915|1300|
C|005186|2013|50000286460010|001|4300000454|00060|UDAC0053|5|EA|196350|KRW|981750|20130915|1300|
C|005186|2013|50000286460011|001|4300000454|00070|UEBC0413|5|EA|52630|KRW|263150|20130915|1300|
C|005186|2013|50000286460012|001|4300000454|00080|UEBC0051|2|EA|271950|KRW|543900|20130915|1300|
C|005186|2013|50000286460013|001|4300000454|00090|UEBC0049|4|EA|266070|KRW|1064280|20130915|1300|
C|005186|2013|50000286460014|001|4300000454|00100|UEBC0011|8|EA|133350|KRW|1066800|20130915|1300|
C|005186|2013|50000286460015|001|4300000474|00010|UDAC0242|10|EA|1050|KRW|10500|20130915|1300|
C|005186|2013|50000286460016|001|4300000474|00020|UDAC0070|10|EA|740|KRW|7400|20130915|1300|
C|005186|2013|50000286460017|001|4300000474|00030|UEBC0240|10|EA|3390|KRW|33900|20130915|1300|
C|005186|2013|50000286460018|001|4300000474|00040|UEBC1111|2|EA|339000|KRW|678000|20130915|1300|
C|005186|2013|50000286460019|001|4300000474|00050|UEBC0388|4|EA|14950|KRW|59800|20130915|1300|
C|005186|2013|50000286460020|001|4300000474|00060|UEBC0629|4|EA|23950|KRW|95800|20130915|1300|
C|005186|2013|50000286460021|001|4300000474|00070|UEBC0351|4|EA|7900|KRW|31600|20130915|1300|
C|005186|2013|50000286460022|001|4300000474|00080|UAGC0169|5|EA|49430|KRW|247150|20130915|1300|
C|005186|2013|50000286460023|001|4300000474|00090|UAGC0168|5|EA|40770|KRW|203850|20130915|1300|
C|005186|2013|50000286460024|001|4300000474|00100|UAGC0173|5|EA|30380|KRW|151900|20130915|1300|
C|005186|2013|50000286460025|001|4300000474|00110|UAGC0230|1|EA|111720|KRW|111720|20130915|1300|
C|005186|2013|50000286460026|001|4300000474|00120|UGCC0813|2|EA|44740|KRW|89480|20130915|1300|
C|005186|2013|50000286460027|001|4300000474|00130|UGBC0972|4|EA|68700|KRW|274800|20130915|1300|
C|005186|2013|50000286460028|001|4300000474|00140|UGCC0311|1|EA|59850|KRW|59850|20130915|1300|
C|005186|2013|50000286460029|001|4300000474|00150|UGCC0003|1|EA|6830|KRW|6830|20130915|1300|
