C|005186|2017|50003655850001|001|4300008240|00060|KT020007|2|EA|6860|KRW|13720|20170831|1300|
C|005186|2017|50003655860001|001|4300008233|00020|UZZC0069|1|EA|166950|KRW|166950|20170831|1300|
C|005186|2017|50003655860002|001|4300008233|00030|UIEC0030|3|EA|68420|KRW|205260|20170831|1300|
C|005186|2017|50003655870001|001|4300008240|00190|KS067004|2|EA|2000|KRW|4000|20170831|1300|
C|005186|2017|50003655880001|001|4300008232|00010|UJCC0023|30|EA|6850|KRW|205500|20170831|1300|
C|005186|2017|50003656100001|001|4300008238|00010|KE030011|4|EA|8190|KRW|32760|20170831|1300|
C|005186|2017|50003656100002|001|4300008238|00020|KE030200|3|EA|15230|KRW|45690|20170831|1300|
C|005186|2017|50003656100003|001|4300008238|00030|KE030211|1|EA|145740|KRW|145740|20170831|1300|
C|005186|2017|50003656100004|001|4300008238|00040|KE050003|7|EA|1400|KRW|9800|20170831|1300|
C|005186|2017|50003656100005|001|4300008238|00050|KE050302|15|EA|1160|KRW|17400|20170831|1300|
C|005186|2017|50003656100006|001|4300008238|00060|KE050304|11|EA|2600|KRW|28600|20170831|1300|
C|005186|2017|50003656100007|001|4300008238|00070|KE090127|2|EA|34000|KRW|68000|20170831|1300|
C|005186|2017|50003656100008|001|4300008238|00080|KE090163|1|EA|41480|KRW|41480|20170831|1300|
C|005186|2017|50003656100009|001|4300008238|00090|KE090165|4|EA|165900|KRW|663600|20170831|1300|
C|005186|2017|50003656100010|001|4300008238|00100|KE110200|10|EA|65100|KRW|651000|20170831|1300|
C|005186|2017|50003656100011|001|4300008238|00110|KE190003|8|EA|29300|KRW|234400|20170831|1300|
C|005186|2017|50003656100012|001|4300008239|00010|KE110100|15|EA|124000|KRW|1860000|20170831|1300|
C|005186|2017|50003656100013|001|4300008239|00020|KE231403|11|EA|1840|KRW|20240|20170831|1300|
C|005186|2017|50003656100014|001|4300008239|00030|KE231406|15|EA|7140|KRW|107100|20170831|1300|
C|005186|2017|50003656130001|001|4300008292|00140|CMF0005|3|EA|18700|KRW|56100|20170831|1300|
C|005186|2017|50003656130002|001|4300008293|00060|CMF0005|3|EA|18700|KRW|56100|20170831|1300|
C|005186|2017|50003656130003|001|4300008294|00100|CMF0005|3|EA|18700|KRW|56100|20170831|1300|
C|005186|2017|50003656130004|001|4300008295|00130|CMF0005|10|EA|18700|KRW|187000|20170831|1300|
C|005186|2017|50003656130005|001|4300008296|00130|CMF0005|2|EA|18700|KRW|37400|20170831|1300|
C|005186|2017|50003656130006|001|4300008298|00120|CMF0005|10|EA|18700|KRW|187000|20170831|1300|
C|005186|2017|50003656130007|001|4300008299|00080|CMF0005|8|EA|18700|KRW|149600|20170831|1300|
C|005186|2017|50003656130008|001|4300008300|00050|CMF0005|3|EA|18700|KRW|56100|20170831|1300|
C|005186|2017|50003656130009|001|4300008306|00120|CMF0005|2|EA|18700|KRW|37400|20170831|1300|
C|005186|2017|50003656130010|001|4300008308|00080|CMF0005|2|EA|18700|KRW|37400|20170831|1300|
C|005186|2017|50003656130011|001|4300008314|00070|CMF0005|6|EA|18700|KRW|112200|20170831|1300|
C|005186|2017|50003656130012|001|4300008318|00040|CMF0005|12|EA|18700|KRW|224400|20170831|1300|
