C|005186|2018|50003989540001|001|4300009505|00050|UDBC0902|100|EA|32|KRW|3200|20180131|1300|
C|005186|2018|50003989540002|001|4300009555|00030|UEBC0503|4|EA|5901|KRW|23604|20180131|1300|
C|005186|2018|50003989540003|001|4300009555|00050|UDBC0147|2000|EA|27|KRW|54000|20180131|1300|
C|005186|2018|50003989540004|001|4300009555|00060|UDBC0144|2000|EA|32|KRW|64000|20180131|1300|
C|005186|2018|50003989540005|001|4300009555|00070|UDBC0149|2000|EA|34|KRW|68000|20180131|1300|
C|005186|2018|50003989540006|001|4300009555|00110|UEBC0435|6|EA|16170|KRW|97020|20180131|1300|
C|005186|2018|50003989550001|001|4300009513|00010|UCIC0191|2|EA|630700|KRW|1261400|20180131|1300|
C|005186|2018|50003989570001|001|4300009569|00010|UFGC0039|2|EA|15050|KRW|30100|20180131|1300|
C|005186|2018|50003989570002|001|4300009569|00020|UFGC0058|4|EA|4000|KRW|16000|20180131|1300|
C|005186|2018|50003989590001|001|4300009545|00080|UAEC0095|1|EA|22630|KRW|22630|20180131|1300|
C|005186|2018|50003989590002|001|4300009545|00090|UAEC0081|1|EA|11580|KRW|11580|20180131|1300|
C|005186|2018|50003989590003|001|4300009545|00100|UAEC0037|1|EA|4520|KRW|4520|20180131|1300|
C|005186|2018|50003989600001|001|4300009487|00030|UHTC0691|20|EA|35700|KRW|714000|20180131|1300|
C|005186|2018|50003989600002|001|4300009564|00020|UHTC0720|42|EA|24700|KRW|1037400|20180131|1300|
