C|005186|2018|50004190570001|001|4300010290|00010|UEBC0971|4|EA|11150|KRW|44600|20180515|1300|
C|005186|2018|50004190570002|001|4300010290|00020|UEBC0630|4|EA|58520|KRW|117040|20180515|1300|
C|005186|2018|50004190570003|001|4300010290|00030|UEBC0388|5|EA|74750|KRW|74750|20180515|1300|
C|005186|2018|50004190570004|001|4300010290|00040|UEBC0956|1|EA|65520|KRW|65520|20180515|1300|
C|005186|2018|50004190570005|001|4300010290|00050|UEBC0471|10|EA|54850|KRW|109700|20180515|1300|
C|005186|2018|50004190570006|001|4300010290|00060|UEBC0640|4|EA|82950|KRW|331800|20180515|1300|
C|005186|2018|50004190570007|001|4300010290|00070|UEBC1244|2|EA|418000|KRW|836000|20180515|1300|
C|005186|2018|50004190570008|001|4300010291|00010|UEBC1245|10|EA|47500|KRW|95000|20180515|1300|
C|005186|2018|50004190570009|001|4300010291|00020|UEBC0787|60|EA|17000|KRW|51000|20180515|1300|
C|005186|2018|50004190570010|001|4300010291|00030|UEBC0368|10|EA|10250|KRW|20500|20180515|1300|
C|005186|2018|50004190570011|001|4300010291|00040|UEBC0177|1|EA|204750|KRW|204750|20180515|1300|
C|005186|2018|50004190570012|001|4300010291|00050|UEBC0184|1|EA|208700|KRW|208700|20180515|1300|
C|005186|2018|50004190570013|001|4300010298|00010|UEBC1161|6|EA|290000|KRW|1740000|20180515|1300|
C|005186|2018|50004190580001|001|4300010317|00010|UAEC0160|1|EA|256000|KRW|256000|20180515|1300|
C|005186|2018|50004190580002|001|4300010318|00010|UGCC0630|1|EA|36750|KRW|36750|20180515|1300|
C|005186|2018|50004190580003|001|4300010319|00010|UZZC0020|150|EA|33500|KRW|100500|20180515|1300|
C|005186|2018|50004190590001|001|4300010317|00020|UDBC0824|20|EA|1900|KRW|38000|20180515|1300|
C|005186|2018|50004190590002|001|4300010320|00130|UDBC0404|300|EA|5200|KRW|15600|20180515|1300|
C|005186|2018|50004190590003|001|4300010320|00140|UDBC0423|300|EA|7500|KRW|22500|20180515|1300|
C|005186|2018|50004190590004|001|4300010320|00160|UDBC0443|200|EA|18900|KRW|37800|20180515|1300|
C|005186|2018|50004190590005|001|4300010320|00170|UDBC0043|200|EA|35000|KRW|70000|20180515|1300|
C|005186|2018|50004190590006|001|4300010320|00180|UDBC0037|300|EA|2800|KRW|8400|20180515|1300|
C|005186|2018|50004190590007|001|4300010320|00190|UDBC0376|300|EA|5800|KRW|17400|20180515|1300|
C|005186|2018|50004190590008|001|4300010320|00200|UDBC0345|200|EA|12000|KRW|24000|20180515|1300|
C|005186|2018|50004190590009|001|4300010320|00210|UDBC0348|200|EA|18000|KRW|36000|20180515|1300|
C|005186|2018|50004190590010|001|4300010320|00220|UDBC0351|200|EA|28400|KRW|56800|20180515|1300|
C|005186|2018|50004190590011|001|4300010320|00230|UDBC0581|300|EA|2200|KRW|6600|20180515|1300|
C|005186|2018|50004190590012|001|4300010320|00240|UDBC0502|200|EA|9000|KRW|18000|20180515|1300|
C|005186|2018|50004190590013|001|4300010320|00250|UDBC0418|200|EA|6800|KRW|13600|20180515|1300|
C|005186|2018|50004190590014|001|4300010320|00260|UDBC0422|300|EA|6900|KRW|20700|20180515|1300|
C|005186|2018|50004190590015|001|4300010320|00270|UDBC0440|300|EA|8700|KRW|26100|20180515|1300|
C|005186|2018|50004190590016|001|4300010320|00280|UDBC0444|300|EA|10000|KRW|30000|20180515|1300|
C|005186|2018|50004190590017|001|4300010320|00290|UDBC0366|500|EA|800|KRW|4000|20180515|1300|
C|005186|2018|50004190590018|001|4300010320|00300|UDBC0344|200|EA|4700|KRW|9400|20180515|1300|
C|005186|2018|50004190590019|001|4300010320|00310|UDBC0347|200|EA|5600|KRW|11200|20180515|1300|
C|005186|2018|50004190590020|001|4300010320|00320|UDBC0737|500|EA|1600|KRW|8000|20180515|1300|
C|005186|2018|50004190590021|001|4300010320|00330|UDBC0714|300|EA|1700|KRW|5100|20180515|1300|
C|005186|2018|50004190590022|001|4300010320|00340|UDBC0322|500|EA|1000|KRW|5000|20180515|1300|
C|005186|2018|50004190600001|001|4300010321|00010|UGCC0527|1|EA|1945650|KRW|1945650|20180515|1300|
C|005186|2018|50004190600002|001|4300010362|00010|UDFC0120|20|EA|12900|KRW|258000|20180515|1300|
C|005186|2018|50004190600003|001|4300010362|00020|UDFC0178|30|EA|15580|KRW|467400|20180515|1300|
C|005186|2018|50004190600004|001|4300010362|00030|UDFC0177|30|EA|15580|KRW|467400|20180515|1300|
C|005186|2018|50004190600005|001|4300010362|00060|UAJC0010|3|EA|45740|KRW|137220|20180515|1300|
C|005186|2018|50004190600006|001|4300010362|00070|UAJC0087|1|EA|36600|KRW|36600|20180515|1300|
C|005186|2018|50004190600007|001|4300010362|00080|UAJC0016|1|EA|32920|KRW|32920|20180515|1300|
C|005186|2018|50004190600008|001|4300010362|00090|UAGC0147|1|EA|44010|KRW|44010|20180515|1300|
C|005186|2018|50004190600009|001|4300010362|00100|UAGC0146|1|EA|35000|KRW|35000|20180515|1300|
C|005186|2018|50004190600010|001|4300010362|00110|UAGC0145|1|EA|22750|KRW|22750|20180515|1300|
C|005186|2018|50004190600011|001|4300010362|00120|UAGC0466|1|EA|17670|KRW|17670|20180515|1300|
C|005186|2018|50004190600012|001|4300010363|00030|UAGC0064|1|EA|112630|KRW|112630|20180515|1300|
C|005186|2018|50004190610001|001|4300010316|00010|UEBC1125|4|EA|59500|KRW|238000|20180515|1300|
C|005186|2018|50004190610002|001|4300010316|00020|UDDC0158|10|EA|34545|KRW|345450|20180515|1300|
C|005186|2018|50004190610003|001|4300010316|00030|UDDC0176|10|EA|56010|KRW|560100|20180515|1300|
C|005186|2018|50004190610004|001|4300010316|00040|UDDC0324|1|EA|146400|KRW|146400|20180515|1300|
C|005186|2018|50004190610005|001|4300010320|00350|UDBC1048|50|EA|3700|KRW|18500|20180515|1300|
C|005186|2018|50004190610006|001|4300010350|00100|KT020600|4|EA|14910|KRW|59640|20180515|1300|
C|005186|2018|50004190610007|001|4300010361|00130|UGBC0955|20|EA|36800|KRW|73600|20180515|1300|
C|005186|2018|50004190610008|001|4300010363|00040|UGBC1519|5|EA|242200|KRW|1211000|20180515|1300|
C|005186|2018|50004190610009|001|4300010363|00050|UGBC1643|10|EA|32880|KRW|328800|20180515|1300|
C|005186|2018|50004190610010|001|4300010365|00050|UAGC0369|5|EA|5540|KRW|27700|20180515|1300|
C|005186|2018|50004190620001|001|4300010347|00010|UAEC0051|2|EA|7980|KRW|15960|20180515|1300|
C|005186|2018|50004190620002|001|4300010347|00020|UAEC0052|2|EA|7980|KRW|15960|20180515|1300|
C|005186|2018|50004190620003|001|4300010347|00030|UAEC0053|2|EA|8925|KRW|17850|20180515|1300|
C|005186|2018|50004190620004|001|4300010347|00040|UAEC0337|2|EA|9072|KRW|18144|20180515|1300|
C|005186|2018|50004190620005|001|4300010350|00010|KH990100|4|EA|27220|KRW|108880|20180515|1300|
C|005186|2018|50004190620006|001|4300010350|00020|KH990101|6|EA|7250|KRW|43500|20180515|1300|
C|005186|2018|50004190620007|001|4300010350|00030|KS990007|6|EA|51450|KRW|308700|20180515|1300|
C|005186|2018|50004190620008|001|4300010350|00040|KT020003|3|EA|5600|KRW|16800|20180515|1300|
C|005186|2018|50004190620009|001|4300010350|00050|KT020005|3|EA|5640|KRW|16920|20180515|1300|
C|005186|2018|50004190620010|001|4300010350|00060|KT020009|4|EA|8030|KRW|32120|20180515|1300|
C|005186|2018|50004190620011|001|4300010350|00070|KT020016|1|EA|18620|KRW|18620|20180515|1300|
C|005186|2018|50004190620012|001|4300010350|00080|KT020022|1|EA|28350|KRW|28350|20180515|1300|
C|005186|2018|50004190620013|001|4300010350|00090|KT020023|1|EA|32400|KRW|32400|20180515|1300|
C|005186|2018|50004190620014|001|4300010350|00110|KT020611|2|EA|28140|KRW|56280|20180515|1300|
C|005186|2018|50004190620015|001|4300010350|00120|KT080110|4|EA|25440|KRW|101760|20180515|1300|
C|005186|2018|50004190620016|001|4300010350|00130|KT080520|5|EA|2760|KRW|13800|20180515|1300|
C|005186|2018|50004190620017|001|4300010350|00140|KT990001|200|EA|5100|KRW|102000|20180515|1300|
C|005186|2018|50004190620018|001|4300010350|00150|KT990010|200|EA|3700|KRW|74000|20180515|1300|
C|005186|2018|50004190620019|001|4300010361|00010|UKGC0008|7|EA|2940|KRW|20580|20180515|1300|
C|005186|2018|50004190620020|001|4300010361|00050|UADC0017|1|EA|15750|KRW|15750|20180515|1300|
C|005186|2018|50004190620021|001|4300010361|00060|UAEC0426|1|EA|18375|KRW|18375|20180515|1300|
C|005186|2018|50004190620022|001|4300010361|00070|UADC0151|2|EA|3675|KRW|7350|20180515|1300|
C|005186|2018|50004190620023|001|4300010361|00080|UGAC0053|1|EA|69880|KRW|69880|20180515|1300|
