C|005186|2020|50005802810001|001|4300017487|00230|UICC0013|20|EA|4830|KRW|96600|20200730|1300|
C|005186|2020|50005802810002|001|4300017487|00240|UICC0007|20|EA|15800|KRW|31600|20200730|1300|
C|005186|2020|50005802810003|001|4300017490|00010|UFKC0140|4|EA|27370|KRW|109480|20200730|1300|
C|005186|2020|50005802810004|001|4300017494|00030|UAJC0044|50|EA|13500|KRW|13500|20200730|1300|
C|005186|2020|50005802810005|001|4300017494|00070|UDFC0118|2|EA|17870|KRW|35740|20200730|1300|
C|005186|2020|50005802820001|001|4300017459|00050|UEBC1073|10|EA|57850|KRW|115700|20200730|1300|
C|005186|2020|50005802820002|001|4300017459|00110|UDBC0147|2000|EA|13500|KRW|54000|20200730|1300|
C|005186|2020|50005802820003|001|4300017485|00020|UDBC0249|10|EA|58600|KRW|58600|20200730|1300|
C|005186|2020|50005802820004|001|4300017485|00030|UDBC0509|100|EA|12600|KRW|12600|20200730|1300|
C|005186|2020|50005802820005|001|4300017485|00060|UDBC0614|100|EA|4800|KRW|4800|20200730|1300|
C|005186|2020|50005802820006|001|4300017485|00070|UDBC0416|20|EA|5100|KRW|10200|20200730|1300|
C|005186|2020|50005802820007|001|4300017485|00080|UDBC0864|20|EA|5100|KRW|10200|20200730|1300|
C|005186|2020|50005802820008|001|4300017488|00010|UDBC0395|100|EA|52000|KRW|52000|20200730|1300|
C|005186|2020|50005802820009|001|4300017503|00080|UDBC0517|100|EA|21100|KRW|21100|20200730|1300|
C|005186|2020|50005802840001|001|4300017429|00010|UHTC0234|5|EA|236250|KRW|236250|20200730|1300|
C|005186|2020|50005802840002|001|4300017429|00020|UHGC0134|2|EA|756000|KRW|1512000|20200730|1300|
C|005186|2020|50005802840003|001|4300017430|00010|UHTC0835|3|EA|440000|KRW|1320000|20200730|1300|
C|005186|2020|50005802840004|001|4300017430|00020|UHDC0233|10|EA|505000|KRW|505000|20200730|1300|
C|005186|2020|50005802840005|001|4300017431|00010|UHFC0101|10|EA|135000|KRW|135000|20200730|1300|
C|005186|2020|50005802840006|001|4300017431|00020|UHGC0059|5|EA|18950|KRW|94750|20200730|1300|
C|005186|2020|50005802840007|001|4300017431|00030|UHFC0329|50|EA|199500|KRW|199500|20200730|1300|
C|005186|2020|50005802840008|001|4300017431|00040|UHGC0160|5|EA|118000|KRW|590000|20200730|1300|
C|005186|2020|50005802840009|001|4300017431|00050|UHHC0091|1|EA|416850|KRW|416850|20200730|1300|
C|005186|2020|50005802840010|001|4300017432|00010|UHHC0008|1|EA|1013800|KRW|1013800|20200730|1300|
C|005186|2020|50005802840011|001|4300017432|00020|UHGC0159|5|EA|50400|KRW|252000|20200730|1300|
C|005186|2020|50005802840012|001|4300017433|00010|UHFC0175|10|EA|387300|KRW|387300|20200730|1300|
C|005186|2020|50005802840013|001|4300017433|00020|UFJC0013|2|EA|58800|KRW|117600|20200730|1300|
C|005186|2020|50005802840014|001|4300017433|00100|UHFC0078|20|EA|9350|KRW|187000|20200730|1300|
C|005186|2020|50005802840015|001|4300017434|00010|UHGC0134|2|EA|756000|KRW|1512000|20200730|1300|
C|005186|2020|50005802840016|001|4300017435|00020|UHGC0291|5|EA|118500|KRW|118500|20200730|1300|
C|005186|2020|50005802840017|001|4300017435|00040|UGAC0006|20|EA|600600|KRW|600600|20200730|1300|
C|005186|2020|50005802860001|001|4300017428|00010|UHGC0267|2|EA|999000|KRW|1998000|20200730|1300|
C|005186|2020|50005802860002|001|4300017450|00010|UHFC0145|2|EA|10080|KRW|20160|20200730|1300|
