C|005186|2019|50004822100001|001|4300013081|00020|CMC0002|3|EA|10300|KRW|30900|20190322|1300|
C|005186|2019|50004822100002|001|4300013081|00040|CMD0016|8|EA|29000|KRW|232000|20190322|1300|
C|005186|2019|50004822100003|001|4300013081|00050|CMF0005|10|EA|18700|KRW|187000|20190322|1300|
C|005186|2019|50004822100004|001|4300013081|00060|CMD0011|27|EA|24100|KRW|650700|20190322|1300|
C|005186|2019|50004822100005|001|4300013081|00080|CME0002|50|EA|1100|KRW|55000|20190322|1300|
C|005186|2019|50004822100006|001|4300013081|00090|CMA0008|50|EA|470|KRW|23500|20190322|1300|
C|005186|2019|50004822100007|001|4300013081|00100|CMA0017|50|EA|770|KRW|38500|20190322|1300|
C|005186|2019|50004822100008|001|4300013081|00110|CMC0003|50|EA|310|KRW|15500|20190322|1300|
C|005186|2019|50004822100009|001|4300013081|00130|CMC0005|100|EA|150|KRW|15000|20190322|1300|
C|005186|2019|50004822100010|001|4300013081|00150|CMB0001|240|EA|520|KRW|124800|20190322|1300|
C|005186|2019|50004822100011|001|4300013081|00160|CMA0007|400|EA|151|KRW|60400|20190322|1300|
C|005186|2019|50004822100012|001|4300013081|00170|CMA0001|800|EA|151|KRW|120800|20190322|1300|
C|005186|2019|50004822110001|001|4300013104|00010|CMF0004|4|EA|17000|KRW|68000|20190322|1300|
C|005186|2019|50004822110002|001|4300013104|00020|CMF0005|6|EA|18700|KRW|112200|20190322|1300|
C|005186|2019|50004822110003|001|4300013104|00040|CMA0008|20|EA|470|KRW|9400|20190322|1300|
C|005186|2019|50004822110004|001|4300013104|00050|CMA0017|20|EA|770|KRW|15400|20190322|1300|
C|005186|2019|50004822110005|001|4300013104|00090|CMA0007|150|EA|151|KRW|22650|20190322|1300|
C|005186|2019|50004822110006|001|4300013104|00110|CMA0001|300|EA|151|KRW|45300|20190322|1300|
C|005186|2019|50004822120001|001|4300013100|00010|CMA0028|2|EA|7350|KRW|14700|20190322|1300|
C|005186|2019|50004822120002|001|4300013100|00040|CMD0011|3|EA|24100|KRW|72300|20190322|1300|
C|005186|2019|50004822120003|001|4300013100|00060|CMA0002|20|EA|1440|KRW|28800|20190322|1300|
C|005186|2019|50004822120004|001|4300013100|00080|CMA0008|50|EA|470|KRW|23500|20190322|1300|
C|005186|2019|50004822120005|001|4300013100|00090|CMC0005|50|EA|150|KRW|7500|20190322|1300|
C|005186|2019|50004822120006|001|4300013100|00100|CMB0003|120|EA|2200|KRW|264000|20190322|1300|
C|005186|2019|50004822120007|001|4300013100|00110|CMA0007|150|EA|151|KRW|22650|20190322|1300|
C|005186|2019|50004822120008|001|4300013100|00120|CMA0001|200|EA|151|KRW|30200|20190322|1300|
C|005186|2019|50004822130001|001|4300013101|00020|CMA0007|100|EA|151|KRW|15100|20190322|1300|
C|005186|2019|50004822130002|001|4300013101|00030|CMA0001|200|EA|151|KRW|30200|20190322|1300|
C|005186|2019|50004822140001|001|4300013102|00030|CMF0008|10|EA|1620|KRW|16200|20190322|1300|
C|005186|2019|50004822140002|001|4300013102|00050|CMB0003|20|EA|2200|KRW|44000|20190322|1300|
C|005186|2019|50004822140003|001|4300013102|00070|CMB0001|80|EA|520|KRW|41600|20190322|1300|
C|005186|2019|50004822140004|001|4300013102|00080|CMA0007|100|EA|151|KRW|15100|20190322|1300|
C|005186|2019|50004822140005|001|4300013102|00090|CMA0001|150|EA|151|KRW|22650|20190322|1300|
C|005186|2019|50004822150001|001|4300013106|00020|CMA0028|5|EA|7350|KRW|36750|20190322|1300|
C|005186|2019|50004822150002|001|4300013106|00030|CMA0001|200|EA|151|KRW|30200|20190322|1300|
C|005186|2019|50004822150003|001|4300013106|00040|CMA0007|200|EA|151|KRW|30200|20190322|1300|
C|005186|2019|50004822150004|001|4300013106|00050|CMA0008|200|EA|470|KRW|94000|20190322|1300|
C|005186|2019|50004822150005|001|4300013106|00060|CMD0016|2|EA|29000|KRW|58000|20190322|1300|
C|005186|2019|50004822160001|001|4300013107|00010|CMD0016|1|EA|29000|KRW|29000|20190322|1300|
C|005186|2019|50004822170001|001|4300013109|00010|CMA0014|200|EA|320|KRW|64000|20190322|1300|
C|005186|2019|50004822180001|001|4300013093|00010|CMA0007|80|EA|151|KRW|12080|20190322|1300|
C|005186|2019|50004822180002|001|4300013093|00030|CMD0016|1|EA|29000|KRW|29000|20190322|1300|
C|005186|2019|50004822200001|001|4300013103|00010|CMA0017|1|EA|770|KRW|770|20190322|1300|
C|005186|2019|50004822200002|001|4300013103|00040|CMF0005|4|EA|18700|KRW|74800|20190322|1300|
C|005186|2019|50004822200003|001|4300013103|00050|CMA0002|10|EA|1440|KRW|14400|20190322|1300|
C|005186|2019|50004822200004|001|4300013103|00080|CMC0005|30|EA|150|KRW|4500|20190322|1300|
C|005186|2019|50004822200005|001|4300013103|00090|CMB0002|190|EA|2100|KRW|399000|20190322|1300|
C|005186|2019|50004822200006|001|4300013103|00100|CMA0001|350|EA|151|KRW|52850|20190322|1300|
C|005186|2019|50004822200007|001|4300013103|00110|CMA0007|350|EA|151|KRW|52850|20190322|1300|
C|005186|2019|50004822210001|001|4300013099|00020|CMD0011|5|EA|24100|KRW|120500|20190322|1300|
C|005186|2019|50004822210002|001|4300013099|00030|CMA0007|50|EA|151|KRW|7550|20190322|1300|
C|005186|2019|50004822210003|001|4300013099|00040|CMB0003|60|EA|2200|KRW|132000|20190322|1300|
C|005186|2019|50004822210004|001|4300013099|00050|CMB0001|160|EA|520|KRW|83200|20190322|1300|
C|005186|2019|50004822210005|001|4300013099|00060|CMA0001|300|EA|151|KRW|45300|20190322|1300|
C|005186|2019|50004822220001|001|4300013097|00010|CMB0001|56|EA|520|KRW|29120|20190322|1300|
C|005186|2019|50004822230001|001|4300013095|00010|CMA0001|60|EA|151|KRW|9060|20190322|1300|
C|005186|2019|50004822230002|001|4300013095|00020|CMA0007|200|EA|151|KRW|30200|20190322|1300|
C|005186|2019|50004822230003|001|4300013095|00030|CMB0001|20|EA|520|KRW|10400|20190322|1300|
C|005186|2019|50004822240001|001|4300013105|00010|CMA0001|100|EA|151|KRW|15100|20190322|1300|
C|005186|2019|50004822240002|001|4300013105|00020|CMA0007|110|EA|151|KRW|16610|20190322|1300|
C|005186|2019|50004822240003|001|4300013105|00040|CMF0005|2|EA|18700|KRW|37400|20190322|1300|
C|005186|2019|50004822250001|001|4300011504|00080|CMD0016|2|EA|29000|KRW|58000|20190322|1300|
C|005186|2019|50004822260001|001|4300011287|00040|CMD0011|10|EA|24100|KRW|241000|20190322|1300|
C|005186|2019|50004822270001|001|4300010957|00060|CME0004|3|EA|7100|KRW|21300|20190322|1300|
C|005186|2019|50004822280001|001|4300012806|00070|CME0004|3|EA|7100|KRW|21300|20190322|1300|
