C|005186|2018|50004224370001|001|4300010382|00030|UHTC0124|5|EA|202125|KRW|202125|20180531|1300|
C|005186|2018|50004224370002|001|4300010449|00010|UDAC0266|200|EA|484000|KRW|968000|20180531|1300|
C|005186|2018|50004224380001|001|4300010405|00010|UGAC0053|3|EA|69880|KRW|209640|20180531|1300|
C|005186|2018|50004224380002|001|4300010405|00020|UJBC0024|10|EA|1520|KRW|15200|20180531|1300|
C|005186|2018|50004224380003|001|4300010405|00060|UAEC0234|2|EA|61580|KRW|123160|20180531|1300|
C|005186|2018|50004224380004|001|4300010406|00030|UHTC0198|1|EA|376530|KRW|376530|20180531|1300|
C|005186|2018|50004224380005|001|4300010406|00040|UGAC0053|1|EA|69880|KRW|69880|20180531|1300|
C|005186|2018|50004224380006|001|4300010406|00050|UJCC0058|1|EA|12630|KRW|12630|20180531|1300|
C|005186|2018|50004224380007|001|4300010406|00060|UDFC0172|10|EA|21200|KRW|212000|20180531|1300|
C|005186|2018|50004224380008|001|4300010406|00110|UAEC0185|1|EA|89360|KRW|89360|20180531|1300|
C|005186|2018|50004224380009|001|4300010407|00040|UAGC0252|4|EA|67060|KRW|268240|20180531|1300|
C|005186|2018|50004224380010|001|4300010407|00060|UEBC0619|20|EA|53200|KRW|212800|20180531|1300|
C|005186|2018|50004224380011|001|4300010407|00070|UEBC0063|1|EA|144900|KRW|144900|20180531|1300|
C|005186|2018|50004224380012|001|4300010407|00080|UEBC0064|1|EA|181130|KRW|181130|20180531|1300|
C|005186|2018|50004224380013|001|4300010407|00090|UEBC0076|20|EA|37800|KRW|37800|20180531|1300|
C|005186|2018|50004224380014|001|4300010408|00010|UEBC0075|20|EA|52500|KRW|52500|20180531|1300|
C|005186|2018|50004224380015|001|4300010408|00020|UEBC0078|20|EA|38200|KRW|38200|20180531|1300|
C|005186|2018|50004224380016|001|4300010408|00030|UEBC0077|20|EA|61400|KRW|61400|20180531|1300|
C|005186|2018|50004224380017|001|4300010408|00040|UAEC0095|1|EA|22630|KRW|22630|20180531|1300|
C|005186|2018|50004224380018|001|4300010408|00050|UGBC0336|10|EA|910|KRW|9100|20180531|1300|
C|005186|2018|50004224390001|001|4300010410|00020|UDBC0788|100|EA|11500|KRW|23000|20180531|1300|
C|005186|2018|50004224390002|001|4300010410|00040|UEBC0268|3|EA|91350|KRW|274050|20180531|1300|
C|005186|2018|50004224390003|001|4300010410|00050|UEBC1216|2|EA|17800|KRW|35600|20180531|1300|
C|005186|2018|50004224390004|001|4300010410|00060|UEBC1215|2|EA|25700|KRW|51400|20180531|1300|
C|005186|2018|50004224390005|001|4300010413|00010|UEBC0131|5|EA|98660|KRW|493300|20180531|1300|
C|005186|2018|50004224390006|001|4300010414|00010|KS061505|5|EA|6230|KRW|31150|20180531|1300|
C|005186|2018|50004224400001|001|4300010405|00050|UAEC0299|5|EA|94500|KRW|94500|20180531|1300|
C|005186|2018|50004224400002|001|4300010406|00070|UDBC0760|2000|EA|9500|KRW|190000|20180531|1300|
C|005186|2018|50004224400003|001|4300010406|00080|UDBC0372|2000|EA|3000|KRW|60000|20180531|1300|
C|005186|2018|50004224400004|001|4300010407|00020|UAAC0015|5|EA|43950|KRW|43950|20180531|1300|
C|005186|2018|50004224400005|001|4300010407|00030|UALC0117|200|EA|126000|KRW|252000|20180531|1300|
C|005186|2018|50004224400006|001|4300010409|00020|UADC0108|6|EA|5040|KRW|15120|20180531|1300|
C|005186|2018|50004224400007|001|4300010410|00030|UEBC1227|12|EA|39400|KRW|236400|20180531|1300|
C|005186|2018|50004224400008|001|4300010410|00070|UEBC0465|2|EA|13900|KRW|27800|20180531|1300|
C|005186|2018|50004224400009|001|4300010412|00010|UGBC1004|3|EA|224700|KRW|674100|20180531|1300|
C|005186|2018|50004224410001|001|4300010405|00040|UAJC0026|10|EA|42000|KRW|42000|20180531|1300|
C|005186|2018|50004224410002|001|4300010407|00050|UAGC0379|4|EA|71400|KRW|142800|20180531|1300|
C|005186|2018|50004224410003|001|4300010409|00010|UZZC0010|20|EA|19530|KRW|195300|20180531|1300|
C|005186|2018|50004224410004|001|4300010427|00010|UDEC0104|1|EA|194740|KRW|194740|20180531|1300|
C|005186|2018|50004224410005|001|4300010447|00010|UAEC0459|100|EA|199500|KRW|399000|20180531|1300|
C|005186|2018|50004224410006|001|4300010447|00030|UDBC0825|100|EA|16850|KRW|33700|20180531|1300|
C|005186|2018|50004224410007|001|4300010447|00040|UKBC0016|6|EA|10110|KRW|60660|20180531|1300|
C|005186|2018|50004224410008|001|4300010447|00060|UADC0051|2|EA|5380|KRW|10760|20180531|1300|
C|005186|2018|50004224410009|001|4300010447|00070|UGBC0465|100|EA|127000|KRW|127000|20180531|1300|
C|005186|2018|50004224410010|001|4300010447|00080|UAKC0001|10|EA|6090|KRW|60900|20180531|1300|
C|005186|2018|50004224410011|001|4300010448|00020|UJAC0068|4|EA|12140|KRW|24280|20180531|1300|
C|005186|2018|50004224410012|001|4300010448|00030|UZZC0020|50|EA|33500|KRW|33500|20180531|1300|
C|005186|2018|50004224410013|001|4300010448|00040|UICC0051|1|EA|1050|KRW|1050|20180531|1300|
C|005186|2018|50004224410014|001|4300010448|00050|UICC0038|1|EA|4520|KRW|4520|20180531|1300|
C|005186|2018|50004224410015|001|4300010449|00030|UAEC0095|1|EA|22630|KRW|22630|20180531|1300|
C|005186|2018|50004224420001|001|4300010383|00010|UHTC0830|24|EA|68500|KRW|1644000|20180531|1300|
C|005186|2018|50004224420002|001|4300010384|00010|UHTC0804|10|EA|583000|KRW|583000|20180531|1300|
C|005186|2018|50004224420003|001|4300010410|00010|UDDC0187|4|EA|47780|KRW|191120|20180531|1300|
C|005186|2018|50004224420004|001|4300010428|00010|UEBC0268|1|EA|91350|KRW|91350|20180531|1300|
C|005186|2018|50004224420005|001|4300010429|00010|UEBC0943|7|EA|174310|KRW|1220170|20180531|1300|
C|005186|2018|50004224420006|001|4300010430|00010|UEBC1244|4|EA|418000|KRW|1672000|20180531|1300|
C|005186|2018|50004224420007|001|4300010439|00010|UEBC1232|60|EA|95400|KRW|286200|20180531|1300|
C|005186|2018|50004224420008|001|4300010442|00010|UHTC0765|10|EA|340000|KRW|340000|20180531|1300|
C|005186|2018|50004224420009|001|4300010447|00020|UGCC0894|400|EA|300000|KRW|1200000|20180531|1300|
C|005186|2018|50004224420010|001|4300010448|00010|UDAC0012|400|EA|300000|KRW|1200000|20180531|1300|
C|005186|2018|50004224430001|001|4300010148|00010|UBBC0006|2|EA|103370|KRW|206740|20180531|1300|
C|005186|2018|50004224430002|001|4300010341|00030|UDEC0066|2|EA|444680|KRW|889360|20180531|1300|
C|005186|2018|50004224430003|001|4300010341|00040|UDEC0064|2|EA|325500|KRW|651000|20180531|1300|
C|005186|2018|50004224430004|001|4300010361|00020|UFGC0024|2|EA|15120|KRW|30240|20180531|1300|
C|005186|2018|50004224430005|001|4300010364|00040|UDDC0351|2|EA|7160|KRW|14320|20180531|1300|
C|005186|2018|50004224430006|001|4300010379|00010|UDEC0017|1|EA|13280|KRW|13280|20180531|1300|
C|005186|2018|50004224430007|001|4300010379|00020|UDEC0115|1|EA|14400|KRW|14400|20180531|1300|
C|005186|2018|50004224430008|001|4300010406|00010|UBBC0006|2|EA|103370|KRW|206740|20180531|1300|
C|005186|2018|50004224430009|001|4300010449|00020|UFFC0049|10|EA|15800|KRW|158000|20180531|1300|
C|005186|2018|50004224440001|001|4300010205|00010|UDEC0099|24|EA|7670|KRW|184080|20180531|1300|
C|005186|2018|50004224440002|001|4300010380|00010|KE090106|5|EA|15370|KRW|76850|20180531|1300|
C|005186|2018|50004224440003|001|4300010382|00010|UHHC0016|1|EA|1477350|KRW|1477350|20180531|1300|
C|005186|2018|50004224440004|001|4300010382|00020|UHGC0011|1|EA|157900|KRW|157900|20180531|1300|
C|005186|2018|50004224440005|001|4300010383|00020|UGAC0068|5|EA|168000|KRW|168000|20180531|1300|
C|005186|2018|50004224440006|001|4300010385|00010|UHGC0134|2|EA|756000|KRW|1512000|20180531|1300|
C|005186|2018|50004224440007|001|4300010405|00030|UCKC0037|100|EA|1405000|KRW|1405000|20180531|1300|
C|005186|2018|50004224440008|001|4300010406|00020|UCKC0035|15|EA|222600|KRW|667800|20180531|1300|
C|005186|2018|50004224440009|001|4300010406|00090|UGCC0287|40|EA|9660|KRW|19320|20180531|1300|
C|005186|2018|50004224440010|001|4300010406|00100|UGBC1444|30|EA|22200|KRW|66600|20180531|1300|
C|005186|2018|50004224440011|001|4300010407|00010|UCKC0035|15|EA|222600|KRW|667800|20180531|1300|
C|005186|2018|50004224440012|001|4300010415|00010|KE231406|17|EA|7140|KRW|121380|20180531|1300|
C|005186|2018|50004224440013|001|4300010415|00020|KE270300|100|EA|9400|KRW|940000|20180531|1300|
C|005186|2018|50004224440014|001|4300010415|00030|KE270302|8|EA|6900|KRW|55200|20180531|1300|
C|005186|2018|50004224440015|001|4300010415|00040|KE281401|100|EA|840|KRW|84000|20180531|1300|
C|005186|2018|50004224440016|001|4300010442|00020|UHFC0443|1|EA|1390000|KRW|1390000|20180531|1300|
C|005186|2018|50004224440017|001|4300010442|00030|UHFC0336|2|EA|82950|KRW|165900|20180531|1300|
C|005186|2018|50004224440018|001|4300010443|00010|UHHC0072|1|EA|412650|KRW|412650|20180531|1300|
C|005186|2018|50004224440019|001|4300010443|00020|UHDC0158|2|EA|8320|KRW|16640|20180531|1300|
C|005186|2018|50004224440020|001|4300010443|00030|UHFC0231|3|EA|2405|KRW|7215|20180531|1300|
C|005186|2018|50004224440021|001|4300010443|00040|UHFC0232|4|EA|9790|KRW|39160|20180531|1300|
C|005186|2018|50004224440022|001|4300010443|00050|UHFC0233|5|EA|11660|KRW|58300|20180531|1300|
C|005186|2018|50004224440023|001|4300010444|00010|UHGC0331|5|EA|249900|KRW|1249500|20180531|1300|
C|005186|2018|50004224440024|001|4300010445|00010|UHAC0011|1|EA|695000|KRW|695000|20180531|1300|
C|005186|2018|50004224440025|001|4300010445|00020|UHDC0253|1|EA|1123600|KRW|1123600|20180531|1300|
C|005186|2018|50004224440026|001|4300010446|00010|UHDC0141|100|EA|37000|KRW|37000|20180531|1300|
C|005186|2018|50004224440027|001|4300010446|00020|UHFC0347|30|EA|78900|KRW|78900|20180531|1300|
C|005186|2018|50004224440028|001|4300010446|00030|UHNC0005|1|EA|803160|KRW|803160|20180531|1300|
C|005186|2018|50004224450001|001|4300009887|00100|UBBC0006|3|EA|103370|KRW|310110|20180531|1300|
C|005186|2018|50004224450002|001|4300010013|00100|UDDC0306|1|EA|46030|KRW|46030|20180531|1300|
C|005186|2018|50004224450003|001|4300010013|00110|UIDC0085|1|EA|111160|KRW|111160|20180531|1300|
C|005186|2018|50004224450004|001|4300010021|00010|UFDC0003|30|EA|458400|KRW|458400|20180531|1300|
C|005186|2018|50004224450005|001|4300010045|00030|UDDC0306|1|EA|46030|KRW|46030|20180531|1300|
C|005186|2018|50004224450006|001|4300010063|00020|UFGC0034|2|EA|19690|KRW|39380|20180531|1300|
C|005186|2018|50004224460001|001|4300010426|00030|UALC0118|6000|EA|55000|KRW|660000|20180531|1300|
C|005186|2018|50004224460002|001|4300010426|00040|UALC0119|3000|EA|10000|KRW|60000|20180531|1300|
