C|005186|2020|50005440040001|001|4300015865|00010|KT990010|200|EA|3700|KRW|74000|20200123|1300|
C|005186|2020|50005440040002|001|4300015865|00030|KT080300|25.000|KG|13850|KRW|69250|20200123|1300|
C|005186|2020|50005440050001|001|4300015852|00020|UGBC1789|12|EA|420|KRW|5040|20200123|1300|
C|005186|2020|50005440050002|001|4300015852|00030|UGBC1790|36|EA|1330|KRW|47880|20200123|1300|
C|005186|2020|50005440050003|001|4300015852|00040|UGBC1791|24|EA|740|KRW|17760|20200123|1300|
C|005186|2020|50005440050004|001|4300015852|00050|UGBC1792|12|EA|12600|KRW|151200|20200123|1300|
C|005186|2020|50005440050005|001|4300015862|00040|UGCC1652|2|EA|367500|KRW|735000|20200123|1300|
C|005186|2020|50005440050006|001|4300015864|00020|UAJC0097|5|EA|13800|KRW|69000|20200123|1300|
C|005186|2020|50005440050007|001|4300015864|00030|UAJC0098|5|EA|19500|KRW|97500|20200123|1300|
C|005186|2020|50005440050008|001|4300015864|00070|UDDC3905|3|EA|85660|KRW|256980|20200123|1300|
C|005186|2020|50005440050009|001|4300015864|00080|UDDC3906|3|EA|102270|KRW|306810|20200123|1300|
C|005186|2020|50005440050010|001|4300015864|00090|UDDC3907|3|EA|128940|KRW|386820|20200123|1300|
C|005186|2020|50005440050011|001|4300015864|00100|UDDC3908|2|EA|92400|KRW|184800|20200123|1300|
C|005186|2020|50005440060001|001|4300015828|00010|UEAC0184|5|EA|1897400|KRW|1897400|20200123|1300|
C|005186|2020|50005440060002|001|4300015865|00040|KP150400|100|EA|17000|KRW|17000|20200123|1300|
C|005186|2020|50005440060003|001|4300015865|00050|KE050201|3|EA|8460|KRW|25380|20200123|1300|
C|005186|2020|50005440060004|001|4300015865|00060|KE110100|10|EA|124000|KRW|1240000|20200123|1300|
C|005186|2020|50005440070001|001|4300015829|00010|UHHC0078|1|EA|573300|KRW|573300|20200123|1300|
C|005186|2020|50005440070002|001|4300015829|00020|UHGC0320|5|EA|196100|KRW|196100|20200123|1300|
C|005186|2020|50005440070003|001|4300015829|00030|UHGC0314|10|EA|46640|KRW|93280|20200123|1300|
C|005186|2020|50005440070004|001|4300015829|00040|UHHC0036|1|EA|517860|KRW|517860|20200123|1300|
C|005186|2020|50005440070005|001|4300015829|00050|UHGC0053|10|EA|114700|KRW|229400|20200123|1300|
C|005186|2020|50005440070006|001|4300015829|00060|UHGC0291|10|EA|118500|KRW|237000|20200123|1300|
C|005186|2020|50005440070007|001|4300015829|00070|UAEC0240|1|EA|3330|KRW|3330|20200123|1300|
C|005186|2020|50005440070008|001|4300015829|00080|UHTC0123|10|EA|10500|KRW|10500|20200123|1300|
C|005186|2020|50005440070009|001|4300015830|00020|UHTC0802|10|EA|249100|KRW|498200|20200123|1300|
C|005186|2020|50005440070010|001|4300015830|00030|UHTC0772|20|EA|466400|KRW|466400|20200123|1300|
C|005186|2020|50005440070011|001|4300015830|00040|UHGC0365|5|EA|54500|KRW|272500|20200123|1300|
C|005186|2020|50005440070012|001|4300015831|00020|UHTC0209|1|EA|503480|KRW|503480|20200123|1300|
C|005186|2020|50005440070013|001|4300015832|00010|UHGC0367|1|EA|1220000|KRW|1220000|20200123|1300|
C|005186|2020|50005440070014|001|4300015833|00010|UHGC0367|1|EA|1220000|KRW|1220000|20200123|1300|
C|005186|2020|50005440070015|001|4300015859|00010|UHEC0033|5|EA|510000|KRW|510000|20200123|1300|
C|005186|2020|50005440070016|001|4300015859|00020|UHDC0146|100|EA|32000|KRW|32000|20200123|1300|
C|005186|2020|50005440070017|001|4300015859|00030|UHHC0208|5|EA|77910|KRW|77910|20200123|1300|
C|005186|2020|50005440070018|001|4300015859|00040|UHGC0323|5|EA|122500|KRW|122500|20200123|1300|
C|005186|2020|50005440070019|001|4300015859|00050|UHBC0008|1|EA|665260|KRW|665260|20200123|1300|
C|005186|2020|50005440070020|001|4300015860|00010|UHGC0254|1|EA|800000|KRW|800000|20200123|1300|
C|005186|2020|50005440070021|001|4300015860|00020|UHGC0281|2|EA|490000|KRW|980000|20200123|1300|
C|005186|2020|50005440070022|001|4300015861|00010|UHHC0206|1|EA|116600|KRW|116600|20200123|1300|
C|005186|2020|50005440070023|001|4300015861|00020|UGAC0078|4|EA|32750|KRW|131000|20200123|1300|
C|005186|2020|50005440070024|001|4300015861|00030|UHNC0081|1|EA|460000|KRW|460000|20200123|1300|
C|005186|2020|50005440070025|001|4300015861|00040|UHDC0066|5|EA|498750|KRW|498750|20200123|1300|
