C|005186|2014|50000627840001|001|4300001212|00280|UEBC0118|10|EA|2060|KRW|20600|20140315|1300|
C|005186|2014|50000627840002|001|4300001226|00020|KS061502|11|EA|2970|KRW|32670|20140315|1300|
C|005186|2014|50000627840003|001|4300001226|00030|KS061504|3|EA|4050|KRW|12150|20140315|1300|
C|005186|2014|50000627840004|001|4300001226|00040|KS066900|8|EA|1290|KRW|10320|20140315|1300|
C|005186|2014|50000627840005|001|4300001226|00050|KS066904|3|EA|2000|KRW|6000|20140315|1300|
C|005186|2014|50000627840006|001|4300001226|00060|KS067000|3|EA|1350|KRW|4050|20140315|1300|
C|005186|2014|50000627840007|001|4300001226|00070|KS067001|2|EA|1400|KRW|2800|20140315|1300|
C|005186|2014|50000627840008|001|4300001226|00080|KS067002|10|EA|1460|KRW|14600|20140315|1300|
C|005186|2014|50000627840009|001|4300001226|00090|KS067004|3|EA|2000|KRW|6000|20140315|1300|
C|005186|2014|50000627840010|001|4300001226|00100|KS067005|5|EA|2400|KRW|12000|20140315|1300|
C|005186|2014|50000627840011|001|4300001226|00110|KS067207|2|EA|5780|KRW|11560|20140315|1300|
C|005186|2014|50000627840012|001|4300001226|00120|KS067208|2|EA|7940|KRW|15880|20140315|1300|
C|005186|2014|50000627840013|001|4300001226|00130|KS067210|1|EA|14350|KRW|14350|20140315|1300|
C|005186|2014|50000627840014|001|4300001226|00140|KS080711|3|EA|32300|KRW|96900|20140315|1300|
C|005186|2014|50000627840015|001|4300001231|00060|UALC0109|6|EA|59800|KRW|358800|20140315|1300|
C|005186|2014|50000627840016|001|4300001231|00100|UAEC0293|3|EA|12080|KRW|36240|20140315|1300|
C|005186|2014|50000627840017|001|4300001231|00160|UAEC0363|2|EA|376215|KRW|752430|20140315|1300|
C|005186|2014|50000627840018|001|4300001231|00250|UEBC0066|2|EA|938700|KRW|1877400|20140315|1300|
C|005186|2014|50000627840019|001|4300001231|00280|UDAC0227|500|EA|630|KRW|315000|20140315|1300|
C|005186|2014|50000627850001|001|4300001148|00020|UDDC0131|10|EA|24360|KRW|243600|20140315|1300|
C|005186|2014|50000627850002|001|4300001148|00030|UDDC0136|10|EA|13545|KRW|135450|20140315|1300|
C|005186|2014|50000627850003|001|4300001176|00090|UDEC0044|1|EA|11920|KRW|11920|20140315|1300|
C|005186|2014|50000627850004|001|4300001176|00140|UDDC0087|1|EA|30870|KRW|30870|20140315|1300|
C|005186|2014|50000627850005|001|4300001176|00150|UDDC0353|1|EA|164210|KRW|164210|20140315|1300|
C|005186|2014|50000627850006|001|4300001177|00010|UGCC0659|1|EA|26250|KRW|26250|20140315|1300|
C|005186|2014|50000627850007|001|4300001177|00100|UGCC0658|1|EA|44220|KRW|44220|20140315|1300|
C|005186|2014|50000627850008|001|4300001182|00010|KS067005|30|EA|2400|KRW|72000|20140315|1300|
C|005186|2014|50000627850009|001|4300001182|00020|KS066904|30|EA|2000|KRW|60000|20140315|1300|
C|005186|2014|50000627850010|001|4300001182|00030|KS066905|10|EA|2260|KRW|22600|20140315|1300|
C|005186|2014|50000627850011|001|4300001193|00110|UAEC0399|5|EA|175000|KRW|875000|20140315|1300|
C|005186|2014|50000627850012|001|4300001193|00140|UAHC0050|20|EA|418|KRW|8360|20140315|1300|
C|005186|2014|50000627850013|001|4300001193|00150|UAHC0051|20|EA|870|KRW|17400|20140315|1300|
C|005186|2014|50000627850014|001|4300001193|00170|UAIC0037|6|EA|14900|KRW|89400|20140315|1300|
C|005186|2014|50000627850015|001|4300001193|00230|UAEC0324|34|EA|8630|KRW|293420|20140315|1300|
C|005186|2014|50000627850016|001|4300001207|00030|UEBC1151|5|EA|8700|KRW|43500|20140315|1300|
C|005186|2014|50000627850017|001|4300001207|00110|UEBC1148|1|EA|255000|KRW|255000|20140315|1300|
C|005186|2014|50000627850018|001|4300001207|00120|UEBC1149|8|EA|33000|KRW|264000|20140315|1300|
C|005186|2014|50000627850019|001|4300001207|00130|UEBC1150|4|EA|175000|KRW|700000|20140315|1300|
C|005186|2014|50000627850020|001|4300001207|00140|UEAC0154|1|EA|567000|KRW|567000|20140315|1300|
C|005186|2014|50000627860001|001|4300001193|00070|UKGC0022|10|EA|19100|KRW|191000|20140315|1300|
C|005186|2014|50000627870001|001|4300001193|00070|UKGC0022|80|EA|19100|KRW|1528000|20140315|1300|
C|005186|2014|50000627880001|001|4300001226|00010|KP100300|2|EA|31500|KRW|63000|20140315|1300|
C|005186|2014|50000627880002|001|4300001226|00150|KS990007|8|EA|51450|KRW|411600|20140315|1300|
C|005186|2014|50000627880003|001|4300001226|00160|KT020005|3|EA|5640|KRW|16920|20140315|1300|
C|005186|2014|50000627880004|001|4300001226|00170|KT020006|4|EA|6250|KRW|25000|20140315|1300|
C|005186|2014|50000627880005|001|4300001226|00180|KT020007|5|EA|6860|KRW|34300|20140315|1300|
C|005186|2014|50000627880006|001|4300001226|00190|KT020008|2|EA|8030|KRW|16060|20140315|1300|
C|005186|2014|50000627880007|001|4300001226|00200|KT020009|5|EA|8030|KRW|40150|20140315|1300|
C|005186|2014|50000627880008|001|4300001226|00210|KT020011|3|EA|10400|KRW|31200|20140315|1300|
C|005186|2014|50000627880009|001|4300001226|00220|KT020610|1|EA|29150|KRW|29150|20140315|1300|
C|005186|2014|50000627880010|001|4300001226|00230|KT020612|1|EA|44100|KRW|44100|20140315|1300|
C|005186|2014|50000627880011|001|4300001226|00240|KT020700|15|EA|2680|KRW|40200|20140315|1300|
C|005186|2014|50000627880012|001|4300001226|00250|KT020702|15|EA|470|KRW|7050|20140315|1300|
C|005186|2014|50000627880013|001|4300001226|00260|KT020704|45|EA|610|KRW|27450|20140315|1300|
C|005186|2014|50000627880014|001|4300001226|00270|KT020705|5|EA|1390|KRW|6950|20140315|1300|
C|005186|2014|50000627880015|001|4300001226|00280|KT080300|20.000|KG|2770|KRW|55400|20140315|1300|
C|005186|2014|50000627880016|001|4300001226|00290|KT080311|3|EA|72980|KRW|218940|20140315|1300|
C|005186|2014|50000627880017|001|4300001226|00300|KT080350|1|EA|4720|KRW|4720|20140315|1300|
C|005186|2014|50000627880018|001|4300001226|00310|KT080370|12|EA|760|KRW|9120|20140315|1300|
C|005186|2014|50000627880019|001|4300001226|00320|KT080371|30|EA|53|KRW|1590|20140315|1300|
C|005186|2014|50000627880020|001|4300001226|00330|KT080500|1|EA|26500|KRW|26500|20140315|1300|
C|005186|2014|50000627880021|001|4300001226|00340|KT990001|50|EA|510|KRW|25500|20140315|1300|
C|005186|2014|50000627880022|001|4300001226|00350|KT990010|100|EA|370|KRW|37000|20140315|1300|
C|005186|2014|50000627890001|001|4300001184|00010|UHTC0545|3|EA|150500|KRW|451500|20140315|1300|
C|005186|2014|50000627890002|001|4300001184|00020|UHGC0060|5|EA|16910|KRW|84550|20140315|1300|
C|005186|2014|50000627890003|001|4300001192|00010|UHGC0266|1|EA|80000|KRW|80000|20140315|1300|
C|005186|2014|50000627890004|001|4300001192|00020|UHDC0236|3|EA|10600|KRW|31800|20140315|1300|
C|005186|2014|50000627890005|001|4300001192|00030|UHTC0580|7|EA|144200|KRW|1009400|20140315|1300|
C|005186|2014|50000627890006|001|4300001192|00040|UHEC0028|3|EA|48500|KRW|145500|20140315|1300|
C|005186|2014|50000627890007|001|4300001192|00050|UHGC0267|1|EA|999000|KRW|999000|20140315|1300|
C|005186|2014|50000627890008|001|4300001192|00060|UHTC0581|2|EA|54200|KRW|108400|20140315|1300|
C|005186|2014|50000627890009|001|4300001192|00070|UHCC0042|3|EA|140000|KRW|420000|20140315|1300|
C|005186|2014|50000627890010|001|4300001192|00080|UCIC0178|1|EA|214000|KRW|214000|20140315|1300|
C|005186|2014|50000627890011|001|4300001192|00100|UHTC0565|10|EA|22100|KRW|221000|20140315|1300|
C|005186|2014|50000627890012|001|4300001192|00110|UHTC0566|10|EA|12630|KRW|126300|20140315|1300|
C|005186|2014|50000627890013|001|4300001192|00120|UHTC0578|5|EA|5800|KRW|29000|20140315|1300|
C|005186|2014|50000627890014|001|4300001192|00130|UHTC0579|5|EA|3500|KRW|17500|20140315|1300|
C|005186|2014|50000627890015|001|4300001192|00150|UHCC0041|1|EA|701200|KRW|701200|20140315|1300|
C|005186|2014|50000627890016|001|4300001192|00160|UHGC0264|1|EA|62100|KRW|62100|20140315|1300|
C|005186|2014|50000627890017|001|4300001192|00170|UCAC0292|1|EA|852000|KRW|852000|20140315|1300|
C|005186|2014|50000627890018|001|4300001192|00180|UHDC0233|20|EA|50500|KRW|1010000|20140315|1300|
C|005186|2014|50000627890019|001|4300001192|00190|UHDC0234|20|EA|1900|KRW|38000|20140315|1300|
C|005186|2014|50000627890020|001|4300001192|00200|UHDC0235|10|EA|92500|KRW|925000|20140315|1300|
C|005186|2014|50000627890021|001|4300001192|00210|UHGC0265|5|EA|34000|KRW|170000|20140315|1300|
C|005186|2014|50000627890022|001|4300001193|00040|UCKC0037|80|EA|14050|KRW|1124000|20140315|1300|
C|005186|2014|50000627890023|001|4300001212|00010|UGAC0097|1|EA|346850|KRW|346850|20140315|1300|
C|005186|2014|50000627890024|001|4300001212|00040|UGAC0006|30|EA|30030|KRW|900900|20140315|1300|
C|005186|2014|50000627890025|001|4300001212|00050|UHFC0074|20|EA|14805|KRW|296100|20140315|1300|
C|005186|2014|50000627890026|001|4300001212|00170|UGBC1379|20|EA|2000|KRW|40000|20140315|1300|
C|005186|2014|50000627890027|001|4300001212|00200|UCAC0293|3|EA|280000|KRW|840000|20140315|1300|
C|005186|2014|50000627890028|001|4300001212|00210|UHFC0402|5|EA|15800|KRW|79000|20140315|1300|
C|005186|2014|50000627890029|001|4300001212|00220|UGBC1381|5|EA|57500|KRW|287500|20140315|1300|
C|005186|2014|50000627900001|001|4300001231|00050|UKBC0010|2|EA|91480|KRW|182960|20140315|1300|
C|005186|2014|50000627900002|001|4300001231|00070|UAEC0380|1|EA|163800|KRW|163800|20140315|1300|
C|005186|2014|50000627900003|001|4300001231|00080|UAEC0029|40|EA|7500|KRW|300000|20140315|1300|
C|005186|2014|50000627900004|001|4300001231|00090|UGAC0063|5|EA|62790|KRW|313950|20140315|1300|
C|005186|2014|50000627900005|001|4300001231|00130|UBBC0006|2|EA|103370|KRW|206740|20140315|1300|
C|005186|2014|50000627900006|001|4300001231|00190|UKBC0014|1|EA|52500|KRW|52500|20140315|1300|
C|005186|2014|50000627900007|001|4300001231|00200|UKBC0010|2|EA|91480|KRW|182960|20140315|1300|
C|005186|2014|50000627900008|001|4300001231|00210|UEBC0577|1|EA|1580|KRW|1580|20140315|1300|
C|005186|2014|50000627900009|001|4300001231|00220|UEBC0580|4|EA|4840|KRW|19360|20140315|1300|
C|005186|2014|50000627900010|001|4300001231|00230|UAGC0039|50|EA|8450|KRW|422500|20140315|1300|
C|005186|2014|50000627900011|001|4300001231|00240|UGBC0348|40|EA|5100|KRW|204000|20140315|1300|
C|005186|2014|50000627900012|001|4300001231|00260|UALC0062|50|EA|4536|KRW|226800|20140315|1300|
C|005186|2014|50000627900013|001|4300001231|00270|UAJC0047|50|EA|470|KRW|23500|20140315|1300|
C|005186|2014|50000627900014|001|4300001231|00290|UGBC0752|20|EA|672|KRW|13440|20140315|1300|
C|005186|2014|50000627900015|001|4300001231|00300|UDAC0266|100|EA|4840|KRW|484000|20140315|1300|
C|005186|2014|50000627900016|001|4300001231|00310|UABC0025|1|EA|44740|KRW|44740|20140315|1300|
C|005186|2014|50000627900017|001|4300001231|00320|UAIC0013|1|EA|45680|KRW|45680|20140315|1300|
C|005186|2014|50000627910001|001|4300001207|00010|UGCC0872|2|EA|74200|KRW|148400|20140315|1300|
C|005186|2014|50000627910002|001|4300001207|00020|UGCC0873|2|EA|86300|KRW|172600|20140315|1300|
C|005186|2014|50000627910003|001|4300001207|00050|UGCC0874|1|EA|123000|KRW|123000|20140315|1300|
C|005186|2014|50000627910004|001|4300001207|00060|UGBC1382|10|EA|22000|KRW|220000|20140315|1300|
C|005186|2014|50000627910005|001|4300001207|00090|UGCC0867|1|EA|34600|KRW|34600|20140315|1300|
C|005186|2014|50000627910006|001|4300001207|00100|UGCC0868|10|EA|4100|KRW|41000|20140315|1300|
C|005186|2014|50000627910007|001|4300001211|00090|UGCC0384|6|EA|104600|KRW|627600|20140315|1300|
C|005186|2014|50000627910008|001|4300001211|00100|UGCC0361|2|EA|184280|KRW|368560|20140315|1300|
C|005186|2014|50000627910009|001|4300001211|00110|UGCC0765|1|EA|98300|KRW|98300|20140315|1300|
C|005186|2014|50000627910010|001|4300001211|00120|UGCC0211|10|EA|4000|KRW|40000|20140315|1300|
C|005186|2014|50000627910011|001|4300001212|00020|UGBC0912|5|EA|36225|KRW|181125|20140315|1300|
C|005186|2014|50000627910012|001|4300001212|00190|UGCC0871|3|EA|313000|KRW|939000|20140315|1300|
C|005186|2014|50000627910013|001|4300001216|00010|UHFC0179|3|EA|13650|KRW|40950|20140315|1300|
C|005186|2014|50000627920001|001|4300001207|00040|UEBC1152|2|EA|87000|KRW|174000|20140315|1300|
C|005186|2014|50000627920002|001|4300001207|00080|UGCC0875|18|EA|41000|KRW|738000|20140315|1300|
C|005186|2014|50000627920003|001|4300001211|00020|UDAC0083|2|EA|13500|KRW|27000|20140315|1300|
C|005186|2014|50000627920004|001|4300001211|00030|UDEC0106|5|EA|230000|KRW|1150000|20140315|1300|
C|005186|2014|50000627920005|001|4300001211|00040|UDBC0657|50|EA|100|KRW|5000|20140315|1300|
C|005186|2014|50000627920006|001|4300001211|00050|UDBC0651|50|EA|50|KRW|2500|20140315|1300|
C|005186|2014|50000627920007|001|4300001211|00060|UDBC0655|50|EA|55|KRW|2750|20140315|1300|
C|005186|2014|50000627920008|001|4300001211|00070|UDAC0246|100|EA|60|KRW|6000|20140315|1300|
C|005186|2014|50000627920009|001|4300001211|00080|UEBC0133|50|EA|2090|KRW|104500|20140315|1300|
C|005186|2014|50000627920010|001|4300001211|00130|UEBC0954|1|EA|152250|KRW|152250|20140315|1300|
C|005186|2014|50000627920011|001|4300001211|00140|UDDC0326|5|EA|27250|KRW|136250|20140315|1300|
C|005186|2014|50000627920012|001|4300001211|00150|UAGC0193|100|EA|3255|KRW|325500|20140315|1300|
C|005186|2014|50000627920013|001|4300001211|00160|UEBC0711|1|EA|11550|KRW|11550|20140315|1300|
C|005186|2014|50000627920014|001|4300001212|00030|UEBC0522|4|EA|13430|KRW|53720|20140315|1300|
C|005186|2014|50000627920015|001|4300001212|00060|UAGC0054|20|EA|700|KRW|14000|20140315|1300|
C|005186|2014|50000627920016|001|4300001212|00070|UAGC0055|20|EA|730|KRW|14600|20140315|1300|
C|005186|2014|50000627920017|001|4300001212|00080|UAGC0056|20|EA|770|KRW|15400|20140315|1300|
C|005186|2014|50000627920018|001|4300001212|00090|UAGC0057|20|EA|890|KRW|17800|20140315|1300|
C|005186|2014|50000627920019|001|4300001212|00100|UAGC0058|20|EA|1190|KRW|23800|20140315|1300|
C|005186|2014|50000627920020|001|4300001212|00110|UAGC0059|20|EA|1260|KRW|25200|20140315|1300|
C|005186|2014|50000627920021|001|4300001212|00120|UAGC0138|20|EA|6360|KRW|127200|20140315|1300|
C|005186|2014|50000627920022|001|4300001212|00130|UAGC0149|20|EA|4670|KRW|93400|20140315|1300|
C|005186|2014|50000627920023|001|4300001212|00140|UAGC0150|20|EA|4770|KRW|95400|20140315|1300|
C|005186|2014|50000627920024|001|4300001212|00150|UAGC0151|20|EA|5200|KRW|104000|20140315|1300|
C|005186|2014|50000627920025|001|4300001212|00160|UCHC0023|12|EA|100000|KRW|1200000|20140315|1300|
C|005186|2014|50000627920026|001|4300001212|00180|UGBC1380|2|EA|72500|KRW|145000|20140315|1300|
C|005186|2014|50000627920027|001|4300001212|00230|UEBC0467|4|EA|7875|KRW|31500|20140315|1300|
C|005186|2014|50000627920028|001|4300001212|00240|UAEC0378|1|EA|91350|KRW|91350|20140315|1300|
C|005186|2014|50000627920029|001|4300001212|00260|UGAC0065|1|EA|124800|KRW|124800|20140315|1300|
C|005186|2014|50000627920030|001|4300001212|00270|UKBC0010|1|EA|91480|KRW|91480|20140315|1300|
C|005186|2014|50000627920031|001|4300001216|00020|UAEC0114|1|EA|12290|KRW|12290|20140315|1300|
C|005186|2014|50000627920032|001|4300001216|00030|UAEC0014|1|EA|9000|KRW|9000|20140315|1300|
