C|005186|2016|50002802610001|001|4300005836|00010|CME0008|100|EA|1950|KRW|195000|20160830|1300|
C|005186|2016|50002802610002|001|4300005836|00020|CMA0001|200|EA|151|KRW|30200|20160830|1300|
C|005186|2016|50002802610003|001|4300005836|00030|CMA0007|100|EA|151|KRW|15100|20160830|1300|
C|005186|2016|50002802610004|001|4300005836|00040|CMA0015|100|EA|2520|KRW|252000|20160830|1300|
C|005186|2016|50002802610005|001|4300005836|00050|CMA0016|150|EA|2140|KRW|321000|20160830|1300|
C|005186|2016|50002802610006|001|4300005836|00060|CMB0001|240|EA|520|KRW|124800|20160830|1300|
C|005186|2016|50002802610007|001|4300005836|00070|CMB0002|120|EA|2100|KRW|252000|20160830|1300|
C|005186|2016|50002802610008|001|4300005836|00080|CMC0003|50|EA|310|KRW|15500|20160830|1300|
C|005186|2016|50002802610009|001|4300005836|00090|CMC0005|50|EA|150|KRW|7500|20160830|1300|
C|005186|2016|50002802610010|001|4300005836|00120|CME0010|100|EA|240|KRW|24000|20160830|1300|
C|005186|2016|50002802610011|001|4300005836|00130|CMF0001|10|EA|1950|KRW|19500|20160830|1300|
C|005186|2016|50002802610012|001|4300005836|00140|CMZ0014|1|EA|19000|KRW|19000|20160830|1300|
C|005186|2016|50002802610013|001|4300005838|00010|CMA0001|50|EA|151|KRW|7550|20160830|1300|
C|005186|2016|50002802610014|001|4300005838|00020|CMA0002|3|EA|1440|KRW|4320|20160830|1300|
C|005186|2016|50002802610015|001|4300005838|00030|CMA0007|250|EA|151|KRW|37750|20160830|1300|
C|005186|2016|50002802610016|001|4300005838|00040|CMB0001|200|EA|520|KRW|104000|20160830|1300|
C|005186|2016|50002802610017|001|4300005838|00050|CMZ0009|10|EA|920|KRW|9200|20160830|1300|
C|005186|2016|50002802610018|001|4300005838|00060|CMZ0014|1|EA|19000|KRW|19000|20160830|1300|
C|005186|2016|50002802610019|001|4300005838|00070|CMZ0032|5|EA|1300|KRW|6500|20160830|1300|
C|005186|2016|50002802610020|001|4300005840|00010|CMA0001|250|EA|151|KRW|37750|20160830|1300|
C|005186|2016|50002802610021|001|4300005840|00020|CMA0007|100|EA|151|KRW|15100|20160830|1300|
C|005186|2016|50002802610022|001|4300005840|00030|CMB0001|100|EA|520|KRW|52000|20160830|1300|
C|005186|2016|50002802610023|001|4300005840|00040|CMB0010|40|EA|1280|KRW|51200|20160830|1300|
C|005186|2016|50002802610024|001|4300005840|00050|CME0010|100|EA|240|KRW|24000|20160830|1300|
C|005186|2016|50002802610025|001|4300005840|00070|CMZ0014|1|EA|19000|KRW|19000|20160830|1300|
C|005186|2016|50002802610026|001|4300005841|00010|CMA0001|500|EA|151|KRW|75500|20160830|1300|
C|005186|2016|50002802610027|001|4300005841|00020|CMA0007|300|EA|151|KRW|45300|20160830|1300|
C|005186|2016|50002802610028|001|4300005841|00030|CMA0008|100|EA|470|KRW|47000|20160830|1300|
C|005186|2016|50002802610029|001|4300005841|00040|CMA0016|150|EA|2140|KRW|321000|20160830|1300|
C|005186|2016|50002802610030|001|4300005841|00050|CMA0017|100|EA|770|KRW|77000|20160830|1300|
C|005186|2016|50002802610031|001|4300005841|00060|CMB0010|480|EA|1280|KRW|614400|20160830|1300|
C|005186|2016|50002802610032|001|4300005841|00070|CME0002|50|EA|1100|KRW|55000|20160830|1300|
C|005186|2016|50002802610033|001|4300005841|00080|CME0005|10|EA|2600|KRW|26000|20160830|1300|
C|005186|2016|50002802610034|001|4300005841|00090|CME0008|50|EA|1950|KRW|97500|20160830|1300|
C|005186|2016|50002802610035|001|4300005841|00100|CME0010|200|EA|240|KRW|48000|20160830|1300|
C|005186|2016|50002802610036|001|4300005841|00110|CMF0004|4|EA|17000|KRW|68000|20160830|1300|
C|005186|2016|50002802610037|001|4300005841|00130|CMF0008|10|EA|1620|KRW|16200|20160830|1300|
C|005186|2016|50002802610038|001|4300005841|00140|CMF0009|10|EA|4950|KRW|49500|20160830|1300|
C|005186|2016|50002802610039|001|4300005841|00150|CMF0020|10|EA|650|KRW|6500|20160830|1300|
C|005186|2016|50002802610040|001|4300005841|00160|CMF0021|10|EA|3100|KRW|31000|20160830|1300|
C|005186|2016|50002802610041|001|4300005841|00180|CMZ0001|10|EA|760|KRW|7600|20160830|1300|
C|005186|2016|50002802610042|001|4300005841|00190|CMZ0004|10|EA|220|KRW|2200|20160830|1300|
C|005186|2016|50002802610043|001|4300005841|00200|CMZ0006|20|EA|1170|KRW|23400|20160830|1300|
C|005186|2016|50002802610044|001|4300005841|00210|CMZ0014|3|EA|19000|KRW|57000|20160830|1300|
C|005186|2016|50002802610045|001|4300005841|00220|CMZ0032|10|EA|1300|KRW|13000|20160830|1300|
C|005186|2016|50002802610046|001|4300005842|00010|CMA0001|600|EA|151|KRW|90600|20160830|1300|
C|005186|2016|50002802610047|001|4300005842|00020|CMA0007|100|EA|151|KRW|15100|20160830|1300|
C|005186|2016|50002802610048|001|4300005842|00030|CMA0008|10|EA|470|KRW|4700|20160830|1300|
C|005186|2016|50002802610049|001|4300005842|00040|CMB0010|240|EA|1280|KRW|307200|20160830|1300|
C|005186|2016|50002802610050|001|4300005842|00060|CME0002|100|EA|1100|KRW|110000|20160830|1300|
C|005186|2016|50002802610051|001|4300005842|00070|CME0010|100|EA|240|KRW|24000|20160830|1300|
C|005186|2016|50002802610052|001|4300005842|00080|CMF0001|20|EA|1950|KRW|39000|20160830|1300|
C|005186|2016|50002802610053|001|4300005842|00090|CMF0004|5|EA|17000|KRW|85000|20160830|1300|
C|005186|2016|50002802610054|001|4300005842|00110|CMF0013|10|EA|940|KRW|9400|20160830|1300|
C|005186|2016|50002802610055|001|4300005842|00130|CMZ0004|50|EA|220|KRW|11000|20160830|1300|
C|005186|2016|50002802610056|001|4300005844|00010|CMA0001|50|EA|151|KRW|7550|20160830|1300|
C|005186|2016|50002802610057|001|4300005844|00020|CMA0003|10|EA|1150|KRW|11500|20160830|1300|
C|005186|2016|50002802610058|001|4300005844|00030|CMA0007|50|EA|151|KRW|7550|20160830|1300|
C|005186|2016|50002802610059|001|4300005844|00040|CMA0008|20|EA|470|KRW|9400|20160830|1300|
C|005186|2016|50002802610060|001|4300005844|00050|CMA0017|20|EA|770|KRW|15400|20160830|1300|
C|005186|2016|50002802610061|001|4300005844|00060|CMB0003|50|EA|2200|KRW|110000|20160830|1300|
C|005186|2016|50002802610062|001|4300005844|00080|CMF0004|1|EA|17000|KRW|17000|20160830|1300|
C|005186|2016|50002802610063|001|4300005844|00100|CMF0006|20|EA|9500|KRW|190000|20160830|1300|
C|005186|2016|50002802610064|001|4300005844|00120|CMZ0005|40|EA|810|KRW|32400|20160830|1300|
C|005186|2016|50002802610065|001|4300005844|00130|CMZ0014|1|EA|19000|KRW|19000|20160830|1300|
C|005186|2016|50002802610066|001|4300005845|00010|CMA0001|500|EA|151|KRW|75500|20160830|1300|
C|005186|2016|50002802610067|001|4300005845|00020|CMA0005|10|EA|2000|KRW|20000|20160830|1300|
C|005186|2016|50002802610068|001|4300005845|00030|CMA0007|150|EA|151|KRW|22650|20160830|1300|
C|005186|2016|50002802610069|001|4300005845|00040|CMA0008|150|EA|470|KRW|70500|20160830|1300|
C|005186|2016|50002802610070|001|4300005845|00050|CMA0017|20|EA|770|KRW|15400|20160830|1300|
C|005186|2016|50002802610071|001|4300005845|00060|CMB0001|120|EA|520|KRW|62400|20160830|1300|
C|005186|2016|50002802610072|001|4300005845|00070|CMB0003|100|EA|2200|KRW|220000|20160830|1300|
C|005186|2016|50002802610073|001|4300005845|00080|CMB0010|100|EA|1280|KRW|128000|20160830|1300|
C|005186|2016|50002802610074|001|4300005845|00090|CMC0005|400|EA|150|KRW|60000|20160830|1300|
C|005186|2016|50002802610075|001|4300005845|00120|CME0002|10|EA|1100|KRW|11000|20160830|1300|
C|005186|2016|50002802610076|001|4300005845|00130|CME0008|10|EA|1950|KRW|19500|20160830|1300|
C|005186|2016|50002802610077|001|4300005845|00140|CME0010|50|EA|240|KRW|12000|20160830|1300|
C|005186|2016|50002802610078|001|4300005845|00150|CMF0001|5|EA|1950|KRW|9750|20160830|1300|
C|005186|2016|50002802610079|001|4300005845|00170|CMG0001|3|EA|1290|KRW|3870|20160830|1300|
C|005186|2016|50002802610080|001|4300005845|00180|CMZ0014|1|EA|19000|KRW|19000|20160830|1300|
C|005186|2016|50002802610081|001|4300005846|00010|CMA0001|200|EA|151|KRW|30200|20160830|1300|
C|005186|2016|50002802610082|001|4300005846|00020|CMA0002|2|EA|1440|KRW|2880|20160830|1300|
C|005186|2016|50002802610083|001|4300005846|00030|CMA0007|250|EA|151|KRW|37750|20160830|1300|
C|005186|2016|50002802610084|001|4300005846|00040|CMA0016|10|EA|2140|KRW|21400|20160830|1300|
C|005186|2016|50002802610085|001|4300005846|00050|CMB0002|100|EA|2100|KRW|210000|20160830|1300|
C|005186|2016|50002802610086|001|4300005846|00060|CMC0005|30|EA|150|KRW|4500|20160830|1300|
C|005186|2016|50002802610087|001|4300005846|00080|CME0001|13|EA|3300|KRW|42900|20160830|1300|
C|005186|2016|50002802610088|001|4300005846|00100|CMF0006|1|EA|9500|KRW|9500|20160830|1300|
C|005186|2016|50002802610089|001|4300005846|00120|CMZ0001|10|EA|760|KRW|7600|20160830|1300|
C|005186|2016|50002802610090|001|4300005846|00130|CMZ0004|10|EA|220|KRW|2200|20160830|1300|
C|005186|2016|50002802610091|001|4300005846|00140|CMZ0005|10|EA|810|KRW|8100|20160830|1300|
C|005186|2016|50002802610092|001|4300005846|00150|CMZ0006|2|EA|1170|KRW|2340|20160830|1300|
C|005186|2016|50002802610093|001|4300005847|00010|CMZ0009|20|EA|920|KRW|18400|20160830|1300|
C|005186|2016|50002802610094|001|4300005847|00020|CMZ0001|10|EA|760|KRW|7600|20160830|1300|
C|005186|2016|50002802610095|001|4300005847|00030|CMZ0002|10|EA|400|KRW|4000|20160830|1300|
C|005186|2016|50002802610096|001|4300005847|00040|CMZ0004|20|EA|220|KRW|4400|20160830|1300|
C|005186|2016|50002802610097|001|4300005847|00050|CMB0010|60|EA|1280|KRW|76800|20160830|1300|
C|005186|2016|50002802610098|001|4300005847|00060|CMB0002|40|EA|2100|KRW|84000|20160830|1300|
C|005186|2016|50002802610099|001|4300005847|00070|CMB0003|40|EA|2200|KRW|88000|20160830|1300|
C|005186|2016|50002802610100|001|4300005847|00080|CMB0001|100|EA|520|KRW|52000|20160830|1300|
C|005186|2016|50002802610101|001|4300005847|00090|CMC0005|30|EA|150|KRW|4500|20160830|1300|
C|005186|2016|50002802610102|001|4300005847|00100|CMC0003|30|EA|310|KRW|9300|20160830|1300|
C|005186|2016|50002802610103|001|4300005847|00110|CME0008|5|EA|1950|KRW|9750|20160830|1300|
C|005186|2016|50002802610104|001|4300005847|00120|CME0010|300|EA|240|KRW|72000|20160830|1300|
C|005186|2016|50002802610105|001|4300005847|00130|CMA0001|240|EA|151|KRW|36240|20160830|1300|
C|005186|2016|50002802610106|001|4300005847|00140|CMA0007|160|EA|151|KRW|24160|20160830|1300|
C|005186|2016|50002802610107|001|4300005847|00150|CMA0008|180|EA|470|KRW|84600|20160830|1300|
C|005186|2016|50002802610108|001|4300005847|00170|CMF0001|5|EA|1950|KRW|9750|20160830|1300|
C|005186|2016|50002802610109|001|4300005849|00010|CMA0001|700|EA|151|KRW|105700|20160830|1300|
C|005186|2016|50002802610110|001|4300005849|00020|CMA0007|400|EA|151|KRW|60400|20160830|1300|
C|005186|2016|50002802610111|001|4300005849|00030|CMA0008|50|EA|470|KRW|23500|20160830|1300|
C|005186|2016|50002802610112|001|4300005849|00040|CMA0017|50|EA|770|KRW|38500|20160830|1300|
C|005186|2016|50002802610113|001|4300005849|00050|CMB0001|60|EA|520|KRW|31200|20160830|1300|
C|005186|2016|50002802610114|001|4300005849|00060|CMB0002|120|EA|2100|KRW|252000|20160830|1300|
C|005186|2016|50002802610115|001|4300005849|00070|CMB0007|20|EA|760|KRW|15200|20160830|1300|
C|005186|2016|50002802610116|001|4300005849|00080|CMB0010|60|EA|1280|KRW|76800|20160830|1300|
C|005186|2016|50002802610117|001|4300005849|00090|CME0001|26|EA|3300|KRW|85800|20160830|1300|
C|005186|2016|50002802610118|001|4300005849|00100|CME0002|150|EA|1100|KRW|165000|20160830|1300|
C|005186|2016|50002802610119|001|4300005849|00110|CME0010|200|EA|240|KRW|48000|20160830|1300|
C|005186|2016|50002802610120|001|4300005849|00130|CMG0001|1|EA|1290|KRW|1290|20160830|1300|
C|005186|2016|50002802610121|001|4300005849|00140|CMG0002|1|EA|7060|KRW|7060|20160830|1300|
C|005186|2016|50002802610122|001|4300005849|00150|CMZ0002|20|EA|400|KRW|8000|20160830|1300|
C|005186|2016|50002802610123|001|4300005849|00160|CMZ0004|20|EA|220|KRW|4400|20160830|1300|
C|005186|2016|50002802610124|001|4300005849|00170|CMZ0009|100|EA|920|KRW|92000|20160830|1300|
C|005186|2016|50002802610125|001|4300005850|00010|CMA0001|500|EA|151|KRW|75500|20160830|1300|
C|005186|2016|50002802610126|001|4300005850|00020|CMA0007|300|EA|151|KRW|45300|20160830|1300|
C|005186|2016|50002802610127|001|4300005850|00030|CMA0008|200|EA|470|KRW|94000|20160830|1300|
C|005186|2016|50002802610128|001|4300005850|00040|CMB0001|200|EA|520|KRW|104000|20160830|1300|
C|005186|2016|50002802610129|001|4300005850|00050|CMB0010|300|EA|1280|KRW|384000|20160830|1300|
C|005186|2016|50002802610130|001|4300005850|00060|CMC0005|100|EA|150|KRW|15000|20160830|1300|
C|005186|2016|50002802610131|001|4300005850|00070|CME0008|40|EA|1950|KRW|78000|20160830|1300|
C|005186|2016|50002802610132|001|4300005850|00080|CME0010|200|EA|240|KRW|48000|20160830|1300|
C|005186|2016|50002802610133|001|4300005850|00090|CMF0001|10|EA|1950|KRW|19500|20160830|1300|
C|005186|2016|50002802610134|001|4300005850|00100|CMF0002|5|EA|860|KRW|4300|20160830|1300|
C|005186|2016|50002802610135|001|4300005850|00120|CMF0021|5|EA|3100|KRW|15500|20160830|1300|
C|005186|2016|50002802610136|001|4300005850|00170|CMZ0006|100|EA|1170|KRW|117000|20160830|1300|
C|005186|2016|50002802610137|001|4300005850|00200|CMF0003|5|EA|2020|KRW|10100|20160830|1300|
C|005186|2016|50002802610138|001|4300005850|00210|CMF0013|20|EA|940|KRW|18800|20160830|1300|
C|005186|2016|50002802610139|001|4300005898|00010|CMF0007|20|EA|1620|KRW|32400|20160830|1300|
C|005186|2016|50002802620001|001|4300005909|00030|UEBC1315|5|EA|23214|KRW|116070|20160830|1300|
C|005186|2016|50002802620002|001|4300005909|00040|UEBC1312|10|EA|3032|KRW|30320|20160830|1300|
C|005186|2016|50002802620003|001|4300005909|00050|UEBC1308|5|EA|9116|KRW|45580|20160830|1300|
C|005186|2016|50002802620004|001|4300005910|00040|UEBC1320|8|EA|18020|KRW|144160|20160830|1300|
C|005186|2016|50002802620005|001|4300005911|00050|UEBC0890|10|EA|12100|KRW|121000|20160830|1300|
C|005186|2016|50002802620006|001|4300005915|00050|UDBC0342|200|EA|38|KRW|7600|20160830|1300|
C|005186|2016|50002802620007|001|4300005915|00060|UDBC0347|200|EA|56|KRW|11200|20160830|1300|
C|005186|2016|50002802620008|001|4300005915|00080|UEBC1307|5|EA|8480|KRW|42400|20160830|1300|
C|005186|2016|50002802620009|001|4300005939|00130|UEBC1033|6|EA|25050|KRW|150300|20160830|1300|
C|005186|2016|50002802630001|001|4300005860|00010|UGCC1115|2|EA|562000|KRW|1124000|20160830|1300|
C|005186|2016|50002802630002|001|4300005860|00020|UGCC1116|3|EA|40300|KRW|120900|20160830|1300|
C|005186|2016|50002802630003|001|4300005860|00030|UGCC1117|20|EA|29700|KRW|594000|20160830|1300|
C|005186|2016|50002802630004|001|4300005860|00040|UGCC1118|3|EA|41400|KRW|124200|20160830|1300|
C|005186|2016|50002802630005|001|4300005869|00060|UGCC0408|2|EA|41475|KRW|82950|20160830|1300|
C|005186|2016|50002802630006|001|4300005869|00070|UGBC0887|1|EA|151200|KRW|151200|20160830|1300|
C|005186|2016|50002802630007|001|4300005870|00030|UGBC0421|1|EA|74550|KRW|74550|20160830|1300|
C|005186|2016|50002802630008|001|4300005870|00040|UGCC0961|1|EA|385000|KRW|385000|20160830|1300|
C|005186|2016|50002802630009|001|4300005870|00050|UGCC0413|1|EA|25900|KRW|25900|20160830|1300|
C|005186|2016|50002802630010|001|4300005871|00020|UGCC1074|3|EA|536000|KRW|1608000|20160830|1300|
C|005186|2016|50002802630011|001|4300005901|00030|UGCC1114|1|EA|365700|KRW|365700|20160830|1300|
C|005186|2016|50002802630012|001|4300005902|00030|UGBC0901|5|EA|135450|KRW|677250|20160830|1300|
C|005186|2016|50002802630013|001|4300005903|00010|UGBC0900|5|EA|135450|KRW|677250|20160830|1300|
C|005186|2016|50002802630014|001|4300005910|00080|UGBC0874|5|EA|99750|KRW|498750|20160830|1300|
C|005186|2016|50002802630015|001|4300005916|00030|UGBC1524|2|EA|270000|KRW|540000|20160830|1300|
