C|005186|2021|50006207020001|001|4300019504|00040|UGBC1699|100|EA|900|KRW|90000|20210219|1300|
C|005186|2021|50006207020002|001|4300019542|00010|KP150400|300|EA|170|KRW|51000|20210219|1300|
C|005186|2021|50006207020003|001|4300019567|00020|UAEC0112|2|EA|18210|KRW|36420|20210219|1300|
C|005186|2021|50006207020004|001|4300019567|00040|UAEC0255|1|EA|28850|KRW|28850|20210219|1300|
C|005186|2021|50006207020005|001|4300019567|00050|UAGC0250|15|EA|4550|KRW|68250|20210219|1300|
C|005186|2021|50006207020006|001|4300019567|00060|UBBC0006|1|EA|103370|KRW|103370|20210219|1300|
C|005186|2021|50006207020007|001|4300019568|00020|UDFC0018|1|EA|40950|KRW|40950|20210219|1300|
C|005186|2021|50006207020008|001|4300019570|00030|UAGC0039|10|EA|8450|KRW|84500|20210219|1300|
C|005186|2021|50006207020009|001|4300019571|00040|UAGC0387|1|EA|301350|KRW|301350|20210219|1300|
C|005186|2021|50006207020010|001|4300019571|00060|UAAC0010|1|EA|28320|KRW|28320|20210219|1300|
C|005186|2021|50006207020011|001|4300019595|00020|UDFC0118|2|EA|17870|KRW|35740|20210219|1300|
C|005186|2021|50006207020012|001|4300019595|00050|UIDC0111|1|EA|72450|KRW|72450|20210219|1300|
C|005186|2021|50006207020013|001|4300019595|00060|UIDC0107|1|EA|141120|KRW|141120|20210219|1300|
C|005186|2021|50006207030001|001|4300019496|00010|UHGC0139|2|EA|561750|KRW|1123500|20210219|1300|
C|005186|2021|50006207030002|001|4300019496|00040|UHGC0160|5|EA|118000|KRW|590000|20210219|1300|
C|005186|2021|50006207030003|001|4300019496|00050|UHGC0291|5|EA|23700|KRW|118500|20210219|1300|
C|005186|2021|50006207030004|001|4300019497|00010|UHHC0073|200|M|7140|KRW|1428000|20210219|1300|
C|005186|2021|50006207030005|001|4300019498|00010|UHGC0131|1|EA|606900|KRW|606900|20210219|1300|
C|005186|2021|50006207030006|001|4300019498|00020|UHBC0014|1|EA|1349250|KRW|1349250|20210219|1300|
C|005186|2021|50006207040001|001|4300019407|00060|UGBC0912|5|EA|36225|KRW|181125|20210219|1300|
C|005186|2021|50006207040002|001|4300019499|00030|UGCC0192|10|EA|95600|KRW|956000|20210219|1300|
C|005186|2021|50006207040003|001|4300019500|00010|UGBC0884|5|EA|126240|KRW|631200|20210219|1300|
C|005186|2021|50006207050001|001|4300019567|00070|UEBC1141|15|EA|36300|KRW|544500|20210219|1300|
C|005186|2021|50006207050002|001|4300019573|00010|KS067208|10|EA|7940|KRW|79400|20210219|1300|
C|005186|2021|50006207050003|001|4300019577|00010|UBBC0006|1|EA|103370|KRW|103370|20210219|1300|
C|005186|2021|50006207060001|001|4300019484|00020|UHTC0682|10|EA|56700|KRW|567000|20210219|1300|
C|005186|2021|50006207060002|001|4300019513|00010|UHTC0589|30|EA|20500|KRW|615000|20210219|1300|
C|005186|2021|50006207060003|001|4300019513|00020|UHTC0691|20|EA|35700|KRW|714000|20210219|1300|
C|005186|2021|50006207070001|001|4300019570|00010|UGBC0535|50|EA|7880|KRW|394000|20210219|1300|
C|005186|2021|50006207070002|001|4300019577|00020|UCIC0127|5|EA|54600|KRW|273000|20210219|1300|
C|005186|2021|50006207070003|001|4300019577|00030|UCIC0126|5|EA|35700|KRW|178500|20210219|1300|
C|005186|2021|50006207070004|001|4300019577|00040|UGBC1085|5|EA|12600|KRW|63000|20210219|1300|
C|005186|2021|50006207070005|001|4300019593|00010|UGBC1621|5|EA|328600|KRW|1643000|20210219|1300|
C|005186|2021|50006207070006|001|4300019594|00010|UGBC1621|5|EA|328600|KRW|1643000|20210219|1300|
C|005186|2021|50006207070007|001|4300019595|00010|UGBC0658|5|EA|160650|KRW|803250|20210219|1300|
C|005186|2021|50006207070008|001|4300019595|00070|UGBC0168|10|EA|1680|KRW|16800|20210219|1300|
C|005186|2021|50006207070009|001|4300019595|00080|UGBC1028|10|EA|2000|KRW|20000|20210219|1300|
