C|005186|2014|50000791210001|001|4300001482|00010|KH990100|4|EA|27220|KRW|108880|20140613|1300|
C|005186|2014|50000791210002|001|4300001482|00020|KH990101|6|EA|7250|KRW|43500|20140613|1300|
C|005186|2014|50000791210003|001|4300001482|00110|KT020004|3|EA|5600|KRW|16800|20140613|1300|
C|005186|2014|50000791210004|001|4300001482|00120|KT020006|3|EA|6250|KRW|18750|20140613|1300|
C|005186|2014|50000791210005|001|4300001482|00130|KT020500|10|EA|3110|KRW|31100|20140613|1300|
C|005186|2014|50000791210006|001|4300001482|00140|KT020600|3|EA|14910|KRW|44730|20140613|1300|
C|005186|2014|50000791210007|001|4300001482|00150|KT020612|1|EA|44100|KRW|44100|20140613|1300|
C|005186|2014|50000791210008|001|4300001482|00160|KT020613|1|EA|49000|KRW|49000|20140613|1300|
C|005186|2014|50000791210009|001|4300001482|00170|KT020700|20|EA|2680|KRW|53600|20140613|1300|
C|005186|2014|50000791210010|001|4300001482|00180|KT020702|25|EA|470|KRW|11750|20140613|1300|
C|005186|2014|50000791210011|001|4300001482|00190|KT020704|34|EA|610|KRW|20740|20140613|1300|
C|005186|2014|50000791210012|001|4300001482|00200|KT020705|5|EA|1390|KRW|6950|20140613|1300|
C|005186|2014|50000791210013|001|4300001482|00210|KT080110|2|EA|25440|KRW|50880|20140613|1300|
C|005186|2014|50000791210014|001|4300001482|00220|KT080300|20.000|KG|2770|KRW|55400|20140613|1300|
C|005186|2014|50000791210015|001|4300001482|00230|KT080311|1|EA|72980|KRW|72980|20140613|1300|
C|005186|2014|50000791210016|001|4300001482|00250|KT080520|10|EA|2760|KRW|27600|20140613|1300|
C|005186|2014|50000791210017|001|4300001482|00260|KT990001|190|EA|510|KRW|96900|20140613|1300|
C|005186|2014|50000791210018|001|4300001482|00270|KT990010|140|EA|370|KRW|51800|20140613|1300|
C|005186|2014|50000791240001|001|4300001482|00100|KS990007|3|EA|51450|KRW|154350|20140613|1300|
C|005186|2014|50000791240002|001|4300001483|00310|UADC0077|1|EA|5796|KRW|5796|20140613|1300|
C|005186|2014|50000791250001|001|4300001483|00050|UGAC0056|1|EA|139760|KRW|139760|20140613|1300|
C|005186|2014|50000791250002|001|4300001483|00080|UGAC0053|1|EA|69880|KRW|69880|20140613|1300|
C|005186|2014|50000791250003|001|4300001483|00090|UGAC0056|4|EA|139760|KRW|559040|20140613|1300|
C|005186|2014|50000791250004|001|4300001483|00100|UGAC0053|1|EA|69880|KRW|69880|20140613|1300|
C|005186|2014|50000791250005|001|4300001483|00110|UHTC0450|5|EA|3780|KRW|18900|20140613|1300|
C|005186|2014|50000791250006|001|4300001483|00130|UHTC0532|1|EA|13470|KRW|13470|20140613|1300|
C|005186|2014|50000791250007|001|4300001483|00510|UZZC0075|1|EA|50920|KRW|50920|20140613|1300|
C|005186|2014|50000791250008|001|4300001483|00560|UALC0006|100|EA|1733|KRW|173300|20140613|1300|
C|005186|2014|50000791250009|001|4300001483|00680|UHHC0140|2|EA|81690|KRW|163380|20140613|1300|
C|005186|2014|50000791250010|001|4300001483|00710|UHHC0140|2|EA|81690|KRW|163380|20140613|1300|
C|005186|2014|50000791260001|001|4300001466|00580|UEBC0241|10|EA|4410|KRW|44100|20140613|1300|
C|005186|2014|50000791260002|001|4300001466|00590|UEBC0258|10|EA|6330|KRW|63300|20140613|1300|
C|005186|2014|50000791260003|001|4300001466|00600|UEBC0260|10|EA|11210|KRW|112100|20140613|1300|
C|005186|2014|50000791260004|001|4300001466|00610|UEBC0124|10|EA|5800|KRW|58000|20140613|1300|
C|005186|2014|50000791260005|001|4300001466|00620|UEBC0820|10|EA|9810|KRW|98100|20140613|1300|
C|005186|2014|50000791260006|001|4300001466|00630|UEBC0361|4|EA|5020|KRW|20080|20140613|1300|
C|005186|2014|50000791260007|001|4300001466|00640|UCKC0094|1|EA|153700|KRW|153700|20140613|1300|
C|005186|2014|50000791260008|001|4300001466|00650|UEBC1019|10|EA|93700|KRW|937000|20140613|1300|
C|005186|2014|50000791270001|001|4300001483|00010|UCAC0294|4|EA|207700|KRW|830800|20140613|1300|
C|005186|2014|50000791270002|001|4300001483|00020|UADC0017|1|EA|15750|KRW|15750|20140613|1300|
C|005186|2014|50000791270003|001|4300001483|00030|UGCC0619|1|EA|221000|KRW|221000|20140613|1300|
C|005186|2014|50000791270004|001|4300001483|00040|UJCC0024|30|EA|4360|KRW|130800|20140613|1300|
C|005186|2014|50000791270005|001|4300001483|00140|UJAC0013|6|EA|4110|KRW|24660|20140613|1300|
C|005186|2014|50000791270006|001|4300001483|00150|UJAC0014|6|EA|4420|KRW|26520|20140613|1300|
C|005186|2014|50000791270007|001|4300001483|00160|UEBC0566|5|EA|176400|KRW|882000|20140613|1300|
C|005186|2014|50000791270008|001|4300001483|00170|UALC0050|30|EA|2210|KRW|66300|20140613|1300|
C|005186|2014|50000791270009|001|4300001483|00290|UDFC0122|10|EA|131300|KRW|1313000|20140613|1300|
C|005186|2014|50000791270010|001|4300001483|00330|UDBC0838|100|EA|550|KRW|55000|20140613|1300|
C|005186|2014|50000791270011|001|4300001483|00340|UDDC0327|1|EA|61540|KRW|61540|20140613|1300|
C|005186|2014|50000791270012|001|4300001483|00350|UDEC0049|1|EA|27510|KRW|27510|20140613|1300|
C|005186|2014|50000791270013|001|4300001483|00360|UEBC0515|3|EA|12180|KRW|36540|20140613|1300|
C|005186|2014|50000791270014|001|4300001483|00370|UDBC0550|10|EA|220|KRW|2200|20140613|1300|
C|005186|2014|50000791270015|001|4300001483|00380|UGBC1399|20|EA|1850|KRW|37000|20140613|1300|
C|005186|2014|50000791270016|001|4300001483|00390|UAEC0417|20|EA|16000|KRW|320000|20140613|1300|
C|005186|2014|50000791270017|001|4300001483|00400|UEBC1179|4|EA|12700|KRW|50800|20140613|1300|
C|005186|2014|50000791270018|001|4300001483|00410|UDDC0365|3|EA|73000|KRW|219000|20140613|1300|
C|005186|2014|50000791270019|001|4300001483|00420|UGCC0499|1|EA|100700|KRW|100700|20140613|1300|
C|005186|2014|50000791270020|001|4300001483|00430|UGCC0500|1|EA|100700|KRW|100700|20140613|1300|
C|005186|2014|50000791270021|001|4300001483|00440|UGBC0757|30|EA|966|KRW|28980|20140613|1300|
C|005186|2014|50000791270022|001|4300001483|00460|UEBC0481|1|EA|3050|KRW|3050|20140613|1300|
C|005186|2014|50000791270023|001|4300001483|00520|UAIC0034|2|EA|25230|KRW|50460|20140613|1300|
C|005186|2014|50000791270024|001|4300001483|00530|UEBC0898|3|EA|24885|KRW|74655|20140613|1300|
C|005186|2014|50000791270025|001|4300001483|00540|UZZC0025|30|EA|13200|KRW|396000|20140613|1300|
C|005186|2014|50000791270026|001|4300001483|00570|UALC0049|9|EA|22100|KRW|198900|20140613|1300|
C|005186|2014|50000791270027|001|4300001483|00590|UDBC0147|2000|EA|27|KRW|54000|20140613|1300|
C|005186|2014|50000791270028|001|4300001483|00600|UDBC0149|2000|EA|34|KRW|68000|20140613|1300|
C|005186|2014|50000791270029|001|4300001483|00670|UADC0036|1|EA|635250|KRW|635250|20140613|1300|
C|005186|2014|50000791270030|001|4300001483|00690|UZZC0116|30|EA|3030|KRW|90900|20140613|1300|
C|005186|2014|50000791270031|001|4300001483|00700|UAIC0013|2|EA|45680|KRW|91360|20140613|1300|
