C|005186|2018|50004529040001|001|4300011619|00010|KE030116|1|EA|157500|KRW|157500|20181031|1300|
C|005186|2018|50004529040002|001|4300011619|00020|KE030205|4|EA|31290|KRW|125160|20181031|1300|
C|005186|2018|50004529040003|001|4300011619|00030|KE050207|1|EA|6930|KRW|6930|20181031|1300|
C|005186|2018|50004529040004|001|4300011619|00040|KE090106|3|EA|15370|KRW|46110|20181031|1300|
C|005186|2018|50004529040005|001|4300011619|00050|KE090112|2|EA|16800|KRW|33600|20181031|1300|
C|005186|2018|50004529040006|001|4300011619|00060|KE090127|1|EA|34000|KRW|34000|20181031|1300|
C|005186|2018|50004529040007|001|4300011619|00070|KE090163|2|EA|41480|KRW|82960|20181031|1300|
C|005186|2018|50004529040008|001|4300011619|00080|KE110200|10|EA|65100|KRW|651000|20181031|1300|
C|005186|2018|50004529040009|001|4300011619|00090|KE230003|150|EA|46750|KRW|280500|20181031|1300|
C|005186|2018|50004529040010|001|4300011619|00100|KE231001|7|EA|16150|KRW|113050|20181031|1300|
C|005186|2018|50004529040011|001|4300011619|00110|KE231403|10|EA|1840|KRW|18400|20181031|1300|
C|005186|2018|50004529040012|001|4300011619|00120|KE270300|80|EA|9400|KRW|37600|20181031|1300|
C|005186|2018|50004529050001|001|4300011600|00070|UZZC0167|50|EA|13280|KRW|664000|20181031|1300|
C|005186|2018|50004529060001|001|4300011716|00010|UEBC1082|1|EA|205100|KRW|205100|20181031|1300|
C|005186|2018|50004529060002|001|4300011716|00020|UAJC0026|10|EA|42000|KRW|42000|20181031|1300|
C|005186|2018|50004529060003|001|4300011716|00030|UEBC0208|4|EA|113800|KRW|455200|20181031|1300|
C|005186|2018|50004529060004|001|4300011716|00040|UEBC0209|4|EA|164460|KRW|657840|20181031|1300|
C|005186|2018|50004529060005|001|4300011716|00050|UAIC0011|2|EA|15260|KRW|30520|20181031|1300|
C|005186|2018|50004529060006|001|4300011717|00010|UEBC1082|9|EA|205100|KRW|1845900|20181031|1300|
C|005186|2018|50004529070001|001|4300011678|00010|UGBC1423|5|EA|233000|KRW|1165000|20181031|1300|
C|005186|2018|50004529070002|001|4300011681|00040|UGCC1090|5|EA|71000|KRW|355000|20181031|1300|
C|005186|2018|50004529070003|001|4300011703|00040|UGCC0143|3|EA|12600|KRW|37800|20181031|1300|
C|005186|2018|50004529080001|001|4300011700|00010|UHTC0246|60|EA|169400|KRW|508200|20181031|1300|
C|005186|2018|50004529080002|001|4300011700|00020|UHTC0548|40|EA|84700|KRW|338800|20181031|1300|
C|005186|2018|50004529080003|001|4300011701|00020|UEBC1131|5|EA|165000|KRW|165000|20181031|1300|
C|005186|2018|50004529080004|001|4300011702|00030|UDAC0077|5|EA|5300|KRW|5300|20181031|1300|
C|005186|2018|50004529080005|001|4300011702|00040|UDBC0842|200|EA|19700|KRW|39400|20181031|1300|
C|005186|2018|50004529080006|001|4300011702|00050|UDBC0521|200|EA|41000|KRW|82000|20181031|1300|
C|005186|2018|50004529080007|001|4300011702|00060|UDBC0843|100|EA|34000|KRW|68000|20181031|1300|
C|005186|2018|50004529080008|001|4300011702|00080|UEAC0199|2|EA|104900|KRW|209800|20181031|1300|
C|005186|2018|50004529080009|001|4300011702|00110|UEBC0328|1|EA|60900|KRW|60900|20181031|1300|
C|005186|2018|50004529080010|001|4300011703|00010|UGCC0189|1|EA|32250|KRW|32250|20181031|1300|
C|005186|2018|50004529080011|001|4300011703|00050|UZZC0044|40|EA|79800|KRW|319200|20181031|1300|
C|005186|2018|50004529080012|001|4300011708|00010|UGBC0520|20|EA|126000|KRW|252000|20181031|1300|
C|005186|2018|50004529080013|001|4300011708|00020|UGBC0647|1|EA|385000|KRW|385000|20181031|1300|
C|005186|2018|50004529080014|001|4300011708|00030|UGBC0201|5|EA|194250|KRW|194250|20181031|1300|
C|005186|2018|50004529080015|001|4300011708|00040|UGBC1203|5|EA|168000|KRW|168000|20181031|1300|
C|005186|2018|50004529080016|001|4300011708|00050|UGBC0274|2|EA|231000|KRW|231000|20181031|1300|
C|005186|2018|50004529090001|001|4300011602|00020|UJCC0043|5000|EA|210000|KRW|210000|20181031|1300|
C|005186|2018|50004529090002|001|4300011702|00090|UKDC0001|2|EA|38420|KRW|76840|20181031|1300|
C|005186|2018|50004529090003|001|4300011702|00100|UAEC0389|2|EA|14400|KRW|28800|20181031|1300|
C|005186|2018|50004529090004|001|4300011703|00030|UAAC0010|2|EA|28320|KRW|56640|20181031|1300|
C|005186|2018|50004529100001|001|4300011761|00040|UAGC0193|50|EA|162750|KRW|162750|20181031|1300|
C|005186|2018|50004529100002|001|4300011761|00070|UAEC0038|2|EA|4520|KRW|9040|20181031|1300|
C|005186|2018|50004529100003|001|4300011761|00080|UAEC0037|2|EA|4520|KRW|9040|20181031|1300|
C|005186|2018|50004529110001|001|4300011752|00020|UAIC0002|10|EA|18400|KRW|36800|20181031|1300|
C|005186|2018|50004529110002|001|4300011752|00030|UAGC0023|20|EA|16600|KRW|33200|20181031|1300|
C|005186|2018|50004529110003|001|4300011752|00040|UAEC0321|1|EA|120000|KRW|120000|20181031|1300|
C|005186|2018|50004529110004|001|4300011752|00060|UAEC0249|3|EA|3450|KRW|10350|20181031|1300|
C|005186|2018|50004529110005|001|4300011752|00070|UAEC0250|3|EA|3930|KRW|11790|20181031|1300|
C|005186|2018|50004529110006|001|4300011752|00080|UAEC0267|2|EA|12718|KRW|12718|20181031|1300|
C|005186|2018|50004529110007|001|4300011752|00090|UAAC0029|20|EA|18900|KRW|37800|20181031|1300|
C|005186|2018|50004529110008|001|4300011752|00100|UAEC0095|1|EA|22630|KRW|22630|20181031|1300|
C|005186|2018|50004529110009|001|4300011752|00110|UAEC0048|1|EA|12600|KRW|12600|20181031|1300|
C|005186|2018|50004529110010|001|4300011752|00120|UAEC0014|1|EA|9000|KRW|9000|20181031|1300|
C|005186|2018|50004529110011|001|4300011753|00010|UAEC0056|2|EA|18000|KRW|18000|20181031|1300|
C|005186|2018|50004529110012|001|4300011753|00020|UABC0021|1|EA|14490|KRW|14490|20181031|1300|
C|005186|2018|50004529110013|001|4300011753|00060|UIEC0035|10|EA|37800|KRW|378000|20181031|1300|
C|005186|2018|50004529110014|001|4300011753|00100|UAEC0139|3|EA|11150|KRW|33450|20181031|1300|
C|005186|2018|50004529110015|001|4300011761|00030|UGBC0465|100|EA|127000|KRW|127000|20181031|1300|
C|005186|2018|50004529120001|001|4300011679|00030|UDDC0378|1|EA|519600|KRW|519600|20181031|1300|
C|005186|2018|50004529120002|001|4300011702|00010|UDDC0120|2|EA|2320|KRW|4640|20181031|1300|
C|005186|2018|50004529120003|001|4300011702|00020|UDFC0103|1|EA|17330|KRW|17330|20181031|1300|
C|005186|2018|50004529120004|001|4300011702|00070|UDDC0190|1|EA|7350|KRW|7350|20181031|1300|
C|005186|2018|50004529120005|001|4300011708|00060|UDFC0018|1|EA|40950|KRW|40950|20181031|1300|
C|005186|2018|50004529120006|001|4300011715|00010|UEBC0216|4|EA|246440|KRW|985760|20181031|1300|
C|005186|2018|50004529120007|001|4300011748|00060|KS061505|10|EA|6230|KRW|62300|20181031|1300|
C|005186|2018|50004529120008|001|4300011749|00010|UFDC0002|8|EA|181650|KRW|1453200|20181031|1300|
C|005186|2018|50004529120009|001|4300011750|00010|UGCC0578|5|EA|19160|KRW|95800|20181031|1300|
C|005186|2018|50004529120010|001|4300011752|00050|UEBC0193|60|EA|346600|KRW|1039800|20181031|1300|
C|005186|2018|50004529120011|001|4300011753|00030|UAEC0233|1|EA|111830|KRW|111830|20181031|1300|
C|005186|2018|50004529120012|001|4300011753|00040|UAEC0234|1|EA|61580|KRW|61580|20181031|1300|
C|005186|2018|50004529120013|001|4300011753|00070|UZZC0115|2|EA|42100|KRW|84200|20181031|1300|
C|005186|2018|50004529120014|001|4300011753|00080|UALC0117|200|EA|126000|KRW|252000|20181031|1300|
C|005186|2018|50004529120015|001|4300011753|00090|UDFC0174|60|EA|31800|KRW|95400|20181031|1300|
C|005186|2018|50004529120016|001|4300011761|00010|UDAC0012|200|EA|300000|KRW|600000|20181031|1300|
C|005186|2018|50004529120017|001|4300011761|00050|UEBC1122|15|EA|15100|KRW|45300|20181031|1300|
C|005186|2018|50004529120018|001|4300011761|00060|UCKC0058|1|EA|343200|KRW|343200|20181031|1300|
C|005186|2018|50004529130001|001|4300011761|00090|UZZC0035|8|EA|1010|KRW|8080|20181031|1300|
C|005186|2018|50004529140001|001|4300011751|00010|UHAC0011|1|EA|695000|KRW|695000|20181031|1300|
C|005186|2018|50004529140002|001|4300011751|00020|UHGC0330|2|EA|257250|KRW|514500|20181031|1300|
C|005186|2018|50004529140003|001|4300011751|00030|UHBC0022|1|EA|430360|KRW|430360|20181031|1300|
C|005186|2018|50004529140004|001|4300011751|00040|UHGC0294|2|EA|96460|KRW|192920|20181031|1300|
C|005186|2018|50004529140005|001|4300011753|00050|UHFC0235|3|EA|12800|KRW|38400|20181031|1300|
C|005186|2018|50004529140006|001|4300011754|00010|UHGC0331|5|EA|249900|KRW|1249500|20181031|1300|
C|005186|2018|50004529140007|001|4300011754|00030|UDCC0035|5|EA|22100|KRW|110500|20181031|1300|
C|005186|2018|50004529140008|001|4300011754|00040|UHTC0576|10|EA|347300|KRW|347300|20181031|1300|
C|005186|2018|50004529140009|001|4300011754|00050|UHTC0578|10|EA|29000|KRW|58000|20181031|1300|
C|005186|2018|50004529140010|001|4300011755|00010|UHCC0039|2|EA|395800|KRW|791600|20181031|1300|
C|005186|2018|50004529140011|001|4300011755|00020|UHTC0440|10|EA|411000|KRW|822000|20181031|1300|
C|005186|2018|50004529140012|001|4300011755|00030|UHTC0403|2|EA|89400|KRW|178800|20181031|1300|
C|005186|2018|50004529140013|001|4300011756|00010|UDFC0003|10|EA|2220|KRW|22200|20181031|1300|
C|005186|2018|50004529140014|001|4300011756|00020|UDBC0642|10|EA|1420|KRW|14200|20181031|1300|
C|005186|2018|50004529140015|001|4300011756|00030|UHFC0441|40|EA|16430|KRW|657200|20181031|1300|
C|005186|2018|50004529140016|001|4300011756|00040|UHTC0772|40|EA|466400|KRW|932800|20181031|1300|
C|005186|2018|50004529140017|001|4300011756|00050|UHTC0827|20|EA|105400|KRW|210800|20181031|1300|
C|005186|2018|50004529140018|001|4300011757|00010|UHFC0447|20|EA|94900|KRW|379600|20181031|1300|
C|005186|2018|50004529140019|001|4300011757|00020|UHHC0156|1|EA|940800|KRW|940800|20181031|1300|
C|005186|2018|50004529140020|001|4300011757|00030|UHHC0069|1|EA|412650|KRW|412650|20181031|1300|
C|005186|2018|50004529140021|001|4300011759|00010|UHHC0211|50|EA|38000|KRW|1900000|20181031|1300|
C|005186|2018|50004529140022|001|4300011760|00010|UHHC0211|50|EA|38000|KRW|1900000|20181031|1300|
C|005186|2018|50004529140023|001|4300011761|00020|UHHC0212|10|EA|48000|KRW|480000|20181031|1300|
C|005186|2018|50004529150001|001|4300011748|00010|KE231406|17|EA|7140|KRW|121380|20181031|1300|
C|005186|2018|50004529150002|001|4300011748|00020|KE270302|8|EA|6900|KRW|55200|20181031|1300|
C|005186|2018|50004529150003|001|4300011748|00030|KE281401|100|EA|840|KRW|84000|20181031|1300|
C|005186|2018|50004529150004|001|4300011748|00040|KE270300|100|EA|9400|KRW|47000|20181031|1300|
C|005186|2018|50004529150005|001|4300011748|00050|KE030116|10|EA|157500|KRW|1575000|20181031|1300|
C|005186|2018|50004529160001|001|4300011705|00010|UHGC0053|10|EA|114700|KRW|229400|20181031|1300|
C|005186|2018|50004529160002|001|4300011705|00020|UHGC0290|10|EA|127000|KRW|254000|20181031|1300|
C|005186|2018|50004529160003|001|4300011705|00030|UHGC0295|5|EA|180200|KRW|180200|20181031|1300|
C|005186|2018|50004529160004|001|4300011705|00040|UHGC0324|5|EA|34750|KRW|34750|20181031|1300|
C|005186|2018|50004529160005|001|4300011705|00050|UHHC0119|5|EA|34650|KRW|34650|20181031|1300|
C|005186|2018|50004529160006|001|4300011705|00070|UHFC0109|20|EA|13000|KRW|26000|20181031|1300|
C|005186|2018|50004529160007|001|4300011705|00080|UHHC0071|1|EA|573300|KRW|573300|20181031|1300|
C|005186|2018|50004529160008|001|4300011705|00090|UFJC0010|4|EA|58940|KRW|235760|20181031|1300|
C|005186|2018|50004529160009|001|4300011705|00100|UHTC0397|4|EA|53530|KRW|214120|20181031|1300|
C|005186|2018|50004529160010|001|4300011706|00010|UHHC0085|1|EA|1011150|KRW|1011150|20181031|1300|
C|005186|2018|50004529160011|001|4300011706|00020|UHHC0082|1|EA|955500|KRW|955500|20181031|1300|
C|005186|2018|50004529160012|001|4300011707|00010|UHGC0339|4|EA|315000|KRW|1260000|20181031|1300|
C|005186|2018|50004529160013|001|4300011707|00020|UHFC0308|4|EA|68250|KRW|273000|20181031|1300|
C|005186|2018|50004529170001|001|4300011456|00010|UGCC0794|6|EA|212500|KRW|1275000|20181031|1300|
C|005186|2018|50004529170002|001|4300011701|00010|UGBC1426|5|EA|243000|KRW|1215000|20181031|1300|
C|005186|2018|50004529170003|001|4300011778|00010|UGCC0657|5|EA|26500|KRW|132500|20181031|1300|
C|005186|2018|50004529170004|001|4300011784|00040|UICC0061|1|EA|4540|KRW|4540|20181031|1300|
C|005186|2018|50004529170005|001|4300011785|00010|UICC0061|1|EA|4540|KRW|4540|20181031|1300|
C|005186|2018|50004529180001|001|4300011703|00020|UJAC0009|1|EA|12075|KRW|12075|20181031|1300|
C|005186|2018|50004529180002|001|4300011782|00010|UAGC0193|100|EA|162750|KRW|325500|20181031|1300|
C|005186|2018|50004529180003|001|4300011782|00070|UAEC0006|3|EA|3150|KRW|9450|20181031|1300|
C|005186|2018|50004529180004|001|4300011782|00080|UAEC0007|3|EA|4630|KRW|13890|20181031|1300|
C|005186|2018|50004529190001|001|4300011705|00060|UHTC0711|3|EA|30500|KRW|91500|20181031|1300|
C|005186|2018|50004529190002|001|4300011752|00010|UHTC0804|10|EA|583000|KRW|583000|20181031|1300|
C|005186|2018|50004529190003|001|4300011754|00020|UHDC0258|5|EA|158500|KRW|158500|20181031|1300|
C|005186|2018|50004529200001|001|4300011617|00010|UHTC0263|2|EA|317600|KRW|635200|20181031|1300|
C|005186|2018|50004529200002|001|4300011617|00020|UHTC0742|2|EA|273690|KRW|547380|20181031|1300|
C|005186|2018|50004529200003|001|4300011758|00010|UCKC0086|6|EA|305200|KRW|1831200|20181031|1300|
C|005186|2018|50004529210001|001|4300011817|00020|UZZC0069|1|EA|166950|KRW|166950|20181101|1300|
C|005186|2018|50004529220001|001|4300011787|00010|UHTC0851|3|EA|31500|KRW|94500|20181031|1300|
C|005186|2018|50004529220002|001|4300011787|00020|UHTC0800|5|EA|795000|KRW|795000|20181031|1300|
C|005186|2018|50004529220003|001|4300011787|00030|UHGC0247|10|EA|16950|KRW|169500|20181031|1300|
C|005186|2018|50004529220004|001|4300011788|00010|UHGC0114|7|EA|257000|KRW|1799000|20181031|1300|
C|005186|2018|50004529220005|001|4300011789|00010|UHHC0199|80|EA|1824000|KRW|1824000|20181031|1300|
C|005186|2018|50004529220006|001|4300011790|00010|UHHC0211|50|EA|38000|KRW|1900000|20181031|1300|
C|005186|2018|50004529220007|001|4300011791|00010|UHHC0211|50|EA|38000|KRW|1900000|20181031|1300|
