C|005186|2019|50005210990001|001|4300014604|00010|UHGC0317|3|EA|318000|KRW|954000|20190930|1300|
C|005186|2019|50005210990002|001|4300014604|00020|UHTC0802|5|EA|249100|KRW|249100|20190930|1300|
C|005186|2019|50005210990003|001|4300014604|00030|UHFC0128|1|EA|525000|KRW|525000|20190930|1300|
C|005186|2019|50005210990004|001|4300014604|00040|UHFC0345|100|EA|63500|KRW|127000|20190930|1300|
C|005186|2019|50005210990005|001|4300014604|00050|UHFC0346|50|EA|99750|KRW|99750|20190930|1300|
C|005186|2019|50005210990006|001|4300014605|00010|UHNC0018|1|EA|1111950|KRW|1111950|20190930|1300|
C|005186|2019|50005210990007|001|4300014605|00020|UHTC0438|10|EA|174000|KRW|348000|20190930|1300|
C|005186|2019|50005210990008|001|4300014605|00030|UHTC0047|3|EA|132500|KRW|397500|20190930|1300|
C|005186|2019|50005210990009|001|4300014606|00010|UHFC0246|1|EA|1848000|KRW|1848000|20190930|1300|
C|005186|2019|50005210990010|001|4300014607|00010|UHFC0295|10|EA|170000|KRW|170000|20190930|1300|
C|005186|2019|50005210990011|001|4300014607|00020|UHGC0294|5|EA|96460|KRW|482300|20190930|1300|
C|005186|2019|50005210990012|001|4300014607|00030|UHGC0269|3|EA|416850|KRW|1250550|20190930|1300|
C|005186|2019|50005210990013|001|4300014608|00010|UHGC0331|5|EA|249900|KRW|1249500|20190930|1300|
C|005186|2019|50005210990014|001|4300014608|00020|UHFC0119|5|EA|57750|KRW|288750|20190930|1300|
C|005186|2019|50005210990015|001|4300014608|00030|UHDC0229|2|EA|40510|KRW|81020|20190930|1300|
C|005186|2019|50005210990016|001|4300014608|00040|UHDC0147|100|EA|37000|KRW|37000|20190930|1300|
C|005186|2019|50005210990017|001|4300014608|00050|UHGC0246|10|EA|109500|KRW|219000|20190930|1300|
C|005186|2019|50005210990018|001|4300014608|00060|UHGC0291|5|EA|118500|KRW|118500|20190930|1300|
C|005186|2019|50005210990019|001|4300014609|00010|UHFC0018|10|EA|876800|KRW|876800|20190930|1300|
C|005186|2019|50005211000001|001|4300014601|00040|UBCC0038|10|EA|89500|KRW|179000|20190930|1300|
C|005186|2019|50005211000002|001|4300014602|00010|UCIC0042|2|EA|143100|KRW|286200|20190930|1300|
C|005186|2019|50005211000003|001|4300014602|00020|UGBC1306|2|EA|284210|KRW|568420|20190930|1300|
C|005186|2019|50005211000004|001|4300014602|00030|UGBC0184|2|EA|189000|KRW|378000|20190930|1300|
C|005186|2019|50005211000005|001|4300014611|00040|UGBC1249|1|EA|187400|KRW|187400|20190930|1300|
C|005186|2019|50005211000006|001|4300014620|00180|UAJC0052|100|EA|8100|KRW|81000|20190930|1300|
C|005186|2019|50005211000007|001|4300014632|00010|UGBC1459|2|EA|211000|KRW|422000|20190930|1300|
C|005186|2019|50005211000008|001|4300014632|00030|UCIC0061|1|EA|337890|KRW|337890|20190930|1300|
C|005186|2019|50005211010001|001|4300014613|00010|UHFC0410|30|EA|89500|KRW|537000|20190930|1300|
C|005186|2019|50005211020001|001|4300014614|00070|UCKC0133|4|EA|1054000|KRW|1054000|20190930|1300|
C|005186|2019|50005211020002|001|4300014614|00090|UCIC0002|20|EA|9500|KRW|19000|20190930|1300|
C|005186|2019|50005211020003|001|4300014632|00020|UCHC0006|1|EA|157800|KRW|157800|20190930|1300|
C|005186|2019|50005211020004|001|4300014636|00010|UIDC0143|2|EA|437220|KRW|874440|20190930|1300|
C|005186|2019|50005211030001|001|4300014599|00020|UZZC0159|10|EA|73500|KRW|147000|20190930|1300|
C|005186|2019|50005211030002|001|4300014653|00020|UIDC0013|32|EA|15750|KRW|504000|20190930|1300|
C|005186|2019|50005211030003|001|4300014653|00060|UIDC0110|1|EA|65100|KRW|65100|20190930|1300|
C|005186|2019|50005211030004|001|4300014653|00210|UGCC0288|60|EA|7560|KRW|22680|20190930|1300|
C|005186|2019|50005211030005|001|4300014653|00220|UGCC0286|40|EA|16380|KRW|32760|20190930|1300|
C|005186|2019|50005211030006|001|4300014657|00090|UDDC0036|5|EA|9700|KRW|9700|20190930|1300|
C|005186|2019|50005211030007|001|4300014658|00020|UDFC0100|1|EA|29400|KRW|29400|20190930|1300|
C|005186|2019|50005211030008|001|4300014660|00070|UHTC0246|40|EA|169400|KRW|338800|20190930|1300|
C|005186|2019|50005211030009|001|4300014660|00110|UJAC0011|3|EA|9100|KRW|27300|20190930|1300|
C|005186|2019|50005211030010|001|4300014661|00080|UAJC0075|50|EA|36000|KRW|36000|20190930|1300|
C|005186|2019|50005211030011|001|4300014661|00090|UHTC0833|4|EA|79690|KRW|318760|20190930|1300|
C|005186|2019|50005211030012|001|4300014663|00010|UKBC0016|12|EA|10110|KRW|121320|20190930|1300|
C|005186|2019|50005211040001|001|4300014660|00020|UZZC0014|20|EA|4730|KRW|9460|20190930|1300|
C|005186|2019|50005211040002|001|4300014660|00030|UICC0032|1|EA|10290|KRW|10290|20190930|1300|
C|005186|2019|50005211040003|001|4300014660|00080|UGAC0052|2|EA|57170|KRW|114340|20190930|1300|
C|005186|2019|50005211040004|001|4300014661|00050|UHTC0771|4|EA|18600|KRW|74400|20190930|1300|
C|005186|2019|50005211040005|001|4300014664|00020|UHTC0486|2|EA|46410|KRW|92820|20190930|1300|
C|005186|2019|50005211050001|001|4300014497|00010|UHTC0571|2|EA|284240|KRW|568480|20190930|1300|
C|005186|2019|50005211060001|001|4300014651|00010|UAEC0497|3|EA|14440|KRW|43320|20190930|1300|
C|005186|2019|50005211060002|001|4300014653|00200|UAGC0546|4|EA|17160|KRW|68640|20190930|1300|
C|005186|2019|50005211060003|001|4300014657|00060|UAEC0048|1|EA|12600|KRW|12600|20190930|1300|
C|005186|2019|50005211060004|001|4300014657|00110|UAEC0256|2|EA|19640|KRW|39280|20190930|1300|
C|005186|2019|50005211060005|001|4300014658|00010|UGBC1344|2|EA|509000|KRW|1018000|20190930|1300|
C|005186|2019|50005211060006|001|4300014660|00050|UAEC0145|2|EA|208420|KRW|416840|20190930|1300|
C|005186|2019|50005211060007|001|4300014660|00060|UAEC0146|4|EA|84210|KRW|336840|20190930|1300|
C|005186|2019|50005211060008|001|4300014661|00020|UAEC0027|1|EA|22580|KRW|22580|20190930|1300|
C|005186|2019|50005211060009|001|4300014661|00030|UAEC0026|1|EA|10940|KRW|10940|20190930|1300|
C|005186|2019|50005211060010|001|4300014661|00040|UAEC0078|1|EA|10530|KRW|10530|20190930|1300|
C|005186|2019|50005211060011|001|4300014661|00060|UAEC0026|3|EA|10940|KRW|32820|20190930|1300|
C|005186|2019|50005211070001|001|4300014653|00070|UAEC0464|10|EA|5300|KRW|5300|20190930|1300|
C|005186|2019|50005211070002|001|4300014653|00080|UAGC0112|10|EA|6900|KRW|6900|20190930|1300|
C|005186|2019|50005211070003|001|4300014653|00090|UAGC0265|10|EA|920|KRW|9200|20190930|1300|
C|005186|2019|50005211070004|001|4300014653|00100|UAGC0266|10|EA|10500|KRW|10500|20190930|1300|
C|005186|2019|50005211070005|001|4300014653|00110|UAGC0267|10|EA|1050|KRW|10500|20190930|1300|
C|005186|2019|50005211070006|001|4300014653|00120|UAGC0268|10|EA|1160|KRW|11600|20190930|1300|
C|005186|2019|50005211070007|001|4300014653|00130|UAGC0054|10|EA|7000|KRW|7000|20190930|1300|
C|005186|2019|50005211070008|001|4300014653|00140|UAGC0055|10|EA|7300|KRW|7300|20190930|1300|
C|005186|2019|50005211070009|001|4300014653|00150|UAGC0056|10|EA|7700|KRW|7700|20190930|1300|
C|005186|2019|50005211070010|001|4300014653|00160|UAGC0107|10|EA|6400|KRW|6400|20190930|1300|
C|005186|2019|50005211070011|001|4300014653|00170|UAGC0270|10|EA|1550|KRW|15500|20190930|1300|
C|005186|2019|50005211070012|001|4300014653|00180|UAGC0275|10|EA|16600|KRW|16600|20190930|1300|
C|005186|2019|50005211070013|001|4300014653|00190|UAGC0276|10|EA|1660|KRW|16600|20190930|1300|
C|005186|2019|50005211070014|001|4300014657|00050|UIEC0022|1|EA|22050|KRW|22050|20190930|1300|
C|005186|2019|50005211070015|001|4300014658|00030|UAGC0438|10|EA|53650|KRW|107300|20190930|1300|
C|005186|2019|50005211070016|001|4300014658|00040|UAEC0389|1|EA|14400|KRW|14400|20190930|1300|
C|005186|2019|50005211070017|001|4300014663|00020|UAEC0357|100|EA|289500|KRW|579000|20190930|1300|
C|005186|2019|50005211070018|001|4300014663|00030|UAEC0414|100|EA|291500|KRW|583000|20190930|1300|
C|005186|2019|50005211080001|001|4300014404|00120|UJAC0005|1|EA|49300|KRW|49300|20190930|1300|
C|005186|2019|50005211080002|001|4300014406|00120|UJAC0047|6|EA|20700|KRW|124200|20190930|1300|
C|005186|2019|50005211080003|001|4300014546|00010|UGCC0825|1|EA|1102500|KRW|1102500|20190930|1300|
C|005186|2019|50005211080004|001|4300014552|00010|UGCC0794|5|EA|212500|KRW|1062500|20190930|1300|
C|005186|2019|50005211080005|001|4300014554|00010|UHGC0155|1|EA|376950|KRW|376950|20190930|1300|
C|005186|2019|50005211080006|001|4300014611|00010|UGCC1263|2|EA|33690|KRW|67380|20190930|1300|
C|005186|2019|50005211080007|001|4300014650|00050|UGBC1771|10|EA|1360|KRW|13600|20190930|1300|
C|005186|2019|50005211080008|001|4300014650|00060|UGBC1772|10|EA|11100|KRW|111000|20190930|1300|
C|005186|2019|50005211080009|001|4300014651|00040|UEBC1614|4|EA|4270|KRW|17080|20190930|1300|
C|005186|2019|50005211080010|001|4300014651|00060|UDAC0426|50|EA|79500|KRW|79500|20190930|1300|
C|005186|2019|50005211080011|001|4300014657|00010|UGBC0878|2|EA|78750|KRW|157500|20190930|1300|
C|005186|2019|50005211080012|001|4300014657|00070|UJAC0081|2|EA|48140|KRW|48140|20190930|1300|
C|005186|2019|50005211080013|001|4300014657|00080|UJAC0082|2|EA|50820|KRW|50820|20190930|1300|
C|005186|2019|50005211080014|001|4300014658|00060|UGCC1091|6|EA|75000|KRW|450000|20190930|1300|
C|005186|2019|50005211080015|001|4300014696|00010|UFDC0003|30|EA|458400|KRW|458400|20190930|1300|
C|005186|2019|50005211080016|001|4300014702|00010|UAEC0056|4|EA|9000|KRW|36000|20190930|1300|
