C|005186|2018|50004597720001|001|4300012074|00030|UAEC0209|8|EA|18200|KRW|72800|20181130|1300|
C|005186|2018|50004597720002|001|4300012074|00040|UAEC0210|8|EA|18200|KRW|72800|20181130|1300|
C|005186|2018|50004597720003|001|4300012074|00050|UADC0013|10|EA|48000|KRW|48000|20181130|1300|
C|005186|2018|50004597720004|001|4300012074|00060|UAEC0030|8|EA|15750|KRW|126000|20181130|1300|
C|005186|2018|50004597720005|001|4300012074|00070|UAEC0055|8|EA|30760|KRW|123040|20181130|1300|
C|005186|2018|50004597720006|001|4300012074|00080|UAEC0460|4|EA|33920|KRW|135680|20181130|1300|
C|005186|2018|50004597720007|001|4300012074|00090|UAEC0076|4|EA|24210|KRW|96840|20181130|1300|
C|005186|2018|50004597720008|001|4300012074|00100|UADC0030|3|EA|25200|KRW|75600|20181130|1300|
C|005186|2018|50004597730001|001|4300012039|00060|UJAC0130|3|EA|60640|KRW|181920|20181130|1300|
C|005186|2018|50004597730002|001|4300012039|00070|UJCC0060|500|EA|59000|KRW|295000|20181130|1300|
C|005186|2018|50004597730003|001|4300012048|00080|UAJC0064|100|EA|18000|KRW|18000|20181130|1300|
C|005186|2018|50004597730004|001|4300012048|00090|UAJC0065|100|EA|18000|KRW|18000|20181130|1300|
C|005186|2018|50004597730005|001|4300012048|00100|UAJC0063|100|EA|18000|KRW|18000|20181130|1300|
C|005186|2018|50004597730006|001|4300012048|00110|UAJC0062|100|EA|21000|KRW|21000|20181130|1300|
C|005186|2018|50004597730007|001|4300012055|00020|UEBC0580|2|EA|9680|KRW|9680|20181130|1300|
C|005186|2018|50004597730008|001|4300012055|00140|UKFC0002|2|EA|47600|KRW|95200|20181130|1300|
C|005186|2018|50004597740001|001|4300012038|00040|UGCC1044|5|EA|100700|KRW|503500|20181130|1300|
C|005186|2018|50004597740002|001|4300012039|00010|UGCC1057|5|EA|285000|KRW|1425000|20181130|1300|
C|005186|2018|50004597740003|001|4300012040|00030|UGBC1520|1|EA|612000|KRW|612000|20181130|1300|
C|005186|2018|50004597740004|001|4300012041|00010|UGCC0718|50|EA|1160000|KRW|1160000|20181130|1300|
C|005186|2018|50004597740005|001|4300012055|00050|UCHC0003|1|EA|100000|KRW|100000|20181130|1300|
C|005186|2018|50004597740006|001|4300012055|00150|UGCC0487|1|EA|236850|KRW|236850|20181130|1300|
C|005186|2018|50004597740007|001|4300012055|00160|UIEC0035|10|EA|37800|KRW|378000|20181130|1300|
C|005186|2018|50004597740008|001|4300012056|00030|UGCC0723|5|EA|7050|KRW|35250|20181130|1300|
C|005186|2018|50004597740009|001|4300012059|00050|UJBC0056|10|EA|9000|KRW|90000|20181130|1300|
C|005186|2018|50004597740010|001|4300012061|00010|UAEC0366|1|EA|229400|KRW|229400|20181130|1300|
C|005186|2018|50004597740011|001|4300012061|00020|UZZC0128|2|EA|201000|KRW|402000|20181130|1300|
C|005186|2018|50004597740012|001|4300012081|00010|UGCC0584|2|EA|35370|KRW|70740|20181130|1300|
C|005186|2018|50004597750001|001|4300012018|00020|UGBC0880|3|EA|70560|KRW|211680|20181130|1300|
C|005186|2018|50004597750002|001|4300012020|00010|UGBC1426|5|EA|243000|KRW|1215000|20181130|1300|
C|005186|2018|50004597750003|001|4300012021|00020|UGBC1425|5|EA|127000|KRW|635000|20181130|1300|
C|005186|2018|50004597750004|001|4300012021|00030|UGBC1424|5|EA|185000|KRW|925000|20181130|1300|
C|005186|2018|50004597770001|001|4300012038|00030|UDAC0225|300|EA|94500|KRW|283500|20181130|1300|
C|005186|2018|50004597770002|001|4300012040|00020|UGCC0894|300|EA|300000|KRW|900000|20181130|1300|
C|005186|2018|50004597780001|001|4300012014|00010|UEBC0184|1|EA|208700|KRW|208700|20181130|1300|
C|005186|2018|50004597780002|001|4300012021|00040|UEBC0414|1|EA|281930|KRW|281930|20181130|1300|
C|005186|2018|50004597780003|001|4300012037|00010|UEBC1212|5|EA|26500|KRW|132500|20181130|1300|
C|005186|2018|50004597780004|001|4300012037|00020|UEBC1408|60|EA|4880|KRW|292800|20181130|1300|
C|005186|2018|50004597780005|001|4300012037|00030|UEBC0153|5|EA|37950|KRW|37950|20181130|1300|
C|005186|2018|50004597780006|001|4300012037|00040|UEBC1394|2|EA|731400|KRW|1462800|20181130|1300|
C|005186|2018|50004597780007|001|4300012047|00070|UEBC1118|10|EA|14150|KRW|28300|20181130|1300|
C|005186|2018|50004597780008|001|4300012051|00010|UCKC0142|1|EA|1838000|KRW|1838000|20181130|1300|
C|005186|2018|50004597780009|001|4300012062|00010|UEBC0152|4|EA|7590|KRW|30360|20181130|1300|
C|005186|2018|50004597780010|001|4300012062|00110|UICC0035|20|EA|49400|KRW|98800|20181130|1300|
