C|005186|2014|50001202310001|001|4300001965|00010|KH990100|4|EA|27220|KRW|108880|20141230|1300|
C|005186|2014|50001202310002|001|4300001965|00020|KH990101|6|EA|7250|KRW|43500|20141230|1300|
C|005186|2014|50001202310003|001|4300001965|00030|KP100301|2|EA|31200|KRW|62400|20141230|1300|
C|005186|2014|50001202310004|001|4300001965|00040|KP150400|100|EA|170|KRW|17000|20141230|1300|
C|005186|2014|50001202310005|001|4300001965|00190|KS990007|10|EA|51450|KRW|514500|20141230|1300|
C|005186|2014|50001202310006|001|4300001965|00210|KT020003|2|EA|5600|KRW|11200|20141230|1300|
C|005186|2014|50001202310007|001|4300001965|00220|KT020006|2|EA|6250|KRW|12500|20141230|1300|
C|005186|2014|50001202310008|001|4300001965|00230|KT020007|3|EA|6860|KRW|20580|20141230|1300|
C|005186|2014|50001202310009|001|4300001965|00240|KT020010|3|EA|10190|KRW|30570|20141230|1300|
C|005186|2014|50001202310010|001|4300001965|00250|KT020011|3|EA|10400|KRW|31200|20141230|1300|
C|005186|2014|50001202310011|001|4300001965|00260|KT020020|1|EA|27800|KRW|27800|20141230|1300|
C|005186|2014|50001202310012|001|4300001965|00270|KT020500|30|EA|3110|KRW|93300|20141230|1300|
C|005186|2014|50001202310013|001|4300001965|00280|KT020600|4|EA|14910|KRW|59640|20141230|1300|
C|005186|2014|50001202310014|001|4300001965|00290|KT020610|1|EA|29150|KRW|29150|20141230|1300|
C|005186|2014|50001202310015|001|4300001965|00300|KT020611|2|EA|28140|KRW|56280|20141230|1300|
C|005186|2014|50001202310016|001|4300001965|00310|KT020612|1|EA|44100|KRW|44100|20141230|1300|
C|005186|2014|50001202310017|001|4300001965|00320|KT020700|25|EA|2680|KRW|67000|20141230|1300|
C|005186|2014|50001202310018|001|4300001965|00330|KT020705|4|EA|1390|KRW|5560|20141230|1300|
C|005186|2014|50001202310019|001|4300001965|00340|KT080110|2|EA|25440|KRW|50880|20141230|1300|
C|005186|2014|50001202310020|001|4300001965|00350|KT080300|20.000|KG|2770|KRW|55400|20141230|1300|
C|005186|2014|50001202310021|001|4300001965|00360|KT080311|3|EA|72980|KRW|218940|20141230|1300|
C|005186|2014|50001202310022|001|4300001965|00370|KT080350|1|EA|4720|KRW|4720|20141230|1300|
C|005186|2014|50001202310023|001|4300001965|00390|KT990001|200|EA|510|KRW|102000|20141230|1300|
C|005186|2014|50001202310024|001|4300001965|00400|KT990010|200|EA|370|KRW|74000|20141230|1300|
C|005186|2014|50001202310025|001|4300001965|00740|UAGC0064|1|EA|112630|KRW|112630|20141230|1300|
C|005186|2014|50001202310026|001|4300001965|00750|UAGC0068|30|EA|860|KRW|25800|20141230|1300|
C|005186|2014|50001202320001|001|4300001965|00930|UGBC1405|10|EA|2280|KRW|22800|20141230|1300|
C|005186|2014|50001202320002|001|4300001965|00940|UGBC1406|10|EA|3180|KRW|31800|20141230|1300|
C|005186|2014|50001202320003|001|4300001965|00950|UGBC1407|10|EA|4450|KRW|44500|20141230|1300|
C|005186|2014|50001202320004|001|4300001965|01090|UDDC0366|2|EA|188700|KRW|377400|20141230|1300|
C|005186|2014|50001202320005|001|4300001965|01100|UAJC0083|1|EA|27600|KRW|27600|20141230|1300|
C|005186|2014|50001202320006|001|4300001965|01130|UDCC0051|1|EA|66800|KRW|66800|20141230|1300|
C|005186|2014|50001202320007|001|4300001965|01170|UDBC0889|50|EA|160|KRW|8000|20141230|1300|
C|005186|2014|50001202320008|001|4300001965|01180|UDBC0890|50|EA|105|KRW|5250|20141230|1300|
C|005186|2014|50001202320009|001|4300001965|01200|UEBC1182|3|EA|19000|KRW|57000|20141230|1300|
C|005186|2014|50001202320010|001|4300001965|01210|UIDC0109|1|EA|184800|KRW|184800|20141230|1300|
C|005186|2014|50001202330001|001|4300001965|01290|UEAC0160|3|EA|443000|KRW|1329000|20141230|1300|
C|005186|2014|50001202330002|001|4300001965|01300|UEAC0161|2|EA|347000|KRW|694000|20141230|1300|
C|005186|2014|50001202340001|001|4300001965|00410|KE030200|4|EA|15230|KRW|60920|20141230|1300|
C|005186|2014|50001202340002|001|4300001965|00420|KE030205|3|EA|31290|KRW|93870|20141230|1300|
C|005186|2014|50001202340003|001|4300001965|00430|KE030206|2|EA|16380|KRW|32760|20141230|1300|
C|005186|2014|50001202340004|001|4300001965|00440|KE050001|7|EA|1400|KRW|9800|20141230|1300|
C|005186|2014|50001202340005|001|4300001965|00450|KE050004|9|EA|1400|KRW|12600|20141230|1300|
C|005186|2014|50001202340006|001|4300001965|00460|KE050109|20|EA|2140|KRW|42800|20141230|1300|
C|005186|2014|50001202340007|001|4300001965|00470|KE050301|7|EA|1160|KRW|8120|20141230|1300|
C|005186|2014|50001202340008|001|4300001965|00480|KE050502|3|EA|10000|KRW|30000|20141230|1300|
C|005186|2014|50001202340009|001|4300001965|00490|KE050604|3|EA|19950|KRW|59850|20141230|1300|
C|005186|2014|50001202340010|001|4300001965|00500|KE090116|1|EA|28040|KRW|28040|20141230|1300|
C|005186|2014|50001202340011|001|4300001965|00510|KE090165|3|EA|165900|KRW|497700|20141230|1300|
C|005186|2014|50001202340012|001|4300001965|00520|KE180203|20|EA|13650|KRW|273000|20141230|1300|
C|005186|2014|50001202340013|001|4300001965|00530|KE190003|5|EA|29300|KRW|146500|20141230|1300|
C|005186|2014|50001202340014|001|4300001965|00540|KE200200|2|EA|130200|KRW|260400|20141230|1300|
C|005186|2014|50001202340015|001|4300001965|00550|KE230003|250|EA|1870|KRW|467500|20141230|1300|
C|005186|2014|50001202340016|001|4300001965|00560|KE231001|30|EA|16150|KRW|484500|20141230|1300|
C|005186|2014|50001202340017|001|4300001965|00570|KE231100|30|EA|530|KRW|15900|20141230|1300|
C|005186|2014|50001202340018|001|4300001965|00580|KE231406|7|EA|7140|KRW|49980|20141230|1300|
C|005186|2014|50001202340019|001|4300001965|00590|KE270300|20|EA|470|KRW|9400|20141230|1300|
C|005186|2014|50001202340020|001|4300001965|00600|KE270302|7|EA|6900|KRW|48300|20141230|1300|
C|005186|2014|50001202340021|001|4300001965|00610|KE281401|20|EA|840|KRW|16800|20141230|1300|
C|005186|2014|50001202350001|001|4300001946|00440|UHNC0080|2|EA|286320|KRW|572640|20141230|1300|
C|005186|2014|50001202350002|001|4300001965|00620|UHFC0345|100|EA|1270|KRW|127000|20141230|1300|
C|005186|2014|50001202350003|001|4300001965|00630|UHDC0157|5|EA|8340|KRW|41700|20141230|1300|
C|005186|2014|50001202350004|001|4300001965|00640|UHDC0038|2|EA|39060|KRW|78120|20141230|1300|
C|005186|2014|50001202350005|001|4300001965|00650|UHFC0231|5|EA|2405|KRW|12025|20141230|1300|
C|005186|2014|50001202350006|001|4300001965|00660|UHFC0232|5|EA|9790|KRW|48950|20141230|1300|
C|005186|2014|50001202350007|001|4300001965|00670|UHFC0233|5|EA|11660|KRW|58300|20141230|1300|
C|005186|2014|50001202350008|001|4300001965|00680|UHFC0234|3|EA|12075|KRW|36225|20141230|1300|
C|005186|2014|50001202350009|001|4300001965|00690|UGAC0007|20|EA|49140|KRW|982800|20141230|1300|
C|005186|2014|50001202350010|001|4300001965|00700|UHFC0164|100|EA|210|KRW|21000|20141230|1300|
C|005186|2014|50001202350011|001|4300001967|00010|UHNC0062|1|EA|1501500|KRW|1501500|20141230|1300|
C|005186|2014|50001202350012|001|4300001979|00010|UHDC0104|50|EA|1160|KRW|58000|20141230|1300|
C|005186|2014|50001202350013|001|4300001979|00020|UHDC0106|50|EA|1260|KRW|63000|20141230|1300|
C|005186|2014|50001202350014|001|4300001979|00030|UHTC0171|10|EA|2100|KRW|21000|20141230|1300|
C|005186|2014|50001202350015|001|4300001979|00040|UHHC0072|1|EA|412650|KRW|412650|20141230|1300|
C|005186|2014|50001202360001|001|4300001946|00170|UGCC0894|200|EA|4220|KRW|844000|20141230|1300|
C|005186|2014|50001202360002|001|4300001946|00180|UDAC0012|200|EA|4220|KRW|844000|20141230|1300|
C|005186|2014|50001202360003|001|4300001946|00320|UAGC0323|10|EA|14180|KRW|141800|20141230|1300|
C|005186|2014|50001202360004|001|4300001946|00330|UADC0040|20|EA|7880|KRW|157600|20141230|1300|
C|005186|2014|50001202360005|001|4300001946|00390|UEBC0371|6|EA|4290|KRW|25740|20141230|1300|
C|005186|2014|50001202360006|001|4300001946|00400|UEBC0357|10|EA|2250|KRW|22500|20141230|1300|
C|005186|2014|50001202360007|001|4300001946|00410|UEBC0619|20|EA|10640|KRW|212800|20141230|1300|
C|005186|2014|50001202360008|001|4300001946|00420|UEBC0328|1|EA|60900|KRW|60900|20141230|1300|
C|005186|2014|50001202370001|001|4300001946|00040|UGBC1412|20|EA|22200|KRW|444000|20141230|1300|
C|005186|2014|50001202370002|001|4300001946|00050|UGBC1413|20|EA|59800|KRW|1196000|20141230|1300|
C|005186|2014|50001202370003|001|4300001946|00070|UCAC0296|20|EA|11160|KRW|223200|20141230|1300|
C|005186|2014|50001202370004|001|4300001946|00080|UGCC0935|1|EA|241000|KRW|241000|20141230|1300|
C|005186|2014|50001202370005|001|4300001946|00110|UAGC0467|10|EA|4400|KRW|44000|20141230|1300|
C|005186|2014|50001202370006|001|4300001946|00120|UJCC0060|300|EA|590|KRW|177000|20141230|1300|
C|005186|2014|50001202370007|001|4300001946|00190|UGBC1410|1|EA|58300|KRW|58300|20141230|1300|
C|005186|2014|50001202370008|001|4300001946|00230|UKBC0010|1|EA|91480|KRW|91480|20141230|1300|
C|005186|2014|50001202370009|001|4300001946|00240|UAEC0146|3|EA|84210|KRW|252630|20141230|1300|
C|005186|2014|50001202370010|001|4300001946|00250|UJBC0004|20|EA|4337|KRW|86740|20141230|1300|
C|005186|2014|50001202370011|001|4300001946|00260|UGCC0669|30|EA|22080|KRW|662400|20141230|1300|
C|005186|2014|50001202370012|001|4300001946|00270|UGCC0613|10|EA|9450|KRW|94500|20141230|1300|
C|005186|2014|50001202370013|001|4300001946|00280|UAAC0020|5|EA|10000|KRW|50000|20141230|1300|
C|005186|2014|50001202370014|001|4300001946|00290|UZZC0039|10|EA|710|KRW|7100|20141230|1300|
C|005186|2014|50001202370015|001|4300001946|00300|UIEC0035|10|EA|37800|KRW|378000|20141230|1300|
C|005186|2014|50001202370016|001|4300001946|00310|UAEC0154|2|EA|186950|KRW|373900|20141230|1300|
C|005186|2014|50001202370017|001|4300001946|00340|UKEC0091|20|EA|1270|KRW|25400|20141230|1300|
C|005186|2014|50001202370018|001|4300001946|00350|UAAC0001|20|EA|1890|KRW|37800|20141230|1300|
C|005186|2014|50001202370019|001|4300001946|00360|UDFC0015|10|EA|178080|KRW|1780800|20141230|1300|
C|005186|2014|50001202370020|001|4300001946|00370|UHTC0486|2|EA|46410|KRW|92820|20141230|1300|
C|005186|2014|50001202370021|001|4300001946|00380|UKEC0109|80|EA|1526|KRW|122080|20141230|1300|
C|005186|2014|50001202370022|001|4300001946|00450|UKBC0035|2|EA|62910|KRW|125820|20141230|1300|
C|005186|2014|50001202370023|001|4300001946|00460|UKEC0021|40|EA|1520|KRW|60800|20141230|1300|
C|005186|2014|50001202370024|001|4300001946|00470|UKGC0008|2|EA|2940|KRW|5880|20141230|1300|
C|005186|2014|50001202370025|001|4300001946|00480|UCCC0010|1|EA|271500|KRW|271500|20141230|1300|
C|005186|2014|50001202370026|001|4300001946|00490|UAGC0025|2|EA|6060|KRW|12120|20141230|1300|
C|005186|2014|50001202370027|001|4300001946|00500|UGBC1267|1|EA|60000|KRW|60000|20141230|1300|
C|005186|2014|50001202370028|001|4300001946|00520|UGCC0126|2|EA|16590|KRW|33180|20141230|1300|
C|005186|2014|50001202370029|001|4300001946|00530|UGCC0933|1|EA|65200|KRW|65200|20141230|1300|
C|005186|2014|50001202370030|001|4300001978|00010|UJCC0023|30|EA|6850|KRW|205500|20141230|1300|
C|005186|2014|50001202380001|001|4300001946|00060|UHTC0742|1|EA|273690|KRW|273690|20141230|1300|
C|005186|2014|50001202380002|001|4300001946|00100|UCAC0297|2|EA|21060|KRW|42120|20141230|1300|
C|005186|2014|50001202390001|001|4300001916|00240|UHTC0263|1|EA|317600|KRW|317600|20141230|1300|
C|005186|2014|50001202400001|001|4300001946|00210|UCIC0186|5|EA|19000|KRW|95000|20141230|1300|
C|005186|2014|50001202400002|001|4300001946|00220|UGBC1417|2|EA|848000|KRW|1696000|20141230|1300|
C|005186|2014|50001202400003|001|4300001946|00510|UCIC0127|5|EA|54600|KRW|273000|20141230|1300|
C|005186|2014|50001202400004|001|4300001946|00540|UCIC0187|1|EA|614000|KRW|614000|20141230|1300|
C|005186|2014|50001202410001|001|4300001946|00090|UHHC0202|50|EA|40530|KRW|2026500|20141230|1300|
C|005186|2014|50001202410002|001|4300001977|00010|KS064003|4|EA|4310|KRW|17240|20141230|1300|
C|005186|2014|50001202420001|001|4300001946|00030|UGBC1411|5|EA|26500|KRW|132500|20141230|1300|
C|005186|2014|50001202420002|001|4300001946|00130|UGCC0936|50|EA|22200|KRW|1110000|20141230|1300|
C|005186|2014|50001202420003|001|4300001946|00140|UGCC0937|50|EA|18000|KRW|900000|20141230|1300|
C|005186|2014|50001202420004|001|4300001946|00200|UDFC0166|2|EA|40200|KRW|80400|20141230|1300|
C|005186|2014|50001202420005|001|4300001965|00910|UGCC0920|1|EA|38100|KRW|38100|20141230|1300|
C|005186|2014|50001202420006|001|4300001965|00920|UGCC0921|3|EA|289000|KRW|867000|20141230|1300|
C|005186|2014|50001202420007|001|4300001965|00960|UGCC0926|1|EA|144000|KRW|144000|20141230|1300|
C|005186|2014|50001202420008|001|4300001965|01060|UGCC0906|1|EA|120500|KRW|120500|20141230|1300|
C|005186|2014|50001202420009|001|4300001965|01070|UGCC0907|1|EA|120500|KRW|120500|20141230|1300|
C|005186|2014|50001202420010|001|4300001965|01080|UGBC1403|3|EA|190000|KRW|570000|20141230|1300|
C|005186|2014|50001202420011|001|4300001965|01110|UGCC0908|1|EA|78400|KRW|78400|20141230|1300|
C|005186|2014|50001202420012|001|4300001965|01120|UGCC0913|1|EA|202000|KRW|202000|20141230|1300|
C|005186|2014|50001202420013|001|4300001965|01140|UGCC0915|1|EA|380000|KRW|380000|20141230|1300|
C|005186|2014|50001202420014|001|4300001965|01150|UGCC0916|2|EA|40800|KRW|81600|20141230|1300|
C|005186|2014|50001202420015|001|4300001965|01280|UGBC1402|1|EA|16900|KRW|16900|20141230|1300|
C|005186|2014|50001202420016|001|4300001965|01320|UGCC0902|1|EA|129000|KRW|129000|20141230|1300|
C|005186|2014|50001202420017|001|4300001965|01330|UGCC0903|2|EA|167000|KRW|334000|20141230|1300|
C|005186|2014|50001202420018|001|4300001965|01340|UGCC0904|1|EA|29600|KRW|29600|20141230|1300|
C|005186|2014|50001202420019|001|4300001965|01350|UGCC0905|1|EA|60400|KRW|60400|20141230|1300|
C|005186|2014|50001202420020|001|4300001981|00060|UGCC0194|4|EA|131250|KRW|525000|20141230|1300|
C|005186|2014|50001202420021|001|4300001981|00230|UGCC0736|6|EA|156300|KRW|937800|20141230|1300|
C|005186|2014|50001202430001|001|4300001981|00020|UGCC0737|1|EA|1769000|KRW|1769000|20141230|1300|
C|005186|2014|50001202430002|001|4300001981|00030|UADC0085|2|EA|25230|KRW|50460|20141230|1300|
C|005186|2014|50001202430003|001|4300001981|00040|UADC0088|2|EA|25230|KRW|50460|20141230|1300|
C|005186|2014|50001202430004|001|4300001981|00050|UIEC0058|20|EA|6840|KRW|136800|20141230|1300|
C|005186|2014|50001202430005|001|4300001981|00080|UGAC0063|5|EA|62790|KRW|313950|20141230|1300|
C|005186|2014|50001202430006|001|4300001981|00110|UHTC0532|10|EA|13470|KRW|134700|20141230|1300|
C|005186|2014|50001202430007|001|4300001981|00150|UDEC0108|8|EA|43460|KRW|347680|20141230|1300|
C|005186|2014|50001202430008|001|4300001981|00160|UEBC0890|5|EA|12100|KRW|60500|20141230|1300|
C|005186|2014|50001202430009|001|4300001981|00180|UGCC0528|1|EA|499000|KRW|499000|20141230|1300|
C|005186|2014|50001202430010|001|4300001981|00200|UJCC0043|5000|EA|70|KRW|350000|20141230|1300|
C|005186|2014|50001202430011|001|4300001981|00210|UKEC0091|20|EA|1270|KRW|25400|20141230|1300|
C|005186|2014|50001202430012|001|4300001981|00220|UAJC0007|12|EA|7820|KRW|93840|20141230|1300|
C|005186|2014|50001202430013|001|4300001981|00240|UEBC1012|3|EA|23680|KRW|71040|20141230|1300|
C|005186|2014|50001202430014|001|4300001983|00010|UICC0008|70|EA|740|KRW|0|20141230|1300|
C|005186|2014|50001202430015|001|4300001983|00020|UICC0007|20|EA|1580|KRW|0|20141230|1300|
C|005186|2014|50001202440001|001|4300002000|00020|UEBC0498|3|EA|5000|KRW|15000|20141230|1300|
C|005186|2014|50001202440002|001|4300002000|00030|UKDC0003|5|EA|70560|KRW|352800|20141230|1300|
C|005186|2014|50001202440003|001|4300002000|00040|UZZC0029|20|EA|11550|KRW|231000|20141230|1300|
C|005186|2014|50001202440004|001|4300002000|00060|UHTC0691|18|EA|35700|KRW|642600|20141230|1300|
C|005186|2014|50001202440005|001|4300002001|00010|UHTC0642|20|EA|15300|KRW|306000|20141230|1300|
C|005186|2014|50001202440006|001|4300002001|00020|UHTC0695|30|EA|30500|KRW|915000|20141230|1300|
C|005186|2014|50001202450001|001|4300001946|00010|UHTC0739|2|EA|400000|KRW|800000|20141230|1300|
C|005186|2014|50001202450002|001|4300001946|00020|UHTC0740|2|EA|342110|KRW|684220|20141230|1300|
C|005186|2014|50001202460001|001|4300001946|00150|UAEC0357|150|EA|5790|KRW|868500|20141230|1300|
C|005186|2014|50001202460002|001|4300001946|00160|UAEC0414|50|EA|5830|KRW|291500|20141230|1300|
C|005186|2014|50001202460003|001|4300001981|00010|UZZC0120|3|EA|33000|KRW|99000|20141230|1300|
C|005186|2014|50001202460004|001|4300001981|00070|UHTC0661|5|EA|56700|KRW|283500|20141230|1300|
C|005186|2014|50001202460005|001|4300001981|00090|UKBC0010|1|EA|91480|KRW|91480|20141230|1300|
C|005186|2014|50001202460006|001|4300001981|00100|UAEC0364|10|EA|3160|KRW|31600|20141230|1300|
C|005186|2014|50001202460007|001|4300001981|00120|UKBC0010|1|EA|91480|KRW|91480|20141230|1300|
C|005186|2014|50001202460008|001|4300001981|00130|UHTC0688|18|EA|49500|KRW|891000|20141230|1300|
C|005186|2014|50001202460009|001|4300001981|00140|UEBC0662|2|EA|99320|KRW|198640|20141230|1300|
C|005186|2014|50001202460010|001|4300001981|00170|UKEC0115|40|EA|1530|KRW|61200|20141230|1300|
C|005186|2014|50001202460011|001|4300001981|00190|UKBC0041|2|EA|91600|KRW|183200|20141230|1300|
