C|005186|2018|50004424940001|001|4300011286|00030|CMD0001|7|EA|8000|KRW|56000|20180914|1300|
C|005186|2018|50004424940002|001|4300011286|00040|CMF0005|8|EA|18700|KRW|149600|20180914|1300|
C|005186|2018|50004424940003|001|4300011286|00060|CMC0005|30|EA|150|KRW|4500|20180914|1300|
C|005186|2018|50004424940004|001|4300011286|00080|CMZ0005|30|EA|810|KRW|24300|20180914|1300|
C|005186|2018|50004424940005|001|4300011286|00100|CMB0002|190|EA|2100|KRW|399000|20180914|1300|
C|005186|2018|50004424940006|001|4300011286|00110|CMA0001|350|EA|151|KRW|52850|20180914|1300|
C|005186|2018|50004424940007|001|4300011286|00120|CMA0007|350|EA|151|KRW|52850|20180914|1300|
C|005186|2018|50004424950001|001|4300011279|00010|CMA0001|100|EA|151|KRW|15100|20180914|1300|
C|005186|2018|50004424950002|001|4300011279|00020|CMA0007|50|EA|151|KRW|7550|20180914|1300|
C|005186|2018|50004424950003|001|4300011279|00030|CMA0008|50|EA|470|KRW|23500|20180914|1300|
C|005186|2018|50004424950004|001|4300011279|00050|CMF0005|3|EA|18700|KRW|56100|20180914|1300|
C|005186|2018|50004424960001|001|4300011278|00010|CMA0007|150|EA|151|KRW|22650|20180914|1300|
C|005186|2018|50004424960002|001|4300011278|00030|CMD0016|2|EA|29000|KRW|58000|20180914|1300|
C|005186|2018|50004424960003|001|4300011278|00040|CMD0001|1|EA|8000|KRW|8000|20180914|1300|
C|005186|2018|50004424970001|001|4300011281|00030|CMA0007|800|EA|151|KRW|120800|20180914|1300|
C|005186|2018|50004424970002|001|4300011281|00040|CMA0017|5|EA|770|KRW|3850|20180914|1300|
C|005186|2018|50004424970003|001|4300011281|00050|CMH0004|5|EA|600|KRW|3000|20180914|1300|
C|005186|2018|50004424970004|001|4300011281|00060|CMH0006|5|EA|460|KRW|2300|20180914|1300|
C|005186|2018|50004424970005|001|4300011281|00070|CMA0028|10|EA|7350|KRW|73500|20180914|1300|
C|005186|2018|50004424970006|001|4300011281|00080|CMD0016|3|EA|29000|KRW|87000|20180914|1300|
C|005186|2018|50004424980001|001|4300011276|00010|CMF0005|2|EA|18700|KRW|37400|20180914|1300|
C|005186|2018|50004424980002|001|4300011276|00020|CMD0001|3|EA|8000|KRW|24000|20180914|1300|
C|005186|2018|50004424980003|001|4300011276|00030|CMB0003|20|EA|2200|KRW|44000|20180914|1300|
C|005186|2018|50004424980004|001|4300011276|00050|CMB0001|60|EA|520|KRW|31200|20180914|1300|
C|005186|2018|50004424980005|001|4300011276|00060|CMA0007|100|EA|151|KRW|15100|20180914|1300|
C|005186|2018|50004424980006|001|4300011276|00080|CMA0001|150|EA|151|KRW|22650|20180914|1300|
C|005186|2018|50004424990001|001|4300011290|00020|CMD0016|2|EA|29000|KRW|58000|20180914|1300|
C|005186|2018|50004424990002|001|4300011290|00030|CMD0017|3|EA|23760|KRW|71280|20180914|1300|
C|005186|2018|50004424990003|001|4300011290|00040|CME0008|20|EA|1950|KRW|39000|20180914|1300|
C|005186|2018|50004424990004|001|4300011290|00050|CME0002|50|EA|1100|KRW|55000|20180914|1300|
C|005186|2018|50004424990005|001|4300011290|00060|CMF0008|50|EA|1620|KRW|81000|20180914|1300|
C|005186|2018|50004424990006|001|4300011290|00080|CMA0007|100|EA|151|KRW|15100|20180914|1300|
C|005186|2018|50004424990007|001|4300011290|00120|CMB0001|120|EA|520|KRW|62400|20180914|1300|
C|005186|2018|50004424990008|001|4300011290|00130|CMB0002|120|EA|2100|KRW|252000|20180914|1300|
C|005186|2018|50004424990009|001|4300011290|00140|CMA0001|300|EA|151|KRW|45300|20180914|1300|
C|005186|2018|50004425000001|001|4300011274|00010|CMF0007|1|EA|1620|KRW|1620|20180914|1300|
C|005186|2018|50004425000002|001|4300011274|00050|CMF0002|3|EA|860|KRW|2580|20180914|1300|
C|005186|2018|50004425000003|001|4300011274|00060|CMC0002|5|EA|10300|KRW|51500|20180914|1300|
C|005186|2018|50004425000004|001|4300011274|00080|CMF0005|10|EA|18700|KRW|187000|20180914|1300|
C|005186|2018|50004425000005|001|4300011274|00110|CMA0017|50|EA|770|KRW|38500|20180914|1300|
C|005186|2018|50004425000006|001|4300011274|00120|CME0002|100|EA|1100|KRW|110000|20180914|1300|
C|005186|2018|50004425000007|001|4300011274|00140|CMA0007|200|EA|151|KRW|30200|20180914|1300|
C|005186|2018|50004425000008|001|4300011274|00150|CMB0002|240|EA|2100|KRW|504000|20180914|1300|
C|005186|2018|50004425000009|001|4300011274|00170|CMA0001|700|EA|151|KRW|105700|20180914|1300|
C|005186|2018|50004425010001|001|4300011283|00010|CMF0005|2|EA|18700|KRW|37400|20180914|1300|
C|005186|2018|50004425010002|001|4300011283|00040|CME0008|5|EA|1950|KRW|9750|20180914|1300|
C|005186|2018|50004425010003|001|4300011283|00090|CMB0001|200|EA|520|KRW|104000|20180914|1300|
C|005186|2018|50004425010004|001|4300011283|00100|CMC0005|200|EA|150|KRW|30000|20180914|1300|
C|005186|2018|50004425010005|001|4300011283|00120|CMA0007|300|EA|151|KRW|45300|20180914|1300|
C|005186|2018|50004425010006|001|4300011283|00130|CMA0008|300|EA|470|KRW|141000|20180914|1300|
C|005186|2018|50004425010007|001|4300011283|00170|CMA0001|750|EA|151|KRW|113250|20180914|1300|
C|005186|2018|50004425020001|001|4300011288|00020|CMA0017|30|EA|770|KRW|23100|20180914|1300|
C|005186|2018|50004425020002|001|4300011288|00030|CMB0003|80|EA|2200|KRW|176000|20180914|1300|
C|005186|2018|50004425020003|001|4300011288|00040|CMA0001|90|EA|151|KRW|13590|20180914|1300|
C|005186|2018|50004425020004|001|4300011288|00050|CMA0007|90|EA|151|KRW|13590|20180914|1300|
C|005186|2018|50004425020005|001|4300011288|00080|CMD0011|2|EA|24100|KRW|48200|20180914|1300|
C|005186|2018|50004425030001|001|4300011273|00010|CMD0016|5|EA|29000|KRW|145000|20180914|1300|
C|005186|2018|50004425030002|001|4300011273|00020|CMA0028|10|EA|7350|KRW|73500|20180914|1300|
C|005186|2018|50004425030003|001|4300011273|00030|CMA0017|5|EA|770|KRW|3850|20180914|1300|
C|005186|2018|50004425030004|001|4300011273|00040|CMA0002|5|EA|1440|KRW|7200|20180914|1300|
C|005186|2018|50004425030005|001|4300011273|00050|CMA0001|100|EA|151|KRW|15100|20180914|1300|
C|005186|2018|50004425030006|001|4300011273|00060|CMA0007|400|EA|151|KRW|60400|20180914|1300|
C|005186|2018|50004425030007|001|4300011273|00070|CMA0008|100|EA|470|KRW|47000|20180914|1300|
C|005186|2018|50004425030008|001|4300011273|00080|CMF0005|5|EA|18700|KRW|93500|20180914|1300|
C|005186|2018|50004425040001|001|4300011275|00010|CMF0005|2|EA|18700|KRW|37400|20180914|1300|
C|005186|2018|50004425040002|001|4300011275|00030|CMF0015|10|EA|450|KRW|4500|20180914|1300|
C|005186|2018|50004425040003|001|4300011275|00050|CME0008|20|EA|1950|KRW|39000|20180914|1300|
C|005186|2018|50004425040004|001|4300011275|00060|CMC0005|50|EA|150|KRW|7500|20180914|1300|
C|005186|2018|50004425040005|001|4300011275|00090|CMB0002|60|EA|2100|KRW|126000|20180914|1300|
C|005186|2018|50004425040006|001|4300011275|00100|CMB0003|60|EA|2200|KRW|132000|20180914|1300|
C|005186|2018|50004425040007|001|4300011275|00110|CMB0001|60|EA|520|KRW|31200|20180914|1300|
C|005186|2018|50004425040008|001|4300011275|00120|CMA0008|150|EA|470|KRW|70500|20180914|1300|
C|005186|2018|50004425040009|001|4300011275|00130|CMA0007|200|EA|151|KRW|30200|20180914|1300|
C|005186|2018|50004425040010|001|4300011275|00150|CMA0001|300|EA|151|KRW|45300|20180914|1300|
C|005186|2018|50004425050001|001|4300011275|00040|CMZ0009|20|EA|920|KRW|18400|20180914|1300|
C|005186|2018|50004425060001|001|4300011280|00010|CMA0001|600|EA|151|KRW|90600|20180914|1300|
C|005186|2018|50004425060002|001|4300011280|00020|CMA0007|50|EA|151|KRW|7550|20180914|1300|
C|005186|2018|50004425060003|001|4300011280|00030|CMA0017|10|EA|770|KRW|7700|20180914|1300|
C|005186|2018|50004425060004|001|4300011280|00040|CMB0011|100|EA|2220|KRW|222000|20180914|1300|
C|005186|2018|50004425060005|001|4300011280|00060|CME0013|2|EA|11880|KRW|23760|20180914|1300|
C|005186|2018|50004425070001|001|4300011285|00030|CMF0005|10|EA|18700|KRW|187000|20180914|1300|
C|005186|2018|50004425070002|001|4300011285|00050|CME0008|20|EA|1950|KRW|39000|20180914|1300|
C|005186|2018|50004425070003|001|4300011285|00070|CMA0007|100|EA|151|KRW|15100|20180914|1300|
C|005186|2018|50004425070004|001|4300011285|00080|CMA0008|100|EA|470|KRW|47000|20180914|1300|
C|005186|2018|50004425070005|001|4300011285|00090|CMB0001|160|EA|520|KRW|83200|20180914|1300|
C|005186|2018|50004425070006|001|4300011285|00100|CMA0001|400|EA|151|KRW|60400|20180914|1300|
C|005186|2018|50004425070007|001|4300011285|00110|CMC0005|100|EA|150|KRW|15000|20180914|1300|
C|005186|2018|50004425080001|001|4300011285|00040|CMC0002|20|EA|10300|KRW|206000|20180914|1300|
