C|005186|2019|50004759560001|001|4300012803|00010|CMA0001|30|EA|151|KRW|4530|20190221|1300|
C|005186|2019|50004759560002|001|4300012803|00020|CMA0007|60|EA|151|KRW|9060|20190221|1300|
C|005186|2019|50004759560003|001|4300012803|00040|CMD0016|11|EA|29000|KRW|319000|20190221|1300|
C|005186|2019|50004759560004|001|4300012803|00050|CMA0002|11|EA|1440|KRW|15840|20190221|1300|
C|005186|2019|50004759570001|001|4300012802|00010|CMA0028|13|EA|7350|KRW|95550|20190221|1300|
C|005186|2019|50004759570002|001|4300012802|00020|CMA0001|100|EA|151|KRW|15100|20190221|1300|
C|005186|2019|50004759570003|001|4300012802|00030|CMA0007|400|EA|151|KRW|60400|20190221|1300|
C|005186|2019|50004759570004|001|4300012802|00040|CMF0005|3|EA|18700|KRW|56100|20190221|1300|
C|005186|2019|50004759570005|001|4300012802|00050|CMA0008|100|EA|470|KRW|47000|20190221|1300|
C|005186|2019|50004759570006|001|4300012802|00080|CMD0016|3|EA|29000|KRW|87000|20190221|1300|
C|005186|2019|50004759580001|001|4300012804|00010|CMA0001|400|EA|151|KRW|60400|20190221|1300|
C|005186|2019|50004759580002|001|4300012804|00020|CMA0007|50|EA|151|KRW|7550|20190221|1300|
C|005186|2019|50004759580003|001|4300012804|00070|CMF0005|3|EA|18700|KRW|56100|20190221|1300|
C|005186|2019|50004759580004|001|4300012804|00080|CMD0011|2|EA|24100|KRW|48200|20190221|1300|
C|005186|2019|50004759580005|001|4300012804|00090|CMD0012|2|EA|22000|KRW|44000|20190221|1300|
C|005186|2019|50004759590001|001|4300012805|00010|CMA0001|60|EA|151|KRW|9060|20190221|1300|
C|005186|2019|50004759590002|001|4300012805|00020|CMA0007|200|EA|151|KRW|30200|20190221|1300|
C|005186|2019|50004759590003|001|4300012805|00030|CMB0001|20|EA|520|KRW|10400|20190221|1300|
C|005186|2019|50004759700001|001|4300012806|00010|CMA0001|120|EA|151|KRW|18120|20190221|1300|
C|005186|2019|50004759700002|001|4300012806|00020|CMA0007|60|EA|151|KRW|9060|20190221|1300|
C|005186|2019|50004759700003|001|4300012806|00030|CMA0008|60|EA|470|KRW|28200|20190221|1300|
C|005186|2019|50004759700004|001|4300012806|00090|CMF0005|3|EA|18700|KRW|56100|20190221|1300|
C|005186|2019|50004759700005|001|4300012806|00130|CMZ0005|10|EA|810|KRW|8100|20190221|1300|
C|005186|2019|50004759710001|001|4300012807|00010|CMA0007|100|EA|151|KRW|15100|20190221|1300|
C|005186|2019|50004759710002|001|4300012807|00030|CMD0016|1|EA|29000|KRW|29000|20190221|1300|
C|005186|2019|50004759720001|001|4300012808|00010|CMB0001|50|EA|520|KRW|26000|20190221|1300|
C|005186|2019|50004759720002|001|4300012808|00020|CMZ0032|5|EA|1300|KRW|6500|20190221|1300|
C|005186|2019|50004759730001|001|4300012809|00010|CMF0007|1|EA|1620|KRW|1620|20190221|1300|
C|005186|2019|50004759730002|001|4300012809|00040|CMF0002|3|EA|860|KRW|2580|20190221|1300|
C|005186|2019|50004759730003|001|4300012809|00050|CMC0002|5|EA|10300|KRW|51500|20190221|1300|
C|005186|2019|50004759730004|001|4300012809|00070|CMF0005|12|EA|18700|KRW|224400|20190221|1300|
C|005186|2019|50004759730005|001|4300012809|00100|CMA0008|100|EA|470|KRW|47000|20190221|1300|
C|005186|2019|50004759730006|001|4300012809|00120|CMB0002|120|EA|2100|KRW|252000|20190221|1300|
C|005186|2019|50004759730007|001|4300012809|00130|CMB0003|120|EA|2200|KRW|264000|20190221|1300|
C|005186|2019|50004759730008|001|4300012809|00150|CME0002|150|EA|1100|KRW|165000|20190221|1300|
C|005186|2019|50004759730009|001|4300012809|00160|CMA0007|200|EA|151|KRW|30200|20190221|1300|
C|005186|2019|50004759730010|001|4300012809|00180|CMA0001|800|EA|151|KRW|120800|20190221|1300|
C|005186|2019|50004759740001|001|4300012809|00020|CMF0009|1|EA|4950|KRW|4950|20190221|1300|
C|005186|2019|50004759740002|001|4300012809|00030|CMH0007|2|EA|11600|KRW|23200|20190221|1300|
C|005186|2019|50004759740003|001|4300012809|00060|CMF0020|5|EA|650|KRW|3250|20190221|1300|
C|005186|2019|50004759740004|001|4300012809|00080|CME0001|35|EA|3300|KRW|115500|20190221|1300|
C|005186|2019|50004759740005|001|4300012809|00110|CMA0016|120|EA|2140|KRW|256800|20190221|1300|
C|005186|2019|50004759740006|001|4300012809|00140|CMB0010|120|EA|1280|KRW|153600|20190221|1300|
C|005186|2019|50004759740007|001|4300012809|00170|CME0010|300|EA|240|KRW|72000|20190221|1300|
C|005186|2019|50004759740008|001|4300012810|00050|CMF0020|10|EA|650|KRW|6500|20190221|1300|
C|005186|2019|50004759740009|001|4300012810|00060|CMH0007|10|EA|11600|KRW|116000|20190221|1300|
C|005186|2019|50004759740010|001|4300012810|00090|CME0010|200|EA|240|KRW|48000|20190221|1300|
C|005186|2019|50004759740011|001|4300012810|00100|CMA0005|200|EA|2000|KRW|400000|20190221|1300|
C|005186|2019|50004759740012|001|4300012810|00120|CMB0010|240|EA|1280|KRW|307200|20190221|1300|
C|005186|2019|50004759740013|001|4300012811|00030|CME0001|5|EA|3300|KRW|16500|20190221|1300|
C|005186|2019|50004759740014|001|4300012811|00040|CMH0007|5|EA|11600|KRW|58000|20190221|1300|
C|005186|2019|50004759740015|001|4300012811|00060|CMF0021|10|EA|3100|KRW|31000|20190221|1300|
C|005186|2019|50004759740016|001|4300012811|00080|CME0010|100|EA|240|KRW|24000|20190221|1300|
C|005186|2019|50004759740017|001|4300012811|00100|CMA0016|300|EA|2140|KRW|642000|20190221|1300|
C|005186|2019|50004759740018|001|4300012811|00130|CMB0010|400|EA|1280|KRW|512000|20190221|1300|
C|005186|2019|50004759740019|001|4300012812|00030|CMA0015|10|EA|2520|KRW|25200|20190221|1300|
C|005186|2019|50004759740020|001|4300012812|00040|CMH0007|10|EA|11600|KRW|116000|20190221|1300|
C|005186|2019|50004759740021|001|4300012812|00070|CME0010|60|EA|240|KRW|14400|20190221|1300|
C|005186|2019|50004759740022|001|4300012812|00090|CMB0010|240|EA|1280|KRW|307200|20190221|1300|
C|005186|2019|50004759740023|001|4300012813|00020|CMH0007|1|EA|11600|KRW|11600|20190221|1300|
C|005186|2019|50004759740024|001|4300012813|00030|CMF0006|2|EA|9500|KRW|19000|20190221|1300|
C|005186|2019|50004759740025|001|4300012813|00040|CME0001|10|EA|3300|KRW|33000|20190221|1300|
C|005186|2019|50004759740026|001|4300012813|00090|CMB0010|100|EA|1280|KRW|128000|20190221|1300|
C|005186|2019|50004759740027|001|4300012814|00030|CMB0010|10|EA|1280|KRW|12800|20190221|1300|
C|005186|2019|50004759740028|001|4300012814|00050|CMF0006|30|EA|9500|KRW|285000|20190221|1300|
C|005186|2019|50004759740029|001|4300012815|00020|CMZ0014|1|EA|19000|KRW|19000|20190221|1300|
C|005186|2019|50004759740030|001|4300012815|00040|CMA0005|50|EA|2000|KRW|100000|20190221|1300|
C|005186|2019|50004759740031|001|4300012815|00060|CME0010|50|EA|240|KRW|12000|20190221|1300|
C|005186|2019|50004759740032|001|4300012816|00010|CMF0006|1|EA|9500|KRW|9500|20190221|1300|
C|005186|2019|50004759740033|001|4300012816|00030|CMF0001|2|EA|1950|KRW|3900|20190221|1300|
C|005186|2019|50004759740034|001|4300012816|00040|CMH0007|2|EA|11600|KRW|23200|20190221|1300|
C|005186|2019|50004759740035|001|4300012816|00070|CME0001|13|EA|3300|KRW|42900|20190221|1300|
C|005186|2019|50004759740036|001|4300012816|00080|CMA0016|30|EA|2140|KRW|64200|20190221|1300|
C|005186|2019|50004759740037|001|4300012817|00010|CMH0007|1|EA|11600|KRW|11600|20190221|1300|
C|005186|2019|50004759740038|001|4300012817|00040|CMF0020|5|EA|650|KRW|3250|20190221|1300|
C|005186|2019|50004759740039|001|4300012817|00070|CMB0010|40|EA|1280|KRW|51200|20190221|1300|
C|005186|2019|50004759740040|001|4300012818|00040|CMF0001|10|EA|1950|KRW|19500|20190221|1300|
C|005186|2019|50004759740041|001|4300012818|00050|CME0006|20|EA|3080|KRW|61600|20190221|1300|
C|005186|2019|50004759740042|001|4300012818|00060|CME0001|20|EA|3300|KRW|66000|20190221|1300|
C|005186|2019|50004759750001|001|4300012801|00060|CMG0002|5|EA|7060|KRW|35300|20190221|1300|
C|005186|2019|50004759750002|001|4300012818|00030|CMF0013|10|EA|940|KRW|9400|20190221|1300|
C|005186|2019|50004759760001|001|4300012804|00040|CME0001|20|EA|3300|KRW|66000|20190221|1300|
C|005186|2019|50004759760002|001|4300012804|00050|CME0010|150|EA|240|KRW|36000|20190221|1300|
C|005186|2019|50004759760003|001|4300012805|00040|CMB0010|70|EA|1280|KRW|89600|20190221|1300|
C|005186|2019|50004759760004|001|4300012805|00050|CMZ0014|1|EA|19000|KRW|19000|20190221|1300|
C|005186|2019|50004759760005|001|4300012806|00050|CMB0010|80|EA|1280|KRW|102400|20190221|1300|
C|005186|2019|50004759760006|001|4300012806|00060|CME0001|10|EA|3300|KRW|33000|20190221|1300|
C|005186|2019|50004759760007|001|4300012806|00080|CME0010|50|EA|240|KRW|12000|20190221|1300|
C|005186|2019|50004759760008|001|4300012807|00020|CMB0010|100|EA|1280|KRW|128000|20190221|1300|
