C|005186|2015|50002140670001|001|4300004111|00070|CMF0005|4|EA|20700|KRW|82800|20151230|1300|
C|005186|2015|50002140670002|001|4300004112|00100|CMF0005|10|EA|20700|KRW|207000|20151230|1300|
C|005186|2015|50002140670003|001|4300004113|00070|CMF0005|2|EA|20700|KRW|41400|20151230|1300|
C|005186|2015|50002140670004|001|4300004116|00070|CMF0005|6|EA|20700|KRW|124200|20151230|1300|
C|005186|2015|50002140670005|001|4300004117|00090|CMF0005|10|EA|20700|KRW|207000|20151230|1300|
C|005186|2015|50002140670006|001|4300004118|00090|CMF0005|1|EA|20700|KRW|20700|20151230|1300|
C|005186|2015|50002140670007|001|4300004120|00170|CMF0005|10|EA|20700|KRW|207000|20151230|1300|
C|005186|2015|50002140680001|001|4300004123|00050|CMD0016|1|EA|30450|KRW|30450|20151230|1300|
C|005186|2015|50002140680002|001|4300004124|00080|CMD0012|1|EA|29400|KRW|29400|20151230|1300|
C|005186|2015|50002140690001|001|4300004124|00060|CMF0005|3|EA|20700|KRW|62100|20151230|1300|
C|005186|2015|50002140690002|001|4300004124|00100|CMD0013|2|EA|22460|KRW|44920|20151230|1300|
C|005186|2015|50002140700001|001|4300004110|00070|CMF0005|15|EA|20700|KRW|310500|20151230|1300|
C|005186|2015|50002140710001|001|4300004111|00040|CMD0011|8|EA|24150|KRW|193200|20151230|1300|
C|005186|2015|50002140710002|001|4300004114|00070|CMD0011|6|EA|24150|KRW|144900|20151230|1300|
C|005186|2015|50002140710003|001|4300004120|00110|CMD0011|9|EA|24150|KRW|217350|20151230|1300|
C|005186|2015|50002140710004|001|4300004120|00120|CMD0016|4|EA|30450|KRW|121800|20151230|1300|
C|005186|2015|50002140720001|001|4300004120|00110|CMD0011|8|EA|24150|KRW|193200|20151230|1300|
C|005186|2015|50002140730001|001|4300004071|00050|UGBC1452|30|EA|850|KRW|25500|20151230|1300|
C|005186|2015|50002140730002|001|4300004071|00060|UGBC1453|30|EA|1500|KRW|45000|20151230|1300|
C|005186|2015|50002140730003|001|4300004071|00070|UGBC1454|20|EA|1500|KRW|30000|20151230|1300|
C|005186|2015|50002140740001|001|4300003998|00030|UEAC0102|2|EA|128430|KRW|256860|20151230|1300|
C|005186|2015|50002140740002|001|4300004009|00070|UAGC0467|30|EA|4400|KRW|132000|20151230|1300|
C|005186|2015|50002140740003|001|4300004013|00090|UGCC0894|200|EA|4220|KRW|844000|20151230|1300|
C|005186|2015|50002140740004|001|4300004015|00010|UDEC0103|2|EA|289500|KRW|579000|20151230|1300|
C|005186|2015|50002140740005|001|4300004015|00020|UDDC0136|10|EA|13545|KRW|135450|20151230|1300|
C|005186|2015|50002140740006|001|4300004075|00030|UEBC0131|5|EA|98660|KRW|493300|20151230|1300|
C|005186|2015|50002140740007|001|4300004075|00040|UEBC0258|5|EA|6330|KRW|31650|20151230|1300|
C|005186|2015|50002140740008|001|4300004075|00050|UEBC0260|5|EA|11210|KRW|56050|20151230|1300|
C|005186|2015|50002140740009|001|4300004075|00060|UEBC1201|2|EA|30500|KRW|61000|20151230|1300|
C|005186|2015|50002140750001|001|4300004083|00080|KH990100|4|EA|27220|KRW|108880|20151230|1300|
C|005186|2015|50002140750002|001|4300004083|00090|KH990101|6|EA|7250|KRW|43500|20151230|1300|
C|005186|2015|50002140750003|001|4300004083|00160|KT020003|3|EA|5600|KRW|16800|20151230|1300|
C|005186|2015|50002140750004|001|4300004083|00170|KT020004|2|EA|5600|KRW|11200|20151230|1300|
C|005186|2015|50002140750005|001|4300004083|00180|KT020005|2|EA|5640|KRW|11280|20151230|1300|
C|005186|2015|50002140750006|001|4300004083|00190|KT020006|2|EA|6250|KRW|12500|20151230|1300|
C|005186|2015|50002140750007|001|4300004083|00200|KT020007|4|EA|6860|KRW|27440|20151230|1300|
C|005186|2015|50002140750008|001|4300004083|00210|KT020008|3|EA|8030|KRW|24090|20151230|1300|
C|005186|2015|50002140750009|001|4300004083|00220|KT020009|3|EA|8030|KRW|24090|20151230|1300|
C|005186|2015|50002140750010|001|4300004083|00230|KT020011|2|EA|10400|KRW|20800|20151230|1300|
C|005186|2015|50002140750011|001|4300004083|00240|KT020012|2|EA|13110|KRW|26220|20151230|1300|
C|005186|2015|50002140750012|001|4300004083|00250|KT020013|3|EA|13110|KRW|39330|20151230|1300|
C|005186|2015|50002140750013|001|4300004083|00260|KT020014|2|EA|14490|KRW|28980|20151230|1300|
C|005186|2015|50002140750014|001|4300004083|00270|KT020017|1|EA|18730|KRW|18730|20151230|1300|
C|005186|2015|50002140750015|001|4300004083|00280|KT020500|20|EA|3110|KRW|62200|20151230|1300|
C|005186|2015|50002140750016|001|4300004083|00350|KT080311|3|EA|72980|KRW|218940|20151230|1300|
C|005186|2015|50002140750017|001|4300004086|00090|KS990007|7|EA|51450|KRW|360150|20151230|1300|
C|005186|2015|50002140750018|001|4300004086|00110|KT080520|3|EA|2760|KRW|8280|20151230|1300|
C|005186|2015|50002140750019|001|4300004086|00120|KT990001|200|EA|510|KRW|102000|20151230|1300|
C|005186|2015|50002140750020|001|4300004086|00130|KT990010|200|EA|370|KRW|74000|20151230|1300|
C|005186|2015|50002140760001|001|4300003931|00010|UHTC0197|1|EA|280670|KRW|280670|20151230|1300|
C|005186|2015|50002140760002|001|4300003992|00010|UGCC0605|1|EA|11030|KRW|0|20151230|1300|
C|005186|2015|50002140760003|001|4300003992|00020|UAAC0013|1|EA|6580|KRW|0|20151230|1300|
C|005186|2015|50002140760004|001|4300003992|00030|UAEC0353|1|EA|106150|KRW|0|20151230|1300|
C|005186|2015|50002140760005|001|4300003993|00010|UADC0136|2|EA|5560|KRW|11120|20151230|1300|
C|005186|2015|50002140760006|001|4300004013|00100|UKBC0016|5|EA|10110|KRW|50550|20151230|1300|
C|005186|2015|50002140760007|001|4300004014|00010|UDBC0790|20|EA|4673|KRW|93460|20151230|1300|
C|005186|2015|50002140760008|001|4300004014|00020|UGBC0990|12|EA|580|KRW|6960|20151230|1300|
C|005186|2015|50002140760009|001|4300004014|00190|UDAC0256|1|EA|120870|KRW|120870|20151230|1300|
C|005186|2015|50002140760010|001|4300004015|00060|UGBC0780|30|EA|570|KRW|17100|20151230|1300|
C|005186|2015|50002140760011|001|4300004015|00070|UGBC0781|30|EA|580|KRW|17400|20151230|1300|
C|005186|2015|50002140760012|001|4300004015|00080|UGBC0782|30|EA|720|KRW|21600|20151230|1300|
C|005186|2015|50002140760013|001|4300004015|00090|UGBC0783|30|EA|830|KRW|24900|20151230|1300|
C|005186|2015|50002140760014|001|4300004067|00060|UKBC0010|1|EA|91480|KRW|91480|20151230|1300|
C|005186|2015|50002140760015|001|4300004067|00080|UKBC0010|2|EA|91480|KRW|182960|20151230|1300|
C|005186|2015|50002140760016|001|4300004069|00010|UKBC0010|2|EA|91480|KRW|182960|20151230|1300|
C|005186|2015|50002140760017|001|4300004080|00020|UAGC0372|5|EA|7480|KRW|37400|20151230|1300|
C|005186|2015|50002140760018|001|4300004080|00030|UAGC0376|5|EA|7880|KRW|39400|20151230|1300|
C|005186|2015|50002140760019|001|4300004080|00040|UAGC0272|10|EA|1550|KRW|15500|20151230|1300|
C|005186|2015|50002140760020|001|4300004087|00010|UJBC0031|12|EA|16630|KRW|199560|20151230|1300|
C|005186|2015|50002140760021|001|4300004089|00010|UDAC0320|10|EA|1730|KRW|17300|20151230|1300|
C|005186|2015|50002140770001|001|4300004002|00020|UAEC0028|2|EA|43370|KRW|86740|20151230|1300|
C|005186|2015|50002140770002|001|4300004002|00030|UAEC0048|1|EA|12600|KRW|12600|20151230|1300|
C|005186|2015|50002140770003|001|4300004002|00040|UAEC0285|1|EA|7400|KRW|7400|20151230|1300|
C|005186|2015|50002140770004|001|4300004002|00050|UAEC0004|2|EA|9450|KRW|18900|20151230|1300|
C|005186|2015|50002140770005|001|4300004002|00060|UAEC0007|2|EA|4630|KRW|9260|20151230|1300|
C|005186|2015|50002140770006|001|4300004002|00090|UAEC0095|1|EA|22630|KRW|22630|20151230|1300|
C|005186|2015|50002140770007|001|4300004002|00100|UAEC0114|2|EA|12290|KRW|24580|20151230|1300|
C|005186|2015|50002140770008|001|4300004002|00120|UJAC0026|6|EA|42320|KRW|253920|20151230|1300|
C|005186|2015|50002140770009|001|4300004002|00130|UJAC0027|6|EA|47670|KRW|286020|20151230|1300|
C|005186|2015|50002140770010|001|4300004002|00140|UICC0034|1|EA|23100|KRW|23100|20151230|1300|
C|005186|2015|50002140770011|001|4300004002|00160|UAGC0248|1|EA|199500|KRW|199500|20151230|1300|
C|005186|2015|50002140770012|001|4300004002|00170|UKGC0008|7|EA|2940|KRW|20580|20151230|1300|
C|005186|2015|50002140770013|001|4300004006|00020|UIEC0080|2|EA|46500|KRW|93000|20151230|1300|
C|005186|2015|50002140770014|001|4300004006|00030|UEBC1249|5|EA|1900|KRW|9500|20151230|1300|
C|005186|2015|50002140770015|001|4300004006|00040|UJAC0146|2|EA|41300|KRW|82600|20151230|1300|
C|005186|2015|50002140770016|001|4300004006|00050|UAEC0433|1|EA|43400|KRW|43400|20151230|1300|
C|005186|2015|50002140770017|001|4300004006|00060|UJBC0057|5|EA|4130|KRW|20650|20151230|1300|
C|005186|2015|50002140770018|001|4300004006|00090|UEBC1257|10|EA|2000|KRW|20000|20151230|1300|
C|005186|2015|50002140770019|001|4300004007|00040|UHTC0766|4|EA|29700|KRW|118800|20151230|1300|
C|005186|2015|50002140770020|001|4300004007|00050|UCAC0299|4|EA|252300|KRW|1009200|20151230|1300|
C|005186|2015|50002140770021|001|4300004007|00060|UDBC0925|100|EA|500|KRW|50000|20151230|1300|
C|005186|2015|50002140770022|001|4300004007|00070|UAHC0057|1|EA|62800|KRW|62800|20151230|1300|
C|005186|2015|50002140770023|001|4300004008|00010|UGBC0422|2|EA|4410|KRW|8820|20151230|1300|
C|005186|2015|50002140770024|001|4300004008|00030|UGCC0246|10|EA|14700|KRW|147000|20151230|1300|
C|005186|2015|50002140770025|001|4300004008|00050|UHTC0199|1|EA|488250|KRW|488250|20151230|1300|
C|005186|2015|50002140770026|001|4300004008|00060|UGBC0424|2|EA|3720|KRW|7440|20151230|1300|
C|005186|2015|50002140770027|001|4300004067|00010|UAGC0193|50|EA|3255|KRW|162750|20151230|1300|
C|005186|2015|50002140770028|001|4300004067|00020|UAKC0021|2|EA|10200|KRW|20400|20151230|1300|
C|005186|2015|50002140770029|001|4300004067|00050|UJAC0068|4|EA|6070|KRW|24280|20151230|1300|
C|005186|2015|50002140770030|001|4300004067|00070|UZZC0079|3|EA|10500|KRW|31500|20151230|1300|
C|005186|2015|50002140770031|001|4300004069|00020|UJCC0061|4|EA|433000|KRW|1732000|20151230|1300|
C|005186|2015|50002140780001|001|4300004002|00180|UGAC0033|10|EA|17325|KRW|173250|20151230|1300|
C|005186|2015|50002140780002|001|4300004007|00090|UGCC1013|30|EA|2900|KRW|87000|20151230|1300|
C|005186|2015|50002140780003|001|4300004009|00080|UEBC0519|4|EA|11280|KRW|45120|20151230|1300|
C|005186|2015|50002140780004|001|4300004013|00080|UGBC1412|20|EA|22200|KRW|444000|20151230|1300|
C|005186|2015|50002140780005|001|4300004014|00090|UDAC0135|20|EA|5780|KRW|115600|20151230|1300|
C|005186|2015|50002140780006|001|4300004071|00020|UDAC0321|130|EA|1120|KRW|145600|20151230|1300|
C|005186|2015|50002140780007|001|4300004071|00030|UDAC0322|80|EA|1370|KRW|109600|20151230|1300|
C|005186|2015|50002140780008|001|4300004071|00040|UDAC0323|80|EA|1480|KRW|118400|20151230|1300|
C|005186|2015|50002140780009|001|4300004071|00080|UGBC1456|30|EA|3200|KRW|96000|20151230|1300|
C|005186|2015|50002140780010|001|4300004071|00090|UGBC1457|30|EA|1800|KRW|54000|20151230|1300|
C|005186|2015|50002140780011|001|4300004071|00100|UAGC0479|50|EA|1960|KRW|98000|20151230|1300|
C|005186|2015|50002140780012|001|4300004088|00020|UGCC1004|2|EA|305000|KRW|610000|20151230|1300|
C|005186|2015|50002140780013|001|4300004089|00020|UGCC0994|6|EA|146300|KRW|877800|20151230|1300|
C|005186|2015|50002140780014|001|4300004090|00040|UAGC0484|4|EA|55500|KRW|222000|20151230|1300|
C|005186|2015|50002140780015|001|4300004090|00050|UAGC0485|4|EA|55500|KRW|222000|20151230|1300|
C|005186|2015|50002140780016|001|4300004090|00070|UEAC0180|4|EA|137800|KRW|551200|20151230|1300|
C|005186|2015|50002140780017|001|4300004091|00020|UAGC0486|2|EA|28500|KRW|57000|20151230|1300|
C|005186|2015|50002140790001|001|4300004009|00030|UADC0106|7|EA|2310|KRW|16170|20151230|1300|
C|005186|2015|50002140790002|001|4300004009|00040|UIDC0087|2|EA|185260|KRW|370520|20151230|1300|
C|005186|2015|50002140790003|001|4300004009|00050|UJAC0087|6|EA|44840|KRW|269040|20151230|1300|
C|005186|2015|50002140790004|001|4300004009|00060|UJAC0088|6|EA|49350|KRW|296100|20151230|1300|
C|005186|2015|50002140790005|001|4300004009|00090|UAGC0323|10|EA|14180|KRW|141800|20151230|1300|
C|005186|2015|50002140790006|001|4300004009|00100|UKEC0091|20|EA|1270|KRW|25400|20151230|1300|
C|005186|2015|50002140790007|001|4300004009|00110|UAAC0001|20|EA|1890|KRW|37800|20151230|1300|
C|005186|2015|50002140790008|001|4300004009|00120|UAEC0330|1|EA|50240|KRW|50240|20151230|1300|
C|005186|2015|50002140790009|001|4300004013|00010|UADC0081|2|EA|6720|KRW|13440|20151230|1300|
C|005186|2015|50002140790010|001|4300004013|00020|UAEC0285|2|EA|7400|KRW|14800|20151230|1300|
C|005186|2015|50002140790011|001|4300004013|00030|UAEC0343|2|EA|9070|KRW|18140|20151230|1300|
C|005186|2015|50002140790012|001|4300004013|00040|UAIC0013|2|EA|45680|KRW|91360|20151230|1300|
C|005186|2015|50002140790013|001|4300004013|00050|UAEC0014|2|EA|9000|KRW|18000|20151230|1300|
C|005186|2015|50002140790014|001|4300004013|00060|UGCC0607|10|EA|9870|KRW|98700|20151230|1300|
C|005186|2015|50002140790015|001|4300004013|00070|UAAC0015|10|EA|8790|KRW|87900|20151230|1300|
C|005186|2015|50002140790016|001|4300004068|00010|UJCC0061|4|EA|433000|KRW|1732000|20151230|1300|
C|005186|2015|50002140800001|001|4300004002|00010|UAGC0379|4|EA|35700|KRW|142800|20151230|1300|
C|005186|2015|50002140800002|001|4300004002|00080|UFAC0002|5|EA|18900|KRW|94500|20151230|1300|
C|005186|2015|50002140800003|001|4300004002|00150|UAEC0409|2|EA|11720|KRW|23440|20151230|1300|
C|005186|2015|50002140800004|001|4300004002|00190|UEBC0194|20|EA|16200|KRW|324000|20151230|1300|
C|005186|2015|50002140800005|001|4300004006|00010|UFIC0014|2|EA|381600|KRW|763200|20151230|1300|
C|005186|2015|50002140800006|001|4300004006|00070|UDFC0172|5|EA|21200|KRW|106000|20151230|1300|
C|005186|2015|50002140800007|001|4300004007|00100|UZZC0149|200|EA|1960|KRW|392000|20151230|1300|
C|005186|2015|50002140800008|001|4300004014|00030|UEBC0819|10|EA|9810|KRW|98100|20151230|1300|
C|005186|2015|50002140800009|001|4300004014|00040|UEBC0665|1|EA|165850|KRW|165850|20151230|1300|
C|005186|2015|50002140800010|001|4300004014|00050|UEBC0796|5|EA|3140|KRW|15700|20151230|1300|
C|005186|2015|50002140800011|001|4300004014|00060|UDDC0343|3|EA|130900|KRW|392700|20151230|1300|
C|005186|2015|50002140800012|001|4300004014|00070|UDEC0056|6|EA|39960|KRW|239760|20151230|1300|
C|005186|2015|50002140800013|001|4300004014|00080|UIDC0037|1|EA|17850|KRW|17850|20151230|1300|
C|005186|2015|50002140800014|001|4300004014|00100|UAGC0440|10|EA|5570|KRW|55700|20151230|1300|
C|005186|2015|50002140800015|001|4300004014|00110|UAGC0152|10|EA|11890|KRW|118900|20151230|1300|
C|005186|2015|50002140800016|001|4300004014|00120|UAGC0441|10|EA|8020|KRW|80200|20151230|1300|
C|005186|2015|50002140800017|001|4300004014|00130|UAGC0439|10|EA|5260|KRW|52600|20151230|1300|
C|005186|2015|50002140800018|001|4300004014|00140|UAGC0087|20|EA|1020|KRW|20400|20151230|1300|
C|005186|2015|50002140800019|001|4300004014|00150|UEBC0816|10|EA|8430|KRW|84300|20151230|1300|
C|005186|2015|50002140800020|001|4300004014|00160|UEBC1105|2|EA|14310|KRW|28620|20151230|1300|
C|005186|2015|50002140800021|001|4300004014|00170|UEBC1126|2|EA|13800|KRW|27600|20151230|1300|
C|005186|2015|50002140800022|001|4300004014|00180|UGCC0677|3|EA|36750|KRW|110250|20151230|1300|
C|005186|2015|50002140800023|001|4300004015|00030|UEAC0164|1|EA|196000|KRW|196000|20151230|1300|
C|005186|2015|50002140800024|001|4300004015|00040|UEAC0166|3|EA|69900|KRW|209700|20151230|1300|
C|005186|2015|50002140800025|001|4300004015|00050|UEBC0381|5|EA|2460|KRW|12300|20151230|1300|
C|005186|2015|50002140800026|001|4300004015|00100|UJAC0118|4|EA|6300|KRW|25200|20151230|1300|
C|005186|2015|50002140800027|001|4300004015|00110|UDAC0221|4|EA|3150|KRW|12600|20151230|1300|
C|005186|2015|50002140800028|001|4300004015|00150|UDAC0264|5|EA|50500|KRW|252500|20151230|1300|
C|005186|2015|50002140800029|001|4300004015|00160|UEBC0801|2|EA|42320|KRW|84640|20151230|1300|
C|005186|2015|50002140800030|001|4300004015|00170|UEBC0470|9|EA|9980|KRW|89820|20151230|1300|
C|005186|2015|50002140800031|001|4300004067|00090|UDAC0227|500|EA|630|KRW|315000|20151230|1300|
C|005186|2015|50002140800032|001|4300004071|00010|UDAC0053|5|EA|196350|KRW|981750|20151230|1300|
C|005186|2015|50002140800033|001|4300004071|00110|UDAC0324|1|EA|63600|KRW|63600|20151230|1300|
C|005186|2015|50002140800034|001|4300004089|00030|UGBC1455|3|EA|286200|KRW|858600|20151230|1300|
C|005186|2015|50002140800035|001|4300004090|00060|UDBC0923|1|EA|72100|KRW|72100|20151230|1300|
C|005186|2015|50002140800036|001|4300004091|00010|UAEC0432|2|EA|636000|KRW|1272000|20151230|1300|
C|005186|2015|50002140800037|001|4300004092|00010|UEBC1244|3|EA|418000|KRW|1254000|20151230|1300|
C|005186|2015|50002140810001|001|4300003995|00020|UEBC0118|10|EA|2060|KRW|20600|20151230|1300|
C|005186|2015|50002140810002|001|4300003995|00030|UEBC0119|20|EA|2190|KRW|43800|20151230|1300|
C|005186|2015|50002140810003|001|4300003995|00040|UEBC0123|10|EA|4410|KRW|44100|20151230|1300|
C|005186|2015|50002140810004|001|4300003995|00050|UEBC0124|10|EA|5800|KRW|58000|20151230|1300|
C|005186|2015|50002140810005|001|4300003995|00060|UEBC0125|10|EA|7310|KRW|73100|20151230|1300|
C|005186|2015|50002140810006|001|4300003995|00070|UEBC0130|3|EA|19620|KRW|58860|20151230|1300|
C|005186|2015|50002140810007|001|4300004080|00070|UEAC0021|2|EA|66400|KRW|132800|20151230|1300|
C|005186|2015|50002140810008|001|4300004080|00080|UEAC0078|2|EA|83800|KRW|167600|20151230|1300|
C|005186|2015|50002140810009|001|4300004083|00100|KS061502|8|EA|2970|KRW|23760|20151230|1300|
C|005186|2015|50002140810010|001|4300004083|00110|KS061503|5|EA|3150|KRW|15750|20151230|1300|
C|005186|2015|50002140810011|001|4300004083|00120|KS061504|4|EA|4050|KRW|16200|20151230|1300|
C|005186|2015|50002140810012|001|4300004083|00130|KS061505|2|EA|6230|KRW|12460|20151230|1300|
C|005186|2015|50002140810013|001|4300004083|00140|KS061507|1|EA|8260|KRW|8260|20151230|1300|
C|005186|2015|50002140810014|001|4300004083|00150|KS061508|1|EA|10510|KRW|10510|20151230|1300|
C|005186|2015|50002140810015|001|4300004083|00290|KT020600|2|EA|14910|KRW|29820|20151230|1300|
C|005186|2015|50002140810016|001|4300004083|00300|KT020611|2|EA|28140|KRW|56280|20151230|1300|
C|005186|2015|50002140810017|001|4300004083|00310|KT020612|1|EA|44100|KRW|44100|20151230|1300|
C|005186|2015|50002140810018|001|4300004083|00320|KT020620|20|EA|290|KRW|5800|20151230|1300|
C|005186|2015|50002140810019|001|4300004083|00330|KT020700|15|EA|2680|KRW|40200|20151230|1300|
C|005186|2015|50002140810020|001|4300004083|00340|KT020704|31|EA|610|KRW|18910|20151230|1300|
C|005186|2015|50002140810021|001|4300004083|00360|KT080350|1|EA|4720|KRW|4720|20151230|1300|
C|005186|2015|50002140810022|001|4300004086|00010|KS066902|10|EA|1540|KRW|15400|20151230|1300|
C|005186|2015|50002140810023|001|4300004086|00020|KS066905|6|EA|2260|KRW|13560|20151230|1300|
C|005186|2015|50002140810024|001|4300004086|00030|KS067001|2|EA|1400|KRW|2800|20151230|1300|
C|005186|2015|50002140810025|001|4300004086|00040|KS067005|3|EA|2400|KRW|7200|20151230|1300|
C|005186|2015|50002140810026|001|4300004086|00050|KS067204|2|EA|2570|KRW|5140|20151230|1300|
C|005186|2015|50002140810027|001|4300004086|00060|KS067208|5|EA|7940|KRW|39700|20151230|1300|
C|005186|2015|50002140810028|001|4300004086|00070|KS080705|4|EA|18500|KRW|74000|20151230|1300|
C|005186|2015|50002140810029|001|4300004086|00080|KS080711|5|EA|32300|KRW|161500|20151230|1300|
C|005186|2015|50002140810030|001|4300004086|00100|KT020610|1|EA|29150|KRW|29150|20151230|1300|
