C|005186|2016|50003107240001|001|4300006436|00010|UGBC0527|3|EA|73500|KRW|220500|20161223|1300|
C|005186|2016|50003107240002|001|4300006436|00030|UDAC0310|20|EA|2060|KRW|41200|20161223|1300|
C|005186|2016|50003107240003|001|4300006436|00040|UDAC0311|20|EA|2690|KRW|53800|20161223|1300|
C|005186|2016|50003107240004|001|4300006436|00050|UDAC0312|20|EA|3100|KRW|62000|20161223|1300|
C|005186|2016|50003107240005|001|4300006436|00060|UDAC0313|10|EA|3580|KRW|35800|20161223|1300|
C|005186|2016|50003107240006|001|4300006436|00070|UCEC0029|2|EA|67200|KRW|134400|20161223|1300|
C|005186|2016|50003107240007|001|4300006436|00080|UCEC0030|2|EA|59850|KRW|119700|20161223|1300|
C|005186|2016|50003107240008|001|4300006436|00090|UCEC0032|1|EA|56700|KRW|56700|20161223|1300|
C|005186|2016|50003107240009|001|4300006436|00100|UCEC0033|1|EA|55650|KRW|55650|20161223|1300|
C|005186|2016|50003107240010|001|4300006436|00110|UCEC0034|1|EA|48300|KRW|48300|20161223|1300|
C|005186|2016|50003107240011|001|4300006436|00120|UJCC0030|2|EA|101400|KRW|202800|20161223|1300|
C|005186|2016|50003107240012|001|4300006449|00060|UCIC0108|1|EA|132300|KRW|132300|20161223|1300|
C|005186|2016|50003107240013|001|4300006449|00070|UGBC0005|20|EA|1890|KRW|37800|20161223|1300|
C|005186|2016|50003107240014|001|4300006454|00120|UCEC0012|5|EA|50400|KRW|252000|20161223|1300|
C|005186|2016|50003107250001|001|4300006552|00030|UDCC0025|4|EA|10400|KRW|41600|20161223|1300|
C|005186|2016|50003107250002|001|4300006553|00080|UDDC0362|1|EA|114500|KRW|114500|20161223|1300|
C|005186|2016|50003107250003|001|4300006554|00070|UDCC0054|2|EA|84100|KRW|168200|20161223|1300|
C|005186|2016|50003107250004|001|4300006554|00080|UIDC0140|1|EA|105000|KRW|105000|20161223|1300|
C|005186|2016|50003107250005|001|4300006555|00040|UDCC0029|2|EA|51450|KRW|102900|20161223|1300|
C|005186|2016|50003107250006|001|4300006555|00050|UDDC0223|5|EA|14700|KRW|73500|20161223|1300|
C|005186|2016|50003107250007|001|4300006555|00060|UDDC0218|5|EA|26570|KRW|132850|20161223|1300|
C|005186|2016|50003107250008|001|4300006555|00070|UDDC0133|5|EA|28245|KRW|141225|20161223|1300|
C|005186|2016|50003107250009|001|4300006559|00010|UGAC0104|1|EA|200300|KRW|200300|20161223|1300|
C|005186|2016|50003107250010|001|4300006559|00060|UCCC0010|2|EA|271500|KRW|543000|20161223|1300|
C|005186|2016|50003107250011|001|4300006588|00020|UDCC0063|1|EA|67400|KRW|67400|20161223|1300|
C|005186|2016|50003107260001|001|4300006533|00010|CMZ0009|20|EA|920|KRW|18400|20161223|1300|
C|005186|2016|50003107260002|001|4300006533|00020|CMZ0001|10|EA|760|KRW|7600|20161223|1300|
C|005186|2016|50003107260003|001|4300006533|00030|CMZ0002|10|EA|400|KRW|4000|20161223|1300|
C|005186|2016|50003107260004|001|4300006533|00050|CMZ0005|20|EA|810|KRW|16200|20161223|1300|
C|005186|2016|50003107260005|001|4300006533|00060|CMZ0004|20|EA|220|KRW|4400|20161223|1300|
C|005186|2016|50003107260006|001|4300006533|00100|CMB0001|100|EA|520|KRW|52000|20161223|1300|
C|005186|2016|50003107260007|001|4300006533|00110|CMC0005|20|EA|150|KRW|3000|20161223|1300|
C|005186|2016|50003107260008|001|4300006533|00120|CMC0003|20|EA|310|KRW|6200|20161223|1300|
C|005186|2016|50003107260009|001|4300006533|00160|CMG0001|2|EA|1290|KRW|2580|20161223|1300|
C|005186|2016|50003107270001|001|4300006533|00080|CMB0002|40|EA|2100|KRW|84000|20161223|1300|
C|005186|2016|50003107270002|001|4300006533|00090|CMB0003|40|EA|2200|KRW|88000|20161223|1300|
C|005186|2016|50003107270003|001|4300006533|00130|CMA0001|300|EA|151|KRW|45300|20161223|1300|
C|005186|2016|50003107270004|001|4300006533|00140|CMA0007|200|EA|151|KRW|30200|20161223|1300|
C|005186|2016|50003107270005|001|4300006533|00150|CMA0008|160|EA|470|KRW|75200|20161223|1300|
C|005186|2016|50003107280001|001|4300006526|00010|CMA0001|700|EA|151|KRW|105700|20161223|1300|
C|005186|2016|50003107280002|001|4300006526|00020|CMA0007|400|EA|151|KRW|60400|20161223|1300|
C|005186|2016|50003107280003|001|4300006526|00030|CMA0008|50|EA|470|KRW|23500|20161223|1300|
C|005186|2016|50003107280004|001|4300006526|00060|CMB0002|120|EA|2100|KRW|252000|20161223|1300|
C|005186|2016|50003107280005|001|4300006526|00070|CMB0007|20|EA|760|KRW|15200|20161223|1300|
C|005186|2016|50003107290001|001|4300006526|00040|CMA0017|50|EA|770|KRW|38500|20161223|1300|
C|005186|2016|50003107290002|001|4300006526|00050|CMB0001|60|EA|520|KRW|31200|20161223|1300|
C|005186|2016|50003107290003|001|4300006526|00120|CME0002|150|EA|1100|KRW|165000|20161223|1300|
C|005186|2016|50003107290004|001|4300006526|00150|CMZ0002|20|EA|400|KRW|8000|20161223|1300|
C|005186|2016|50003107290005|001|4300006526|00160|CMZ0004|20|EA|220|KRW|4400|20161223|1300|
C|005186|2016|50003107290006|001|4300006526|00170|CMZ0009|200|EA|920|KRW|184000|20161223|1300|
C|005186|2016|50003107500001|001|4300006534|00010|CMA0001|300|EA|151|KRW|45300|20161223|1300|
C|005186|2016|50003107500002|001|4300006534|00020|CMA0007|100|EA|151|KRW|15100|20161223|1300|
C|005186|2016|50003107500003|001|4300006534|00070|CMB0002|120|EA|2100|KRW|252000|20161223|1300|
C|005186|2016|50003107510001|001|4300006534|00050|CMA0017|5|EA|770|KRW|3850|20161223|1300|
C|005186|2016|50003107510002|001|4300006534|00060|CMB0001|240|EA|520|KRW|124800|20161223|1300|
C|005186|2016|50003107510003|001|4300006534|00080|CMD0001|15|EA|8000|KRW|120000|20161223|1300|
C|005186|2016|50003107510004|001|4300006534|00110|CME0006|50|EA|3080|KRW|154000|20161223|1300|
C|005186|2016|50003107510005|001|4300006534|00130|CMZ0008|2|EA|920|KRW|1840|20161223|1300|
C|005186|2016|50003107510006|001|4300006534|00140|CMZ0009|2|EA|920|KRW|1840|20161223|1300|
C|005186|2016|50003107520001|001|4300006532|00010|CMA0001|200|EA|151|KRW|30200|20161223|1300|
C|005186|2016|50003107520002|001|4300006532|00020|CMA0007|250|EA|151|KRW|37750|20161223|1300|
C|005186|2016|50003107520003|001|4300006532|00040|CMB0002|100|EA|2100|KRW|210000|20161223|1300|
C|005186|2016|50003107530001|001|4300006532|00050|CMC0005|30|EA|150|KRW|4500|20161223|1300|
C|005186|2016|50003107530002|001|4300006532|00120|CMZ0004|10|EA|220|KRW|2200|20161223|1300|
C|005186|2016|50003107530003|001|4300006532|00130|CMZ0005|20|EA|810|KRW|16200|20161223|1300|
C|005186|2016|50003107540001|001|4300006540|00010|CMA0001|20|EA|151|KRW|3020|20161223|1300|
C|005186|2016|50003107540002|001|4300006540|00020|CMA0007|50|EA|151|KRW|7550|20161223|1300|
C|005186|2016|50003107550001|001|4300006540|00050|CMH0006|5|EA|460|KRW|2300|20161223|1300|
C|005186|2016|50003107560001|001|4300006539|00010|CMA0001|100|EA|151|KRW|15100|20161223|1300|
C|005186|2016|50003107560002|001|4300006539|00020|CMA0007|40|EA|151|KRW|6040|20161223|1300|
C|005186|2016|50003107560003|001|4300006539|00030|CMA0008|40|EA|470|KRW|18800|20161223|1300|
C|005186|2016|50003107570001|001|4300006539|00040|CMA0017|5|EA|770|KRW|3850|20161223|1300|
C|005186|2016|50003107580001|001|4300006530|00010|CMA0001|110|EA|151|KRW|16610|20161223|1300|
C|005186|2016|50003107580002|001|4300006530|00020|CMA0007|90|EA|151|KRW|13590|20161223|1300|
C|005186|2016|50003107580003|001|4300006530|00030|CMA0008|20|EA|470|KRW|9400|20161223|1300|
C|005186|2016|50003107590001|001|4300006530|00040|CMB0001|80|EA|520|KRW|41600|20161223|1300|
C|005186|2016|50003107590002|001|4300006530|00050|CMA0017|2|EA|770|KRW|1540|20161223|1300|
C|005186|2016|50003107590003|001|4300006530|00060|CMF0003|5|EA|2020|KRW|10100|20161223|1300|
C|005186|2016|50003107600001|001|4300006541|00030|CMA0007|100|EA|151|KRW|15100|20161223|1300|
C|005186|2016|50003107600002|001|4300006541|00080|CMA0001|10|EA|151|KRW|1510|20161223|1300|
C|005186|2016|50003107600003|001|4300006541|00090|CMA0007|50|EA|151|KRW|7550|20161223|1300|
C|005186|2016|50003107610001|001|4300006541|00020|CMA0014|20|EA|320|KRW|6400|20161223|1300|
C|005186|2016|50003107610002|001|4300006541|00040|CMZ0005|100|EA|810|KRW|81000|20161223|1300|
C|005186|2016|50003107610003|001|4300006541|00050|CMZ0003|5|EA|1000|KRW|5000|20161223|1300|
C|005186|2016|50003107610004|001|4300006541|00100|CMZ0002|20|EA|400|KRW|8000|20161223|1300|
C|005186|2016|50003107610005|001|4300006541|00110|CMZ0005|20|EA|810|KRW|16200|20161223|1300|
