C|005186|2017|50003519830001|001|4300007733|00090|UDEC0005|6|EA|95150|KRW|570900|20170629|1300|
C|005186|2017|50003519830002|001|4300007733|00100|UDCC0027|5|EA|18780|KRW|93900|20170629|1300|
C|005186|2017|50003519830003|001|4300007734|00030|UHTC0512|1|EA|442120|KRW|442120|20170629|1300|
C|005186|2017|50003519840001|001|4300007684|00010|UGCC1215|20|EA|73200|KRW|1464000|20170629|1300|
C|005186|2017|50003519840002|001|4300007740|00070|KE230003|150|EA|1870|KRW|280500|20170629|1300|
C|005186|2017|50003519840003|001|4300007748|00010|UHTC0047|3|EA|132500|KRW|397500|20170629|1300|
C|005186|2017|50003519840004|001|4300007748|00020|UHTC0429|2|EA|549150|KRW|1098300|20170629|1300|
C|005186|2017|50003519840005|001|4300007749|00010|UHTC0806|2|EA|551200|KRW|1102400|20170629|1300|
C|005186|2017|50003519840006|001|4300007750|00010|UHGC0129|2|EA|612680|KRW|1225360|20170629|1300|
C|005186|2017|50003519840007|001|4300007752|00080|UGBC1507|20|EA|1540|KRW|30800|20170629|1300|
C|005186|2017|50003519840008|001|4300007753|00060|UKEC0109|40|EA|1526|KRW|61040|20170629|1300|
C|005186|2017|50003519840009|001|4300007755|00010|UHHC0028|139|M|14330|KRW|1991870|20170629|1300|
C|005186|2017|50003519850001|001|4300007740|00010|KS067004|4|EA|2000|KRW|8000|20170629|1300|
C|005186|2017|50003519850002|001|4300007740|00020|KS080705|4|EA|18500|KRW|74000|20170629|1300|
C|005186|2017|50003519850003|001|4300007751|00040|UEBC1375|2|EA|17810|KRW|35620|20170629|1300|
C|005186|2017|50003519850004|001|4300007751|00050|UEBC0020|5|EA|42810|KRW|214050|20170629|1300|
C|005186|2017|50003519850005|001|4300007751|00060|UEBC1161|4|EA|290000|KRW|1160000|20170629|1300|
C|005186|2017|50003519850006|001|4300007751|00070|UIEC0041|2|EA|52000|KRW|104000|20170629|1300|
C|005186|2017|50003519850007|001|4300007752|00010|UEBC1009|2|EA|305100|KRW|610200|20170629|1300|
C|005186|2017|50003519850008|001|4300007752|00030|UEBC1167|5|EA|46850|KRW|234250|20170629|1300|
C|005186|2017|50003519850009|001|4300007752|00040|UEBC0242|20|EA|3530|KRW|70600|20170629|1300|
C|005186|2017|50003519850010|001|4300007752|00050|UDDC0373|2|EA|36900|KRW|73800|20170629|1300|
C|005186|2017|50003519850011|001|4300007752|00060|UDDC0343|2|EA|130900|KRW|261800|20170629|1300|
C|005186|2017|50003519850012|001|4300007753|00010|UGCC0511|1|EA|41060|KRW|41060|20170629|1300|
C|005186|2017|50003519850013|001|4300007753|00020|UGCC0507|1|EA|24200|KRW|24200|20170629|1300|
C|005186|2017|50003519850014|001|4300007753|00030|UGAC0038|10|EA|19425|KRW|194250|20170629|1300|
C|005186|2017|50003519850015|001|4300007754|00030|UDDC0134|1|EA|10227|KRW|10227|20170629|1300|
C|005186|2017|50003519860001|001|4300007740|00040|KT020022|1|EA|28350|KRW|28350|20170629|1300|
C|005186|2017|50003519860002|001|4300007740|00050|KT990001|200|EA|510|KRW|102000|20170629|1300|
C|005186|2017|50003519860003|001|4300007740|00060|KT990010|170|EA|370|KRW|62900|20170629|1300|
C|005186|2017|50003519870001|001|4300007751|00020|UGCC1025|1|EA|138436|KRW|138436|20170629|1300|
C|005186|2017|50003519870002|001|4300007751|00030|UGCC1076|10|EA|6400|KRW|64000|20170629|1300|
C|005186|2017|50003519870003|001|4300007751|00090|UGCC0388|1|EA|46730|KRW|46730|20170629|1300|
C|005186|2017|50003519870004|001|4300007752|00020|UGCC0192|5|EA|95600|KRW|478000|20170629|1300|
C|005186|2017|50003519870005|001|4300007753|00040|UGCC1160|1|EA|164300|KRW|164300|20170629|1300|
C|005186|2017|50003519870006|001|4300007753|00050|UGCC1142|2|EA|163240|KRW|326480|20170629|1300|
C|005186|2017|50003519870007|001|4300007753|00070|UGCC0727|1|EA|167900|KRW|167900|20170629|1300|
C|005186|2017|50003519870008|001|4300007753|00080|UGBC1424|2|EA|185000|KRW|370000|20170629|1300|
C|005186|2017|50003519870009|001|4300007753|00090|UGBC1425|2|EA|127000|KRW|254000|20170629|1300|
C|005186|2017|50003519870010|001|4300007754|00010|UGBC1208|2|EA|120980|KRW|241960|20170629|1300|
C|005186|2017|50003519870011|001|4300007754|00020|UGBC1003|2|EA|257000|KRW|514000|20170629|1300|
C|005186|2017|50003519880001|001|4300007720|00140|UJBC0006|5|EA|1000|KRW|5000|20170629|1300|
C|005186|2017|50003519880002|001|4300007721|00010|UALC0023|5|EA|22260|KRW|111300|20170629|1300|
C|005186|2017|50003519880003|001|4300007721|00020|UALC0024|5|EA|26500|KRW|132500|20170629|1300|
C|005186|2017|50003519880004|001|4300007721|00030|UALC0088|5|EA|38160|KRW|190800|20170629|1300|
C|005186|2017|50003519880005|001|4300007721|00060|UALC0099|5|EA|38160|KRW|190800|20170629|1300|
C|005186|2017|50003519880006|001|4300007728|00010|UHTC0823|3|EA|275600|KRW|826800|20170629|1300|
C|005186|2017|50003519880007|001|4300007728|00020|UHFC0312|2|EA|73000|KRW|146000|20170629|1300|
C|005186|2017|50003519880008|001|4300007728|00030|UHTC0348|10|EA|51975|KRW|519750|20170629|1300|
C|005186|2017|50003519880009|001|4300007728|00040|UHTC0349|10|EA|50190|KRW|501900|20170629|1300|
C|005186|2017|50003519880010|001|4300007729|00010|UHHC0028|120|M|14330|KRW|1719600|20170629|1300|
C|005186|2017|50003519880011|001|4300007729|00020|UHFC0233|5|EA|11660|KRW|58300|20170629|1300|
C|005186|2017|50003519880012|001|4300007730|00010|UHFC0446|9|EA|180200|KRW|1621800|20170629|1300|
C|005186|2017|50003519880013|001|4300007730|00020|UHGC0012|2|EA|66150|KRW|132300|20170629|1300|
C|005186|2017|50003519880014|001|4300007730|00030|UHGC0063|8|EA|8190|KRW|65520|20170629|1300|
C|005186|2017|50003519880015|001|4300007730|00040|UHGC0067|1|EA|73500|KRW|73500|20170629|1300|
C|005186|2017|50003519880016|001|4300007730|00050|UHFC0312|1|EA|73000|KRW|73000|20170629|1300|
C|005186|2017|50003519880017|001|4300007757|00010|UHFC0015|1|EA|92700|KRW|92700|20170629|1300|
C|005186|2017|50003519880018|001|4300007757|00020|UHNC0108|3|EA|92400|KRW|277200|20170629|1300|
C|005186|2017|50003519880019|001|4300007757|00030|UHNC0044|2|EA|397950|KRW|795900|20170629|1300|
C|005186|2017|50003519880020|001|4300007757|00040|UHGC0325|2|EA|237000|KRW|474000|20170629|1300|
C|005186|2017|50003519880021|001|4300007757|00050|UHGC0318|3|EA|15900|KRW|47700|20170629|1300|
C|005186|2017|50003519880022|001|4300007758|00010|UHNC0113|1|EA|772800|KRW|772800|20170629|1300|
C|005186|2017|50003519880023|001|4300007758|00020|UHFC0290|5|EA|26250|KRW|131250|20170629|1300|
C|005186|2017|50003519880024|001|4300007758|00030|UHGC0326|2|EA|237000|KRW|474000|20170629|1300|
C|005186|2017|50003519880025|001|4300007759|00010|UHHC0028|90|M|14330|KRW|1289700|20170629|1300|
C|005186|2017|50003519880026|001|4300007759|00020|UHGC0317|2|EA|318000|KRW|636000|20170629|1300|
C|005186|2017|50003519880027|001|4300007760|00010|UHGC0317|1|EA|318000|KRW|318000|20170629|1300|
C|005186|2017|50003519880028|001|4300007760|00020|UHHC0071|2|EA|573300|KRW|1146600|20170629|1300|
C|005186|2017|50003519880029|001|4300007764|00040|UHCC0006|1|EA|498000|KRW|498000|20170629|1300|
C|005186|2017|50003519890001|001|4300007690|00020|UGBC1331|1|EA|215790|KRW|215790|20170629|1300|
C|005186|2017|50003519890002|001|4300007690|00030|UGBC1415|2|EA|434000|KRW|868000|20170629|1300|
C|005186|2017|50003519890003|001|4300007690|00040|UGBC0234|20|EA|2210|KRW|44200|20170629|1300|
C|005186|2017|50003519890004|001|4300007690|00050|UGBC0235|20|EA|2950|KRW|59000|20170629|1300|
C|005186|2017|50003519890005|001|4300007690|00070|UGBC0830|50|EA|160|KRW|8000|20170629|1300|
C|005186|2017|50003519890006|001|4300007690|00080|UCIC0042|3|EA|143100|KRW|429300|20170629|1300|
C|005186|2017|50003519890007|001|4300007691|00010|UGBC1365|2|EA|132000|KRW|264000|20170629|1300|
C|005186|2017|50003519890008|001|4300007691|00030|UGBC1492|5|EA|84800|KRW|424000|20170629|1300|
C|005186|2017|50003519890009|001|4300007720|00040|UCKC0037|80|EA|14050|KRW|1124000|20170629|1300|
C|005186|2017|50003519890010|001|4300007720|00050|UEBC0455|6|EA|1820|KRW|10920|20170629|1300|
C|005186|2017|50003519890011|001|4300007720|00070|UCAC0069|2|EA|20200|KRW|40400|20170629|1300|
C|005186|2017|50003519890012|001|4300007720|00100|UEBC1320|8|EA|18020|KRW|144160|20170629|1300|
C|005186|2017|50003519890013|001|4300007726|00020|UCKC0087|1|EA|308550|KRW|308550|20170629|1300|
C|005186|2017|50003519890014|001|4300007733|00010|UGBC1231|10|EA|14800|KRW|148000|20170629|1300|
C|005186|2017|50003519890015|001|4300007733|00020|UGBC0620|20|EA|420|KRW|8400|20170629|1300|
C|005186|2017|50003519890016|001|4300007733|00030|UGBC0166|20|EA|630|KRW|12600|20170629|1300|
C|005186|2017|50003519890017|001|4300007733|00040|UGBC0195|5|EA|4730|KRW|23650|20170629|1300|
C|005186|2017|50003519890018|001|4300007733|00050|UGBC1064|10|EA|3570|KRW|35700|20170629|1300|
C|005186|2017|50003519890019|001|4300007740|00030|KT020707|30|EA|18700|KRW|561000|20170629|1300|
C|005186|2017|50003519890020|001|4300007751|00010|UAGC0486|5|EA|28500|KRW|142500|20170629|1300|
C|005186|2017|50003519890021|001|4300007751|00080|UAGC0439|10|EA|5260|KRW|52600|20170629|1300|
C|005186|2017|50003519890022|001|4300007752|00070|UDBC0790|50|EA|4673|KRW|233650|20170629|1300|
C|005186|2017|50003519890023|001|4300007754|00040|UJAC0042|200|EA|1680|KRW|336000|20170629|1300|
C|005186|2017|50003519890024|001|4300007763|00050|UDCC0029|1|EA|51450|KRW|51450|20170629|1300|
C|005186|2017|50003519890025|001|4300007764|00020|UGAC0052|1|EA|57170|KRW|57170|20170629|1300|
C|005186|2017|50003519890026|001|4300007765|00020|UGCC1225|7|EA|13800|KRW|96600|20170629|1300|
C|005186|2017|50003519890027|001|4300007770|00060|CME0001|13|EA|3300|KRW|42900|20170629|1300|
C|005186|2017|50003519890028|001|4300007770|00070|CMF0001|3|EA|1950|KRW|5850|20170629|1300|
C|005186|2017|50003519890029|001|4300007770|00090|CMF0006|1|EA|9500|KRW|9500|20170629|1300|
C|005186|2017|50003519890030|001|4300007770|00100|CMF0020|2|EA|650|KRW|1300|20170629|1300|
C|005186|2017|50003519890031|001|4300007770|00110|CMH0007|3|EA|11600|KRW|34800|20170629|1300|
C|005186|2017|50003519890032|001|4300007772|00090|CME0001|5|EA|3300|KRW|16500|20170629|1300|
C|005186|2017|50003519890033|001|4300007772|00120|CMH0007|3|EA|11600|KRW|34800|20170629|1300|
C|005186|2017|50003519890034|001|4300007772|00140|CMZ0006|50|EA|1170|KRW|58500|20170629|1300|
C|005186|2017|50003519890035|001|4300007773|00080|CMF0006|10|EA|9500|KRW|95000|20170629|1300|
C|005186|2017|50003519890036|001|4300007773|00090|CMF0013|5|EA|940|KRW|4700|20170629|1300|
C|005186|2017|50003519890037|001|4300007773|00100|CMF0015|10|EA|450|KRW|4500|20170629|1300|
C|005186|2017|50003519890038|001|4300007774|00090|CMF0001|15|EA|1950|KRW|29250|20170629|1300|
C|005186|2017|50003519890039|001|4300007774|00120|CMF0006|5|EA|9500|KRW|47500|20170629|1300|
C|005186|2017|50003519890040|001|4300007774|00130|CMF0009|10|EA|4950|KRW|49500|20170629|1300|
C|005186|2017|50003519890041|001|4300007774|00150|CMZ0014|1|EA|19000|KRW|19000|20170629|1300|
C|005186|2017|50003519890042|001|4300007775|00020|CMZ0006|10|EA|1170|KRW|11700|20170629|1300|
C|005186|2017|50003519890043|001|4300007775|00150|CMH0007|2|EA|11600|KRW|23200|20170629|1300|
C|005186|2017|50003519890044|001|4300007776|00070|CME0001|20|EA|3300|KRW|66000|20170629|1300|
C|005186|2017|50003519890045|001|4300007777|00080|CMH0007|1|EA|11600|KRW|11600|20170629|1300|
C|005186|2017|50003519890046|001|4300007778|00130|CMF0001|10|EA|1950|KRW|19500|20170629|1300|
C|005186|2017|50003519890047|001|4300007778|00170|CMH0007|20|EA|11600|KRW|232000|20170629|1300|
C|005186|2017|50003519890048|001|4300007778|00180|CMZ0006|10|EA|1170|KRW|11700|20170629|1300|
C|005186|2017|50003519890049|001|4300007780|00090|CMF0013|10|EA|940|KRW|9400|20170629|1300|
C|005186|2017|50003519890050|001|4300007780|00100|CMF0020|20|EA|650|KRW|13000|20170629|1300|
C|005186|2017|50003519890051|001|4300007780|00110|CMF0021|10|EA|3100|KRW|31000|20170629|1300|
C|005186|2017|50003519890052|001|4300007783|00020|CMH0007|2|EA|11600|KRW|23200|20170629|1300|
C|005186|2017|50003519890053|001|4300007785|00070|CMH0007|1|EA|11600|KRW|11600|20170629|1300|
C|005186|2017|50003519890054|001|4300007786|00050|CME0001|10|EA|3300|KRW|33000|20170629|1300|
C|005186|2017|50003519890055|001|4300007827|00170|CME0001|26|EA|3300|KRW|85800|20170629|1300|
C|005186|2017|50003519890056|001|4300007827|00210|CMF0001|1|EA|1950|KRW|1950|20170629|1300|
C|005186|2017|50003519890057|001|4300007827|00240|CMF0020|1|EA|650|KRW|650|20170629|1300|
C|005186|2017|50003519890058|001|4300007827|00250|CMH0007|2|EA|11600|KRW|23200|20170629|1300|
C|005186|2017|50003519890059|001|4300007827|00280|CMZ0006|5|EA|1170|KRW|5850|20170629|1300|
C|005186|2017|50003520100001|001|4300007764|00030|UEAC0171|2|EA|197000|KRW|394000|20170629|1300|
C|005186|2017|50003520110001|001|4300007763|00060|UEBC0717|2|EA|12054|KRW|24108|20170629|1300|
C|005186|2017|50003520110002|001|4300007763|00090|UDDC0187|1|EA|47780|KRW|47780|20170629|1300|
C|005186|2017|50003520110003|001|4300007765|00050|UDAC0285|50|EA|1060|KRW|53000|20170629|1300|
C|005186|2017|50003520120001|001|4300007720|00090|UDFC0193|50|EA|2700|KRW|135000|20170629|1300|
C|005186|2017|50003520130001|001|4300007721|00040|UALC0019|5|EA|22050|KRW|110250|20170629|1300|
C|005186|2017|50003520130002|001|4300007721|00050|UALC0026|5|EA|26500|KRW|132500|20170629|1300|
C|005186|2017|50003520140001|001|4300007720|00060|UAIC0002|5|EA|3680|KRW|18400|20170629|1300|
C|005186|2017|50003520140002|001|4300007720|00080|UALC0008|100|EA|1575|KRW|157500|20170629|1300|
C|005186|2017|50003520140003|001|4300007720|00110|UAGC0037|1|EA|21210|KRW|21210|20170629|1300|
C|005186|2017|50003520140004|001|4300007720|00120|UAGC0004|10|EA|1820|KRW|18200|20170629|1300|
C|005186|2017|50003520140005|001|4300007721|00070|UZZC0086|40|EA|9180|KRW|367200|20170629|1300|
C|005186|2017|50003520140006|001|4300007721|00090|UAIC0002|5|EA|3680|KRW|18400|20170629|1300|
C|005186|2017|50003520140007|001|4300007721|00100|UAGC0443|1|EA|109500|KRW|109500|20170629|1300|
C|005186|2017|50003520140008|001|4300007721|00110|UABC0025|2|EA|44740|KRW|89480|20170629|1300|
C|005186|2017|50003520140009|001|4300007762|00010|UCAC0030|20|EA|11150|KRW|223000|20170629|1300|
C|005186|2017|50003520150001|001|4300007692|00030|UCKC0130|1|EA|61000|KRW|61000|20170629|1300|
C|005186|2017|50003520150002|001|4300007763|00020|UGCC0379|2|EA|41580|KRW|83160|20170629|1300|
C|005186|2017|50003520150003|001|4300007765|00040|UGCC0670|3|EA|40530|KRW|121590|20170629|1300|
C|005186|2017|50003520160001|001|4300007726|00010|UJAC0015|150|EA|2100|KRW|315000|20170629|1300|
C|005186|2017|50003520160002|001|4300007729|00030|UAGC0367|5|EA|4270|KRW|21350|20170629|1300|
C|005186|2017|50003520160003|001|4300007729|00040|UAGC0055|10|EA|730|KRW|7300|20170629|1300|
C|005186|2017|50003520160004|001|4300007729|00050|UAGC0272|10|EA|1550|KRW|15500|20170629|1300|
C|005186|2017|50003520160005|001|4300007729|00060|UAGC0277|10|EA|1870|KRW|18700|20170629|1300|
C|005186|2017|50003520160006|001|4300007729|00070|UAGC0151|10|EA|5200|KRW|52000|20170629|1300|
C|005186|2017|50003520160007|001|4300007763|00010|UAJC0030|10|EA|4200|KRW|42000|20170629|1300|
C|005186|2017|50003520170001|001|4300007763|00100|UIDC0031|30|EA|18900|KRW|567000|20170629|1300|
C|005186|2017|50003520170002|001|4300007765|00010|UIDC0032|30|EA|24150|KRW|724500|20170629|1300|
C|005186|2017|50003520170003|001|4300007770|00030|CMA0016|20|EA|2140|KRW|42800|20170629|1300|
C|005186|2017|50003520170004|001|4300007772|00040|CMA0016|200|EA|2140|KRW|428000|20170629|1300|
C|005186|2017|50003520170005|001|4300007772|00060|CMB0010|300|EA|1280|KRW|384000|20170629|1300|
C|005186|2017|50003520170006|001|4300007773|00070|CME0010|10|EA|240|KRW|2400|20170629|1300|
C|005186|2017|50003520170007|001|4300007774|00060|CMB0010|60|EA|1280|KRW|76800|20170629|1300|
C|005186|2017|50003520170008|001|4300007774|00080|CME0010|30|EA|240|KRW|7200|20170629|1300|
C|005186|2017|50003520170009|001|4300007775|00030|CMB0010|60|EA|1280|KRW|76800|20170629|1300|
C|005186|2017|50003520170010|001|4300007775|00100|CME0010|60|EA|240|KRW|14400|20170629|1300|
C|005186|2017|50003520170011|001|4300007776|00040|CMB0010|100|EA|1280|KRW|128000|20170629|1300|
C|005186|2017|50003520170012|001|4300007777|00030|CMA0016|40|EA|2140|KRW|85600|20170629|1300|
C|005186|2017|50003520170013|001|4300007778|00040|CMA0016|150|EA|2140|KRW|321000|20170629|1300|
C|005186|2017|50003520170014|001|4300007778|00050|CMB0010|600|EA|1280|KRW|768000|20170629|1300|
C|005186|2017|50003520170015|001|4300007778|00120|CME0010|200|EA|240|KRW|48000|20170629|1300|
C|005186|2017|50003520170016|001|4300007780|00030|CMB0010|240|EA|1280|KRW|307200|20170629|1300|
C|005186|2017|50003520170017|001|4300007780|00050|CME0006|20|EA|3080|KRW|61600|20170629|1300|
C|005186|2017|50003520170018|001|4300007780|00060|CME0010|60|EA|240|KRW|14400|20170629|1300|
C|005186|2017|50003520170019|001|4300007782|00010|CME0003|5|EA|5500|KRW|27500|20170629|1300|
C|005186|2017|50003520170020|001|4300007782|00050|CMB0010|200|EA|1280|KRW|256000|20170629|1300|
C|005186|2017|50003520170021|001|4300007783|00010|CMB0010|800|EA|1280|KRW|1024000|20170629|1300|
C|005186|2017|50003520170022|001|4300007784|00040|CMB0010|80|EA|1280|KRW|102400|20170629|1300|
C|005186|2017|50003520170023|001|4300007785|00040|CME0010|100|EA|240|KRW|24000|20170629|1300|
C|005186|2017|50003520170024|001|4300007787|00020|CMB0010|100|EA|1280|KRW|128000|20170629|1300|
C|005186|2017|50003520170025|001|4300007827|00020|CMA0005|30|EA|2000|KRW|60000|20170629|1300|
C|005186|2017|50003520170026|001|4300007827|00050|CMA0016|30|EA|2140|KRW|64200|20170629|1300|
C|005186|2017|50003520170027|001|4300007827|00100|CMB0010|20|EA|1280|KRW|25600|20170629|1300|
C|005186|2017|50003520170028|001|4300007827|00190|CME0006|10|EA|3080|KRW|30800|20170629|1300|
