C|005186|2017|50003333780001|001|4300007238|00010|UHTC0205|60|EA|8450|KRW|507000|20170327|1300|
C|005186|2017|50003333780002|001|4300007249|00050|UGBC0111|5|EA|294000|KRW|1470000|20170327|1300|
C|005186|2017|50003333780003|001|4300007250|00010|UGBC0112|5|EA|231000|KRW|1155000|20170327|1300|
C|005186|2017|50003333780004|001|4300007251|00020|UFKC0144|20|EA|2220|KRW|44400|20170327|1300|
C|005186|2017|50003333780005|001|4300007251|00030|UZZC0159|15|EA|14700|KRW|220500|20170327|1300|
C|005186|2017|50003333780006|001|4300007251|00050|UBEC0007|5|EA|112200|KRW|561000|20170327|1300|
C|005186|2017|50003333780007|001|4300007251|00060|UGCC0636|5|EA|44520|KRW|222600|20170327|1300|
C|005186|2017|50003333780008|001|4300007251|00070|UGCC0258|3|EA|26250|KRW|78750|20170327|1300|
C|005186|2017|50003333780009|001|4300007254|00020|UGBC1315|1|EA|252630|KRW|252630|20170327|1300|
C|005186|2017|50003333780010|001|4300007254|00110|UALC0073|1|EA|20160|KRW|20160|20170327|1300|
C|005186|2017|50003333800001|001|4300007250|00020|UDDC0374|2|EA|153900|KRW|307800|20170327|1300|
C|005186|2017|50003333800002|001|4300007250|00030|UDDC0014|7|EA|31770|KRW|222390|20170327|1300|
C|005186|2017|50003333800003|001|4300007250|00040|UDDC0342|2|EA|56840|KRW|113680|20170327|1300|
C|005186|2017|50003333800004|001|4300007252|00010|UGBC1315|2|EA|252630|KRW|505260|20170327|1300|
C|005186|2017|50003333800005|001|4300007253|00160|UDDC0261|5|EA|159970|KRW|799850|20170327|1300|
C|005186|2017|50003333800006|001|4300007254|00010|UDDC0255|5|EA|94290|KRW|471450|20170327|1300|
C|005186|2017|50003333800007|001|4300007254|00040|UDDC0288|10|EA|10860|KRW|108600|20170327|1300|
C|005186|2017|50003333800008|001|4300007254|00050|UDDC0304|5|EA|22370|KRW|111850|20170327|1300|
C|005186|2017|50003333800009|001|4300007254|00060|UDDC0045|10|EA|18900|KRW|189000|20170327|1300|
C|005186|2017|50003333800010|001|4300007254|00070|UDDC0046|10|EA|27200|KRW|272000|20170327|1300|
C|005186|2017|50003333800011|001|4300007254|00080|UDDC0364|2|EA|104300|KRW|208600|20170327|1300|
C|005186|2017|50003333800012|001|4300007256|00010|UDDC0343|3|EA|130900|KRW|392700|20170327|1300|
C|005186|2017|50003333800013|001|4300007256|00020|UDDC0052|3|EA|209630|KRW|628890|20170327|1300|
C|005186|2017|50003333830001|001|4300007238|00030|UEAC0124|1|EA|347400|KRW|347400|20170327|1300|
C|005186|2017|50003333840001|001|4300007229|00020|UGCC0471|5|EA|110250|KRW|551250|20170328|1300|
C|005186|2017|50003333840002|001|4300007231|00030|UHTC0818|4|EA|80000|KRW|320000|20170328|1300|
C|005186|2017|50003333840003|001|4300007232|00010|UHTC0819|4|EA|34500|KRW|138000|20170328|1300|
C|005186|2017|50003333840004|001|4300007239|00020|UHTC0820|8|EA|72000|KRW|576000|20170328|1300|
C|005186|2017|50003333840005|001|4300007253|00010|UGCC0387|1|EA|45200|KRW|45200|20170328|1300|
C|005186|2017|50003333840006|001|4300007253|00070|UGBC1424|1|EA|185000|KRW|185000|20170328|1300|
C|005186|2017|50003333840007|001|4300007253|00080|UGBC1425|1|EA|127000|KRW|127000|20170328|1300|
C|005186|2017|50003333840008|001|4300007253|00120|UGCC0766|1|EA|98400|KRW|98400|20170328|1300|
C|005186|2017|50003333840009|001|4300007254|00090|UGCC1160|1|EA|164300|KRW|164300|20170328|1300|
C|005186|2017|50003333840010|001|4300007254|00100|UGCC1097|10|EA|8000|KRW|80000|20170328|1300|
C|005186|2017|50003333850001|001|4300007229|00010|UEBC0441|5|EA|29560|KRW|147800|20170328|1300|
C|005186|2017|50003333850002|001|4300007232|00050|UDBC0330|100|EA|400|KRW|40000|20170328|1300|
C|005186|2017|50003333850003|001|4300007241|00010|UFIC0015|1|EA|801040|KRW|801040|20170328|1300|
C|005186|2017|50003333850004|001|4300007244|00010|UGCC0699|1|EA|166000|KRW|166000|20170328|1300|
C|005186|2017|50003333850005|001|4300007244|00020|UIEC0022|1|EA|22050|KRW|22050|20170328|1300|
C|005186|2017|50003333850006|001|4300007244|00030|UDFC0080|50|EA|4850|KRW|242500|20170328|1300|
C|005186|2017|50003333850007|001|4300007244|00040|UDFC0081|50|EA|4830|KRW|241500|20170328|1300|
C|005186|2017|50003333850008|001|4300007244|00050|UDFC0078|50|EA|4260|KRW|213000|20170328|1300|
C|005186|2017|50003333850009|001|4300007244|00060|UDFC0126|50|EA|4683|KRW|234150|20170328|1300|
C|005186|2017|50003333850010|001|4300007244|00070|UDFC0123|50|EA|3885|KRW|194250|20170328|1300|
C|005186|2017|50003333850011|001|4300007244|00080|UAJC0010|2|EA|45740|KRW|91480|20170328|1300|
C|005186|2017|50003333850012|001|4300007244|00090|UAJC0011|3|EA|45740|KRW|137220|20170328|1300|
C|005186|2017|50003333850013|001|4300007244|00140|UGAC0091|4|EA|33920|KRW|135680|20170328|1300|
C|005186|2017|50003333850014|001|4300007249|00010|UAGC0442|1|EA|204400|KRW|204400|20170328|1300|
C|005186|2017|50003333850015|001|4300007249|00020|UAGC0023|50|EA|1660|KRW|83000|20170328|1300|
C|005186|2017|50003333850016|001|4300007249|00060|UGBC0765|20|EA|510|KRW|10200|20170328|1300|
C|005186|2017|50003333850017|001|4300007251|00010|UGBC1588|2|EA|14900|KRW|29800|20170328|1300|
C|005186|2017|50003333850018|001|4300007251|00040|UGCC0036|5|EA|65520|KRW|327600|20170328|1300|
C|005186|2017|50003333850019|001|4300007251|00080|UAGC0338|1|EA|54290|KRW|54290|20170328|1300|
C|005186|2017|50003333850020|001|4300007251|00090|UFKC0136|50|EA|6210|KRW|310500|20170328|1300|
C|005186|2017|50003333850021|001|4300007253|00040|UDEC0050|2|EA|11550|KRW|23100|20170328|1300|
C|005186|2017|50003333850022|001|4300007253|00060|UDBC0787|20|EA|210|KRW|4200|20170328|1300|
C|005186|2017|50003333850023|001|4300007253|00090|UGCC0221|50|EA|3390|KRW|169500|20170328|1300|
C|005186|2017|50003333850024|001|4300007253|00100|UGCC0222|50|EA|3470|KRW|173500|20170328|1300|
C|005186|2017|50003333850025|001|4300007253|00110|UDBC0830|100|EA|227|KRW|22700|20170328|1300|
C|005186|2017|50003333850026|001|4300007296|00010|CMZ0014|1|EA|19000|KRW|19000|20170328|1300|
C|005186|2017|50003333870001|001|4300007231|00010|UEAC0006|2|EA|133560|KRW|267120|20170329|1300|
C|005186|2017|50003333870002|001|4300007231|00020|UEAC0014|2|EA|66700|KRW|133400|20170329|1300|
C|005186|2017|50003333870003|001|4300007234|00030|UEAC0122|1|EA|124400|KRW|124400|20170329|1300|
C|005186|2017|50003333870004|001|4300007244|00100|UDBC0461|200|EA|263|KRW|52600|20170329|1300|
C|005186|2017|50003333870005|001|4300007244|00110|UDBC0458|200|EA|390|KRW|78000|20170329|1300|
C|005186|2017|50003333870006|001|4300007244|00120|UDBC0334|300|EA|65|KRW|19500|20170329|1300|
C|005186|2017|50003333870007|001|4300007244|00130|UEBC0584|25|EA|1890|KRW|47250|20170329|1300|
C|005186|2017|50003333870008|001|4300007244|00150|UEBC1252|10|EA|3100|KRW|31000|20170329|1300|
C|005186|2017|50003333870009|001|4300007248|00010|KS067004|20|EA|2000|KRW|40000|20170329|1300|
C|005186|2017|50003333870010|001|4300007249|00030|UEBC0775|20|EA|920|KRW|18400|20170329|1300|
C|005186|2017|50003333870011|001|4300007249|00040|UEBC0781|20|EA|630|KRW|12600|20170329|1300|
C|005186|2017|50003333870012|001|4300007252|00020|UEBC0590|6|EA|54600|KRW|327600|20170329|1300|
C|005186|2017|50003333870013|001|4300007253|00020|UEBC0384|2|EA|5020|KRW|10040|20170329|1300|
C|005186|2017|50003333870014|001|4300007253|00030|UEBC0091|1|EA|14700|KRW|14700|20170329|1300|
C|005186|2017|50003333870015|001|4300007253|00050|UAGC0017|1|EA|15260|KRW|15260|20170329|1300|
C|005186|2017|50003333870016|001|4300007253|00140|UEBC0081|50|EA|3050|KRW|152500|20170329|1300|
C|005186|2017|50003333870017|001|4300007253|00150|UEBC1230|50|EA|3100|KRW|155000|20170329|1300|
C|005186|2017|50003333870018|001|4300007254|00030|UEBC1362|2|EA|13950|KRW|27900|20170329|1300|
C|005186|2017|50003333870019|001|4300007255|00010|UEBC0065|10|EA|168000|KRW|1680000|20170329|1300|
C|005186|2017|50003333870020|001|4300007256|00030|UEBC1046|8|EA|42900|KRW|343200|20170329|1300|
C|005186|2017|50003333880001|001|4300007231|00040|UHGC0322|5|EA|169000|KRW|845000|20170329|1300|
C|005186|2017|50003333880002|001|4300007231|00050|UHFC0444|1|EA|39200|KRW|39200|20170329|1300|
C|005186|2017|50003333880003|001|4300007231|00060|UHGC0323|5|EA|24500|KRW|122500|20170329|1300|
C|005186|2017|50003333880004|001|4300007231|00070|UHGC0324|10|EA|6950|KRW|69500|20170329|1300|
C|005186|2017|50003333880005|001|4300007231|00080|UHFC0218|200|EA|250|KRW|50000|20170329|1300|
C|005186|2017|50003333880006|001|4300007232|00020|UHFC0443|1|EA|1390000|KRW|1390000|20170329|1300|
C|005186|2017|50003333880007|001|4300007232|00030|UHGC0150|10|EA|31600|KRW|316000|20170329|1300|
C|005186|2017|50003333880008|001|4300007232|00040|UHFC0347|20|EA|2630|KRW|52600|20170329|1300|
C|005186|2017|50003333880009|001|4300007233|00010|UHBC0021|1|EA|833000|KRW|833000|20170329|1300|
C|005186|2017|50003333880010|001|4300007233|00020|UHFC0445|5|EA|43500|KRW|217500|20170329|1300|
C|005186|2017|50003333880011|001|4300007233|00030|UHGC0325|3|EA|237000|KRW|711000|20170329|1300|
C|005186|2017|50003333880012|001|4300007233|00040|UHGC0320|5|EA|39220|KRW|196100|20170329|1300|
C|005186|2017|50003333880013|001|4300007234|00010|UHGC0326|3|EA|237000|KRW|711000|20170329|1300|
C|005186|2017|50003333880014|001|4300007234|00020|UHHC0109|1|EA|1036880|KRW|1036880|20170329|1300|
C|005186|2017|50003333880015|001|4300007235|00010|UHHC0015|2|EA|694850|KRW|1389700|20170329|1300|
C|005186|2017|50003333880016|001|4300007235|00020|UHHC0190|1|EA|221000|KRW|221000|20170329|1300|
C|005186|2017|50003333880017|001|4300007235|00030|UHDC0019|10|EA|36750|KRW|367500|20170329|1300|
C|005186|2017|50003333880018|001|4300007238|00020|UHGC0197|10|EA|36000|KRW|360000|20170329|1300|
C|005186|2017|50003333880019|001|4300007238|00040|UHDC0245|10|EA|62500|KRW|625000|20170329|1300|
C|005186|2017|50003333880020|001|4300007239|00010|UHFC0443|1|EA|1390000|KRW|1390000|20170329|1300|
C|005186|2017|50003333880021|001|4300007240|00010|UHHC0168|1|EA|885150|KRW|885150|20170329|1300|
C|005186|2017|50003333880022|001|4300007247|00010|UHTC0568|1|EA|452600|KRW|452600|20170329|1300|
C|005186|2017|50003333880023|001|4300007247|00020|UHNC0113|1|EA|772800|KRW|772800|20170329|1300|
C|005186|2017|50003333880024|001|4300007247|00030|UHNC0032|1|EA|293000|KRW|293000|20170329|1300|
C|005186|2017|50003333880025|001|4300007257|00010|UFJC0022|3|EA|119480|KRW|358440|20170329|1300|
C|005186|2017|50003333890001|001|4300007228|00010|UCIC0210|1|EA|1219000|KRW|1219000|20170330|1300|
C|005186|2017|50003333890002|001|4300007228|00020|UCIC0107|2|EA|336000|KRW|672000|20170330|1300|
C|005186|2017|50003333890003|001|4300007228|00030|UGBC1401|1|EA|91500|KRW|91500|20170330|1300|
C|005186|2017|50003333890004|001|4300007229|00030|UCIC0207|1|EA|1028200|KRW|1028200|20170330|1300|
C|005186|2017|50003333890005|001|4300007230|00010|UGBC1417|1|EA|848000|KRW|848000|20170330|1300|
C|005186|2017|50003333900001|001|4300007290|00030|UHFC0337|2|EA|104210|KRW|208420|20170330|1300|
C|005186|2017|50003333900002|001|4300007290|00040|UHHC0078|1|EA|573300|KRW|573300|20170330|1300|
C|005186|2017|50003333900003|001|4300007290|00050|UHHC0034|1|EA|93975|KRW|93975|20170330|1300|
C|005186|2017|50003333900004|001|4300007291|00010|UHGC0134|1|EA|756000|KRW|756000|20170330|1300|
C|005186|2017|50003333900005|001|4300007291|00020|UHFC0336|2|EA|82950|KRW|165900|20170330|1300|
C|005186|2017|50003333900006|001|4300007291|00040|UHHC0082|1|EA|955500|KRW|955500|20170330|1300|
C|005186|2017|50003333900007|001|4300007292|00010|UHGC0134|1|EA|756000|KRW|756000|20170330|1300|
C|005186|2017|50003333900008|001|4300007292|00020|UHEC0033|10|EA|102000|KRW|1020000|20170330|1300|
C|005186|2017|50003333900009|001|4300007294|00010|UHDC0073|50|EA|10320|KRW|516000|20170330|1300|
