C|005186|2017|50003921740001|001|4300009194|00010|UGBC1669|3|EA|367000|KRW|1101000|20171227|1300|
C|005186|2017|50003921740002|001|4300009229|00010|UCIC0204|1|EA|424000|KRW|424000|20171227|1300|
C|005186|2017|50003921740003|001|4300009255|00060|UGBC1674|50|EA|1040|KRW|52000|20171227|1300|
C|005186|2017|50003921740004|001|4300009288|00010|UCIC0216|1|EA|121200|KRW|121200|20171227|1300|
C|005186|2017|50003921740005|001|4300009289|00010|UCIC0217|1|EA|1160000|KRW|1160000|20171227|1300|
C|005186|2017|50003921740006|001|4300009289|00030|UGBC1680|5|EA|2060|KRW|10300|20171227|1300|
C|005186|2017|50003921750001|001|4300009237|00010|UGCC1288|1|EA|74800|KRW|74800|20171227|1300|
C|005186|2017|50003921750002|001|4300009237|00020|UGCC1289|1|EA|64300|KRW|64300|20171227|1300|
C|005186|2017|50003921750003|001|4300009237|00030|UGCC1290|6|EA|78500|KRW|471000|20171227|1300|
C|005186|2017|50003921750004|001|4300009238|00040|UGCC1282|10|EA|3690|KRW|36900|20171227|1300|
C|005186|2017|50003921750005|001|4300009238|00050|UGCC1283|1|EA|235000|KRW|235000|20171227|1300|
C|005186|2017|50003921750006|001|4300009238|00080|UGCC1284|1|EA|67450|KRW|67450|20171227|1300|
C|005186|2017|50003921750007|001|4300009239|00020|UGCC1291|2|EA|417300|KRW|834600|20171227|1300|
C|005186|2017|50003921750008|001|4300009239|00050|UGCC1292|2|EA|70600|KRW|141200|20171227|1300|
C|005186|2017|50003921750009|001|4300009239|00060|UGCC1293|1|EA|137000|KRW|137000|20171227|1300|
C|005186|2017|50003921750010|001|4300009239|00070|UGCC1294|6|EA|22130|KRW|132780|20171227|1300|
C|005186|2017|50003921750011|001|4300009240|00080|UGCC1295|4|EA|30000|KRW|120000|20171227|1300|
C|005186|2017|50003921750012|001|4300009251|00050|UGCC1285|2|EA|135970|KRW|271940|20171227|1300|
C|005186|2017|50003921750013|001|4300009252|00010|UGCC1262|2|EA|170200|KRW|340400|20171227|1300|
C|005186|2017|50003921750014|001|4300009253|00010|UGCC1265|2|EA|93800|KRW|187600|20171227|1300|
C|005186|2017|50003921750015|001|4300009253|00020|UGCC1266|1|EA|97500|KRW|97500|20171227|1300|
C|005186|2017|50003921750016|001|4300009254|00010|UGCC1267|6|EA|46380|KRW|278280|20171227|1300|
C|005186|2017|50003921750017|001|4300009255|00030|UGBC1673|4|EA|89500|KRW|358000|20171227|1300|
C|005186|2017|50003921750018|001|4300009255|00050|UGCC1268|4|EA|23500|KRW|94000|20171227|1300|
C|005186|2017|50003921750019|001|4300009286|00040|UGCC1276|2|EA|34780|KRW|69560|20171227|1300|
C|005186|2017|50003921750020|001|4300009286|00050|UGCC1277|10|EA|45300|KRW|453000|20171227|1300|
C|005186|2017|50003921750021|001|4300009286|00060|UGCC1278|10|EA|6320|KRW|63200|20171227|1300|
C|005186|2017|50003921750022|001|4300009287|00010|UGCC1270|1|EA|78500|KRW|78500|20171227|1300|
C|005186|2017|50003921750023|001|4300009287|00020|UGCC1271|1|EA|85900|KRW|85900|20171227|1300|
C|005186|2017|50003921750024|001|4300009287|00040|UGCC1272|10|EA|57970|KRW|579700|20171227|1300|
C|005186|2017|50003921760001|001|4300009295|00070|UGBC1660|5|EA|29500|KRW|147500|20171227|1300|
C|005186|2017|50003921760002|001|4300009307|00070|UGBC1673|2|EA|89500|KRW|179000|20171227|1300|
C|005186|2017|50003921770001|001|4300009265|00010|CMZ0002|24|EA|400|KRW|9600|20171227|1300|
C|005186|2017|50003921770002|001|4300009265|00020|CMZ0005|50|EA|810|KRW|40500|20171227|1300|
C|005186|2017|50003921770003|001|4300009265|00030|CMZ0004|30|EA|220|KRW|6600|20171227|1300|
C|005186|2017|50003921770004|001|4300009265|00050|CMB0002|40|EA|2100|KRW|84000|20171227|1300|
C|005186|2017|50003921770005|001|4300009265|00060|CMB0003|40|EA|2200|KRW|88000|20171227|1300|
C|005186|2017|50003921770006|001|4300009265|00070|CMB0001|60|EA|520|KRW|31200|20171227|1300|
C|005186|2017|50003921770007|001|4300009265|00080|CMC0005|30|EA|150|KRW|4500|20171227|1300|
C|005186|2017|50003921770008|001|4300009265|00090|CMC0003|20|EA|310|KRW|6200|20171227|1300|
C|005186|2017|50003921770009|001|4300009265|00110|CMA0001|200|EA|151|KRW|30200|20171227|1300|
C|005186|2017|50003921770010|001|4300009265|00120|CMA0007|200|EA|151|KRW|30200|20171227|1300|
C|005186|2017|50003921770011|001|4300009265|00130|CMA0008|100|EA|470|KRW|47000|20171227|1300|
