D|005186|2018|50004314560001|001|4300010467|00020|UAGC0025|2|EA|6060|KRW|12120|20180716|1300|50004314550001
D|005186|2018|50004314560002|001|4300010467|00030|UAGC0091|1|EA|8890|KRW|8890|20180716|1300|50004314550002
D|005186|2018|50004314560003|001|4300010487|00020|UAEC0494|1|EA|211860|KRW|211860|20180716|1300|50004314550003
D|005186|2018|50004314560004|001|4300010487|00030|UAEC0495|1|EA|459550|KRW|459550|20180716|1300|50004314550004
C|005186|2018|50004314630001|001|4300010806|00110|UJCC0011|30|EA|810|KRW|24300|20180715|1300|
C|005186|2018|50004314630002|001|4300010806|00120|UJCC0054|30|EA|1530|KRW|45900|20180715|1300|
C|005186|2018|50004314630003|001|4300010806|00130|UJCC0036|20|EA|4050|KRW|81000|20180715|1300|
C|005186|2018|50004314630004|001|4300010806|00160|UEBC0580|2|EA|9680|KRW|9680|20180715|1300|
C|005186|2018|50004314630005|001|4300010809|00050|UICC0010|10|EA|15800|KRW|15800|20180715|1300|
C|005186|2018|50004314630006|001|4300010809|00060|UICC0035|10|EA|49400|KRW|49400|20180715|1300|
C|005186|2018|50004314630007|001|4300010809|00070|UALC0033|10|EA|14700|KRW|14700|20180715|1300|
C|005186|2018|50004314640001|001|4300010684|00020|UGBC0516|4|EA|84000|KRW|336000|20180715|1300|
C|005186|2018|50004314640002|001|4300010808|00010|UGBC0111|5|EA|294000|KRW|1470000|20180715|1300|
C|005186|2018|50004314640003|001|4300010809|00010|UGBC1658|3|EA|196500|KRW|589500|20180715|1300|
C|005186|2018|50004314640004|001|4300010810|00010|UCIC0068|1|EA|556500|KRW|556500|20180715|1300|
C|005186|2018|50004314640005|001|4300010835|00010|UJAC0072|2|EA|25200|KRW|25200|20180715|1300|
C|005186|2018|50004314640006|001|4300010854|00010|UEBC1038|100|EA|56100|KRW|1122000|20180715|1300|
C|005186|2018|50004314640007|001|4300010854|00020|UGBC1345|1|EA|363160|KRW|363160|20180715|1300|
C|005186|2018|50004314640008|001|4300010854|00030|UADC0077|5|EA|5796|KRW|28980|20180715|1300|
C|005186|2018|50004314640009|001|4300010855|00010|UDAC0355|10|EA|7950|KRW|15900|20180715|1300|
C|005186|2018|50004314650001|001|4300010784|00010|UFGC0016|20|EA|10700|KRW|107000|20180715|1300|
C|005186|2018|50004314660001|001|4300010774|00020|UGCC0604|5|EA|9780|KRW|48900|20180715|1300|
C|005186|2018|50004314660002|001|4300010780|00010|UDAC0052|5|EA|1076250|KRW|1076250|20180715|1300|
C|005186|2018|50004314660003|001|4300010780|00020|UEBC0643|1|EA|378000|KRW|378000|20180715|1300|
C|005186|2018|50004314660004|001|4300010780|00030|UDBC1032|100|EA|10500|KRW|10500|20180715|1300|
C|005186|2018|50004314660005|001|4300010780|00040|UCKC0137|1|EA|60700|KRW|60700|20180715|1300|
C|005186|2018|50004314660006|001|4300010781|00010|UDBC0987|20|EA|1300|KRW|2600|20180715|1300|
C|005186|2018|50004314660007|001|4300010782|00010|UEBC1164|2|EA|215000|KRW|430000|20180715|1300|
C|005186|2018|50004314660008|001|4300010783|00010|UDAC0366|5|EA|625500|KRW|625500|20180715|1300|
C|005186|2018|50004314660009|001|4300010787|00020|UGCC0036|5|EA|65520|KRW|327600|20180715|1300|
C|005186|2018|50004314680001|001|4300010800|00060|UDAC0266|200|EA|484000|KRW|968000|20180715|1300|
C|005186|2018|50004314680002|001|4300010800|00070|UZZC0012|10|EA|36750|KRW|73500|20180715|1300|
C|005186|2018|50004314680003|001|4300010801|00020|UAEC0497|1|EA|14440|KRW|14440|20180715|1300|
C|005186|2018|50004314680004|001|4300010801|00050|UFIC0013|2|EA|22050|KRW|44100|20180715|1300|
C|005186|2018|50004314680005|001|4300010801|00060|UAEC0037|4|EA|4520|KRW|18080|20180715|1300|
C|005186|2018|50004314680006|001|4300010801|00070|UAEC0038|4|EA|4520|KRW|18080|20180715|1300|
C|005186|2018|50004314680007|001|4300010801|00080|UAEC0070|1|EA|14070|KRW|14070|20180715|1300|
C|005186|2018|50004314680008|001|4300010801|00090|UAEC0077|4|EA|8500|KRW|34000|20180715|1300|
C|005186|2018|50004314680009|001|4300010801|00100|UAEC0217|2|EA|5540|KRW|5540|20180715|1300|
C|005186|2018|50004314680010|001|4300010801|00110|UAEC0247|2|EA|5840|KRW|5840|20180715|1300|
C|005186|2018|50004314680011|001|4300010801|00120|UAEC0224|2|EA|4680|KRW|4680|20180715|1300|
C|005186|2018|50004314680012|001|4300010801|00130|UAEC0246|2|EA|5840|KRW|5840|20180715|1300|
C|005186|2018|50004314680013|001|4300010801|00140|UADC0108|10|EA|5040|KRW|25200|20180715|1300|
C|005186|2018|50004314680014|001|4300010801|00150|UAEC0267|4|EA|12718|KRW|25436|20180715|1300|
C|005186|2018|50004314680015|001|4300010806|00140|UAEC0252|2|EA|5220|KRW|10440|20180715|1300|
C|005186|2018|50004314680016|001|4300010806|00150|UAEC0224|2|EA|4680|KRW|4680|20180715|1300|
C|005186|2018|50004314680017|001|4300010806|00190|UAGC0077|20|EA|19700|KRW|78800|20180715|1300|
C|005186|2018|50004314680018|001|4300010852|00010|UGBC0111|5|EA|294000|KRW|1470000|20180715|1300|
C|005186|2018|50004314690001|001|4300010795|00010|UEAC0198|2|EA|116000|KRW|232000|20180715|1300|
C|005186|2018|50004314690002|001|4300010795|00080|UDDC0183|1|EA|19400|KRW|19400|20180715|1300|
C|005186|2018|50004314690003|001|4300010801|00010|UAEC0363|1|EA|376215|KRW|376215|20180715|1300|
C|005186|2018|50004314690004|001|4300010801|00040|UKBC0016|6|EA|10110|KRW|60660|20180715|1300|
