C|005186|2018|50004167530001|001|4300010107|00010|UAGC0537|5|EA|5720|KRW|28600|20180430|1300|
C|005186|2018|50004167530002|001|4300010107|00030|UGBC1688|4|EA|3960|KRW|7920|20180430|1300|
C|005186|2018|50004167530003|001|4300010107|00040|UGBC1689|4|EA|4400|KRW|8800|20180430|1300|
C|005186|2018|50004167530004|001|4300010109|00060|UADC0176|2|EA|3520|KRW|3520|20180430|1300|
C|005186|2018|50004167530005|001|4300010129|00010|UDBC1049|40|EA|9700|KRW|38800|20180430|1300|
C|005186|2018|50004167530006|001|4300010129|00020|UDBC1050|80|EA|1440|KRW|5760|20180430|1300|
C|005186|2018|50004167530007|001|4300010129|00060|UCHC0038|1|EA|58800|KRW|58800|20180430|1300|
C|005186|2018|50004167530008|001|4300010129|00080|UCHC0039|1|EA|114450|KRW|114450|20180430|1300|
C|005186|2018|50004167530009|001|4300010136|00050|UAHC0018|1|EA|73290|KRW|73290|20180430|1300|
C|005186|2018|50004167530010|001|4300010140|00030|UCHC0013|2|EA|21000|KRW|42000|20180430|1300|
C|005186|2018|50004167530011|001|4300010140|00050|UKBC0014|1|EA|52500|KRW|52500|20180430|1300|
C|005186|2018|50004167530012|001|4300010146|00010|UGCC1392|1|EA|134900|KRW|134900|20180430|1300|
C|005186|2018|50004167530013|001|4300010146|00050|UAGC0545|1|EA|15950|KRW|15950|20180430|1300|
C|005186|2018|50004167530014|001|4300010147|00010|UDBC0540|200|EA|29200|KRW|58400|20180430|1300|
C|005186|2018|50004167530015|001|4300010147|00020|UDBC0671|20|EA|35800|KRW|35800|20180430|1300|
C|005186|2018|50004167530016|001|4300010147|00080|UDBC0879|200|EA|9500|KRW|19000|20180430|1300|
