C|005186|2013|50000399420001|001|4300000679|00030|UHTC0510|1|EA|421080|KRW|421080|20131115|1300|
C|005186|2013|50000399420002|001|4300000715|00030|UDEC0006|1|EA|287700|KRW|287700|20131115|1300|
C|005186|2013|50000399420003|001|4300000715|00050|UDEC0003|1|EA|404250|KRW|404250|20131115|1300|
C|005186|2013|50000399420004|001|4300000715|00060|UDEC0082|1|EA|330750|KRW|330750|20131115|1300|
C|005186|2013|50000399420005|001|4300000726|00010|UKBC0014|1|EA|52500|KRW|52500|20131115|1300|
C|005186|2013|50000399420006|001|4300000726|00020|UKBC0007|20|EA|17540|KRW|350800|20131115|1300|
C|005186|2013|50000399420007|001|4300000726|00030|UAGC0210|100|EA|370|KRW|37000|20131115|1300|
C|005186|2013|50000399420008|001|4300000726|00040|UAGC0204|50|EA|370|KRW|18500|20131115|1300|
C|005186|2013|50000399420009|001|4300000726|00050|UAGC0205|50|EA|370|KRW|18500|20131115|1300|
C|005186|2013|50000399420010|001|4300000726|00060|UAGC0207|50|EA|370|KRW|18500|20131115|1300|
C|005186|2013|50000399420011|001|4300000726|00070|UAGC0208|50|EA|370|KRW|18500|20131115|1300|
C|005186|2013|50000399420012|001|4300000726|00080|UDBC0338|50|EA|610|KRW|30500|20131115|1300|
C|005186|2013|50000399420013|001|4300000728|00040|UEBC0577|4|EA|1580|KRW|6320|20131115|1300|
C|005186|2013|50000399420014|001|4300000728|00050|UEBC0579|4|EA|2530|KRW|10120|20131115|1300|
C|005186|2013|50000399420015|001|4300000728|00060|UEBC0580|4|EA|4840|KRW|19360|20131115|1300|
C|005186|2013|50000399420016|001|4300000728|00070|UADC0115|3|EA|104730|KRW|314190|20131115|1300|
C|005186|2013|50000399420017|001|4300000728|00100|UGCC0575|5|EA|9980|KRW|49900|20131115|1300|
C|005186|2013|50000399430001|001|4300000715|00070|UDDC0185|4|EA|34545|KRW|138180|20131115|1300|
C|005186|2013|50000399430002|001|4300000726|00090|UEBC1023|1|EA|62400|KRW|62400|20131115|1300|
C|005186|2013|50000399430003|001|4300000726|00100|UEBC1022|1|EA|57000|KRW|57000|20131115|1300|
C|005186|2013|50000399430004|001|4300000728|00080|UDFC0053|8|EA|5250|KRW|42000|20131115|1300|
C|005186|2013|50000399430005|001|4300000728|00110|UGBC1162|5|EA|67370|KRW|336850|20131115|1300|
C|005186|2013|50000399440001|001|4300000728|00090|UGAC0048|10|EA|22050|KRW|220500|20131115|1300|
C|005186|2013|50000399440002|001|4300000728|00140|UGCC0720|1|EA|695500|KRW|695500|20131115|1300|
C|005186|2013|50000399440003|001|4300000728|00150|UGCC0100|1|EA|686700|KRW|686700|20131115|1300|
C|005186|2013|50000399440004|001|4300000745|00080|UALC0105|5|EA|20140|KRW|100700|20131115|1300|
C|005186|2013|50000399440005|001|4300000745|00090|UALC0022|5|EA|20140|KRW|100700|20131115|1300|
C|005186|2013|50000399440006|001|4300000748|00010|UKBC0001|4|EA|208010|KRW|832040|20131115|1300|
C|005186|2013|50000399440007|001|4300000749|00060|UHTC0231|5|EA|70500|KRW|352500|20131115|1300|
C|005186|2013|50000399440008|001|4300000749|00080|UGCC0630|1|EA|36750|KRW|36750|20131115|1300|
C|005186|2013|50000399440009|001|4300000749|00090|UKBC0010|2|EA|91480|KRW|182960|20131115|1300|
C|005186|2013|50000399440010|001|4300000749|00140|UIDC0005|3|EA|436510|KRW|1309530|20131115|1300|
C|005186|2013|50000399440011|001|4300000758|00010|UDEC0091|2|EA|469350|KRW|938700|20131115|1300|
C|005186|2013|50000399450001|001|4300000715|00080|UDDC0186|2|EA|32970|KRW|65940|20131115|1300|
C|005186|2013|50000399450002|001|4300000715|00090|UDBC0249|6|EA|5860|KRW|35160|20131115|1300|
C|005186|2013|50000399450003|001|4300000715|00100|UEBC0178|3|EA|72450|KRW|217350|20131115|1300|
C|005186|2013|50000399460001|001|4300000698|00130|UHGC0124|20|EA|22100|KRW|442000|20131115|1300|
C|005186|2013|50000399460002|001|4300000727|00090|UGCC0551|1|EA|26300|KRW|26300|20131115|1300|
C|005186|2013|50000399460003|001|4300000745|00010|UAEC0078|2|EA|10530|KRW|21060|20131115|1300|
C|005186|2013|50000399460004|001|4300000745|00020|UAEC0022|2|EA|14590|KRW|29180|20131115|1300|
C|005186|2013|50000399460005|001|4300000745|00040|UFCC0004|5|EA|19150|KRW|95750|20131115|1300|
C|005186|2013|50000399460006|001|4300000745|00050|UFCC0005|5|EA|27380|KRW|136900|20131115|1300|
C|005186|2013|50000399460007|001|4300000745|00060|UFCC0001|10|EA|75800|KRW|758000|20131115|1300|
C|005186|2013|50000399460008|001|4300000745|00070|UFCC0003|5|EA|28740|KRW|143700|20131115|1300|
C|005186|2013|50000399460009|001|4300000747|00010|UHGC0134|1|EA|756000|KRW|756000|20131115|1300|
C|005186|2013|50000399460010|001|4300000747|00020|UHDC0157|5|EA|8340|KRW|41700|20131115|1300|
C|005186|2013|50000399460011|001|4300000747|00030|UHDC0158|3|EA|8320|KRW|24960|20131115|1300|
C|005186|2013|50000399460012|001|4300000747|00040|UFJC0008|2|EA|39900|KRW|79800|20131115|1300|
C|005186|2013|50000399460013|001|4300000747|00050|UHDC0017|5|EA|31150|KRW|155750|20131115|1300|
C|005186|2013|50000399460014|001|4300000747|00060|UHFC0218|200|EA|250|KRW|50000|20131115|1300|
C|005186|2013|50000399460015|001|4300000747|00070|UHFC0056|20|EA|1950|KRW|39000|20131115|1300|
C|005186|2013|50000399460016|001|4300000749|00100|UEBC0507|10|EA|6384|KRW|63840|20131115|1300|
C|005186|2013|50000399460017|001|4300000749|00110|UEBC0519|8|EA|11280|KRW|90240|20131115|1300|
C|005186|2013|50000399460018|001|4300000749|00120|UAEC0135|1|EA|65100|KRW|65100|20131115|1300|
C|005186|2013|50000399460019|001|4300000749|00150|UHFC0234|10|EA|12075|KRW|120750|20131115|1300|
C|005186|2013|50000399460020|001|4300000749|00170|UAAC0010|2|EA|28320|KRW|56640|20131115|1300|
C|005186|2013|50000399460021|001|4300000752|00010|UHTC0567|2|EA|292650|KRW|585300|20131115|1300|
C|005186|2013|50000399460022|001|4300000752|00020|UHFC0396|10|EA|5790|KRW|57900|20131115|1300|
C|005186|2013|50000399460023|001|4300000752|00030|UHHC0082|1|EA|955500|KRW|955500|20131115|1300|
C|005186|2013|50000399460024|001|4300000759|00010|UHGC0139|2|EA|561750|KRW|1123500|20131115|1300|
C|005186|2013|50000399460025|001|4300000759|00020|UHGC0129|1|EA|612680|KRW|612680|20131115|1300|
C|005186|2013|50000399470001|001|4300000745|00030|UHDC0205|4|EA|73500|KRW|294000|20131115|1300|
C|005186|2013|50000399480001|001|4300000726|00110|UDEC0011|2|EA|200000|KRW|400000|20131115|1300|
C|005186|2013|50000399480002|001|4300000727|00020|UGCC0193|2|EA|99750|KRW|199500|20131115|1300|
C|005186|2013|50000399480003|001|4300000727|00110|UGBC0094|2|EA|890000|KRW|1780000|20131115|1300|
C|005186|2013|50000399480004|001|4300000728|00010|UJAC0131|4|EA|6850|KRW|27400|20131115|1300|
C|005186|2013|50000399480005|001|4300000728|00020|UJAC0043|4|EA|2100|KRW|8400|20131115|1300|
C|005186|2013|50000399480006|001|4300000728|00030|UJAC0044|4|EA|3360|KRW|13440|20131115|1300|
C|005186|2013|50000399480007|001|4300000728|00130|UDDC0223|5|EA|14700|KRW|73500|20131115|1300|
C|005186|2013|50000399620001|001|4300000691|00010|UHNC0026|3|EA|85050|KRW|255150|20131115|1300|
C|005186|2013|50000399620002|001|4300000691|00020|UHNC0032|3|EA|293000|KRW|879000|20131115|1300|
C|005186|2013|50000399620003|001|4300000691|00030|UHNC0092|1|EA|100000|KRW|100000|20131115|1300|
C|005186|2013|50000399620004|001|4300000691|00040|UHNC0078|4|EA|110250|KRW|441000|20131115|1300|
C|005186|2013|50000399620005|001|4300000697|00010|UAEC0268|1|EA|16170|KRW|16170|20131115|1300|
C|005186|2013|50000399620006|001|4300000697|00020|UCIC0077|10|EA|11550|KRW|115500|20131115|1300|
C|005186|2013|50000399620007|001|4300000697|00030|UEBC0360|10|EA|4290|KRW|42900|20131115|1300|
C|005186|2013|50000399620008|001|4300000697|00040|UAEC0093|1|EA|33260|KRW|33260|20131115|1300|
C|005186|2013|50000399620009|001|4300000697|00050|UDBC0592|1000|EA|21|KRW|21000|20131115|1300|
C|005186|2013|50000399620010|001|4300000697|00060|UDBC0760|1500|EA|95|KRW|142500|20131115|1300|
C|005186|2013|50000399620011|001|4300000697|00070|UDBC0037|1500|EA|28|KRW|42000|20131115|1300|
C|005186|2013|50000399620012|001|4300000697|00080|UKBC0010|1|EA|91480|KRW|91480|20131115|1300|
C|005186|2013|50000399620013|001|4300000697|00090|UDBC0369|1000|EA|320|KRW|320000|20131115|1300|
C|005186|2013|50000399620014|001|4300000697|00100|UGCC0528|1|EA|499000|KRW|499000|20131115|1300|
C|005186|2013|50000399620015|001|4300000697|00110|UGBC0670|100|EA|1275|KRW|127500|20131115|1300|
C|005186|2013|50000399620016|001|4300000697|00120|UJBC0005|10|EA|14700|KRW|147000|20131115|1300|
C|005186|2013|50000399620017|001|4300000698|00010|UEBC0522|5|EA|13430|KRW|67150|20131115|1300|
C|005186|2013|50000399620018|001|4300000698|00020|UAEC0268|2|EA|16170|KRW|32340|20131115|1300|
C|005186|2013|50000399620019|001|4300000698|00030|UAEC0269|2|EA|39700|KRW|79400|20131115|1300|
C|005186|2013|50000399620020|001|4300000698|00040|UAEC0279|2|EA|90720|KRW|181440|20131115|1300|
C|005186|2013|50000399620021|001|4300000698|00060|UGBC0698|30|EA|315|KRW|9450|20131115|1300|
C|005186|2013|50000399620022|001|4300000698|00080|UHFC0099|10|EA|13500|KRW|135000|20131115|1300|
C|005186|2013|50000399620023|001|4300000698|00090|UHFC0101|20|EA|13500|KRW|270000|20131115|1300|
C|005186|2013|50000399620024|001|4300000698|00100|UHFC0079|10|EA|10542|KRW|105420|20131115|1300|
C|005186|2013|50000399620025|001|4300000698|00110|UHFC0149|10|EA|6840|KRW|68400|20131115|1300|
C|005186|2013|50000399620026|001|4300000698|00120|UHFC0377|3|EA|8630|KRW|25890|20131115|1300|
C|005186|2013|50000399620027|001|4300000698|00140|UHHC0071|1|EA|573300|KRW|573300|20131115|1300|
C|005186|2013|50000399620028|001|4300000698|00150|UHTC0474|20|EA|12600|KRW|252000|20131115|1300|
C|005186|2013|50000399620029|001|4300000699|00010|UEBC0661|2|EA|75690|KRW|151380|20131115|1300|
C|005186|2013|50000399620030|001|4300000699|00020|UEBC0784|10|EA|2500|KRW|25000|20131115|1300|
C|005186|2013|50000399620031|001|4300000699|00030|UEBC0785|10|EA|1480|KRW|14800|20131115|1300|
C|005186|2013|50000399620032|001|4300000699|00040|UGBC1293|16|EA|24800|KRW|396800|20131115|1300|
C|005186|2013|50000399620033|001|4300000699|00050|UGBC0839|20|EA|320|KRW|6400|20131115|1300|
C|005186|2013|50000399620034|001|4300000699|00060|UDBC0143|2000|EA|24|KRW|48000|20131115|1300|
C|005186|2013|50000399620035|001|4300000699|00070|UDAC0269|50|EA|16110|KRW|805500|20131115|1300|
C|005186|2013|50000399620036|001|4300000699|00080|UCKC0037|80|EA|14050|KRW|1124000|20131115|1300|
C|005186|2013|50000399620037|001|4300000699|00090|UIEC0035|10|EA|37800|KRW|378000|20131115|1300|
C|005186|2013|50000399620038|001|4300000699|00100|UKBC0010|1|EA|91480|KRW|91480|20131115|1300|
C|005186|2013|50000399620039|001|4300000711|00170|UJCC0029|2|EA|101400|KRW|202800|20131115|1300|
C|005186|2013|50000399620040|001|4300000711|00180|UJCC0030|2|EA|101400|KRW|202800|20131115|1300|
C|005186|2013|50000399620041|001|4300000711|00190|UHDC0061|50|EA|10300|KRW|515000|20131115|1300|
C|005186|2013|50000399620042|001|4300000712|00010|UHDC0204|6|EA|73500|KRW|441000|20131115|1300|
C|005186|2013|50000399620043|001|4300000712|00020|UAEC0030|6|EA|15750|KRW|94500|20131115|1300|
C|005186|2013|50000399620044|001|4300000712|00030|UAEC0055|6|EA|15380|KRW|92280|20131115|1300|
C|005186|2013|50000399620045|001|4300000712|00040|UHDC0204|4|EA|73500|KRW|294000|20131115|1300|
C|005186|2013|50000399620046|001|4300000712|00050|UADC0013|8|EA|4800|KRW|38400|20131115|1300|
C|005186|2013|50000399620047|001|4300000712|00060|UAEC0210|6|EA|9100|KRW|54600|20131115|1300|
C|005186|2013|50000399620048|001|4300000712|00070|UAEC0209|6|EA|9100|KRW|54600|20131115|1300|
C|005186|2013|50000399620049|001|4300000712|00080|UAEC0078|2|EA|10530|KRW|21060|20131115|1300|
C|005186|2013|50000399620050|001|4300000712|00090|UHDC0070|50|EA|10320|KRW|516000|20131115|1300|
C|005186|2013|50000399620051|001|4300000713|00010|UHDC0073|50|EA|10320|KRW|516000|20131115|1300|
C|005186|2013|50000399620052|001|4300000713|00020|UJAC0075|2|EA|39900|KRW|79800|20131115|1300|
C|005186|2013|50000399620053|001|4300000713|00030|UJAC0076|2|EA|50400|KRW|100800|20131115|1300|
C|005186|2013|50000399620054|001|4300000713|00040|UAHC0024|50|EA|7660|KRW|383000|20131115|1300|
C|005186|2013|50000399620055|001|4300000713|00050|UGCC0199|2|EA|22000|KRW|44000|20131115|1300|
C|005186|2013|50000399620056|001|4300000713|00060|UAEC0301|10|EA|11550|KRW|115500|20131115|1300|
C|005186|2013|50000399620057|001|4300000713|00070|UKBC0010|1|EA|91480|KRW|91480|20131115|1300|
C|005186|2013|50000399620058|001|4300000713|00090|UHHC0051|1|EA|99860|KRW|99860|20131115|1300|
C|005186|2013|50000399620059|001|4300000713|00100|UHHC0052|1|EA|99860|KRW|99860|20131115|1300|
C|005186|2013|50000399620060|001|4300000713|00110|UHHC0053|1|EA|99860|KRW|99860|20131115|1300|
C|005186|2013|50000399620061|001|4300000713|00120|UHHC0060|1|EA|412650|KRW|412650|20131115|1300|
C|005186|2013|50000399680001|001|4300000698|00070|UGBC0833|30|EA|160|KRW|4800|20131115|1300|
C|005186|2013|50000399680002|001|4300000711|00010|UGBC1204|30|EA|1050|KRW|31500|20131115|1300|
C|005186|2013|50000399680003|001|4300000711|00020|UGBC0595|30|EA|1260|KRW|37800|20131115|1300|
C|005186|2013|50000399680004|001|4300000711|00030|UGBC0234|20|EA|2210|KRW|44200|20131115|1300|
C|005186|2013|50000399680005|001|4300000711|00040|UGBC0548|20|EA|3990|KRW|79800|20131115|1300|
C|005186|2013|50000399680006|001|4300000711|00050|UGBC0235|10|EA|2950|KRW|29500|20131115|1300|
C|005186|2013|50000399680007|001|4300000711|00060|UGBC1271|10|EA|7200|KRW|72000|20131115|1300|
C|005186|2013|50000399680008|001|4300000711|00070|UGBC0552|20|EA|12600|KRW|252000|20131115|1300|
C|005186|2013|50000399680009|001|4300000711|00080|UGBC0553|20|EA|12600|KRW|252000|20131115|1300|
C|005186|2013|50000399680010|001|4300000711|00090|UGBC0237|20|EA|13860|KRW|277200|20131115|1300|
C|005186|2013|50000399680011|001|4300000711|00100|UGBC0223|10|EA|15750|KRW|157500|20131115|1300|
C|005186|2013|50000399680012|001|4300000711|00110|UGBC0239|10|EA|21000|KRW|210000|20131115|1300|
C|005186|2013|50000399680013|001|4300000711|00120|UGBC1185|30|EA|780|KRW|23400|20131115|1300|
C|005186|2013|50000399680014|001|4300000711|00130|UGBC1186|20|EA|1170|KRW|23400|20131115|1300|
C|005186|2013|50000399680015|001|4300000711|00140|UGBC0711|20|EA|2210|KRW|44200|20131115|1300|
C|005186|2013|50000399680016|001|4300000711|00150|UGBC0167|20|EA|860|KRW|17200|20131115|1300|
C|005186|2013|50000399680017|001|4300000711|00160|UCEC0030|2|EA|59850|KRW|119700|20131115|1300|
C|005186|2013|50000399680018|001|4300000746|00010|UCIC0161|1|EA|1942500|KRW|1942500|20131115|1300|
C|005186|2013|50000399680019|001|4300000750|00010|UGBC1246|1|EA|1821100|KRW|1821100|20131115|1300|
