C|005186|2014|50000632320001|001|4300001196|00030|CMD0011|1|EA|24150|KRW|24150|20140315|1300|
C|005186|2014|50000632330001|001|4300001203|00050|CMD0016|5|EA|30450|KRW|152250|20140315|1300|
C|005186|2014|50000632330002|001|4300001204|00050|CMD0016|3|EA|30450|KRW|91350|20140315|1300|
C|005186|2014|50000632330003|001|4300001205|00050|CMD0016|1|EA|30450|KRW|30450|20140315|1300|
C|005186|2014|50000632340001|001|4300001203|00010|CMA0001|200|EA|240|KRW|48000|20140315|1300|
C|005186|2014|50000632340002|001|4300001203|00020|CMA0007|200|EA|270|KRW|54000|20140315|1300|
C|005186|2014|50000632340003|001|4300001203|00030|CMA0008|200|EA|690|KRW|138000|20140315|1300|
C|005186|2014|50000632340004|001|4300001203|00040|CMB0001|200|EA|655|KRW|131000|20140315|1300|
C|005186|2014|50000632340005|001|4300001203|00070|CME0005|50|EA|3465|KRW|173250|20140315|1300|
C|005186|2014|50000632340006|001|4300001204|00010|CMF0004|2|EA|22050|KRW|44100|20140315|1300|
C|005186|2014|50000632340007|001|4300001204|00020|CMH0007|1|EA|11700|KRW|11700|20140315|1300|
C|005186|2014|50000632340008|001|4300001204|00030|CMA0007|400|EA|270|KRW|108000|20140315|1300|
C|005186|2014|50000632340009|001|4300001204|00040|CMF0008|5|EA|1785|KRW|8925|20140315|1300|
C|005186|2014|50000632340010|001|4300001205|00010|CMA0001|100|EA|240|KRW|24000|20140315|1300|
C|005186|2014|50000632340011|001|4300001205|00020|CMA0007|70|EA|270|KRW|18900|20140315|1300|
C|005186|2014|50000632340012|001|4300001205|00030|CMA0008|20|EA|690|KRW|13800|20140315|1300|
C|005186|2014|50000632340013|001|4300001205|00040|CMB0001|20|EA|655|KRW|13100|20140315|1300|
C|005186|2014|50000632340014|001|4300001205|00060|CMA0004|10|EA|2780|KRW|27800|20140315|1300|
