C|005186|2019|50004962500001|001|4300013501|00030|UCKC0167|1|EA|127000|KRW|127000|20190531|1300|
C|005186|2019|50004962500002|001|4300013501|00040|UHTC0779|1|EA|84800|KRW|84800|20190531|1300|
C|005186|2019|50004962510001|001|4300013597|00020|UKEC0018|10|EA|15300|KRW|15300|20190531|1300|
C|005186|2019|50004962510002|001|4300013605|00030|UAGC0193|100|EA|162750|KRW|325500|20190531|1300|
C|005186|2019|50004962510003|001|4300013645|00010|UAJC0075|50|EA|36000|KRW|36000|20190531|1300|
C|005186|2019|50004962510004|001|4300013673|00010|UAGC0108|10|EA|8900|KRW|8900|20190531|1300|
C|005186|2019|50004962510005|001|4300013673|00070|UGCC0618|3|EA|54630|KRW|163890|20190531|1300|
C|005186|2019|50004962510006|001|4300013675|00030|UJBC0046|6|EA|6070|KRW|36420|20190531|1300|
C|005186|2019|50004962510007|001|4300013676|00030|UKGC0008|7|EA|2940|KRW|20580|20190531|1300|
C|005186|2019|50004962510008|001|4300013676|00040|UAEC0299|5|EA|94500|KRW|94500|20190531|1300|
C|005186|2019|50004962510009|001|4300013676|00170|UICC0061|1|EA|4540|KRW|4540|20190531|1300|
C|005186|2019|50004962510010|001|4300013676|00200|UALC0117|200|EA|126000|KRW|252000|20190531|1300|
C|005186|2019|50004962520001|001|4300013626|00010|UAEC0245|4|EA|3580|KRW|7160|20190531|1300|
C|005186|2019|50004962520002|001|4300013626|00020|UAEC0489|1|EA|309900|KRW|309900|20190531|1300|
C|005186|2019|50004962520003|001|4300013626|00040|UAEC0025|2|EA|8900|KRW|17800|20190531|1300|
C|005186|2019|50004962520004|001|4300013626|00050|UAEC0026|2|EA|10940|KRW|21880|20190531|1300|
C|005186|2019|50004962520005|001|4300013626|00060|UAEC0349|2|EA|6963|KRW|13926|20190531|1300|
C|005186|2019|50004962520006|001|4300013626|00070|UAEC0309|2|EA|3400|KRW|3400|20190531|1300|
C|005186|2019|50004962520007|001|4300013627|00030|UAEC0364|20|EA|6320|KRW|63200|20190531|1300|
C|005186|2019|50004962520008|001|4300013675|00060|UAEC0183|1|EA|14530|KRW|14530|20190531|1300|
C|005186|2019|50004962520009|001|4300013675|00070|UAEC0025|1|EA|8900|KRW|8900|20190531|1300|
C|005186|2019|50004962520010|001|4300013675|00080|UAEC0026|1|EA|10940|KRW|10940|20190531|1300|
C|005186|2019|50004962520011|001|4300013676|00010|UAGC0193|50|EA|162750|KRW|162750|20190531|1300|
C|005186|2019|50004962520012|001|4300013676|00020|UAEC0192|1|EA|186900|KRW|186900|20190531|1300|
C|005186|2019|50004962520013|001|4300013676|00050|UAEC0095|2|EA|22630|KRW|45260|20190531|1300|
C|005186|2019|50004962520014|001|4300013676|00060|UAEC0245|2|EA|3580|KRW|3580|20190531|1300|
C|005186|2019|50004962520015|001|4300013676|00070|UAEC0246|2|EA|5840|KRW|5840|20190531|1300|
C|005186|2019|50004962520016|001|4300013676|00080|UAEC0247|2|EA|5840|KRW|5840|20190531|1300|
C|005186|2019|50004962520017|001|4300013676|00090|UAEC0249|2|EA|3450|KRW|6900|20190531|1300|
C|005186|2019|50004962520018|001|4300013676|00100|UAEC0250|2|EA|3930|KRW|7860|20190531|1300|
C|005186|2019|50004962520019|001|4300013676|00110|UAEC0078|2|EA|10530|KRW|21060|20190531|1300|
C|005186|2019|50004962520020|001|4300013676|00120|UAEC0037|2|EA|4520|KRW|9040|20190531|1300|
C|005186|2019|50004962520021|001|4300013676|00130|UAEC0038|2|EA|4520|KRW|9040|20190531|1300|
C|005186|2019|50004962520022|001|4300013676|00140|UAEC0139|1|EA|11150|KRW|11150|20190531|1300|
C|005186|2019|50004962520023|001|4300013676|00150|UAEC0122|1|EA|52080|KRW|52080|20190531|1300|
C|005186|2019|50004962520024|001|4300013676|00160|UABC0025|1|EA|44740|KRW|44740|20190531|1300|
C|005186|2019|50004962520025|001|4300013676|00190|UAEC0502|1|EA|27380|KRW|27380|20190531|1300|
C|005186|2019|50004962520026|001|4300013676|00210|UHTC0833|1|EA|79690|KRW|79690|20190531|1300|
C|005186|2019|50004962520027|001|4300013676|00220|UHTC0246|40|EA|169400|KRW|338800|20190531|1300|
C|005186|2019|50004962520028|001|4300013676|00240|UKEC0014|40|EA|61200|KRW|61200|20190531|1300|
C|005186|2019|50004962520029|001|4300013676|00250|UKEC0023|40|EA|1530|KRW|61200|20190531|1300|
C|005186|2019|50004962530001|001|4300013647|00020|UHTC0859|2|EA|127200|KRW|254400|20190531|1300|
C|005186|2019|50004962530002|001|4300013648|00010|UHTC0830|24|EA|68500|KRW|1644000|20190531|1300|
C|005186|2019|50004962530003|001|4300013649|00010|UHTC0716|39|EA|41000|KRW|1599000|20190531|1300|
C|005186|2019|50004962530004|001|4300013654|00010|UHTC0716|30|EA|41000|KRW|1230000|20190531|1300|
C|005186|2019|50004962540001|001|4300013605|00090|UADC0123|1|EA|4840|KRW|4840|20190531|1300|
C|005186|2019|50004962540002|001|4300013627|00040|UGCC0894|400|EA|300000|KRW|1200000|20190531|1300|
C|005186|2019|50004962540003|001|4300013673|00050|UEBC1450|10|EA|48500|KRW|48500|20190531|1300|
C|005186|2019|50004962540004|001|4300013675|00010|UCIC0016|2|EA|37470|KRW|74940|20190531|1300|
C|005186|2019|50004962540005|001|4300013675|00050|UEBC1141|5|EA|181500|KRW|181500|20190531|1300|
C|005186|2019|50004962540006|001|4300013676|00230|UALC0059|50|EA|13650|KRW|68250|20190531|1300|
C|005186|2019|50004962550001|001|4300013670|00010|UEBC1518|2|EA|675000|KRW|1350000|20190531|1300|
C|005186|2019|50004962550002|001|4300013671|00010|UEBC1387|4|EA|292560|KRW|1170240|20190531|1300|
C|005186|2019|50004962550003|001|4300013672|00010|UEBC1415|1|EA|1900000|KRW|1900000|20190531|1300|
C|005186|2019|50004962550004|001|4300013673|00020|UEBC0630|4|EA|58520|KRW|117040|20190531|1300|
C|005186|2019|50004962550005|001|4300013673|00030|UEBC0388|5|EA|74750|KRW|74750|20190531|1300|
C|005186|2019|50004962550006|001|4300013673|00040|UEBC0956|1|EA|65520|KRW|65520|20190531|1300|
C|005186|2019|50004962550007|001|4300013673|00080|UEBC1518|2|EA|675000|KRW|1350000|20190531|1300|
C|005186|2019|50004962550008|001|4300013674|00010|UEBC1197|10|EA|21200|KRW|212000|20190531|1300|
C|005186|2019|50004962550009|001|4300013681|00010|UEBC1415|1|EA|1900000|KRW|1900000|20190531|1300|
C|005186|2019|50004962550010|001|4300013682|00010|UEBC1518|2|EA|675000|KRW|1350000|20190531|1300|
C|005186|2019|50004962580001|001|4300013627|00010|UKAC0036|100|EA|23000|KRW|23000|20190531|1300|
C|005186|2019|50004962580002|001|4300013676|00180|UADC0156|1|EA|16800|KRW|16800|20190531|1300|
C|005186|2019|50004962580003|001|4300013676|00260|UZZC0030|100|EA|15200|KRW|152000|20190531|1300|
