C|005186|2016|50002438230001|001|4300004778|00010|UHTC0772|50|EA|23320|KRW|1166000|20160415|1300|
C|005186|2016|50002438230002|001|4300004781|00010|UHHC0201|60|EA|31580|KRW|1894800|20160415|1300|
C|005186|2016|50002438240001|001|4300004768|00020|UHTC0511|1|EA|842120|KRW|842120|20160415|1300|
C|005186|2016|50002438250001|001|4300004766|00010|UHTC0773|29|EA|68900|KRW|1998100|20160415|1300|
C|005186|2016|50002438250002|001|4300004790|00010|UHTC0773|10|EA|68900|KRW|689000|20160415|1300|
C|005186|2016|50002438250003|001|4300004790|00020|UHTC0774|14|EA|62540|KRW|875560|20160415|1300|
C|005186|2016|50002438260001|001|4300004910|00010|CME0005|24|EA|3465|KRW|83160|20160415|1300|
C|005186|2016|50002438270001|001|4300004912|00030|UALC0120|1|EA|110000|KRW|0|20160415|1300|
C|005186|2016|50002438270002|001|4300004912|00040|UALC0121|1|EA|200000|KRW|0|20160415|1300|
C|005186|2016|50002438280001|001|4300004851|00010|CMD0016|4|EA|30450|KRW|121800|20160415|1300|
C|005186|2016|50002438280002|001|4300004851|00020|CMD0016|1|EA|30450|KRW|30450|20160415|1300|
C|005186|2016|50002438290001|001|4300004903|00080|UGAC0083|1|EA|33500|KRW|33500|20160415|1300|
C|005186|2016|50002438290002|001|4300004903|00090|UDAC0269|50|EA|16110|KRW|805500|20160415|1300|
C|005186|2016|50002438290003|001|4300004937|00030|UDFC0175|2|EA|35830|KRW|71660|20160415|1300|
C|005186|2016|50002438300001|001|4300004816|00070|UHTC0742|1|EA|273690|KRW|273690|20160415|1300|
C|005186|2016|50002438300002|001|4300004861|00010|UCIC0100|1|EA|1155000|KRW|1155000|20160415|1300|
C|005186|2016|50002438300003|001|4300004861|00020|UGBC0159|2|EA|77900|KRW|155800|20160415|1300|
C|005186|2016|50002438310001|001|4300004896|00010|UDEC0008|4|EA|40430|KRW|161720|20160415|1300|
C|005186|2016|50002438310002|001|4300004896|00090|UDBC0121|10|EA|1260|KRW|12600|20160415|1300|
C|005186|2016|50002438310003|001|4300004896|00100|UAGC0064|1|EA|112630|KRW|112630|20160415|1300|
C|005186|2016|50002438310004|001|4300004897|00010|UAJC0041|20|EA|1580|KRW|31600|20160415|1300|
C|005186|2016|50002438310005|001|4300004897|00040|UDBC0104|20|EA|180|KRW|3600|20160415|1300|
C|005186|2016|50002438310006|001|4300004897|00070|UJAC0067|2|EA|5560|KRW|11120|20160415|1300|
C|005186|2016|50002438310007|001|4300004897|00080|UJAC0068|2|EA|6070|KRW|12140|20160415|1300|
C|005186|2016|50002438310008|001|4300004897|00090|UGCC0503|2|EA|66200|KRW|132400|20160415|1300|
C|005186|2016|50002438310009|001|4300004899|00020|UEBC0441|4|EA|29560|KRW|118240|20160415|1300|
C|005186|2016|50002438310010|001|4300004901|00020|UKBC0010|1|EA|91480|KRW|91480|20160415|1300|
C|005186|2016|50002438310011|001|4300004901|00030|UEBC0468|4|EA|8250|KRW|33000|20160415|1300|
C|005186|2016|50002438310012|001|4300004901|00040|UEBC0494|4|EA|4770|KRW|19080|20160415|1300|
C|005186|2016|50002438310013|001|4300004901|00050|UEBC0491|2|EA|4370|KRW|8740|20160415|1300|
C|005186|2016|50002438310014|001|4300004901|00060|UAEC0031|2|EA|10530|KRW|21060|20160415|1300|
C|005186|2016|50002438310015|001|4300004901|00070|UAEC0030|2|EA|15750|KRW|31500|20160415|1300|
C|005186|2016|50002438310016|001|4300004902|00030|UKBC0010|1|EA|91480|KRW|91480|20160415|1300|
C|005186|2016|50002438310017|001|4300004902|00040|UBBC0006|2|EA|103370|KRW|206740|20160415|1300|
C|005186|2016|50002438310018|001|4300004902|00060|UGCC0688|10|EA|22200|KRW|222000|20160415|1300|
C|005186|2016|50002438310019|001|4300004902|00070|UALC0006|100|EA|1733|KRW|173300|20160415|1300|
C|005186|2016|50002438310020|001|4300004902|00080|UHTC0778|2|EA|46480|KRW|92960|20160415|1300|
C|005186|2016|50002438310021|001|4300004902|00090|UADC0130|10|EA|11600|KRW|116000|20160415|1300|
C|005186|2016|50002438310022|001|4300004902|00100|UCKC0054|1|EA|236900|KRW|236900|20160415|1300|
C|005186|2016|50002438310023|001|4300004903|00010|UDBC0001|20|EA|202|KRW|4040|20160415|1300|
C|005186|2016|50002438310024|001|4300004903|00020|UAGC0467|100|EA|4400|KRW|440000|20160415|1300|
C|005186|2016|50002438310025|001|4300004903|00030|UKBC0010|2|EA|91480|KRW|182960|20160415|1300|
C|005186|2016|50002438310026|001|4300004903|00040|UJBC0004|20|EA|4337|KRW|86740|20160415|1300|
C|005186|2016|50002438310027|001|4300004903|00050|UJBC0005|5|EA|14700|KRW|73500|20160415|1300|
C|005186|2016|50002438310028|001|4300004903|00060|UGCC0613|5|EA|9450|KRW|47250|20160415|1300|
C|005186|2016|50002438310029|001|4300004903|00070|UAAC0022|5|EA|9970|KRW|49850|20160415|1300|
C|005186|2016|50002438310030|001|4300004903|00100|UCKC0052|1|EA|255150|KRW|255150|20160415|1300|
C|005186|2016|50002438310031|001|4300004904|00020|UAJC0076|100|EA|350|KRW|35000|20160415|1300|
C|005186|2016|50002438310032|001|4300004908|00010|UGBC1455|2|EA|286200|KRW|572400|20160415|1300|
C|005186|2016|50002438310033|001|4300004909|00010|UZZC0089|400|EA|200|KRW|80000|20160415|1300|
C|005186|2016|50002438310034|001|4300004936|00030|UAGC0037|1|EA|21210|KRW|21210|20160415|1300|
C|005186|2016|50002438310035|001|4300004936|00040|UCHC0017|1|EA|28420|KRW|28420|20160415|1300|
C|005186|2016|50002438320001|001|4300004911|00150|KH990100|4|EA|27220|KRW|108880|20160415|1300|
C|005186|2016|50002438320002|001|4300004911|00160|KH990101|6|EA|7250|KRW|43500|20160415|1300|
C|005186|2016|50002438320003|001|4300004911|00170|KP150400|100|EA|170|KRW|17000|20160415|1300|
C|005186|2016|50002438320004|001|4300004911|00180|KS990007|5|EA|51450|KRW|257250|20160415|1300|
C|005186|2016|50002438320005|001|4300004911|00190|KT020004|4|EA|5600|KRW|22400|20160415|1300|
C|005186|2016|50002438320006|001|4300004911|00200|KT020005|2|EA|5640|KRW|11280|20160415|1300|
C|005186|2016|50002438320007|001|4300004911|00210|KT020006|5|EA|6250|KRW|31250|20160415|1300|
C|005186|2016|50002438320008|001|4300004911|00220|KT020007|2|EA|6860|KRW|13720|20160415|1300|
C|005186|2016|50002438320009|001|4300004911|00230|KT020008|2|EA|8030|KRW|16060|20160415|1300|
C|005186|2016|50002438320010|001|4300004911|00240|KT020009|2|EA|8030|KRW|16060|20160415|1300|
C|005186|2016|50002438320011|001|4300004911|00250|KT020010|4|EA|10190|KRW|40760|20160415|1300|
C|005186|2016|50002438320012|001|4300004911|00260|KT020011|3|EA|10400|KRW|31200|20160415|1300|
C|005186|2016|50002438320013|001|4300004911|00270|KT020014|2|EA|14490|KRW|28980|20160415|1300|
C|005186|2016|50002438320014|001|4300004911|00280|KT020015|2|EA|15720|KRW|31440|20160415|1300|
C|005186|2016|50002438320015|001|4300004911|00290|KT020017|1|EA|18730|KRW|18730|20160415|1300|
C|005186|2016|50002438320016|001|4300004911|00300|KT020023|1|EA|32400|KRW|32400|20160415|1300|
C|005186|2016|50002438320017|001|4300004911|00310|KT020500|20|EA|3110|KRW|62200|20160415|1300|
C|005186|2016|50002438320018|001|4300004911|00320|KT020600|4|EA|14910|KRW|59640|20160415|1300|
C|005186|2016|50002438320019|001|4300004911|00330|KT020612|1|EA|44100|KRW|44100|20160415|1300|
C|005186|2016|50002438320020|001|4300004911|00340|KT020620|10|EA|290|KRW|2900|20160415|1300|
C|005186|2016|50002438320021|001|4300004911|00350|KT020700|20|EA|2680|KRW|53600|20160415|1300|
C|005186|2016|50002438320022|001|4300004911|00360|KT020704|15|EA|610|KRW|9150|20160415|1300|
C|005186|2016|50002438320023|001|4300004911|00370|KT080300|20.000|KG|2770|KRW|55400|20160415|1300|
C|005186|2016|50002438320024|001|4300004911|00380|KT080311|2|EA|72980|KRW|145960|20160415|1300|
C|005186|2016|50002438320025|001|4300004911|00390|KT080500|3|EA|26500|KRW|79500|20160415|1300|
C|005186|2016|50002438320026|001|4300004911|00400|KT080520|4|EA|2760|KRW|11040|20160415|1300|
C|005186|2016|50002438320027|001|4300004911|00410|KT990001|170|EA|510|KRW|86700|20160415|1300|
C|005186|2016|50002438320028|001|4300004911|00420|KT990010|190|EA|370|KRW|70300|20160415|1300|
C|005186|2016|50002438330001|001|4300004905|00010|UHGC0134|2|EA|756000|KRW|1512000|20160415|1300|
C|005186|2016|50002438330002|001|4300004906|00010|UHSC0007|2|EA|473690|KRW|947380|20160415|1300|
C|005186|2016|50002438330003|001|4300004906|00020|UHTC0750|2|EA|79500|KRW|159000|20160415|1300|
C|005186|2016|50002438330004|001|4300004906|00030|UHHC0006|2|EA|208425|KRW|416850|20160415|1300|
C|005186|2016|50002438330005|001|4300004906|00040|UHHC0069|1|EA|412650|KRW|412650|20160415|1300|
C|005186|2016|50002438330006|001|4300004907|00010|UHNC0108|5|EA|92400|KRW|462000|20160415|1300|
C|005186|2016|50002438330007|001|4300004907|00020|UHHC0017|3|EA|201600|KRW|604800|20160415|1300|
C|005186|2016|50002438330008|001|4300004907|00030|UHHC0188|5|EA|6950|KRW|34750|20160415|1300|
C|005186|2016|50002438330009|001|4300004907|00040|UHOC0003|2|EA|310800|KRW|621600|20160415|1300|
C|005186|2016|50002438330010|001|4300004907|00050|UHGC0054|5|EA|16200|KRW|81000|20160415|1300|
C|005186|2016|50002438330011|001|4300004907|00060|UHGC0232|5|EA|16200|KRW|81000|20160415|1300|
C|005186|2016|50002438330012|001|4300004933|00010|KE030011|9|EA|8190|KRW|73710|20160415|1300|
C|005186|2016|50002438330013|001|4300004933|00020|KE030110|2|EA|38540|KRW|77080|20160415|1300|
C|005186|2016|50002438330014|001|4300004933|00030|KE030205|4|EA|31290|KRW|125160|20160415|1300|
C|005186|2016|50002438330015|001|4300004933|00040|KE030206|3|EA|16380|KRW|49140|20160415|1300|
C|005186|2016|50002438330016|001|4300004933|00050|KE030211|1|EA|145740|KRW|145740|20160415|1300|
C|005186|2016|50002438330017|001|4300004933|00060|KE050201|2|EA|8460|KRW|16920|20160415|1300|
C|005186|2016|50002438330018|001|4300004933|00070|KE050207|1|EA|6930|KRW|6930|20160415|1300|
C|005186|2016|50002438330019|001|4300004933|00080|KE050213|4|EA|8440|KRW|33760|20160415|1300|
C|005186|2016|50002438330020|001|4300004933|00090|KE050700|4|EA|2200|KRW|8800|20160415|1300|
C|005186|2016|50002438330021|001|4300004933|00100|KE090101|2|EA|24680|KRW|49360|20160415|1300|
C|005186|2016|50002438330022|001|4300004933|00110|KE090102|4|EA|15430|KRW|61720|20160415|1300|
C|005186|2016|50002438330023|001|4300004933|00120|KE090106|5|EA|15370|KRW|76850|20160415|1300|
C|005186|2016|50002438330024|001|4300004933|00130|KE090165|4|EA|165900|KRW|663600|20160415|1300|
C|005186|2016|50002438330025|001|4300004933|00140|KE190003|15|EA|29300|KRW|439500|20160415|1300|
C|005186|2016|50002438330026|001|4300004934|00010|KE090112|6|EA|16800|KRW|100800|20160415|1300|
C|005186|2016|50002438330027|001|4300004934|00020|KE110200|10|EA|65100|KRW|651000|20160415|1300|
C|005186|2016|50002438330028|001|4300004934|00030|KE210001|3|EA|53030|KRW|159090|20160415|1300|
C|005186|2016|50002438330029|001|4300004934|00040|KE230003|200|EA|1870|KRW|374000|20160415|1300|
C|005186|2016|50002438330030|001|4300004934|00050|KE231001|15|EA|16150|KRW|242250|20160415|1300|
C|005186|2016|50002438330031|001|4300004934|00060|KE231503|7|EA|1160|KRW|8120|20160415|1300|
C|005186|2016|50002438330032|001|4300004934|00070|KE270300|80|EA|470|KRW|37600|20160415|1300|
C|005186|2016|50002438330033|001|4300004934|00080|KE270302|4|EA|6900|KRW|27600|20160415|1300|
C|005186|2016|50002438330034|001|4300004934|00090|KE281401|14|EA|840|KRW|11760|20160415|1300|
C|005186|2016|50002438340001|001|4300004936|00010|UGBC0678|1|EA|65100|KRW|65100|20160415|1300|
C|005186|2016|50002438340002|001|4300004936|00020|UCIC0031|1|EA|432640|KRW|432640|20160415|1300|
C|005186|2016|50002438350001|001|4300004902|00110|UALC0115|1|EA|262500|KRW|262500|20160415|1300|
C|005186|2016|50002438350002|001|4300004904|00010|UGCC0718|70|EA|23200|KRW|1624000|20160415|1300|
C|005186|2016|50002438350003|001|4300004904|00030|UHTC0742|1|EA|273690|KRW|273690|20160415|1300|
C|005186|2016|50002438360001|001|4300004896|00020|UDBC0864|20|EA|510|KRW|10200|20160415|1300|
C|005186|2016|50002438360002|001|4300004896|00030|UDDC0139|2|EA|55335|KRW|110670|20160415|1300|
C|005186|2016|50002438360003|001|4300004896|00070|UEBC0059|4|EA|6550|KRW|26200|20160415|1300|
C|005186|2016|50002438360004|001|4300004896|00110|UEBC0329|5|EA|14750|KRW|73750|20160415|1300|
C|005186|2016|50002438360005|001|4300004896|00120|UEBC1086|5|EA|9050|KRW|45250|20160415|1300|
C|005186|2016|50002438360006|001|4300004896|00140|UDBC0185|300|EA|95|KRW|28500|20160415|1300|
C|005186|2016|50002438360007|001|4300004896|00150|UDBC0743|500|EA|10|KRW|5000|20160415|1300|
C|005186|2016|50002438360008|001|4300004897|00020|UICC0057|2|EA|17900|KRW|35800|20160415|1300|
C|005186|2016|50002438360009|001|4300004897|00030|UDDC0131|10|EA|24360|KRW|243600|20160415|1300|
C|005186|2016|50002438360010|001|4300004897|00050|UEBC1210|8|EA|146500|KRW|1172000|20160415|1300|
C|005186|2016|50002438360011|001|4300004897|00060|UEBC1031|4|EA|68100|KRW|272400|20160415|1300|
C|005186|2016|50002438360012|001|4300004898|00010|UEBC0051|2|EA|271950|KRW|543900|20160415|1300|
C|005186|2016|50002438360013|001|4300004898|00020|UEBC0049|2|EA|266070|KRW|532140|20160415|1300|
C|005186|2016|50002438360014|001|4300004898|00030|UDBC0609|100|EA|164|KRW|16400|20160415|1300|
C|005186|2016|50002438360015|001|4300004898|00040|UAJC0039|5|EA|7875|KRW|39375|20160415|1300|
C|005186|2016|50002438360016|001|4300004898|00050|UGCC0266|3|EA|176850|KRW|530550|20160415|1300|
C|005186|2016|50002438360017|001|4300004899|00010|UGCC0267|3|EA|316000|KRW|948000|20160415|1300|
C|005186|2016|50002438360018|001|4300004901|00010|UGCC0894|300|EA|4220|KRW|1266000|20160415|1300|
C|005186|2016|50002438360019|001|4300004901|00080|UAEC0326|50|EA|7455|KRW|372750|20160415|1300|
C|005186|2016|50002438360020|001|4300004902|00010|UAGC0178|50|EA|7455|KRW|372750|20160415|1300|
C|005186|2016|50002438360021|001|4300004902|00050|UKEC0020|10|EA|1530|KRW|15300|20160415|1300|
C|005186|2016|50002438360022|001|4300004911|00010|KS061502|9|EA|2970|KRW|26730|20160415|1300|
C|005186|2016|50002438360023|001|4300004911|00020|KS061503|4|EA|3150|KRW|12600|20160415|1300|
C|005186|2016|50002438360024|001|4300004911|00030|KS061504|4|EA|4050|KRW|16200|20160415|1300|
C|005186|2016|50002438360025|001|4300004911|00040|KS061505|2|EA|6230|KRW|12460|20160415|1300|
C|005186|2016|50002438360026|001|4300004911|00050|KS061508|2|EA|10510|KRW|21020|20160415|1300|
C|005186|2016|50002438360027|001|4300004911|00060|KS066904|4|EA|2000|KRW|8000|20160415|1300|
C|005186|2016|50002438360028|001|4300004911|00070|KS067001|3|EA|1400|KRW|4200|20160415|1300|
C|005186|2016|50002438360029|001|4300004911|00080|KS067004|2|EA|2000|KRW|4000|20160415|1300|
C|005186|2016|50002438360030|001|4300004911|00090|KS067005|3|EA|2400|KRW|7200|20160415|1300|
C|005186|2016|50002438360031|001|4300004911|00100|KS080702|1|EA|19850|KRW|19850|20160415|1300|
C|005186|2016|50002438360032|001|4300004911|00110|KS080705|1|EA|18500|KRW|18500|20160415|1300|
C|005186|2016|50002438360033|001|4300004911|00120|KS080709|1|EA|24700|KRW|24700|20160415|1300|
C|005186|2016|50002438360034|001|4300004911|00130|KS080711|1|EA|32300|KRW|32300|20160415|1300|
C|005186|2016|50002438360035|001|4300004911|00140|KS080721|4|EA|71710|KRW|286840|20160415|1300|
