C|005186|2015|50001723910001|001|4300003277|00010|UHHC0201|40|EA|31580|KRW|1263200|20150731|1300|
C|005186|2015|50001723910002|001|4300003277|00030|UHDC0061|50|EA|10300|KRW|515000|20150731|1300|
C|005186|2015|50001723910003|001|4300003280|00010|UHHC0201|60|EA|31580|KRW|1894800|20150731|1300|
C|005186|2015|50001723920001|001|4300003205|00010|UAEC0403|1|EA|17000|KRW|17000|20150731|1300|
C|005186|2015|50001723920002|001|4300003205|00020|UAEC0342|1|EA|27240|KRW|27240|20150731|1300|
C|005186|2015|50001723920003|001|4300003205|00040|UZZC0079|4|EA|10500|KRW|42000|20150731|1300|
C|005186|2015|50001723920004|001|4300003205|00060|UAGC0033|2|EA|122100|KRW|244200|20150731|1300|
C|005186|2015|50001723920005|001|4300003205|00070|UADC0017|2|EA|15750|KRW|31500|20150731|1300|
C|005186|2015|50001723920006|001|4300003205|00080|UDBC0815|500|EA|490|KRW|245000|20150731|1300|
C|005186|2015|50001723920007|001|4300003205|00090|UAKC0021|5|EA|10200|KRW|51000|20150731|1300|
C|005186|2015|50001723920008|001|4300003275|00040|UAEC0134|1|EA|44950|KRW|44950|20150731|1300|
C|005186|2015|50001723920009|001|4300003275|00050|UAEC0135|1|EA|65100|KRW|65100|20150731|1300|
C|005186|2015|50001723920010|001|4300003275|00070|UGCC0653|2|EA|36610|KRW|73220|20150731|1300|
C|005186|2015|50001723920011|001|4300003276|00010|UEBC0566|5|EA|176400|KRW|882000|20150731|1300|
C|005186|2015|50001723920012|001|4300003276|00020|UIEC0035|10|EA|37800|KRW|378000|20150731|1300|
C|005186|2015|50001723920013|001|4300003276|00030|UJAC0079|2|EA|26250|KRW|52500|20150731|1300|
C|005186|2015|50001723920014|001|4300003276|00040|UJAC0080|2|EA|30450|KRW|60900|20150731|1300|
C|005186|2015|50001723920015|001|4300003277|00020|UAKC0001|4|EA|6090|KRW|24360|20150731|1300|
C|005186|2015|50001723930001|001|4300003271|00030|UJAC0104|6|EA|12290|KRW|73740|20150731|1300|
C|005186|2015|50001723930002|001|4300003271|00040|UJAC0105|6|EA|14805|KRW|88830|20150731|1300|
C|005186|2015|50001723930003|001|4300003271|00060|UICC0019|30|EA|843|KRW|25290|20150731|1300|
C|005186|2015|50001723930004|001|4300003272|00010|UFFC0043|20|EA|3850|KRW|77000|20150731|1300|
C|005186|2015|50001723930005|001|4300003272|00020|UGCC0562|8|EA|12600|KRW|100800|20150731|1300|
C|005186|2015|50001723930006|001|4300003272|00040|UIDC0107|1|EA|141120|KRW|141120|20150731|1300|
C|005186|2015|50001723930007|001|4300003272|00050|UIDC0086|3|EA|140000|KRW|420000|20150731|1300|
C|005186|2015|50001723930008|001|4300003272|00060|UAHC0055|3|EA|40300|KRW|120900|20150731|1300|
C|005186|2015|50001723930009|001|4300003272|00080|UAGC0193|100|EA|3255|KRW|325500|20150731|1300|
C|005186|2015|50001723930010|001|4300003274|00010|UCKC0058|2|EA|343200|KRW|686400|20150731|1300|
C|005186|2015|50001723940001|001|4300003202|00010|UGCC0742|2|EA|47860|KRW|95720|20150731|1300|
C|005186|2015|50001723940002|001|4300003202|00030|UGCC0948|2|EA|48800|KRW|97600|20150731|1300|
C|005186|2015|50001723940003|001|4300003202|00040|UCIC0189|1|EA|932000|KRW|932000|20150731|1300|
C|005186|2015|50001723940004|001|4300003245|00030|UGCC0410|1|EA|32630|KRW|32630|20150731|1300|
C|005186|2015|50001723940005|001|4300003245|00050|UGCC0833|1|EA|86920|KRW|86920|20150731|1300|
C|005186|2015|50001723940006|001|4300003245|00060|UGBC0883|2|EA|243600|KRW|487200|20150731|1300|
C|005186|2015|50001723940007|001|4300003245|00070|UGCC0016|2|EA|188000|KRW|376000|20150731|1300|
C|005186|2015|50001723940008|001|4300003271|00070|UGCC0438|2|EA|147200|KRW|294400|20150731|1300|
C|005186|2015|50001723940009|001|4300003271|00110|UGCC0736|4|EA|156300|KRW|625200|20150731|1300|
C|005186|2015|50001723950001|001|4300003245|00080|UDEC0090|1|EA|220500|KRW|220500|20150731|1300|
C|005186|2015|50001723950002|001|4300003245|00090|UDEC0083|1|EA|404250|KRW|404250|20150731|1300|
C|005186|2015|50001723950003|001|4300003273|00010|UDDC0133|10|EA|28245|KRW|282450|20150731|1300|
C|005186|2015|50001723950004|001|4300003273|00020|UDDC0131|10|EA|24360|KRW|243600|20150731|1300|
C|005186|2015|50001723950005|001|4300003273|00030|UDEC0062|15|EA|44100|KRW|661500|20150731|1300|
C|005186|2015|50001723950006|001|4300003273|00040|UDEC0065|10|EA|63000|KRW|630000|20150731|1300|
C|005186|2015|50001723960001|001|4300003205|00050|UEBC0449|7|EA|1540|KRW|10780|20150731|1300|
C|005186|2015|50001723960002|001|4300003275|00060|UHTC0292|1|EA|40690|KRW|40690|20150731|1300|
C|005186|2015|50001723970001|001|4300003204|00010|UCIC0100|1|EA|1155000|KRW|1155000|20150731|1300|
C|005186|2015|50001723970002|001|4300003204|00070|UGBC1093|2|EA|66150|KRW|132300|20150731|1300|
