C|005186|2019|50004775320001|001|4300012779|00070|UDDC3900|3|EA|98700|KRW|296100|20190228|1300|
C|005186|2019|50004775320002|001|4300012829|00090|UDEC0102|2|EA|38200|KRW|76400|20190228|1300|
C|005186|2019|50004775320003|001|4300012841|00020|UDDC0197|1|EA|69990|KRW|69990|20190228|1300|
C|005186|2019|50004775320004|001|4300012841|00060|UDDC0223|10|EA|14700|KRW|147000|20190228|1300|
C|005186|2019|50004775320005|001|4300012841|00070|UDDC0224|10|EA|20840|KRW|208400|20190228|1300|
C|005186|2019|50004775320006|001|4300012841|00080|UDDC0058|5|EA|49350|KRW|246750|20190228|1300|
C|005186|2019|50004775320007|001|4300012856|00020|UGCC0657|5|EA|26500|KRW|132500|20190228|1300|
C|005186|2019|50004775320008|001|4300012858|00010|UGCC0914|50|EA|12700|KRW|635000|20190228|1300|
C|005186|2019|50004775330001|001|4300012783|00010|UFFC0051|4|EA|177450|KRW|709800|20190228|1300|
C|005186|2019|50004775330002|001|4300012783|00020|UFFC0052|1|EA|102900|KRW|102900|20190228|1300|
C|005186|2019|50004775330003|001|4300012783|00030|UFFC0053|4|EA|243600|KRW|974400|20190228|1300|
C|005186|2019|50004775330004|001|4300012784|00010|UFFC0054|1|EA|514500|KRW|514500|20190228|1300|
C|005186|2019|50004775330005|001|4300012784|00020|UFFC0055|1|EA|71400|KRW|71400|20190228|1300|
C|005186|2019|50004775330006|001|4300012784|00050|UFJC0031|20|EA|5690|KRW|113800|20190228|1300|
C|005186|2019|50004775330007|001|4300012835|00010|UFDC0003|30|EA|458400|KRW|458400|20190228|1300|
C|005186|2019|50004775330008|001|4300012851|00010|UJAC0011|2|EA|9100|KRW|18200|20190228|1300|
C|005186|2019|50004775330009|001|4300012851|00020|UEBC0438|10|EA|40800|KRW|204000|20190228|1300|
C|005186|2019|50004775330010|001|4300012851|00030|UHTC0833|1|EA|79690|KRW|79690|20190228|1300|
C|005186|2019|50004775330011|001|4300012851|00050|UEBC0455|10|EA|1820|KRW|18200|20190228|1300|
C|005186|2019|50004775330012|001|4300012855|00020|UHTC0233|5|EA|149500|KRW|149500|20190228|1300|
C|005186|2019|50004775330013|001|4300012855|00030|UDBC0799|1|EA|12630|KRW|12630|20190228|1300|
C|005186|2019|50004775330014|001|4300012864|00050|UHTC0486|2|EA|46410|KRW|92820|20190228|1300|
C|005186|2019|50004775340001|001|4300012840|00010|UDDC0368|1|EA|193000|KRW|193000|20190228|1300|
C|005186|2019|50004775340002|001|4300012840|00020|UDDC0369|1|EA|97000|KRW|97000|20190228|1300|
C|005186|2019|50004775340003|001|4300012840|00100|UDDC0059|10|EA|13020|KRW|130200|20190228|1300|
C|005186|2019|50004775340004|001|4300012840|00110|UDDC0045|10|EA|18900|KRW|189000|20190228|1300|
C|005186|2019|50004775340005|001|4300012840|00120|UDDC0046|10|EA|136000|KRW|272000|20190228|1300|
C|005186|2019|50004775340006|001|4300012841|00010|UDDC0047|10|EA|69510|KRW|695100|20190228|1300|
C|005186|2019|50004775340007|001|4300012841|00030|UAGC0023|50|EA|16600|KRW|83000|20190228|1300|
C|005186|2019|50004775340008|001|4300012848|00020|UEBC0441|5|EA|29560|KRW|147800|20190228|1300|
C|005186|2019|50004775340009|001|4300012855|00010|UGCC0894|400|EA|300000|KRW|1200000|20190228|1300|
C|005186|2019|50004775340010|001|4300012855|00040|UDAC0012|200|EA|300000|KRW|600000|20190228|1300|
C|005186|2019|50004775340011|001|4300012864|00010|UEBC0655|3|EA|144900|KRW|434700|20190228|1300|
C|005186|2019|50004775340012|001|4300012864|00020|UEBC0076|40|EA|37800|KRW|75600|20190228|1300|
C|005186|2019|50004775340013|001|4300012864|00030|UEBC0075|40|EA|52500|KRW|105000|20190228|1300|
C|005186|2019|50004775350001|001|4300012831|00010|UHHC0013|90|M|20580|KRW|1852200|20190228|1300|
C|005186|2019|50004775350002|001|4300012832|00030|UHHC0018|1|EA|600600|KRW|600600|20190228|1300|
C|005186|2019|50004775350003|001|4300012848|00010|UHGC0321|4|EA|318000|KRW|1272000|20190228|1300|
C|005186|2019|50004775350004|001|4300012856|00010|UHHC0199|80|EA|1824000|KRW|1824000|20190228|1300|
C|005186|2019|50004775350005|001|4300012857|00010|UHHC0199|80|EA|1824000|KRW|1824000|20190228|1300|
C|005186|2019|50004775350006|001|4300012859|00010|UHHC0069|1|EA|412650|KRW|412650|20190228|1300|
C|005186|2019|50004775350007|001|4300012859|00020|UHHC0078|1|EA|573300|KRW|573300|20190228|1300|
C|005186|2019|50004775350008|001|4300012859|00030|UHTC0211|1|EA|522900|KRW|522900|20190228|1300|
C|005186|2019|50004775350009|001|4300012859|00040|UHFC0048|2|EA|22050|KRW|44100|20190228|1300|
C|005186|2019|50004775350010|001|4300012859|00050|UHFC0356|3|EA|50400|KRW|151200|20190228|1300|
C|005186|2019|50004775350011|001|4300012859|00060|UHGC0308|5|EA|121370|KRW|121370|20190228|1300|
C|005186|2019|50004775350012|001|4300012859|00070|UFJC0014|2|EA|78750|KRW|157500|20190228|1300|
C|005186|2019|50004775350013|001|4300012860|00010|UFJC0009|7|EA|58940|KRW|412580|20190228|1300|
C|005186|2019|50004775350014|001|4300012860|00020|UFJC0010|2|EA|58940|KRW|117880|20190228|1300|
C|005186|2019|50004775350015|001|4300012860|00030|UHTC0793|3|EA|86708|KRW|260124|20190228|1300|
C|005186|2019|50004775350016|001|4300012860|00040|UHTC0249|2|EA|337050|KRW|674100|20190228|1300|
C|005186|2019|50004775350017|001|4300012861|00020|UHFC0308|1|EA|68250|KRW|68250|20190228|1300|
C|005186|2019|50004775350018|001|4300012861|00030|UHTC0442|5|EA|123500|KRW|123500|20190228|1300|
C|005186|2019|50004775350019|001|4300012861|00040|UHTC0450|10|EA|37800|KRW|37800|20190228|1300|
C|005186|2019|50004775350020|001|4300012861|00050|UHTC0173|5|EA|97350|KRW|97350|20190228|1300|
C|005186|2019|50004775350021|001|4300012861|00060|UCAC0021|1|EA|702000|KRW|702000|20190228|1300|
C|005186|2019|50004775350022|001|4300012862|00010|UHTC0227|1|EA|234260|KRW|234260|20190228|1300|
C|005186|2019|50004775350023|001|4300012862|00020|UHNC0016|1|EA|779100|KRW|779100|20190228|1300|
C|005186|2019|50004775350024|001|4300012863|00010|UHHC0013|80|M|20580|KRW|1646400|20190228|1300|
C|005186|2019|50004775360001|001|4300012731|00010|UGCC1483|6|EA|273000|KRW|1638000|20190228|1300|
C|005186|2019|50004775360002|001|4300012768|00040|UGBC1729|2|EA|28400|KRW|56800|20190228|1300|
C|005186|2019|50004775360003|001|4300012775|00030|UGBC1732|5|EA|18900|KRW|94500|20190228|1300|
C|005186|2019|50004775360004|001|4300012777|00030|UGBC1730|1|EA|76700|KRW|76700|20190228|1300|
C|005186|2019|50004775360005|001|4300012779|00020|UGCC1479|2|EA|294000|KRW|588000|20190228|1300|
C|005186|2019|50004775360006|001|4300012787|00100|UGBC0914|5|EA|45675|KRW|228375|20190228|1300|
C|005186|2019|50004775360007|001|4300012787|00110|UGBC0912|5|EA|36225|KRW|181125|20190228|1300|
C|005186|2019|50004775360008|001|4300012851|00060|UGCC1482|2|EA|394000|KRW|788000|20190228|1300|
C|005186|2019|50004775380001|001|4300012768|00010|UGBC1492|5|EA|424000|KRW|424000|20190228|1300|
C|005186|2019|50004775380002|001|4300012822|00010|UGBC0112|5|EA|231000|KRW|1155000|20190228|1300|
C|005186|2019|50004775380003|001|4300012823|00010|UGBC0111|5|EA|294000|KRW|1470000|20190228|1300|
C|005186|2019|50004775380004|001|4300012837|00010|UCIC0042|2|EA|143100|KRW|286200|20190228|1300|
C|005186|2019|50004775380005|001|4300012837|00020|UGBC0946|2|EA|69300|KRW|138600|20190228|1300|
C|005186|2019|50004775380006|001|4300012837|00030|UCAC0044|1|EA|252000|KRW|252000|20190228|1300|
C|005186|2019|50004775380007|001|4300012839|00020|UGBC1459|1|EA|211000|KRW|211000|20190228|1300|
C|005186|2019|50004775380008|001|4300012839|00040|UBCC0039|6|EA|37800|KRW|113400|20190228|1300|
C|005186|2019|50004775380009|001|4300012839|00090|UGBC1540|2|EA|86400|KRW|172800|20190228|1300|
C|005186|2019|50004775380010|001|4300012848|00030|UBCC0036|10|EA|52500|KRW|105000|20190228|1300|
C|005186|2019|50004775380011|001|4300012848|00040|UBCC0038|5|EA|89500|KRW|89500|20190228|1300|
