C|005186|2021|50006183290001|001|4300019387|00010|UKEC0013|40|EA|1530|KRW|61200|20210208|1300|
C|005186|2021|50006183290002|001|4300019387|00020|UFGC0065|10|EA|5000|KRW|50000|20210208|1300|
C|005186|2021|50006183290003|001|4300019387|00030|UFGC0024|2|EA|15120|KRW|30240|20210208|1300|
C|005186|2021|50006183290004|001|4300019387|00040|UDBC1101|200|EA|8820|KRW|1764000|20210208|1300|
C|005186|2021|50006183290005|001|4300019388|00010|UAGC0237|1|EA|395120|KRW|395120|20210208|1300|
C|005186|2021|50006183290006|001|4300019388|00020|UCKC0038|20|EA|600|KRW|12000|20210208|1300|
C|005186|2021|50006183290007|001|4300019388|00030|UHHC0145|2|EA|81690|KRW|163380|20210208|1300|
C|005186|2021|50006183290008|001|4300019388|00040|UKGC0008|2|EA|2940|KRW|5880|20210208|1300|
C|005186|2021|50006183290009|001|4300019388|00050|UCIC0016|1|EA|37470|KRW|37470|20210208|1300|
C|005186|2021|50006183290010|001|4300019389|00010|UZZC0030|20|EA|1520|KRW|30400|20210208|1300|
C|005186|2021|50006183290011|001|4300019389|00040|UABC0050|300|EA|2960|KRW|888000|20210208|1300|
C|005186|2021|50006183290012|001|4300019401|00010|UGCC0718|50|EA|23200|KRW|1160000|20210208|1300|
C|005186|2021|50006183290013|001|4300019401|00020|UAGC0064|2|EA|112630|KRW|225260|20210208|1300|
C|005186|2021|50006183290014|001|4300019402|00010|UKCC0003|20|EA|4520|KRW|90400|20210208|1300|
C|005186|2021|50006183290015|001|4300019402|00020|UGCC1537|2|EA|236250|KRW|472500|20210208|1300|
C|005186|2021|50006183290016|001|4300019402|00030|UAJC0049|100|EA|390|KRW|39000|20210208|1300|
C|005186|2021|50006183290017|001|4300019402|00050|UKEC0108|1|EA|137020|KRW|137020|20210208|1300|
C|005186|2021|50006183290018|001|4300019402|00060|UAEC0021|2|EA|32130|KRW|64260|20210208|1300|
C|005186|2021|50006183290019|001|4300019402|00070|UCAC0010|6|EA|19690|KRW|118140|20210208|1300|
C|005186|2021|50006183290020|001|4300019403|00020|UFFC0012|5|EA|31190|KRW|155950|20210208|1300|
C|005186|2021|50006183290021|001|4300019403|00040|UAEC0514|20|EA|1550|KRW|31000|20210208|1300|
C|005186|2021|50006183290022|001|4300019403|00050|UAEC0420|20|EA|1300|KRW|26000|20210208|1300|
C|005186|2021|50006183290023|001|4300019403|00060|UAEC0062|20|EA|2880|KRW|57600|20210208|1300|
C|005186|2021|50006183290024|001|4300019403|00070|UAEC0063|20|EA|3220|KRW|64400|20210208|1300|
C|005186|2021|50006183290025|001|4300019403|00080|UAEC0064|20|EA|3480|KRW|69600|20210208|1300|
C|005186|2021|50006183290026|001|4300019404|00020|UAEC0065|20|EA|6300|KRW|126000|20210208|1300|
C|005186|2021|50006183290027|001|4300019404|00030|UAEC0030|5|EA|15750|KRW|78750|20210208|1300|
C|005186|2021|50006183290028|001|4300019404|00040|UAEC0068|5|EA|17850|KRW|89250|20210208|1300|
C|005186|2021|50006183290029|001|4300019404|00060|UKEC0013|40|EA|1530|KRW|61200|20210208|1300|
C|005186|2021|50006183290030|001|4300019404|00070|UICC0034|1|EA|23100|KRW|23100|20210208|1300|
C|005186|2021|50006183290031|001|4300019404|00080|UADC0027|1|EA|3320|KRW|3320|20210208|1300|
C|005186|2021|50006183290032|001|4300019404|00090|UDBC0401|300|EA|25|KRW|7500|20210208|1300|
C|005186|2021|50006183300001|001|4300019355|00010|UGCC1429|1|EA|1055700|KRW|1055700|20210208|1300|
C|005186|2021|50006183300002|001|4300019356|00010|UGCC1429|1|EA|1055700|KRW|1055700|20210208|1300|
C|005186|2021|50006183300003|001|4300019404|00050|UAEC0267|10|EA|6359|KRW|63590|20210208|1300|
C|005186|2021|50006183910001|001|4300019407|00010|UCIC0031|1|EA|432640|KRW|432640|20210208|1300|
C|005186|2021|50006183910002|001|4300019408|00010|UCCC0009|1|EA|208300|KRW|208300|20210208|1300|
C|005186|2021|50006183910003|001|4300019408|00020|UCCC0013|1|EA|401000|KRW|401000|20210208|1300|
C|005186|2021|50006183910004|001|4300019408|00030|UCCC0014|2|EA|534000|KRW|1068000|20210208|1300|
C|005186|2021|50006183910005|001|4300019411|00060|UAJC0049|50|EA|390|KRW|19500|20210208|1300|
C|005186|2021|50006183910006|001|4300019485|00010|UFAC0003|3|EA|182000|KRW|546000|20210208|1300|
C|005186|2021|50006183910007|001|4300019485|00020|UDBC1077|2|EA|1160|KRW|2320|20210208|1300|
C|005186|2021|50006183920001|001|4300019403|00010|UGCC0894|400|EA|3000|KRW|1200000|20210208|1300|
