C|005186|2015|50001332190001|001|4300002198|00020|CMD0012|5|EA|29400|KRW|147000|20150227|1300|
C|005186|2015|50001332200001|001|4300002225|00130|CMD0012|1|EA|29400|KRW|29400|20150227|1300|
C|005186|2015|50001332210001|001|4300002178|00100|CMD0016|3|EA|30450|KRW|91350|20150227|1300|
C|005186|2015|50001332210002|001|4300002194|00110|CMD0016|3|EA|30450|KRW|91350|20150227|1300|
C|005186|2015|50001332210003|001|4300002198|00010|CMD0016|4|EA|30450|KRW|121800|20150227|1300|
C|005186|2015|50001332210004|001|4300002203|00050|CMD0016|1|EA|30450|KRW|30450|20150227|1300|
C|005186|2015|50001332210005|001|4300002229|00020|CMD0016|7|EA|30450|KRW|213150|20150227|1300|
C|005186|2015|50001332220001|001|4300002178|00090|CMD0011|10|EA|24150|KRW|241500|20150227|1300|
C|005186|2015|50001332220002|001|4300002229|00010|CMD0011|5|EA|24150|KRW|120750|20150227|1300|
C|005186|2015|50001332220003|001|4300002230|00010|CMD0011|9|EA|24150|KRW|217350|20150227|1300|
C|005186|2015|50001332220004|001|4300002231|00010|CMD0011|7|EA|24150|KRW|169050|20150227|1300|
C|005186|2015|50001332220005|001|4300002232|00010|CMD0011|8|EA|24150|KRW|193200|20150227|1300|
C|005186|2015|50001332230001|001|4300002184|00060|CMD0016|1|EA|30450|KRW|30450|20150227|1300|
C|005186|2015|50001332230002|001|4300002225|00140|CMD0016|2|EA|30450|KRW|60900|20150227|1300|
C|005186|2015|50001332240001|001|4300002174|00100|CMD0011|5|EA|24150|KRW|120750|20150227|1300|
C|005186|2015|50001332240002|001|4300002175|00070|CMD0011|13|EA|24150|KRW|313950|20150227|1300|
C|005186|2015|50001332240003|001|4300002225|00120|CMD0011|17|EA|24150|KRW|410550|20150227|1300|
