C|005186|2015|50001319490001|001|4300002174|00020|CMA0003|10|EA|950|KRW|9500|20150223|1300|
C|005186|2015|50001319490002|001|4300002174|00130|CMF0013|10|EA|760|KRW|7600|20150223|1300|
C|005186|2015|50001319490003|001|4300002174|00140|CMF0015|20|EA|500|KRW|10000|20150223|1300|
C|005186|2015|50001319490004|001|4300002174|00150|CMF0021|5|EA|5400|KRW|27000|20150223|1300|
C|005186|2015|50001319490005|001|4300002174|00160|CMG0001|50|EA|1840|KRW|92000|20150223|1300|
C|005186|2015|50001319490006|001|4300002175|00110|CMF0006|1|EA|11970|KRW|11970|20150223|1300|
C|005186|2015|50001319490007|001|4300002175|00120|CMF0009|2|EA|5700|KRW|11400|20150223|1300|
C|005186|2015|50001319490008|001|4300002175|00130|CMF0021|2|EA|5400|KRW|10800|20150223|1300|
C|005186|2015|50001319490009|001|4300002175|00140|CMH0007|3|EA|11700|KRW|35100|20150223|1300|
C|005186|2015|50001319490010|001|4300002176|00010|CMZ0009|20|EA|740|KRW|14800|20150223|1300|
C|005186|2015|50001319490011|001|4300002176|00160|CMF0014|10|EA|630|KRW|6300|20150223|1300|
C|005186|2015|50001319490012|001|4300002176|00170|CMF0021|2|EA|5400|KRW|10800|20150223|1300|
C|005186|2015|50001319490013|001|4300002176|00190|CMF0020|5|EA|700|KRW|3500|20150223|1300|
C|005186|2015|50001319490014|001|4300002184|00030|CMA0017|20|EA|780|KRW|15600|20150223|1300|
C|005186|2015|50001319490015|001|4300002184|00090|CMF0004|3|EA|22050|KRW|66150|20150223|1300|
C|005186|2015|50001319490016|001|4300002184|00110|CMF0013|10|EA|760|KRW|7600|20150223|1300|
C|005186|2015|50001319490017|001|4300002184|00120|CMF0017|50|EA|505|KRW|25250|20150223|1300|
C|005186|2015|50001319490018|001|4300002224|00160|CMF0001|10|EA|1680|KRW|16800|20150223|1300|
C|005186|2015|50001319490019|001|4300002224|00170|CMF0004|6|EA|22050|KRW|132300|20150223|1300|
C|005186|2015|50001319490020|001|4300002224|00190|CMF0006|4|EA|11970|KRW|47880|20150223|1300|
C|005186|2015|50001319490021|001|4300002224|00200|CMF0007|10|EA|1780|KRW|17800|20150223|1300|
C|005186|2015|50001319490022|001|4300002224|00210|CMF0008|10|EA|1785|KRW|17850|20150223|1300|
C|005186|2015|50001319490023|001|4300002224|00220|CMF0009|10|EA|5700|KRW|57000|20150223|1300|
C|005186|2015|50001319490024|001|4300002224|00230|CMF0013|10|EA|760|KRW|7600|20150223|1300|
C|005186|2015|50001319490025|001|4300002224|00240|CMF0014|10|EA|630|KRW|6300|20150223|1300|
C|005186|2015|50001319490026|001|4300002224|00250|CMF0015|10|EA|500|KRW|5000|20150223|1300|
C|005186|2015|50001319490027|001|4300002224|00260|CMF0016|10|EA|470|KRW|4700|20150223|1300|
C|005186|2015|50001319490028|001|4300002224|00270|CMF0020|10|EA|700|KRW|7000|20150223|1300|
C|005186|2015|50001319490029|001|4300002224|00280|CMF0021|10|EA|5400|KRW|54000|20150223|1300|
C|005186|2015|50001319490030|001|4300002224|00290|CMG0001|10|EA|1840|KRW|18400|20150223|1300|
C|005186|2015|50001319490031|001|4300002224|00300|CMH0006|5|EA|400|KRW|2000|20150223|1300|
C|005186|2015|50001319490032|001|4300002224|00310|CMH0007|5|EA|11700|KRW|58500|20150223|1300|
C|005186|2015|50001319490033|001|4300002224|00350|CMZ0008|2|EA|578|KRW|1156|20150223|1300|
C|005186|2015|50001319490034|001|4300002224|00360|CMZ0009|5|EA|740|KRW|3700|20150223|1300|
C|005186|2015|50001319490035|001|4300002224|00370|CMZ0014|3|EA|23300|KRW|69900|20150223|1300|
C|005186|2015|50001319490036|001|4300002225|00060|CMA0017|20|EA|780|KRW|15600|20150223|1300|
C|005186|2015|50001319490037|001|4300002225|00180|CMF0001|5|EA|1680|KRW|8400|20150223|1300|
C|005186|2015|50001319490038|001|4300002225|00200|CMF0016|50|EA|470|KRW|23500|20150223|1300|
C|005186|2015|50001319490039|001|4300002225|00210|CMF0020|5|EA|700|KRW|3500|20150223|1300|
C|005186|2015|50001319490040|001|4300002225|00220|CMG0002|1|EA|6830|KRW|6830|20150223|1300|
C|005186|2015|50001319490041|001|4300002225|00230|CMH0007|5|EA|11700|KRW|58500|20150223|1300|
C|005186|2015|50001319490042|001|4300002225|00240|CMZ0003|2|EA|1470|KRW|2940|20150223|1300|
C|005186|2015|50001319490043|001|4300002227|00050|CMA0017|20|EA|780|KRW|15600|20150223|1300|
C|005186|2015|50001319490044|001|4300002227|00130|CMF0004|2|EA|22050|KRW|44100|20150223|1300|
C|005186|2015|50001319490045|001|4300002227|00150|CMF0006|20|EA|11970|KRW|239400|20150223|1300|
C|005186|2015|50001319490046|001|4300002227|00160|CMF0009|2|EA|5700|KRW|11400|20150223|1300|
C|005186|2015|50001319490047|001|4300002227|00170|CMH0007|1|EA|11700|KRW|11700|20150223|1300|
C|005186|2015|50001319490048|001|4300002227|00210|CMZ0014|1|EA|23300|KRW|23300|20150223|1300|
C|005186|2015|50001320100001|001|4300002193|00030|CMA0017|10|EA|780|KRW|7800|20150223|1300|
C|005186|2015|50001320100002|001|4300002193|00070|CMH0007|1|EA|11700|KRW|11700|20150223|1300|
C|005186|2015|50001320100003|001|4300002194|00030|CMH0007|1|EA|11700|KRW|11700|20150223|1300|
C|005186|2015|50001320100004|001|4300002194|00090|CMZ0032|3|EA|1970|KRW|5910|20150223|1300|
C|005186|2015|50001320100005|001|4300002194|00100|CMF0002|1|EA|1100|KRW|1100|20150223|1300|
C|005186|2015|50001320100006|001|4300002203|00040|CMZ0014|1|EA|23300|KRW|23300|20150223|1300|
C|005186|2015|50001320100007|001|4300002203|00060|CMF0020|3|EA|700|KRW|2100|20150223|1300|
C|005186|2015|50001320100008|001|4300002203|00070|CMF0001|2|EA|1680|KRW|3360|20150223|1300|
C|005186|2015|50001320100009|001|4300002206|00020|CMA0002|110|EA|1530|KRW|168300|20150223|1300|
C|005186|2015|50001320100010|001|4300002206|00040|CMH0007|30|EA|11700|KRW|351000|20150223|1300|
C|005186|2015|50001320100011|001|4300002206|00050|CMF0006|50|EA|11970|KRW|598500|20150223|1300|
C|005186|2015|50001320110001|001|4300002171|00100|CMZ0001|120|EA|765|KRW|91800|20150223|1300|
C|005186|2015|50001320110002|001|4300002171|00110|CMZ0002|40|EA|430|KRW|17200|20150223|1300|
C|005186|2015|50001320110003|001|4300002175|00150|CMZ0001|12|EA|765|KRW|9180|20150223|1300|
C|005186|2015|50001320110004|001|4300002175|00160|CMZ0004|10|EA|380|KRW|3800|20150223|1300|
C|005186|2015|50001320110005|001|4300002176|00020|CMZ0001|10|EA|765|KRW|7650|20150223|1300|
C|005186|2015|50001320110006|001|4300002176|00030|CMZ0002|10|EA|430|KRW|4300|20150223|1300|
C|005186|2015|50001320110007|001|4300002184|00130|CMZ0004|50|EA|380|KRW|19000|20150223|1300|
C|005186|2015|50001320110008|001|4300002184|00140|CMZ0006|10|EA|1155|KRW|11550|20150223|1300|
C|005186|2015|50001320110009|001|4300002224|00320|CMZ0001|30|EA|765|KRW|22950|20150223|1300|
C|005186|2015|50001320110010|001|4300002224|00330|CMZ0004|30|EA|380|KRW|11400|20150223|1300|
C|005186|2015|50001320110011|001|4300002224|00340|CMZ0005|10|EA|750|KRW|7500|20150223|1300|
C|005186|2015|50001320110012|001|4300002225|00250|CMZ0004|10|EA|380|KRW|3800|20150223|1300|
C|005186|2015|50001320110013|001|4300002225|00260|CMZ0006|5|EA|1155|KRW|5775|20150223|1300|
C|005186|2015|50001320110014|001|4300002227|00180|CMZ0001|20|EA|765|KRW|15300|20150223|1300|
C|005186|2015|50001320110015|001|4300002227|00190|CMZ0004|10|EA|380|KRW|3800|20150223|1300|
C|005186|2015|50001320110016|001|4300002227|00200|CMZ0006|3|EA|1155|KRW|3465|20150223|1300|
