C|005186|2019|50005304840001|001|4300014922|00030|UGBC1207|30|EA|9100|KRW|27300|20191115|1300|
C|005186|2019|50005304840002|001|4300015117|00060|UIDC0090|1|EA|29400|KRW|29400|20191115|1300|
C|005186|2019|50005304840003|001|4300015128|00010|UIDC0074|1|EA|35400|KRW|35400|20191115|1300|
C|005186|2019|50005304840004|001|4300015128|00080|UDEC0066|1|EA|444680|KRW|444680|20191115|1300|
C|005186|2019|50005304840005|001|4300015159|00020|UHDC0078|60|EA|102900|KRW|617400|20191115|1300|
C|005186|2019|50005304840006|001|4300015159|00030|UHDC0096|60|EA|13780|KRW|826800|20191115|1300|
C|005186|2019|50005304840007|001|4300015159|00040|UHDC0097|20|EA|137800|KRW|275600|20191115|1300|
C|005186|2019|50005304840008|001|4300015177|00010|UHFC0455|1|EA|44000|KRW|44000|20191115|1300|
C|005186|2019|50005304840009|001|4300015177|00020|UGCC1101|1|EA|24150|KRW|24150|20191115|1300|
C|005186|2019|50005304840010|001|4300015231|00020|UGBC1230|2|EA|16700|KRW|33400|20191115|1300|
C|005186|2019|50005304860001|001|4300015102|00010|UHGC0055|5|EA|85500|KRW|85500|20191115|1300|
C|005186|2019|50005304860002|001|4300015102|00020|UHTC0811|2|EA|65190|KRW|130380|20191115|1300|
C|005186|2019|50005304860003|001|4300015102|00030|UHGC0248|10|EA|73690|KRW|736900|20191115|1300|
C|005186|2019|50005304860004|001|4300015102|00040|UHTC0465|20|EA|138900|KRW|277800|20191115|1300|
C|005186|2019|50005304860005|001|4300015102|00050|UHTC0249|2|EA|337050|KRW|674100|20191115|1300|
C|005186|2019|50005304860006|001|4300015103|00030|UHNC0122|1|EA|195800|KRW|195800|20191115|1300|
C|005186|2019|50005304860007|001|4300015103|00040|UHGC0326|2|EA|237000|KRW|474000|20191115|1300|
C|005186|2019|50005304860008|001|4300015103|00050|UHGC0336|2|EA|347000|KRW|694000|20191115|1300|
C|005186|2019|50005304860009|001|4300015104|00010|UHGC0157|3|EA|248430|KRW|745290|20191115|1300|
C|005186|2019|50005304860010|001|4300015104|00020|UHGC0139|1|EA|561750|KRW|561750|20191115|1300|
