C|005186|2020|50005567000001|001|4300016413|00010|UDDC0173|1|EA|40572|KRW|40572|20200330|1300|
C|005186|2020|50005567000002|001|4300016416|00040|UAEC0357|100|EA|289500|KRW|579000|20200330|1300|
C|005186|2020|50005567000003|001|4300016416|00050|UAEC0414|100|EA|291500|KRW|583000|20200330|1300|
C|005186|2020|50005568910001|001|4300016410|00010|UHDC0136|100|EA|99000|KRW|99000|20200330|1300|
C|005186|2020|50005568910002|001|4300016410|00020|UHDC0137|100|EA|98700|KRW|98700|20200330|1300|
C|005186|2020|50005568910003|001|4300016414|00010|UGCC0148|2|EA|943950|KRW|1887900|20200330|1300|
C|005186|2020|50005568910004|001|4300016418|00030|UHFC0102|50|EA|346500|KRW|346500|20200330|1300|
C|005186|2020|50005568920001|001|4300015646|00010|UHBC0011|2|EA|523950|KRW|1047900|20200330|1300|
C|005186|2020|50005568930001|001|4300016313|00010|UHTC0540|6|EA|321000|KRW|1926000|20200330|1300|
C|005186|2020|50005568930002|001|4300016411|00010|UHGC0195|5|EA|36750|KRW|183750|20200330|1300|
C|005186|2020|50005568930003|001|4300016411|00020|UHGC0189|5|EA|31500|KRW|157500|20200330|1300|
C|005186|2020|50005568930004|001|4300016411|00030|UHFC0032|1|EA|998550|KRW|998550|20200330|1300|
C|005186|2020|50005568930005|001|4300016412|00010|UHGC0134|2|EA|756000|KRW|1512000|20200330|1300|
C|005186|2020|50005568930006|001|4300016417|00010|UHNC0142|3|EA|185500|KRW|556500|20200330|1300|
C|005186|2020|50005568930007|001|4300016417|00020|UHTC0392|1|EA|698250|KRW|698250|20200330|1300|
C|005186|2020|50005568930008|001|4300016417|00030|UHFC0131|3|EA|80850|KRW|242550|20200330|1300|
C|005186|2020|50005568930009|001|4300016418|00010|UHTC0743|5|EA|126320|KRW|631600|20200330|1300|
C|005186|2020|50005568930010|001|4300016418|00020|UHFC0393|100|EA|189500|KRW|379000|20200330|1300|
C|005186|2020|50005568930011|001|4300016418|00040|UHEC0011|2|EA|91880|KRW|183760|20200330|1300|
C|005186|2020|50005568930012|001|4300016418|00050|UHHC0181|2|EA|100000|KRW|200000|20200330|1300|
C|005186|2020|50005568940001|001|4300016409|00010|UAGC0570|20|EA|25300|KRW|506000|20200330|1300|
C|005186|2020|50005568940002|001|4300016416|00030|UAAC0036|5|EA|25300|KRW|126500|20200330|1300|
C|005186|2020|50005568940003|001|4300016420|00110|UICC0010|10|EA|15800|KRW|15800|20200330|1300|
