C|005186|2020|50006061110001|001|4300018730|00010|UAEC0413|2|EA|11660|KRW|23320|20201208|1300|
C|005186|2020|50006061110002|001|4300018730|00020|UZZC0172|5|EA|47250|KRW|47250|20201208|1300|
C|005186|2020|50006061110003|001|4300018730|00030|UAGC0241|1|EA|220000|KRW|220000|20201208|1300|
C|005186|2020|50006061110004|001|4300018730|00040|UJAC0079|2|EA|52500|KRW|52500|20201208|1300|
C|005186|2020|50006061110005|001|4300018730|00050|UIEC0035|20|EA|37800|KRW|756000|20201208|1300|
C|005186|2020|50006061110006|001|4300018730|00060|UKDC0001|5|EA|38420|KRW|192100|20201208|1300|
C|005186|2020|50006061110007|001|4300018730|00070|UZZC0165|1|EA|115940|KRW|115940|20201208|1300|
C|005186|2020|50006061110008|001|4300018730|00080|UHTC0486|2|EA|46410|KRW|92820|20201208|1300|
C|005186|2020|50006061110009|001|4300018730|00090|UHTC0486|2|EA|46410|KRW|92820|20201208|1300|
C|005186|2020|50006061110010|001|4300018730|00100|UEBC0157|3|EA|54600|KRW|163800|20201208|1300|
C|005186|2020|50006061110011|001|4300018730|00110|UJAC0119|2|EA|67520|KRW|135040|20201208|1300|
C|005186|2020|50006061110012|001|4300018730|00120|UKGC0008|7|EA|2940|KRW|20580|20201208|1300|
C|005186|2020|50006061110013|001|4300018731|00010|UAEC0299|5|EA|18900|KRW|94500|20201208|1300|
C|005186|2020|50006061110014|001|4300018731|00020|UZZC0138|200|EA|121000|KRW|484000|20201208|1300|
C|005186|2020|50006061110015|001|4300018731|00030|UICC0029|1|EA|7360|KRW|7360|20201208|1300|
C|005186|2020|50006061110016|001|4300018731|00040|UAEC0037|2|EA|4520|KRW|9040|20201208|1300|
C|005186|2020|50006061110017|001|4300018731|00050|UAEC0038|4|EA|4520|KRW|18080|20201208|1300|
C|005186|2020|50006061110018|001|4300018731|00060|UEBC1320|8|EA|18020|KRW|144160|20201208|1300|
C|005186|2020|50006061110019|001|4300018731|00070|UEBC1407|8|EA|18450|KRW|147600|20201208|1300|
C|005186|2020|50006061110020|001|4300018731|00080|UAAC0029|50|EA|18900|KRW|94500|20201208|1300|
C|005186|2020|50006061110021|001|4300018731|00090|UAEC0505|50|EA|184500|KRW|184500|20201208|1300|
C|005186|2020|50006061110022|001|4300018731|00100|UAKC0021|10|EA|10200|KRW|102000|20201208|1300|
C|005186|2020|50006061110023|001|4300018739|00010|UKCC0003|20|EA|4520|KRW|90400|20201208|1300|
C|005186|2020|50006061110024|001|4300018740|00010|UDAC0266|200|EA|484000|KRW|968000|20201208|1300|
C|005186|2020|50006061110025|001|4300018740|00040|UKBC0007|5|EA|87700|KRW|87700|20201208|1300|
C|005186|2020|50006061120001|001|4300018713|00080|UAGC0325|5|EA|5180|KRW|25900|20201208|1300|
C|005186|2020|50006061120002|001|4300018713|00110|UCHC0014|5|EA|34350|KRW|171750|20201208|1300|
C|005186|2020|50006061120003|001|4300018740|00030|UGBC0465|100|EA|127000|KRW|127000|20201208|1300|
C|005186|2020|50006061130001|001|4300018713|00020|UDBC0054|50|EA|12800|KRW|64000|20201208|1300|
C|005186|2020|50006061130002|001|4300018713|00030|UDBC0569|60|EA|27000|KRW|81000|20201208|1300|
C|005186|2020|50006061130003|001|4300018713|00040|UDBC0055|50|EA|14200|KRW|71000|20201208|1300|
C|005186|2020|50006061130004|001|4300018713|00050|UDBC0035|160|EA|3000|KRW|48000|20201208|1300|
C|005186|2020|50006061130005|001|4300018713|00060|UDBC0726|300|EA|1400|KRW|42000|20201208|1300|
C|005186|2020|50006061130006|001|4300018713|00070|UHFC0226|1|EA|3300|KRW|3300|20201208|1300|
C|005186|2020|50006061130007|001|4300018713|00090|UIEC0004|1|EA|21290|KRW|21290|20201208|1300|
C|005186|2020|50006061130008|001|4300018713|00100|UIEC0017|1|EA|3570|KRW|3570|20201208|1300|
C|005186|2020|50006061130009|001|4300018745|00020|UAEC0076|2|EA|24210|KRW|48420|20201208|1300|
C|005186|2020|50006061130010|001|4300018745|00050|UDEC0005|2|EA|95150|KRW|190300|20201208|1300|
C|005186|2020|50006061130011|001|4300018745|00060|UAEC0139|2|EA|11150|KRW|22300|20201208|1300|
C|005186|2020|50006061130012|001|4300018747|00010|UAGC0557|2|EA|506500|KRW|1013000|20201208|1300|
C|005186|2020|50006061130013|001|4300018747|00050|UAGC0194|100|EA|163000|KRW|326000|20201208|1300|
C|005186|2020|50006061130014|001|4300018749|00010|UAEC0228|1|EA|3050|KRW|3050|20201208|1300|
C|005186|2020|50006061130015|001|4300018749|00030|UDEC0054|10|EA|148050|KRW|1480500|20201208|1300|
C|005186|2020|50006061130016|001|4300018750|00010|UDEC0058|10|EA|190050|KRW|1900500|20201208|1300|
C|005186|2020|50006061130017|001|4300018752|00050|UDDC0329|1|EA|18400|KRW|18400|20201208|1300|
C|005186|2020|50006061130018|001|4300018753|00020|UGBC1643|10|EA|32880|KRW|328800|20201208|1300|
C|005186|2020|50006061140001|001|4300018743|00010|UEAC1175|2|EA|386900|KRW|773800|20201208|1300|
C|005186|2020|50006061140002|001|4300018745|00070|UHTC0062|1|EA|10080|KRW|10080|20201208|1300|
C|005186|2020|50006061140003|001|4300018748|00040|UEBC1034|6|EA|6060|KRW|36360|20201208|1300|
C|005186|2020|50006061140004|001|4300018748|00050|UHTC0870|1|EA|85800|KRW|85800|20201208|1300|
C|005186|2020|50006061140005|001|4300018749|00020|UKEC0108|1|EA|137020|KRW|137020|20201208|1300|
C|005186|2020|50006061150001|001|4300018727|00040|UGCC1849|2|EA|108150|KRW|216300|20201208|1300|
C|005186|2020|50006061150002|001|4300018727|00050|UEAC0181|2|EA|78400|KRW|156800|20201208|1300|
C|005186|2020|50006061150003|001|4300018728|00010|UDBC0805|1|EA|248000|KRW|248000|20201208|1300|
C|005186|2020|50006061150004|001|4300018732|00010|UJAC0036|100|EA|735000|KRW|1470000|20201208|1300|
C|005186|2020|50006061150005|001|4300018738|00010|UGCC1851|50|EA|5780|KRW|289000|20201208|1300|
C|005186|2020|50006061150006|001|4300018738|00020|UJAC1551|16|EA|7950|KRW|127200|20201208|1300|
C|005186|2020|50006061150007|001|4300018738|00030|UDFC0236|100|EA|1590|KRW|159000|20201208|1300|
C|005186|2020|50006061150008|001|4300018739|00020|UGCC0894|400|EA|300000|KRW|1200000|20201208|1300|
