C|005186|2015|50001238150001|001|4300002005|00060|CMD0016|2|EA|30450|KRW|60900|20150115|1300|
C|005186|2015|50001238160001|001|4300001986|00120|CMD0011|17|EA|24150|KRW|410550|20150115|1300|
C|005186|2015|50001238160002|001|4300001986|00130|CMD0012|1|EA|29400|KRW|29400|20150115|1300|
C|005186|2015|50001238160003|001|4300001986|00140|CMD0016|2|EA|30450|KRW|60900|20150115|1300|
C|005186|2015|50001238160004|001|4300001990|00090|CMD0011|5|EA|24150|KRW|120750|20150115|1300|
C|005186|2015|50001238160005|001|4300001994|00080|CMD0011|2|EA|24150|KRW|48300|20150115|1300|
C|005186|2015|50001238160006|001|4300001997|00080|CMD0011|3|EA|24150|KRW|72450|20150115|1300|
C|005186|2015|50001238160007|001|4300001998|00060|CMD0016|1|EA|30450|KRW|30450|20150115|1300|
C|005186|2015|50001238160008|001|4300002003|00010|CMD0016|3|EA|30450|KRW|91350|20150115|1300|
C|005186|2015|50001238170001|001|4300001984|00010|CMA0001|60|EA|240|KRW|14400|20150115|1300|
C|005186|2015|50001238170002|001|4300001984|00020|CMA0008|80|EA|690|KRW|55200|20150115|1300|
C|005186|2015|50001238170003|001|4300001984|00030|CMB0001|50|EA|655|KRW|32750|20150115|1300|
C|005186|2015|50001238170004|001|4300001984|00040|CME0010|30|EA|285|KRW|8550|20150115|1300|
C|005186|2015|50001238170005|001|4300001984|00050|CMH0007|3|EA|11700|KRW|35100|20150115|1300|
C|005186|2015|50001238170006|001|4300001989|00150|CMF0004|2|EA|22050|KRW|44100|20150115|1300|
C|005186|2015|50001238170007|001|4300001996|00010|CMA0001|200|EA|240|KRW|48000|20150115|1300|
C|005186|2015|50001238170008|001|4300001996|00020|CMA0007|50|EA|270|KRW|13500|20150115|1300|
C|005186|2015|50001238170009|001|4300001996|00030|CMB0001|100|EA|655|KRW|65500|20150115|1300|
C|005186|2015|50001238170010|001|4300001996|00040|CME0001|13|EA|4910|KRW|63830|20150115|1300|
C|005186|2015|50001238180001|001|4300001986|00250|CMZ0004|10|EA|380|KRW|3800|20150115|1300|
C|005186|2015|50001238180002|001|4300001986|00260|CMZ0006|5|EA|1155|KRW|5775|20150115|1300|
C|005186|2015|50001238180003|001|4300001988|00160|CMZ0001|120|EA|765|KRW|91800|20150115|1300|
C|005186|2015|50001238180004|001|4300001988|00170|CMZ0002|40|EA|430|KRW|17200|20150115|1300|
C|005186|2015|50001238180005|001|4300001988|00180|CMZ0004|50|EA|380|KRW|19000|20150115|1300|
C|005186|2015|50001238180006|001|4300001988|00190|CMZ0006|30|EA|1155|KRW|34650|20150115|1300|
C|005186|2015|50001238180007|001|4300001989|00200|CMZ0001|20|EA|765|KRW|15300|20150115|1300|
C|005186|2015|50001238180008|001|4300001990|00190|CMZ0002|30|EA|430|KRW|12900|20150115|1300|
C|005186|2015|50001238180009|001|4300001990|00200|CMZ0004|20|EA|380|KRW|7600|20150115|1300|
C|005186|2015|50001238180010|001|4300001990|00210|CMZ0005|20|EA|750|KRW|15000|20150115|1300|
C|005186|2015|50001238180011|001|4300001991|00140|CMZ0001|12|EA|765|KRW|9180|20150115|1300|
C|005186|2015|50001238180012|001|4300001991|00150|CMZ0004|10|EA|380|KRW|3800|20150115|1300|
C|005186|2015|50001238180013|001|4300001992|00190|CMZ0001|10|EA|765|KRW|7650|20150115|1300|
C|005186|2015|50001238180014|001|4300001992|00200|CMZ0002|10|EA|430|KRW|4300|20150115|1300|
C|005186|2015|50001238180015|001|4300001992|00210|CMZ0006|10|EA|1155|KRW|11550|20150115|1300|
C|005186|2015|50001238180016|001|4300001997|00250|CMZ0004|20|EA|380|KRW|7600|20150115|1300|
C|005186|2015|50001238180017|001|4300001997|00260|CMZ0005|10|EA|750|KRW|7500|20150115|1300|
C|005186|2015|50001238180018|001|4300001998|00130|CMZ0004|50|EA|380|KRW|19000|20150115|1300|
C|005186|2015|50001238180019|001|4300001998|00140|CMZ0006|10|EA|1155|KRW|11550|20150115|1300|
C|005186|2015|50001238190001|001|4300001986|00220|CMG0002|1|EA|6830|KRW|6830|20150115|1300|
C|005186|2015|50001238190002|001|4300001989|00210|CMZ0015|1|EA|15500|KRW|15500|20150115|1300|
C|005186|2015|50001238190003|001|4300001990|00180|CMG0001|100|EA|1840|KRW|184000|20150115|1300|
C|005186|2015|50001238190004|001|4300001992|00150|CMF0014|10|EA|630|KRW|6300|20150115|1300|
C|005186|2015|50001238190005|001|4300001997|00180|CMF0014|10|EA|630|KRW|6300|20150115|1300|
C|005186|2015|50001238190006|001|4300001998|00120|CMF0017|20|EA|505|KRW|10100|20150115|1300|
