C|005186|2015|50001459010001|001|4300002578|00050|UFGC0017|60|EA|3500|KRW|210000|20150415|1300|
C|005186|2015|50001459010002|001|4300002580|00020|UIDC0109|3|EA|184800|KRW|554400|20150415|1300|
C|005186|2015|50001459010003|001|4300002580|00050|UDCC0044|1|EA|92840|KRW|92840|20150415|1300|
C|005186|2015|50001459010004|001|4300002582|00150|KH990100|4|EA|27220|KRW|108880|20150415|1300|
C|005186|2015|50001459010005|001|4300002582|00160|KH990101|6|EA|7250|KRW|43500|20150415|1300|
C|005186|2015|50001459010006|001|4300002582|00260|KS990007|8|EA|51450|KRW|411600|20150415|1300|
C|005186|2015|50001459010007|001|4300002582|00270|KT020007|4|EA|6860|KRW|27440|20150415|1300|
C|005186|2015|50001459010008|001|4300002582|00280|KT020500|10|EA|3110|KRW|31100|20150415|1300|
C|005186|2015|50001459010009|001|4300002582|00290|KT020600|3|EA|14910|KRW|44730|20150415|1300|
C|005186|2015|50001459010010|001|4300002582|00300|KT020610|1|EA|29150|KRW|29150|20150415|1300|
C|005186|2015|50001459010011|001|4300002582|00310|KT020611|1|EA|28140|KRW|28140|20150415|1300|
C|005186|2015|50001459010012|001|4300002582|00320|KT020700|27|EA|2680|KRW|72360|20150415|1300|
C|005186|2015|50001459010013|001|4300002582|00330|KT020704|30|EA|610|KRW|18300|20150415|1300|
C|005186|2015|50001459010014|001|4300002582|00340|KT020705|3|EA|1390|KRW|4170|20150415|1300|
C|005186|2015|50001459010015|001|4300002582|00350|KT080110|2|EA|25440|KRW|50880|20150415|1300|
C|005186|2015|50001459010016|001|4300002582|00360|KT080300|20.000|KG|2770|KRW|55400|20150415|1300|
C|005186|2015|50001459010017|001|4300002582|00370|KT080311|1|EA|72980|KRW|72980|20150415|1300|
C|005186|2015|50001459010018|001|4300002582|00380|KT080350|1|EA|4720|KRW|4720|20150415|1300|
C|005186|2015|50001459010019|001|4300002582|00390|KT080500|1|EA|26500|KRW|26500|20150415|1300|
C|005186|2015|50001459010020|001|4300002582|00400|KT990001|200|EA|510|KRW|102000|20150415|1300|
C|005186|2015|50001459010021|001|4300002582|00410|KT990010|180|EA|370|KRW|66600|20150415|1300|
C|005186|2015|50001459090001|001|4300002542|00100|UKBC0010|1|EA|91480|KRW|91480|20150415|1300|
C|005186|2015|50001459090002|001|4300002548|00070|UKBC0010|1|EA|91480|KRW|91480|20150415|1300|
C|005186|2015|50001459090003|001|4300002548|00080|UKCC0003|20|EA|4520|KRW|90400|20150415|1300|
C|005186|2015|50001459090004|001|4300002576|00030|UAHC0044|1|EA|11030|KRW|11030|20150415|1300|
C|005186|2015|50001459090005|001|4300002576|00040|UAHC0043|1|EA|1000|KRW|1000|20150415|1300|
C|005186|2015|50001459090006|001|4300002576|00050|UKBC0010|1|EA|91480|KRW|91480|20150415|1300|
C|005186|2015|50001459090007|001|4300002576|00060|UKAC0011|1|EA|117495|KRW|117495|20150415|1300|
C|005186|2015|50001459090008|001|4300002576|00080|UBBC0006|2|EA|103370|KRW|206740|20150415|1300|
C|005186|2015|50001459090009|001|4300002576|00090|UAEC0047|2|EA|21000|KRW|42000|20150415|1300|
C|005186|2015|50001459090010|001|4300002576|00100|UAEC0095|1|EA|22630|KRW|22630|20150415|1300|
C|005186|2015|50001459090011|001|4300002576|00110|UKDC0001|3|EA|38420|KRW|115260|20150415|1300|
C|005186|2015|50001459090012|001|4300002576|00170|UGCC0627|1|EA|37800|KRW|37800|20150415|1300|
C|005186|2015|50001459090013|001|4300002576|00180|UGCC0632|2|EA|98700|KRW|197400|20150415|1300|
C|005186|2015|50001459090014|001|4300002576|00190|UAEC0299|2|EA|18900|KRW|37800|20150415|1300|
C|005186|2015|50001459090015|001|4300002576|00200|UKGC0008|2|EA|2940|KRW|5880|20150415|1300|
C|005186|2015|50001459090016|001|4300002576|00210|UJBC0004|10|EA|4337|KRW|43370|20150415|1300|
C|005186|2015|50001459090017|001|4300002576|00220|UCIC0002|20|EA|950|KRW|19000|20150415|1300|
C|005186|2015|50001459090018|001|4300002576|00230|UGAC0065|1|EA|124800|KRW|124800|20150415|1300|
C|005186|2015|50001459090019|001|4300002576|00240|UAGC0467|30|EA|4400|KRW|132000|20150415|1300|
C|005186|2015|50001459090020|001|4300002576|00250|UAIC0008|1|EA|88940|KRW|88940|20150415|1300|
C|005186|2015|50001459090021|001|4300002577|00010|UAGC0038|50|EA|2710|KRW|135500|20150415|1300|
C|005186|2015|50001459090022|001|4300002577|00020|UAGC0064|1|EA|112630|KRW|112630|20150415|1300|
C|005186|2015|50001459090023|001|4300002578|00030|UJBC0009|20|EA|14700|KRW|294000|20150415|1300|
C|005186|2015|50001459090024|001|4300002578|00040|UABC0044|20|EA|11040|KRW|220800|20150415|1300|
C|005186|2015|50001459140001|001|4300002473|00020|UGCC0102|1|EA|642600|KRW|642600|20150415|1300|
C|005186|2015|50001459140002|001|4300002473|00030|UGCC0206|20|EA|3490|KRW|69800|20150415|1300|
C|005186|2015|50001459200001|001|4300002511|00150|UGCC0905|4|EA|60400|KRW|241600|20150415|1300|
C|005186|2015|50001459200002|001|4300002512|00010|UGCC0792|1|EA|698500|KRW|698500|20150415|1300|
C|005186|2015|50001459200003|001|4300002512|00030|UGCC0391|2|EA|297900|KRW|595800|20150415|1300|
C|005186|2015|50001459200004|001|4300002512|00040|UGCC0357|2|EA|160650|KRW|321300|20150415|1300|
C|005186|2015|50001459250001|001|4300002472|00050|UDBC0460|300|EA|212|KRW|63600|20150415|1300|
C|005186|2015|50001459250002|001|4300002472|00090|UKBC0033|1|EA|47510|KRW|0|20150415|1300|
C|005186|2015|50001459250003|001|4300002473|00070|UJAC0072|2|EA|12600|KRW|25200|20150415|1300|
C|005186|2015|50001459250004|001|4300002473|00080|UJAC0073|2|EA|13130|KRW|26260|20150415|1300|
C|005186|2015|50001459300001|001|4300002472|00010|UEAC0140|2|EA|47700|KRW|95400|20150415|1300|
C|005186|2015|50001459300002|001|4300002472|00020|UEBC0116|10|EA|1840|KRW|18400|20150415|1300|
C|005186|2015|50001459300003|001|4300002472|00030|UEBC0184|2|EA|208700|KRW|417400|20150415|1300|
C|005186|2015|50001459300004|001|4300002472|00040|UEBC0414|2|EA|281930|KRW|563860|20150415|1300|
C|005186|2015|50001459300005|001|4300002472|00060|UEBC0664|3|EA|168000|KRW|504000|20150415|1300|
C|005186|2015|50001459300006|001|4300002472|00070|UEBC0794|5|EA|3030|KRW|15150|20150415|1300|
C|005186|2015|50001459300007|001|4300002472|00080|UEBC1056|1|EA|104200|KRW|104200|20150415|1300|
C|005186|2015|50001459300008|001|4300002473|00010|UEBC0043|1|EA|112460|KRW|112460|20150415|1300|
C|005186|2015|50001459300009|001|4300002473|00040|UDBC0865|10|EA|380|KRW|3800|20150415|1300|
C|005186|2015|50001459300010|001|4300002473|00050|UEBC1164|1|EA|215000|KRW|215000|20150415|1300|
C|005186|2015|50001459300011|001|4300002473|00060|UEBC0011|4|EA|133350|KRW|533400|20150415|1300|
C|005186|2015|50001459300012|001|4300002474|00010|UEBC0560|4|EA|55970|KRW|223880|20150415|1300|
C|005186|2015|50001459300013|001|4300002474|00020|UBCC0042|12|EA|13700|KRW|164400|20150415|1300|
C|005186|2015|50001459300014|001|4300002474|00030|UDDC0213|2|EA|28070|KRW|56140|20150415|1300|
C|005186|2015|50001459300015|001|4300002474|00040|UDDC0131|10|EA|24360|KRW|243600|20150415|1300|
C|005186|2015|50001459300016|001|4300002474|00050|UAJC0050|50|EA|790|KRW|39500|20150415|1300|
C|005186|2015|50001459300017|001|4300002474|00060|UDBC0115|50|EA|277|KRW|13850|20150415|1300|
C|005186|2015|50001459300018|001|4300002474|00070|UEBC1107|10|EA|6710|KRW|67100|20150415|1300|
C|005186|2015|50001459300019|001|4300002474|00080|UEBC0225|10|EA|2820|KRW|28200|20150415|1300|
C|005186|2015|50001459300020|001|4300002474|00090|UEBC0918|3|EA|15260|KRW|45780|20150415|1300|
C|005186|2015|50001459350001|001|4300002507|00050|UGCC0044|2|EA|19700|KRW|39400|20150415|1300|
C|005186|2015|50001459350002|001|4300002508|00020|UDEC0061|3|EA|262500|KRW|787500|20150415|1300|
C|005186|2015|50001459350003|001|4300002511|00010|UCHC0023|2|EA|100000|KRW|200000|20150415|1300|
C|005186|2015|50001459350004|001|4300002511|00110|UHTC0290|2|EA|59970|KRW|119940|20150415|1300|
C|005186|2015|50001459350005|001|4300002511|00120|UFGC0035|30|EA|11077|KRW|332310|20150415|1300|
C|005186|2015|50001459350006|001|4300002512|00050|UAEC0376|1|EA|15960|KRW|15960|20150415|1300|
C|005186|2015|50001459350007|001|4300002512|00060|UAEC0375|1|EA|9740|KRW|9740|20150415|1300|
C|005186|2015|50001459350008|001|4300002512|00070|UAEC0374|1|EA|7000|KRW|7000|20150415|1300|
C|005186|2015|50001459360001|001|4300002474|00110|UGAC0010|1|EA|127000|KRW|127000|20150415|1300|
C|005186|2015|50001459370001|001|4300002474|00100|UHTC0697|6|EA|66200|KRW|397200|20150415|1300|
