C|005186|2015|50001796000001|001|4300003400|00030|UKBC0010|2|EA|91480|KRW|182960|20150831|1300|
C|005186|2015|50001796000002|001|4300003403|00010|UDAC0012|200|EA|4220|KRW|844000|20150831|1300|
C|005186|2015|50001796000003|001|4300003403|00060|UAEC0094|2|EA|22630|KRW|45260|20150831|1300|
C|005186|2015|50001796000004|001|4300003403|00070|UDAC0225|200|EA|945|KRW|189000|20150831|1300|
C|005186|2015|50001796000005|001|4300003404|00040|UEBC1019|8|EA|93700|KRW|749600|20150831|1300|
C|005186|2015|50001796000006|001|4300003404|00060|UAGC0236|20|EA|3330|KRW|66600|20150831|1300|
C|005186|2015|50001796000007|001|4300003404|00070|UAGC0033|2|EA|122100|KRW|244200|20150831|1300|
C|005186|2015|50001796010001|001|4300003483|00010|UAIC0035|1|EA|20780|KRW|20780|20150831|1300|
C|005186|2015|50001796010002|001|4300003483|00020|UAEC0112|1|EA|18210|KRW|18210|20150831|1300|
C|005186|2015|50001796010003|001|4300003483|00030|UADC0108|2|EA|2520|KRW|5040|20150831|1300|
C|005186|2015|50001796010004|001|4300003483|00040|UADC0081|1|EA|6720|KRW|6720|20150831|1300|
C|005186|2015|50001796010005|001|4300003483|00050|UFFC0041|3|EA|31400|KRW|94200|20150831|1300|
C|005186|2015|50001796010006|001|4300003483|00060|UJBC0022|1|EA|372750|KRW|372750|20150831|1300|
C|005186|2015|50001796010007|001|4300003483|00070|UGAC0053|2|EA|69880|KRW|139760|20150831|1300|
C|005186|2015|50001796010008|001|4300003483|00080|UGCC0630|2|EA|36750|KRW|73500|20150831|1300|
C|005186|2015|50001796010009|001|4300003483|00090|UCHC0003|1|EA|100000|KRW|100000|20150831|1300|
C|005186|2015|50001796010010|001|4300003483|00100|UAIC0002|3|EA|3680|KRW|11040|20150831|1300|
C|005186|2015|50001796010011|001|4300003483|00110|UAIC0013|1|EA|45680|KRW|45680|20150831|1300|
C|005186|2015|50001796010012|001|4300003483|00120|UAEC0189|1|EA|69930|KRW|69930|20150831|1300|
C|005186|2015|50001796010013|001|4300003483|00130|UGAC0052|1|EA|57170|KRW|57170|20150831|1300|
C|005186|2015|50001796010014|001|4300003483|00140|UGCC0547|2|EA|124000|KRW|248000|20150831|1300|
C|005186|2015|50001796020001|001|4300003414|00010|UKDC0002|2|EA|26300|KRW|52600|20150831|1300|
C|005186|2015|50001796020002|001|4300003414|00030|UHGC0266|1|EA|80000|KRW|80000|20150831|1300|
C|005186|2015|50001796020003|001|4300003414|00040|UJCC0024|30|EA|4360|KRW|130800|20150831|1300|
C|005186|2015|50001796020004|001|4300003464|00010|UAEC0069|2|EA|16310|KRW|32620|20150831|1300|
C|005186|2015|50001796020005|001|4300003464|00020|UBBC0006|2|EA|103370|KRW|206740|20150831|1300|
C|005186|2015|50001796020006|001|4300003464|00030|UZZC0097|1|EA|70760|KRW|70760|20150831|1300|
C|005186|2015|50001796020007|001|4300003464|00040|UAGC0187|1|EA|147000|KRW|147000|20150831|1300|
C|005186|2015|50001796020008|001|4300003464|00070|UGBC0792|10|EA|840|KRW|8400|20150831|1300|
C|005186|2015|50001796020009|001|4300003464|00080|UGBC0793|10|EA|1030|KRW|10300|20150831|1300|
C|005186|2015|50001796020010|001|4300003464|00090|UKBC0010|1|EA|91480|KRW|91480|20150831|1300|
C|005186|2015|50001796020011|001|4300003464|00100|UKBC0010|1|EA|91480|KRW|91480|20150831|1300|
C|005186|2015|50001796030001|001|4300003409|00010|UAGC0075|1|EA|13270|KRW|13270|20150831|1300|
C|005186|2015|50001796030002|001|4300003411|00080|UAEC0197|2|EA|7270|KRW|14540|20150831|1300|
C|005186|2015|50001796030003|001|4300003411|00090|UAEC0198|2|EA|7270|KRW|14540|20150831|1300|
C|005186|2015|50001796030004|001|4300003411|00100|UAEC0312|4|EA|11790|KRW|47160|20150831|1300|
C|005186|2015|50001796030005|001|4300003414|00020|UDBC0761|1|EA|20700|KRW|20700|20150831|1300|
C|005186|2015|50001796030006|001|4300003464|00050|UKGC0008|7|EA|2940|KRW|20580|20150831|1300|
C|005186|2015|50001796030007|001|4300003464|00110|UGCC0650|1|EA|277030|KRW|277030|20150831|1300|
C|005186|2015|50001796030008|001|4300003465|00010|UEBC0066|2|EA|938700|KRW|1877400|20150831|1300|
