C|005186|2019|50004892450001|001|4300013226|00010|CMB0010|100|EA|1280|KRW|128000|20190426|1300|
C|005186|2019|50004892460001|001|4300013096|00010|CMA0001|100|EA|151|KRW|15100|20190426|1300|
C|005186|2019|50004892460002|001|4300013096|00020|CMA0007|50|EA|151|KRW|7550|20190426|1300|
C|005186|2019|50004892460003|001|4300013096|00030|CMA0008|50|EA|470|KRW|23500|20190426|1300|
C|005186|2019|50004892460004|001|4300013096|00040|CMD0011|3|EA|24100|KRW|72300|20190426|1300|
C|005186|2019|50004892460005|001|4300013096|00050|CMD0012|2|EA|22000|KRW|44000|20190426|1300|
C|005186|2019|50004892460006|001|4300013096|00070|CME0004|3|EA|7100|KRW|21300|20190426|1300|
C|005186|2019|50004892460007|001|4300013096|00090|CMF0005|3|EA|18700|KRW|56100|20190426|1300|
C|005186|2019|50004892470001|001|4300013368|00010|CMA0001|30|EA|151|KRW|4530|20190426|1300|
C|005186|2019|50004892470002|001|4300013368|00020|CMA0007|30|EA|151|KRW|4530|20190426|1300|
C|005186|2019|50004892480001|001|4300013366|00070|CMA0008|50|EA|470|KRW|23500|20190426|1300|
C|005186|2019|50004892480002|001|4300013366|00100|CMB0002|100|EA|2100|KRW|210000|20190426|1300|
C|005186|2019|50004892480003|001|4300013366|00120|CMA0007|400|EA|151|KRW|60400|20190426|1300|
C|005186|2019|50004892480004|001|4300013366|00130|CMA0001|800|EA|151|KRW|120800|20190426|1300|
C|005186|2019|50004892490001|001|4300013367|00080|CMA0008|50|EA|470|KRW|23500|20190426|1300|
C|005186|2019|50004892490002|001|4300013367|00090|CMB0003|120|EA|2200|KRW|264000|20190426|1300|
C|005186|2019|50004892490003|001|4300013367|00100|CMA0007|150|EA|151|KRW|22650|20190426|1300|
C|005186|2019|50004892490004|001|4300013367|00110|CMA0001|200|EA|151|KRW|30200|20190426|1300|
C|005186|2019|50004892600001|001|4300013374|00080|CMB0001|120|EA|520|KRW|62400|20190426|1300|
C|005186|2019|50004892600002|001|4300013374|00090|CMA0001|200|EA|151|KRW|30200|20190426|1300|
C|005186|2019|50004892600003|001|4300013374|00100|CMA0007|200|EA|151|KRW|30200|20190426|1300|
C|005186|2019|50004892610001|001|4300013364|00110|CMA0008|100|EA|470|KRW|47000|20190426|1300|
C|005186|2019|50004892610002|001|4300013364|00130|CMB0001|100|EA|520|KRW|52000|20190426|1300|
C|005186|2019|50004892610003|001|4300013364|00140|CMA0007|500|EA|151|KRW|75500|20190426|1300|
C|005186|2019|50004892610004|001|4300013364|00160|CMA0001|800|EA|151|KRW|120800|20190426|1300|
C|005186|2019|50004892620001|001|4300013365|00070|CMA0007|200|EA|151|KRW|30200|20190426|1300|
C|005186|2019|50004892620002|001|4300013365|00080|CMA0001|600|EA|151|KRW|90600|20190426|1300|
C|005186|2019|50004892630001|001|4300013381|00030|CMA0007|100|EA|151|KRW|15100|20190426|1300|
C|005186|2019|50004892630002|001|4300013381|00040|CMA0001|100|EA|151|KRW|15100|20190426|1300|
C|005186|2019|50004892640001|001|4300013373|00060|CMB0003|20|EA|2200|KRW|44000|20190426|1300|
C|005186|2019|50004892640002|001|4300013373|00080|CMB0001|80|EA|520|KRW|41600|20190426|1300|
C|005186|2019|50004892640003|001|4300013373|00090|CMA0007|100|EA|151|KRW|15100|20190426|1300|
C|005186|2019|50004892640004|001|4300013373|00100|CMA0001|150|EA|151|KRW|22650|20190426|1300|
C|005186|2019|50004892650001|001|4300013371|00040|CMA0008|20|EA|470|KRW|9400|20190426|1300|
C|005186|2019|50004892650002|001|4300013371|00070|CMA0007|150|EA|151|KRW|22650|20190426|1300|
C|005186|2019|50004892650003|001|4300013371|00100|CMA0001|300|EA|151|KRW|45300|20190426|1300|
C|005186|2019|50004892660001|001|4300013375|00030|CMA0001|200|EA|151|KRW|30200|20190426|1300|
C|005186|2019|50004892660002|001|4300013375|00040|CMA0007|200|EA|151|KRW|30200|20190426|1300|
C|005186|2019|50004892660003|001|4300013375|00050|CMA0008|200|EA|470|KRW|94000|20190426|1300|
C|005186|2019|50004892660004|001|4300013375|00090|CMA0007|150|EA|151|KRW|22650|20190426|1300|
C|005186|2019|50004892660005|001|4300013375|00100|CMA0008|150|EA|470|KRW|70500|20190426|1300|
C|005186|2019|50004892670001|001|4300013370|00130|CMZ0005|30|EA|810|KRW|24300|20190426|1300|
C|005186|2019|50004892680001|001|4300013370|00140|CMB0002|190|EA|2100|KRW|399000|20190426|1300|
C|005186|2019|50004892680002|001|4300013370|00150|CMA0001|350|EA|151|KRW|52850|20190426|1300|
C|005186|2019|50004892680003|001|4300013370|00160|CMA0007|350|EA|151|KRW|52850|20190426|1300|
C|005186|2019|50004892690001|001|4300013372|00070|CMB0002|40|EA|2100|KRW|84000|20190426|1300|
C|005186|2019|50004892690002|001|4300013372|00080|CMB0003|40|EA|2200|KRW|88000|20190426|1300|
C|005186|2019|50004892690003|001|4300013372|00100|CMB0001|60|EA|520|KRW|31200|20190426|1300|
C|005186|2019|50004892690004|001|4300013372|00110|CMA0008|100|EA|470|KRW|47000|20190426|1300|
C|005186|2019|50004892690005|001|4300013372|00120|CMA0007|200|EA|151|KRW|30200|20190426|1300|
C|005186|2019|50004892690006|001|4300013372|00130|CMA0001|300|EA|151|KRW|45300|20190426|1300|
C|005186|2019|50004892700001|001|4300013380|00010|CMA0001|100|EA|151|KRW|15100|20190426|1300|
C|005186|2019|50004892700002|001|4300013380|00020|CMA0007|50|EA|151|KRW|7550|20190426|1300|
C|005186|2019|50004892700003|001|4300013380|00030|CMA0008|50|EA|470|KRW|23500|20190426|1300|
