C|005186|2016|50003082530001|001|4300006416|00010|UCIC0203|2|EA|15900|KRW|31800|20161214|1300|
C|005186|2016|50003082530002|001|4300006416|00020|UCIC0108|1|EA|132300|KRW|132300|20161214|1300|
C|005186|2016|50003082530003|001|4300006416|00030|UGBC1360|1|EA|212000|KRW|212000|20161214|1300|
C|005186|2016|50003082540001|001|4300006446|00010|UKBC0010|2|EA|91480|KRW|182960|20161214|1300|
C|005186|2016|50003082540002|001|4300006446|00050|UJAC0115|4|EA|47780|KRW|191120|20161214|1300|
C|005186|2016|50003082540003|001|4300006446|00060|UJAC0114|4|EA|42420|KRW|169680|20161214|1300|
C|005186|2016|50003082540004|001|4300006446|00070|UKBC0010|2|EA|91480|KRW|182960|20161214|1300|
C|005186|2016|50003082540005|001|4300006448|00010|UJAC0121|1|EA|409500|KRW|409500|20161214|1300|
C|005186|2016|50003082540006|001|4300006449|00030|UCHC0006|1|EA|157800|KRW|157800|20161214|1300|
C|005186|2016|50003082540007|001|4300006449|00040|UZZC0029|20|EA|11550|KRW|231000|20161214|1300|
C|005186|2016|50003082540008|001|4300006449|00050|UCCC0014|1|EA|534000|KRW|534000|20161214|1300|
C|005186|2016|50003082540009|001|4300006450|00010|UGCC1060|3|EA|100500|KRW|301500|20161214|1300|
C|005186|2016|50003082540010|001|4300006450|00020|UGBC1455|3|EA|286200|KRW|858600|20161214|1300|
C|005186|2016|50003082550001|001|4300006444|00010|KH990100|4|EA|27220|KRW|108880|20161214|1300|
C|005186|2016|50003082550002|001|4300006444|00020|KH990101|6|EA|7250|KRW|43500|20161214|1300|
C|005186|2016|50003082550003|001|4300006444|00030|KP100300|3|EA|31500|KRW|94500|20161214|1300|
C|005186|2016|50003082550004|001|4300006444|00040|KP100301|1|EA|31200|KRW|31200|20161214|1300|
C|005186|2016|50003082550005|001|4300006444|00050|KP150400|100|EA|170|KRW|17000|20161214|1300|
C|005186|2016|50003082550006|001|4300006444|00060|KS990007|10|EA|51450|KRW|514500|20161214|1300|
C|005186|2016|50003082550007|001|4300006444|00070|KT020006|2|EA|6250|KRW|12500|20161214|1300|
C|005186|2016|50003082550008|001|4300006444|00080|KT020007|2|EA|6860|KRW|13720|20161214|1300|
C|005186|2016|50003082550009|001|4300006444|00090|KT020008|3|EA|8030|KRW|24090|20161214|1300|
C|005186|2016|50003082550010|001|4300006444|00100|KT020009|3|EA|8030|KRW|24090|20161214|1300|
C|005186|2016|50003082550011|001|4300006444|00110|KT020013|2|EA|13110|KRW|26220|20161214|1300|
C|005186|2016|50003082550012|001|4300006444|00120|KT020018|1|EA|22630|KRW|22630|20161214|1300|
C|005186|2016|50003082550013|001|4300006444|00130|KT020500|30|EA|3110|KRW|93300|20161214|1300|
C|005186|2016|50003082550014|001|4300006444|00140|KT020611|1|EA|28140|KRW|28140|20161214|1300|
C|005186|2016|50003082550015|001|4300006444|00150|KT020613|1|EA|49000|KRW|49000|20161214|1300|
C|005186|2016|50003082550016|001|4300006444|00160|KT080110|2|EA|25440|KRW|50880|20161214|1300|
C|005186|2016|50003082550017|001|4300006444|00170|KT080300|25.000|KG|2770|KRW|69250|20161214|1300|
C|005186|2016|50003082550018|001|4300006444|00180|KT080311|1|EA|72980|KRW|72980|20161214|1300|
C|005186|2016|50003082550019|001|4300006444|00190|KT080500|2|EA|26500|KRW|53000|20161214|1300|
C|005186|2016|50003082550020|001|4300006444|00200|KT080520|5|EA|2760|KRW|13800|20161214|1300|
C|005186|2016|50003082550021|001|4300006444|00210|KT990001|200|EA|510|KRW|102000|20161214|1300|
C|005186|2016|50003082550022|001|4300006444|00220|KT990010|200|EA|370|KRW|74000|20161214|1300|
C|005186|2016|50003082560001|001|4300006445|00010|KS061502|4|EA|2970|KRW|11880|20161214|1300|
C|005186|2016|50003082560002|001|4300006445|00020|KS061504|2|EA|4050|KRW|8100|20161214|1300|
C|005186|2016|50003082560003|001|4300006445|00030|KS061505|2|EA|6230|KRW|12460|20161214|1300|
C|005186|2016|50003082560004|001|4300006445|00040|KS061506|6|EA|7850|KRW|47100|20161214|1300|
C|005186|2016|50003082560005|001|4300006445|00050|KS061507|1|EA|8260|KRW|8260|20161214|1300|
C|005186|2016|50003082560006|001|4300006445|00060|KS061508|1|EA|10510|KRW|10510|20161214|1300|
C|005186|2016|50003082560007|001|4300006445|00070|KS066904|3|EA|2000|KRW|6000|20161214|1300|
C|005186|2016|50003082560008|001|4300006445|00080|KS067003|2|EA|1550|KRW|3100|20161214|1300|
C|005186|2016|50003082560009|001|4300006445|00090|KS067004|2|EA|2000|KRW|4000|20161214|1300|
C|005186|2016|50003082560010|001|4300006445|00100|KS067005|2|EA|2400|KRW|4800|20161214|1300|
C|005186|2016|50003082560011|001|4300006445|00110|KS067205|2|EA|3290|KRW|6580|20161214|1300|
C|005186|2016|50003082560012|001|4300006445|00120|KS067207|2|EA|5780|KRW|11560|20161214|1300|
C|005186|2016|50003082560013|001|4300006445|00130|KS080705|4|EA|18500|KRW|74000|20161214|1300|
C|005186|2016|50003082560014|001|4300006445|00140|KS080709|6|EA|24700|KRW|148200|20161214|1300|
C|005186|2016|50003082560015|001|4300006445|00150|KS080721|2|EA|71710|KRW|143420|20161214|1300|
C|005186|2016|50003082560016|001|4300006445|00160|KS990008|2|EA|39900|KRW|79800|20161214|1300|
C|005186|2016|50003082560017|001|4300006445|00170|KT020620|20|EA|290|KRW|5800|20161214|1300|
C|005186|2016|50003082560018|001|4300006445|00180|KT080360|1|EA|5250|KRW|5250|20161214|1300|
C|005186|2016|50003082560019|001|4300006445|00190|KT020700|20|EA|2680|KRW|53600|20161214|1300|
C|005186|2016|50003082560020|001|4300006446|00020|UEBC0638|1|EA|58590|KRW|58590|20161214|1300|
C|005186|2016|50003082560021|001|4300006446|00030|UEBC0774|20|EA|515|KRW|10300|20161214|1300|
C|005186|2016|50003082560022|001|4300006446|00040|UEBC0775|20|EA|920|KRW|18400|20161214|1300|
C|005186|2016|50003082560023|001|4300006446|00080|UDAC0012|300|EA|4220|KRW|1266000|20161214|1300|
C|005186|2016|50003082560024|001|4300006446|00090|UEBC0773|20|EA|1470|KRW|29400|20161214|1300|
C|005186|2016|50003082560025|001|4300006446|00100|UEBC0772|20|EA|2500|KRW|50000|20161214|1300|
C|005186|2016|50003082560026|001|4300006449|00010|UGCC0630|1|EA|36750|KRW|36750|20161214|1300|
