C|005186|2016|50002723390001|001|4300005463|00080|UHTC0620|10|EA|41000|KRW|410000|20160727|1300|
C|005186|2016|50002723390002|001|4300005486|00010|UJBC0017|20|EA|37380|KRW|747600|20160727|1300|
C|005186|2016|50002723390003|001|4300005486|00070|UEAC0180|1|EA|137800|KRW|137800|20160727|1300|
C|005186|2016|50002723390004|001|4300005498|00040|UGBC1223|1|EA|871000|KRW|871000|20160727|1300|
C|005186|2016|50002723390005|001|4300005498|00050|UAGC0064|1|EA|112630|KRW|112630|20160727|1300|
C|005186|2016|50002723390006|001|4300005499|00010|UAGC0148|5|EA|5510|KRW|27550|20160727|1300|
C|005186|2016|50002723390007|001|4300005499|00020|UAGC0439|5|EA|5260|KRW|26300|20160727|1300|
C|005186|2016|50002723390008|001|4300005499|00030|UAGC0440|10|EA|5570|KRW|55700|20160727|1300|
C|005186|2016|50002723390009|001|4300005499|00040|UAGC0136|10|EA|6980|KRW|69800|20160727|1300|
C|005186|2016|50002723390010|001|4300005499|00050|UAGC0441|10|EA|8020|KRW|80200|20160727|1300|
C|005186|2016|50002723390011|001|4300005499|00060|UAGC0438|10|EA|10730|KRW|107300|20160727|1300|
C|005186|2016|50002723390012|001|4300005499|00070|UAGC0142|10|EA|14640|KRW|146400|20160727|1300|
C|005186|2016|50002723390013|001|4300005502|00040|UGCC0629|1|EA|32130|KRW|32130|20160727|1300|
C|005186|2016|50002723390014|001|4300005503|00040|UICC0038|3|EA|4520|KRW|13560|20160727|1300|
C|005186|2016|50002723390015|001|4300005503|00050|UJAC0081|2|EA|24070|KRW|48140|20160727|1300|
C|005186|2016|50002723390016|001|4300005503|00060|UJAC0082|2|EA|25410|KRW|50820|20160727|1300|
C|005186|2016|50002723390017|001|4300005503|00070|UJAC0135|1|EA|199900|KRW|199900|20160727|1300|
C|005186|2016|50002723390018|001|4300005503|00080|UICC0041|1|EA|10180|KRW|10180|20160727|1300|
C|005186|2016|50002723390019|001|4300005503|00090|UICC0011|1|EA|16210|KRW|16210|20160727|1300|
C|005186|2016|50002723390020|001|4300005503|00100|UJAC0135|1|EA|199900|KRW|199900|20160727|1300|
C|005186|2016|50002723500001|001|4300005497|00090|UGAC0053|1|EA|69880|KRW|69880|20160727|1300|
C|005186|2016|50002723500002|001|4300005503|00020|UFKC0136|40|EA|6210|KRW|248400|20160727|1300|
C|005186|2016|50002723500003|001|4300005503|00030|UFAC0003|4|EA|182000|KRW|728000|20160727|1300|
C|005186|2016|50002723500004|001|4300005504|00010|UFGC0046|8|EA|237000|KRW|1896000|20160727|1300|
C|005186|2016|50002723500005|001|4300005504|00020|UFGC0047|15|EA|6350|KRW|95250|20160727|1300|
C|005186|2016|50002723510001|001|4300005488|00050|UDFC0003|50|EA|2220|KRW|111000|20160727|1300|
C|005186|2016|50002723510002|001|4300005488|00060|UDBC0642|20|EA|1420|KRW|28400|20160727|1300|
C|005186|2016|50002723510003|001|4300005488|00070|UDBC0339|100|EA|27|KRW|2700|20160727|1300|
C|005186|2016|50002723510004|001|4300005488|00080|UDBC0338|20|EA|610|KRW|12200|20160727|1300|
C|005186|2016|50002723520001|001|4300005498|00010|UEBC1273|10|EA|2968|KRW|29680|20160727|1300|
C|005186|2016|50002723520002|001|4300005498|00020|UEBC1272|1|EA|114480|KRW|114480|20160727|1300|
C|005186|2016|50002723520003|001|4300005499|00080|UJAC0015|100|EA|2100|KRW|210000|20160727|1300|
C|005186|2016|50002723520004|001|4300005499|00100|UEBC1038|2|EA|11220|KRW|22440|20160727|1300|
C|005186|2016|50002723520005|001|4300005499|00110|UDEC0105|5|EA|129470|KRW|647350|20160727|1300|
C|005186|2016|50002723520006|001|4300005500|00010|UCKC0102|2|EA|694800|KRW|1389600|20160727|1300|
C|005186|2016|50002723520007|001|4300005501|00010|UEBC1166|10|EA|104000|KRW|1040000|20160727|1300|
C|005186|2016|50002723520008|001|4300005501|00020|UEBC0089|2|EA|14700|KRW|29400|20160727|1300|
C|005186|2016|50002723520009|001|4300005505|00010|UADC0019|4|EA|19040|KRW|76160|20160727|1300|
C|005186|2016|50002723530001|001|4300005486|00060|UEAC0056|1|EA|82000|KRW|82000|20160727|1300|
C|005186|2016|50002723530002|001|4300005497|00070|UEBC0139|5|EA|11210|KRW|56050|20160727|1300|
C|005186|2016|50002723530003|001|4300005497|00080|UEBC0140|5|EA|16070|KRW|80350|20160727|1300|
C|005186|2016|50002723530004|001|4300005545|00010|UZZC0029|20|EA|11550|KRW|231000|20160727|1300|
C|005186|2016|50002723530005|001|4300005546|00030|UAEC0030|1|EA|15750|KRW|15750|20160727|1300|
C|005186|2016|50002723530006|001|4300005546|00050|UAEC0078|1|EA|10530|KRW|10530|20160727|1300|
C|005186|2016|50002723530007|001|4300005546|00080|UICC0058|10|EA|8270|KRW|82700|20160727|1300|
C|005186|2016|50002723530008|001|4300005546|00100|UAEC0443|10|EA|1800|KRW|18000|20160727|1300|
C|005186|2016|50002723530009|001|4300005546|00130|UCIC0017|1|EA|17050|KRW|17050|20160727|1300|
C|005186|2016|50002723530010|001|4300005547|00020|UHTC0230|1|EA|156850|KRW|156850|20160727|1300|
C|005186|2016|50002723540001|001|4300005546|00140|UEAC0185|2|EA|66780|KRW|133560|20160727|1300|
C|005186|2016|50002723540002|001|4300005547|00010|UCKC0014|10|EA|18900|KRW|189000|20160727|1300|
C|005186|2016|50002723550001|001|4300005467|00010|UCIC0194|1|EA|1370000|KRW|1370000|20160727|1300|
C|005186|2016|50002723550002|001|4300005468|00010|UCAC0295|1|EA|530000|KRW|530000|20160727|1300|
C|005186|2016|50002723550003|001|4300005468|00020|UCIC0107|1|EA|336000|KRW|336000|20160727|1300|
C|005186|2016|50002723550004|001|4300005468|00040|UCIC0196|1|EA|660000|KRW|660000|20160727|1300|
C|005186|2016|50002723550005|001|4300005469|00020|UGBC1459|1|EA|211000|KRW|211000|20160727|1300|
C|005186|2016|50002723550006|001|4300005478|00010|UCIC0076|1|EA|726320|KRW|726320|20160727|1300|
C|005186|2016|50002723550007|001|4300005485|00010|UFKC0131|2|EA|374000|KRW|748000|20160727|1300|
C|005186|2016|50002723550008|001|4300005485|00020|UFKC0132|2|EA|493000|KRW|986000|20160727|1300|
C|005186|2016|50002723550009|001|4300005502|00010|UGBC1195|5|EA|54600|KRW|273000|20160727|1300|
C|005186|2016|50002723550010|001|4300005502|00020|UGBC0153|10|EA|12600|KRW|126000|20160727|1300|
C|005186|2016|50002723550011|001|4300005502|00030|UGBC1337|1|EA|1263160|KRW|1263160|20160727|1300|
C|005186|2016|50002723550012|001|4300005503|00010|UBCC0044|5|EA|56900|KRW|284500|20160727|1300|
C|005186|2016|50002723550013|001|4300005545|00020|UCIC0154|100|EA|1370|KRW|137000|20160727|1300|
C|005186|2016|50002723550014|001|4300005545|00030|UGBC1006|10|EA|2520|KRW|25200|20160727|1300|
C|005186|2016|50002723550015|001|4300005545|00040|UGBC0507|2|EA|189000|KRW|378000|20160727|1300|
C|005186|2016|50002723550016|001|4300005545|00050|UGBC1294|10|EA|6900|KRW|69000|20160727|1300|
C|005186|2016|50002723550017|001|4300005545|00060|UCKC0023|1|EA|178500|KRW|178500|20160727|1300|
C|005186|2016|50002723560001|001|4300005597|00010|UDEC0033|3|EA|399000|KRW|1197000|20160727|1300|
C|005186|2016|50002723560002|001|4300005597|00020|UGCC1060|6|EA|100500|KRW|603000|20160727|1300|
C|005186|2016|50002723560003|001|4300005598|00010|UDEC0004|3|EA|546000|KRW|1638000|20160727|1300|
C|005186|2016|50002723560004|001|4300005599|00010|UGBC1455|6|EA|286200|KRW|1717200|20160727|1300|
C|005186|2016|50002723570001|001|4300005497|00020|UGAC0087|13|EA|31800|KRW|413400|20160727|1300|
C|005186|2016|50002723570002|001|4300005497|00030|UGAC0032|5|EA|21230|KRW|106150|20160727|1300|
C|005186|2016|50002723570003|001|4300005546|00010|UHTC0290|3|EA|59970|KRW|179910|20160727|1300|
C|005186|2016|50002723570004|001|4300005546|00020|UGAC0077|2|EA|36610|KRW|73220|20160727|1300|
C|005186|2016|50002723570005|001|4300005546|00060|UGAC0078|10|EA|32750|KRW|327500|20160727|1300|
C|005186|2016|50002723570006|001|4300005546|00070|UGAC0077|1|EA|36610|KRW|36610|20160727|1300|
C|005186|2016|50002723570007|001|4300005546|00090|UGAC0104|3|EA|200300|KRW|600900|20160727|1300|
C|005186|2016|50002723570008|001|4300005546|00110|UEAC0189|1|EA|180000|KRW|180000|20160727|1300|
C|005186|2016|50002723570009|001|4300005600|00050|UGAC0083|10|EA|33500|KRW|335000|20160727|1300|
C|005186|2016|50002723580001|001|4300005546|00040|UAEC0055|1|EA|15380|KRW|15380|20160727|1300|
