C|005186|2019|50005387690001|001|4300015435|00030|UALC0120|1|EA|110000|KRW|110000|20191224|1300|
C|005186|2019|50005387690002|001|4300015435|00040|UALC0121|2|EA|200000|KRW|400000|20191224|1300|
C|005186|2019|50005387700001|001|4300015569|00030|UDBC0841|200|EA|4800|KRW|9600|20191224|1300|
C|005186|2019|50005387700002|001|4300015569|00060|UGCC1086|10|EA|26500|KRW|265000|20191224|1300|
C|005186|2019|50005387700003|001|4300015570|00010|UEBC1415|1|EA|1900000|KRW|1900000|20191224|1300|
C|005186|2019|50005387700004|001|4300015575|00010|UHTC0592|20|EA|51500|KRW|1030000|20191224|1300|
C|005186|2019|50005387700005|001|4300015575|00020|UHTC0614|20|EA|49400|KRW|988000|20191224|1300|
C|005186|2019|50005387700006|001|4300015576|00010|UHTC0716|10|EA|41000|KRW|410000|20191224|1300|
C|005186|2019|50005387700007|001|4300015583|00010|UEBC1415|1|EA|1900000|KRW|1900000|20191224|1300|
C|005186|2019|50005387700008|001|4300015616|00080|UHTC0833|1|EA|79690|KRW|79690|20191224|1300|
C|005186|2019|50005389710001|001|4300015620|00010|UGBC0853|10|EA|18850|KRW|188500|20191224|1300|
C|005186|2019|50005389710002|001|4300015620|00040|UAGC0355|10|EA|9920|KRW|99200|20191224|1300|
C|005186|2019|50005389710003|001|4300015621|00020|UAEC0510|3|EA|32200|KRW|96600|20191224|1300|
C|005186|2019|50005389710004|001|4300015630|00080|UAEC0021|1|EA|32130|KRW|32130|20191224|1300|
C|005186|2019|50005389710005|001|4300015630|00120|UALC0129|10|EA|29400|KRW|29400|20191224|1300|
C|005186|2019|50005389710006|001|4300015633|00010|KS067401|10|EA|3780|KRW|37800|20191224|1300|
C|005186|2019|50005389720001|001|4300015618|00010|UEBC1415|1|EA|1900000|KRW|1900000|20191224|1300|
C|005186|2019|50005389720002|001|4300015619|00010|UEBC1415|1|EA|1900000|KRW|1900000|20191224|1300|
C|005186|2019|50005389720003|001|4300015620|00020|UEBC1527|4|EA|115000|KRW|460000|20191224|1300|
C|005186|2019|50005389720004|001|4300015620|00030|UEBC0310|10|EA|46540|KRW|232700|20191224|1300|
C|005186|2019|50005389720005|001|4300015620|00050|UEBC0663|8|EA|69930|KRW|559440|20191224|1300|
C|005186|2019|50005389720006|001|4300015630|00010|UEBC1022|1|EA|57000|KRW|57000|20191224|1300|
C|005186|2019|50005389720007|001|4300015630|00030|UEBC0030|1|EA|12130|KRW|12130|20191224|1300|
C|005186|2019|50005389720008|001|4300015630|00040|UDAC0352|10|EA|2120|KRW|21200|20191224|1300|
C|005186|2019|50005389720009|001|4300015630|00090|UEBC0382|10|EA|3810|KRW|38100|20191224|1300|
C|005186|2019|50005389720010|001|4300015630|00100|UEBC0821|8|EA|14070|KRW|112560|20191224|1300|
C|005186|2019|50005389720011|001|4300015630|00110|UEBC0816|16|EA|8430|KRW|134880|20191224|1300|
C|005186|2019|50005389720012|001|4300015630|00130|UEBC1533|5|EA|107000|KRW|535000|20191224|1300|
C|005186|2019|50005389730001|001|4300015307|00010|UGBC1337|1|EA|1263160|KRW|1263160|20191224|1300|
C|005186|2019|50005389730002|001|4300015307|00020|UGBC1338|1|EA|1042100|KRW|1042100|20191224|1300|
C|005186|2019|50005389730003|001|4300015458|00010|UDAC0310|20|EA|20600|KRW|41200|20191224|1300|
C|005186|2019|50005389730004|001|4300015458|00020|UDAC0312|20|EA|31000|KRW|62000|20191224|1300|
C|005186|2019|50005389730005|001|4300015458|00030|UDAC0313|10|EA|3580|KRW|35800|20191224|1300|
C|005186|2019|50005389730006|001|4300015458|00040|UGBC1620|4|EA|461100|KRW|1844400|20191224|1300|
C|005186|2019|50005389730007|001|4300015459|00030|UGBC1622|2|EA|504600|KRW|1009200|20191224|1300|
C|005186|2019|50005389730008|001|4300015459|00040|UBCC0059|20|EA|9270|KRW|185400|20191224|1300|
C|005186|2019|50005389730009|001|4300015459|00050|UBCC0062|20|EA|9500|KRW|190000|20191224|1300|
C|005186|2019|50005389730010|001|4300015459|00060|UBCC0037|10|EA|15800|KRW|158000|20191224|1300|
C|005186|2019|50005389730011|001|4300015460|00010|UGBC1621|6|EA|328600|KRW|1971600|20191224|1300|
C|005186|2019|50005389730012|001|4300015461|00010|UGBC1623|4|EA|365700|KRW|1462800|20191224|1300|
C|005186|2019|50005389730013|001|4300015461|00020|UCIC0043|2|EA|389480|KRW|778960|20191224|1300|
C|005186|2019|50005389730014|001|4300015507|00010|UGBC1365|2|EA|132000|KRW|264000|20191224|1300|
C|005186|2019|50005389730015|001|4300015507|00020|UGBC0279|2|EA|168000|KRW|336000|20191224|1300|
C|005186|2019|50005389740001|001|4300015550|00010|KE050801|10|EA|1900|KRW|19000|20191224|1300|
C|005186|2019|50005389740002|001|4300015550|00020|KE030211|1|EA|145740|KRW|145740|20191224|1300|
C|005186|2019|50005389740003|001|4300015599|00010|UHTC0449|10|EA|19000|KRW|19000|20191224|1300|
C|005186|2019|50005389740004|001|4300015616|00070|UHHC0136|1|EA|96600|KRW|96600|20191224|1300|
C|005186|2019|50005389740005|001|4300015617|00010|UHTC0052|5|EA|41580|KRW|207900|20191224|1300|
C|005186|2019|50005389740006|001|4300015617|00020|UHTC0053|5|EA|378000|KRW|378000|20191224|1300|
C|005186|2019|50005389740007|001|4300015617|00030|UHTC0876|5|EA|105930|KRW|529650|20191224|1300|
C|005186|2019|50005389740008|001|4300015617|00040|UHTC0877|5|EA|155150|KRW|775750|20191224|1300|
C|005186|2019|50005389740009|001|4300015630|00060|UCKC0035|10|EA|222600|KRW|445200|20191224|1300|
C|005186|2019|50005389740010|001|4300015630|00070|UALC0075|2000|EA|45000|KRW|90000|20191224|1300|
