C|005186|2020|50006046760001|001|4300018209|00020|UHTC0895|10|EA|82000|KRW|820000|20201201|1300|
C|005186|2020|50006046760002|001|4300018209|00030|UHTC0895|10|EA|82000|KRW|820000|20201201|1300|
C|005186|2020|50006046760003|001|4300018256|00030|UGBC0921|5|EA|66150|KRW|330750|20201201|1300|
C|005186|2020|50006046770001|001|4300018587|00010|UCKC0037|100|EA|1405000|KRW|1405000|20201201|1300|
C|005186|2020|50006046770002|001|4300018588|00010|UCKC0035|15|EA|222600|KRW|667800|20201201|1300|
C|005186|2020|50006046770003|001|4300018588|00020|UALC0075|3000|EA|45000|KRW|135000|20201201|1300|
C|005186|2020|50006046770004|001|4300018668|00030|UGAC0091|3|EA|33920|KRW|101760|20201201|1300|
C|005186|2020|50006046800001|001|4300018209|00020|UHTC0895|10|EA|82000|KRW|820000|20201130|1300|
C|005186|2020|50006046800002|001|4300018209|00030|UHTC0895|10|EA|82000|KRW|820000|20201130|1300|
C|005186|2020|50006046800003|001|4300018256|00030|UGBC0921|5|EA|66150|KRW|330750|20201130|1300|
C|005186|2020|50006047020001|001|4300018587|00010|UCKC0037|100|EA|1405000|KRW|1405000|20201130|1300|
C|005186|2020|50006047020002|001|4300018588|00010|UCKC0035|15|EA|222600|KRW|667800|20201130|1300|
C|005186|2020|50006047020003|001|4300018588|00020|UALC0075|3000|EA|45000|KRW|135000|20201130|1300|
C|005186|2020|50006047020004|001|4300018668|00030|UGAC0091|3|EA|33920|KRW|101760|20201130|1300|
C|005186|2020|50006047030001|001|4300018657|00030|UCFC0006|20|EA|8210|KRW|164200|20201130|1300|
C|005186|2020|50006047030002|001|4300018659|00050|UEBC0473|10|EA|11510|KRW|115100|20201130|1300|
C|005186|2020|50006047030003|001|4300018705|00010|UKBC0014|1|EA|52500|KRW|52500|20201130|1300|
C|005186|2020|50006047030004|001|4300018705|00050|UAGC0193|50|EA|162750|KRW|162750|20201130|1300|
C|005186|2020|50006047030005|001|4300018705|00060|UAGC0068|30|EA|860|KRW|25800|20201130|1300|
C|005186|2020|50006047030006|001|4300018711|00020|UAEC0531|1|EA|1048730|KRW|1048730|20201130|1300|
C|005186|2020|50006047040001|001|4300018658|00020|UEBC0334|10|EA|4420|KRW|44200|20201130|1300|
C|005186|2020|50006047040002|001|4300018658|00030|UEBC0335|10|EA|9400|KRW|47000|20201130|1300|
C|005186|2020|50006047040003|001|4300018659|00010|UEBC1663|5|EA|165000|KRW|825000|20201130|1300|
C|005186|2020|50006047040004|001|4300018659|00020|UEBC1659|2|EA|297000|KRW|594000|20201130|1300|
C|005186|2020|50006047040005|001|4300018660|00010|UEAC0029|2|EA|237830|KRW|475660|20201130|1300|
C|005186|2020|50006047040006|001|4300018660|00020|UEBC0629|5|EA|23950|KRW|119750|20201130|1300|
C|005186|2020|50006047040007|001|4300018660|00030|UCKC0090|3|EA|125800|KRW|377400|20201130|1300|
C|005186|2020|50006047040008|001|4300018661|00010|UEBC0329|5|EA|14750|KRW|73750|20201130|1300|
C|005186|2020|50006047040009|001|4300018661|00020|UEBC0351|5|EA|7900|KRW|39500|20201130|1300|
C|005186|2020|50006047040010|001|4300018661|00030|UEBC1638|1|EA|91700|KRW|91700|20201130|1300|
C|005186|2020|50006047050001|001|4300018658|00040|UGCC0629|1|EA|32130|KRW|32130|20201130|1300|
C|005186|2020|50006047050002|001|4300018705|00080|UGCC0244|20|EA|9980|KRW|199600|20201130|1300|
C|005186|2020|50006047050003|001|4300018707|00020|UKGC0008|7|EA|2940|KRW|20580|20201130|1300|
C|005186|2020|50006047050004|001|4300018707|00030|UGCC0625|1|EA|90000|KRW|90000|20201130|1300|
C|005186|2020|50006047060001|001|4300018492|00010|UJCC0043|10000|EA|210000|KRW|420000|20201130|1300|
C|005186|2020|50006047070001|001|4300018658|00010|UEBC1616|13|EA|116600|KRW|1515800|20201130|1300|
C|005186|2020|50006047070002|001|4300018709|00010|UEBC1518|2|EA|675000|KRW|1350000|20201130|1300|
C|005186|2020|50006047070003|001|4300018710|00010|UEBC1518|2|EA|675000|KRW|1350000|20201130|1300|
C|005186|2020|50006047070004|001|4300018711|00030|UEBC1826|1|EA|2600|KRW|2600|20201130|1300|
