C|005186|2017|50003181210001|001|4300006738|00020|UGCC0894|300|EA|4220|KRW|1266000|20170124|1300|
C|005186|2017|50003181210002|001|4300006740|00010|UDAC0012|300|EA|4220|KRW|1266000|20170124|1300|
C|005186|2017|50003181210003|001|4300006740|00020|UAEC0459|100|EA|3990|KRW|399000|20170124|1300|
C|005186|2017|50003181210004|001|4300006767|00040|UAAC0029|20|EA|1890|KRW|37800|20170124|1300|
C|005186|2017|50003181210005|001|4300006767|00050|UAGC0323|20|EA|14180|KRW|283600|20170124|1300|
C|005186|2017|50003181210006|001|4300006773|00020|UHTC0813|2|EA|318000|KRW|636000|20170124|1300|
C|005186|2017|50003181210007|001|4300006774|00020|UHTC0814|2|EA|318000|KRW|636000|20170124|1300|
C|005186|2017|50003181240001|001|4300006776|00130|CMF0005|10|EA|18700|KRW|187000|20170124|1300|
C|005186|2017|50003181240002|001|4300006777|00120|CMF0005|2|EA|18700|KRW|37400|20170124|1300|
C|005186|2017|50003181240003|001|4300006781|00060|CMF0005|3|EA|18700|KRW|56100|20170124|1300|
C|005186|2017|50003181240004|001|4300006787|00060|CMF0005|6|EA|18700|KRW|112200|20170124|1300|
C|005186|2017|50003181240005|001|4300006789|00100|CMF0005|15|EA|18700|KRW|280500|20170124|1300|
C|005186|2017|50003181240006|001|4300006790|00170|CMF0005|2|EA|18700|KRW|37400|20170124|1300|
C|005186|2017|50003181280001|001|4300006739|00010|UHHC0059|1|EA|565950|KRW|565950|20170124|1300|
C|005186|2017|50003181280002|001|4300006739|00020|UCAC0021|1|EA|702000|KRW|702000|20170124|1300|
C|005186|2017|50003181280003|001|4300006739|00030|UHGC0318|4|EA|15900|KRW|63600|20170124|1300|
C|005186|2017|50003181280004|001|4300006739|00040|UHFC0417|30|EA|22110|KRW|663300|20170124|1300|
C|005186|2017|50003181280005|001|4300006742|00010|UHHC0202|40|EA|40530|KRW|1621200|20170124|1300|
C|005186|2017|50003181280006|001|4300006743|00010|UHHC0085|1|EA|1011150|KRW|1011150|20170124|1300|
C|005186|2017|50003181280007|001|4300006743|00020|UHFC0418|30|EA|1000|KRW|30000|20170124|1300|
C|005186|2017|50003181280008|001|4300006744|00010|UHGC0317|4|EA|318000|KRW|1272000|20170124|1300|
C|005186|2017|50003181280009|001|4300006745|00010|UHFC0303|30|EA|39900|KRW|1197000|20170124|1300|
C|005186|2017|50003181280010|001|4300006746|00010|UHNC0018|1|EA|1111950|KRW|1111950|20170124|1300|
C|005186|2017|50003181280011|001|4300006747|00010|UHTC0806|2|EA|551200|KRW|1102400|20170124|1300|
C|005186|2017|50003181280012|001|4300006768|00010|UZZC0113|1|EA|889500|KRW|889500|20170124|1300|
C|005186|2017|50003181280013|001|4300006769|00010|UGCC1145|2|EA|502000|KRW|1004000|20170124|1300|
C|005186|2017|50003181280014|001|4300006771|00010|UHGC0321|1|EA|318000|KRW|318000|20170124|1300|
C|005186|2017|50003181280015|001|4300006772|00010|UHBC0008|1|EA|665260|KRW|665260|20170124|1300|
C|005186|2017|50003181280016|001|4300006772|00020|UEAC0124|1|EA|347400|KRW|347400|20170124|1300|
C|005186|2017|50003181280017|001|4300006772|00030|UHGC0161|3|EA|126000|KRW|378000|20170124|1300|
C|005186|2017|50003181280018|001|4300006773|00030|UHGC0320|5|EA|39220|KRW|196100|20170124|1300|
C|005186|2017|50003181280019|001|4300006773|00040|UHTC0811|2|EA|65190|KRW|130380|20170124|1300|
C|005186|2017|50003181280020|001|4300006774|00010|UHTC0810|13|EA|76850|KRW|999050|20170124|1300|
C|005186|2017|50003181320001|001|4300006775|00060|CMF0020|3|EA|650|KRW|1950|20170124|1300|
C|005186|2017|50003181320002|001|4300006775|00100|CMB0010|400|EA|1280|KRW|512000|20170124|1300|
C|005186|2017|50003181320003|001|4300006776|00090|CME0001|26|EA|3300|KRW|85800|20170124|1300|
C|005186|2017|50003181320004|001|4300006777|00090|CMF0001|5|EA|1950|KRW|9750|20170124|1300|
C|005186|2017|50003181320005|001|4300006779|00040|CMB0010|80|EA|1280|KRW|102400|20170124|1300|
C|005186|2017|50003181320006|001|4300006780|00030|CMB0010|50|EA|1280|KRW|64000|20170124|1300|
C|005186|2017|50003181320007|001|4300006780|00050|CMF0001|3|EA|1950|KRW|5850|20170124|1300|
C|005186|2017|50003181320008|001|4300006780|00070|CMZ0014|1|EA|19000|KRW|19000|20170124|1300|
C|005186|2017|50003181320009|001|4300006781|00040|CME0010|100|EA|240|KRW|24000|20170124|1300|
C|005186|2017|50003181320010|001|4300006781|00070|CMH0007|1|EA|11600|KRW|11600|20170124|1300|
C|005186|2017|50003181320011|001|4300006783|00070|CME0001|13|EA|3300|KRW|42900|20170124|1300|
C|005186|2017|50003181320012|001|4300006783|00080|CMF0001|3|EA|1950|KRW|5850|20170124|1300|
C|005186|2017|50003181320013|001|4300006783|00090|CMF0006|1|EA|9500|KRW|9500|20170124|1300|
C|005186|2017|50003181320014|001|4300006783|00100|CMF0020|2|EA|650|KRW|1300|20170124|1300|
C|005186|2017|50003181320015|001|4300006784|00100|CMF0009|10|EA|4950|KRW|49500|20170124|1300|
C|005186|2017|50003181320016|001|4300006786|00070|CME0001|20|EA|3300|KRW|66000|20170124|1300|
C|005186|2017|50003181320017|001|4300006787|00070|CMF0009|20|EA|4950|KRW|99000|20170124|1300|
C|005186|2017|50003181320018|001|4300006788|00060|CME0001|8|EA|3300|KRW|26400|20170124|1300|
C|005186|2017|50003181320019|001|4300006788|00070|CMF0006|20|EA|9500|KRW|190000|20170124|1300|
C|005186|2017|50003181320020|001|4300006790|00160|CMF0021|4|EA|3100|KRW|12400|20170124|1300|
C|005186|2017|50003181320021|001|4300006791|00050|CME0001|10|EA|3300|KRW|33000|20170124|1300|
C|005186|2017|50003181320022|001|4300006791|00060|CMH0007|3|EA|11600|KRW|34800|20170124|1300|
C|005186|2017|50003181320023|001|4300006817|00050|CMF0001|5|EA|1950|KRW|9750|20170124|1300|
C|005186|2017|50003181320024|001|4300006817|00070|CMF0020|5|EA|650|KRW|3250|20170124|1300|
C|005186|2017|50003181320025|001|4300006821|00010|CMB0010|600|EA|1280|KRW|768000|20170124|1300|
C|005186|2017|50003181320026|001|4300006821|00020|CMH0007|2|EA|11600|KRW|23200|20170124|1300|
C|005186|2017|50003181360001|001|4300006776|00080|CMB0010|60|EA|1280|KRW|76800|20170124|1300|
C|005186|2017|50003181360002|001|4300006776|00110|CME0006|10|EA|3080|KRW|30800|20170124|1300|
C|005186|2017|50003181360003|001|4300006776|00120|CME0010|200|EA|240|KRW|48000|20170124|1300|
C|005186|2017|50003181360004|001|4300006777|00040|CMA0016|100|EA|2140|KRW|214000|20170124|1300|
C|005186|2017|50003181360005|001|4300006777|00060|CMB0010|500|EA|1280|KRW|640000|20170124|1300|
C|005186|2017|50003181360006|001|4300006777|00080|CME0010|300|EA|240|KRW|72000|20170124|1300|
C|005186|2017|50003181360007|001|4300006777|00130|CMF0015|50|EA|450|KRW|22500|20170124|1300|
C|005186|2017|50003181360008|001|4300006777|00140|CMF0016|50|EA|380|KRW|19000|20170124|1300|
C|005186|2017|50003181360009|001|4300006777|00150|CMH0007|5|EA|11600|KRW|58000|20170124|1300|
C|005186|2017|50003181360010|001|4300006778|00010|CMB0010|100|EA|1280|KRW|128000|20170124|1300|
C|005186|2017|50003181360011|001|4300006778|00070|CMZ0014|1|EA|19000|KRW|19000|20170124|1300|
C|005186|2017|50003181360012|001|4300006783|00030|CMA0016|20|EA|2140|KRW|42800|20170124|1300|
C|005186|2017|50003181360013|001|4300006783|00110|CMH0007|2|EA|11600|KRW|23200|20170124|1300|
C|005186|2017|50003181360014|001|4300006784|00030|CMA0015|100|EA|2520|KRW|252000|20170124|1300|
C|005186|2017|50003181360015|001|4300006784|00050|CMB0010|20|EA|1280|KRW|25600|20170124|1300|
C|005186|2017|50003181360016|001|4300006784|00070|CME0003|30|EA|5500|KRW|165000|20170124|1300|
C|005186|2017|50003181360017|001|4300006784|00080|CME0010|100|EA|240|KRW|24000|20170124|1300|
C|005186|2017|50003181360018|001|4300006784|00130|CMZ0014|1|EA|19000|KRW|19000|20170124|1300|
C|005186|2017|50003181360019|001|4300006785|00030|CMA0016|40|EA|2140|KRW|85600|20170124|1300|
C|005186|2017|50003181360020|001|4300006785|00050|CMB0010|60|EA|1280|KRW|76800|20170124|1300|
C|005186|2017|50003181360021|001|4300006785|00070|CMZ0014|1|EA|19000|KRW|19000|20170124|1300|
C|005186|2017|50003181360022|001|4300006786|00030|CMA0016|100|EA|2140|KRW|214000|20170124|1300|
C|005186|2017|50003181360023|001|4300006786|00040|CMB0010|480|EA|1280|KRW|614400|20170124|1300|
C|005186|2017|50003181360024|001|4300006787|00030|CMB0010|240|EA|1280|KRW|307200|20170124|1300|
C|005186|2017|50003181360025|001|4300006787|00040|CME0010|100|EA|240|KRW|24000|20170124|1300|
C|005186|2017|50003181360026|001|4300006787|00080|CMF0013|10|EA|940|KRW|9400|20170124|1300|
C|005186|2017|50003181360027|001|4300006788|00080|CMF0013|10|EA|940|KRW|9400|20170124|1300|
C|005186|2017|50003181360028|001|4300006788|00090|CMF0016|5|EA|380|KRW|1900|20170124|1300|
C|005186|2017|50003181360029|001|4300006789|00020|CMA0005|10|EA|2000|KRW|20000|20170124|1300|
C|005186|2017|50003181360030|001|4300006789|00080|CME0010|30|EA|240|KRW|7200|20170124|1300|
C|005186|2017|50003181360031|001|4300006789|00110|CMZ0014|1|EA|19000|KRW|19000|20170124|1300|
C|005186|2017|50003181360032|001|4300006790|00050|CMB0010|60|EA|1280|KRW|76800|20170124|1300|
C|005186|2017|50003181360033|001|4300006790|00150|CMF0015|10|EA|450|KRW|4500|20170124|1300|
C|005186|2017|50003181390001|001|4300006775|00030|CMA0007|800|EA|151|KRW|120800|20170124|1300|
C|005186|2017|50003181390002|001|4300006775|00040|CMA0028|10|EA|7350|KRW|73500|20170124|1300|
C|005186|2017|50003181390003|001|4300006775|00050|CMB0001|400|EA|520|KRW|208000|20170124|1300|
C|005186|2017|50003181390004|001|4300006775|00070|CMA0008|500|EA|470|KRW|235000|20170124|1300|
C|005186|2017|50003181390005|001|4300006775|00080|CMF0007|3|EA|1620|KRW|4860|20170124|1300|
C|005186|2017|50003181390006|001|4300006775|00090|CMF0008|3|EA|1620|KRW|4860|20170124|1300|
C|005186|2017|50003181410001|001|4300006781|00010|CMA0001|600|EA|151|KRW|90600|20170124|1300|
C|005186|2017|50003181410002|001|4300006781|00020|CMA0007|50|EA|151|KRW|7550|20170124|1300|
C|005186|2017|50003181410003|001|4300006781|00030|CMA0017|10|EA|770|KRW|7700|20170124|1300|
C|005186|2017|50003181440001|001|4300006791|00010|CMA0001|100|EA|151|KRW|15100|20170124|1300|
C|005186|2017|50003181440002|001|4300006791|00020|CMA0007|40|EA|151|KRW|6040|20170124|1300|
C|005186|2017|50003181440003|001|4300006791|00030|CMA0008|40|EA|470|KRW|18800|20170124|1300|
C|005186|2017|50003181440004|001|4300006791|00040|CMA0017|5|EA|770|KRW|3850|20170124|1300|
C|005186|2017|50003181460001|001|4300006780|00010|CMA0001|20|EA|151|KRW|3020|20170124|1300|
C|005186|2017|50003181460002|001|4300006780|00020|CMA0007|50|EA|151|KRW|7550|20170124|1300|
C|005186|2017|50003181460003|001|4300006780|00060|CMF0002|3|EA|860|KRW|2580|20170124|1300|
C|005186|2017|50003181460004|001|4300006780|00080|CMZ0002|10|EA|400|KRW|4000|20170124|1300|
C|005186|2017|50003181490001|001|4300006779|00010|CMA0001|60|EA|151|KRW|9060|20170124|1300|
C|005186|2017|50003181490002|001|4300006779|00020|CMA0007|200|EA|151|KRW|30200|20170124|1300|
C|005186|2017|50003181490003|001|4300006779|00030|CMB0001|20|EA|520|KRW|10400|20170124|1300|
C|005186|2017|50003181490004|001|4300006779|00050|CMZ0032|2|EA|1300|KRW|2600|20170124|1300|
C|005186|2017|50003181490005|001|4300006779|00060|CMF0002|1|EA|860|KRW|860|20170124|1300|
C|005186|2017|50003181490006|001|4300006779|00070|CMF0003|2|EA|2020|KRW|4040|20170124|1300|
