C|005186|2015|50001490590001|001|4300002659|00080|UHFC0139|2|EA|198000|KRW|396000|20150430|1300|
C|005186|2015|50001490590002|001|4300002659|00090|UHGC0054|5|EA|16200|KRW|81000|20150430|1300|
C|005186|2015|50001490590003|001|4300002659|00100|UHCC0040|5|EA|10100|KRW|50500|20150430|1300|
C|005186|2015|50001490590004|001|4300002660|00010|UHCC0034|10|EA|27160|KRW|271600|20150430|1300|
C|005186|2015|50001490590005|001|4300002665|00080|UHFC0372|1|EA|22110|KRW|22110|20150430|1300|
C|005186|2015|50001490590006|001|4300002665|00090|UHFC0049|2|EA|22050|KRW|44100|20150430|1300|
C|005186|2015|50001490590007|001|4300002665|00100|UHFC0348|1|EA|78750|KRW|78750|20150430|1300|
C|005186|2015|50001490590008|001|4300002666|00020|UHGC0254|1|EA|800000|KRW|800000|20150430|1300|
C|005186|2015|50001490590009|001|4300002666|00030|UHDC0026|1|EA|29000|KRW|29000|20150430|1300|
C|005186|2015|50001490590010|001|4300002666|00040|UHDC0027|1|EA|34500|KRW|34500|20150430|1300|
C|005186|2015|50001490590011|001|4300002666|00050|UHDC0038|3|EA|39060|KRW|117180|20150430|1300|
C|005186|2015|50001490590012|001|4300002666|00060|UHFC0164|100|EA|210|KRW|21000|20150430|1300|
C|005186|2015|50001490590013|001|4300002666|00070|UHFC0165|100|EA|231|KRW|23100|20150430|1300|
C|005186|2015|50001490590014|001|4300002666|00080|UHDC0220|500|EA|190|KRW|95000|20150430|1300|
C|005186|2015|50001490590015|001|4300002666|00090|UHDC0221|500|EA|190|KRW|95000|20150430|1300|
C|005186|2015|50001490600001|001|4300002659|00020|UCHC0005|6|EA|35280|KRW|211680|20150430|1300|
C|005186|2015|50001490600002|001|4300002659|00060|UICC0038|2|EA|4520|KRW|9040|20150430|1300|
C|005186|2015|50001490600003|001|4300002662|00020|UCKC0106|1|EA|821000|KRW|821000|20150430|1300|
C|005186|2015|50001490600004|001|4300002665|00010|UGBC1358|1|EA|885000|KRW|885000|20150430|1300|
C|005186|2015|50001490600005|001|4300002665|00030|UAAC0023|2|EA|14070|KRW|28140|20150430|1300|
C|005186|2015|50001490600006|001|4300002665|00040|UAAC0022|2|EA|9970|KRW|19940|20150430|1300|
C|005186|2015|50001490600007|001|4300002665|00050|UGCC0611|2|EA|9660|KRW|19320|20150430|1300|
C|005186|2015|50001490600008|001|4300002665|00060|UJAC0129|2|EA|15250|KRW|30500|20150430|1300|
C|005186|2015|50001490600009|001|4300002665|00070|UFGC0017|60|EA|3500|KRW|210000|20150430|1300|
C|005186|2015|50001490600010|001|4300002666|00010|UGBC0692|2|EA|280350|KRW|560700|20150430|1300|
C|005186|2015|50001490600011|001|4300002666|00100|UFFC0029|1|EA|78750|KRW|78750|20150430|1300|
C|005186|2015|50001490600012|001|4300002666|00120|UDBC0761|1|EA|20700|KRW|20700|20150430|1300|
C|005186|2015|50001490600013|001|4300002667|00020|UZZC0077|1|EA|232050|KRW|232050|20150430|1300|
C|005186|2015|50001490600014|001|4300002667|00040|UICC0056|1|EA|14300|KRW|14300|20150430|1300|
C|005186|2015|50001490600015|001|4300002667|00050|UICC0031|2|EA|14210|KRW|28420|20150430|1300|
C|005186|2015|50001490600016|001|4300002668|00020|CMB0010|40|EA|1100|KRW|44000|20150430|1300|
