C|005186|2015|50001244460001|001|4300002038|00010|UFGC0017|60|EA|3500|KRW|210000|20150115|1300|
C|005186|2015|50001244600001|001|4300002011|00040|UGBC1408|1|EA|91600|KRW|91600|20150115|1300|
C|005186|2015|50001244600002|001|4300002011|00080|UKBC0042|1|EA|42200|KRW|42200|20150115|1300|
C|005186|2015|50001244600003|001|4300002011|00200|UAGC0464|6|EA|2150|KRW|12900|20150115|1300|
C|005186|2015|50001244600004|001|4300002011|00210|UEBC1200|3|EA|67800|KRW|203400|20150115|1300|
C|005186|2015|50001244600005|001|4300002011|00230|UACC0029|2|EA|286000|KRW|572000|20150115|1300|
C|005186|2015|50001244600006|001|4300002011|00240|UACC0030|2|EA|377000|KRW|754000|20150115|1300|
C|005186|2015|50001244600007|001|4300002011|00270|UAGC0465|1|EA|324360|KRW|324360|20150115|1300|
C|005186|2015|50001244600008|001|4300002011|00600|UAGC0449|1|EA|105470|KRW|105470|20150115|1300|
C|005186|2015|50001244600009|001|4300002027|00050|UADC0026|3|EA|2000|KRW|6000|20150115|1300|
C|005186|2015|50001244600010|001|4300002027|00060|UICC0023|2|EA|3360|KRW|6720|20150115|1300|
C|005186|2015|50001244600011|001|4300002027|00080|KS061507|6|EA|8260|KRW|49560|20150115|1300|
C|005186|2015|50001244600012|001|4300002029|00010|UGBC0907|5|EA|93980|KRW|469900|20150115|1300|
C|005186|2015|50001244600013|001|4300002032|00040|UHGC0250|7|EA|18420|KRW|128940|20150115|1300|
C|005186|2015|50001244610001|001|4300002011|00250|UGCC0927|2|EA|71500|KRW|143000|20150115|1300|
C|005186|2015|50001244610002|001|4300002011|00310|UDDC0367|1|EA|203000|KRW|203000|20150115|1300|
C|005186|2015|50001244610003|001|4300002011|00320|UAGC0466|3|EA|17670|KRW|53010|20150115|1300|
C|005186|2015|50001244610004|001|4300002011|00330|UDBC0905|50|EA|305|KRW|15250|20150115|1300|
C|005186|2015|50001244610005|001|4300002011|00340|UDBC0906|50|EA|75|KRW|3750|20150115|1300|
C|005186|2015|50001244610006|001|4300002011|00350|UGCC0928|1|EA|104000|KRW|104000|20150115|1300|
C|005186|2015|50001244610007|001|4300002011|00370|UJAC0143|1|EA|148000|KRW|148000|20150115|1300|
C|005186|2015|50001244610008|001|4300002011|00380|UGBC1414|3|EA|127000|KRW|381000|20150115|1300|
C|005186|2015|50001244610009|001|4300002011|00390|UGCC0929|1|EA|103500|KRW|103500|20150115|1300|
C|005186|2015|50001244610010|001|4300002011|00420|UGCC0930|2|EA|71500|KRW|143000|20150115|1300|
C|005186|2015|50001244610011|001|4300002011|00450|UGCC0931|8|EA|44550|KRW|356400|20150115|1300|
C|005186|2015|50001244610012|001|4300002011|00460|UGCC0932|8|EA|52000|KRW|416000|20150115|1300|
C|005186|2015|50001244610013|001|4300002011|00470|UGBC1418|10|EA|151000|KRW|1510000|20150115|1300|
C|005186|2015|50001244610014|001|4300002011|00480|UAHC0055|2|EA|40300|KRW|80600|20150115|1300|
C|005186|2015|50001244610015|001|4300002011|00510|UDBC0907|50|EA|1900|KRW|95000|20150115|1300|
C|005186|2015|50001244610016|001|4300002011|00520|UGBC1419|10|EA|151000|KRW|1510000|20150115|1300|
C|005186|2015|50001244610017|001|4300002011|00540|UGCC0938|2|EA|114000|KRW|228000|20150115|1300|
C|005186|2015|50001244610018|001|4300002011|00620|UGCC0933|2|EA|65200|KRW|130400|20150115|1300|
C|005186|2015|50001244610019|001|4300002011|00630|UGCC0919|4|EA|63600|KRW|254400|20150115|1300|
C|005186|2015|50001244610020|001|4300002011|00670|UGCC0206|30|EA|3490|KRW|104700|20150115|1300|
C|005186|2015|50001244610021|001|4300002011|00680|UGCC0221|30|EA|3390|KRW|101700|20150115|1300|
C|005186|2015|50001244610022|001|4300002011|00690|UICC0057|5|EA|17900|KRW|89500|20150115|1300|
C|005186|2015|50001244610023|001|4300002011|00700|UAGC0210|150|EA|370|KRW|55500|20150115|1300|
C|005186|2015|50001244610024|001|4300002011|00710|UDFC0055|20|EA|13890|KRW|277800|20150115|1300|
C|005186|2015|50001244610025|001|4300002011|00720|UKAC0012|30|EA|64260|KRW|1927800|20150115|1300|
C|005186|2015|50001244630001|001|4300002011|00010|UDBC0902|50|EA|32|KRW|1600|20150115|1300|
C|005186|2015|50001244630002|001|4300002011|00020|UDAC0299|10|EA|740|KRW|7400|20150115|1300|
C|005186|2015|50001244630003|001|4300002011|00030|UDAC0300|10|EA|1060|KRW|10600|20150115|1300|
C|005186|2015|50001244630004|001|4300002011|00050|UDFC0165|30|EA|2625|KRW|78750|20150115|1300|
C|005186|2015|50001244630005|001|4300002011|00060|UEBC1193|20|EA|1650|KRW|33000|20150115|1300|
C|005186|2015|50001244630006|001|4300002011|00070|UEBC1194|4|EA|137400|KRW|549600|20150115|1300|
C|005186|2015|50001244630007|001|4300002011|00090|UCKC0110|1|EA|20100|KRW|20100|20150115|1300|
C|005186|2015|50001244630008|001|4300002011|00100|UEBC1195|8|EA|66700|KRW|533600|20150115|1300|
C|005186|2015|50001244630009|001|4300002011|00110|UCKC0111|2|EA|286000|KRW|572000|20150115|1300|
C|005186|2015|50001244630010|001|4300002011|00120|UEBC1196|2|EA|162000|KRW|324000|20150115|1300|
C|005186|2015|50001244630011|001|4300002011|00130|UEBC1197|2|EA|21200|KRW|42400|20150115|1300|
C|005186|2015|50001244630012|001|4300002011|00140|UEBC1198|8|EA|86000|KRW|688000|20150115|1300|
C|005186|2015|50001244630013|001|4300002011|00150|UDBC0903|2|EA|211000|KRW|422000|20150115|1300|
C|005186|2015|50001244630014|001|4300002011|00160|UDBC0904|1|EA|340000|KRW|340000|20150115|1300|
C|005186|2015|50001244630015|001|4300002011|00170|UCKC0112|5|EA|82600|KRW|413000|20150115|1300|
C|005186|2015|50001244630016|001|4300002011|00180|UEBC1199|3|EA|67800|KRW|203400|20150115|1300|
C|005186|2015|50001244630017|001|4300002011|00190|UDAC0301|1|EA|6890|KRW|6890|20150115|1300|
C|005186|2015|50001244630018|001|4300002011|00220|UDAC0302|2|EA|2970|KRW|5940|20150115|1300|
C|005186|2015|50001244630019|001|4300002011|00280|UDAC0303|10|EA|850|KRW|8500|20150115|1300|
C|005186|2015|50001244630020|001|4300002011|00290|UDAC0304|8|EA|1060|KRW|8480|20150115|1300|
C|005186|2015|50001244630021|001|4300002011|00300|UDAC0305|20|EA|430|KRW|8600|20150115|1300|
C|005186|2015|50001244630022|001|4300002011|00400|UDAC0307|2|EA|4770|KRW|9540|20150115|1300|
C|005186|2015|50001244630023|001|4300002011|00410|UDAC0308|10|EA|640|KRW|6400|20150115|1300|
C|005186|2015|50001244630024|001|4300002011|00430|UEBC1203|4|EA|83500|KRW|334000|20150115|1300|
C|005186|2015|50001244630025|001|4300002011|00440|UDAC0309|20|EA|1060|KRW|21200|20150115|1300|
C|005186|2015|50001244630026|001|4300002011|00490|UEBC1206|1|EA|200500|KRW|200500|20150115|1300|
C|005186|2015|50001244630027|001|4300002011|00500|UEBC1207|1|EA|104000|KRW|104000|20150115|1300|
C|005186|2015|50001244630028|001|4300002011|00530|UCKC0113|2|EA|453000|KRW|906000|20150115|1300|
C|005186|2015|50001244650001|001|4300002011|00610|UDDC0287|2|EA|340500|KRW|681000|20150115|1300|
C|005186|2015|50001244650002|001|4300002016|00010|KS061503|16|EA|3150|KRW|50400|20150115|1300|
C|005186|2015|50001244650003|001|4300002016|00020|KS061508|4|EA|10510|KRW|42040|20150115|1300|
C|005186|2015|50001244650004|001|4300002016|00030|KS064102|2|EA|5860|KRW|11720|20150115|1300|
C|005186|2015|50001244650005|001|4300002016|00040|KS066900|5|EA|1290|KRW|6450|20150115|1300|
C|005186|2015|50001244650006|001|4300002016|00050|KS066904|3|EA|2000|KRW|6000|20150115|1300|
C|005186|2015|50001244650007|001|4300002016|00060|KS066905|3|EA|2260|KRW|6780|20150115|1300|
C|005186|2015|50001244650008|001|4300002016|00070|KS066906|2|EA|2970|KRW|5940|20150115|1300|
C|005186|2015|50001244650009|001|4300002016|00080|KS067001|5|EA|1400|KRW|7000|20150115|1300|
C|005186|2015|50001244650010|001|4300002016|00090|KS067003|3|EA|1550|KRW|4650|20150115|1300|
C|005186|2015|50001244650011|001|4300002016|00100|KS067208|10|EA|7940|KRW|79400|20150115|1300|
C|005186|2015|50001244650012|001|4300002016|00110|KS067210|2|EA|14350|KRW|28700|20150115|1300|
C|005186|2015|50001244650013|001|4300002016|00120|KS080702|2|EA|19850|KRW|39700|20150115|1300|
C|005186|2015|50001244650014|001|4300002016|00130|KS080709|3|EA|24700|KRW|74100|20150115|1300|
C|005186|2015|50001244650015|001|4300002016|00140|KS080711|4|EA|32300|KRW|129200|20150115|1300|
C|005186|2015|50001244650016|001|4300002027|00090|UDDC0062|10|EA|13970|KRW|139700|20150115|1300|
C|005186|2015|50001244650017|001|4300002027|00120|UEBC0522|4|EA|13430|KRW|53720|20150115|1300|
C|005186|2015|50001244650018|001|4300002029|00040|UDEC0080|5|EA|44100|KRW|220500|20150115|1300|
C|005186|2015|50001244650019|001|4300002029|00050|UADC0107|2|EA|220500|KRW|441000|20150115|1300|
C|005186|2015|50001244660001|001|4300001966|00010|UDCC0050|1|EA|1640000|KRW|1640000|20150115|1300|
C|005186|2015|50001244680001|001|4300002000|00050|UHGC0052|5|EA|33000|KRW|165000|20150115|1300|
C|005186|2015|50001244800001|001|4300002000|00010|UCIC0031|1|EA|432640|KRW|432640|20150115|1300|
