C|005186|2015|50001520730001|001|4300002711|00080|UAGC0193|100|EA|3255|KRW|325500|20150515|1300|
C|005186|2015|50001520730002|001|4300002713|00020|UAGC0388|1|EA|1273650|KRW|1273650|20150515|1300|
C|005186|2015|50001520730003|001|4300002714|00030|UAGC0310|1|EA|15750|KRW|15750|20150515|1300|
C|005186|2015|50001520730004|001|4300002714|00040|UAGC0311|1|EA|19640|KRW|19640|20150515|1300|
C|005186|2015|50001520730005|001|4300002714|00050|UAGC0312|1|EA|20060|KRW|20060|20150515|1300|
C|005186|2015|50001520730006|001|4300002714|00060|UAGC0313|3|EA|25640|KRW|76920|20150515|1300|
C|005186|2015|50001520730007|001|4300002714|00090|UIDC0058|1|EA|127000|KRW|127000|20150515|1300|
C|005186|2015|50001520730008|001|4300002714|00100|UIDC0027|50|EA|18900|KRW|945000|20150515|1300|
C|005186|2015|50001520730009|001|4300002716|00080|UAEC0242|5|EA|3330|KRW|16650|20150515|1300|
C|005186|2015|50001520730010|001|4300002716|00090|UAGC0325|5|EA|5180|KRW|25900|20150515|1300|
C|005186|2015|50001520730011|001|4300002717|00030|UAGC0365|5|EA|4230|KRW|21150|20150515|1300|
C|005186|2015|50001520730012|001|4300002717|00040|UAGC0368|5|EA|4520|KRW|22600|20150515|1300|
C|005186|2015|50001520730013|001|4300002717|00050|UAGC0369|5|EA|5540|KRW|27700|20150515|1300|
C|005186|2015|50001520730014|001|4300002717|00060|UAGC0370|5|EA|6050|KRW|30250|20150515|1300|
