C|005186|2019|50005212140001|001|4300014706|00050|CMA0016|30|EA|2140|KRW|64200|20190930|1300|
C|005186|2019|50005212140002|001|4300014706|00060|CMB0010|40|EA|1280|KRW|51200|20190930|1300|
C|005186|2019|50005212140003|001|4300014707|00080|CMB0010|80|EA|1280|KRW|102400|20190930|1300|
C|005186|2019|50005212140004|001|4300014708|00020|CMH0007|2|EA|11600|KRW|23200|20190930|1300|
C|005186|2019|50005212140005|001|4300014708|00050|CMA0016|20|EA|2140|KRW|42800|20190930|1300|
C|005186|2019|50005212140006|001|4300014709|00010|CMH0007|1|EA|11600|KRW|11600|20190930|1300|
C|005186|2019|50005212140007|001|4300014709|00030|CMF0013|10|EA|940|KRW|9400|20190930|1300|
C|005186|2019|50005212140008|001|4300014709|00090|CMB0010|60|EA|1280|KRW|76800|20190930|1300|
C|005186|2019|50005212140009|001|4300014728|00080|CMH0007|20|EA|11600|KRW|232000|20190930|1300|
C|005186|2019|50005212140010|001|4300014728|00130|CMA0005|200|EA|2000|KRW|400000|20190930|1300|
C|005186|2019|50005212140011|001|4300014728|00170|CMB0010|640|EA|1280|KRW|819200|20190930|1300|
C|005186|2019|50005212140012|001|4300014729|00040|CMA0015|100|EA|2520|KRW|252000|20190930|1300|
C|005186|2019|50005212140013|001|4300014729|00110|CMA0016|150|EA|2140|KRW|321000|20190930|1300|
C|005186|2019|50005212140014|001|4300014731|00010|CMH0007|1|EA|11600|KRW|11600|20190930|1300|
C|005186|2019|50005212140015|001|4300014731|00140|CMB0010|60|EA|1280|KRW|76800|20190930|1300|
C|005186|2019|50005212140016|001|4300014731|00200|CMA0016|150|EA|2140|KRW|321000|20190930|1300|
C|005186|2019|50005212140017|001|4300014736|00010|CMH0007|1|EA|11600|KRW|11600|20190930|1300|
C|005186|2019|50005212140018|001|4300014736|00060|CMA0016|40|EA|2140|KRW|85600|20190930|1300|
C|005186|2019|50005212140019|001|4300014736|00070|CMB0010|60|EA|1280|KRW|76800|20190930|1300|
C|005186|2019|50005212140020|001|4300014737|00090|CMF0017|100|EA|800|KRW|80000|20190930|1300|
C|005186|2019|50005212140021|001|4300014737|00110|CMB0010|300|EA|1280|KRW|384000|20190930|1300|
C|005186|2019|50005212140022|001|4300014738|00030|CMH0007|3|EA|11600|KRW|34800|20190930|1300|
C|005186|2019|50005212140023|001|4300014738|00120|CMA0016|300|EA|2140|KRW|642000|20190930|1300|
C|005186|2019|50005212140024|001|4300014738|00130|CMB0010|600|EA|1280|KRW|768000|20190930|1300|
C|005186|2019|50005212150001|001|4300014692|00010|CMB0010|110|EA|1280|KRW|140800|20190930|1300|
C|005186|2019|50005212150002|001|4300014692|00070|CMH0007|2|EA|11600|KRW|23200|20190930|1300|
C|005186|2019|50005212150003|001|4300014692|00100|CMB0010|295|EA|1280|KRW|377600|20190930|1300|
C|005186|2019|50005212150004|001|4300014694|00030|CMH0007|3|EA|11600|KRW|34800|20190930|1300|
C|005186|2019|50005212150005|001|4300014694|00050|CMB0010|200|EA|1280|KRW|256000|20190930|1300|
C|005186|2019|50005212150006|001|4300014732|00020|CMB0010|130|EA|1280|KRW|166400|20190930|1300|
C|005186|2019|50005212150007|001|4300014733|00010|CMA0006|5|EA|2970|KRW|14850|20190930|1300|
C|005186|2019|50005212150008|001|4300014733|00020|CMH0007|1|EA|11600|KRW|11600|20190930|1300|
C|005186|2019|50005212150009|001|4300014734|00050|CMB0010|40|EA|1280|KRW|51200|20190930|1300|
C|005186|2019|50005212150010|001|4300014735|00040|CMB0010|70|EA|1280|KRW|89600|20190930|1300|
C|005186|2019|50005212160001|001|4300014705|00050|CMF0020|5|EA|650|KRW|3250|20190930|1300|
C|005186|2019|50005212160002|001|4300014707|00060|CMF0006|30|EA|9500|KRW|285000|20190930|1300|
C|005186|2019|50005212160003|001|4300014708|00040|CME0001|16|EA|3300|KRW|52800|20190930|1300|
C|005186|2019|50005212160004|001|4300014709|00100|CME0010|100|EA|240|KRW|24000|20190930|1300|
C|005186|2019|50005212160005|001|4300014728|00050|CMF0001|10|EA|1950|KRW|19500|20190930|1300|
C|005186|2019|50005212160006|001|4300014728|00060|CMF0020|10|EA|650|KRW|6500|20190930|1300|
C|005186|2019|50005212160007|001|4300014728|00070|CMF0021|20|EA|3100|KRW|62000|20190930|1300|
C|005186|2019|50005212160008|001|4300014728|00140|CME0010|200|EA|240|KRW|48000|20190930|1300|
C|005186|2019|50005212160009|001|4300014731|00030|CMF0020|3|EA|650|KRW|1950|20190930|1300|
C|005186|2019|50005212160010|001|4300014731|00120|CME0001|40|EA|3300|KRW|132000|20190930|1300|
C|005186|2019|50005212160011|001|4300014731|00170|CME0010|100|EA|240|KRW|24000|20190930|1300|
C|005186|2019|50005212160012|001|4300014733|00060|CME0010|150|EA|240|KRW|36000|20190930|1300|
C|005186|2019|50005212160013|001|4300014734|00060|CME0001|12|EA|3300|KRW|39600|20190930|1300|
C|005186|2019|50005212160014|001|4300014734|00070|CME0010|60|EA|240|KRW|14400|20190930|1300|
C|005186|2019|50005212160015|001|4300014735|00080|CMZ0006|10|EA|1170|KRW|11700|20190930|1300|
C|005186|2019|50005212160016|001|4300014735|00090|CMZ0014|1|EA|19000|KRW|19000|20190930|1300|
C|005186|2019|50005212160017|001|4300014736|00020|CMF0006|2|EA|9500|KRW|19000|20190930|1300|
C|005186|2019|50005212160018|001|4300014737|00060|CMF0001|20|EA|1950|KRW|39000|20190930|1300|
C|005186|2019|50005212160019|001|4300014737|00070|CMF0020|20|EA|650|KRW|13000|20190930|1300|
C|005186|2019|50005212160020|001|4300014737|00080|CME0010|80|EA|240|KRW|19200|20190930|1300|
C|005186|2019|50005212160021|001|4300014738|00040|CMF0009|5|EA|4950|KRW|24750|20190930|1300|
C|005186|2019|50005212160022|001|4300014738|00070|CME0001|10|EA|3300|KRW|33000|20190930|1300|
C|005186|2019|50005212160023|001|4300014738|00080|CME0010|300|EA|240|KRW|72000|20190930|1300|
C|005186|2019|50005212170001|001|4300014495|00070|CME0008|35|EA|1950|KRW|68250|20190930|1300|
C|005186|2019|50005212180001|001|4300014491|00020|CME0008|20|EA|1950|KRW|39000|20190930|1300|
C|005186|2019|50005212190001|001|4300014494|00030|CME0008|7|EA|1950|KRW|13650|20190930|1300|
C|005186|2019|50005212200001|001|4300014205|00020|CMD0001|25|EA|8000|KRW|200000|20190930|1300|
