C|005186|2020|50005784940001|001|4300017353|00010|KS061502|9|EA|2970|KRW|26730|20200722|1300|
C|005186|2020|50005784940002|001|4300017353|00020|KS061504|3|EA|4050|KRW|12150|20200722|1300|
C|005186|2020|50005784940003|001|4300017353|00030|KS067004|4|EA|2000|KRW|8000|20200722|1300|
C|005186|2020|50005784940004|001|4300017353|00040|KS067006|2|EA|3120|KRW|6240|20200722|1300|
C|005186|2020|50005784940005|001|4300017353|00050|KS067206|4|EA|4480|KRW|17920|20200722|1300|
C|005186|2020|50005784940006|001|4300017353|00060|KS067208|4|EA|7940|KRW|31760|20200722|1300|
C|005186|2020|50005784940007|001|4300017353|00070|KS067210|2|EA|14350|KRW|28700|20200722|1300|
C|005186|2020|50005784940008|001|4300017353|00080|KS080705|2|EA|18500|KRW|37000|20200722|1300|
C|005186|2020|50005784940009|001|4300017362|00020|UEBC1690|4|EA|291900|KRW|1167600|20200722|1300|
C|005186|2020|50005784940010|001|4300017363|00010|UDDC0041|1|EA|1003700|KRW|1003700|20200722|1300|
C|005186|2020|50005784940011|001|4300017363|00020|UDDC0011|2|EA|449400|KRW|898800|20200722|1300|
C|005186|2020|50005784940012|001|4300017364|00010|UEBC0943|5|EA|174310|KRW|871550|20200722|1300|
C|005186|2020|50005784940013|001|4300017364|00030|UEBC1197|10|EA|21200|KRW|212000|20200722|1300|
C|005186|2020|50005784950001|001|4300017299|00070|UGBC1532|5|EA|36600|KRW|183000|20200722|1300|
C|005186|2020|50005784950002|001|4300017365|00040|UGBC1626|1|EA|42400|KRW|42400|20200722|1300|
C|005186|2020|50005784960001|001|4300017234|00010|UHBC0003|1|EA|1572900|KRW|1572900|20200722|1300|
C|005186|2020|50005784960002|001|4300017235|00010|UHAC0007|1|EA|1291500|KRW|1291500|20200722|1300|
C|005186|2020|50005784960003|001|4300017301|00010|UHHC0207|100|EA|1696000|KRW|1696000|20200722|1300|
C|005186|2020|50005784960004|001|4300017370|00010|UHGC0175|1|EA|1583400|KRW|1583400|20200722|1300|
C|005186|2020|50005784960005|001|4300017371|00010|UHHC0088|1|EA|1600200|KRW|1600200|20200722|1300|
C|005186|2020|50005784960006|001|4300017372|00010|UHTC0872|32|EA|58850|KRW|1883200|20200722|1300|
C|005186|2020|50005784970001|001|4300017295|00010|UHHC0097|10|EA|21504|KRW|215040|20200722|1300|
C|005186|2020|50005784970002|001|4300017295|00020|UHNC0134|1|EA|812640|KRW|812640|20200722|1300|
C|005186|2020|50005784970003|001|4300017295|00030|UHHC0069|1|EA|412650|KRW|412650|20200722|1300|
C|005186|2020|50005784970004|001|4300017295|00040|UHHC0162|1|EA|111830|KRW|111830|20200722|1300|
C|005186|2020|50005784970005|001|4300017295|00050|UHHC0163|1|EA|111830|KRW|111830|20200722|1300|
C|005186|2020|50005784970006|001|4300017295|00060|UHHC0021|1|EA|111825|KRW|111825|20200722|1300|
C|005186|2020|50005784970007|001|4300017295|00070|UHHC0053|1|EA|99860|KRW|99860|20200722|1300|
C|005186|2020|50005784970008|001|4300017296|00010|UHHC0190|1|EA|221000|KRW|221000|20200722|1300|
C|005186|2020|50005784970009|001|4300017296|00020|UHHC0001|1|EA|155400|KRW|155400|20200722|1300|
C|005186|2020|50005784970010|001|4300017296|00030|UHHC0002|1|EA|228900|KRW|228900|20200722|1300|
C|005186|2020|50005784970011|001|4300017296|00040|UHHC0189|1|EA|178950|KRW|178950|20200722|1300|
C|005186|2020|50005784970012|001|4300017296|00050|UHHC0071|1|EA|573300|KRW|573300|20200722|1300|
C|005186|2020|50005784970013|001|4300017296|00060|UHDC0157|5|EA|8340|KRW|41700|20200722|1300|
C|005186|2020|50005784970014|001|4300017296|00070|UHTC0123|10|EA|10500|KRW|10500|20200722|1300|
C|005186|2020|50005784980001|001|4300017354|00010|KE030011|5|EA|8190|KRW|40950|20200722|1300|
C|005186|2020|50005784980002|001|4300017354|00020|KE030205|4|EA|31290|KRW|125160|20200722|1300|
C|005186|2020|50005784980003|001|4300017354|00030|KE030208|1|EA|57230|KRW|57230|20200722|1300|
C|005186|2020|50005784980004|001|4300017354|00040|KE030209|1|EA|74450|KRW|74450|20200722|1300|
C|005186|2020|50005784980005|001|4300017354|00050|KE030211|1|EA|145740|KRW|145740|20200722|1300|
C|005186|2020|50005784980006|001|4300017354|00060|KE050201|2|EA|8460|KRW|16920|20200722|1300|
C|005186|2020|50005784980007|001|4300017354|00070|KE050301|6|EA|1160|KRW|6960|20200722|1300|
C|005186|2020|50005784980008|001|4300017354|00080|KE050502|1|EA|10000|KRW|10000|20200722|1300|
C|005186|2020|50005784980009|001|4300017354|00090|KE090102|3|EA|15430|KRW|46290|20200722|1300|
C|005186|2020|50005784980010|001|4300017354|00100|KE090112|3|EA|16800|KRW|50400|20200722|1300|
C|005186|2020|50005784980011|001|4300017354|00110|KE090165|1|EA|165900|KRW|165900|20200722|1300|
C|005186|2020|50005784980012|001|4300017354|00120|KE110100|10|EA|124000|KRW|1240000|20200722|1300|
C|005186|2020|50005784980013|001|4300017354|00130|KE190001|1|EA|6300|KRW|6300|20200722|1300|
C|005186|2020|50005784980014|001|4300017354|00140|KE190003|5|EA|29300|KRW|146500|20200722|1300|
C|005186|2020|50005784980015|001|4300017354|00150|KE200113|2|EA|130000|KRW|260000|20200722|1300|
C|005186|2020|50005784980016|001|4300017354|00160|KE231001|14|EA|16150|KRW|226100|20200722|1300|
C|005186|2020|50005784980017|001|4300017354|00170|KE231403|5|EA|1840|KRW|9200|20200722|1300|
C|005186|2020|50005784980018|001|4300017354|00180|KE270302|6|EA|6900|KRW|41400|20200722|1300|
C|005186|2020|50005784990001|001|4300017419|00030|UDDC0323|5|EA|45500|KRW|227500|20200722|1300|
C|005186|2020|50005784990002|001|4300017419|00040|UDCC0039|2|EA|112700|KRW|225400|20200722|1300|
C|005186|2020|50005784990003|001|4300017419|00060|UKBC0021|2|EA|14210|KRW|28420|20200722|1300|
C|005186|2020|50005784990004|001|4300017438|00010|UDAC0389|100|EA|197500|KRW|395000|20200722|1300|
C|005186|2020|50005784990005|001|4300017438|00020|UDAC0391|100|EA|261000|KRW|522000|20200722|1300|
C|005186|2020|50005784990006|001|4300017438|00040|UJBC0004|20|EA|43370|KRW|86740|20200722|1300|
C|005186|2020|50005784990007|001|4300017449|00010|UBEC0008|3|EA|164780|KRW|494340|20200722|1300|
