C|005186|2020|50005538850001|001|4300016303|00020|UGCC1685|2|EA|31500|KRW|63000|20200315|1300|
C|005186|2020|50005538850002|001|4300016303|00080|UGCC1689|3|EA|52500|KRW|157500|20200315|1300|
C|005186|2020|50005538850003|001|4300016305|00010|UGCC1686|10|EA|199500|KRW|1995000|20200315|1300|
C|005186|2020|50005538850004|001|4300016307|00010|UGCC1687|1|EA|1123500|KRW|1123500|20200315|1300|
C|005186|2020|50005538850005|001|4300016307|00020|UGCC1688|2|EA|409500|KRW|819000|20200315|1300|
C|005186|2020|50005538850006|001|4300016308|00010|UGCC1687|1|EA|1123500|KRW|1123500|20200315|1300|
C|005186|2020|50005538850007|001|4300016308|00040|UGCC1690|3|EA|63000|KRW|189000|20200315|1300|
C|005186|2020|50005538850008|001|4300016308|00050|UGBC1793|3|EA|26250|KRW|78750|20200315|1300|
C|005186|2020|50005538850009|001|4300016314|00020|UGCC1691|1|EA|934500|KRW|934500|20200315|1300|
C|005186|2020|50005538850010|001|4300016320|00030|UHGC0368|2|EA|304500|KRW|609000|20200315|1300|
