C|005186|2018|50004424780001|001|4300010951|00080|CMA0017|50|EA|770|KRW|38500|20180914|1300|
C|005186|2018|50004424780002|001|4300010951|00100|CMB0002|100|EA|2100|KRW|210000|20180914|1300|
C|005186|2018|50004424790001|001|4300010959|00020|CMA0017|30|EA|770|KRW|23100|20180914|1300|
C|005186|2018|50004424790002|001|4300010959|00050|CMB0003|70|EA|2200|KRW|154000|20180914|1300|
C|005186|2018|50004424800001|001|4300011141|00030|CME0008|20|EA|1950|KRW|39000|20180914|1300|
C|005186|2018|50004424800002|001|4300011141|00100|CMB0002|180|EA|2100|KRW|378000|20180914|1300|
C|005186|2018|50004424810001|001|4300011144|00020|CME0008|5|EA|1950|KRW|9750|20180914|1300|
C|005186|2018|50004424820001|001|4300010960|00010|CMF0004|5|EA|17000|KRW|85000|20180914|1300|
C|005186|2018|50004424820002|001|4300010960|00050|CME0008|20|EA|1950|KRW|39000|20180914|1300|
C|005186|2018|50004424820003|001|4300010960|00070|CMA0017|50|EA|770|KRW|38500|20180914|1300|
C|005186|2018|50004424830001|001|4300010954|00030|CMB0003|20|EA|2200|KRW|44000|20180914|1300|
C|005186|2018|50004424840001|001|4300010956|00030|CMA0017|10|EA|770|KRW|7700|20180914|1300|
C|005186|2018|50004424840002|001|4300010956|00040|CMB0011|70|EA|2220|KRW|155400|20180914|1300|
C|005186|2018|50004424840003|001|4300010956|00060|CME0013|2|EA|11880|KRW|23760|20180914|1300|
C|005186|2018|50004424850001|001|4300011139|00010|CMD0010|1|EA|17000|KRW|17000|20180914|1300|
C|005186|2018|50004424850002|001|4300011139|00020|CMF0004|5|EA|17000|KRW|85000|20180914|1300|
C|005186|2018|50004424860001|001|4300010953|00030|CMA0017|5|EA|770|KRW|3850|20180914|1300|
C|005186|2018|50004424870001|001|4300010949|00040|CMZ0009|20|EA|920|KRW|18400|20180914|1300|
C|005186|2018|50004424870002|001|4300010949|00050|CME0008|20|EA|1950|KRW|39000|20180914|1300|
C|005186|2018|50004424870003|001|4300010949|00060|CMB0002|40|EA|2100|KRW|84000|20180914|1300|
C|005186|2018|50004424870004|001|4300010949|00070|CMB0003|40|EA|2200|KRW|88000|20180914|1300|
C|005186|2018|50004424880001|001|4300011140|00070|CMZ0005|30|EA|810|KRW|24300|20180914|1300|
C|005186|2018|50004424880002|001|4300011140|00090|CMB0002|190|EA|2100|KRW|399000|20180914|1300|
C|005186|2018|50004424880003|001|4300011140|00120|CMB0002|60|EA|2100|KRW|126000|20180914|1300|
C|005186|2018|50004424890001|001|4300010953|00010|CMD0016|5|EA|29000|KRW|145000|20180914|1300|
C|005186|2018|50004424890002|001|4300010953|00100|CMD0016|2|EA|29000|KRW|58000|20180914|1300|
C|005186|2018|50004424900001|001|4300010951|00150|CMD0011|3|EA|24100|KRW|72300|20180914|1300|
C|005186|2018|50004424900002|001|4300010952|00020|CMD0016|4|EA|29000|KRW|116000|20180914|1300|
C|005186|2018|50004424900003|001|4300010952|00030|CMD0011|13|EA|24100|KRW|313300|20180914|1300|
C|005186|2018|50004424900004|001|4300010955|00030|CMD0016|1|EA|29000|KRW|29000|20180914|1300|
C|005186|2018|50004424900005|001|4300010957|00050|CMD0016|2|EA|29000|KRW|58000|20180914|1300|
C|005186|2018|50004424900006|001|4300010960|00030|CMD0017|6|EA|23760|KRW|142560|20180914|1300|
C|005186|2018|50004424900007|001|4300010961|00040|CMD0016|5|EA|29000|KRW|145000|20180914|1300|
C|005186|2018|50004424900008|001|4300011141|00010|CMD0016|2|EA|29000|KRW|58000|20180914|1300|
C|005186|2018|50004424900009|001|4300011141|00020|CMD0017|7|EA|23760|KRW|166320|20180914|1300|
C|005186|2018|50004424900010|001|4300011143|00040|CMD0016|20|EA|29000|KRW|580000|20180914|1300|
C|005186|2018|50004424900011|001|4300011144|00140|CMD0011|18|EA|24100|KRW|433800|20180914|1300|
C|005186|2018|50004424900012|001|4300011144|00150|CMD0016|15|EA|29000|KRW|435000|20180914|1300|
C|005186|2018|50004424910001|001|4300011274|00020|CMF0009|1|EA|4950|KRW|4950|20180914|1300|
C|005186|2018|50004424910002|001|4300011274|00030|CMF0001|2|EA|1950|KRW|3900|20180914|1300|
C|005186|2018|50004424910003|001|4300011274|00040|CMH0007|2|EA|11600|KRW|23200|20180914|1300|
C|005186|2018|50004424910004|001|4300011274|00070|CMF0020|5|EA|650|KRW|3250|20180914|1300|
C|005186|2018|50004424910005|001|4300011274|00090|CME0001|30|EA|3300|KRW|99000|20180914|1300|
C|005186|2018|50004424910006|001|4300011274|00100|CMA0016|40|EA|2140|KRW|85600|20180914|1300|
C|005186|2018|50004424910007|001|4300011274|00130|CMB0010|120|EA|1280|KRW|153600|20180914|1300|
C|005186|2018|50004424910008|001|4300011274|00160|CME0010|300|EA|240|KRW|72000|20180914|1300|
C|005186|2018|50004424910009|001|4300011275|00020|CMH0007|2|EA|11600|KRW|23200|20180914|1300|
C|005186|2018|50004424910010|001|4300011275|00080|CMB0010|60|EA|1280|KRW|76800|20180914|1300|
C|005186|2018|50004424910011|001|4300011275|00140|CME0010|300|EA|240|KRW|72000|20180914|1300|
C|005186|2018|50004424910012|001|4300011276|00040|CMA0016|40|EA|2140|KRW|85600|20180914|1300|
C|005186|2018|50004424910013|001|4300011282|00050|CMA0016|10|EA|2140|KRW|21400|20180914|1300|
C|005186|2018|50004424910014|001|4300011282|00080|CME0001|20|EA|3300|KRW|66000|20180914|1300|
C|005186|2018|50004424910015|001|4300011282|00100|CME0010|70|EA|240|KRW|16800|20180914|1300|
C|005186|2018|50004424910016|001|4300011282|00110|CMB0010|240|EA|1280|KRW|307200|20180914|1300|
C|005186|2018|50004424910017|001|4300011283|00020|CME0001|5|EA|3300|KRW|16500|20180914|1300|
C|005186|2018|50004424910018|001|4300011283|00030|CME0006|5|EA|3080|KRW|15400|20180914|1300|
C|005186|2018|50004424910019|001|4300011283|00050|CMF0009|5|EA|4950|KRW|24750|20180914|1300|
C|005186|2018|50004424910020|001|4300011283|00080|CMA0016|200|EA|2140|KRW|428000|20180914|1300|
C|005186|2018|50004424910021|001|4300011283|00140|CMB0010|300|EA|1280|KRW|384000|20180914|1300|
C|005186|2018|50004424910022|001|4300011283|00150|CME0010|300|EA|240|KRW|72000|20180914|1300|
C|005186|2018|50004424910023|001|4300011285|00010|CMZ0014|1|EA|19000|KRW|19000|20180914|1300|
C|005186|2018|50004424910024|001|4300011285|00060|CMA0005|30|EA|2000|KRW|60000|20180914|1300|
C|005186|2018|50004424910025|001|4300011285|00120|CME0010|100|EA|240|KRW|24000|20180914|1300|
C|005186|2018|50004424910026|001|4300011286|00010|CMF0006|1|EA|9500|KRW|9500|20180914|1300|
C|005186|2018|50004424910027|001|4300011286|00020|CMH0007|2|EA|11600|KRW|23200|20180914|1300|
C|005186|2018|50004424910028|001|4300011286|00050|CME0001|13|EA|3300|KRW|42900|20180914|1300|
C|005186|2018|50004424910029|001|4300011286|00090|CMA0016|40|EA|2140|KRW|85600|20180914|1300|
C|005186|2018|50004424910030|001|4300011288|00010|CMB0010|20|EA|1280|KRW|25600|20180914|1300|
C|005186|2018|50004424910031|001|4300011288|00060|CME0010|100|EA|240|KRW|24000|20180914|1300|
C|005186|2018|50004424910032|001|4300011288|00070|CMA0016|100|EA|2140|KRW|214000|20180914|1300|
C|005186|2018|50004424910033|001|4300011290|00010|CME0003|20|EA|5500|KRW|110000|20180914|1300|
C|005186|2018|50004424910034|001|4300011290|00090|CMA0015|100|EA|2520|KRW|252000|20180914|1300|
C|005186|2018|50004424910035|001|4300011290|00100|CME0010|100|EA|240|KRW|24000|20180914|1300|
C|005186|2018|50004424920001|001|4300011277|00040|CMB0010|70|EA|1280|KRW|89600|20180914|1300|
C|005186|2018|50004424920002|001|4300011277|00080|CMZ0014|1|EA|19000|KRW|19000|20180914|1300|
C|005186|2018|50004424920003|001|4300011278|00020|CMB0010|130|EA|1280|KRW|166400|20180914|1300|
C|005186|2018|50004424920004|001|4300011279|00040|CME0001|10|EA|3300|KRW|33000|20180914|1300|
C|005186|2018|50004424920005|001|4300011280|00050|CME0010|100|EA|240|KRW|24000|20180914|1300|
C|005186|2018|50004424920006|001|4300011280|00070|CMF0015|50|EA|450|KRW|22500|20180914|1300|
C|005186|2018|50004424930001|001|4300011277|00010|CMA0001|60|EA|151|KRW|9060|20180914|1300|
C|005186|2018|50004424930002|001|4300011277|00020|CMA0007|200|EA|151|KRW|30200|20180914|1300|
C|005186|2018|50004424930003|001|4300011277|00030|CMB0001|20|EA|520|KRW|10400|20180914|1300|
C|005186|2018|50004424930004|001|4300011277|00060|CMF0002|1|EA|860|KRW|860|20180914|1300|
C|005186|2018|50004424930005|001|4300011277|00070|CMF0005|1|EA|18700|KRW|18700|20180914|1300|
C|005186|2018|50004424930006|001|4300011277|00090|CMZ0032|3|EA|1300|KRW|3900|20180914|1300|
