C|005186|2014|50000508660001|001|4300000994|00010|UADC0076|1|EA|15200|KRW|15200|20140113|1300|
C|005186|2014|50000508660002|001|4300000994|00020|UDBC0659|100|EA|108|KRW|10800|20140113|1300|
C|005186|2014|50000508660003|001|4300000994|00030|UALC0094|24|EA|57200|KRW|1372800|20140113|1300|
C|005186|2014|50000508660004|001|4300000994|00060|UKBC0010|1|EA|91480|KRW|91480|20140113|1300|
C|005186|2014|50000508660005|001|4300000994|00140|UAEC0245|5|EA|1790|KRW|8950|20140113|1300|
C|005186|2014|50000508660006|001|4300000994|00150|UAEC0249|5|EA|3450|KRW|17250|20140113|1300|
C|005186|2014|50000508660007|001|4300000994|00160|UAEC0250|5|EA|3930|KRW|19650|20140113|1300|
C|005186|2014|50000508660008|001|4300000994|00170|UAEC0246|5|EA|2920|KRW|14600|20140113|1300|
C|005186|2014|50000508670001|001|4300000963|00100|UHHC0179|1|EA|693000|KRW|693000|20140113|1300|
C|005186|2014|50000508670002|001|4300000966|00010|UHFC0032|1|EA|998550|KRW|998550|20140113|1300|
C|005186|2014|50000508670003|001|4300000977|00010|UHHC0060|1|EA|412650|KRW|412650|20140113|1300|
C|005186|2014|50000508670004|001|4300000977|00030|UHGC0129|1|EA|612680|KRW|612680|20140113|1300|
C|005186|2014|50000508670005|001|4300000977|00040|UHTC0517|2|EA|81060|KRW|162120|20140113|1300|
C|005186|2014|50000508670006|001|4300000977|00050|UHNC0113|1|EA|772800|KRW|772800|20140113|1300|
C|005186|2014|50000508670007|001|4300000978|00010|UHGC0263|3|EA|265000|KRW|795000|20140113|1300|
C|005186|2014|50000508670008|001|4300000978|00020|UHTC0573|18|EA|107500|KRW|1935000|20140113|1300|
C|005186|2014|50000508670009|001|4300000978|00030|UHTC0574|18|EA|66000|KRW|1188000|20140113|1300|
C|005186|2014|50000508670010|001|4300000978|00040|UHTC0161|30|EA|420|KRW|12600|20140113|1300|
C|005186|2014|50000508670011|001|4300000978|00060|UHGC0054|5|EA|16200|KRW|81000|20140113|1300|
C|005186|2014|50000508670012|001|4300000978|00070|UFJC0004|3|EA|45150|KRW|135450|20140113|1300|
C|005186|2014|50000508670013|001|4300000978|00080|UHHC0095|1|EA|397950|KRW|397950|20140113|1300|
C|005186|2014|50000508670014|001|4300000978|00090|UHTC0047|1|EA|132500|KRW|132500|20140113|1300|
C|005186|2014|50000508670015|001|4300000978|00100|UHGC0134|1|EA|756000|KRW|756000|20140113|1300|
C|005186|2014|50000508670016|001|4300000978|00110|UGAC0091|4|EA|33920|KRW|135680|20140113|1300|
C|005186|2014|50000508670017|001|4300000979|00010|UHCC0017|1|EA|1081500|KRW|1081500|20140113|1300|
C|005186|2014|50000508670018|001|4300000980|00010|UCAC0230|9|EA|25200|KRW|226800|20140113|1300|
C|005186|2014|50000508670019|001|4300000980|00020|UHTC0570|1|EA|71400|KRW|71400|20140113|1300|
C|005186|2014|50000508670020|001|4300000980|00030|UHTC0572|6|EA|101000|KRW|606000|20140113|1300|
C|005186|2014|50000508670021|001|4300000980|00050|UHHC0190|1|EA|221000|KRW|221000|20140113|1300|
C|005186|2014|50000508670022|001|4300000980|00060|UHFC0399|1|EA|944000|KRW|944000|20140113|1300|
C|005186|2014|50000508670023|001|4300000980|00070|UHNC0130|1|EA|89000|KRW|89000|20140113|1300|
C|005186|2014|50000508670024|001|4300000980|00080|UHTC0575|2|EA|12640|KRW|25280|20140113|1300|
C|005186|2014|50000508670025|001|4300000980|00090|UHGC0259|1|EA|316000|KRW|316000|20140113|1300|
C|005186|2014|50000508670026|001|4300000980|00110|UHGC0260|3|EA|208000|KRW|624000|20140113|1300|
C|005186|2014|50000508670027|001|4300000981|00010|UHTC0013|40|EA|1580|KRW|63200|20140113|1300|
C|005186|2014|50000508670028|001|4300000981|00020|UHTC0014|40|EA|1580|KRW|63200|20140113|1300|
C|005186|2014|50000508670029|001|4300000981|00030|UHTC0015|40|EA|1580|KRW|63200|20140113|1300|
C|005186|2014|50000508670030|001|4300000981|00040|UHTC0016|40|EA|1580|KRW|63200|20140113|1300|
C|005186|2014|50000508670031|001|4300000981|00050|UHTC0017|60|EA|1580|KRW|94800|20140113|1300|
C|005186|2014|50000508670032|001|4300000981|00060|UHTC0022|80|EA|4050|KRW|324000|20140113|1300|
C|005186|2014|50000508670033|001|4300000981|00070|UHTC0433|1|EA|28300|KRW|28300|20140113|1300|
C|005186|2014|50000508670034|001|4300000981|00080|UHFC0164|100|EA|210|KRW|21000|20140113|1300|
C|005186|2014|50000508670035|001|4300000981|00090|UHDC0220|100|EA|190|KRW|19000|20140113|1300|
C|005186|2014|50000508670036|001|4300000981|00100|UHTC0279|1|EA|8400|KRW|8400|20140113|1300|
C|005186|2014|50000508670037|001|4300000981|00110|UHTC0559|3|EA|103160|KRW|309480|20140113|1300|
C|005186|2014|50000508670038|001|4300000981|00120|UADC0155|5|EA|11865|KRW|59325|20140113|1300|
C|005186|2014|50000508670039|001|4300000981|00130|UADC0153|2|EA|118650|KRW|237300|20140113|1300|
C|005186|2014|50000508670040|001|4300000981|00140|UAEC0249|5|EA|3450|KRW|17250|20140113|1300|
C|005186|2014|50000508670041|001|4300000981|00150|UAEC0250|5|EA|3930|KRW|19650|20140113|1300|
C|005186|2014|50000508670042|001|4300000981|00160|UDBC0848|2|EA|24000|KRW|48000|20140113|1300|
C|005186|2014|50000508670043|001|4300000981|00170|UAEC0065|5|EA|6300|KRW|31500|20140113|1300|
C|005186|2014|50000508670044|001|4300000981|00180|UAEC0062|15|EA|2880|KRW|43200|20140113|1300|
C|005186|2014|50000508670045|001|4300000981|00190|UDAC0012|200|EA|4220|KRW|844000|20140113|1300|
C|005186|2014|50000508670046|001|4300000981|00200|UKBC0010|1|EA|91480|KRW|91480|20140113|1300|
C|005186|2014|50000508670047|001|4300000982|00010|UEBC0577|10|EA|1580|KRW|15800|20140113|1300|
C|005186|2014|50000508670048|001|4300000982|00020|UHTC0238|2|EA|10100|KRW|20200|20140113|1300|
C|005186|2014|50000508670049|001|4300000982|00030|UHTC0532|2|EA|13470|KRW|26940|20140113|1300|
C|005186|2014|50000508670050|001|4300000982|00040|UAAC0022|2|EA|9970|KRW|19940|20140113|1300|
C|005186|2014|50000508670051|001|4300000982|00050|UGCC0612|2|EA|3680|KRW|7360|20140113|1300|
C|005186|2014|50000508670052|001|4300000982|00060|UAJC0043|6|EA|7040|KRW|42240|20140113|1300|
C|005186|2014|50000508670053|001|4300000982|00070|UEBC0942|2|EA|547000|KRW|1094000|20140113|1300|
C|005186|2014|50000508670054|001|4300000982|00080|UALC0007|100|EA|2210|KRW|221000|20140113|1300|
C|005186|2014|50000508670055|001|4300000983|00010|UCCC0012|1|EA|1000000|KRW|1000000|20140113|1300|
C|005186|2014|50000508670056|001|4300000983|00020|UHGC0258|1|EA|1000000|KRW|1000000|20140113|1300|
C|005186|2014|50000508670057|001|4300000989|00010|UHGC0134|2|EA|756000|KRW|1512000|20140113|1300|
C|005186|2014|50000508670058|001|4300000990|00010|UDBC0715|600|EA|48|KRW|28800|20140113|1300|
C|005186|2014|50000508670059|001|4300000990|00020|UDBC0741|600|EA|18|KRW|10800|20140113|1300|
C|005186|2014|50000508670060|001|4300000990|00030|UDBC0033|300|EA|119|KRW|35700|20140113|1300|
C|005186|2014|50000508670061|001|4300000990|00040|UDBC0043|300|EA|398|KRW|119400|20140113|1300|
C|005186|2014|50000508670062|001|4300000990|00050|UDBC0058|300|EA|82|KRW|24600|20140113|1300|
C|005186|2014|50000508670063|001|4300000990|00060|UDBC0368|300|EA|21|KRW|6300|20140113|1300|
C|005186|2014|50000508670064|001|4300000990|00070|UHDC0100|100|EA|2970|KRW|297000|20140113|1300|
C|005186|2014|50000508670065|001|4300000990|00080|UHDC0107|50|EA|2000|KRW|100000|20140113|1300|
