C|005186|2014|50000682890001|001|4300001276|00210|UALC0108|3|EA|91210|KRW|273630|20140414|1300|
C|005186|2014|50000682890002|001|4300001276|00220|UALC0110|2|EA|550400|KRW|1100800|20140414|1300|
C|005186|2014|50000682900001|001|4300001276|00320|UALC0091|10|EA|31400|KRW|314000|20140414|1300|
C|005186|2014|50000682940001|001|4300001276|00390|UGCC0316|1|EA|106050|KRW|106050|20140414|1300|
C|005186|2014|50000682940002|001|4300001276|00560|UGCC0107|2|EA|32600|KRW|65200|20140414|1300|
C|005186|2014|50000682940003|001|4300001276|00570|UDAC0133|5|EA|5900|KRW|29500|20140414|1300|
C|005186|2014|50000682940004|001|4300001276|00580|UDAC0134|5|EA|7160|KRW|35800|20140414|1300|
C|005186|2014|50000682940005|001|4300001276|00590|UDAC0135|5|EA|5780|KRW|28900|20140414|1300|
C|005186|2014|50000682990001|001|4300000837|00090|UEAC0137|3|EA|519900|KRW|1559700|20140414|1300|
C|005186|2014|50000682990002|001|4300001211|00010|UEAC0135|2|EA|519700|KRW|1039400|20140414|1300|
