C|005186|2020|50005515740001|001|4300016043|00010|KH990100|2|EA|27220|KRW|54440|20200228|1300|
C|005186|2020|50005515740002|001|4300016043|00020|KT020008|3|EA|8030|KRW|24090|20200228|1300|
C|005186|2020|50005515740003|001|4300016043|00030|KT020011|1|EA|10400|KRW|10400|20200228|1300|
C|005186|2020|50005515740004|001|4300016043|00040|KT020014|1|EA|14490|KRW|14490|20200228|1300|
C|005186|2020|50005515740005|001|4300016043|00050|KT020015|2|EA|15720|KRW|31440|20200228|1300|
C|005186|2020|50005515740006|001|4300016043|00060|KT020022|1|EA|28350|KRW|28350|20200228|1300|
C|005186|2020|50005515740007|001|4300016043|00070|KT020600|2|EA|14910|KRW|29820|20200228|1300|
C|005186|2020|50005515740008|001|4300016050|00010|UAEC0095|3|EA|22630|KRW|67890|20200228|1300|
C|005186|2020|50005515740009|001|4300016050|00050|UZZC0120|15|EA|33000|KRW|495000|20200228|1300|
C|005186|2020|50005515740010|001|4300016050|00080|UAAC0001|10|EA|18900|KRW|18900|20200228|1300|
C|005186|2020|50005515740011|001|4300016054|00010|UAEC0363|2|EA|376215|KRW|752430|20200228|1300|
C|005186|2020|50005515740012|001|4300016056|00010|UGCC0737|1|EA|1769000|KRW|1769000|20200228|1300|
C|005186|2020|50005515740013|001|4300016058|00060|UZZC0012|10|EA|36750|KRW|73500|20200228|1300|
C|005186|2020|50005515740014|001|4300016058|00070|UAIC0002|10|EA|3680|KRW|36800|20200228|1300|
C|005186|2020|50005515740015|001|4300016058|00080|UADC0075|2|EA|16000|KRW|32000|20200228|1300|
C|005186|2020|50005515740016|001|4300016058|00100|UDDC0093|10|EA|31500|KRW|31500|20200228|1300|
C|005186|2020|50005515740017|001|4300016058|00110|UAEC0478|1|EA|409000|KRW|409000|20200228|1300|
C|005186|2020|50005515740018|001|4300016058|00150|UAEC0027|2|EA|22580|KRW|45160|20200228|1300|
C|005186|2020|50005515740019|001|4300016058|00180|UKEC0116|20|EA|14300|KRW|28600|20200228|1300|
