C|005186|2019|50005241320001|001|4300014728|00020|CMF0004|4|EA|17000|KRW|68000|20191015|1300|
C|005186|2019|50005241320002|001|4300014728|00110|CME0008|40|EA|1950|KRW|78000|20191015|1300|
C|005186|2019|50005241330001|001|4300014728|00010|CMD0011|2|EA|24100|KRW|48200|20191015|1300|
C|005186|2019|50005241330002|001|4300014728|00030|CMD0017|6|EA|23760|KRW|142560|20191015|1300|
C|005186|2019|50005241330003|001|4300014728|00040|CMF0005|6|EA|18700|KRW|112200|20191015|1300|
C|005186|2019|50005241330004|001|4300014728|00090|CMB0002|60|EA|2100|KRW|126000|20191015|1300|
C|005186|2019|50005241330005|001|4300014728|00100|CMB0001|100|EA|520|KRW|52000|20191015|1300|
C|005186|2019|50005241330006|001|4300014728|00120|CME0002|100|EA|1100|KRW|110000|20191015|1300|
C|005186|2019|50005241330007|001|4300014728|00150|CMA0007|300|EA|151|KRW|45300|20191015|1300|
C|005186|2019|50005241330008|001|4300014728|00160|CMC0005|400|EA|150|KRW|60000|20191015|1300|
C|005186|2019|50005241330009|001|4300014728|00180|CMA0001|600|EA|151|KRW|90600|20191015|1300|
C|005186|2019|50005241340001|001|4300014737|00020|CMF0004|4|EA|17000|KRW|68000|20191015|1300|
C|005186|2019|50005241340002|001|4300014737|00030|CME0008|20|EA|1950|KRW|39000|20191015|1300|
C|005186|2019|50005241340003|001|4300014737|00050|CMA0017|20|EA|770|KRW|15400|20191015|1300|
C|005186|2019|50005241350001|001|4300014737|00010|CMF0005|2|EA|18700|KRW|37400|20191015|1300|
C|005186|2019|50005241350002|001|4300014737|00040|CMA0008|20|EA|470|KRW|9400|20191015|1300|
C|005186|2019|50005241350003|001|4300014737|00100|CMA0007|150|EA|151|KRW|22650|20191015|1300|
C|005186|2019|50005241350004|001|4300014737|00120|CMA0001|400|EA|151|KRW|60400|20191015|1300|
C|005186|2019|50005241360001|001|4300014708|00010|CMD0001|2|EA|8000|KRW|16000|20191015|1300|
C|005186|2019|50005241360002|001|4300014708|00030|CMF0005|4|EA|18700|KRW|74800|20191015|1300|
C|005186|2019|50005241360003|001|4300014708|00060|CMB0002|190|EA|2100|KRW|399000|20191015|1300|
C|005186|2019|50005241360004|001|4300014708|00070|CMA0001|350|EA|151|KRW|52850|20191015|1300|
C|005186|2019|50005241360005|001|4300014708|00080|CMA0007|350|EA|151|KRW|52850|20191015|1300|
C|005186|2019|50005241370001|001|4300014739|00010|CMB0001|120|EA|520|KRW|62400|20191015|1300|
C|005186|2019|50005241370002|001|4300014739|00020|CMD0016|21|EA|29000|KRW|609000|20191015|1300|
C|005186|2019|50005241370003|001|4300014739|00030|CMA0007|60|EA|151|KRW|9060|20191015|1300|
C|005186|2019|50005241370004|001|4300014739|00040|CMA0001|30|EA|151|KRW|4530|20191015|1300|
C|005186|2019|50005241380001|001|4300014731|00020|CMD0001|3|EA|8000|KRW|24000|20191015|1300|
C|005186|2019|50005241380002|001|4300014731|00050|CMF0002|5|EA|860|KRW|4300|20191015|1300|
C|005186|2019|50005241380003|001|4300014731|00060|CMF0005|8|EA|18700|KRW|149600|20191015|1300|
C|005186|2019|50005241380004|001|4300014731|00070|CMD0016|10|EA|29000|KRW|290000|20191015|1300|
C|005186|2019|50005241380005|001|4300014731|00090|CMD0011|24|EA|24100|KRW|578400|20191015|1300|
C|005186|2019|50005241380006|001|4300014731|00110|CMC0003|30|EA|310|KRW|9300|20191015|1300|
C|005186|2019|50005241380007|001|4300014731|00130|CMC0005|50|EA|150|KRW|7500|20191015|1300|
C|005186|2019|50005241380008|001|4300014731|00150|CMB0003|100|EA|2200|KRW|220000|20191015|1300|
C|005186|2019|50005241380009|001|4300014731|00160|CMB0001|100|EA|520|KRW|52000|20191015|1300|
C|005186|2019|50005241380010|001|4300014731|00180|CMB0002|200|EA|2100|KRW|420000|20191015|1300|
C|005186|2019|50005241380011|001|4300014731|00190|CME0002|200|EA|1100|KRW|220000|20191015|1300|
C|005186|2019|50005241380012|001|4300014731|00210|CMA0007|200|EA|151|KRW|30200|20191015|1300|
C|005186|2019|50005241380013|001|4300014731|00220|CMA0001|800|EA|151|KRW|120800|20191015|1300|
C|005186|2019|50005241390001|001|4300014729|00010|CMD0017|2|EA|23760|KRW|47520|20191015|1300|
C|005186|2019|50005241390002|001|4300014729|00020|CMF0007|15|EA|1620|KRW|24300|20191015|1300|
C|005186|2019|50005241390003|001|4300014729|00030|CMF0008|15|EA|1620|KRW|24300|20191015|1300|
C|005186|2019|50005241390004|001|4300014729|00050|CMA0001|100|EA|151|KRW|15100|20191015|1300|
C|005186|2019|50005241390005|001|4300014729|00060|CMA0007|100|EA|151|KRW|15100|20191015|1300|
C|005186|2019|50005241390006|001|4300014729|00070|CMA0008|100|EA|470|KRW|47000|20191015|1300|
C|005186|2019|50005241390007|001|4300014729|00080|CMC0005|100|EA|150|KRW|15000|20191015|1300|
C|005186|2019|50005241390008|001|4300014729|00100|CMB0002|120|EA|2100|KRW|252000|20191015|1300|
C|005186|2019|50005241390009|001|4300014729|00120|CMB0001|160|EA|520|KRW|83200|20191015|1300|
C|005186|2019|50005241400001|001|4300014738|00020|CMF0005|2|EA|18700|KRW|37400|20191015|1300|
C|005186|2019|50005241400002|001|4300014738|00050|CMC0007|5|EA|13000|KRW|65000|20191015|1300|
C|005186|2019|50005241400003|001|4300014738|00060|CMH0006|5|EA|460|KRW|2300|20191015|1300|
C|005186|2019|50005241400004|001|4300014738|00090|CMA0008|100|EA|470|KRW|47000|20191015|1300|
C|005186|2019|50005241400005|001|4300014738|00100|CMC0005|100|EA|150|KRW|15000|20191015|1300|
C|005186|2019|50005241400006|001|4300014738|00110|CMB0001|200|EA|520|KRW|104000|20191015|1300|
C|005186|2019|50005241400007|001|4300014738|00140|CMA0001|800|EA|151|KRW|120800|20191015|1300|
C|005186|2019|50005241400008|001|4300014738|00150|CMA0007|500|EA|151|KRW|75500|20191015|1300|
C|005186|2019|50005241400009|001|4300014738|00180|CMD0011|4|EA|24100|KRW|96400|20191015|1300|
C|005186|2019|50005241400010|001|4300014738|00190|CMD0017|6|EA|23760|KRW|142560|20191015|1300|
C|005186|2019|50005241400011|001|4300014738|00200|CMD0016|6|EA|29000|KRW|174000|20191015|1300|
C|005186|2019|50005241410001|001|4300014736|00030|CMF0005|2|EA|18700|KRW|37400|20191015|1300|
C|005186|2019|50005241410002|001|4300014736|00040|CMD0001|5|EA|8000|KRW|40000|20191015|1300|
C|005186|2019|50005241410003|001|4300014736|00050|CMB0003|20|EA|2200|KRW|44000|20191015|1300|
C|005186|2019|50005241410004|001|4300014736|00080|CMB0001|60|EA|520|KRW|31200|20191015|1300|
C|005186|2019|50005241410005|001|4300014736|00090|CMA0007|100|EA|151|KRW|15100|20191015|1300|
C|005186|2019|50005241410006|001|4300014736|00100|CMA0001|150|EA|151|KRW|22650|20191015|1300|
C|005186|2019|50005241420001|001|4300014692|00020|CMA0001|50|EA|151|KRW|7550|20191015|1300|
C|005186|2019|50005241420002|001|4300014692|00030|CMA0007|300|EA|151|KRW|45300|20191015|1300|
C|005186|2019|50005241420003|001|4300014692|00040|CMD0016|4|EA|29000|KRW|116000|20191015|1300|
C|005186|2019|50005241420004|001|4300014692|00050|CMA0002|3|EA|1440|KRW|4320|20191015|1300|
C|005186|2019|50005241420005|001|4300014692|00060|CMA0028|10|EA|7350|KRW|73500|20191015|1300|
C|005186|2019|50005241420006|001|4300014692|00080|CMZ0032|20|EA|1300|KRW|26000|20191015|1300|
C|005186|2019|50005241420007|001|4300014692|00090|CMF0005|6|EA|18700|KRW|112200|20191015|1300|
C|005186|2019|50005241430001|001|4300014694|00010|CMA0001|170|EA|151|KRW|25670|20191015|1300|
C|005186|2019|50005241430002|001|4300014694|00020|CMA0007|200|EA|151|KRW|30200|20191015|1300|
C|005186|2019|50005241430003|001|4300014694|00040|CMA0008|200|EA|470|KRW|94000|20191015|1300|
C|005186|2019|50005241430004|001|4300014694|00060|CMF0005|5|EA|18700|KRW|93500|20191015|1300|
C|005186|2019|50005241430005|001|4300014694|00070|CMA0028|10|EA|7350|KRW|73500|20191015|1300|
C|005186|2019|50005241430006|001|4300014694|00080|CMD0016|1|EA|29000|KRW|29000|20191015|1300|
C|005186|2019|50005241440001|001|4300014734|00010|CMA0001|130|EA|151|KRW|19630|20191015|1300|
C|005186|2019|50005241440002|001|4300014734|00020|CMA0007|70|EA|151|KRW|10570|20191015|1300|
C|005186|2019|50005241440003|001|4300014734|00030|CMA0008|70|EA|470|KRW|32900|20191015|1300|
C|005186|2019|50005241440004|001|4300014734|00040|CMB0001|40|EA|520|KRW|20800|20191015|1300|
C|005186|2019|50005241450001|001|4300014709|00020|CMF0005|2|EA|18700|KRW|37400|20191015|1300|
C|005186|2019|50005241450002|001|4300014709|00040|CMZ0009|30|EA|920|KRW|27600|20191015|1300|
C|005186|2019|50005241450003|001|4300014709|00050|CMB0002|40|EA|2100|KRW|84000|20191015|1300|
C|005186|2019|50005241450004|001|4300014709|00060|CMB0003|40|EA|2200|KRW|88000|20191015|1300|
C|005186|2019|50005241450005|001|4300014709|00070|CMC0005|50|EA|150|KRW|7500|20191015|1300|
C|005186|2019|50005241450006|001|4300014709|00080|CMB0001|60|EA|520|KRW|31200|20191015|1300|
C|005186|2019|50005241450007|001|4300014709|00110|CMA0007|150|EA|151|KRW|22650|20191015|1300|
C|005186|2019|50005241450008|001|4300014709|00120|CMA0008|200|EA|470|KRW|94000|20191015|1300|
C|005186|2019|50005241450009|001|4300014709|00130|CMA0001|250|EA|151|KRW|37750|20191015|1300|
C|005186|2019|50005241460001|001|4300014732|00010|CMA0007|150|EA|151|KRW|22650|20191015|1300|
C|005186|2019|50005241460002|001|4300014732|00030|CMD0016|1|EA|29000|KRW|29000|20191015|1300|
C|005186|2019|50005241470001|001|4300014733|00050|CMA0017|15|EA|770|KRW|11550|20191015|1300|
C|005186|2019|50005241480001|001|4300014733|00030|CMA0001|500|EA|151|KRW|75500|20191015|1300|
C|005186|2019|50005241480002|001|4300014733|00040|CMA0007|50|EA|151|KRW|7550|20191015|1300|
C|005186|2019|50005241480003|001|4300014733|00070|CME0013|2|EA|11880|KRW|23760|20191015|1300|
C|005186|2019|50005241480004|001|4300014733|00080|CMF0005|3|EA|18700|KRW|56100|20191015|1300|
C|005186|2019|50005241480005|001|4300014733|00090|CMB0011|120|EA|2220|KRW|266400|20191015|1300|
C|005186|2019|50005241490001|001|4300014706|00010|CMD0016|1|EA|29000|KRW|29000|20191015|1300|
C|005186|2019|50005241490002|001|4300014706|00020|CMF0005|7|EA|18700|KRW|130900|20191015|1300|
C|005186|2019|50005241490003|001|4300014706|00040|CMD0011|8|EA|24100|KRW|192800|20191015|1300|
C|005186|2019|50005241490004|001|4300014706|00070|CMB0003|80|EA|2200|KRW|176000|20191015|1300|
C|005186|2019|50005241490005|001|4300014706|00080|CMA0007|100|EA|151|KRW|15100|20191015|1300|
C|005186|2019|50005241490006|001|4300014706|00090|CMB0001|140|EA|520|KRW|72800|20191015|1300|
C|005186|2019|50005241490007|001|4300014706|00100|CMC0005|200|EA|150|KRW|30000|20191015|1300|
C|005186|2019|50005241490008|001|4300014706|00110|CMA0001|350|EA|151|KRW|52850|20191015|1300|
C|005186|2019|50005241500001|001|4300014706|00030|CME0002|20|EA|1100|KRW|22000|20191015|1300|
C|005186|2019|50005241510001|001|4300014730|00020|CMB0001|45|EA|520|KRW|23400|20191015|1300|
C|005186|2019|50005241510002|001|4300014730|00030|CMA0007|100|EA|151|KRW|15100|20191015|1300|
C|005186|2019|50005241510003|001|4300014730|00040|CMD0016|3|EA|29000|KRW|87000|20191015|1300|
C|005186|2019|50005241520001|001|4300014735|00010|CMA0001|60|EA|151|KRW|9060|20191015|1300|
C|005186|2019|50005241520002|001|4300014735|00020|CMA0007|200|EA|151|KRW|30200|20191015|1300|
C|005186|2019|50005241520003|001|4300014735|00030|CMB0001|20|EA|520|KRW|10400|20191015|1300|
C|005186|2019|50005241520004|001|4300014735|00060|CMC0003|10|EA|310|KRW|3100|20191015|1300|
C|005186|2019|50005241520005|001|4300014735|00070|CMC0005|10|EA|150|KRW|1500|20191015|1300|
C|005186|2019|50005241520006|001|4300014735|00100|CMZ0032|2|EA|1300|KRW|2600|20191015|1300|
C|005186|2019|50005241530001|001|4300014705|00010|CMB0001|60|EA|520|KRW|31200|20191015|1300|
C|005186|2019|50005241530002|001|4300014705|00020|CMA0007|80|EA|151|KRW|12080|20191015|1300|
C|005186|2019|50005241530003|001|4300014705|00030|CMA0001|40|EA|151|KRW|6040|20191015|1300|
C|005186|2019|50005241530004|001|4300014705|00040|CMF0005|2|EA|18700|KRW|37400|20191015|1300|
C|005186|2019|50005241530005|001|4300014705|00060|CMF0002|2|EA|860|KRW|1720|20191015|1300|
C|005186|2019|50005241540001|001|4300014740|00010|CMB0001|30|EA|520|KRW|15600|20191015|1300|
C|005186|2019|50005241540002|001|4300014740|00020|CMA0001|10|EA|151|KRW|1510|20191015|1300|
