C|005186|2015|50001282060001|001|4300002055|00100|UDDC0112|10|EA|12390|KRW|123900|20150131|1300|
C|005186|2015|50001282060002|001|4300002067|00020|UDBC0331|50|EA|2370|KRW|118500|20150131|1300|
C|005186|2015|50001282060003|001|4300002067|00040|UIDC0085|5|EA|111160|KRW|555800|20150131|1300|
C|005186|2015|50001282060004|001|4300002068|00020|UZZC0100|3|EA|45280|KRW|135840|20150131|1300|
C|005186|2015|50001282060005|001|4300002068|00050|UGCC0672|10|EA|31290|KRW|312900|20150131|1300|
C|005186|2015|50001282060006|001|4300002068|00060|UIDC0111|2|EA|72450|KRW|144900|20150131|1300|
C|005186|2015|50001282060007|001|4300002068|00110|UKBC0014|1|EA|52500|KRW|52500|20150131|1300|
C|005186|2015|50001282060008|001|4300002068|00120|UGCC0623|1|EA|35300|KRW|35300|20150131|1300|
C|005186|2015|50001282060009|001|4300002068|00130|UGCC0042|1|EA|90000|KRW|90000|20150131|1300|
C|005186|2015|50001282070001|001|4300002051|00020|UHTC0592|6|EA|51500|KRW|309000|20150131|1300|
C|005186|2015|50001282070002|001|4300002051|00140|UHTC0645|10|EA|30500|KRW|305000|20150131|1300|
C|005186|2015|50001282080001|001|4300002025|00600|UKBC0010|2|EA|91480|KRW|182960|20150131|1300|
C|005186|2015|50001282080002|001|4300002047|00030|UDDC0255|1|EA|94290|KRW|94290|20150131|1300|
C|005186|2015|50001282080003|001|4300002047|00040|UJAC0104|2|EA|12290|KRW|24580|20150131|1300|
C|005186|2015|50001282080004|001|4300002047|00050|UJAC0105|2|EA|14805|KRW|29610|20150131|1300|
C|005186|2015|50001282080005|001|4300002047|00150|UHTC0486|1|EA|46410|KRW|46410|20150131|1300|
C|005186|2015|50001282080006|001|4300002051|00010|UEBC0499|3|EA|5150|KRW|15450|20150131|1300|
C|005186|2015|50001282080007|001|4300002051|00030|UKBC0010|1|EA|91480|KRW|91480|20150131|1300|
C|005186|2015|50001282080008|001|4300002051|00050|UZZC0116|30|EA|3030|KRW|90900|20150131|1300|
C|005186|2015|50001282080009|001|4300002051|00090|UAEC0071|2|EA|37110|KRW|74220|20150131|1300|
C|005186|2015|50001282080010|001|4300002051|00100|UAEC0197|2|EA|7270|KRW|14540|20150131|1300|
C|005186|2015|50001282080011|001|4300002051|00110|UAEC0198|2|EA|7270|KRW|14540|20150131|1300|
C|005186|2015|50001282080012|001|4300002051|00130|UGCC0465|20|EA|1580|KRW|31600|20150131|1300|
