C|005186|2018|50004107610001|001|4300010013|00080|UEBC0956|2|EA|65520|KRW|131040|20180330|1300|
C|005186|2018|50004107610002|001|4300010013|00090|UEBC0387|4|EA|12980|KRW|51920|20180330|1300|
C|005186|2018|50004107610003|001|4300010022|00020|UEBC0418|6|EA|40580|KRW|121740|20180330|1300|
C|005186|2018|50004107610004|001|4300010025|00010|UDEC0104|2|EA|194740|KRW|389480|20180330|1300|
C|005186|2018|50004107610005|001|4300010026|00010|UEBC1392|50|EA|132500|KRW|1325000|20180330|1300|
C|005186|2018|50004107610006|001|4300010028|00080|UGBC0272|1|EA|863000|KRW|863000|20180330|1300|
C|005186|2018|50004107610007|001|4300010029|00080|UDBC0941|20|EA|15800|KRW|31600|20180330|1300|
C|005186|2018|50004107620001|001|4300009925|00010|UEAC0167|1|EA|1038000|KRW|1038000|20180330|1300|
C|005186|2018|50004107620002|001|4300009926|00010|UEBC1415|1|EA|1900000|KRW|1900000|20180330|1300|
C|005186|2018|50004107620003|001|4300010013|00010|UDBC0670|20|EA|42400|KRW|42400|20180330|1300|
C|005186|2018|50004107620004|001|4300010013|00020|UDBC0691|10|EA|4200|KRW|8400|20180330|1300|
C|005186|2018|50004107620005|001|4300010013|00030|UDBC0683|10|EA|7350|KRW|14700|20180330|1300|
C|005186|2018|50004107620006|001|4300010013|00040|UDBC0685|10|EA|9800|KRW|19600|20180330|1300|
C|005186|2018|50004107620007|001|4300010027|00010|UDBC0692|10|EA|3600|KRW|7200|20180330|1300|
C|005186|2018|50004107620008|001|4300010027|00020|UDBC0682|10|EA|4950|KRW|9900|20180330|1300|
C|005186|2018|50004107620009|001|4300010027|00030|UDBC0687|10|EA|17400|KRW|34800|20180330|1300|
C|005186|2018|50004107630001|001|4300010022|00010|UHGC0188|5|EA|173250|KRW|173250|20180330|1300|
C|005186|2018|50004107630002|001|4300010022|00030|UHFC0336|2|EA|82950|KRW|165900|20180330|1300|
C|005186|2018|50004107630003|001|4300010022|00040|UHFC0164|100|EA|21000|KRW|21000|20180330|1300|
C|005186|2018|50004107630004|001|4300010022|00050|UHHC0071|1|EA|573300|KRW|573300|20180330|1300|
C|005186|2018|50004107630005|001|4300010022|00060|UHGC0028|5|EA|24680|KRW|123400|20180330|1300|
C|005186|2018|50004107630006|001|4300010022|00070|UHGC0029|3|EA|29400|KRW|88200|20180330|1300|
C|005186|2018|50004107630007|001|4300010022|00080|UHGC0197|10|EA|180000|KRW|360000|20180330|1300|
C|005186|2018|50004107630008|001|4300010022|00090|UIEC0036|1|EA|157900|KRW|157900|20180330|1300|
C|005186|2018|50004107630009|001|4300010023|00010|UGAC0089|5|EA|33680|KRW|168400|20180330|1300|
C|005186|2018|50004107630010|001|4300010023|00020|UHFC0231|3|EA|2405|KRW|7215|20180330|1300|
C|005186|2018|50004107630011|001|4300010023|00030|UHFC0232|5|EA|9790|KRW|48950|20180330|1300|
C|005186|2018|50004107630012|001|4300010023|00040|UHGC0123|6|EA|201600|KRW|604800|20180330|1300|
