C|005186|2013|50000197000001|001|4300000308|00010|CMA0001|300|EA|240|KRW|72000|20130726|1300|
C|005186|2013|50000197000002|001|4300000308|00020|CMA0007|300|EA|270|KRW|81000|20130726|1300|
C|005186|2013|50000197000003|001|4300000308|00030|CMB0001|30|EA|655|KRW|19650|20130726|1300|
C|005186|2013|50000197000004|001|4300000308|00040|CMB0002|100|EA|2420|KRW|242000|20130726|1300|
C|005186|2013|50000197000005|001|4300000308|00050|CMC0003|30|EA|340|KRW|10200|20130726|1300|
C|005186|2013|50000197000006|001|4300000308|00060|CMC0004|30|EA|980|KRW|29400|20130726|1300|
C|005186|2013|50000197000007|001|4300000308|00070|CME0001|18|EA|4910|KRW|88380|20130726|1300|
C|005186|2013|50000197000008|001|4300000308|00080|CME0002|70|EA|2300|KRW|161000|20130726|1300|
C|005186|2013|50000197000009|001|4300000308|00090|CME0010|100|EA|285|KRW|28500|20130726|1300|
C|005186|2013|50000197000010|001|4300000308|00110|CMH0007|3|EA|11700|KRW|35100|20130726|1300|
C|005186|2013|50000197000011|001|4300000309|00010|CMA0001|400|EA|240|KRW|96000|20130726|1300|
C|005186|2013|50000197000012|001|4300000309|00020|CMA0007|200|EA|270|KRW|54000|20130726|1300|
C|005186|2013|50000197000013|001|4300000309|00030|CMA0008|100|EA|690|KRW|69000|20130726|1300|
C|005186|2013|50000197000014|001|4300000309|00040|CMA0016|100|EA|2840|KRW|284000|20130726|1300|
C|005186|2013|50000197000015|001|4300000309|00050|CMA0017|10|EA|780|KRW|7800|20130726|1300|
C|005186|2013|50000197000016|001|4300000309|00060|CMB0001|200|EA|655|KRW|131000|20130726|1300|
C|005186|2013|50000197000017|001|4300000309|00070|CMB0010|200|EA|1100|KRW|220000|20130726|1300|
C|005186|2013|50000197000018|001|4300000309|00080|CMC0005|200|EA|190|KRW|38000|20130726|1300|
C|005186|2013|50000197000019|001|4300000309|00090|CME0002|30|EA|2300|KRW|69000|20130726|1300|
C|005186|2013|50000197000020|001|4300000309|00100|CME0010|180|EA|285|KRW|51300|20130726|1300|
C|005186|2013|50000197000021|001|4300000309|00110|CMF0001|10|EA|1680|KRW|16800|20130726|1300|
C|005186|2013|50000197000022|001|4300000309|00120|CMF0002|10|EA|1100|KRW|11000|20130726|1300|
C|005186|2013|50000197000023|001|4300000309|00140|CMF0020|10|EA|700|KRW|7000|20130726|1300|
C|005186|2013|50000197000024|001|4300000309|00150|CMH0007|4|EA|11700|KRW|46800|20130726|1300|
C|005186|2013|50000197000025|001|4300000309|00160|CMZ0001|40|EA|765|KRW|30600|20130726|1300|
C|005186|2013|50000197000026|001|4300000309|00170|CMZ0002|40|EA|430|KRW|17200|20130726|1300|
C|005186|2013|50000197000027|001|4300000309|00180|CMZ0004|50|EA|380|KRW|19000|20130726|1300|
C|005186|2013|50000197000028|001|4300000309|00190|CMZ0006|30|EA|1155|KRW|34650|20130726|1300|
C|005186|2013|50000197000029|001|4300000310|00010|CMA0001|130|EA|240|KRW|31200|20130726|1300|
C|005186|2013|50000197000030|001|4300000310|00020|CMA0002|10|EA|1530|KRW|15300|20130726|1300|
C|005186|2013|50000197000031|001|4300000310|00030|CMA0007|130|EA|270|KRW|35100|20130726|1300|
C|005186|2013|50000197000032|001|4300000310|00040|CMA0008|30|EA|690|KRW|20700|20130726|1300|
C|005186|2013|50000197000033|001|4300000310|00050|CMA0016|10|EA|2840|KRW|28400|20130726|1300|
C|005186|2013|50000197000034|001|4300000310|00060|CMA0017|10|EA|780|KRW|7800|20130726|1300|
C|005186|2013|50000197000035|001|4300000310|00070|CMB0003|100|EA|2420|KRW|242000|20130726|1300|
C|005186|2013|50000197000036|001|4300000310|00080|CME0001|12|EA|4910|KRW|58920|20130726|1300|
C|005186|2013|50000197000037|001|4300000310|00090|CMF0006|20|EA|11970|KRW|239400|20130726|1300|
C|005186|2013|50000197000038|001|4300000310|00100|CMZ0002|20|EA|430|KRW|8600|20130726|1300|
C|005186|2013|50000197000039|001|4300000310|00110|CMZ0014|1|EA|23300|KRW|23300|20130726|1300|
C|005186|2013|50000197000040|001|4300000311|00010|CMA0001|500|EA|240|KRW|120000|20130726|1300|
C|005186|2013|50000197000041|001|4300000311|00020|CMA0005|20|EA|2470|KRW|49400|20130726|1300|
C|005186|2013|50000197000042|001|4300000311|00030|CMA0006|2|EA|2270|KRW|4540|20130726|1300|
C|005186|2013|50000197000043|001|4300000311|00040|CMA0007|200|EA|270|KRW|54000|20130726|1300|
C|005186|2013|50000197000044|001|4300000311|00050|CMA0008|250|EA|690|KRW|172500|20130726|1300|
C|005186|2013|50000197000045|001|4300000311|00060|CMA0009|20|EA|2120|KRW|42400|20130726|1300|
C|005186|2013|50000197000046|001|4300000311|00070|CMA0017|20|EA|780|KRW|15600|20130726|1300|
C|005186|2013|50000197000047|001|4300000311|00080|CMB0001|100|EA|655|KRW|65500|20130726|1300|
C|005186|2013|50000197000048|001|4300000311|00090|CMB0003|100|EA|2420|KRW|242000|20130726|1300|
C|005186|2013|50000197000049|001|4300000311|00100|CMB0010|100|EA|1100|KRW|110000|20130726|1300|
C|005186|2013|50000197000050|001|4300000311|00110|CMC0005|100|EA|190|KRW|19000|20130726|1300|
C|005186|2013|50000197000051|001|4300000311|00130|CME0002|20|EA|2300|KRW|46000|20130726|1300|
C|005186|2013|50000197000052|001|4300000311|00140|CME0010|50|EA|285|KRW|14250|20130726|1300|
C|005186|2013|50000197000053|001|4300000311|00150|CMF0001|5|EA|1680|KRW|8400|20130726|1300|
C|005186|2013|50000197000054|001|4300000311|00160|CMF0002|5|EA|1100|KRW|5500|20130726|1300|
C|005186|2013|50000197000055|001|4300000311|00170|CMF0003|5|EA|1820|KRW|9100|20130726|1300|
C|005186|2013|50000197000056|001|4300000311|00180|CMF0004|1|EA|22050|KRW|22050|20130726|1300|
C|005186|2013|50000197000057|001|4300000311|00200|CMF0006|5|EA|11970|KRW|59850|20130726|1300|
C|005186|2013|50000197000058|001|4300000311|00210|CMF0007|2|EA|1780|KRW|3560|20130726|1300|
C|005186|2013|50000197000059|001|4300000311|00220|CMF0008|2|EA|1785|KRW|3570|20130726|1300|
C|005186|2013|50000197000060|001|4300000311|00230|CMF0013|10|EA|760|KRW|7600|20130726|1300|
C|005186|2013|50000197000061|001|4300000311|00240|CMF0014|5|EA|630|KRW|3150|20130726|1300|
C|005186|2013|50000197000062|001|4300000311|00250|CMZ0002|20|EA|430|KRW|8600|20130726|1300|
C|005186|2013|50000197000063|001|4300000311|00260|CMZ0004|30|EA|380|KRW|11400|20130726|1300|
C|005186|2013|50000197000064|001|4300000311|00270|CMZ0014|1|EA|23300|KRW|23300|20130726|1300|
C|005186|2013|50000197000065|001|4300000311|00280|CMZ0015|1|EA|15500|KRW|15500|20130726|1300|
C|005186|2013|50000197000066|001|4300000311|00290|CMZ0030|30|EA|380|KRW|11400|20130726|1300|
C|005186|2013|50000197000067|001|4300000312|00010|CMA0001|200|EA|240|KRW|48000|20130726|1300|
C|005186|2013|50000197000068|001|4300000312|00020|CMA0007|250|EA|270|KRW|67500|20130726|1300|
C|005186|2013|50000197000069|001|4300000312|00030|CMA0008|20|EA|690|KRW|13800|20130726|1300|
C|005186|2013|50000197000070|001|4300000312|00040|CMA0016|20|EA|2840|KRW|56800|20130726|1300|
C|005186|2013|50000197000071|001|4300000312|00050|CMB0001|100|EA|655|KRW|65500|20130726|1300|
C|005186|2013|50000197000072|001|4300000312|00060|CMB0010|20|EA|1100|KRW|22000|20130726|1300|
C|005186|2013|50000197000073|001|4300000312|00070|CMC0005|10|EA|190|KRW|1900|20130726|1300|
C|005186|2013|50000197000074|001|4300000312|00080|CME0001|12|EA|4910|KRW|58920|20130726|1300|
C|005186|2013|50000197000075|001|4300000312|00090|CME0002|10|EA|2300|KRW|23000|20130726|1300|
C|005186|2013|50000197000076|001|4300000312|00110|CMF0006|1|EA|11970|KRW|11970|20130726|1300|
C|005186|2013|50000197000077|001|4300000312|00120|CMF0009|2|EA|5700|KRW|11400|20130726|1300|
C|005186|2013|50000197000078|001|4300000312|00130|CMF0021|2|EA|5400|KRW|10800|20130726|1300|
C|005186|2013|50000197000079|001|4300000312|00140|CMH0007|3|EA|11700|KRW|35100|20130726|1300|
C|005186|2013|50000197000080|001|4300000312|00150|CMZ0002|20|EA|430|KRW|8600|20130726|1300|
C|005186|2013|50000197000081|001|4300000312|00160|CMZ0004|10|EA|380|KRW|3800|20130726|1300|
C|005186|2013|50000197000082|001|4300000312|00170|CMZ0005|10|EA|750|KRW|7500|20130726|1300|
