C|005186|2018|50004360280001|001|4300010949|00100|CMB0010|60|EA|1280|KRW|76800|20180815|1300|
C|005186|2018|50004360280002|001|4300010949|00130|CME0010|200|EA|240|KRW|48000|20180815|1300|
C|005186|2018|50004360280003|001|4300010951|00070|CMA0016|40|EA|2140|KRW|85600|20180815|1300|
C|005186|2018|50004360280004|001|4300010951|00090|CMB0010|60|EA|1280|KRW|76800|20180815|1300|
C|005186|2018|50004360280005|001|4300010951|00120|CME0010|100|EA|240|KRW|24000|20180815|1300|
C|005186|2018|50004360280006|001|4300010952|00040|CMA0005|30|EA|2000|KRW|60000|20180815|1300|
C|005186|2018|50004360280007|001|4300010954|00020|CMA0016|20|EA|2140|KRW|42800|20180815|1300|
C|005186|2018|50004360280008|001|4300010955|00020|CMB0010|90|EA|1280|KRW|115200|20180815|1300|
C|005186|2018|50004360280009|001|4300010956|00050|CME0010|100|EA|240|KRW|24000|20180815|1300|
C|005186|2018|50004360280010|001|4300010957|00040|CMB0010|70|EA|1280|KRW|89600|20180815|1300|
C|005186|2018|50004360280011|001|4300010960|00100|CMA0016|300|EA|2140|KRW|642000|20180815|1300|
C|005186|2018|50004360280012|001|4300010960|00120|CME0010|400|EA|240|KRW|96000|20180815|1300|
C|005186|2018|50004360280013|001|4300010960|00130|CMB0010|480|EA|1280|KRW|614400|20180815|1300|
C|005186|2018|50004360280014|001|4300010961|00010|CMB0010|200|EA|1280|KRW|256000|20180815|1300|
C|005186|2018|50004360280015|001|4300011139|00070|CMA0006|30|EA|2970|KRW|89100|20180815|1300|
C|005186|2018|50004360280016|001|4300011139|00080|CME0010|70|EA|240|KRW|16800|20180815|1300|
C|005186|2018|50004360280017|001|4300011139|00090|CMB0010|240|EA|1280|KRW|307200|20180815|1300|
C|005186|2018|50004360280018|001|4300011140|00080|CMA0016|40|EA|2140|KRW|85600|20180815|1300|
C|005186|2018|50004360280019|001|4300011141|00070|CMA0015|100|EA|2520|KRW|252000|20180815|1300|
C|005186|2018|50004360280020|001|4300011141|00080|CME0010|100|EA|240|KRW|24000|20180815|1300|
C|005186|2018|50004360280021|001|4300011141|00110|CMB0010|120|EA|1280|KRW|153600|20180815|1300|
C|005186|2018|50004360280022|001|4300011142|00040|CMA0016|40|EA|2140|KRW|85600|20180815|1300|
C|005186|2018|50004360280023|001|4300011142|00080|CMB0010|20|EA|1280|KRW|25600|20180815|1300|
C|005186|2018|50004360280024|001|4300011143|00020|CME0010|20|EA|240|KRW|4800|20180815|1300|
C|005186|2018|50004360280025|001|4300011144|00070|CMA0016|100|EA|2140|KRW|214000|20180815|1300|
C|005186|2018|50004360280026|001|4300011144|00100|CMB0010|200|EA|1280|KRW|256000|20180815|1300|
C|005186|2018|50004360280027|001|4300011144|00120|CME0010|200|EA|240|KRW|48000|20180815|1300|
C|005186|2018|50004360290001|001|4300010949|00020|CMH0007|2|EA|11600|KRW|23200|20180816|1300|
C|005186|2018|50004360290002|001|4300010951|00010|CMF0001|2|EA|1950|KRW|3900|20180816|1300|
C|005186|2018|50004360290003|001|4300010951|00030|CMF0020|5|EA|650|KRW|3250|20180816|1300|
C|005186|2018|50004360290004|001|4300010951|00060|CME0001|30|EA|3300|KRW|99000|20180816|1300|
C|005186|2018|50004360290005|001|4300010952|00010|CMZ0014|1|EA|19000|KRW|19000|20180816|1300|
C|005186|2018|50004360290006|001|4300010959|00010|CMF0009|3|EA|4950|KRW|14850|20180816|1300|
C|005186|2018|50004360290007|001|4300010960|00060|CMF0021|20|EA|3100|KRW|62000|20180816|1300|
C|005186|2018|50004360290008|001|4300011139|00060|CME0001|20|EA|3300|KRW|66000|20180816|1300|
C|005186|2018|50004360290009|001|4300011140|00010|CMF0006|1|EA|9500|KRW|9500|20180816|1300|
C|005186|2018|50004360290010|001|4300011140|00020|CMH0007|2|EA|11600|KRW|23200|20180816|1300|
C|005186|2018|50004360290011|001|4300011140|00040|CME0001|13|EA|3300|KRW|42900|20180816|1300|
C|005186|2018|50004360290012|001|4300011144|00030|CMF0009|5|EA|4950|KRW|24750|20180816|1300|
C|005186|2018|50004360290013|001|4300011144|00050|CMH0007|5|EA|11600|KRW|58000|20180816|1300|
C|005186|2018|50004362600001|001|4300010953|00090|CMH0007|3|EA|11600|KRW|34800|20180815|1300|
C|005186|2018|50004362600002|001|4300010958|00040|CME0001|10|EA|3300|KRW|33000|20180815|1300|
C|005186|2018|50004362600003|001|4300010961|00020|CMH0007|2|EA|11600|KRW|23200|20180815|1300|
C|005186|2018|50004362600004|001|4300011143|00050|CMH0007|20|EA|11600|KRW|232000|20180815|1300|
C|005186|2018|50004362620001|001|4300010949|00020|CMH0007|2|EA|11600|KRW|23200|20180815|1300|
C|005186|2018|50004362620002|001|4300010951|00010|CMF0001|2|EA|1950|KRW|3900|20180815|1300|
C|005186|2018|50004362620003|001|4300010951|00030|CMF0020|5|EA|650|KRW|3250|20180815|1300|
C|005186|2018|50004362620004|001|4300010951|00060|CME0001|30|EA|3300|KRW|99000|20180815|1300|
C|005186|2018|50004362620005|001|4300010952|00010|CMZ0014|1|EA|19000|KRW|19000|20180815|1300|
C|005186|2018|50004362620006|001|4300010959|00010|CMF0009|3|EA|4950|KRW|14850|20180815|1300|
C|005186|2018|50004362620007|001|4300010960|00060|CMF0021|20|EA|3100|KRW|62000|20180815|1300|
C|005186|2018|50004362620008|001|4300011139|00060|CME0001|20|EA|3300|KRW|66000|20180815|1300|
C|005186|2018|50004362620009|001|4300011140|00010|CMF0006|1|EA|9500|KRW|9500|20180815|1300|
C|005186|2018|50004362620010|001|4300011140|00020|CMH0007|2|EA|11600|KRW|23200|20180815|1300|
C|005186|2018|50004362620011|001|4300011140|00040|CME0001|13|EA|3300|KRW|42900|20180815|1300|
C|005186|2018|50004362620012|001|4300011144|00030|CMF0009|5|EA|4950|KRW|24750|20180815|1300|
C|005186|2018|50004362620013|001|4300011144|00050|CMH0007|5|EA|11600|KRW|58000|20180815|1300|
