C|005186|2014|50001167300001|001|4300001916|00080|UHTC0105|5|EA|23100|KRW|115500|20141215|1300|
C|005186|2014|50001167310001|001|4300001895|00010|CMB0001|40|EA|655|KRW|26200|20141215|1300|
C|005186|2014|50001167310002|001|4300001895|00020|CMB0010|160|EA|1100|KRW|176000|20141215|1300|
C|005186|2014|50001167310003|001|4300001895|00030|CMA0002|5|EA|1530|KRW|7650|20141215|1300|
C|005186|2014|50001167310004|001|4300001895|00040|CMA0017|5|EA|780|KRW|3900|20141215|1300|
C|005186|2014|50001167310005|001|4300001895|00060|CMH0007|2|EA|11700|KRW|23400|20141215|1300|
C|005186|2014|50001167310006|001|4300001895|00070|CMF0004|10|EA|22050|KRW|220500|20141215|1300|
C|005186|2014|50001167310007|001|4300001895|00080|CMA0001|100|EA|240|KRW|24000|20141215|1300|
C|005186|2014|50001167310008|001|4300001895|00090|CMA0007|600|EA|270|KRW|162000|20141215|1300|
C|005186|2014|50001167310009|001|4300001895|00110|CMZ0032|10|EA|1970|KRW|19700|20141215|1300|
C|005186|2014|50001167320001|001|4300001933|00140|UALC0075|3000|EA|45|KRW|135000|20141215|1300|
C|005186|2014|50001167320002|001|4300001933|00670|UHDC0239|50|EA|18950|KRW|947500|20141215|1300|
C|005186|2014|50001167320003|001|4300001933|00680|UHDC0240|50|EA|16850|KRW|842500|20141215|1300|
C|005186|2014|50001167320004|001|4300001933|00730|UGCC0912|8|EA|27000|KRW|216000|20141215|1300|
C|005186|2014|50001167320005|001|4300001933|00780|UHHC0201|70|EA|31580|KRW|2210600|20141215|1300|
C|005186|2014|50001167330001|001|4300001888|00020|CMA0002|10|EA|1530|KRW|15300|20141215|1300|
C|005186|2014|50001167330002|001|4300001888|00080|CMZ0032|8|EA|1970|KRW|15760|20141215|1300|
C|005186|2014|50001167330003|001|4300001893|00050|CMA0017|20|EA|780|KRW|15600|20141215|1300|
C|005186|2014|50001167330004|001|4300001893|00150|CMF0022|5|EA|5400|KRW|27000|20141215|1300|
C|005186|2014|50001167330005|001|4300001893|00170|CMZ0003|2|EA|1470|KRW|2940|20141215|1300|
C|005186|2014|50001167330006|001|4300001894|00050|CMA0017|10|EA|780|KRW|7800|20141215|1300|
C|005186|2014|50001167330007|001|4300001894|00110|CMF0001|10|EA|1680|KRW|16800|20141215|1300|
C|005186|2014|50001167330008|001|4300001894|00120|CMF0002|10|EA|1100|KRW|11000|20141215|1300|
C|005186|2014|50001167330009|001|4300001894|00140|CMF0020|10|EA|700|KRW|7000|20141215|1300|
C|005186|2014|50001167330010|001|4300001896|00020|CMA0002|10|EA|1530|KRW|15300|20141215|1300|
C|005186|2014|50001167330011|001|4300001896|00060|CMA0017|20|EA|780|KRW|15600|20141215|1300|
C|005186|2014|50001167330012|001|4300001896|00130|CMF0004|2|EA|22050|KRW|44100|20141215|1300|
C|005186|2014|50001167330013|001|4300001896|00140|CMF0006|20|EA|11970|KRW|239400|20141215|1300|
C|005186|2014|50001167330014|001|4300001896|00150|CMZ0014|1|EA|23300|KRW|23300|20141215|1300|
C|005186|2014|50001167330015|001|4300001896|00160|CMZ0032|1|EA|1970|KRW|1970|20141215|1300|
C|005186|2014|50001167330016|001|4300001897|00100|CMF0006|5|EA|11970|KRW|59850|20141215|1300|
C|005186|2014|50001167330017|001|4300001897|00110|CMF0008|5|EA|1785|KRW|8925|20141215|1300|
C|005186|2014|50001167330018|001|4300001897|00120|CMF0015|10|EA|500|KRW|5000|20141215|1300|
C|005186|2014|50001167330019|001|4300001897|00130|CMF0021|5|EA|5400|KRW|27000|20141215|1300|
C|005186|2014|50001167330020|001|4300001898|00100|CMF0006|1|EA|11970|KRW|11970|20141215|1300|
C|005186|2014|50001167330021|001|4300001898|00110|CMF0009|2|EA|5700|KRW|11400|20141215|1300|
C|005186|2014|50001167330022|001|4300001898|00120|CMF0021|2|EA|5400|KRW|10800|20141215|1300|
C|005186|2014|50001167330023|001|4300001899|00110|CMF0006|1|EA|11970|KRW|11970|20141215|1300|
C|005186|2014|50001167330024|001|4300001899|00120|CMF0021|2|EA|5400|KRW|10800|20141215|1300|
C|005186|2014|50001167330025|001|4300001899|00160|CMZ0009|20|EA|740|KRW|14800|20141215|1300|
C|005186|2014|50001167330026|001|4300001899|00170|CMZ0014|1|EA|23300|KRW|23300|20141215|1300|
C|005186|2014|50001167330027|001|4300001899|00180|CMZ0032|2|EA|1970|KRW|3940|20141215|1300|
C|005186|2014|50001167330028|001|4300001901|00040|CMA0017|5|EA|780|KRW|3900|20141215|1300|
C|005186|2014|50001167330029|001|4300001901|00130|CMZ0014|2|EA|23300|KRW|46600|20141215|1300|
C|005186|2014|50001167330030|001|4300001903|00070|CMZ0014|1|EA|23300|KRW|23300|20141215|1300|
C|005186|2014|50001167330031|001|4300001904|00030|CMA0017|20|EA|780|KRW|15600|20141215|1300|
C|005186|2014|50001167330032|001|4300001904|00090|CMF0004|3|EA|22050|KRW|66150|20141215|1300|
C|005186|2014|50001167330033|001|4300001904|00110|CMF0013|10|EA|760|KRW|7600|20141215|1300|
C|005186|2014|50001167330034|001|4300001906|00120|CMF0004|6|EA|22050|KRW|132300|20141215|1300|
C|005186|2014|50001167330035|001|4300001906|00140|CMF0007|10|EA|1780|KRW|17800|20141215|1300|
C|005186|2014|50001167330036|001|4300001906|00150|CMF0008|10|EA|1785|KRW|17850|20141215|1300|
C|005186|2014|50001167330037|001|4300001906|00160|CMF0009|10|EA|5700|KRW|57000|20141215|1300|
C|005186|2014|50001167330038|001|4300001906|00170|CMF0020|5|EA|700|KRW|3500|20141215|1300|
C|005186|2014|50001167330039|001|4300001906|00180|CMF0021|5|EA|5400|KRW|27000|20141215|1300|
C|005186|2014|50001167330040|001|4300001906|00190|CMF0022|10|EA|5400|KRW|54000|20141215|1300|
C|005186|2014|50001167330041|001|4300001906|00220|CMZ0014|3|EA|23300|KRW|69900|20141215|1300|
C|005186|2014|50001167330042|001|4300001906|00230|CMZ0032|10|EA|1970|KRW|19700|20141215|1300|
C|005186|2014|50001167340001|001|4300001932|00130|UHTC0741|1|EA|57900|KRW|57900|20141215|1300|
C|005186|2014|50001167340002|001|4300001932|00140|UHGC0278|1|EA|300000|KRW|300000|20141215|1300|
C|005186|2014|50001167340003|001|4300001932|00150|UHNC0135|1|EA|568430|KRW|568430|20141215|1300|
C|005186|2014|50001167340004|001|4300001932|00160|UHNC0136|1|EA|947380|KRW|947380|20141215|1300|
C|005186|2014|50001167340005|001|4300001932|00170|UHTC0743|3|EA|126320|KRW|378960|20141215|1300|
C|005186|2014|50001167340006|001|4300001932|00200|UHTC0726|5|EA|16850|KRW|84250|20141215|1300|
C|005186|2014|50001167340007|001|4300001932|00210|UHGC0269|4|EA|416850|KRW|1667400|20141215|1300|
C|005186|2014|50001167340008|001|4300001932|00220|UHTC0727|2|EA|131580|KRW|263160|20141215|1300|
C|005186|2014|50001167340009|001|4300001932|00230|UHTC0728|2|EA|121060|KRW|242120|20141215|1300|
C|005186|2014|50001167340010|001|4300001932|00240|UHGC0270|5|EA|35790|KRW|178950|20141215|1300|
C|005186|2014|50001167340011|001|4300001932|00250|UHTC0729|20|EA|31160|KRW|623200|20141215|1300|
C|005186|2014|50001167340012|001|4300001932|00260|UHGC0271|1|EA|478950|KRW|478950|20141215|1300|
C|005186|2014|50001167340013|001|4300001932|00270|UHFC0414|1|EA|114740|KRW|114740|20141215|1300|
C|005186|2014|50001167340014|001|4300001932|00280|UHGC0272|1|EA|52640|KRW|52640|20141215|1300|
C|005186|2014|50001167340015|001|4300001932|00290|UHFC0415|1|EA|416850|KRW|416850|20141215|1300|
C|005186|2014|50001167340016|001|4300001932|00300|UHGC0273|20|EA|1060|KRW|21200|20141215|1300|
C|005186|2014|50001167340017|001|4300001932|00310|UHGC0274|2|EA|71580|KRW|143160|20141215|1300|
C|005186|2014|50001167340018|001|4300001932|00320|UHNC0132|2|EA|188430|KRW|376860|20141215|1300|
C|005186|2014|50001167340019|001|4300001932|00330|UHGC0275|2|EA|289480|KRW|578960|20141215|1300|
C|005186|2014|50001167340020|001|4300001932|00340|UHGC0276|2|EA|197900|KRW|395800|20141215|1300|
C|005186|2014|50001167340021|001|4300001932|00350|UHFC0416|3|EA|243160|KRW|729480|20141215|1300|
C|005186|2014|50001167340022|001|4300001932|00360|UHFC0417|32|EA|22110|KRW|707520|20141215|1300|
C|005186|2014|50001167340023|001|4300001932|00370|UHFC0418|30|EA|1000|KRW|30000|20141215|1300|
C|005186|2014|50001167340024|001|4300001932|00480|UHTC0732|2|EA|24740|KRW|49480|20141215|1300|
C|005186|2014|50001167350001|001|4300001888|00010|CMA0001|80|EA|240|KRW|19200|20141215|1300|
C|005186|2014|50001167350002|001|4300001888|00030|CMA0007|40|EA|270|KRW|10800|20141215|1300|
C|005186|2014|50001167350003|001|4300001888|00040|CMA0008|40|EA|690|KRW|27600|20141215|1300|
C|005186|2014|50001167350004|001|4300001888|00050|CMB0001|80|EA|655|KRW|52400|20141215|1300|
C|005186|2014|50001167350005|001|4300001889|00010|CMA0001|60|EA|240|KRW|14400|20141215|1300|
C|005186|2014|50001167350006|001|4300001889|00020|CMA0008|80|EA|690|KRW|55200|20141215|1300|
C|005186|2014|50001167350007|001|4300001889|00030|CMB0001|50|EA|655|KRW|32750|20141215|1300|
C|005186|2014|50001167350008|001|4300001889|00040|CME0010|30|EA|285|KRW|8550|20141215|1300|
C|005186|2014|50001167350009|001|4300001889|00050|CMH0007|4|EA|11700|KRW|46800|20141215|1300|
C|005186|2014|50001167350010|001|4300001893|00010|CMA0001|400|EA|240|KRW|96000|20141215|1300|
C|005186|2014|50001167350011|001|4300001893|00020|CMA0005|30|EA|2470|KRW|74100|20141215|1300|
C|005186|2014|50001167350012|001|4300001893|00030|CMA0007|300|EA|270|KRW|81000|20141215|1300|
C|005186|2014|50001167350013|001|4300001893|00040|CMA0016|30|EA|2840|KRW|85200|20141215|1300|
C|005186|2014|50001167350014|001|4300001893|00060|CMB0001|20|EA|655|KRW|13100|20141215|1300|
C|005186|2014|50001167350015|001|4300001893|00070|CMB0002|40|EA|2420|KRW|96800|20141215|1300|
C|005186|2014|50001167350016|001|4300001893|00080|CMB0010|40|EA|1100|KRW|44000|20141215|1300|
C|005186|2014|50001167350017|001|4300001893|00090|CMC0002|2|EA|9350|KRW|18700|20141215|1300|
C|005186|2014|50001167350018|001|4300001893|00100|CMC0005|100|EA|190|KRW|19000|20141215|1300|
C|005186|2014|50001167350019|001|4300001893|00110|CME0001|19|EA|4910|KRW|93290|20141215|1300|
C|005186|2014|50001167350020|001|4300001893|00120|CME0002|80|EA|2300|KRW|184000|20141215|1300|
C|005186|2014|50001167350021|001|4300001893|00130|CME0010|100|EA|285|KRW|28500|20141215|1300|
C|005186|2014|50001167350022|001|4300001893|00160|CMH0007|5|EA|11700|KRW|58500|20141215|1300|
C|005186|2014|50001167350023|001|4300001894|00010|CMA0001|450|EA|240|KRW|108000|20141215|1300|
C|005186|2014|50001167350024|001|4300001894|00020|CMA0007|300|EA|270|KRW|81000|20141215|1300|
C|005186|2014|50001167350025|001|4300001894|00030|CMA0008|300|EA|690|KRW|207000|20141215|1300|
C|005186|2014|50001167350026|001|4300001894|00040|CMA0016|100|EA|2840|KRW|284000|20141215|1300|
C|005186|2014|50001167350027|001|4300001894|00060|CMB0001|300|EA|655|KRW|196500|20141215|1300|
C|005186|2014|50001167350028|001|4300001894|00070|CMB0010|300|EA|1100|KRW|330000|20141215|1300|
C|005186|2014|50001167350029|001|4300001894|00080|CMC0005|200|EA|190|KRW|38000|20141215|1300|
C|005186|2014|50001167350030|001|4300001894|00090|CME0002|30|EA|2300|KRW|69000|20141215|1300|
C|005186|2014|50001167350031|001|4300001894|00100|CME0010|180|EA|285|KRW|51300|20141215|1300|
C|005186|2014|50001167350032|001|4300001894|00150|CMH0007|5|EA|11700|KRW|58500|20141215|1300|
C|005186|2014|50001167350033|001|4300001896|00010|CMA0001|100|EA|240|KRW|24000|20141215|1300|
C|005186|2014|50001167350034|001|4300001896|00030|CMA0007|100|EA|270|KRW|27000|20141215|1300|
C|005186|2014|50001167350035|001|4300001896|00040|CMA0008|30|EA|690|KRW|20700|20141215|1300|
C|005186|2014|50001167350036|001|4300001896|00050|CMA0016|10|EA|2840|KRW|28400|20141215|1300|
C|005186|2014|50001167350037|001|4300001896|00070|CMB0001|20|EA|655|KRW|13100|20141215|1300|
C|005186|2014|50001167350038|001|4300001896|00080|CMB0003|180|EA|2420|KRW|435600|20141215|1300|
C|005186|2014|50001167350039|001|4300001896|00100|CME0001|13|EA|4910|KRW|63830|20141215|1300|
C|005186|2014|50001167350040|001|4300001896|00110|CME0002|5|EA|2300|KRW|11500|20141215|1300|
C|005186|2014|50001167350041|001|4300001896|00120|CME0006|3|EA|3400|KRW|10200|20141215|1300|
C|005186|2014|50001167350042|001|4300001897|00010|CMA0001|700|EA|240|KRW|168000|20141215|1300|
C|005186|2014|50001167350043|001|4300001897|00020|CMA0007|200|EA|270|KRW|54000|20141215|1300|
C|005186|2014|50001167350044|001|4300001897|00030|CMA0008|200|EA|690|KRW|138000|20141215|1300|
C|005186|2014|50001167350045|001|4300001897|00040|CMB0001|200|EA|655|KRW|131000|20141215|1300|
C|005186|2014|50001167350046|001|4300001897|00050|CMB0003|100|EA|2420|KRW|242000|20141215|1300|
C|005186|2014|50001167350047|001|4300001897|00060|CMB0010|160|EA|1100|KRW|176000|20141215|1300|
C|005186|2014|50001167350048|001|4300001897|00070|CMC0005|200|EA|190|KRW|38000|20141215|1300|
C|005186|2014|50001167350049|001|4300001897|00090|CME0010|50|EA|285|KRW|14250|20141215|1300|
C|005186|2014|50001167350050|001|4300001898|00010|CMA0001|200|EA|240|KRW|48000|20141215|1300|
C|005186|2014|50001167350051|001|4300001898|00020|CMA0007|250|EA|270|KRW|67500|20141215|1300|
C|005186|2014|50001167350052|001|4300001898|00030|CMA0008|20|EA|690|KRW|13800|20141215|1300|
C|005186|2014|50001167350053|001|4300001898|00040|CMA0016|20|EA|2840|KRW|56800|20141215|1300|
C|005186|2014|50001167350054|001|4300001898|00050|CMB0002|100|EA|2420|KRW|242000|20141215|1300|
C|005186|2014|50001167350055|001|4300001898|00060|CMC0005|10|EA|190|KRW|1900|20141215|1300|
C|005186|2014|50001167350056|001|4300001898|00070|CME0001|12|EA|4910|KRW|58920|20141215|1300|
C|005186|2014|50001167350057|001|4300001898|00080|CME0010|20|EA|285|KRW|5700|20141215|1300|
C|005186|2014|50001167350058|001|4300001898|00130|CMH0007|3|EA|11700|KRW|35100|20141215|1300|
C|005186|2014|50001167350059|001|4300001899|00010|CMA0001|300|EA|240|KRW|72000|20141215|1300|
C|005186|2014|50001167350060|001|4300001899|00020|CMA0007|100|EA|270|KRW|27000|20141215|1300|
C|005186|2014|50001167350061|001|4300001899|00030|CMA0008|200|EA|690|KRW|138000|20141215|1300|
C|005186|2014|50001167350062|001|4300001899|00040|CMB0001|80|EA|655|KRW|52400|20141215|1300|
C|005186|2014|50001167350063|001|4300001899|00050|CMB0002|20|EA|2420|KRW|48400|20141215|1300|
C|005186|2014|50001167350064|001|4300001899|00060|CMB0003|20|EA|2420|KRW|48400|20141215|1300|
C|005186|2014|50001167350065|001|4300001899|00070|CMC0002|3|EA|9350|KRW|28050|20141215|1300|
C|005186|2014|50001167350066|001|4300001899|00080|CMC0005|30|EA|190|KRW|5700|20141215|1300|
C|005186|2014|50001167350067|001|4300001899|00090|CMC0007|2|EA|12100|KRW|24200|20141215|1300|
C|005186|2014|50001167350068|001|4300001899|00100|CME0010|100|EA|285|KRW|28500|20141215|1300|
C|005186|2014|50001167350069|001|4300001901|00010|CMA0001|300|EA|240|KRW|72000|20141215|1300|
C|005186|2014|50001167350070|001|4300001901|00020|CMA0007|100|EA|270|KRW|27000|20141215|1300|
C|005186|2014|50001167350071|001|4300001901|00030|CMA0015|100|EA|2830|KRW|283000|20141215|1300|
C|005186|2014|50001167350072|001|4300001901|00050|CMB0001|200|EA|655|KRW|131000|20141215|1300|
C|005186|2014|50001167350073|001|4300001901|00060|CMB0002|120|EA|2420|KRW|290400|20141215|1300|
C|005186|2014|50001167350074|001|4300001901|00070|CMC0005|50|EA|190|KRW|9500|20141215|1300|
C|005186|2014|50001167350075|001|4300001901|00080|CMD0001|11|EA|9555|KRW|105105|20141215|1300|
C|005186|2014|50001167350076|001|4300001901|00100|CME0001|20|EA|4910|KRW|98200|20141215|1300|
C|005186|2014|50001167350077|001|4300001901|00110|CME0003|20|EA|5400|KRW|108000|20141215|1300|
C|005186|2014|50001167350078|001|4300001901|00120|CME0010|200|EA|285|KRW|57000|20141215|1300|
C|005186|2014|50001167350079|001|4300001903|00010|CMA0001|200|EA|240|KRW|48000|20141215|1300|
C|005186|2014|50001167350080|001|4300001903|00020|CMA0007|50|EA|270|KRW|13500|20141215|1300|
C|005186|2014|50001167350081|001|4300001903|00030|CMB0001|100|EA|655|KRW|65500|20141215|1300|
C|005186|2014|50001167350082|001|4300001903|00040|CMB0010|100|EA|1100|KRW|110000|20141215|1300|
C|005186|2014|50001167350083|001|4300001903|00050|CME0001|13|EA|4910|KRW|63830|20141215|1300|
C|005186|2014|50001167350084|001|4300001904|00010|CMA0001|400|EA|240|KRW|96000|20141215|1300|
C|005186|2014|50001167350085|001|4300001904|00020|CMA0007|300|EA|270|KRW|81000|20141215|1300|
C|005186|2014|50001167350086|001|4300001904|00040|CMB0010|240|EA|1100|KRW|264000|20141215|1300|
C|005186|2014|50001167350087|001|4300001904|00050|CMC0003|50|EA|340|KRW|17000|20141215|1300|
C|005186|2014|50001167350088|001|4300001904|00070|CME0001|15|EA|4910|KRW|73650|20141215|1300|
C|005186|2014|50001167350089|001|4300001904|00080|CME0010|60|EA|285|KRW|17100|20141215|1300|
C|005186|2014|50001167350090|001|4300001906|00010|CMA0001|400|EA|240|KRW|96000|20141215|1300|
C|005186|2014|50001167350091|001|4300001906|00020|CMA0007|300|EA|270|KRW|81000|20141215|1300|
C|005186|2014|50001167350092|001|4300001906|00030|CMA0015|50|EA|2830|KRW|141500|20141215|1300|
C|005186|2014|50001167350093|001|4300001906|00040|CMA0016|200|EA|2840|KRW|568000|20141215|1300|
C|005186|2014|50001167350094|001|4300001906|00050|CMB0010|480|EA|1100|KRW|528000|20141215|1300|
C|005186|2014|50001167350095|001|4300001906|00060|CMC0005|200|EA|190|KRW|38000|20141215|1300|
C|005186|2014|50001167350096|001|4300001906|00080|CME0004|5|EA|11550|KRW|57750|20141215|1300|
C|005186|2014|50001167350097|001|4300001906|00090|CME0005|10|EA|3465|KRW|34650|20141215|1300|
C|005186|2014|50001167350098|001|4300001906|00100|CME0008|20|EA|4410|KRW|88200|20141215|1300|
C|005186|2014|50001167350099|001|4300001906|00110|CME0010|200|EA|285|KRW|57000|20141215|1300|
C|005186|2014|50001167350100|001|4300001906|00200|CMH0007|5|EA|11700|KRW|58500|20141215|1300|
C|005186|2014|50001167360001|001|4300001916|00020|UHTC0412|1|EA|138080|KRW|138080|20141215|1300|
C|005186|2014|50001167360002|001|4300001916|00030|UHTC0418|1|EA|241500|KRW|241500|20141215|1300|
C|005186|2014|50001167360003|001|4300001916|00040|UHTC0517|2|EA|81060|KRW|162120|20141215|1300|
C|005186|2014|50001167360004|001|4300001916|00050|UHTC0047|3|EA|132500|KRW|397500|20141215|1300|
C|005186|2014|50001167360005|001|4300001916|00140|UHCC0039|2|EA|395800|KRW|791600|20141215|1300|
C|005186|2014|50001167360006|001|4300001916|00430|UHFC0285|1|EA|447300|KRW|447300|20141215|1300|
C|005186|2014|50001167360007|001|4300001916|00440|UHNC0064|1|EA|508500|KRW|508500|20141215|1300|
C|005186|2014|50001167360008|001|4300001916|00450|UHGC0133|2|EA|682500|KRW|1365000|20141215|1300|
C|005186|2014|50001167360009|001|4300001916|00460|UHGC0164|3|EA|126000|KRW|378000|20141215|1300|
C|005186|2014|50001167360010|001|4300001916|00470|UHTC0451|1|EA|79800|KRW|79800|20141215|1300|
C|005186|2014|50001167360011|001|4300001916|00480|UHTC0548|30|EA|8470|KRW|254100|20141215|1300|
C|005186|2014|50001167360012|001|4300001916|00490|UHNC0007|1|EA|346500|KRW|346500|20141215|1300|
C|005186|2014|50001167360013|001|4300001932|00010|UHFC0419|10|EA|2110|KRW|21100|20141215|1300|
C|005186|2014|50001167360014|001|4300001932|00020|UHTC0730|10|EA|15790|KRW|157900|20141215|1300|
C|005186|2014|50001167360015|001|4300001932|00030|UHTC0731|10|EA|18950|KRW|189500|20141215|1300|
C|005186|2014|50001167360016|001|4300001932|00040|UHTC0733|50|EA|3060|KRW|153000|20141215|1300|
C|005186|2014|50001167360017|001|4300001932|00050|UHTC0734|50|EA|3060|KRW|153000|20141215|1300|
C|005186|2014|50001167360018|001|4300001932|00080|UHGC0277|1|EA|605270|KRW|605270|20141215|1300|
C|005186|2014|50001167360019|001|4300001932|00090|UHNC0133|1|EA|110530|KRW|110530|20141215|1300|
C|005186|2014|50001167360020|001|4300001932|00100|UHNC0134|1|EA|812640|KRW|812640|20141215|1300|
C|005186|2014|50001167360021|001|4300001932|00120|UHFC0421|1|EA|127370|KRW|127370|20141215|1300|
C|005186|2014|50001167360022|001|4300001932|00380|UHNC0113|1|EA|772800|KRW|772800|20141215|1300|
C|005186|2014|50001167360023|001|4300001932|00390|UHFC0336|2|EA|82950|KRW|165900|20141215|1300|
C|005186|2014|50001167360024|001|4300001932|00400|UHFC0337|2|EA|104210|KRW|208420|20141215|1300|
C|005186|2014|50001167360025|001|4300001932|00410|UHFC0346|50|EA|1995|KRW|99750|20141215|1300|
C|005186|2014|50001167360026|001|4300001932|00420|UHFC0342|20|EA|4550|KRW|91000|20141215|1300|
C|005186|2014|50001167360027|001|4300001932|00430|UHHC0069|1|EA|412650|KRW|412650|20141215|1300|
C|005186|2014|50001167370001|001|4300001916|00400|UGBC0398|10|EA|63000|KRW|630000|20141215|1300|
C|005186|2014|50001167370002|001|4300001916|00410|UGBC0404|10|EA|22740|KRW|227400|20141215|1300|
C|005186|2014|50001167370003|001|4300001916|00420|UCIC0107|1|EA|336000|KRW|336000|20141215|1300|
C|005186|2014|50001167370004|001|4300001932|00440|UGBC1404|2|EA|283500|KRW|567000|20141215|1300|
C|005186|2014|50001167370005|001|4300001932|00460|UCIC0183|1|EA|740000|KRW|740000|20141215|1300|
C|005186|2014|50001167370006|001|4300001932|00470|UBCC0053|1|EA|51000|KRW|51000|20141215|1300|
C|005186|2014|50001167370007|001|4300001932|00520|UCAC0295|1|EA|530000|KRW|530000|20141215|1300|
C|005186|2014|50001167370008|001|4300001932|00530|UCIC0185|1|EA|212000|KRW|212000|20141215|1300|
C|005186|2014|50001167370009|001|4300001932|00540|UGAC0103|1|EA|635000|KRW|635000|20141215|1300|
C|005186|2014|50001167370010|001|4300001932|00560|UGBC1415|2|EA|434000|KRW|868000|20141215|1300|
C|005186|2014|50001167370011|001|4300001932|00570|UGBC1416|2|EA|300000|KRW|600000|20141215|1300|
C|005186|2014|50001167380001|001|4300001820|00060|CMD0016|2|EA|30450|KRW|60900|20141215|1300|
C|005186|2014|50001167390001|001|4300001909|00080|CMD0012|4|EA|29400|KRW|117600|20141215|1300|
C|005186|2014|50001167390002|001|4300001909|00090|CMD0013|1|EA|22460|KRW|22460|20141215|1300|
C|005186|2014|50001167400001|001|4300001933|00030|UHTC0591|4|EA|41000|KRW|164000|20141215|1300|
C|005186|2014|50001167410001|001|4300001916|00190|UKBC0007|5|EA|17540|KRW|87700|20141215|1300|
C|005186|2014|50001167410002|001|4300001916|00360|UDBC0370|1500|EA|320|KRW|480000|20141215|1300|
C|005186|2014|50001167410003|001|4300001916|00370|UDBC0149|1200|EA|34|KRW|40800|20141215|1300|
C|005186|2014|50001167410004|001|4300001916|00380|UDBC0152|400|EA|236|KRW|94400|20141215|1300|
C|005186|2014|50001167410005|001|4300001916|00390|UJAC0118|2|EA|6300|KRW|12600|20141215|1300|
C|005186|2014|50001167410006|001|4300001916|00560|UEBC1088|2|EA|15680|KRW|31360|20141215|1300|
C|005186|2014|50001167410007|001|4300001916|00570|UEBC0329|5|EA|14750|KRW|73750|20141215|1300|
C|005186|2014|50001167410008|001|4300001916|00610|UEBC0186|8|EA|36230|KRW|289840|20141215|1300|
C|005186|2014|50001167410009|001|4300001916|00640|UIDC0143|1|EA|437220|KRW|437220|20141215|1300|
C|005186|2014|50001167410010|001|4300001916|00650|UIDC0141|1|EA|232280|KRW|232280|20141215|1300|
C|005186|2014|50001167410011|001|4300001916|00660|UDBC0025|10|EA|332|KRW|3320|20141215|1300|
C|005186|2014|50001167410012|001|4300001916|00740|UEBC0618|2|EA|6010|KRW|12020|20141215|1300|
C|005186|2014|50001167410013|001|4300001916|00760|UEBC0178|5|EA|72450|KRW|362250|20141215|1300|
C|005186|2014|50001167410014|001|4300001916|00780|UEBC0343|4|EA|23560|KRW|94240|20141215|1300|
C|005186|2014|50001167410015|001|4300001916|00790|UICC0022|4|EA|3800|KRW|15200|20141215|1300|
C|005186|2014|50001167410016|001|4300001916|00800|UEBC0173|1|EA|63000|KRW|63000|20141215|1300|
C|005186|2014|50001167410017|001|4300001916|00810|UEBC0145|2|EA|8660|KRW|17320|20141215|1300|
C|005186|2014|50001167410018|001|4300001932|00110|UEBC1201|1|EA|30500|KRW|30500|20141215|1300|
C|005186|2014|50001167410019|001|4300001932|00180|UCKC0109|1|EA|307370|KRW|307370|20141215|1300|
