C|005186|2014|50000600440001|001|4300001192|00090|UEAC0155|1|EA|155000|KRW|155000|20140228|1300|
C|005186|2014|50000600440002|001|4300001192|00140|UGAC0102|2|EA|32700|KRW|65400|20140228|1300|
C|005186|2014|50000600440003|001|4300001193|00010|UAEC0071|1|EA|37110|KRW|37110|20140228|1300|
C|005186|2014|50000600440004|001|4300001193|00020|UKBC0010|1|EA|91480|KRW|91480|20140228|1300|
C|005186|2014|50000600440005|001|4300001193|00030|UEBC0494|2|EA|4770|KRW|9540|20140228|1300|
C|005186|2014|50000600440006|001|4300001193|00050|UHTC0246|40|EA|8470|KRW|338800|20140228|1300|
C|005186|2014|50000600440007|001|4300001193|00060|UGBC1305|30|EA|890|KRW|26700|20140228|1300|
C|005186|2014|50000600440008|001|4300001193|00080|UAGC0323|10|EA|14180|KRW|141800|20140228|1300|
C|005186|2014|50000600440009|001|4300001193|00090|UKEC0091|20|EA|1270|KRW|25400|20140228|1300|
C|005186|2014|50000600440010|001|4300001193|00100|UAAC0001|20|EA|1890|KRW|37800|20140228|1300|
C|005186|2014|50000600440011|001|4300001193|00120|UGCC0869|2|EA|32000|KRW|64000|20140228|1300|
C|005186|2014|50000600440012|001|4300001193|00130|UGCC0870|1|EA|229000|KRW|229000|20140228|1300|
C|005186|2014|50000600440013|001|4300001193|00160|UCKC0107|1|EA|477000|KRW|477000|20140228|1300|
C|005186|2014|50000600440014|001|4300001193|00180|UJBC0056|4|EA|9000|KRW|36000|20140228|1300|
C|005186|2014|50000600440015|001|4300001193|00190|UADC0160|3|EA|515000|KRW|1545000|20140228|1300|
C|005186|2014|50000600440016|001|4300001193|00200|UJAC0138|2|EA|90000|KRW|180000|20140228|1300|
C|005186|2014|50000600440017|001|4300001193|00210|UEBC1015|5|EA|20730|KRW|103650|20140228|1300|
C|005186|2014|50000600440018|001|4300001193|00220|UEBC1122|12|EA|3020|KRW|36240|20140228|1300|
C|005186|2014|50000600440019|001|4300001193|00240|UKBC0010|2|EA|91480|KRW|182960|20140228|1300|
C|005186|2014|50000600440020|001|4300001193|00260|UZZC0089|200|EA|200|KRW|40000|20140228|1300|
