C|005186|2013|50000484850001|001|4300000923|00050|UEBC1143|20|EA|5390|KRW|107800|20131230|1300|
C|005186|2013|50000484850002|001|4300000923|00100|UEBC1145|1|EA|52300|KRW|52300|20131230|1300|
C|005186|2013|50000484850003|001|4300000923|00110|UEBC1146|12|EA|27200|KRW|326400|20131230|1300|
C|005186|2013|50000484850004|001|4300000923|00130|UDBC0878|1|EA|202000|KRW|202000|20131230|1300|
C|005186|2013|50000484850005|001|4300000923|00140|UEBC1147|2|EA|174200|KRW|348400|20131230|1300|
C|005186|2013|50000484850006|001|4300000925|00040|UEBC1129|6|EA|72900|KRW|437400|20131230|1300|
C|005186|2013|50000484850007|001|4300000925|00050|UEBC1132|2|EA|106700|KRW|213400|20131230|1300|
C|005186|2013|50000484850008|001|4300000925|00060|UEBC1131|8|EA|33000|KRW|264000|20131230|1300|
C|005186|2013|50000484850009|001|4300000925|00090|UEBC1134|4|EA|242000|KRW|968000|20131230|1300|
C|005186|2013|50000484850010|001|4300000925|00130|UEBC1142|8|EA|12600|KRW|100800|20131230|1300|
C|005186|2013|50000484850011|001|4300000925|00170|UAEC0063|5|EA|4260|KRW|21300|20131230|1300|
C|005186|2013|50000484850012|001|4300000925|00180|UAEC0065|5|EA|6300|KRW|31500|20131230|1300|
C|005186|2013|50000484850013|001|4300000928|00090|UZZC0105|1|EA|48400|KRW|48400|20131230|1300|
C|005186|2013|50000484850014|001|4300000928|00110|UEBC0263|5|EA|36120|KRW|180600|20131230|1300|
C|005186|2013|50000484850015|001|4300000928|00120|UEBC0248|3|EA|19620|KRW|58860|20131230|1300|
C|005186|2013|50000484850016|001|4300000928|00140|UEBC1141|5|EA|36300|KRW|181500|20131230|1300|
C|005186|2013|50000484850017|001|4300000929|00010|UDBC0440|200|EA|87|KRW|17400|20131230|1300|
C|005186|2013|50000484850018|001|4300000929|00040|UGCC0836|4|EA|36000|KRW|144000|20131230|1300|
C|005186|2013|50000484850019|001|4300000930|00010|UAEC0357|200|EA|5790|KRW|1158000|20131230|1300|
C|005186|2013|50000484850020|001|4300000930|00040|UAEC0299|3|EA|18900|KRW|56700|20131230|1300|
C|005186|2013|50000484850021|001|4300000930|00050|UZZC0010|10|EA|9765|KRW|97650|20131230|1300|
C|005186|2013|50000484850022|001|4300000930|00060|UALC0110|2|EA|550400|KRW|1100800|20131230|1300|
C|005186|2013|50000484850023|001|4300000930|00090|UDBC0442|200|EA|70|KRW|14000|20131230|1300|
C|005186|2013|50000484850024|001|4300000931|00010|UDBC0870|1|EA|492000|KRW|492000|20131230|1300|
C|005186|2013|50000484850025|001|4300000931|00020|UDBC0871|1|EA|463000|KRW|463000|20131230|1300|
C|005186|2013|50000484850026|001|4300000931|00030|UDBC0872|2|EA|477000|KRW|954000|20131230|1300|
C|005186|2013|50000484850027|001|4300000931|00040|UDBC0240|2|EA|349500|KRW|699000|20131230|1300|
C|005186|2013|50000484850028|001|4300000931|00070|UEAC0149|5|EA|90000|KRW|450000|20131230|1300|
C|005186|2013|50000484850029|001|4300000931|00080|UEAC0150|5|EA|139900|KRW|699500|20131230|1300|
C|005186|2013|50000484850030|001|4300000931|00090|UEBC1125|8|EA|59500|KRW|476000|20131230|1300|
C|005186|2013|50000484850031|001|4300000931|00100|UIDC0143|1|EA|437220|KRW|437220|20131230|1300|
C|005186|2013|50000484850032|001|4300000931|00110|UDEC0109|1|EA|344500|KRW|344500|20131230|1300|
C|005186|2013|50000484850033|001|4300000931|00120|UEAC0151|1|EA|715000|KRW|715000|20131230|1300|
C|005186|2013|50000484850034|001|4300000931|00150|UEBC1127|5|EA|13990|KRW|69950|20131230|1300|
C|005186|2013|50000484850035|001|4300000932|00020|UDAC0120|1|EA|367500|KRW|367500|20131230|1300|
C|005186|2013|50000484850036|001|4300000932|00030|UDBC0008|50|EA|8715|KRW|435750|20131230|1300|
C|005186|2013|50000484850037|001|4300000932|00040|UHDC0066|10|EA|99750|KRW|997500|20131230|1300|
C|005186|2013|50000484850038|001|4300000932|00060|UAEC0062|5|EA|2880|KRW|14400|20131230|1300|
C|005186|2013|50000484850039|001|4300000932|00070|UAEC0064|5|EA|3480|KRW|17400|20131230|1300|
C|005186|2013|50000484850040|001|4300000932|00080|UHTC0246|30|EA|8470|KRW|254100|20131230|1300|
C|005186|2013|50000484850041|001|4300000932|00100|UADC0067|5|EA|6620|KRW|33100|20131230|1300|
C|005186|2013|50000484860001|001|4300000912|00050|UHTC0080|4|EA|182950|KRW|731800|20131230|1300|
C|005186|2013|50000484860002|001|4300000915|00240|KP150400|200|EA|170|KRW|34000|20131230|1300|
C|005186|2013|50000484860003|001|4300000915|00390|KS990007|5|EA|51450|KRW|257250|20131230|1300|
C|005186|2013|50000484860004|001|4300000915|00410|KT020004|4|EA|5600|KRW|22400|20131230|1300|
C|005186|2013|50000484860005|001|4300000915|00420|KT020005|3|EA|5640|KRW|16920|20131230|1300|
C|005186|2013|50000484860006|001|4300000915|00430|KT020006|3|EA|6250|KRW|18750|20131230|1300|
C|005186|2013|50000484860007|001|4300000915|00440|KT020009|2|EA|8030|KRW|16060|20131230|1300|
C|005186|2013|50000484860008|001|4300000915|00450|KT020010|2|EA|10190|KRW|20380|20131230|1300|
C|005186|2013|50000484860009|001|4300000915|00460|KT020011|4|EA|10400|KRW|41600|20131230|1300|
C|005186|2013|50000484860010|001|4300000915|00470|KT020017|1|EA|18730|KRW|18730|20131230|1300|
C|005186|2013|50000484860011|001|4300000915|00490|KT020500|20|EA|3110|KRW|62200|20131230|1300|
C|005186|2013|50000484860012|001|4300000915|00520|KT080300|20.000|KG|2770|KRW|55400|20131230|1300|
C|005186|2013|50000484860013|001|4300000915|00540|KT990010|80|EA|370|KRW|29600|20131230|1300|
C|005186|2013|50000484860014|001|4300000923|00010|UGBC1378|5|EA|2400|KRW|12000|20131230|1300|
C|005186|2013|50000484860015|001|4300000925|00030|UACC0026|1|EA|372000|KRW|372000|20131230|1300|
C|005186|2013|50000484860016|001|4300000925|00070|UAEC0397|1|EA|18900|KRW|18900|20131230|1300|
C|005186|2013|50000484860017|001|4300000925|00080|UAEC0398|1|EA|20700|KRW|20700|20131230|1300|
C|005186|2013|50000484860018|001|4300000925|00100|UDDC0362|2|EA|114500|KRW|229000|20131230|1300|
C|005186|2013|50000484860019|001|4300000925|00110|UDBC0876|100|EA|2340|KRW|234000|20131230|1300|
C|005186|2013|50000484860020|001|4300000925|00150|UGBC1377|5|EA|1000|KRW|5000|20131230|1300|
C|005186|2013|50000484860021|001|4300000925|00160|UGBC0760|30|EA|3020|KRW|90600|20131230|1300|
C|005186|2013|50000484860022|001|4300000926|00010|UCCC0010|1|EA|271500|KRW|271500|20131230|1300|
C|005186|2013|50000484860023|001|4300000928|00010|UEAC0130|2|EA|239490|KRW|478980|20131230|1300|
C|005186|2013|50000484860024|001|4300000928|00040|UKBC0010|1|EA|91480|KRW|91480|20131230|1300|
C|005186|2013|50000484860025|001|4300000928|00080|UAEC0377|1|EA|261450|KRW|261450|20131230|1300|
C|005186|2013|50000484860026|001|4300000928|00130|UAEC0354|1|EA|464300|KRW|464300|20131230|1300|
C|005186|2013|50000484860027|001|4300000928|00150|UGCC0854|2|EA|954000|KRW|1908000|20131230|1300|
C|005186|2013|50000484860028|001|4300000928|00210|UACC0027|30|EA|4540|KRW|136200|20131230|1300|
C|005186|2013|50000484860029|001|4300000929|00030|UGCC0830|5|EA|93500|KRW|467500|20131230|1300|
C|005186|2013|50000484860030|001|4300000929|00050|UZZC0142|10|EA|63000|KRW|630000|20131230|1300|
C|005186|2013|50000484860031|001|4300000930|00030|UCKC0046|3|EA|12600|KRW|37800|20131230|1300|
C|005186|2013|50000484860032|001|4300000930|00080|UABC0031|2|EA|39500|KRW|79000|20131230|1300|
C|005186|2013|50000484860033|001|4300000931|00130|UGCC0845|5|EA|26500|KRW|132500|20131230|1300|
C|005186|2013|50000484860034|001|4300000931|00140|UGCC0846|5|EA|26500|KRW|132500|20131230|1300|
C|005186|2013|50000484860035|001|4300000932|00010|UGBC0753|20|EA|740|KRW|14800|20131230|1300|
C|005186|2013|50000484860036|001|4300000932|00050|UDBC0172|50|EA|34|KRW|1700|20131230|1300|
C|005186|2013|50000484860037|001|4300000932|00090|UJBC0043|3|EA|353690|KRW|1061070|20131230|1300|
C|005186|2013|50000484860038|001|4300000932|00110|UALC0048|20|EA|22100|KRW|442000|20131230|1300|
C|005186|2013|50000484860039|001|4300000932|00120|UJBC0004|20|EA|4337|KRW|86740|20131230|1300|
C|005186|2013|50000484870001|001|4300000840|00060|UGCC0106|1|EA|546000|KRW|546000|20131230|1300|
C|005186|2013|50000484870002|001|4300000885|00050|UHGC0183|10|EA|16800|KRW|168000|20131230|1300|
C|005186|2013|50000484870003|001|4300000923|00020|UGCC0858|1|EA|67100|KRW|67100|20131230|1300|
C|005186|2013|50000484870004|001|4300000923|00030|UGCC0859|1|EA|79200|KRW|79200|20131230|1300|
C|005186|2013|50000484870005|001|4300000923|00040|UGCC0860|2|EA|47800|KRW|95600|20131230|1300|
C|005186|2013|50000484870006|001|4300000923|00060|UGCC0861|2|EA|46200|KRW|92400|20131230|1300|
C|005186|2013|50000484870007|001|4300000923|00070|UGCC0862|2|EA|53300|KRW|106600|20131230|1300|
C|005186|2013|50000484870008|001|4300000923|00080|UGCC0863|2|EA|17000|KRW|34000|20131230|1300|
C|005186|2013|50000484870009|001|4300000923|00090|UGCC0864|2|EA|23100|KRW|46200|20131230|1300|
C|005186|2013|50000484870010|001|4300000923|00120|UGCC0865|2|EA|35200|KRW|70400|20131230|1300|
C|005186|2013|50000484870011|001|4300000923|00150|UGCC0866|5|EA|27500|KRW|137500|20131230|1300|
C|005186|2013|50000484870012|001|4300000925|00010|UGCC0847|1|EA|147870|KRW|147870|20131230|1300|
C|005186|2013|50000484870013|001|4300000925|00020|UHFC0401|5|EA|13200|KRW|66000|20131230|1300|
C|005186|2013|50000484870014|001|4300000925|00120|UGCC0857|2|EA|385000|KRW|770000|20131230|1300|
