C|005186|2020|50006023330001|001|4300018630|00020|UCAC0291|1|EA|648000|KRW|648000|20201123|1300|
C|005186|2020|50006023330002|001|4300018630|00030|UHTC0569|1|EA|208400|KRW|208400|20201123|1300|
C|005186|2020|50006023340001|001|4300018638|00010|UALC0119|6000|EA|10000|KRW|120000|20201123|1300|
C|005186|2020|50006023340002|001|4300018638|00020|UALC0118|6000|EA|55000|KRW|660000|20201123|1300|
C|005186|2020|50006023350001|001|4300018635|00020|UEBC1079|3|EA|28700|KRW|86100|20201123|1300|
C|005186|2020|50006023350002|001|4300018635|00040|UEBC1405|10|EA|33600|KRW|336000|20201123|1300|
C|005186|2020|50006023350003|001|4300018636|00020|UEBC1628|2|EA|123200|KRW|246400|20201123|1300|
C|005186|2020|50006023350004|001|4300018636|00030|UEBC0956|2|EA|65520|KRW|131040|20201123|1300|
C|005186|2020|50006023350005|001|4300018636|00040|UEBC0640|2|EA|82950|KRW|165900|20201123|1300|
C|005186|2020|50006023350006|001|4300018636|00050|UEBC0007|10|EA|58800|KRW|588000|20201123|1300|
C|005186|2020|50006023350007|001|4300018637|00010|UEBC1754|3|EA|128400|KRW|385200|20201123|1300|
C|005186|2020|50006023350008|001|4300018637|00020|UEBC1711|2|EA|750750|KRW|1501500|20201123|1300|
