C|005186|2013|50000175160001|001|4300000328|00010|KE030011|15|EA|8190|KRW|122850|20130715|1300|
C|005186|2013|50000175160002|001|4300000328|00020|KE030114|2|EA|63840|KRW|127680|20130715|1300|
C|005186|2013|50000175160003|001|4300000328|00030|KE030200|4|EA|15230|KRW|60920|20130715|1300|
C|005186|2013|50000175160004|001|4300000328|00040|KE090101|6|EA|24680|KRW|148080|20130715|1300|
C|005186|2013|50000175160005|001|4300000328|00050|KE090106|7|EA|15370|KRW|107590|20130715|1300|
C|005186|2013|50000175160006|001|4300000328|00060|KE090116|2|EA|28040|KRW|56080|20130715|1300|
C|005186|2013|50000175160007|001|4300000328|00070|KE090165|2|EA|165900|KRW|331800|20130715|1300|
C|005186|2013|50000175160008|001|4300000328|00080|KE110200|10|EA|65100|KRW|651000|20130715|1300|
C|005186|2013|50000175160009|001|4300000328|00090|KE180203|30|EA|13650|KRW|409500|20130715|1300|
C|005186|2013|50000175160010|001|4300000328|00100|KE190003|23|EA|29300|KRW|673900|20130715|1300|
C|005186|2013|50000175160011|001|4300000328|00110|KE210001|1|EA|53030|KRW|53030|20130715|1300|
C|005186|2013|50000175160012|001|4300000328|00120|KE230003|200|EA|1870|KRW|374000|20130715|1300|
C|005186|2013|50000175160013|001|4300000328|00130|KE231001|29|EA|16150|KRW|468350|20130715|1300|
C|005186|2013|50000175160014|001|4300000328|00140|KE231406|21|EA|7140|KRW|149940|20130715|1300|
C|005186|2013|50000175160015|001|4300000328|00150|KE270300|80|EA|470|KRW|37600|20130715|1300|
C|005186|2013|50000175160016|001|4300000328|00160|KE280401|6|EA|20800|KRW|124800|20130715|1300|
C|005186|2013|50000175160017|001|4300000328|00170|KE281401|40|EA|840|KRW|33600|20130715|1300|
C|005186|2013|50000175160018|001|4300000328|00180|KH990100|4|EA|27220|KRW|108880|20130715|1300|
C|005186|2013|50000175160019|001|4300000328|00190|KH990101|4|EA|7250|KRW|29000|20130715|1300|
C|005186|2013|50000175160020|001|4300000328|00200|KP150400|300|EA|170|KRW|51000|20130715|1300|
C|005186|2013|50000175160021|001|4300000329|00010|KS061505|2|EA|6230|KRW|12460|20130715|1300|
C|005186|2013|50000175160022|001|4300000329|00020|KS061507|2|EA|8260|KRW|16520|20130715|1300|
C|005186|2013|50000175160023|001|4300000329|00030|KS061508|4|EA|10510|KRW|42040|20130715|1300|
C|005186|2013|50000175160024|001|4300000329|00040|KS064004|6|EA|16300|KRW|97800|20130715|1300|
C|005186|2013|50000175160025|001|4300000329|00050|KS066902|2|EA|1540|KRW|3080|20130715|1300|
C|005186|2013|50000175160026|001|4300000329|00060|KS066905|2|EA|2260|KRW|4520|20130715|1300|
C|005186|2013|50000175160027|001|4300000329|00070|KS067001|5|EA|1400|KRW|7000|20130715|1300|
C|005186|2013|50000175160028|001|4300000329|00080|KS067004|5|EA|2000|KRW|10000|20130715|1300|
C|005186|2013|50000175160029|001|4300000329|00090|KS067006|2|EA|3120|KRW|6240|20130715|1300|
C|005186|2013|50000175160030|001|4300000329|00100|KS067208|10|EA|7940|KRW|79400|20130715|1300|
C|005186|2013|50000175160031|001|4300000329|00110|KS080705|2|EA|18500|KRW|37000|20130715|1300|
C|005186|2013|50000175160032|001|4300000329|00120|KS080711|3|EA|32300|KRW|96900|20130715|1300|
C|005186|2013|50000175160033|001|4300000329|00130|KS080721|8|EA|71710|KRW|573680|20130715|1300|
C|005186|2013|50000175160034|001|4300000329|00140|KS990007|10|EA|51450|KRW|514500|20130715|1300|
C|005186|2013|50000175160035|001|4300000329|00150|KT020003|2|EA|5600|KRW|11200|20130715|1300|
C|005186|2013|50000175160036|001|4300000329|00160|KT020004|2|EA|5600|KRW|11200|20130715|1300|
C|005186|2013|50000175160037|001|4300000329|00170|KT020006|2|EA|6250|KRW|12500|20130715|1300|
C|005186|2013|50000175160038|001|4300000329|00180|KT020007|4|EA|6860|KRW|27440|20130715|1300|
C|005186|2013|50000175160039|001|4300000329|00190|KT020008|2|EA|8030|KRW|16060|20130715|1300|
C|005186|2013|50000175160040|001|4300000329|00200|KT020009|4|EA|8030|KRW|32120|20130715|1300|
C|005186|2013|50000175160041|001|4300000329|00210|KT020010|2|EA|10190|KRW|20380|20130715|1300|
C|005186|2013|50000175160042|001|4300000329|00220|KT020011|3|EA|10400|KRW|31200|20130715|1300|
C|005186|2013|50000175160043|001|4300000329|00230|KT020014|3|EA|14490|KRW|43470|20130715|1300|
C|005186|2013|50000175160044|001|4300000329|00240|KT020021|1|EA|28350|KRW|28350|20130715|1300|
C|005186|2013|50000175160045|001|4300000329|00250|KT020500|30|EA|3110|KRW|93300|20130715|1300|
C|005186|2013|50000175160046|001|4300000329|00260|KT020600|3|EA|14910|KRW|44730|20130715|1300|
C|005186|2013|50000175160047|001|4300000329|00270|KT020620|12|EA|290|KRW|3480|20130715|1300|
C|005186|2013|50000175160048|001|4300000329|00280|KT020700|8|EA|2680|KRW|21440|20130715|1300|
C|005186|2013|50000175160049|001|4300000329|00290|KT020704|15|EA|610|KRW|9150|20130715|1300|
C|005186|2013|50000175160050|001|4300000329|00300|KT080110|2|EA|25440|KRW|50880|20130715|1300|
C|005186|2013|50000175160051|001|4300000329|00310|KT080300|20.000|KG|2770|KRW|55400|20130715|1300|
C|005186|2013|50000175160052|001|4300000329|00320|KT080311|1|EA|72980|KRW|72980|20130715|1300|
C|005186|2013|50000175160053|001|4300000329|00330|KT080520|5|EA|2760|KRW|13800|20130715|1300|
C|005186|2013|50000175160054|001|4300000329|00340|KT990001|190|EA|510|KRW|96900|20130715|1300|
C|005186|2013|50000175160055|001|4300000329|00350|KT990010|150|EA|370|KRW|55500|20130715|1300|
C|005186|2013|50000175160056|001|4300000347|00010|KS066900|28|EA|1290|KRW|36120|20130715|1300|
C|005186|2013|50000175160057|001|4300000347|00020|KS066901|16|EA|1290|KRW|20640|20130715|1300|
C|005186|2013|50000175170001|001|4300000286|00010|UHGC0092|1|EA|500000|KRW|500000|20130715|1300|
C|005186|2013|50000175170002|001|4300000286|00020|UHFC0231|3|EA|2405|KRW|7215|20130715|1300|
C|005186|2013|50000175170003|001|4300000286|00030|UIEC0037|1|EA|236500|KRW|236500|20130715|1300|
C|005186|2013|50000175170004|001|4300000292|00010|UHTC0465|30|EA|13890|KRW|416700|20130715|1300|
C|005186|2013|50000175170005|001|4300000292|00020|UHEC0009|2|EA|91880|KRW|183760|20130715|1300|
C|005186|2013|50000175170006|001|4300000293|00010|UHGC0053|5|EA|22940|KRW|114700|20130715|1300|
C|005186|2013|50000175170007|001|4300000293|00020|UHGC0235|5|EA|22950|KRW|114750|20130715|1300|
C|005186|2013|50000175170008|001|4300000294|00010|UHHC0068|1|EA|960750|KRW|960750|20130715|1300|
C|005186|2013|50000175170009|001|4300000294|00030|UHFC0293|3|EA|41580|KRW|124740|20130715|1300|
C|005186|2013|50000175170010|001|4300000295|00010|UHFC0336|2|EA|82950|KRW|165900|20130715|1300|
C|005186|2013|50000175170011|001|4300000295|00020|UHFC0164|100|EA|210|KRW|21000|20130715|1300|
C|005186|2013|50000175170012|001|4300000295|00040|UHDC0100|50|EA|2970|KRW|148500|20130715|1300|
C|005186|2013|50000175170013|001|4300000295|00050|UHDC0106|50|EA|1260|KRW|63000|20130715|1300|
C|005186|2013|50000175170014|001|4300000295|00060|UHDC0104|100|EA|1160|KRW|116000|20130715|1300|
C|005186|2013|50000175170015|001|4300000295|00070|UHDC0102|100|EA|998|KRW|99800|20130715|1300|
C|005186|2013|50000175170016|001|4300000295|00080|UHFC0048|2|EA|22050|KRW|44100|20130715|1300|
C|005186|2013|50000175170017|001|4300000297|00010|UHFC0297|5|EA|18900|KRW|94500|20130715|1300|
C|005186|2013|50000175170018|001|4300000297|00020|UHCC0018|1|EA|922100|KRW|922100|20130715|1300|
C|005186|2013|50000175170019|001|4300000297|00030|UHGC0129|1|EA|612680|KRW|612680|20130715|1300|
C|005186|2013|50000175170020|001|4300000299|00010|UHFC0289|3|EA|41600|KRW|124800|20130715|1300|
C|005186|2013|50000175170021|001|4300000300|00010|UGAC0053|3|EA|69880|KRW|209640|20130715|1300|
C|005186|2013|50000175170022|001|4300000301|00040|UGBC1086|3|EA|147000|KRW|441000|20130715|1300|
C|005186|2013|50000175170023|001|4300000301|00050|UGBC0481|10|EA|15225|KRW|152250|20130715|1300|
C|005186|2013|50000175170024|001|4300000301|00060|UGBC0197|10|EA|9350|KRW|93500|20130715|1300|
C|005186|2013|50000175170025|001|4300000301|00070|UGBC0193|10|EA|2630|KRW|26300|20130715|1300|
C|005186|2013|50000175170026|001|4300000301|00080|UKEC0038|1|EA|27300|KRW|27300|20130715|1300|
C|005186|2013|50000175170027|001|4300000301|00090|UKEC0059|4|EA|19950|KRW|79800|20130715|1300|
C|005186|2013|50000175170028|001|4300000301|00100|UGBC0622|20|EA|1050|KRW|21000|20130715|1300|
C|005186|2013|50000175170029|001|4300000303|00020|UHHC0069|1|EA|412650|KRW|412650|20130715|1300|
C|005186|2013|50000175170030|001|4300000303|00050|UHFC0336|2|EA|82950|KRW|165900|20130715|1300|
C|005186|2013|50000175170031|001|4300000303|00060|UHFC0337|1|EA|104210|KRW|104210|20130715|1300|
C|005186|2013|50000175170032|001|4300000303|00080|UHDC0165|1|EA|111300|KRW|111300|20130715|1300|
C|005186|2013|50000175170033|001|4300000303|00090|UHDC0168|1|EA|135800|KRW|135800|20130715|1300|
C|005186|2013|50000175170034|001|4300000304|00010|UHHC0073|100|M|7140|KRW|714000|20130715|1300|
C|005186|2013|50000175170035|001|4300000304|00020|UHDC0162|4|EA|14700|KRW|58800|20130715|1300|
C|005186|2013|50000175170036|001|4300000321|00010|UHFC0008|10|EA|3990|KRW|39900|20130715|1300|
C|005186|2013|50000175170037|001|4300000321|00020|UHFC0009|10|EA|4520|KRW|45200|20130715|1300|
C|005186|2013|50000175170038|001|4300000321|00030|UHHC0122|10|EA|14280|KRW|142800|20130715|1300|
C|005186|2013|50000175170039|001|4300000321|00040|UHDC0007|50|EA|210|KRW|10500|20130715|1300|
C|005186|2013|50000175170040|001|4300000321|00050|UHGC0134|2|EA|756000|KRW|1512000|20130715|1300|
C|005186|2013|50000175170041|001|4300000321|00060|UGAC0053|1|EA|69880|KRW|69880|20130715|1300|
C|005186|2013|50000175170042|001|4300000322|00010|UHHC0116|1|EA|215250|KRW|215250|20130715|1300|
C|005186|2013|50000175170043|001|4300000322|00020|UHFC0338|1|EA|141750|KRW|141750|20130715|1300|
C|005186|2013|50000175170044|001|4300000322|00030|UEBC0139|5|EA|11210|KRW|56050|20130715|1300|
C|005186|2013|50000175170045|001|4300000322|00040|UEBC0240|10|EA|3390|KRW|33900|20130715|1300|
C|005186|2013|50000175170046|001|4300000323|00020|UHFC0376|3|EA|52640|KRW|157920|20130715|1300|
C|005186|2013|50000175170047|001|4300000325|00010|UAGC0273|10|EA|1550|KRW|15500|20130715|1300|
C|005186|2013|50000175170048|001|4300000325|00020|UAGC0277|10|EA|1870|KRW|18700|20130715|1300|
C|005186|2013|50000175170049|001|4300000325|00030|UAGC0286|10|EA|2625|KRW|26250|20130715|1300|
C|005186|2013|50000175170050|001|4300000325|00040|UAGC0294|10|EA|4390|KRW|43900|20130715|1300|
C|005186|2013|50000175170051|001|4300000325|00050|UAGC0303|10|EA|6440|KRW|64400|20130715|1300|
C|005186|2013|50000175170052|001|4300000325|00060|UHGC0092|2|EA|500000|KRW|1000000|20130715|1300|
C|005186|2013|50000175170053|001|4300000348|00010|UGBC0545|5|EA|50400|KRW|252000|20130715|1300|
C|005186|2013|50000175170054|001|4300000348|00020|UGBC0913|10|EA|36225|KRW|362250|20130715|1300|
C|005186|2013|50000175170055|001|4300000348|00030|UDBC0267|50|EA|720|KRW|36000|20130715|1300|
C|005186|2013|50000175170056|001|4300000348|00040|UDBC0272|50|EA|2260|KRW|113000|20130715|1300|
C|005186|2013|50000175170057|001|4300000348|00050|UGBC0553|20|EA|12600|KRW|252000|20130715|1300|
C|005186|2013|50000175170058|001|4300000348|00060|UEBC1018|4|EA|21600|KRW|86400|20130715|1300|
C|005186|2013|50000175170059|001|4300000349|00010|UHGC0042|3|EA|18900|KRW|56700|20130715|1300|
C|005186|2013|50000175170060|001|4300000349|00020|UHGC0050|5|EA|22050|KRW|110250|20130715|1300|
