C|005186|2018|50004282210001|001|4300010487|00010|UHFC0122|1|EA|135030|KRW|135030|20180629|1300|
C|005186|2018|50004282210002|001|4300010490|00020|UHHC0136|2|EA|96600|KRW|193200|20180629|1300|
C|005186|2018|50004282210003|001|4300010494|00010|UHFC0150|10|EA|496000|KRW|496000|20180629|1300|
C|005186|2018|50004282210004|001|4300010494|00020|UHGC0333|2|EA|205800|KRW|411600|20180629|1300|
C|005186|2018|50004282210005|001|4300010494|00030|UHTC0156|10|EA|102900|KRW|1029000|20180629|1300|
C|005186|2018|50004282210006|001|4300010495|00010|UHNC0052|1|EA|232000|KRW|232000|20180629|1300|
C|005186|2018|50004282210007|001|4300010495|00020|UHNC0093|1|EA|154000|KRW|154000|20180629|1300|
C|005186|2018|50004282210008|001|4300010495|00030|UHNC0082|1|EA|285600|KRW|285600|20180629|1300|
C|005186|2018|50004282210009|001|4300010495|00040|UHNC0080|1|EA|286320|KRW|286320|20180629|1300|
C|005186|2018|50004282210010|001|4300010495|00060|UHGC0324|5|EA|34750|KRW|34750|20180629|1300|
C|005186|2018|50004282210011|001|4300010495|00070|UHGC0294|5|EA|96460|KRW|482300|20180629|1300|
C|005186|2018|50004282210012|001|4300010495|00080|UHFC0356|3|EA|50400|KRW|151200|20180629|1300|
C|005186|2018|50004282210013|001|4300010495|00090|UHHC0208|5|EA|77910|KRW|77910|20180629|1300|
C|005186|2018|50004282210014|001|4300010496|00010|UHFC0443|1|EA|1390000|KRW|1390000|20180629|1300|
C|005186|2018|50004282210015|001|4300010576|00010|UHFC0096|6|EA|47880|KRW|287280|20180629|1300|
C|005186|2018|50004282210016|001|4300010576|00020|UHTC0449|20|EA|19000|KRW|38000|20180629|1300|
C|005186|2018|50004282210017|001|4300010580|00010|UHNC0117|1|EA|832700|KRW|832700|20180629|1300|
C|005186|2018|50004282210018|001|4300010580|00020|UHNC0057|1|EA|816270|KRW|816270|20180629|1300|
C|005186|2018|50004282210019|001|4300010580|00030|UHHC0206|2|EA|116600|KRW|233200|20180629|1300|
C|005186|2018|50004282210020|001|4300010581|00020|UHTC0156|10|EA|102900|KRW|1029000|20180629|1300|
C|005186|2018|50004282210021|001|4300010582|00010|UHTC0440|5|EA|411000|KRW|411000|20180629|1300|
C|005186|2018|50004282210022|001|4300010582|00020|UHBC0022|1|EA|430360|KRW|430360|20180629|1300|
C|005186|2018|50004282210023|001|4300010588|00010|UHDC0198|100|EA|525000|KRW|1050000|20180629|1300|
C|005186|2018|50004282210024|001|4300010590|00010|UHDC0199|100|EA|525000|KRW|1050000|20180629|1300|
C|005186|2018|50004282210025|001|4300010591|00170|UGAC0083|2|EA|33500|KRW|67000|20180629|1300|
C|005186|2018|50004282210026|001|4300010591|00180|UGAC0085|1|EA|31500|KRW|31500|20180629|1300|
C|005186|2018|50004282270001|001|4300010593|00010|UAGC0443|1|EA|109500|KRW|109500|20180629|1300|
C|005186|2018|50004282270002|001|4300010595|00010|UEBC1386|1|EA|1240000|KRW|1240000|20180629|1300|
C|005186|2018|50004282270003|001|4300010599|00010|UEBC1386|1|EA|1240000|KRW|1240000|20180629|1300|
C|005186|2018|50004282270004|001|4300010604|00010|UGBC1455|3|EA|286200|KRW|858600|20180629|1300|
C|005186|2018|50004282270005|001|4300010604|00020|UGCC1060|3|EA|100500|KRW|301500|20180629|1300|
C|005186|2018|50004282270006|001|4300010604|00030|UAEC0079|3|EA|12075|KRW|36225|20180629|1300|
C|005186|2018|50004282270007|001|4300010604|00040|UICC0051|2|EA|1050|KRW|2100|20180629|1300|
C|005186|2018|50004282270008|001|4300010604|00050|UICC0060|2|EA|11600|KRW|23200|20180629|1300|
C|005186|2018|50004282270009|001|4300010604|00060|UDBC0442|200|EA|7000|KRW|14000|20180629|1300|
C|005186|2018|50004282270010|001|4300010604|00090|UAEC0454|50|EA|63000|KRW|630000|20180629|1300|
C|005186|2018|50004282270011|001|4300010605|00030|UAEC0055|2|EA|30760|KRW|30760|20180629|1300|
C|005186|2018|50004282270012|001|4300010607|00020|UAEC0095|4|EA|22630|KRW|90520|20180629|1300|
C|005186|2018|50004282270013|001|4300010608|00020|UKEC0108|1|EA|137020|KRW|137020|20180629|1300|
C|005186|2018|50004282270014|001|4300010609|00020|UGCC0511|1|EA|41060|KRW|41060|20180629|1300|
C|005186|2018|50004282270015|001|4300010614|00010|KS990007|6|EA|51450|KRW|308700|20180629|1300|
C|005186|2018|50004282270016|001|4300010614|00020|KT020006|2|EA|6250|KRW|12500|20180629|1300|
C|005186|2018|50004282270017|001|4300010614|00030|KT020007|5|EA|6860|KRW|34300|20180629|1300|
C|005186|2018|50004282270018|001|4300010614|00040|KT020008|2|EA|8030|KRW|16060|20180629|1300|
C|005186|2018|50004282270019|001|4300010614|00050|KT020011|4|EA|10400|KRW|41600|20180629|1300|
C|005186|2018|50004282270020|001|4300010614|00060|KT020012|2|EA|13110|KRW|26220|20180629|1300|
C|005186|2018|50004282270021|001|4300010614|00070|KT020013|2|EA|13110|KRW|26220|20180629|1300|
C|005186|2018|50004282270022|001|4300010614|00080|KT020015|2|EA|15720|KRW|31440|20180629|1300|
C|005186|2018|50004282270023|001|4300010614|00090|KT020021|1|EA|28350|KRW|28350|20180629|1300|
C|005186|2018|50004282270024|001|4300010614|00100|KT020500|20|EA|31100|KRW|62200|20180629|1300|
C|005186|2018|50004282270025|001|4300010614|00110|KT020610|1|EA|29150|KRW|29150|20180629|1300|
C|005186|2018|50004282270026|001|4300010614|00120|KT020700|23|EA|2680|KRW|61640|20180629|1300|
C|005186|2018|50004282270027|001|4300010614|00130|KT080110|2|EA|25440|KRW|50880|20180629|1300|
C|005186|2018|50004282270028|001|4300010614|00140|KT080520|3|EA|2760|KRW|8280|20180629|1300|
C|005186|2018|50004282270029|001|4300010614|00150|KT990001|100|EA|5100|KRW|51000|20180629|1300|
C|005186|2018|50004282270030|001|4300010614|00160|KT990010|200|EA|3700|KRW|74000|20180629|1300|
C|005186|2018|50004282270031|001|4300010614|00170|KT990030|2|EA|2630|KRW|5260|20180629|1300|
C|005186|2018|50004282270032|001|4300010617|00010|UEBC1033|12|EA|25050|KRW|300600|20180629|1300|
C|005186|2018|50004282270033|001|4300010617|00020|UDBC0008|100|EA|871500|KRW|871500|20180629|1300|
C|005186|2018|50004282340001|001|4300010457|00050|CMZ0006|40|EA|1170|KRW|46800|20180629|1300|
C|005186|2018|50004282340002|001|4300010591|00110|UJAC0068|2|EA|12140|KRW|12140|20180629|1300|
C|005186|2018|50004282340003|001|4300010591|00120|UJAC0067|2|EA|11120|KRW|11120|20180629|1300|
C|005186|2018|50004282340004|001|4300010597|00010|UJBC0060|1|EA|48480|KRW|48480|20180629|1300|
C|005186|2018|50004282390001|001|4300010594|00010|UEBC0418|2|EA|40580|KRW|40580|20180629|1300|
C|005186|2018|50004282390002|001|4300010598|00010|UEAC0030|1|EA|314820|KRW|314820|20180629|1300|
C|005186|2018|50004282390003|001|4300010602|00010|UEAC0140|2|EA|47700|KRW|95400|20180629|1300|
C|005186|2018|50004282390004|001|4300010605|00010|UAEC0357|100|EA|289500|KRW|579000|20180629|1300|
C|005186|2018|50004282390005|001|4300010605|00020|UAEC0414|100|EA|291500|KRW|583000|20180629|1300|
C|005186|2018|50004282390006|001|4300010607|00010|UEBC0155|150|EA|411500|KRW|1234500|20180629|1300|
C|005186|2018|50004282390007|001|4300010609|00030|UEBC0155|100|EA|411500|KRW|823000|20180629|1300|
C|005186|2018|50004282390008|001|4300010612|00010|UEBC1387|2|EA|292560|KRW|585120|20180629|1300|
C|005186|2018|50004282390009|001|4300010613|00010|UEBC1388|4|EA|360400|KRW|1441600|20180629|1300|
C|005186|2018|50004282390010|001|4300010614|00180|KS061502|6|EA|2970|KRW|17820|20180629|1300|
C|005186|2018|50004282390011|001|4300010614|00190|KS061503|14|EA|3150|KRW|44100|20180629|1300|
C|005186|2018|50004282390012|001|4300010614|00200|KS061505|2|EA|6230|KRW|12460|20180629|1300|
C|005186|2018|50004282390013|001|4300010614|00210|KS066900|5|EA|1290|KRW|6450|20180629|1300|
C|005186|2018|50004282390014|001|4300010614|00220|KS066901|2|EA|1290|KRW|2580|20180629|1300|
C|005186|2018|50004282390015|001|4300010614|00230|KS066904|2|EA|2000|KRW|4000|20180629|1300|
C|005186|2018|50004282390016|001|4300010614|00240|KS067001|2|EA|1400|KRW|2800|20180629|1300|
C|005186|2018|50004282390017|001|4300010614|00250|KS067006|4|EA|3120|KRW|12480|20180629|1300|
C|005186|2018|50004282390018|001|4300010614|00260|KS067208|2|EA|7940|KRW|15880|20180629|1300|
C|005186|2018|50004282390019|001|4300010614|00270|KS080705|4|EA|18500|KRW|74000|20180629|1300|
C|005186|2018|50004282390020|001|4300010614|00280|KS080711|5|EA|32300|KRW|161500|20180629|1300|
C|005186|2018|50004282390021|001|4300010614|00290|KS080721|3|EA|71710|KRW|215130|20180629|1300|
C|005186|2018|50004282430001|001|4300010440|00010|UGBC1268|1|EA|1050000|KRW|1050000|20180629|1300|
C|005186|2018|50004282430002|001|4300010441|00010|UCIC0052|1|EA|947400|KRW|947400|20180629|1300|
C|005186|2018|50004282430003|001|4300010441|00020|UCIC0200|2|EA|636000|KRW|636000|20180629|1300|
C|005186|2018|50004282430004|001|4300010467|00040|UGBC1337|1|EA|1263160|KRW|1263160|20180629|1300|
C|005186|2018|50004282430005|001|4300010468|00010|UGBC1246|1|EA|1821100|KRW|1821100|20180629|1300|
C|005186|2018|50004282430006|001|4300010488|00010|UGCC1404|1|EA|1980000|KRW|1980000|20180629|1300|
C|005186|2018|50004282430007|001|4300010490|00010|UCIC0068|1|EA|556500|KRW|556500|20180629|1300|
C|005186|2018|50004282430008|001|4300010578|00030|UGBC1379|20|EA|20000|KRW|40000|20180629|1300|
C|005186|2018|50004282430009|001|4300010578|00040|UGBC1287|20|EA|116000|KRW|232000|20180629|1300|
C|005186|2018|50004282430010|001|4300010601|00010|UGBC1360|2|EA|212000|KRW|424000|20180629|1300|
C|005186|2018|50004282470001|001|4300010576|00040|UHTC0805|10|EA|636000|KRW|636000|20180629|1300|
C|005186|2018|50004282470002|001|4300010577|00010|UHTC0757|5|EA|238500|KRW|238500|20180629|1300|
C|005186|2018|50004282470003|001|4300010577|00020|UHTC0831|18|EA|62000|KRW|1116000|20180629|1300|
C|005186|2018|50004282470004|001|4300010581|00010|UHTC0846|10|EA|159000|KRW|795000|20180629|1300|
C|005186|2018|50004282520001|001|4300010602|00030|UHBC0022|2|EA|430360|KRW|860720|20180629|1300|
C|005186|2018|50004282520002|001|4300010602|00040|UHTC0800|5|EA|795000|KRW|795000|20180629|1300|
C|005186|2018|50004282520003|001|4300010602|00050|UHFC0008|20|EA|39900|KRW|79800|20180629|1300|
C|005186|2018|50004282520004|001|4300010602|00060|UHFC0009|10|EA|45200|KRW|45200|20180629|1300|
C|005186|2018|50004282520005|001|4300010602|00070|UHHC0191|100|EA|23000|KRW|23000|20180629|1300|
C|005186|2018|50004282520006|001|4300010602|00080|UHTC0265|20|EA|5800|KRW|11600|20180629|1300|
C|005186|2018|50004282520007|001|4300010603|00010|UHGC0151|10|EA|94700|KRW|94700|20180629|1300|
C|005186|2018|50004282520008|001|4300010603|00020|UHFC0075|20|EA|136300|KRW|272600|20180629|1300|
C|005186|2018|50004282520009|001|4300010603|00030|UHFC0100|10|EA|135000|KRW|135000|20180629|1300|
C|005186|2018|50004282520010|001|4300010603|00040|UHBC0017|1|EA|758000|KRW|758000|20180629|1300|
