C|005186|2020|50005702540001|001|4300016933|00010|UGBC0662|10|EA|1050000|KRW|2100000|20200611|1300|
C|005186|2020|50005702540002|001|4300016934|00010|UGBC1396|5|EA|212000|KRW|1060000|20200611|1300|
C|005186|2020|50005702540003|001|4300016934|00020|UGBC1397|10|EA|201500|KRW|403000|20200611|1300|
C|005186|2020|50005702540004|001|4300016934|00030|UDAC0310|20|EA|20600|KRW|41200|20200611|1300|
C|005186|2020|50005702540005|001|4300016934|00040|UCIC0108|1|EA|132300|KRW|132300|20200611|1300|
C|005186|2020|50005702540006|001|4300016934|00100|UGCC0040|2|EA|57750|KRW|115500|20200611|1300|
C|005186|2020|50005702540007|001|4300016935|00010|UGBC1398|10|EA|392500|KRW|785000|20200611|1300|
C|005186|2020|50005702540008|001|4300016935|00020|UGBC0647|2|EA|385000|KRW|770000|20200611|1300|
C|005186|2020|50005702540009|001|4300016936|00010|UCIC0246|1|EA|610000|KRW|610000|20200611|1300|
C|005186|2020|50005702540010|001|4300016936|00020|UCIC0210|1|EA|1219000|KRW|1219000|20200611|1300|
C|005186|2020|50005702540011|001|4300016937|00010|UCIC0033|1|EA|840000|KRW|840000|20200611|1300|
C|005186|2020|50005702540012|001|4300016937|00020|UGBC0657|1|EA|840000|KRW|840000|20200611|1300|
C|005186|2020|50005702540013|001|4300016938|00010|UCIC0210|1|EA|1219000|KRW|1219000|20200611|1300|
C|005186|2020|50005702550001|001|4300016809|00020|UHTC0893|4|EA|63600|KRW|254400|20200611|1300|
C|005186|2020|50005702550002|001|4300016907|00020|UHTC0830|25|EA|68500|KRW|1712500|20200611|1300|
C|005186|2020|50005702550003|001|4300017066|00010|UZZC0184|1|EA|147000|KRW|147000|20200611|1300|
C|005186|2020|50005702550004|001|4300017067|00010|UDDC0323|5|EA|45500|KRW|227500|20200611|1300|
C|005186|2020|50005702550005|001|4300017067|00050|UDEC0056|1|EA|39960|KRW|39960|20200611|1300|
C|005186|2020|50005702550006|001|4300017071|00010|UAGC0507|2|EA|11550|KRW|23100|20200611|1300|
C|005186|2020|50005702550007|001|4300017071|00030|UKBC0014|1|EA|52500|KRW|52500|20200611|1300|
C|005186|2020|50005702550008|001|4300017073|00010|UDFC0122|10|EA|656500|KRW|1313000|20200611|1300|
C|005186|2020|50005702550009|001|4300017086|00050|UAGC0193|100|EA|162750|KRW|325500|20200611|1300|
C|005186|2020|50005702560001|001|4300017063|00050|KS990007|5|EA|51450|KRW|257250|20200611|1300|
C|005186|2020|50005702560002|001|4300017067|00070|UAHC0017|1|EA|332630|KRW|332630|20200611|1300|
C|005186|2020|50005702560003|001|4300017072|00100|UGCC0019|1|EA|97650|KRW|97650|20200611|1300|
C|005186|2020|50005702560004|001|4300017083|00040|UGCC0507|1|EA|24200|KRW|24200|20200611|1300|
C|005186|2020|50005702560005|001|4300017085|00030|UGCC0218|30|EA|28770|KRW|86310|20200611|1300|
C|005186|2020|50005702570001|001|4300017067|00090|UHTC0870|3|EA|85800|KRW|257400|20200611|1300|
C|005186|2020|50005702570002|001|4300017069|00020|UEBC0507|12|EA|6384|KRW|76608|20200611|1300|
C|005186|2020|50005702570003|001|4300017070|00070|UGAC0053|1|EA|69880|KRW|69880|20200611|1300|
C|005186|2020|50005702570004|001|4300017085|00020|UGCC0604|5|EA|9780|KRW|48900|20200611|1300|
C|005186|2020|50005702570005|001|4300017086|00010|UGAC0111|1|EA|720300|KRW|720300|20200611|1300|
C|005186|2020|50005702580001|001|4300017063|00010|KH990101|4|EA|7250|KRW|29000|20200611|1300|
C|005186|2020|50005702580002|001|4300017063|00020|KP150400|100|EA|17000|KRW|17000|20200611|1300|
C|005186|2020|50005702580003|001|4300017063|00060|KT020003|1|EA|5600|KRW|5600|20200611|1300|
C|005186|2020|50005702580004|001|4300017063|00070|KT020004|1|EA|5600|KRW|5600|20200611|1300|
C|005186|2020|50005702580005|001|4300017063|00080|KT020013|1|EA|13110|KRW|13110|20200611|1300|
C|005186|2020|50005702580006|001|4300017063|00090|KT020017|2|EA|18730|KRW|37460|20200611|1300|
C|005186|2020|50005702580007|001|4300017063|00100|KT020021|1|EA|28350|KRW|28350|20200611|1300|
C|005186|2020|50005702580008|001|4300017063|00110|KT020500|20|EA|31100|KRW|62200|20200611|1300|
C|005186|2020|50005702580009|001|4300017063|00120|KT020705|3|EA|1390|KRW|4170|20200611|1300|
C|005186|2020|50005702580010|001|4300017063|00130|KT080311|2|EA|72980|KRW|145960|20200611|1300|
C|005186|2020|50005702580011|001|4300017063|00140|KT080520|4|EA|2760|KRW|11040|20200611|1300|
C|005186|2020|50005702580012|001|4300017063|00150|KT990001|200|EA|5100|KRW|102000|20200611|1300|
C|005186|2020|50005702580013|001|4300017063|00160|KT990010|50|EA|3700|KRW|18500|20200611|1300|
C|005186|2020|50005702590001|001|4300017063|00030|KS061504|3|EA|4050|KRW|12150|20200611|1300|
C|005186|2020|50005702590002|001|4300017063|00040|KS061505|10|EA|6230|KRW|62300|20200611|1300|
C|005186|2020|50005702590003|001|4300017069|00100|UEBC0649|2|EA|124740|KRW|249480|20200611|1300|
C|005186|2020|50005702590004|001|4300017070|00040|UCIC0016|1|EA|37470|KRW|37470|20200611|1300|
C|005186|2020|50005702590005|001|4300017078|00040|UEAC0102|2|EA|128430|KRW|256860|20200611|1300|
C|005186|2020|50005702590006|001|4300017081|00010|UDAC0432|2000|EA|31|KRW|62000|20200611|1300|
C|005186|2020|50005702600001|001|4300017067|00040|UEBC1493|4|EA|26400|KRW|105600|20200611|1300|
C|005186|2020|50005702600002|001|4300017067|00100|UDBC0904|1|EA|340000|KRW|340000|20200611|1300|
C|005186|2020|50005702600003|001|4300017068|00010|UEBC1394|2|EA|731400|KRW|1462800|20200611|1300|
C|005186|2020|50005702600004|001|4300017068|00020|UEBC1715|2|EA|38850|KRW|77700|20200611|1300|
C|005186|2020|50005702600005|001|4300017068|00030|UDBC0903|2|EA|211000|KRW|422000|20200611|1300|
C|005186|2020|50005702600006|001|4300017083|00010|UEBC0640|20|EA|82950|KRW|1659000|20200611|1300|
C|005186|2020|50005702600007|001|4300017083|00020|UDAC0093|20|EA|53|KRW|1060|20200611|1300|
C|005186|2020|50005702600008|001|4300017083|00030|UEBC0007|4|EA|58800|KRW|235200|20200611|1300|
C|005186|2020|50005702600009|001|4300017084|00010|UDBC0770|3|EA|195486|KRW|586458|20200611|1300|
C|005186|2020|50005702600010|001|4300017084|00020|UEBC0170|2|EA|705600|KRW|1411200|20200611|1300|
C|005186|2020|50005702600011|001|4300017085|00010|UEBC1505|4|EA|454000|KRW|1816000|20200611|1300|
C|005186|2020|50005702600012|001|4300017086|00030|UDBC1098|200|EA|231000|KRW|462000|20200611|1300|
C|005186|2020|50005702600013|001|4300017086|00040|UEBC1382|1|EA|80140|KRW|80140|20200611|1300|
C|005186|2020|50005702610001|001|4300017069|00010|UAGC0491|100|EA|10200|KRW|102000|20200611|1300|
C|005186|2020|50005702610002|001|4300017069|00030|UAGC0550|1|EA|14220|KRW|14220|20200611|1300|
C|005186|2020|50005702610003|001|4300017069|00040|UAEC0037|3|EA|4520|KRW|13560|20200611|1300|
C|005186|2020|50005702610004|001|4300017069|00050|UAEC0038|3|EA|4520|KRW|13560|20200611|1300|
C|005186|2020|50005702610005|001|4300017069|00060|UAAC0022|2|EA|9970|KRW|19940|20200611|1300|
C|005186|2020|50005702610006|001|4300017069|00070|UAAC0023|5|EA|14070|KRW|70350|20200611|1300|
C|005186|2020|50005702610007|001|4300017069|00080|UKEC0091|100|EA|12700|KRW|127000|20200611|1300|
C|005186|2020|50005702610008|001|4300017069|00110|UZZC0012|20|EA|36750|KRW|147000|20200611|1300|
C|005186|2020|50005702610009|001|4300017069|00120|UKGC0010|2|EA|27370|KRW|54740|20200611|1300|
C|005186|2020|50005702610010|001|4300017069|00130|UJCC0010|1|EA|537000|KRW|537000|20200611|1300|
C|005186|2020|50005702610011|001|4300017070|00010|UKBC0013|5|EA|1910|KRW|9550|20200611|1300|
C|005186|2020|50005702610012|001|4300017070|00020|UAEC0021|1|EA|32130|KRW|32130|20200611|1300|
C|005186|2020|50005702610013|001|4300017070|00030|UAEC0076|1|EA|24210|KRW|24210|20200611|1300|
C|005186|2020|50005702620001|001|4300017031|00050|UHHC0207|100|EA|1696000|KRW|1696000|20200611|1300|
C|005186|2020|50005702620002|001|4300017078|00010|UHFC0206|10|EA|9450|KRW|94500|20200611|1300|
C|005186|2020|50005702620003|001|4300017078|00020|UHCC0018|1|EA|922100|KRW|922100|20200611|1300|
C|005186|2020|50005702620004|001|4300017078|00030|UHDC0259|5|EA|56180|KRW|280900|20200611|1300|
C|005186|2020|50005702620005|001|4300017078|00050|UHTC0548|10|EA|84700|KRW|84700|20200611|1300|
C|005186|2020|50005702620006|001|4300017079|00010|UHGC0143|1|EA|597900|KRW|597900|20200611|1300|
C|005186|2020|50005702620007|001|4300017079|00020|UHGC0335|1|EA|210000|KRW|210000|20200611|1300|
C|005186|2020|50005702620008|001|4300017079|00030|UHDC0019|10|EA|367500|KRW|367500|20200611|1300|
C|005186|2020|50005702620009|001|4300017079|00040|UHGC0025|5|EA|44000|KRW|220000|20200611|1300|
C|005186|2020|50005702620010|001|4300017080|00010|UHGC0260|5|EA|208000|KRW|1040000|20200611|1300|
C|005186|2020|50005702620011|001|4300017080|00020|UHFC0273|1|EA|576850|KRW|576850|20200611|1300|
C|005186|2020|50005702630001|001|4300017062|00010|KE030200|4|EA|15230|KRW|60920|20200611|1300|
C|005186|2020|50005702630002|001|4300017062|00020|KE050003|11|EA|1400|KRW|15400|20200611|1300|
C|005186|2020|50005702630003|001|4300017062|00030|KE050004|9|EA|1400|KRW|12600|20200611|1300|
C|005186|2020|50005702630004|001|4300017062|00040|KE050201|2|EA|8460|KRW|16920|20200611|1300|
C|005186|2020|50005702630005|001|4300017062|00050|KE050304|6|EA|2600|KRW|15600|20200611|1300|
C|005186|2020|50005702630006|001|4300017062|00060|KE090106|3|EA|15370|KRW|46110|20200611|1300|
C|005186|2020|50005702630007|001|4300017062|00070|KE090112|4|EA|16800|KRW|67200|20200611|1300|
C|005186|2020|50005702630008|001|4300017062|00080|KE090127|1|EA|34000|KRW|34000|20200611|1300|
C|005186|2020|50005702630009|001|4300017062|00090|KE190003|7|EA|29300|KRW|205100|20200611|1300|
C|005186|2020|50005702630010|001|4300017062|00100|KE230003|50|EA|46750|KRW|93500|20200611|1300|
C|005186|2020|50005702630011|001|4300017062|00110|KE231403|6|EA|1840|KRW|11040|20200611|1300|
C|005186|2020|50005702630012|001|4300017062|00120|KE231406|8|EA|7140|KRW|57120|20200611|1300|
C|005186|2020|50005702630013|001|4300017062|00130|KE280401|2|EA|20800|KRW|41600|20200611|1300|
C|005186|2020|50005702630014|001|4300017062|00140|KE281401|27|EA|840|KRW|22680|20200611|1300|
C|005186|2020|50005702640001|001|4300017092|00020|UGBC0336|40|EA|910|KRW|36400|20200611|1300|
C|005186|2020|50005702640002|001|4300017092|00030|UGBC0337|40|EA|770|KRW|30800|20200611|1300|
C|005186|2020|50005702640003|001|4300017092|00040|UGBC0338|40|EA|1040|KRW|41600|20200611|1300|
C|005186|2020|50005702640004|001|4300017092|00070|UKEC0021|40|EA|15200|KRW|60800|20200611|1300|
C|005186|2020|50005702640005|001|4300017092|00080|UKEC0022|20|EA|1530|KRW|30600|20200611|1300|
C|005186|2020|50005702640006|001|4300017092|00090|UKEC0023|20|EA|1530|KRW|30600|20200611|1300|
C|005186|2020|50005702640007|001|4300017105|00010|UDEC0009|1|EA|211710|KRW|211710|20200611|1300|
C|005186|2020|50005702640008|001|4300017105|00070|UDEC0047|1|EA|85680|KRW|85680|20200611|1300|
