C|005186|2019|50004935200001|001|4300013528|00010|UEBC1450|70|EA|48500|KRW|339500|20190517|1300|
C|005186|2019|50004935200002|001|4300013528|00090|UGCC0507|1|EA|24200|KRW|24200|20190517|1300|
C|005186|2019|50004935200003|001|4300013528|00100|UGCC0506|1|EA|24200|KRW|24200|20190517|1300|
C|005186|2019|50004935200004|001|4300013528|00110|UGCC0511|1|EA|41060|KRW|41060|20190517|1300|
C|005186|2019|50004935200005|001|4300013528|00120|UGCC0510|1|EA|41060|KRW|41060|20190517|1300|
C|005186|2019|50004935200006|001|4300013528|00130|UGCC0504|1|EA|66200|KRW|66200|20190517|1300|
C|005186|2019|50004935200007|001|4300013528|00140|UGCC0503|1|EA|66200|KRW|66200|20190517|1300|
C|005186|2019|50004935200008|001|4300013528|00150|UGCC0500|1|EA|100700|KRW|100700|20190517|1300|
C|005186|2019|50004935200009|001|4300013528|00160|UGCC0499|1|EA|100700|KRW|100700|20190517|1300|
C|005186|2019|50004935200010|001|4300013550|00020|UEBC0310|6|EA|46540|KRW|139620|20190517|1300|
C|005186|2019|50004935200011|001|4300013550|00030|UEBC1241|1|EA|46640|KRW|46640|20190517|1300|
C|005186|2019|50004935200012|001|4300013550|00050|UDBC1058|1|EA|133000|KRW|133000|20190517|1300|
C|005186|2019|50004935200013|001|4300013551|00010|UEBC1448|2|EA|73800|KRW|147600|20190517|1300|
C|005186|2019|50004935210001|001|4300013524|00140|UALC0009|10|EA|101000|KRW|101000|20190517|1300|
C|005186|2019|50004935210002|001|4300013525|00010|UGCC0894|400|EA|300000|KRW|1200000|20190517|1300|
C|005186|2019|50004935210003|001|4300013525|00020|UALC0059|20|EA|13650|KRW|27300|20190517|1300|
C|005186|2019|50004935210004|001|4300013525|00030|UAEC0234|2|EA|61580|KRW|123160|20190517|1300|
C|005186|2019|50004935210005|001|4300013546|00070|UAGC0064|1|EA|112630|KRW|112630|20190517|1300|
C|005186|2019|50004935210006|001|4300013548|00010|KS061503|4|EA|3150|KRW|12600|20190517|1300|
C|005186|2019|50004935210007|001|4300013548|00020|KS061504|3|EA|4050|KRW|12150|20190517|1300|
C|005186|2019|50004935210008|001|4300013548|00030|KS066901|3|EA|1290|KRW|3870|20190517|1300|
C|005186|2019|50004935210009|001|4300013548|00040|KS066902|2|EA|1540|KRW|3080|20190517|1300|
C|005186|2019|50004935210010|001|4300013548|00050|KS067003|2|EA|1550|KRW|3100|20190517|1300|
C|005186|2019|50004935210011|001|4300013548|00060|KS067005|3|EA|2400|KRW|7200|20190517|1300|
C|005186|2019|50004935210012|001|4300013548|00070|KS080705|6|EA|18500|KRW|111000|20190517|1300|
C|005186|2019|50004935210013|001|4300013548|00080|KS080709|2|EA|24700|KRW|49400|20190517|1300|
C|005186|2019|50004935210014|001|4300013548|00090|KS080711|6|EA|32300|KRW|193800|20190517|1300|
C|005186|2019|50004935220001|001|4300013526|00010|UFGC0035|14|EA|11077|KRW|155078|20190517|1300|
C|005186|2019|50004935220002|001|4300013552|00040|UGBC1676|300|EA|14800|KRW|222000|20190517|1300|
C|005186|2019|50004935220003|001|4300013552|00050|UGCC0647|2|EA|70500|KRW|141000|20190517|1300|
C|005186|2019|50004935220004|001|4300013592|00020|UGAC0091|1|EA|33920|KRW|33920|20190517|1300|
C|005186|2019|50004935220005|001|4300013598|00020|UJBC0005|5|EA|73500|KRW|73500|20190517|1300|
C|005186|2019|50004935230001|001|4300013545|00010|UCIC0204|2|EA|424000|KRW|848000|20190517|1300|
C|005186|2019|50004935230002|001|4300013545|00020|UCIC0043|2|EA|389480|KRW|778960|20190517|1300|
C|005186|2019|50004935230003|001|4300013545|00040|UGBC1140|10|EA|24700|KRW|49400|20190517|1300|
C|005186|2019|50004935230004|001|4300013546|00010|UGBC1753|2|EA|138600|KRW|277200|20190517|1300|
C|005186|2019|50004935230005|001|4300013546|00020|UGBC0198|5|EA|13650|KRW|68250|20190517|1300|
C|005186|2019|50004935230006|001|4300013546|00030|UGBC0194|10|EA|18025|KRW|36050|20190517|1300|
C|005186|2019|50004935230007|001|4300013546|00040|UCIC0108|1|EA|132300|KRW|132300|20190517|1300|
C|005186|2019|50004935230008|001|4300013546|00050|UGBC1416|2|EA|300000|KRW|600000|20190517|1300|
