C|005186|2019|50004962640001|001|4300013701|00010|CMH0007|1|EA|11600|KRW|11600|20190531|1300|
C|005186|2019|50004962640002|001|4300013702|00030|CMH0007|3|EA|11600|KRW|34800|20190531|1300|
C|005186|2019|50004962650001|001|4300013712|00060|UDBC0957|100|EA|477000|KRW|477000|20190531|1300|
C|005186|2019|50004962650002|001|4300013712|00110|UAGC0537|10|EA|5720|KRW|57200|20190531|1300|
C|005186|2019|50004962650003|001|4300013713|00070|UAEC0095|2|EA|22630|KRW|45260|20190531|1300|
C|005186|2019|50004962650004|001|4300013713|00080|UGAC0065|1|EA|124800|KRW|124800|20190531|1300|
C|005186|2019|50004962660001|001|4300013713|00090|UAEC0363|2|EA|376215|KRW|752430|20190531|1300|
C|005186|2019|50004962660002|001|4300013714|00010|UKEC0108|1|EA|137020|KRW|137020|20190531|1300|
C|005186|2019|50004962670001|001|4300013606|00050|UKBC0002|1|EA|367500|KRW|367500|20190531|1300|
C|005186|2019|50004962670002|001|4300013697|00010|UGBC1371|10|EA|66000|KRW|660000|20190531|1300|
C|005186|2019|50004962670003|001|4300013697|00020|UGBC0006|20|EA|23200|KRW|23200|20190531|1300|
C|005186|2019|50004962670004|001|4300013697|00030|UGBC0192|5|EA|36750|KRW|183750|20190531|1300|
C|005186|2019|50004962670005|001|4300013697|00040|UGBC1048|5|EA|36750|KRW|183750|20190531|1300|
C|005186|2019|50004962670006|001|4300013697|00050|UGBC0162|5|EA|84000|KRW|84000|20190531|1300|
C|005186|2019|50004962670007|001|4300013697|00060|UGBC0699|6|EA|11800|KRW|35400|20190531|1300|
C|005186|2019|50004962670008|001|4300013697|00070|UGBC0205|5|EA|16420|KRW|82100|20190531|1300|
C|005186|2019|50004962670009|001|4300013697|00080|UGBC0203|5|EA|7250|KRW|36250|20190531|1300|
C|005186|2019|50004962670010|001|4300013698|00010|UGBC1620|4|EA|461100|KRW|1844400|20190531|1300|
C|005186|2019|50004962670011|001|4300013699|00010|UGBC1621|4|EA|328600|KRW|1314400|20190531|1300|
