C|005186|2020|50005929670001|001|4300018161|00010|UJBC0004|10|EA|43370|KRW|43370|20201012|1300|
C|005186|2020|50005929670002|001|4300018161|00020|UALC0117|200|EA|126000|KRW|252000|20201012|1300|
C|005186|2020|50005929670003|001|4300018162|00010|UZZC0183|100|EA|765000|KRW|1530000|20201012|1300|
C|005186|2020|50005929670004|001|4300018163|00010|UDFC0166|20|EA|40200|KRW|804000|20201012|1300|
C|005186|2020|50005929670005|001|4300018163|00020|UICC0060|1|EA|11600|KRW|11600|20201012|1300|
C|005186|2020|50005929670006|001|4300018163|00030|UICC0051|1|EA|1050|KRW|1050|20201012|1300|
C|005186|2020|50005929670007|001|4300018163|00040|UAKC0021|10|EA|10200|KRW|102000|20201012|1300|
C|005186|2020|50005929670008|001|4300018163|00070|UFDC0003|30|EA|458400|KRW|458400|20201012|1300|
C|005186|2020|50005929670009|001|4300018164|00010|UAGC0323|20|EA|141800|KRW|283600|20201012|1300|
C|005186|2020|50005929670010|001|4300018164|00020|UAAC0032|5|EA|43990|KRW|43990|20201012|1300|
C|005186|2020|50005929670011|001|4300018164|00030|UAAC0033|3|EA|16480|KRW|49440|20201012|1300|
C|005186|2020|50005929670012|001|4300018164|00040|UCIC0016|3|EA|37470|KRW|112410|20201012|1300|
C|005186|2020|50005929670013|001|4300018164|00060|UALC0084|10|EA|4200|KRW|42000|20201012|1300|
C|005186|2020|50005929670014|001|4300018187|00030|UAEC0140|100|EA|20600|KRW|206000|20201012|1300|
C|005186|2020|50005929670015|001|4300018187|00040|UGCC0605|6|EA|11030|KRW|66180|20201012|1300|
C|005186|2020|50005929670016|001|4300018187|00050|UAAC0036|3|EA|25300|KRW|75900|20201012|1300|
C|005186|2020|50005929670017|001|4300018187|00060|UAAC0003|3|EA|24150|KRW|72450|20201012|1300|
C|005186|2020|50005929670018|001|4300018187|00070|UAEC0140|50|EA|20600|KRW|103000|20201012|1300|
C|005186|2020|50005929670019|001|4300018189|00020|UKBC0016|6|EA|10110|KRW|60660|20201012|1300|
C|005186|2020|50005929670020|001|4300018189|00030|UAEC0140|50|EA|20600|KRW|103000|20201012|1300|
C|005186|2020|50005929670021|001|4300018189|00060|UAEC0505|100|EA|184500|KRW|369000|20201012|1300|
C|005186|2020|50005929670022|001|4300018191|00010|UZZC0012|10|EA|36750|KRW|73500|20201012|1300|
C|005186|2020|50005929680001|001|4300018161|00030|UCHC0003|1|EA|100000|KRW|100000|20201012|1300|
C|005186|2020|50005929680002|001|4300018163|00050|UKAC0053|1|EA|121900|KRW|121900|20201012|1300|
C|005186|2020|50005929680003|001|4300018163|00060|UCKC0056|2|EA|136900|KRW|273800|20201012|1300|
C|005186|2020|50005929680004|001|4300018186|00010|UFKC0144|20|EA|2220|KRW|44400|20201012|1300|
C|005186|2020|50005929690001|001|4300018043|00010|UHGC0332|1|EA|126000|KRW|126000|20201012|1300|
C|005186|2020|50005929690002|001|4300018043|00020|UHGC0333|2|EA|205800|KRW|411600|20201012|1300|
C|005186|2020|50005929690003|001|4300018076|00100|UCKC0035|15|EA|222600|KRW|667800|20201012|1300|
C|005186|2020|50005929690004|001|4300018076|00110|UALC0075|3000|EA|45000|KRW|135000|20201012|1300|
C|005186|2020|50005929690005|001|4300018076|00130|UHTC0246|20|EA|169400|KRW|169400|20201012|1300|
C|005186|2020|50005929690006|001|4300018161|00040|UJAC0036|100|EA|735000|KRW|1470000|20201012|1300|
C|005186|2020|50005929690007|001|4300018168|00020|UGBC1829|3|EA|149100|KRW|447300|20201012|1300|
C|005186|2020|50005929690008|001|4300018187|00010|UGCC0894|400|EA|300000|KRW|1200000|20201012|1300|
C|005186|2020|50005929690009|001|4300018188|00010|UDAC0012|300|EA|300000|KRW|900000|20201012|1300|
C|005186|2020|50005929690010|001|4300018188|00020|UCKC0133|4|EA|1054000|KRW|1054000|20201012|1300|
C|005186|2020|50005929690011|001|4300018189|00040|UAEC0357|100|EA|289500|KRW|579000|20201012|1300|
C|005186|2020|50005929690012|001|4300018189|00050|UAEC0414|100|EA|291500|KRW|583000|20201012|1300|
C|005186|2020|50005929690013|001|4300018190|00010|UHHC0211|50|EA|380000|KRW|1900000|20201012|1300|
C|005186|2020|50005929690014|001|4300018203|00030|UHGC0370|2|EA|473000|KRW|946000|20201012|1300|
C|005186|2020|50005929690015|001|4300018209|00010|UHGC0369|3|EA|26400|KRW|79200|20201012|1300|
C|005186|2020|50005929690016|001|4300018209|00040|UHTC0802|5|EA|249100|KRW|249100|20201012|1300|
C|005186|2020|50005929690017|001|4300018210|00030|UHTC0578|5|EA|29000|KRW|29000|20201012|1300|
C|005186|2020|50005929690018|001|4300018211|00020|UHTC0772|40|EA|466400|KRW|932800|20201012|1300|
C|005186|2020|50005929690019|001|4300018212|00010|UHTC0156|12|EA|102900|KRW|1234800|20201012|1300|
C|005186|2020|50005929700001|001|4300018125|00040|KE030207|1|EA|41900|KRW|41900|20201012|1300|
C|005186|2020|50005929700002|001|4300018200|00010|UEBC1781|6|EA|2340|KRW|14040|20201012|1300|
C|005186|2020|50005929700003|001|4300018200|00020|UDAC0446|1|EA|950|KRW|950|20201012|1300|
C|005186|2020|50005929700004|001|4300018200|00030|UGCC1825|3|EA|120750|KRW|362250|20201012|1300|
C|005186|2020|50005929700005|001|4300018200|00040|UEBC1782|2|EA|18430|KRW|36860|20201012|1300|
C|005186|2020|50005929700006|001|4300018200|00050|UEBC1783|1|EA|48300|KRW|48300|20201012|1300|
C|005186|2020|50005929700007|001|4300018200|00060|UDAC0448|20|EA|1920|KRW|38400|20201012|1300|
C|005186|2020|50005929700008|001|4300018200|00070|UEBC1784|2|EA|8250|KRW|16500|20201012|1300|
C|005186|2020|50005929700009|001|4300018200|00080|UEBC1785|2|EA|94860|KRW|189720|20201012|1300|
C|005186|2020|50005929700010|001|4300018200|00100|UGBC1828|3|EA|87150|KRW|261450|20201012|1300|
C|005186|2020|50005929700011|001|4300018200|00130|UGCC1826|2|EA|351750|KRW|703500|20201012|1300|
C|005186|2020|50005929700012|001|4300018201|00010|UDAC0447|20|EA|92400|KRW|1848000|20201012|1300|
C|005186|2020|50005929700013|001|4300018201|00020|UEBC1791|2|EA|59300|KRW|118600|20201012|1300|
C|005186|2020|50005929700014|001|4300018202|00010|UEBC1787|1|EA|360470|KRW|360470|20201012|1300|
C|005186|2020|50005929700015|001|4300018202|00030|UEBC1788|1|EA|569160|KRW|569160|20201012|1300|
C|005186|2020|50005929700016|001|4300018202|00040|UEBC1792|1|EA|158100|KRW|158100|20201012|1300|
C|005186|2020|50005929700017|001|4300018203|00010|UEBC1789|1|EA|320250|KRW|320250|20201012|1300|
C|005186|2020|50005929700018|001|4300018203|00020|UEBC1790|1|EA|569160|KRW|569160|20201012|1300|
C|005186|2020|50005929700019|001|4300018203|00050|UDBC1159|10|EA|160|KRW|1600|20201012|1300|
C|005186|2020|50005929700020|001|4300018203|00060|UEBC1797|10|EA|6220|KRW|62200|20201012|1300|
C|005186|2020|50005929700021|001|4300018204|00010|UEBC1793|20|EA|55650|KRW|1113000|20201012|1300|
C|005186|2020|50005929700022|001|4300018204|00020|UGCC1829|2|EA|404250|KRW|808500|20201012|1300|
C|005186|2020|50005929700023|001|4300018205|00010|UEBC1794|7|EA|189000|KRW|1323000|20201012|1300|
C|005186|2020|50005929700024|001|4300018206|00010|UEBC1795|7|EA|245700|KRW|1719900|20201012|1300|
C|005186|2020|50005929700025|001|4300018207|00010|UEBC1796|7|EA|138600|KRW|970200|20201012|1300|
C|005186|2020|50005933910001|001|4300018022|00020|UHHC0188|5|EA|6950|KRW|34750|20201012|1300|
C|005186|2020|50005933910002|001|4300018022|00030|UHCC0001|1|EA|257250|KRW|257250|20201012|1300|
C|005186|2020|50005933910003|001|4300018022|00040|UHOC0004|5|EA|20580|KRW|102900|20201012|1300|
C|005186|2020|50005933910004|001|4300018023|00010|UHCC0039|2|EA|395800|KRW|791600|20201012|1300|
C|005186|2020|50005933910005|001|4300018023|00020|UEAC0009|1|EA|509250|KRW|509250|20201012|1300|
C|005186|2020|50005933910006|001|4300018023|00030|UHTC0392|1|EA|698250|KRW|698250|20201012|1300|
C|005186|2020|50005933910007|001|4300018024|00010|UHGC0019|3|EA|248430|KRW|745290|20201012|1300|
C|005186|2020|50005933910008|001|4300018024|00020|UHEC0013|6|EA|201600|KRW|604800|20201012|1300|
C|005186|2020|50005933910009|001|4300018024|00030|UHEC0014|6|EA|103950|KRW|623700|20201012|1300|
C|005186|2020|50005933910010|001|4300018026|00010|UHDC0068|6|EA|99750|KRW|598500|20201012|1300|
C|005186|2020|50005933910011|001|4300018035|00010|UHTC0390|3|EA|141750|KRW|425250|20201012|1300|
C|005186|2020|50005933910012|001|4300018035|00020|UHGC0339|3|EA|315000|KRW|945000|20201012|1300|
C|005186|2020|50005933910013|001|4300018036|00010|UHBC0017|2|EA|758000|KRW|1516000|20201012|1300|
C|005186|2020|50005933910014|001|4300018044|00010|UHTC0726|10|EA|168500|KRW|168500|20201012|1300|
C|005186|2020|50005933910015|001|4300018044|00030|UHDC0126|50|EA|42000|KRW|42000|20201012|1300|
C|005186|2020|50005933910016|001|4300018044|00040|UHDC0128|50|EA|42000|KRW|42000|20201012|1300|
C|005186|2020|50005933910017|001|4300018045|00030|UHFC0182|1|EA|62000|KRW|62000|20201012|1300|
C|005186|2020|50005933910018|001|4300018127|00010|UHGC0228|10|EA|41000|KRW|410000|20201012|1300|
C|005186|2020|50005933910019|001|4300018127|00020|UHDC0253|1|EA|1123600|KRW|1123600|20201012|1300|
C|005186|2020|50005933910020|001|4300018128|00010|UHGC0277|2|EA|605270|KRW|1210540|20201012|1300|
C|005186|2020|50005933910021|001|4300018128|00020|UHGC0289|1|EA|645000|KRW|645000|20201012|1300|
C|005186|2020|50005933910022|001|4300018129|00010|UHHC0099|1|EA|593985|KRW|593985|20201012|1300|
C|005186|2020|50005933910023|001|4300018129|00020|UHFC0075|10|EA|136300|KRW|136300|20201012|1300|
C|005186|2020|50005933910024|001|4300018129|00030|UHFC0100|20|EA|135000|KRW|270000|20201012|1300|
C|005186|2020|50005933910025|001|4300018129|00040|UHGC0291|5|EA|118500|KRW|118500|20201012|1300|
C|005186|2020|50005933910026|001|4300018129|00050|UHHC0208|5|EA|77910|KRW|77910|20201012|1300|
C|005186|2020|50005933910027|001|4300018129|00060|UHGC0048|5|EA|165000|KRW|165000|20201012|1300|
C|005186|2020|50005933910028|001|4300018129|00070|UHGC0054|5|EA|16200|KRW|81000|20201012|1300|
C|005186|2020|50005933910029|001|4300018130|00010|UHEC0033|10|EA|510000|KRW|1020000|20201012|1300|
C|005186|2020|50005933910030|001|4300018130|00020|UHGC0107|2|EA|342100|KRW|684200|20201012|1300|
C|005186|2020|50005933910031|001|4300018139|00010|UHGC0134|2|EA|756000|KRW|1512000|20201012|1300|
C|005186|2020|50005933910032|001|4300018140|00010|UADC0013|10|EA|48000|KRW|48000|20201012|1300|
C|005186|2020|50005933910033|001|4300018140|00020|UHFC0232|5|EA|9790|KRW|48950|20201012|1300|
C|005186|2020|50005933910034|001|4300018140|00030|UHFC0233|5|EA|11660|KRW|58300|20201012|1300|
C|005186|2020|50005933910035|001|4300018140|00040|UHFC0234|5|EA|12075|KRW|60375|20201012|1300|
C|005186|2020|50005933910036|001|4300018140|00050|UHHC0080|300|M|1011000|KRW|1011000|20201012|1300|
C|005186|2020|50005933910037|001|4300018140|00060|UHGC0134|1|EA|756000|KRW|756000|20201012|1300|
C|005186|2020|50005933910038|001|4300018141|00010|UGAC0091|2|EA|33920|KRW|67840|20201012|1300|
C|005186|2020|50005933910039|001|4300018141|00030|UHGC0317|3|EA|318000|KRW|954000|20201012|1300|
C|005186|2020|50005933910040|001|4300018142|00010|UHGC0042|5|EA|94500|KRW|94500|20201012|1300|
C|005186|2020|50005933910041|001|4300018142|00020|UHGC0049|5|EA|165000|KRW|165000|20201012|1300|
C|005186|2020|50005933910042|001|4300018142|00030|UHGC0118|5|EA|12600|KRW|63000|20201012|1300|
C|005186|2020|50005933910043|001|4300018142|00040|UHGC0325|3|EA|237000|KRW|711000|20201012|1300|
C|005186|2020|50005933920001|001|4300018191|00020|UGCC1557|6|EA|305000|KRW|1830000|20201012|1300|
C|005186|2020|50005933930001|001|4300018187|00020|UHTC0234|5|EA|47250|KRW|236250|20201012|1300|
C|005186|2020|50005933930002|001|4300018189|00010|UHTC0234|5|EA|47250|KRW|236250|20201012|1300|
C|005186|2020|50005933930003|001|4300018238|00010|UIDC0006|3|EA|550000|KRW|1650000|20201012|1300|
C|005186|2020|50005933930004|001|4300018239|00010|UIDC0005|4|EA|436510|KRW|1746040|20201012|1300|
C|005186|2020|50005933930005|001|4300018240|00010|UIDC0003|5|EA|75600|KRW|378000|20201012|1300|
