C|005186|2020|50005691200001|001|4300016807|00020|UDFC0233|20|EA|2360|KRW|47200|20200603|1300|
C|005186|2020|50005691200002|001|4300016915|00030|UHTC0891|2|EA|462000|KRW|924000|20200603|1300|
C|005186|2020|50005691200003|001|4300016994|00040|UDDC0283|10|EA|22470|KRW|224700|20200603|1300|
C|005186|2020|50005692810001|001|4300016975|00020|UGCC1203|2|EA|40300|KRW|80600|20200603|1300|
C|005186|2020|50005692810002|001|4300016976|00310|UGBC0782|30|EA|7200|KRW|21600|20200603|1300|
C|005186|2020|50005692810003|001|4300016976|00320|UGBC0786|20|EA|8500|KRW|17000|20200603|1300|
C|005186|2020|50005692810004|001|4300016976|00330|UGBC0798|30|EA|5400|KRW|16200|20200603|1300|
C|005186|2020|50005692810005|001|4300016976|00340|UGBC0785|20|EA|6700|KRW|13400|20200603|1300|
C|005186|2020|50005692810006|001|4300016976|00350|UGBC0794|20|EA|13800|KRW|27600|20200603|1300|
C|005186|2020|50005692810007|001|4300016976|00360|UGBC0793|20|EA|10300|KRW|20600|20200603|1300|
C|005186|2020|50005692810008|001|4300016976|00370|UGBC0788|20|EA|9200|KRW|18400|20200603|1300|
C|005186|2020|50005692810009|001|4300016976|00380|UGBC1148|20|EA|37500|KRW|75000|20200603|1300|
C|005186|2020|50005692810010|001|4300016976|00390|UGCC0206|30|EA|34900|KRW|104700|20200603|1300|
C|005186|2020|50005692810011|001|4300016976|00400|UGCC0207|30|EA|36300|KRW|108900|20200603|1300|
C|005186|2020|50005692810012|001|4300016976|00410|UGCC0210|30|EA|32900|KRW|98700|20200603|1300|
C|005186|2020|50005692810013|001|4300016976|00420|UGCC0211|30|EA|40000|KRW|120000|20200603|1300|
C|005186|2020|50005692810014|001|4300016976|00430|UGCC0213|20|EA|42200|KRW|84400|20200603|1300|
C|005186|2020|50005692810015|001|4300016976|00450|UGBC0761|30|EA|8200|KRW|24600|20200603|1300|
C|005186|2020|50005692810016|001|4300016976|00460|UGBC0762|30|EA|10300|KRW|30900|20200603|1300|
C|005186|2020|50005692810017|001|4300016976|00470|UGBC0763|30|EA|21000|KRW|63000|20200603|1300|
C|005186|2020|50005692810018|001|4300016976|00480|UGBC0745|20|EA|5600|KRW|11200|20200603|1300|
C|005186|2020|50005692810019|001|4300016976|00490|UGBC0748|20|EA|4520|KRW|9040|20200603|1300|
C|005186|2020|50005692810020|001|4300016976|00500|UGBC1750|30|EA|8700|KRW|26100|20200603|1300|
C|005186|2020|50005692810021|001|4300016976|00510|UGBC0766|20|EA|6500|KRW|13000|20200603|1300|
C|005186|2020|50005692810022|001|4300016976|00520|UGBC0776|30|EA|13130|KRW|39390|20200603|1300|
C|005186|2020|50005692810023|001|4300016976|00530|UGBC0768|20|EA|6090|KRW|12180|20200603|1300|
C|005186|2020|50005692810024|001|4300016976|00540|UGBC0770|30|EA|11550|KRW|34650|20200603|1300|
C|005186|2020|50005692810025|001|4300016976|00550|UGBC0780|50|EA|5700|KRW|28500|20200603|1300|
C|005186|2020|50005692810026|001|4300016976|00560|UGBC0783|30|EA|8300|KRW|24900|20200603|1300|
C|005186|2020|50005692810027|001|4300016994|00080|UGCC0504|1|EA|66200|KRW|66200|20200603|1300|
C|005186|2020|50005692810028|001|4300016994|00090|UGCC0503|1|EA|66200|KRW|66200|20200603|1300|
C|005186|2020|50005692840001|001|4300016807|00030|UDBC1144|300|EA|13900|KRW|83400|20200603|1300|
C|005186|2020|50005692840002|001|4300016807|00040|UDBC1145|300|EA|18800|KRW|112800|20200603|1300|
C|005186|2020|50005692840003|001|4300016807|00050|UDBC1146|300|EA|29250|KRW|175500|20200603|1300|
C|005186|2020|50005692840004|001|4300016807|00060|UDBC1147|300|EA|21900|KRW|131400|20200603|1300|
C|005186|2020|50005692840005|001|4300016807|00070|UDBC1148|200|EA|27650|KRW|110600|20200603|1300|
C|005186|2020|50005692840006|001|4300016807|00080|UDBC1149|200|EA|20350|KRW|81400|20200603|1300|
C|005186|2020|50005692840007|001|4300016807|00130|UZZC0195|8|EA|5250|KRW|42000|20200603|1300|
C|005186|2020|50005692840008|001|4300016809|00010|UEAC1163|3|EA|283500|KRW|850500|20200603|1300|
C|005186|2020|50005692840009|001|4300016809|00030|UEAC1164|1|EA|787500|KRW|787500|20200603|1300|
C|005186|2020|50005692840010|001|4300016811|00090|UDBC1150|100|EA|18100|KRW|36200|20200603|1300|
C|005186|2020|50005692840011|001|4300016974|00020|UDBC0876|50|EA|117000|KRW|117000|20200603|1300|
C|005186|2020|50005692840012|001|4300016974|00050|UEBC1315|5|EA|23214|KRW|116070|20200603|1300|
C|005186|2020|50005692840013|001|4300016976|00010|UDBC0403|300|EA|2700|KRW|8100|20200603|1300|
C|005186|2020|50005692840014|001|4300016976|00030|UDBC0418|400|EA|6800|KRW|27200|20200603|1300|
C|005186|2020|50005692840015|001|4300016976|00040|UDBC0422|400|EA|6900|KRW|27600|20200603|1300|
C|005186|2020|50005692840016|001|4300016976|00060|UDBC0735|500|EA|800|KRW|4000|20200603|1300|
C|005186|2020|50005692840017|001|4300016976|00070|UDBC0742|500|EA|1200|KRW|6000|20200603|1300|
C|005186|2020|50005692840018|001|4300016976|00120|UDBC0317|500|EA|900|KRW|4500|20200603|1300|
C|005186|2020|50005692840019|001|4300016976|00130|UDBC0319|500|EA|800|KRW|4000|20200603|1300|
C|005186|2020|50005692840020|001|4300016976|00150|UDBC0304|500|EA|3200|KRW|16000|20200603|1300|
C|005186|2020|50005692840021|001|4300016976|00180|UDBC0406|500|EA|7300|KRW|36500|20200603|1300|
C|005186|2020|50005692840022|001|4300016976|00190|UDBC0423|500|EA|7500|KRW|37500|20200603|1300|
C|005186|2020|50005692840023|001|4300016976|00210|UDBC0741|500|EA|1800|KRW|9000|20200603|1300|
C|005186|2020|50005692840024|001|4300016976|00220|UDBC0747|500|EA|3100|KRW|15500|20200603|1300|
C|005186|2020|50005692840025|001|4300016976|00230|UDBC0715|500|EA|4800|KRW|24000|20200603|1300|
C|005186|2020|50005692840026|001|4300016976|00240|UDBC0720|500|EA|5900|KRW|29500|20200603|1300|
C|005186|2020|50005692840027|001|4300016976|00250|UDBC0726|300|EA|1400|KRW|42000|20200603|1300|
C|005186|2020|50005692840028|001|4300016976|00260|UDBC0320|500|EA|2600|KRW|13000|20200603|1300|
C|005186|2020|50005692840029|001|4300016976|00270|UDBC0323|500|EA|4000|KRW|20000|20200603|1300|
C|005186|2020|50005692840030|001|4300016976|00280|UDBC0299|500|EA|5300|KRW|26500|20200603|1300|
C|005186|2020|50005692840031|001|4300016976|00290|UDBC0303|500|EA|8400|KRW|42000|20200603|1300|
C|005186|2020|50005692840032|001|4300016976|00300|UDBC0309|300|EA|15800|KRW|47400|20200603|1300|
C|005186|2020|50005692840033|001|4300016994|00010|UCIC0081|1|EA|496840|KRW|496840|20200603|1300|
C|005186|2020|50005692840034|001|4300016997|00020|UGCC0912|5|EA|27000|KRW|135000|20200603|1300|
C|005186|2020|50005692850001|001|4300016971|00010|UHFC0421|2|EA|127370|KRW|254740|20200603|1300|
C|005186|2020|50005692850002|001|4300016994|00100|UGCC0014|3|EA|129000|KRW|387000|20200603|1300|
