C|005186|2015|50001790430001|001|4300003453|00020|CMA0001|20|EA|240|KRW|4800|20150831|1300|
C|005186|2015|50001790430002|001|4300003453|00030|CMB0001|20|EA|655|KRW|13100|20150831|1300|
C|005186|2015|50001790430003|001|4300003454|00010|CMA0005|20|EA|2470|KRW|49400|20150831|1300|
C|005186|2015|50001790430004|001|4300003454|00020|CMA0017|20|EA|780|KRW|15600|20150831|1300|
C|005186|2015|50001790430005|001|4300003454|00030|CMC0005|50|EA|190|KRW|9500|20150831|1300|
C|005186|2015|50001790430006|001|4300003454|00040|CME0002|20|EA|2300|KRW|46000|20150831|1300|
C|005186|2015|50001790430007|001|4300003454|00050|CME0010|50|EA|285|KRW|14250|20150831|1300|
C|005186|2015|50001790430008|001|4300003454|00060|CMF0004|1|EA|22050|KRW|22050|20150831|1300|
C|005186|2015|50001790430009|001|4300003454|00080|CMF0006|10|EA|11970|KRW|119700|20150831|1300|
C|005186|2015|50001790430010|001|4300003454|00090|CMZ0001|20|EA|765|KRW|15300|20150831|1300|
C|005186|2015|50001790430011|001|4300003454|00100|CMZ0032|20|EA|1970|KRW|39400|20150831|1300|
C|005186|2015|50001790440001|001|4300003455|00010|CMA0001|200|EA|240|KRW|48000|20150831|1300|
C|005186|2015|50001790440002|001|4300003455|00020|CMA0007|600|EA|270|KRW|162000|20150831|1300|
C|005186|2015|50001790440003|001|4300003455|00030|CMA0017|30|EA|780|KRW|23400|20150831|1300|
C|005186|2015|50001790440004|001|4300003455|00040|CMB0001|300|EA|655|KRW|196500|20150831|1300|
C|005186|2015|50001790440005|001|4300003455|00050|CMA0003|10|EA|950|KRW|9500|20150831|1300|
C|005186|2015|50001790440006|001|4300003455|00080|CMZ0032|40|EA|1970|KRW|78800|20150831|1300|
C|005186|2015|50001790440007|001|4300003455|00090|CMH0006|10|EA|400|KRW|4000|20150831|1300|
C|005186|2015|50001790440008|001|4300003455|00100|CMZ0006|5|EA|1155|KRW|5775|20150831|1300|
C|005186|2015|50001790440009|001|4300003455|00110|CMF0001|5|EA|1680|KRW|8400|20150831|1300|
C|005186|2015|50001790440010|001|4300003455|00120|CMH0007|4|EA|11700|KRW|46800|20150831|1300|
C|005186|2015|50001790440011|001|4300003455|00130|CMZ0006|3|EA|1155|KRW|3465|20150831|1300|
C|005186|2015|50001790440012|001|4300003455|00140|CMF0002|4|EA|1100|KRW|4400|20150831|1300|
C|005186|2015|50001790440013|001|4300003455|00150|CMZ0004|3|EA|380|KRW|1140|20150831|1300|
C|005186|2015|50001790440014|001|4300003455|00160|CMF0004|4|EA|22050|KRW|88200|20150831|1300|
C|005186|2015|50001790440015|001|4300003455|00170|CME0001|10|EA|4910|KRW|49100|20150831|1300|
C|005186|2015|50001790460001|001|4300003454|00070|CMF0005|15|EA|20700|KRW|310500|20150831|1300|
C|005186|2015|50001790460002|001|4300003455|00070|CMF0005|10|EA|20700|KRW|207000|20150831|1300|
C|005186|2015|50001790480001|001|4300003381|00020|CMD0016|5|EA|30450|KRW|152250|20150831|1300|
C|005186|2015|50001790480002|001|4300003383|00080|CMD0011|2|EA|24150|KRW|48300|20150831|1300|
C|005186|2015|50001790480003|001|4300003385|00220|CMD0011|2|EA|24150|KRW|48300|20150831|1300|
C|005186|2015|50001790480004|001|4300003386|00050|CMD0011|2|EA|24150|KRW|48300|20150831|1300|
C|005186|2015|50001790480005|001|4300003386|00060|CMD0012|1|EA|29400|KRW|29400|20150831|1300|
C|005186|2015|50001790480006|001|4300003388|00070|CMD0011|5|EA|24150|KRW|120750|20150831|1300|
C|005186|2015|50001790480007|001|4300003388|00080|CMD0012|1|EA|29400|KRW|29400|20150831|1300|
C|005186|2015|50001790480008|001|4300003393|00070|CMD0011|6|EA|24150|KRW|144900|20150831|1300|
C|005186|2015|50001790480009|001|4300003394|00040|CMD0011|7|EA|24150|KRW|169050|20150831|1300|
C|005186|2015|50001790480010|001|4300003396|00070|CMD0011|4|EA|24150|KRW|96600|20150831|1300|
C|005186|2015|50001790480011|001|4300003396|00080|CMD0016|2|EA|30450|KRW|60900|20150831|1300|
C|005186|2015|50001790480012|001|4300003397|00110|CMD0016|4|EA|30450|KRW|121800|20150831|1300|
C|005186|2015|50001790480013|001|4300003398|00030|CMD0016|1|EA|30450|KRW|30450|20150831|1300|
