C|005186|2019|50005304870001|001|4300015153|00010|UHTC0137|5|EA|52900|KRW|264500|20191115|1300|
C|005186|2019|50005304870002|001|4300015153|00020|UHDC0021|3|EA|127050|KRW|381150|20191115|1300|
C|005186|2019|50005304870003|001|4300015153|00040|UHHC0165|2|EA|81900|KRW|163800|20191115|1300|
C|005186|2019|50005304870004|001|4300015153|00050|UHFC0194|1|EA|195300|KRW|195300|20191115|1300|
C|005186|2019|50005304870005|001|4300015153|00060|UHGC0326|3|EA|237000|KRW|711000|20191115|1300|
C|005186|2019|50005304870006|001|4300015153|00070|UHFC0308|4|EA|68250|KRW|273000|20191115|1300|
C|005186|2019|50005304870007|001|4300015154|00010|UHFC0164|100|EA|21000|KRW|21000|20191115|1300|
C|005186|2019|50005304870008|001|4300015154|00020|UHDC0021|3|EA|127050|KRW|381150|20191115|1300|
C|005186|2019|50005304870009|001|4300015154|00040|UHGC0209|12|EA|16420|KRW|197040|20191115|1300|
C|005186|2019|50005304870010|001|4300015154|00050|UHFC0360|10|EA|228375|KRW|456750|20191115|1300|
C|005186|2019|50005304870011|001|4300015154|00060|UHFC0015|10|EA|463500|KRW|927000|20191115|1300|
C|005186|2019|50005304870012|001|4300015155|00010|UHEC0040|10|EA|395000|KRW|395000|20191115|1300|
C|005186|2019|50005304870013|001|4300015155|00020|UHHC0013|80|M|20580|KRW|1646400|20191115|1300|
C|005186|2019|50005304870014|001|4300015156|00010|UHGC0134|2|EA|756000|KRW|1512000|20191115|1300|
C|005186|2019|50005304870015|001|4300015157|00010|UHNC0018|1|EA|1111950|KRW|1111950|20191115|1300|
C|005186|2019|50005304870016|001|4300015158|00010|UHGC0317|3|EA|318000|KRW|954000|20191115|1300|
C|005186|2019|50005304880001|001|4300014995|00010|UEBC0019|10|EA|15510|KRW|155100|20191115|1300|
C|005186|2019|50005304880002|001|4300014995|00020|UEAC0134|1|EA|359000|KRW|359000|20191115|1300|
C|005186|2019|50005304880003|001|4300015021|00010|UDBC0804|1|EA|387200|KRW|387200|20191115|1300|
C|005186|2019|50005304880004|001|4300015021|00020|UEBC1218|10|EA|1720|KRW|17200|20191115|1300|
C|005186|2019|50005304880005|001|4300015021|00040|UEBC1131|5|EA|165000|KRW|165000|20191115|1300|
C|005186|2019|50005304880006|001|4300015021|00060|UEBC1274|2|EA|275600|KRW|551200|20191115|1300|
C|005186|2019|50005304880007|001|4300015022|00010|UEAC0158|1|EA|440000|KRW|440000|20191115|1300|
C|005186|2019|50005304880008|001|4300015022|00020|UEBC1142|10|EA|25200|KRW|126000|20191115|1300|
C|005186|2019|50005304880009|001|4300015022|00030|UDAC0365|150|EA|80000|KRW|240000|20191115|1300|
C|005186|2019|50005304880010|001|4300015023|00010|UEBC1366|20|EA|35000|KRW|700000|20191115|1300|
C|005186|2019|50005304880011|001|4300015023|00020|UDBC0767|10|EA|190|KRW|1900|20191115|1300|
C|005186|2019|50005304880012|001|4300015023|00030|UEBC1030|10|EA|68100|KRW|681000|20191115|1300|
C|005186|2019|50005304880013|001|4300015029|00010|UDDC0043|2|EA|89040|KRW|178080|20191115|1300|
C|005186|2019|50005304880014|001|4300015029|00040|UEBC0143|30|EA|23500|KRW|141000|20191115|1300|
C|005186|2019|50005304880015|001|4300015029|00050|UDBC0648|200|EA|4000|KRW|8000|20191115|1300|
C|005186|2019|50005304880016|001|4300015029|00060|UDBC0651|200|EA|5000|KRW|10000|20191115|1300|
C|005186|2019|50005304880017|001|4300015029|00070|UDBC0734|500|EA|800|KRW|4000|20191115|1300|
C|005186|2019|50005304880018|001|4300015029|00080|UDBC0742|500|EA|1200|KRW|6000|20191115|1300|
C|005186|2019|50005304880019|001|4300015029|00090|UDBC0801|500|EA|3000|KRW|3000|20191115|1300|
C|005186|2019|50005304880020|001|4300015029|00100|UDBC0076|500|EA|1900|KRW|9500|20191115|1300|
C|005186|2019|50005304880021|001|4300015029|00110|UDBC0077|500|EA|2300|KRW|11500|20191115|1300|
C|005186|2019|50005304880022|001|4300015029|00120|UDBC0074|500|EA|7800|KRW|39000|20191115|1300|
C|005186|2019|50005304880023|001|4300015029|00140|UDBC0406|500|EA|7300|KRW|36500|20191115|1300|
C|005186|2019|50005304880024|001|4300015029|00150|UDBC0429|200|EA|15900|KRW|31800|20191115|1300|
C|005186|2019|50005304880025|001|4300015029|00170|UDBC0445|200|EA|21000|KRW|42000|20191115|1300|
C|005186|2019|50005304880026|001|4300015029|00180|UDBC0449|200|EA|27000|KRW|54000|20191115|1300|
C|005186|2019|50005304880027|001|4300015029|00190|UDBC0386|200|EA|41000|KRW|82000|20191115|1300|
C|005186|2019|50005304880028|001|4300015029|00200|UEBC0787|20|EA|17000|KRW|17000|20191115|1300|
C|005186|2019|50005304880029|001|4300015030|00010|UEBC1166|10|EA|520000|KRW|1040000|20191115|1300|
C|005186|2019|50005304880030|001|4300015030|00020|UDAC0236|20|EA|1790|KRW|35800|20191115|1300|
C|005186|2019|50005304880031|001|4300015030|00060|UDAC0417|20|EA|450|KRW|900|20191115|1300|
C|005186|2019|50005304880032|001|4300015030|00070|UDAC0102|20|EA|42|KRW|840|20191115|1300|
C|005186|2019|50005304880033|001|4300015030|00080|UDAC0104|20|EA|42|KRW|840|20191115|1300|
C|005186|2019|50005304880034|001|4300015030|00090|UDAC0275|20|EA|53|KRW|1060|20191115|1300|
C|005186|2019|50005304880035|001|4300015030|00100|UDAC0276|20|EA|53|KRW|1060|20191115|1300|
C|005186|2019|50005304880036|001|4300015030|00110|UDAC0278|20|EA|53|KRW|1060|20191115|1300|
C|005186|2019|50005304880037|001|4300015030|00120|UDAC0361|20|EA|700|KRW|1400|20191115|1300|
C|005186|2019|50005304880038|001|4300015030|00130|UDAC0279|20|EA|63|KRW|1260|20191115|1300|
C|005186|2019|50005304880039|001|4300015030|00140|UDAC0254|20|EA|100|KRW|2000|20191115|1300|
C|005186|2019|50005304890001|001|4300014926|00300|UDDC0036|10|EA|9700|KRW|19400|20191115|1300|
C|005186|2019|50005304890002|001|4300015029|00160|UDBC0441|200|EA|15500|KRW|31000|20191115|1300|
C|005186|2019|50005304890003|001|4300015076|00080|UKGC0008|7|EA|2940|KRW|20580|20191115|1300|
C|005186|2019|50005304900001|001|4300014816|00030|UGCC1005|2|EA|370000|KRW|740000|20191115|1300|
C|005186|2019|50005304900002|001|4300014911|00020|UGBC1684|6|EA|126400|KRW|758400|20191115|1300|
C|005186|2019|50005304900003|001|4300014913|00050|UGBC1684|8|EA|126400|KRW|1011200|20191115|1300|
C|005186|2019|50005305210001|001|4300015021|00030|UCKC0137|1|EA|60700|KRW|60700|20191115|1300|
C|005186|2019|50005305210002|001|4300015021|00070|UEBC0413|1|EA|52630|KRW|52630|20191115|1300|
C|005186|2019|50005305210003|001|4300015029|00130|UDBC0309|500|EA|15800|KRW|79000|20191115|1300|
C|005186|2019|50005305220001|001|4300015026|00010|UCKC0167|2|EA|127000|KRW|254000|20191115|1300|
C|005186|2019|50005305220002|001|4300015106|00090|UKAC0045|1|EA|188500|KRW|188500|20191115|1300|
C|005186|2019|50005305230001|001|4300015076|00090|UICC0059|1|EA|21100|KRW|21100|20191115|1300|
C|005186|2019|50005305230002|001|4300015128|00050|UAGC0194|100|EA|163000|KRW|326000|20191115|1300|
C|005186|2019|50005305230003|001|4300015128|00070|UAHC0020|2|EA|64370|KRW|128740|20191115|1300|
C|005186|2019|50005305230004|001|4300015129|00050|UEBC1352|6|EA|3870|KRW|23220|20191115|1300|
C|005186|2019|50005305230005|001|4300015130|00010|UGCC0065|3|EA|87150|KRW|261450|20191115|1300|
C|005186|2019|50005305230006|001|4300015130|00030|UCHC0030|10|EA|3180|KRW|31800|20191115|1300|
C|005186|2019|50005305230007|001|4300015130|00040|UHTC0870|2|EA|85800|KRW|171600|20191115|1300|
C|005186|2019|50005305230008|001|4300015130|00050|UGCC0918|6|EA|71600|KRW|429600|20191115|1300|
C|005186|2019|50005305230009|001|4300015160|00010|UDAC0266|200|EA|484000|KRW|968000|20191115|1300|
C|005186|2019|50005305230010|001|4300015160|00040|UDBC1000|300|EA|2000|KRW|6000|20191115|1300|
C|005186|2019|50005305230011|001|4300015162|00030|UADC0018|1|EA|17220|KRW|17220|20191115|1300|
