D|005186|2018|50004490000001|001|4300011466|00060|UEBC0477|10|EA|14000|KRW|28000|20181016|1300|50004489940001
D|005186|2018|50004490000002|001|4300011466|00070|UAEC0324|45|EA|129450|KRW|388350|20181016|1300|50004489940002
D|005186|2018|50004490000003|001|4300011467|00110|UEBC1163|5|EA|20650|KRW|20650|20181016|1300|50004489940003
D|005186|2018|50004490000004|001|4300011468|00030|UGBC0854|5|EA|30975|KRW|154875|20181016|1300|50004489940004
D|005186|2018|50004490000005|001|4300011469|00030|UDAC0267|100|EA|680000|KRW|680000|20181016|1300|50004489940005
D|005186|2018|50004490000006|001|4300011469|00050|UEBC0448|4|EA|1610|KRW|6440|20181016|1300|50004489940006
D|005186|2018|50004490000007|001|4300011474|00010|UGCC1437|10|EA|20480|KRW|204800|20181016|1300|50004489940007
D|005186|2018|50004490000008|001|4300011474|00020|UGCC1438|10|EA|29400|KRW|294000|20181016|1300|50004489940008
C|005186|2018|50004490260001|001|4300011593|00010|UGBC0352|40|EA|7400|KRW|14800|20181015|1300|
C|005186|2018|50004490260002|001|4300011593|00020|UGBC1196|30|EA|5200|KRW|15600|20181015|1300|
C|005186|2018|50004490260003|001|4300011593|00030|UGBC0028|20|EA|23200|KRW|23200|20181015|1300|
C|005186|2018|50004490260004|001|4300011593|00040|UGBC0011|40|EA|17400|KRW|34800|20181015|1300|
C|005186|2018|50004490260005|001|4300011593|00050|UGBC0012|20|EA|23200|KRW|23200|20181015|1300|
C|005186|2018|50004490260006|001|4300011593|00060|UGBC0332|40|EA|27400|KRW|54800|20181015|1300|
C|005186|2018|50004490260007|001|4300011593|00070|UGBC1367|5|EA|4700|KRW|23500|20181015|1300|
C|005186|2018|50004490260008|001|4300011593|00080|UGBC0805|30|EA|44100|KRW|132300|20181015|1300|
C|005186|2018|50004490260009|001|4300011593|00090|UGBC0808|30|EA|4730|KRW|141900|20181015|1300|
C|005186|2018|50004490260010|001|4300011593|00100|UGBC0024|20|EA|142800|KRW|142800|20181015|1300|
C|005186|2018|50004490260011|001|4300011610|00030|UCIC0228|1|EA|368000|KRW|368000|20181015|1300|
C|005186|2018|50004490260012|001|4300011611|00030|UCIC0229|2|EA|606000|KRW|1212000|20181015|1300|
C|005186|2018|50004490260013|001|4300011612|00010|UGBC0568|40|EA|58800|KRW|117600|20181015|1300|
C|005186|2018|50004490260014|001|4300011612|00020|UGBC0243|40|EA|61000|KRW|122000|20181015|1300|
C|005186|2018|50004490260015|001|4300011612|00030|UGBC0245|40|EA|75600|KRW|151200|20181015|1300|
C|005186|2018|50004490260016|001|4300011612|00040|UGBC0574|20|EA|105000|KRW|105000|20181015|1300|
C|005186|2018|50004490260017|001|4300011612|00050|UGBC0575|20|EA|105000|KRW|105000|20181015|1300|
C|005186|2018|50004490260018|001|4300011612|00060|UGBC0576|10|EA|9450|KRW|94500|20181015|1300|
C|005186|2018|50004490260019|001|4300011620|00010|UCIC0194|1|EA|1370000|KRW|1370000|20181015|1300|
C|005186|2018|50004490260020|001|4300011621|00010|UCIC0196|1|EA|660000|KRW|660000|20181015|1300|
C|005186|2018|50004490260021|001|4300011622|00010|UCIC0172|1|EA|1852000|KRW|1852000|20181015|1300|
C|005186|2018|50004490260022|001|4300011633|00010|UGBC0231|40|EA|16600|KRW|33200|20181015|1300|
C|005186|2018|50004490260023|001|4300011633|00020|UGBC0232|40|EA|19000|KRW|38000|20181015|1300|
C|005186|2018|50004490260024|001|4300011633|00030|UGBC0233|40|EA|27400|KRW|54800|20181015|1300|
C|005186|2018|50004490260025|001|4300011633|00040|UGBC0386|40|EA|18900|KRW|75600|20181015|1300|
C|005186|2018|50004490260026|001|4300011633|00050|UGBC0375|20|EA|31600|KRW|31600|20181015|1300|
C|005186|2018|50004490260027|001|4300011633|00060|UGBC0378|20|EA|92400|KRW|92400|20181015|1300|
C|005186|2018|50004490260028|001|4300011633|00070|UGBC0326|40|EA|25200|KRW|50400|20181015|1300|
C|005186|2018|50004490260029|001|4300011633|00080|UGBC0254|40|EA|100800|KRW|201600|20181015|1300|
C|005186|2018|50004490260030|001|4300011634|00010|UGBC0577|10|EA|7460|KRW|74600|20181015|1300|
C|005186|2018|50004490260031|001|4300011634|00020|UGBC1364|10|EA|88000|KRW|88000|20181015|1300|
C|005186|2018|50004490260032|001|4300011634|00030|UGBC0579|10|EA|50950|KRW|101900|20181015|1300|
C|005186|2018|50004490260033|001|4300011636|00010|UGBC1274|30|EA|11600|KRW|34800|20181015|1300|
C|005186|2018|50004490260034|001|4300011636|00020|UGBC0360|40|EA|37800|KRW|75600|20181015|1300|
C|005186|2018|50004490280001|001|4300011536|00010|UGBC1460|1|EA|56000|KRW|56000|20181015|1300|
C|005186|2018|50004490280002|001|4300011611|00020|UGBC1710|3|EA|196350|KRW|589050|20181015|1300|
C|005186|2018|50004490280003|001|4300011615|00010|UCIC0068|1|EA|556500|KRW|556500|20181015|1300|
C|005186|2018|50004490280004|001|4300011616|00010|UCIC0076|1|EA|726320|KRW|726320|20181015|1300|
C|005186|2018|50004490280005|001|4300011636|00040|UGBC0521|20|EA|147000|KRW|294000|20181015|1300|
C|005186|2018|50004490280006|001|4300011636|00050|UGCC1081|5|EA|285000|KRW|285000|20181015|1300|
C|005186|2018|50004490300001|001|4300011704|00010|UAEC0489|2|EA|309900|KRW|619800|20181015|1300|
