C|005186|2017|50003724830001|001|4300008528|00010|UEBC0777|30|EA|510|KRW|15300|20170929|1300|
C|005186|2017|50003724830002|001|4300008528|00020|UEBC0767|30|EA|1050|KRW|31500|20170929|1300|
C|005186|2017|50003724830003|001|4300008528|00030|UEBC0758|10|EA|4170|KRW|41700|20170929|1300|
C|005186|2017|50003724830004|001|4300008528|00040|UEBC0078|20|EA|1910|KRW|38200|20170929|1300|
C|005186|2017|50003724830005|001|4300008528|00060|UDBC0816|50|EA|730|KRW|36500|20170929|1300|
C|005186|2017|50003724830006|001|4300008528|00070|UDBC0815|50|EA|490|KRW|24500|20170929|1300|
C|005186|2017|50003724830007|001|4300008528|00080|UGCC0501|1|EA|38000|KRW|38000|20170929|1300|
C|005186|2017|50003724830008|001|4300008528|00090|UGCC0502|1|EA|38000|KRW|38000|20170929|1300|
C|005186|2017|50003724830009|001|4300008528|00100|UGCC0503|1|EA|66200|KRW|66200|20170929|1300|
C|005186|2017|50003724830010|001|4300008528|00110|UGCC0504|1|EA|66200|KRW|66200|20170929|1300|
C|005186|2017|50003724830011|001|4300008528|00120|UDBC0611|200|EA|30|KRW|6000|20170929|1300|
C|005186|2017|50003724830012|001|4300008528|00140|UDBC0500|200|EA|86|KRW|17200|20170929|1300|
C|005186|2017|50003724830013|001|4300008528|00150|UDBC0502|200|EA|90|KRW|18000|20170929|1300|
C|005186|2017|50003724830014|001|4300008528|00160|UDBC0525|300|EA|100|KRW|30000|20170929|1300|
C|005186|2017|50003724830015|001|4300008528|00170|UDBC0527|100|EA|127|KRW|12700|20170929|1300|
C|005186|2017|50003724830016|001|4300008528|00180|UDBC0529|200|EA|143|KRW|28600|20170929|1300|
C|005186|2017|50003724830017|001|4300008528|00190|UDBC0344|300|EA|47|KRW|14100|20170929|1300|
C|005186|2017|50003724830018|001|4300008528|00200|UDBC0347|300|EA|56|KRW|16800|20170929|1300|
C|005186|2017|50003724830019|001|4300008528|00210|UDBC0713|500|EA|16|KRW|8000|20170929|1300|
C|005186|2017|50003724830020|001|4300008528|00220|UDBC0717|500|EA|20|KRW|10000|20170929|1300|
C|005186|2017|50003724830021|001|4300008528|00230|UDBC0298|500|EA|11|KRW|5500|20170929|1300|
C|005186|2017|50003724830022|001|4300008528|00240|UDBC0302|500|EA|32|KRW|16000|20170929|1300|
C|005186|2017|50003724830023|001|4300008530|00010|UKEC0108|2|EA|137020|KRW|274040|20170929|1300|
C|005186|2017|50003724830024|001|4300008533|00060|UGAC0071|2|EA|189000|KRW|378000|20170929|1300|
C|005186|2017|50003724830025|001|4300008577|00010|UDEC0011|2|EA|200000|KRW|400000|20170929|1300|
C|005186|2017|50003724830026|001|4300008577|00030|UKBC0019|2|EA|150150|KRW|300300|20170929|1300|
C|005186|2017|50003724830027|001|4300008577|00040|UEBC1286|8|EA|15800|KRW|126400|20170929|1300|
C|005186|2017|50003724830028|001|4300008578|00010|UEBC1331|36|EA|53000|KRW|1908000|20170929|1300|
C|005186|2017|50003724830029|001|4300008579|00010|UEAC0103|2|EA|82680|KRW|165360|20170929|1300|
C|005186|2017|50003724830030|001|4300008579|00020|UIDC0034|3|EA|331800|KRW|995400|20170929|1300|
C|005186|2017|50003724830031|001|4300008580|00010|UEBC1259|7|EA|159000|KRW|1113000|20170929|1300|
C|005186|2017|50003724830032|001|4300008581|00180|UDBC0615|100|EA|30|KRW|3000|20170929|1300|
C|005186|2017|50003724830033|001|4300008581|00190|UEBC0647|8|EA|45680|KRW|365440|20170929|1300|
C|005186|2017|50003724830034|001|4300008581|00210|UEBC0178|4|EA|72450|KRW|289800|20170929|1300|
C|005186|2017|50003724830035|001|4300008581|00240|UEBC1002|1|EA|80000|KRW|80000|20170929|1300|
C|005186|2017|50003724830036|001|4300008581|00250|UEBC1177|4|EA|44500|KRW|178000|20170929|1300|
C|005186|2017|50003724830037|001|4300008581|00260|UDAC0303|12|EA|850|KRW|10200|20170929|1300|
C|005186|2017|50003724830038|001|4300008581|00280|UDAC0369|10|EA|10100|KRW|101000|20170929|1300|
C|005186|2017|50003724830039|001|4300008582|00020|UDAC0368|10|EA|11700|KRW|117000|20170929|1300|
C|005186|2017|50003724830040|001|4300008582|00030|UDAC0338|10|EA|1690|KRW|16900|20170929|1300|
C|005186|2017|50003724830041|001|4300008582|00040|UEBC1263|10|EA|39220|KRW|392200|20170929|1300|
C|005186|2017|50003724830042|001|4300008582|00070|UDBC0904|1|EA|340000|KRW|340000|20170929|1300|
C|005186|2017|50003724830043|001|4300008583|00020|UEBC0600|1|EA|237300|KRW|237300|20170929|1300|
C|005186|2017|50003724830044|001|4300008583|00050|UDBC0926|10|EA|3180|KRW|31800|20170929|1300|
C|005186|2017|50003724830045|001|4300008583|00070|UEBC1336|5|EA|33630|KRW|168150|20170929|1300|
C|005186|2017|50003724830046|001|4300008583|00080|UEBC1337|2|EA|22910|KRW|45820|20170929|1300|
C|005186|2017|50003724830047|001|4300008584|00080|UGCC0894|400|EA|3000|KRW|1200000|20170929|1300|
C|005186|2017|50003724830048|001|4300008586|00030|KS080721|6|EA|71710|KRW|430260|20170929|1300|
C|005186|2017|50003724830049|001|4300008588|00080|UGBC1380|1|EA|72500|KRW|72500|20170929|1300|
C|005186|2017|50003724830050|001|4300008597|00040|UEBC1398|4|EA|30000|KRW|120000|20170929|1300|
C|005186|2017|50003724830051|001|4300008597|00050|UDBC0991|10|EA|685|KRW|6850|20170929|1300|
C|005186|2017|50003724830052|001|4300008597|00060|UEBC1400|8|EA|61000|KRW|488000|20170929|1300|
C|005186|2017|50003724830053|001|4300008597|00070|UEBC1401|20|EA|15300|KRW|306000|20170929|1300|
C|005186|2017|50003724830054|001|4300008598|00010|UEAC1123|1|EA|38000|KRW|38000|20170929|1300|
C|005186|2017|50003724830055|001|4300008598|00020|UEBC1402|12|EA|30500|KRW|366000|20170929|1300|
C|005186|2017|50003724830056|001|4300008598|00030|UGBC1639|1|EA|268700|KRW|268700|20170929|1300|
C|005186|2017|50003724830057|001|4300008599|00170|UDBC1009|100|EA|26|KRW|2600|20170929|1300|
C|005186|2017|50003724830058|001|4300008599|00180|UDBC1010|100|EA|28|KRW|2800|20170929|1300|
C|005186|2017|50003724830059|001|4300008599|00190|UDBC1011|100|EA|34|KRW|3400|20170929|1300|
C|005186|2017|50003724830060|001|4300008599|00200|UDBC1012|100|EA|37|KRW|3700|20170929|1300|
C|005186|2017|50003724830061|001|4300008599|00210|UDBC1013|50|EA|64|KRW|3200|20170929|1300|
C|005186|2017|50003724830062|001|4300008599|00220|UDBC1014|50|EA|79|KRW|3950|20170929|1300|
C|005186|2017|50003724830063|001|4300008599|00230|UDBC1015|100|EA|58|KRW|5800|20170929|1300|
C|005186|2017|50003724830064|001|4300008599|00240|UDBC1016|100|EA|58|KRW|5800|20170929|1300|
C|005186|2017|50003724830065|001|4300008599|00250|UDBC1017|100|EA|69|KRW|6900|20170929|1300|
C|005186|2017|50003724830066|001|4300008599|00260|UDBC1018|50|EA|116|KRW|5800|20170929|1300|
C|005186|2017|50003724830067|001|4300008599|00270|UDBC1019|100|EA|234|KRW|23400|20170929|1300|
C|005186|2017|50003724830068|001|4300008599|00280|UDBC1020|50|EA|240|KRW|12000|20170929|1300|
C|005186|2017|50003724830069|001|4300008599|00290|UDBC1021|100|EA|32|KRW|3200|20170929|1300|
C|005186|2017|50003724830070|001|4300008599|00300|UDBC1022|100|EA|53|KRW|5300|20170929|1300|
C|005186|2017|50003724830071|001|4300008599|00310|UDBC1023|100|EA|53|KRW|5300|20170929|1300|
C|005186|2017|50003724830072|001|4300008600|00020|UGBC1646|200|EA|2220|KRW|444000|20170929|1300|
C|005186|2017|50003724830073|001|4300008600|00030|UGBC1647|50|EA|1090|KRW|54500|20170929|1300|
C|005186|2017|50003724830074|001|4300008600|00040|UEBC1404|8|EA|37100|KRW|296800|20170929|1300|
C|005186|2017|50003724830075|001|4300008600|00060|UEBC1405|4|EA|33600|KRW|134400|20170929|1300|
C|005186|2017|50003724830076|001|4300008600|00070|UEBC1406|1|EA|263000|KRW|263000|20170929|1300|
C|005186|2017|50003724830077|001|4300008615|00120|UEBC0082|20|EA|7350|KRW|147000|20170929|1300|
C|005186|2017|50003724830078|001|4300008615|00140|UAGC0030|3|EA|19360|KRW|58080|20170929|1300|
C|005186|2017|50003724830079|001|4300008628|00010|UEAC0171|5|EA|197000|KRW|985000|20170929|1300|
C|005186|2017|50003724830080|001|4300008630|00040|UEBC1245|10|EA|9500|KRW|95000|20170929|1300|
C|005186|2017|50003724830081|001|4300008630|00070|UEBC1059|1|EA|606000|KRW|606000|20170929|1300|
C|005186|2017|50003724830082|001|4300008630|00130|UEBC0639|2|EA|165850|KRW|331700|20170929|1300|
C|005186|2017|50003724830083|001|4300008630|00140|UEBC0698|1|EA|40950|KRW|40950|20170929|1300|
C|005186|2017|50003724830084|001|4300008632|00010|UEBC0067|2|EA|938700|KRW|1877400|20170929|1300|
C|005186|2017|50003724830085|001|4300008634|00010|UAGC0050|30|EA|2230|KRW|66900|20170929|1300|
C|005186|2017|50003724830086|001|4300008634|00040|UGBC1253|10|EA|4950|KRW|49500|20170929|1300|
C|005186|2017|50003724830087|001|4300008634|00070|UADC0081|3|EA|6720|KRW|20160|20170929|1300|
C|005186|2017|50003724830088|001|4300008634|00080|UAGC0193|50|EA|3255|KRW|162750|20170929|1300|
C|005186|2017|50003724830089|001|4300008634|00090|UAEC0047|2|EA|21000|KRW|42000|20170929|1300|
C|005186|2017|50003724830090|001|4300008634|00120|UGCC0099|4|EA|36300|KRW|145200|20170929|1300|
C|005186|2017|50003724830091|001|4300008634|00140|UAGC0034|10|EA|4530|KRW|45300|20170929|1300|
C|005186|2017|50003724830092|001|4300008636|00080|UEAC0102|1|EA|128430|KRW|128430|20170929|1300|
C|005186|2017|50003724830093|001|4300008636|00090|UEAC1123|1|EA|38000|KRW|38000|20170929|1300|
