C|005186|2015|50001514830001|001|4300002660|00020|UGCC0840|1|EA|1084000|KRW|1084000|20150515|1300|
C|005186|2015|50001514830002|001|4300002660|00030|UZZC0141|1|EA|187000|KRW|187000|20150515|1300|
C|005186|2015|50001514840001|001|4300002647|00040|UHTC0263|1|EA|317600|KRW|317600|20150515|1300|
C|005186|2015|50001514850001|001|4300002658|00010|UGBC0757|20|EA|966|KRW|19320|20150515|1300|
C|005186|2015|50001514850002|001|4300002658|00020|UGBC0758|20|EA|1113|KRW|22260|20150515|1300|
C|005186|2015|50001514850003|001|4300002658|00030|UGBC1235|50|EA|590|KRW|29500|20150515|1300|
C|005186|2015|50001514850004|001|4300002658|00040|UGBC0768|30|EA|609|KRW|18270|20150515|1300|
C|005186|2015|50001514850005|001|4300002658|00050|UGBC0789|20|EA|690|KRW|13800|20150515|1300|
C|005186|2015|50001514850006|001|4300002661|00010|UEBC0891|2|EA|9140|KRW|18280|20150515|1300|
C|005186|2015|50001514850007|001|4300002663|00020|UKBC0010|2|EA|91480|KRW|182960|20150515|1300|
C|005186|2015|50001514850008|001|4300002666|00110|UDBC0071|1|EA|14700|KRW|14700|20150515|1300|
C|005186|2015|50001514850009|001|4300002667|00030|UZZC0107|25|EA|35770|KRW|894250|20150515|1300|
C|005186|2015|50001514860001|001|4300002711|00010|UAGC0311|1|EA|19640|KRW|19640|20150515|1300|
C|005186|2015|50001514860002|001|4300002711|00100|UDFC0080|50|EA|4850|KRW|242500|20150515|1300|
C|005186|2015|50001514860003|001|4300002711|00110|UDFC0082|50|EA|4830|KRW|241500|20150515|1300|
C|005186|2015|50001514860004|001|4300002711|00120|UDFC0078|50|EA|4260|KRW|213000|20150515|1300|
C|005186|2015|50001514860005|001|4300002711|00130|UAGC0408|50|EA|5200|KRW|260000|20150515|1300|
C|005186|2015|50001514860006|001|4300002711|00140|UDFC0123|50|EA|3885|KRW|194250|20150515|1300|
C|005186|2015|50001514860007|001|4300002712|00020|UAGC0410|50|EA|25410|KRW|1270500|20150515|1300|
C|005186|2015|50001514860008|001|4300002712|00030|UAGC0409|50|EA|13560|KRW|678000|20150515|1300|
C|005186|2015|50001514860009|001|4300002713|00010|UDFC0077|50|EA|14150|KRW|707500|20150515|1300|
C|005186|2015|50001514860010|001|4300002714|00010|UAJC0010|5|EA|45740|KRW|228700|20150515|1300|
C|005186|2015|50001514860011|001|4300002714|00020|UAJC0010|1|EA|45740|KRW|45740|20150515|1300|
C|005186|2015|50001514860012|001|4300002715|00010|UAJC0011|1|EA|45740|KRW|45740|20150515|1300|
C|005186|2015|50001514860013|001|4300002715|00040|UAJC0064|90|EA|180|KRW|16200|20150515|1300|
C|005186|2015|50001514860014|001|4300002717|00090|UAEC0062|5|EA|2880|KRW|14400|20150515|1300|
C|005186|2015|50001514860015|001|4300002717|00100|UAEC0063|5|EA|4260|KRW|21300|20150515|1300|
C|005186|2015|50001514860016|001|4300002717|00110|UAEC0064|5|EA|3480|KRW|17400|20150515|1300|
C|005186|2015|50001514860017|001|4300002717|00120|UAIC0035|5|EA|20780|KRW|103900|20150515|1300|
C|005186|2015|50001514860018|001|4300002719|00060|UADC0105|1|EA|28880|KRW|28880|20150515|1300|
C|005186|2015|50001514860019|001|4300002719|00070|UAEC0305|1|EA|39380|KRW|39380|20150515|1300|
C|005186|2015|50001514860020|001|4300002719|00080|UAEC0025|2|EA|8900|KRW|17800|20150515|1300|
C|005186|2015|50001514860021|001|4300002719|00090|UAKC0027|5|EA|8190|KRW|40950|20150515|1300|
C|005186|2015|50001514860022|001|4300002719|00100|UAKC0001|3|EA|6090|KRW|18270|20150515|1300|
C|005186|2015|50001514860023|001|4300002719|00110|UJCC0060|500|EA|590|KRW|295000|20150515|1300|
C|005186|2015|50001514870001|001|4300002658|00060|UHFC0013|20|EA|6930|KRW|138600|20150515|1300|
C|005186|2015|50001514870002|001|4300002658|00070|UHFC0014|10|EA|3255|KRW|32550|20150515|1300|
C|005186|2015|50001514870003|001|4300002658|00080|UALC0090|30|EA|49300|KRW|1479000|20150515|1300|
C|005186|2015|50001514870004|001|4300002659|00010|UGCC0894|100|EA|4220|KRW|422000|20150515|1300|
C|005186|2015|50001514870005|001|4300002659|00030|UDBC0267|100|EA|720|KRW|72000|20150515|1300|
C|005186|2015|50001514870006|001|4300002659|00040|UGBC0781|30|EA|580|KRW|17400|20150515|1300|
C|005186|2015|50001514870007|001|4300002659|00050|UGBC0782|30|EA|720|KRW|21600|20150515|1300|
C|005186|2015|50001514870008|001|4300002659|00070|UGAC0098|1|EA|667000|KRW|667000|20150515|1300|
C|005186|2015|50001514870009|001|4300002664|00010|UKBC0041|4|EA|91600|KRW|366400|20150515|1300|
C|005186|2015|50001514880001|001|4300002661|00020|UALC0111|2|EA|323300|KRW|646600|20150515|1300|
C|005186|2015|50001514880002|001|4300002661|00030|UALC0093|5|EA|246700|KRW|1233500|20150515|1300|
C|005186|2015|50001514880003|001|4300002662|00010|UALC0110|2|EA|550400|KRW|1100800|20150515|1300|
C|005186|2015|50001514880004|001|4300002663|00030|UALC0108|10|EA|91210|KRW|912100|20150515|1300|
C|005186|2015|50001514880005|001|4300002663|00040|UALC0092|15|EA|20600|KRW|309000|20150515|1300|
C|005186|2015|50001514890001|001|4300002663|00010|UHTC0688|12|EA|49500|KRW|594000|20150515|1300|
