C|005186|2013|50000196520001|001|4300000365|00010|UKDC0004|2|EA|70560|KRW|141120|20130726|1300|
C|005186|2013|50000196520002|001|4300000372|00010|UGBC0390|2|EA|720000|KRW|1440000|20130726|1300|
C|005186|2013|50000196520003|001|4300000372|00040|UGBC0297|1|EA|1260000|KRW|1260000|20130726|1300|
C|005186|2013|50000196520004|001|4300000372|00050|UGAC0097|1|EA|346850|KRW|346850|20130726|1300|
C|005186|2013|50000196520005|001|4300000373|00010|UHTC0403|6|EA|89400|KRW|536400|20130726|1300|
C|005186|2013|50000196520006|001|4300000373|00020|UHTC0243|6|EA|18900|KRW|113400|20130726|1300|
C|005186|2013|50000196520007|001|4300000384|00090|CMD0012|1|EA|29400|KRW|29400|20130726|1300|
C|005186|2013|50000196520008|001|4300000386|00010|CMA0001|20|EA|240|KRW|4800|20130726|1300|
C|005186|2013|50000196520009|001|4300000386|00020|CMA0007|20|EA|270|KRW|5400|20130726|1300|
C|005186|2013|50000196520010|001|4300000386|00030|CMB0010|20|EA|1100|KRW|22000|20130726|1300|
C|005186|2013|50000196520011|001|4300000386|00040|CMZ0014|1|EA|23300|KRW|23300|20130726|1300|
C|005186|2013|50000196520012|001|4300000391|00010|UCHC0013|1|EA|21000|KRW|21000|20130726|1300|
C|005186|2013|50000196520013|001|4300000391|00020|UDCC0039|5|EA|112700|KRW|563500|20130726|1300|
C|005186|2013|50000196520014|001|4300000391|00030|UGBC1351|4|EA|62500|KRW|250000|20130726|1300|
C|005186|2013|50000196520015|001|4300000391|00040|UCIC0173|1|EA|201500|KRW|201500|20130726|1300|
C|005186|2013|50000196520016|001|4300000392|00010|UHTC0500|2|EA|293500|KRW|587000|20130726|1300|
C|005186|2013|50000196520017|001|4300000392|00020|UDBC0031|100|EA|750|KRW|75000|20130726|1300|
C|005186|2013|50000196520018|001|4300000392|00030|UHHC0058|1|EA|183750|KRW|183750|20130726|1300|
C|005186|2013|50000196520019|001|4300000392|00040|UHTC0438|10|EA|34800|KRW|348000|20130726|1300|
C|005186|2013|50000196520020|001|4300000405|00210|UIDC0111|2|EA|72450|KRW|144900|20130726|1300|
C|005186|2013|50000196530001|001|4300000364|00010|UAGC0448|2|EA|29470|KRW|58940|20130726|1300|
C|005186|2013|50000196530002|001|4300000364|00020|UAGC0449|1|EA|105470|KRW|105470|20130726|1300|
C|005186|2013|50000196530003|001|4300000364|00100|UGCC0827|1|EA|51550|KRW|51550|20130726|1300|
C|005186|2013|50000196530004|001|4300000364|00120|UKEC0051|2|EA|71400|KRW|142800|20130726|1300|
C|005186|2013|50000196530005|001|4300000364|00130|UKEC0038|1|EA|27300|KRW|27300|20130726|1300|
C|005186|2013|50000196530006|001|4300000380|00010|UDBC0020|350|EA|100|KRW|35000|20130726|1300|
C|005186|2013|50000196530007|001|4300000380|00020|UDDC0283|5|EA|22470|KRW|112350|20130726|1300|
C|005186|2013|50000196530008|001|4300000380|00030|UGCC0266|2|EA|176850|KRW|353700|20130726|1300|
C|005186|2013|50000196530009|001|4300000380|00040|UDBC0460|500|EA|212|KRW|106000|20130726|1300|
C|005186|2013|50000196530010|001|4300000380|00050|UDBC0335|500|EA|65|KRW|32500|20130726|1300|
C|005186|2013|50000196530011|001|4300000380|00060|UDBC0610|300|EA|163|KRW|48900|20130726|1300|
C|005186|2013|50000196530012|001|4300000380|00070|UDBC0367|300|EA|21|KRW|6300|20130726|1300|
C|005186|2013|50000196530013|001|4300000380|00080|UDBC0743|300|EA|10|KRW|3000|20130726|1300|
C|005186|2013|50000196530014|001|4300000380|00090|UDBC0322|300|EA|10|KRW|3000|20130726|1300|
C|005186|2013|50000196530015|001|4300000380|00100|UAGC0013|2|EA|11530|KRW|23060|20130726|1300|
C|005186|2013|50000196530016|001|4300000380|00110|UKDC0005|5|EA|9450|KRW|47250|20130726|1300|
C|005186|2013|50000196530017|001|4300000380|00120|UGCC0179|2|EA|36330|KRW|72660|20130726|1300|
C|005186|2013|50000196530018|001|4300000380|00130|UAAC0013|4|EA|6580|KRW|26320|20130726|1300|
C|005186|2013|50000196530019|001|4300000380|00140|UAGC0064|3|EA|112630|KRW|337890|20130726|1300|
C|005186|2013|50000196530020|001|4300000380|00150|UBCC0006|4|EA|56700|KRW|226800|20130726|1300|
C|005186|2013|50000196530021|001|4300000390|00010|UDFC0019|1|EA|11550|KRW|11550|20130726|1300|
C|005186|2013|50000196530022|001|4300000390|00020|UFIC0010|1|EA|164200|KRW|164200|20130726|1300|
C|005186|2013|50000196530023|001|4300000390|00030|UADC0115|1|EA|104730|KRW|104730|20130726|1300|
C|005186|2013|50000196530024|001|4300000390|00040|UAHC0046|1|EA|280350|KRW|280350|20130726|1300|
C|005186|2013|50000196530025|001|4300000390|00050|UAHC0045|1|EA|91350|KRW|91350|20130726|1300|
C|005186|2013|50000196530026|001|4300000390|00060|UAHC0044|1|EA|11030|KRW|11030|20130726|1300|
C|005186|2013|50000196530027|001|4300000390|00070|UAHC0043|1|EA|1000|KRW|1000|20130726|1300|
C|005186|2013|50000196530028|001|4300000390|00080|UDEC0106|7|EA|230000|KRW|1610000|20130726|1300|
C|005186|2013|50000196540001|001|4300000364|00030|UEAC0144|1|EA|990000|KRW|990000|20130726|1300|
C|005186|2013|50000196540002|001|4300000364|00040|UGBC1352|1|EA|98000|KRW|98000|20130726|1300|
C|005186|2013|50000196540003|001|4300000364|00050|UGCC0821|2|EA|45050|KRW|90100|20130726|1300|
C|005186|2013|50000196540004|001|4300000364|00060|UGCC0822|2|EA|38690|KRW|77380|20130726|1300|
C|005186|2013|50000196540005|001|4300000364|00070|UGCC0823|1|EA|50350|KRW|50350|20130726|1300|
C|005186|2013|50000196540006|001|4300000364|00110|UGCC0828|2|EA|96990|KRW|193980|20130726|1300|
C|005186|2013|50000196540007|001|4300000364|00140|UDEC0028|1|EA|278250|KRW|278250|20130726|1300|
C|005186|2013|50000196540008|001|4300000369|00010|UEBC0661|1|EA|75690|KRW|75690|20130726|1300|
C|005186|2013|50000196540009|001|4300000369|00020|UEBC0784|10|EA|2500|KRW|25000|20130726|1300|
C|005186|2013|50000196540010|001|4300000369|00040|UEBC0182|2|EA|111560|KRW|223120|20130726|1300|
C|005186|2013|50000196540011|001|4300000369|00050|UEBC0175|2|EA|129940|KRW|259880|20130726|1300|
C|005186|2013|50000196540012|001|4300000369|00060|UIEC0040|2|EA|3938|KRW|7876|20130726|1300|
C|005186|2013|50000196540013|001|4300000369|00070|UEBC0348|2|EA|23100|KRW|46200|20130726|1300|
C|005186|2013|50000196540014|001|4300000369|00080|UGCC0099|1|EA|36300|KRW|36300|20130726|1300|
C|005186|2013|50000196540015|001|4300000369|00100|UEBC0401|20|EA|9450|KRW|189000|20130726|1300|
C|005186|2013|50000196540016|001|4300000369|00110|UDBC0331|50|EA|2370|KRW|118500|20130726|1300|
C|005186|2013|50000196540017|001|4300000369|00120|UDBC0611|500|EA|30|KRW|15000|20130726|1300|
C|005186|2013|50000196540018|001|4300000369|00140|UDBC0615|500|EA|30|KRW|15000|20130726|1300|
C|005186|2013|50000196540019|001|4300000369|00160|UDBC0376|300|EA|58|KRW|17400|20130726|1300|
C|005186|2013|50000196540020|001|4300000371|00150|UEBC0785|10|EA|1480|KRW|14800|20130726|1300|
C|005186|2013|50000196540021|001|4300000371|00160|UEBC0350|13|EA|42250|KRW|549250|20130726|1300|
C|005186|2013|50000196540022|001|4300000371|00170|UDBC0375|500|EA|16|KRW|8000|20130726|1300|
C|005186|2013|50000196540023|001|4300000371|00180|UDBC0375|300|EA|16|KRW|4800|20130726|1300|
C|005186|2013|50000196540024|001|4300000377|00020|UGCC0825|1|EA|938100|KRW|938100|20130726|1300|
C|005186|2013|50000196540025|001|4300000377|00030|UGCC0826|1|EA|491610|KRW|491610|20130726|1300|
C|005186|2013|50000196550001|001|4300000379|00010|UHHC0140|2|EA|81690|KRW|163380|20130726|1300|
