C|005186|2019|50005106140001|001|4300014236|00010|UDBC0442|500|EA|7000|KRW|35000|20190814|1300|
C|005186|2019|50005106140002|001|4300014236|00020|UDBC0879|300|EA|9500|KRW|28500|20190814|1300|
C|005186|2019|50005106140003|001|4300014236|00030|UDBC0938|300|EA|10400|KRW|31200|20190814|1300|
C|005186|2019|50005106140004|001|4300014236|00040|UDBC1067|300|EA|7500|KRW|45000|20190814|1300|
C|005186|2019|50005106140005|001|4300014236|00050|UEBC1114|2|EA|87980|KRW|175960|20190814|1300|
C|005186|2019|50005106140006|001|4300014236|00060|UEBC1110|10|EA|41500|KRW|415000|20190814|1300|
C|005186|2019|50005106140007|001|4300014262|00010|UEBC0177|1|EA|204750|KRW|204750|20190814|1300|
C|005186|2019|50005106140008|001|4300014262|00020|UEBC0184|1|EA|208700|KRW|208700|20190814|1300|
C|005186|2019|50005106140009|001|4300014262|00030|UDBC0527|300|EA|12700|KRW|38100|20190814|1300|
C|005186|2019|50005106140010|001|4300014262|00040|UEBC0871|10|EA|18375|KRW|183750|20190814|1300|
C|005186|2019|50005106140011|001|4300014262|00050|UEBC0870|10|EA|16800|KRW|168000|20190814|1300|
C|005186|2019|50005106140012|001|4300014262|00060|UEBC0043|1|EA|112460|KRW|112460|20190814|1300|
C|005186|2019|50005106140013|001|4300014262|00070|UEBC0007|8|EA|58800|KRW|470400|20190814|1300|
C|005186|2019|50005106140014|001|4300014262|00080|UIEC0004|1|EA|21290|KRW|21290|20190814|1300|
C|005186|2019|50005106140015|001|4300014262|00100|UDEC0030|2|EA|95450|KRW|190900|20190814|1300|
C|005186|2019|50005106140016|001|4300014262|00110|UDDC0131|10|EA|24360|KRW|243600|20190814|1300|
C|005186|2019|50005106140017|001|4300014269|00060|UDAC0348|5|EA|36040|KRW|36040|20190814|1300|
C|005186|2019|50005106150001|001|4300014239|00040|UDAC0365|100|EA|80000|KRW|160000|20190814|1300|
C|005186|2019|50005106150002|001|4300014239|00050|UGCC0894|400|EA|300000|KRW|1200000|20190814|1300|
C|005186|2019|50005106150003|001|4300014265|00010|UEBC0662|3|EA|99320|KRW|297960|20190814|1300|
C|005186|2019|50005106150004|001|4300014265|00020|UEBC0789|40|EA|49000|KRW|98000|20190814|1300|
C|005186|2019|50005106150005|001|4300014265|00050|UCIC0037|1|EA|144380|KRW|144380|20190814|1300|
C|005186|2019|50005106150006|001|4300014265|00070|UEBC0187|16|EA|20480|KRW|327680|20190814|1300|
C|005186|2019|50005106150007|001|4300014266|00010|UJAC0036|50|EA|735000|KRW|735000|20190814|1300|
C|005186|2019|50005106150008|001|4300014276|00010|UCKC0157|1|EA|716000|KRW|716000|20190814|1300|
C|005186|2019|50005106150009|001|4300014277|00010|UCKC0162|1|EA|1580000|KRW|1580000|20190814|1300|
C|005186|2019|50005106160001|001|4300014265|00110|UZZC0188|100|EA|4200|KRW|42000|20190814|1300|
C|005186|2019|50005106170001|001|4300014269|00020|UGBC0765|30|EA|5100|KRW|15300|20190814|1300|
C|005186|2019|50005106170002|001|4300014269|00040|UAJC0008|6|EA|11550|KRW|69300|20190814|1300|
C|005186|2019|50005106170003|001|4300014270|00020|UEBC0577|10|EA|7900|KRW|15800|20190814|1300|
C|005186|2019|50005106170004|001|4300014270|00030|UEBC0579|10|EA|5060|KRW|25300|20190814|1300|
C|005186|2019|50005106170005|001|4300014270|00040|UEBC0580|10|EA|9680|KRW|48400|20190814|1300|
C|005186|2019|50005106170006|001|4300014270|00050|UEBC0581|10|EA|16170|KRW|161700|20190814|1300|
C|005186|2019|50005106170007|001|4300014270|00060|UEBC1575|10|EA|7140|KRW|35700|20190814|1300|
C|005186|2019|50005106170008|001|4300014270|00100|UAHC0045|1|EA|91350|KRW|91350|20190814|1300|
C|005186|2019|50005106170009|001|4300014270|00130|UICC0035|20|EA|4940|KRW|98800|20190814|1300|
C|005186|2019|50005106170010|001|4300014304|00010|UGCC0036|5|EA|65520|KRW|327600|20190814|1300|
C|005186|2019|50005106170011|001|4300014307|00030|UHTC0832|2|EA|38370|KRW|76740|20190814|1300|
C|005186|2019|50005106170012|001|4300014307|00040|UHTC0833|1|EA|79690|KRW|79690|20190814|1300|
C|005186|2019|50005106170013|001|4300014308|00120|UJCC0060|500|EA|59000|KRW|295000|20190814|1300|
C|005186|2019|50005106180001|001|4300014254|00010|UHHC0082|1|EA|955500|KRW|955500|20190814|1300|
C|005186|2019|50005106180002|001|4300014254|00020|UHGC0281|1|EA|490000|KRW|490000|20190814|1300|
C|005186|2019|50005106180003|001|4300014254|00030|UHGC0124|20|EA|221000|KRW|442000|20190814|1300|
C|005186|2019|50005106180004|001|4300014255|00010|UHGC0175|1|EA|1583400|KRW|1583400|20190814|1300|
C|005186|2019|50005106180005|001|4300014255|00020|UGAC0067|10|EA|207850|KRW|415700|20190814|1300|
C|005186|2019|50005106180006|001|4300014256|00010|UHGC0282|1|EA|750000|KRW|750000|20190814|1300|
C|005186|2019|50005106180007|001|4300014256|00020|UHTC0802|15|EA|249100|KRW|747300|20190814|1300|
C|005186|2019|50005106180008|001|4300014256|00030|UHGC0053|20|EA|114700|KRW|458800|20190814|1300|
C|005186|2019|50005106180009|001|4300014257|00010|UHTC0772|40|EA|466400|KRW|932800|20190814|1300|
C|005186|2019|50005106180010|001|4300014258|00010|UHGC0076|10|EA|54900|KRW|549000|20190814|1300|
C|005186|2019|50005106180011|001|4300014258|00020|UHGC0340|20|EA|110000|KRW|440000|20190814|1300|
C|005186|2019|50005106180012|001|4300014258|00030|UHNC0100|10|EA|336000|KRW|336000|20190814|1300|
C|005186|2019|50005106180013|001|4300014258|00040|UHGC0352|2|EA|223630|KRW|447260|20190814|1300|
C|005186|2019|50005106180014|001|4300014259|00010|UHTC0800|5|EA|795000|KRW|795000|20190814|1300|
C|005186|2019|50005106180015|001|4300014259|00020|UHTC0772|40|EA|466400|KRW|932800|20190814|1300|
C|005186|2019|50005106180016|001|4300014260|00010|UHGC0180|1|EA|1344000|KRW|1344000|20190814|1300|
C|005186|2019|50005106190001|001|4300014296|00010|UCCC0011|1|EA|1510000|KRW|1510000|20190814|1300|
C|005186|2019|50005106190002|001|4300014297|00010|UCCC0011|1|EA|1510000|KRW|1510000|20190814|1300|
C|005186|2019|50005106190003|001|4300014298|00010|UCCC0011|1|EA|1510000|KRW|1510000|20190814|1300|
C|005186|2019|50005106190004|001|4300014299|00010|UCCC0011|1|EA|1510000|KRW|1510000|20190814|1300|
C|005186|2019|50005106190005|001|4300014300|00010|UCCC0011|1|EA|1510000|KRW|1510000|20190814|1300|
C|005186|2019|50005106190006|001|4300014301|00010|UCCC0011|1|EA|1510000|KRW|1510000|20190814|1300|
C|005186|2019|50005106190007|001|4300014307|00020|UAAC0003|5|EA|24150|KRW|120750|20190814|1300|
C|005186|2019|50005106190008|001|4300014308|00010|UAEC0357|100|EA|289500|KRW|579000|20190814|1300|
C|005186|2019|50005106190009|001|4300014308|00020|UAEC0414|100|EA|291500|KRW|583000|20190814|1300|
C|005186|2019|50005106190010|001|4300014322|00010|UCCC0011|1|EA|1510000|KRW|1510000|20190814|1300|
C|005186|2019|50005106200001|001|4300014307|00010|UAEC0095|2|EA|22630|KRW|45260|20190814|1300|
C|005186|2019|50005106200002|001|4300014308|00030|UFAC0007|1|EA|165000|KRW|165000|20190814|1300|
C|005186|2019|50005106200003|001|4300014308|00040|UFAC0008|1|EA|126400|KRW|126400|20190814|1300|
C|005186|2019|50005106200004|001|4300014308|00050|UAGC0470|50|EA|30450|KRW|30450|20190814|1300|
C|005186|2019|50005106200005|001|4300014308|00060|UAGC0469|50|EA|29400|KRW|29400|20190814|1300|
C|005186|2019|50005106200006|001|4300014308|00070|UAGC0210|50|EA|18500|KRW|18500|20190814|1300|
C|005186|2019|50005106200007|001|4300014308|00080|UAGC0204|50|EA|18500|KRW|18500|20190814|1300|
C|005186|2019|50005106200008|001|4300014308|00090|UIEC0027|5|EA|5050|KRW|25250|20190814|1300|
C|005186|2019|50005106200009|001|4300014308|00100|UAGC0492|2|EA|18020|KRW|36040|20190814|1300|
C|005186|2019|50005106200010|001|4300014308|00110|UAKC0025|2|EA|8000|KRW|16000|20190814|1300|
C|005186|2019|50005106200011|001|4300014325|00010|UZZC0012|10|EA|36750|KRW|73500|20190814|1300|
C|005186|2019|50005106210001|001|4300014270|00010|UIDC0087|2|EA|185260|KRW|370520|20190814|1300|
C|005186|2019|50005106210002|001|4300014307|00050|UFGC0045|2|EA|47500|KRW|95000|20190814|1300|
C|005186|2019|50005106220001|001|4300014272|00010|UHGC0342|1|EA|1030000|KRW|1030000|20190814|1300|
C|005186|2019|50005106220002|001|4300014273|00010|UHGC0342|1|EA|1030000|KRW|1030000|20190814|1300|
C|005186|2019|50005106220003|001|4300014274|00010|UHGC0339|4|EA|315000|KRW|1260000|20190814|1300|
C|005186|2019|50005106220004|001|4300014274|00020|UHGC0343|1|EA|495000|KRW|495000|20190814|1300|
C|005186|2019|50005106220005|001|4300014278|00010|UHNC0070|1|EA|435750|KRW|435750|20190814|1300|
C|005186|2019|50005106220006|001|4300014278|00020|UHFC0032|1|EA|998550|KRW|998550|20190814|1300|
C|005186|2019|50005106220007|001|4300014278|00030|UHGC0260|2|EA|208000|KRW|416000|20190814|1300|
C|005186|2019|50005106220008|001|4300014279|00010|UHFC0175|10|EA|387300|KRW|387300|20190814|1300|
C|005186|2019|50005106220009|001|4300014279|00020|UHGC0134|2|EA|756000|KRW|1512000|20190814|1300|
C|005186|2019|50005106220010|001|4300014302|00010|UHGC0343|3|EA|495000|KRW|1485000|20190814|1300|
C|005186|2019|50005106220011|001|4300014303|00010|UHGC0347|2|EA|861000|KRW|1722000|20190814|1300|
C|005186|2019|50005106230001|001|4300014305|00010|UHHC0211|50|EA|38000|KRW|1900000|20190814|1300|
C|005186|2019|50005106230002|001|4300014306|00010|UHHC0211|50|EA|38000|KRW|1900000|20190814|1300|
C|005186|2019|50005106230003|001|4300014324|00010|UHTC0500|2|EA|293500|KRW|587000|20190814|1300|
C|005186|2019|50005106230004|001|4300014324|00020|UHTC0567|2|EA|292650|KRW|585300|20190814|1300|
C|005186|2019|50005106240001|001|4300013743|00020|UGCC1560|8|EA|141000|KRW|1128000|20190814|1300|
C|005186|2019|50005106240002|001|4300013886|00070|UGCC1559|1|EA|202000|KRW|202000|20190814|1300|
C|005186|2019|50005106250001|001|4300013746|00010|UCKC0166|1|EA|940000|KRW|940000|20190814|1300|
C|005186|2019|50005106250002|001|4300013978|00020|UHTC0730|10|EA|157900|KRW|157900|20190814|1300|
C|005186|2019|50005106250003|001|4300014079|00010|UGCC1582|5|EA|305000|KRW|1525000|20190814|1300|
C|005186|2019|50005106250004|001|4300014080|00010|UGCC1582|5|EA|305000|KRW|1525000|20190814|1300|
C|005186|2019|50005106250005|001|4300014257|00020|UHTC0656|10|EA|436000|KRW|872000|20190814|1300|
C|005186|2019|50005106260001|001|4300014307|00060|UFGC0063|2|EA|10290|KRW|20580|20190814|1300|
C|005186|2019|50005106260002|001|4300014325|00020|UFGC0065|20|EA|5000|KRW|100000|20190814|1300|
C|005186|2019|50005106270001|001|4300014269|00010|UEBC0441|3|EA|29560|KRW|88680|20190814|1300|
C|005186|2019|50005106270002|001|4300014270|00120|UEBC0895|5|EA|25200|KRW|126000|20190814|1300|
C|005186|2019|50005106270003|001|4300014340|00060|UDBC0063|1|EA|20530|KRW|20530|20190814|1300|
C|005186|2019|50005106270004|001|4300014340|00100|UADC0074|2|EA|18900|KRW|37800|20190814|1300|
C|005186|2019|50005106270005|001|4300014341|00010|UICC0058|10|EA|8270|KRW|82700|20190814|1300|
C|005186|2019|50005106280001|001|4300014332|00010|KH990100|4|EA|27220|KRW|108880|20190814|1300|
C|005186|2019|50005106280002|001|4300014332|00020|KH990101|6|EA|7250|KRW|43500|20190814|1300|
C|005186|2019|50005106280003|001|4300014332|00030|KS990007|5|EA|51450|KRW|257250|20190814|1300|
C|005186|2019|50005106280004|001|4300014332|00040|KT020003|1|EA|5600|KRW|5600|20190814|1300|
C|005186|2019|50005106280005|001|4300014332|00050|KT020005|1|EA|5640|KRW|5640|20190814|1300|
C|005186|2019|50005106280006|001|4300014332|00060|KT020006|3|EA|6250|KRW|18750|20190814|1300|
C|005186|2019|50005106280007|001|4300014332|00070|KT020009|2|EA|8030|KRW|16060|20190814|1300|
C|005186|2019|50005106280008|001|4300014332|00080|KT020010|1|EA|10190|KRW|10190|20190814|1300|
C|005186|2019|50005106280009|001|4300014332|00090|KT020011|1|EA|10400|KRW|10400|20190814|1300|
C|005186|2019|50005106280010|001|4300014332|00100|KT020013|1|EA|13110|KRW|13110|20190814|1300|
C|005186|2019|50005106280011|001|4300014332|00110|KT020015|1|EA|15720|KRW|15720|20190814|1300|
C|005186|2019|50005106280012|001|4300014332|00120|KT020020|1|EA|27800|KRW|27800|20190814|1300|
C|005186|2019|50005106280013|001|4300014332|00130|KT020610|1|EA|29150|KRW|29150|20190814|1300|
C|005186|2019|50005106280014|001|4300014332|00140|KT020612|1|EA|44100|KRW|44100|20190814|1300|
C|005186|2019|50005106280015|001|4300014332|00150|KT020613|1|EA|49000|KRW|49000|20190814|1300|
C|005186|2019|50005106280016|001|4300014332|00160|KT080110|1|EA|25440|KRW|25440|20190814|1300|
C|005186|2019|50005106280017|001|4300014332|00170|KT080320|1.000|KG|14175|KRW|14175|20190814|1300|
C|005186|2019|50005106280018|001|4300014332|00180|KT080520|3|EA|2760|KRW|8280|20190814|1300|
C|005186|2019|50005106280019|001|4300014332|00190|KT990001|200|EA|5100|KRW|102000|20190814|1300|
C|005186|2019|50005106280020|001|4300014332|00200|KT990010|200|EA|3700|KRW|74000|20190814|1300|
C|005186|2019|50005106290001|001|4300014336|00010|UJAC0128|40|EA|700|KRW|14000|20190814|1300|
