C|005186|2016|50002516450001|001|4300005054|00010|CMD0001|7|EA|9555|KRW|66885|20160515|1300|
C|005186|2016|50002516450002|001|4300005054|00020|CMA0002|130|EA|1530|KRW|198900|20160515|1300|
C|005186|2016|50002516450003|001|4300005054|00030|CMH0007|30|EA|11700|KRW|351000|20160515|1300|
C|005186|2016|50002516450004|001|4300005054|00040|CMF0002|10|EA|1100|KRW|11000|20160515|1300|
C|005186|2016|50002516450005|001|4300005054|00050|CMF0020|10|EA|700|KRW|7000|20160515|1300|
C|005186|2016|50002516450006|001|4300005056|00040|UEBC0522|5|EA|13430|KRW|67150|20160515|1300|
C|005186|2016|50002516450007|001|4300005061|00100|UFCC0003|10|EA|28740|KRW|287400|20160515|1300|
C|005186|2016|50002516460001|001|4300005057|00100|UAGC0091|2|EA|8890|KRW|17780|20160515|1300|
C|005186|2016|50002516460002|001|4300005061|00030|UGCC0258|4|EA|26250|KRW|105000|20160515|1300|
C|005186|2016|50002516460003|001|4300005061|00040|UAEC0267|2|EA|6359|KRW|12718|20160515|1300|
C|005186|2016|50002516460004|001|4300005061|00050|UAEC0079|2|EA|12075|KRW|24150|20160515|1300|
C|005186|2016|50002516460005|001|4300005061|00060|UAEC0038|2|EA|4520|KRW|9040|20160515|1300|
C|005186|2016|50002516460006|001|4300005061|00070|UAEC0037|2|EA|4520|KRW|9040|20160515|1300|
C|005186|2016|50002516460007|001|4300005061|00090|UJCC0023|30|EA|6850|KRW|205500|20160515|1300|
C|005186|2016|50002516460008|001|4300005061|00110|UCAC0069|10|EA|20200|KRW|202000|20160515|1300|
C|005186|2016|50002516470001|001|4300005056|00010|UGBC1371|10|EA|66000|KRW|660000|20160515|1300|
C|005186|2016|50002516470002|001|4300005056|00020|UGBC0647|1|EA|385000|KRW|385000|20160515|1300|
C|005186|2016|50002516470003|001|4300005056|00030|UGBC1232|10|EA|16900|KRW|169000|20160515|1300|
C|005186|2016|50002516470004|001|4300005056|00090|UGBC0555|10|EA|42000|KRW|420000|20160515|1300|
C|005186|2016|50002516470005|001|4300005057|00010|UGBC0556|10|EA|52500|KRW|525000|20160515|1300|
C|005186|2016|50002516470006|001|4300005057|00020|UGBC0557|10|EA|65100|KRW|651000|20160515|1300|
C|005186|2016|50002516470007|001|4300005057|00050|UGBC0485|5|EA|37800|KRW|189000|20160515|1300|
C|005186|2016|50002516470008|001|4300005057|00060|UGBC1094|2|EA|66150|KRW|132300|20160515|1300|
C|005186|2016|50002516470009|001|4300005057|00070|UGBC1096|2|EA|86100|KRW|172200|20160515|1300|
C|005186|2016|50002516470010|001|4300005057|00080|UGBC1050|1|EA|115500|KRW|115500|20160515|1300|
C|005186|2016|50002516470011|001|4300005058|00010|UCIC0052|2|EA|947400|KRW|1894800|20160515|1300|
C|005186|2016|50002516470012|001|4300005059|00010|UBCC0037|5|EA|15800|KRW|79000|20160515|1300|
C|005186|2016|50002516470013|001|4300005059|00020|UGBC1370|3|EA|429000|KRW|1287000|20160515|1300|
C|005186|2016|50002516470014|001|4300005059|00030|UGBC0581|10|EA|1680|KRW|16800|20160515|1300|
C|005186|2016|50002516470015|001|4300005059|00040|UGBC0273|4|EA|56700|KRW|226800|20160515|1300|
C|005186|2016|50002516480001|001|4300005060|00010|UHHC0140|1|EA|81690|KRW|81690|20160515|1300|
C|005186|2016|50002516480002|001|4300005061|00080|UFGC0035|20|EA|11077|KRW|221540|20160515|1300|
C|005186|2016|50002516490001|001|4300005061|00010|UHTC0524|1|EA|273160|KRW|273160|20160515|1300|
C|005186|2016|50002516490002|001|4300005061|00020|UHFC0179|4|EA|13650|KRW|54600|20160515|1300|
C|005186|2016|50002516500001|001|4300005067|00010|UGBC1344|1|EA|509000|KRW|509000|20160515|1300|
C|005186|2016|50002516500002|001|4300005069|00010|UGBC0111|5|EA|294000|KRW|1470000|20160515|1300|
C|005186|2016|50002516500003|001|4300005075|00050|UDEC0052|1|EA|111300|KRW|111300|20160515|1300|
C|005186|2016|50002516510001|001|4300005083|00030|UADC0033|1|EA|344500|KRW|344500|20160515|1300|
C|005186|2016|50002516520001|001|4300005067|00040|UIDC0115|1|EA|102000|KRW|102000|20160515|1300|
C|005186|2016|50002516520002|001|4300005068|00080|UAEC0083|3|EA|2640|KRW|7920|20160515|1300|
C|005186|2016|50002516520003|001|4300005068|00090|UAEC0084|3|EA|2750|KRW|8250|20160515|1300|
C|005186|2016|50002516520004|001|4300005068|00100|UAEC0085|3|EA|3050|KRW|9150|20160515|1300|
C|005186|2016|50002516520005|001|4300005068|00120|UADC0156|3|EA|16800|KRW|50400|20160515|1300|
C|005186|2016|50002516520006|001|4300005070|00020|UIDC0143|2|EA|437220|KRW|874440|20160515|1300|
C|005186|2016|50002516520007|001|4300005071|00110|UICC0009|10|EA|1260|KRW|12600|20160515|1300|
C|005186|2016|50002516520008|001|4300005073|00060|UDEC0027|1|EA|220500|KRW|220500|20160515|1300|
C|005186|2016|50002516520009|001|4300005074|00020|UJAC0072|2|EA|12600|KRW|25200|20160515|1300|
C|005186|2016|50002516520010|001|4300005074|00030|UJAC0073|2|EA|13130|KRW|26260|20160515|1300|
C|005186|2016|50002516520011|001|4300005074|00060|UIDC0043|1|EA|23100|KRW|23100|20160515|1300|
C|005186|2016|50002516520012|001|4300005075|00070|UAGC0193|100|EA|3255|KRW|325500|20160515|1300|
C|005186|2016|50002516520013|001|4300005076|00010|UAEC0014|1|EA|9000|KRW|9000|20160515|1300|
C|005186|2016|50002516520014|001|4300005076|00020|UAEC0025|1|EA|8900|KRW|8900|20160515|1300|
C|005186|2016|50002516520015|001|4300005076|00030|UAEC0261|1|EA|3090|KRW|3090|20160515|1300|
C|005186|2016|50002516520016|001|4300005076|00110|UICC0035|20|EA|4940|KRW|98800|20160515|1300|
C|005186|2016|50002516520017|001|4300005076|00120|UICC0007|20|EA|1580|KRW|31600|20160515|1300|
C|005186|2016|50002516520018|001|4300005077|00030|UIDC0085|3|EA|111160|KRW|333480|20160515|1300|
C|005186|2016|50002516530001|001|4300005056|00050|UGBC0284|20|EA|2840|KRW|56800|20160515|1300|
C|005186|2016|50002516530002|001|4300005056|00060|UDAC0312|20|EA|3100|KRW|62000|20160515|1300|
C|005186|2016|50002516530003|001|4300005056|00070|UDAC0315|10|EA|5480|KRW|54800|20160515|1300|
C|005186|2016|50002516530004|001|4300005065|00010|KP150400|100|EA|170|KRW|17000|20160515|1300|
C|005186|2016|50002516530005|001|4300005065|00120|KS990007|7|EA|51450|KRW|360150|20160515|1300|
C|005186|2016|50002516530006|001|4300005065|00140|KT020003|3|EA|5600|KRW|16800|20160515|1300|
C|005186|2016|50002516530007|001|4300005065|00150|KT020004|2|EA|5600|KRW|11200|20160515|1300|
C|005186|2016|50002516530008|001|4300005065|00160|KT020005|3|EA|5640|KRW|16920|20160515|1300|
C|005186|2016|50002516530009|001|4300005065|00170|KT020014|2|EA|14490|KRW|28980|20160515|1300|
C|005186|2016|50002516530010|001|4300005065|00180|KT020600|5|EA|14910|KRW|74550|20160515|1300|
C|005186|2016|50002516530011|001|4300005065|00190|KT020610|1|EA|29150|KRW|29150|20160515|1300|
C|005186|2016|50002516530012|001|4300005065|00200|KT020611|1|EA|28140|KRW|28140|20160515|1300|
C|005186|2016|50002516530013|001|4300005065|00210|KT020612|1|EA|44100|KRW|44100|20160515|1300|
C|005186|2016|50002516530014|001|4300005065|00220|KT020702|20|EA|470|KRW|9400|20160515|1300|
C|005186|2016|50002516530015|001|4300005065|00230|KT080520|5|EA|2760|KRW|13800|20160515|1300|
C|005186|2016|50002516530016|001|4300005065|00240|KT990010|180|EA|370|KRW|66600|20160515|1300|
C|005186|2016|50002516530017|001|4300005086|00010|UGBC1297|1|EA|494800|KRW|494800|20160515|1300|
C|005186|2016|50002516530018|001|4300005086|00020|UBCC0053|2|EA|51000|KRW|102000|20160515|1300|
