C|005186|2019|50004761380001|001|4300012812|00010|CMA0028|1|EA|7350|KRW|7350|20190222|1300|
C|005186|2019|50004761380002|001|4300012812|00020|CMA0002|10|EA|1440|KRW|14400|20190222|1300|
C|005186|2019|50004761380003|001|4300012812|00050|CMA0008|20|EA|470|KRW|9400|20190222|1300|
C|005186|2019|50004761380004|001|4300012812|00080|CMA0007|150|EA|151|KRW|22650|20190222|1300|
C|005186|2019|50004761380005|001|4300012812|00100|CMA0001|300|EA|151|KRW|45300|20190222|1300|
C|005186|2019|50004761380006|001|4300012812|00110|CMC0005|400|EA|150|KRW|60000|20190222|1300|
C|005186|2019|50004761390001|001|4300012800|00010|CMB0001|60|EA|520|KRW|31200|20190222|1300|
C|005186|2019|50004761390002|001|4300012800|00030|CMC0005|60|EA|150|KRW|9000|20190222|1300|
C|005186|2019|50004761390003|001|4300012800|00040|CMA0007|80|EA|151|KRW|12080|20190222|1300|
C|005186|2019|50004761390004|001|4300012800|00050|CMA0008|80|EA|470|KRW|37600|20190222|1300|
C|005186|2019|50004761400001|001|4300012804|00060|CME0013|2|EA|11880|KRW|23760|20190222|1300|
