C|005186|2016|50002308390001|001|4300004588|00150|CMF0005|4|EA|20700|KRW|82800|20160229|1300|
C|005186|2016|50002308390002|001|4300004591|00060|CMF0005|10|EA|20700|KRW|207000|20160229|1300|
C|005186|2016|50002308390003|001|4300004592|00110|CMF0005|1|EA|20700|KRW|20700|20160229|1300|
C|005186|2016|50002308390004|001|4300004593|00090|CMF0005|6|EA|20700|KRW|124200|20160229|1300|
C|005186|2016|50002308390005|001|4300004596|00150|CMF0005|1|EA|20700|KRW|20700|20160229|1300|
C|005186|2016|50002308390006|001|4300004600|00070|CMF0005|2|EA|20700|KRW|41400|20160229|1300|
C|005186|2016|50002308390007|001|4300004601|00180|CMF0005|10|EA|20700|KRW|207000|20160229|1300|
C|005186|2016|50002309200001|001|4300004584|00060|CMF0005|3|EA|20700|KRW|62100|20160229|1300|
C|005186|2016|50002309210001|001|4300004587|00050|CMF0005|3|EA|20700|KRW|62100|20160229|1300|
C|005186|2016|50002309220001|001|4300004583|00010|CMA0001|80|EA|240|KRW|19200|20160229|1300|
C|005186|2016|50002309220002|001|4300004583|00020|CMA0007|220|EA|270|KRW|59400|20160229|1300|
C|005186|2016|50002309220003|001|4300004583|00040|CMB0001|20|EA|655|KRW|13100|20160229|1300|
C|005186|2016|50002309220004|001|4300004583|00050|CMB0010|80|EA|1100|KRW|88000|20160229|1300|
C|005186|2016|50002309220005|001|4300004583|00060|CMC0003|10|EA|340|KRW|3400|20160229|1300|
C|005186|2016|50002309220006|001|4300004583|00070|CME0010|30|EA|285|KRW|8550|20160229|1300|
C|005186|2016|50002309220007|001|4300004583|00090|CMC0003|10|EA|340|KRW|3400|20160229|1300|
C|005186|2016|50002309220008|001|4300004583|00100|CMC0005|20|EA|190|KRW|3800|20160229|1300|
C|005186|2016|50002309220009|001|4300004583|00110|CME0011|20|EA|480|KRW|9600|20160229|1300|
C|005186|2016|50002309220010|001|4300004584|00010|CMA0001|600|EA|240|KRW|144000|20160229|1300|
C|005186|2016|50002309220011|001|4300004584|00020|CMA0007|50|EA|270|KRW|13500|20160229|1300|
C|005186|2016|50002309220012|001|4300004584|00040|CME0010|150|EA|285|KRW|42750|20160229|1300|
C|005186|2016|50002309220013|001|4300004584|00050|CME0013|2|EA|20300|KRW|40600|20160229|1300|
C|005186|2016|50002309220014|001|4300004585|00010|CMA0001|100|EA|240|KRW|24000|20160229|1300|
C|005186|2016|50002309220015|001|4300004585|00020|CMA0007|40|EA|270|KRW|10800|20160229|1300|
C|005186|2016|50002309220016|001|4300004585|00030|CMA0008|40|EA|690|KRW|27600|20160229|1300|
C|005186|2016|50002309220017|001|4300004585|00040|CME0010|40|EA|285|KRW|11400|20160229|1300|
C|005186|2016|50002309220018|001|4300004586|00010|CMA0001|30|EA|240|KRW|7200|20160229|1300|
C|005186|2016|50002309220019|001|4300004586|00020|CMA0007|120|EA|270|KRW|32400|20160229|1300|
C|005186|2016|50002309220020|001|4300004586|00030|CMB0010|50|EA|1100|KRW|55000|20160229|1300|
C|005186|2016|50002309220021|001|4300004587|00010|CMA0001|80|EA|240|KRW|19200|20160229|1300|
C|005186|2016|50002309220022|001|4300004587|00020|CMA0007|80|EA|270|KRW|21600|20160229|1300|
C|005186|2016|50002309220023|001|4300004587|00030|CMB0001|20|EA|655|KRW|13100|20160229|1300|
C|005186|2016|50002309220024|001|4300004599|00010|CMB0010|400|EA|1100|KRW|440000|20160229|1300|
C|005186|2016|50002309220025|001|4300004599|00050|CMA0001|200|EA|240|KRW|48000|20160229|1300|
C|005186|2016|50002309220026|001|4300004599|00060|CMA0007|500|EA|270|KRW|135000|20160229|1300|
