C|005186|2021|50006155540001|001|4300019167|00010|UALC0119|3000|EA|10000|KRW|60000|20210125|1300|
C|005186|2021|50006155540002|001|4300019167|00020|UALC0118|6000|EA|55000|KRW|660000|20210125|1300|
C|005186|2021|50006155550001|001|4300019194|00140|UAEC0037|20|EA|4520|KRW|90400|20210125|1300|
C|005186|2021|50006155550002|001|4300019196|00030|UAGC0499|5|EA|19430|KRW|97150|20210125|1300|
C|005186|2021|50006155550003|001|4300019196|00040|UAGC0552|5|EA|54750|KRW|273750|20210125|1300|
C|005186|2021|50006155550004|001|4300019197|00110|UAEC0497|6|EA|14440|KRW|86640|20210125|1300|
C|005186|2021|50006155550005|001|4300019246|00010|UADC0174|1|EA|69570|KRW|69570|20210125|1300|
C|005186|2021|50006155550006|001|4300019246|00030|UAEC0245|2|EA|1790|KRW|3580|20210125|1300|
C|005186|2021|50006155550007|001|4300019246|00040|UAEC0332|2|EA|2320|KRW|4640|20210125|1300|
C|005186|2021|50006155550008|001|4300019246|00060|UGAC0065|2|EA|124800|KRW|249600|20210125|1300|
C|005186|2021|50006155560001|001|4300019164|00010|UCKC0171|5|EA|367000|KRW|1835000|20210125|1300|
C|005186|2021|50006155560002|001|4300019165|00010|UCKC0167|4|EA|127000|KRW|508000|20210125|1300|
C|005186|2021|50006155560003|001|4300019270|00050|UJBC0047|3|EA|9890|KRW|29670|20210125|1300|
C|005186|2021|50006155560004|001|4300019289|00040|UAEC0105|3|EA|62740|KRW|188220|20210125|1300|
C|005186|2021|50006155560005|001|4300019289|00050|UAEC0095|1|EA|22630|KRW|22630|20210125|1300|
C|005186|2021|50006155560006|001|4300019289|00060|UAEC0022|1|EA|14590|KRW|14590|20210125|1300|
C|005186|2021|50006155560007|001|4300019289|00120|UAEC0021|1|EA|32130|KRW|32130|20210125|1300|
C|005186|2021|50006155560008|001|4300019289|00130|UAEC0239|1|EA|64370|KRW|64370|20210125|1300|
C|005186|2021|50006155560009|001|4300019290|00030|UAEC0253|2|EA|17150|KRW|34300|20210125|1300|
C|005186|2021|50006155560010|001|4300019291|00020|UCHC0025|5|EA|7370|KRW|36850|20210125|1300|
C|005186|2021|50006155560011|001|4300019291|00030|UDEC0079|1|EA|161700|KRW|161700|20210125|1300|
C|005186|2021|50006155570001|001|4300019269|00030|UADC0081|5|EA|6720|KRW|33600|20210125|1300|
C|005186|2021|50006155570002|001|4300019269|00040|UHTC0870|5|EA|85800|KRW|429000|20210125|1300|
C|005186|2021|50006155570003|001|4300019269|00080|UKGC0008|7|EA|2940|KRW|20580|20210125|1300|
C|005186|2021|50006155570004|001|4300019269|00090|UAEC0048|5|EA|12600|KRW|63000|20210125|1300|
C|005186|2021|50006155570005|001|4300019269|00110|UHHC0146|1|EA|131250|KRW|131250|20210125|1300|
C|005186|2021|50006155570006|001|4300019269|00120|UAGC0237|1|EA|395120|KRW|395120|20210125|1300|
C|005186|2021|50006155570007|001|4300019270|00020|UAEC0481|100|EA|3900|KRW|390000|20210125|1300|
C|005186|2021|50006155570008|001|4300019272|00020|UGAC0065|5|EA|124800|KRW|624000|20210125|1300|
C|005186|2021|50006155570009|001|4300019276|00110|UAHC0009|1|EA|88200|KRW|88200|20210125|1300|
C|005186|2021|50006155570010|001|4300019282|00020|UJCC0023|30|EA|6850|KRW|205500|20210125|1300|
C|005186|2021|50006155570011|001|4300019284|00010|UKDC0003|10|EA|70560|KRW|705600|20210125|1300|
C|005186|2021|50006155570012|001|4300019288|00020|UCCC0010|1|EA|271500|KRW|271500|20210125|1300|
C|005186|2021|50006155580001|001|4300019269|00050|UGCC0611|5|EA|9660|KRW|48300|20210125|1300|
C|005186|2021|50006155580002|001|4300019269|00060|UGCC0605|5|EA|11030|KRW|55150|20210125|1300|
C|005186|2021|50006155580003|001|4300019269|00100|UGCC1247|1|EA|250850|KRW|250850|20210125|1300|
C|005186|2021|50006155580004|001|4300019270|00030|UCIC0002|2|EA|950|KRW|1900|20210125|1300|
C|005186|2021|50006155580005|001|4300019270|00040|UZZC0166|50|EA|3040|KRW|152000|20210125|1300|
C|005186|2021|50006155580006|001|4300019274|00020|UCIC0081|1|EA|496840|KRW|496840|20210125|1300|
C|005186|2021|50006155580007|001|4300019276|00010|UDBC0352|100|EA|109|KRW|10900|20210125|1300|
C|005186|2021|50006155580008|001|4300019276|00020|UDBC0724|200|EA|135|KRW|27000|20210125|1300|
C|005186|2021|50006155580009|001|4300019277|00090|UAJC0065|100|EA|180|KRW|18000|20210125|1300|
C|005186|2021|50006155580010|001|4300019277|00100|UAJC0063|100|EA|180|KRW|18000|20210125|1300|
C|005186|2021|50006155580011|001|4300019288|00030|UGCC0623|1|EA|35300|KRW|35300|20210125|1300|
C|005186|2021|50006155580012|001|4300019290|00040|UDBC0121|20|EA|1260|KRW|25200|20210125|1300|
C|005186|2021|50006155580013|001|4300019290|00060|UEBC1316|6|EA|16960|KRW|101760|20210125|1300|
C|005186|2021|50006155590001|001|4300019270|00010|UEBC0155|100|EA|8230|KRW|823000|20210125|1300|
C|005186|2021|50006155590002|001|4300019274|00030|UGCC0513|1|EA|80000|KRW|80000|20210125|1300|
C|005186|2021|50006155590003|001|4300019289|00020|UEBC1804|1|EA|92400|KRW|92400|20210125|1300|
C|005186|2021|50006155590004|001|4300019289|00030|UEBC0209|1|EA|164460|KRW|164460|20210125|1300|
C|005186|2021|50006155590005|001|4300019289|00070|UEBC0787|50|EA|850|KRW|42500|20210125|1300|
C|005186|2021|50006155590006|001|4300019289|00080|UEBC0649|3|EA|124740|KRW|374220|20210125|1300|
C|005186|2021|50006155590007|001|4300019289|00090|UDAC0250|3|EA|17900|KRW|53700|20210125|1300|
C|005186|2021|50006155590008|001|4300019289|00100|UEBC1079|3|EA|28700|KRW|86100|20210125|1300|
C|005186|2021|50006155590009|001|4300019289|00110|UEBC1167|3|EA|46850|KRW|140550|20210125|1300|
C|005186|2021|50006155590010|001|4300019290|00010|UEBC0426|2|EA|193200|KRW|386400|20210125|1300|
C|005186|2021|50006155590011|001|4300019290|00050|UDDC0145|10|EA|79500|KRW|795000|20210125|1300|
C|005186|2021|50006155590012|001|4300019290|00070|UDAC0120|1|EA|367500|KRW|367500|20210125|1300|
C|005186|2021|50006155590013|001|4300019291|00010|UEBC1806|3|EA|354900|KRW|1064700|20210125|1300|
