C|005186|2015|50001319410001|001|4300002171|00090|CMF0005|2|EA|20700|KRW|41400|20150223|1300|
C|005186|2015|50001319410002|001|4300002174|00120|CMF0005|5|EA|20700|KRW|103500|20150223|1300|
C|005186|2015|50001319410003|001|4300002175|00100|CMF0005|6|EA|20700|KRW|124200|20150223|1300|
C|005186|2015|50001319410004|001|4300002176|00180|CMF0005|2|EA|20700|KRW|41400|20150223|1300|
C|005186|2015|50001319410005|001|4300002184|00100|CMF0005|4|EA|20700|KRW|82800|20150223|1300|
C|005186|2015|50001319410006|001|4300002193|00060|CMF0005|3|EA|20700|KRW|62100|20150223|1300|
C|005186|2015|50001319410007|001|4300002194|00070|CMF0005|1|EA|20700|KRW|20700|20150223|1300|
C|005186|2015|50001319410008|001|4300002199|00020|CMF0005|2|EA|20700|KRW|41400|20150223|1300|
C|005186|2015|50001319410009|001|4300002204|00010|CMF0005|15|EA|20700|KRW|310500|20150223|1300|
C|005186|2015|50001319410010|001|4300002224|00180|CMF0005|6|EA|20700|KRW|124200|20150223|1300|
C|005186|2015|50001319410011|001|4300002225|00190|CMF0005|8|EA|20700|KRW|165600|20150223|1300|
C|005186|2015|50001319410012|001|4300002227|00140|CMF0005|1|EA|20700|KRW|20700|20150223|1300|
