C|005186|2020|50005655480001|001|4300016833|00010|KS061502|8|EA|2970|KRW|23760|20200515|1300|
C|005186|2020|50005655480002|001|4300016833|00020|KS061506|4|EA|7850|KRW|31400|20200515|1300|
C|005186|2020|50005655480003|001|4300016833|00030|KS066902|5|EA|1540|KRW|7700|20200515|1300|
C|005186|2020|50005655480004|001|4300016833|00040|KS067002|5|EA|1460|KRW|7300|20200515|1300|
C|005186|2020|50005655480005|001|4300016833|00050|KS067005|2|EA|2400|KRW|4800|20200515|1300|
C|005186|2020|50005655480006|001|4300016833|00060|KS067204|3|EA|2570|KRW|7710|20200515|1300|
C|005186|2020|50005655480007|001|4300016833|00070|KS067207|5|EA|5780|KRW|28900|20200515|1300|
C|005186|2020|50005655480008|001|4300016833|00080|KS067208|3|EA|7940|KRW|23820|20200515|1300|
C|005186|2020|50005655480009|001|4300016833|00090|KS067210|2|EA|14350|KRW|28700|20200515|1300|
C|005186|2020|50005655480010|001|4300016833|00100|KS080705|3|EA|18500|KRW|55500|20200515|1300|
C|005186|2020|50005655480011|001|4300016833|00110|KS080709|4|EA|24700|KRW|98800|20200515|1300|
C|005186|2020|50005655480012|001|4300016833|00120|KS080711|3|EA|32300|KRW|96900|20200515|1300|
C|005186|2020|50005655490001|001|4300016615|00030|UHTC0688|12|EA|99000|KRW|594000|20200515|1300|
C|005186|2020|50005655500001|001|4300016831|00010|KE030114|1|EA|63840|KRW|63840|20200515|1300|
C|005186|2020|50005655500002|001|4300016831|00020|KE051050|2|EA|12600|KRW|25200|20200515|1300|
C|005186|2020|50005655500003|001|4300016831|00030|KE090101|2|EA|24680|KRW|49360|20200515|1300|
C|005186|2020|50005655500004|001|4300016831|00040|KE090127|2|EA|34000|KRW|68000|20200515|1300|
C|005186|2020|50005655500005|001|4300016831|00050|KE090165|1|EA|165900|KRW|165900|20200515|1300|
C|005186|2020|50005655500006|001|4300016831|00060|KE110100|3|EA|124000|KRW|372000|20200515|1300|
C|005186|2020|50005655500007|001|4300016831|00070|KE190003|6|EA|29300|KRW|175800|20200515|1300|
C|005186|2020|50005655500008|001|4300016831|00080|KE230003|175|EA|46750|KRW|327250|20200515|1300|
C|005186|2020|50005655500009|001|4300016831|00090|KE231001|16|EA|16150|KRW|258400|20200515|1300|
C|005186|2020|50005655500010|001|4300016831|00100|KE270300|60|EA|9400|KRW|28200|20200515|1300|
C|005186|2020|50005655500011|001|4300016831|00110|KE280401|6|EA|20800|KRW|124800|20200515|1300|
C|005186|2020|50005655500012|001|4300016831|00120|KE281401|32|EA|840|KRW|26880|20200515|1300|
C|005186|2020|50005656010001|001|4300016755|00010|UALC0138|2|EA|52500|KRW|105000|20200515|1300|
C|005186|2020|50005656020001|001|4300016764|00010|UHGC0366|4|EA|470000|KRW|1880000|20200515|1300|
C|005186|2020|50005656030001|001|4300016837|00100|UACC0021|3|EA|52080|KRW|156240|20200515|1300|
