C|005186|2020|50005486690001|001|4300015989|00020|UAHC0017|1|EA|332630|KRW|332630|20200215|1300|
C|005186|2020|50005486690002|001|4300016026|00010|UEBC1677|14|EA|36900|KRW|516600|20200215|1300|
C|005186|2020|50005486690003|001|4300016026|00020|UEAC0045|1|EA|530250|KRW|530250|20200215|1300|
C|005186|2020|50005486690004|001|4300016026|00030|UEBC0759|20|EA|11550|KRW|46200|20200215|1300|
C|005186|2020|50005486690005|001|4300016026|00040|UCKC0102|1|EA|694800|KRW|694800|20200215|1300|
C|005186|2020|50005486690006|001|4300016026|00050|UDDC3902|2|EA|101330|KRW|202660|20200215|1300|
C|005186|2020|50005486690007|001|4300016027|00010|UEBC0310|4|EA|46540|KRW|93080|20200215|1300|
C|005186|2020|50005486690008|001|4300016027|00020|UEBC1603|4|EA|14560|KRW|58240|20200215|1300|
C|005186|2020|50005486690009|001|4300016027|00030|UEAC1131|1|EA|878000|KRW|878000|20200215|1300|
C|005186|2020|50005486690010|001|4300016028|00010|UEBC1677|54|EA|36900|KRW|1992600|20200215|1300|
C|005186|2020|50005486690011|001|4300016060|00010|UDBC1129|2|EA|305000|KRW|610000|20200215|1300|
C|005186|2020|50005486690012|001|4300016060|00020|UDBC1130|1|EA|346000|KRW|346000|20200215|1300|
C|005186|2020|50005486690013|001|4300016060|00030|UDBC1131|2|EA|234000|KRW|468000|20200215|1300|
C|005186|2020|50005486690014|001|4300016060|00040|UDFC0227|100|EA|95000|KRW|190000|20200215|1300|
C|005186|2020|50005486690015|001|4300016060|00050|UDBC1137|1|EA|133700|KRW|133700|20200215|1300|
C|005186|2020|50005486690016|001|4300016061|00020|UEBC1123|10|EA|70280|KRW|702800|20200215|1300|
C|005186|2020|50005486690017|001|4300016061|00030|UEBC0787|30|EA|8500|KRW|25500|20200215|1300|
C|005186|2020|50005486690018|001|4300016062|00010|UEBC1621|2|EA|34450|KRW|68900|20200215|1300|
C|005186|2020|50005486690019|001|4300016062|00020|UEBC0151|2|EA|6130|KRW|12260|20200215|1300|
C|005186|2020|50005486690020|001|4300016062|00030|UEBC1616|3|EA|116600|KRW|349800|20200215|1300|
C|005186|2020|50005486690021|001|4300016062|00040|UEBC0310|4|EA|46540|KRW|93080|20200215|1300|
C|005186|2020|50005486690022|001|4300016062|00050|UEBC1603|4|EA|14560|KRW|58240|20200215|1300|
C|005186|2020|50005486690023|001|4300016062|00130|UGCC0088|1|EA|661500|KRW|661500|20200215|1300|
C|005186|2020|50005486700001|001|4300016041|00010|KS061505|2|EA|6230|KRW|12460|20200215|1300|
C|005186|2020|50005486700002|001|4300016041|00020|KS066901|4|EA|1290|KRW|5160|20200215|1300|
C|005186|2020|50005486700003|001|4300016041|00030|KS066902|5|EA|1540|KRW|7700|20200215|1300|
C|005186|2020|50005486700004|001|4300016041|00040|KS067003|5|EA|1550|KRW|7750|20200215|1300|
C|005186|2020|50005486700005|001|4300016041|00050|KS067004|5|EA|2000|KRW|10000|20200215|1300|
C|005186|2020|50005486700006|001|4300016041|00060|KS080702|2|EA|19850|KRW|39700|20200215|1300|
C|005186|2020|50005486700007|001|4300016041|00070|KS080705|2|EA|18500|KRW|37000|20200215|1300|
C|005186|2020|50005486700008|001|4300016041|00080|KS080711|5|EA|32300|KRW|161500|20200215|1300|
C|005186|2020|50005486700009|001|4300016050|00070|UDAC0229|100|EA|95000|KRW|95000|20200215|1300|
C|005186|2020|50005486700010|001|4300016055|00010|UGBC0461|50|EA|22260|KRW|1113000|20200215|1300|
C|005186|2020|50005486700011|001|4300016057|00010|UDAC0012|200|EA|300000|KRW|600000|20200215|1300|
C|005186|2020|50005486700012|001|4300016057|00020|UGCC0894|400|EA|300000|KRW|1200000|20200215|1300|
C|005186|2020|50005486700013|001|4300016058|00140|UEBC0337|10|EA|6050|KRW|60500|20200215|1300|
C|005186|2020|50005486700014|001|4300016059|00010|UEBC1161|5|EA|290000|KRW|1450000|20200215|1300|
C|005186|2020|50005486710001|001|4300016021|00010|UHDC0254|2|EA|114480|KRW|228960|20200217|1300|
C|005186|2020|50005486710002|001|4300016021|00020|UHTC0245|5|EA|37800|KRW|189000|20200217|1300|
C|005186|2020|50005486710003|001|4300016021|00030|UFJC0014|3|EA|78750|KRW|236250|20200217|1300|
C|005186|2020|50005486710004|001|4300016021|00040|UHGC0282|1|EA|750000|KRW|750000|20200217|1300|
C|005186|2020|50005486710005|001|4300016046|00010|UHGC0134|2|EA|756000|KRW|1512000|20200217|1300|
C|005186|2020|50005486710006|001|4300016047|00010|UHHC0039|100|M|1123500|KRW|2247000|20200217|1300|
C|005186|2020|50005486710007|001|4300016048|00010|UHTC0802|15|EA|249100|KRW|747300|20200217|1300|
C|005186|2020|50005486710008|001|4300016048|00020|UHTC0772|40|EA|466400|KRW|932800|20200217|1300|
C|005186|2020|50005486710009|001|4300016048|00030|UFHC0004|10|EA|27800|KRW|278000|20200217|1300|
C|005186|2020|50005486710010|001|4300016049|00010|UAEC0138|3|EA|12600|KRW|37800|20200217|1300|
C|005186|2020|50005486710011|001|4300016049|00020|UHTC0451|2|EA|79800|KRW|159600|20200217|1300|
C|005186|2020|50005486710012|001|4300016049|00030|UHGC0116|3|EA|35100|KRW|105300|20200217|1300|
C|005186|2020|50005486710013|001|4300016049|00040|UHGC0336|2|EA|347000|KRW|694000|20200217|1300|
C|005186|2020|50005486710014|001|4300016051|00010|UHHC0213|50|EA|40000|KRW|2000000|20200217|1300|
C|005186|2020|50005486710015|001|4300016052|00010|UHHC0213|50|EA|40000|KRW|2000000|20200217|1300|
C|005186|2020|50005486710016|001|4300016053|00010|UHHC0211|50|EA|38000|KRW|1900000|20200217|1300|
C|005186|2020|50005486710017|001|4300016058|00020|UCKC0035|15|EA|222600|KRW|667800|20200217|1300|
C|005186|2020|50005486730001|001|4300015874|00060|UGBC0011|40|EA|17400|KRW|34800|20200215|1300|
C|005186|2020|50005486730002|001|4300015874|00070|UGBC0005|20|EA|37800|KRW|37800|20200215|1300|
C|005186|2020|50005486730003|001|4300016023|00010|UCIC0186|5|EA|19000|KRW|95000|20200215|1300|
C|005186|2020|50005486730004|001|4300016024|00010|UBCC0036|10|EA|52500|KRW|105000|20200215|1300|
C|005186|2020|50005486730005|001|4300016024|00020|UBCC0039|6|EA|37800|KRW|113400|20200215|1300|
C|005186|2020|50005486730006|001|4300016024|00030|UCIC0043|2|EA|389480|KRW|778960|20200215|1300|
C|005186|2020|50005486730007|001|4300016024|00040|UJCC0027|2|EA|100800|KRW|201600|20200215|1300|
C|005186|2020|50005486730008|001|4300016024|00050|UJCC0028|2|EA|100800|KRW|201600|20200215|1300|
C|005186|2020|50005486740001|001|4300015995|00010|UAGC0388|1|EA|1273650|KRW|1273650|20200215|1300|
