C|005186|2020|50006103570001|001|4300018994|00010|UGCC1115|1|EA|562000|KRW|562000|20201229|1300|
C|005186|2020|50006103580001|001|4300018962|00010|UHGC0065|20|EA|8190|KRW|163800|20201229|1300|
C|005186|2020|50006103580002|001|4300018962|00020|UHGC0134|2|EA|756000|KRW|1512000|20201229|1300|
C|005186|2020|50006103580003|001|4300018963|00040|UHGC0375|20|EA|9450|KRW|189000|20201229|1300|
C|005186|2020|50006103580004|001|4300018963|00050|UHGC0376|20|EA|12100|KRW|242000|20201229|1300|
C|005186|2020|50006103580005|001|4300018964|00010|UHFC0139|2|EA|198000|KRW|396000|20201229|1300|
C|005186|2020|50006103580006|001|4300018964|00020|UHDC0235|10|EA|462500|KRW|925000|20201229|1300|
C|005186|2020|50006103580007|001|4300018964|00030|UHTC0211|1|EA|522900|KRW|522900|20201229|1300|
C|005186|2020|50006103580008|001|4300018965|00010|UHTC0392|1|EA|698250|KRW|698250|20201229|1300|
C|005186|2020|50006103580009|001|4300018965|00020|UHTC0101|1|EA|315000|KRW|315000|20201229|1300|
C|005186|2020|50006103580010|001|4300018965|00030|UHTC0114|2|EA|300300|KRW|600600|20201229|1300|
C|005186|2020|50006103580011|001|4300018966|00020|UHGC0197|5|EA|180000|KRW|180000|20201229|1300|
C|005186|2020|50006103580012|001|4300018972|00040|UCKC0035|15|EA|222600|KRW|667800|20201229|1300|
C|005186|2020|50006103580013|001|4300018972|00050|UALC0037|3|EA|286650|KRW|286650|20201229|1300|
C|005186|2020|50006103580014|001|4300018972|00060|UALC0038|3|EA|248850|KRW|248850|20201229|1300|
C|005186|2020|50006103590001|001|4300018795|00010|UCKC0171|5|EA|367000|KRW|1835000|20201229|1300|
C|005186|2020|50006103590002|001|4300018856|00020|UCKC0105|2|EA|210540|KRW|421080|20201229|1300|
C|005186|2020|50006103590003|001|4300018856|00030|UCKC0118|3|EA|106000|KRW|318000|20201229|1300|
C|005186|2020|50006103590004|001|4300018858|00010|UCKC0171|4|EA|367000|KRW|1468000|20201229|1300|
