C|005186|2015|50001459470001|001|4300002526|00010|CMA0001|70|EA|240|KRW|16800|20150415|1300|
C|005186|2015|50001459470002|001|4300002526|00030|CMA0007|60|EA|270|KRW|16200|20150415|1300|
C|005186|2015|50001459470003|001|4300002527|00010|CMA0001|200|EA|240|KRW|48000|20150415|1300|
C|005186|2015|50001459470004|001|4300002527|00020|CMA0007|50|EA|270|KRW|13500|20150415|1300|
C|005186|2015|50001459470005|001|4300002527|00030|CMA0016|30|EA|2840|KRW|85200|20150415|1300|
C|005186|2015|50001459470006|001|4300002527|00040|CMB0001|140|EA|655|KRW|91700|20150415|1300|
C|005186|2015|50001459470007|001|4300002527|00050|CMB0003|60|EA|2420|KRW|145200|20150415|1300|
C|005186|2015|50001459470008|001|4300002527|00060|CMC0005|200|EA|190|KRW|38000|20150415|1300|
C|005186|2015|50001459470009|001|4300002528|00010|CMA0001|200|EA|240|KRW|48000|20150415|1300|
C|005186|2015|50001459470010|001|4300002528|00020|CMA0007|100|EA|270|KRW|27000|20150415|1300|
C|005186|2015|50001459470011|001|4300002528|00030|CMA0008|50|EA|690|KRW|34500|20150415|1300|
C|005186|2015|50001459470012|001|4300002528|00040|CMB0001|240|EA|655|KRW|157200|20150415|1300|
C|005186|2015|50001459470013|001|4300002528|00050|CMC0005|50|EA|190|KRW|9500|20150415|1300|
C|005186|2015|50001459470014|001|4300002528|00080|CME0001|30|EA|4910|KRW|147300|20150415|1300|
C|005186|2015|50001459470015|001|4300002528|00090|CME0006|10|EA|3400|KRW|34000|20150415|1300|
C|005186|2015|50001459470016|001|4300002529|00040|CMB0010|80|EA|1100|KRW|88000|20150415|1300|
C|005186|2015|50001459470017|001|4300002529|00050|CMB0002|80|EA|2420|KRW|193600|20150415|1300|
C|005186|2015|50001459470018|001|4300002529|00060|CMB0003|80|EA|2420|KRW|193600|20150415|1300|
C|005186|2015|50001459470019|001|4300002529|00070|CMB0001|40|EA|655|KRW|26200|20150415|1300|
C|005186|2015|50001459470020|001|4300002529|00080|CMC0005|30|EA|190|KRW|5700|20150415|1300|
C|005186|2015|50001459470021|001|4300002529|00090|CMC0002|3|EA|9350|KRW|28050|20150415|1300|
C|005186|2015|50001459470022|001|4300002529|00100|CMC0007|2|EA|12100|KRW|24200|20150415|1300|
C|005186|2015|50001459470023|001|4300002529|00110|CME0010|30|EA|285|KRW|8550|20150415|1300|
C|005186|2015|50001459470024|001|4300002529|00120|CMA0001|200|EA|240|KRW|48000|20150415|1300|
C|005186|2015|50001459470025|001|4300002529|00130|CMA0007|100|EA|270|KRW|27000|20150415|1300|
C|005186|2015|50001459470026|001|4300002529|00140|CMA0008|200|EA|690|KRW|138000|20150415|1300|
C|005186|2015|50001459470027|001|4300002530|00010|CMA0001|200|EA|240|KRW|48000|20150415|1300|
C|005186|2015|50001459470028|001|4300002530|00020|CMA0007|250|EA|270|KRW|67500|20150415|1300|
C|005186|2015|50001459470029|001|4300002530|00030|CMA0008|20|EA|690|KRW|13800|20150415|1300|
C|005186|2015|50001459470030|001|4300002530|00040|CMA0016|20|EA|2840|KRW|56800|20150415|1300|
C|005186|2015|50001459470031|001|4300002530|00050|CMB0002|100|EA|2420|KRW|242000|20150415|1300|
C|005186|2015|50001459470032|001|4300002530|00060|CMC0005|10|EA|190|KRW|1900|20150415|1300|
C|005186|2015|50001459470033|001|4300002530|00070|CME0001|12|EA|4910|KRW|58920|20150415|1300|
C|005186|2015|50001459470034|001|4300002530|00080|CME0010|20|EA|285|KRW|5700|20150415|1300|
C|005186|2015|50001459470035|001|4300002531|00010|CMA0001|500|EA|240|KRW|120000|20150415|1300|
C|005186|2015|50001459470036|001|4300002531|00020|CMA0005|10|EA|2470|KRW|24700|20150415|1300|
C|005186|2015|50001459470037|001|4300002531|00030|CMA0007|200|EA|270|KRW|54000|20150415|1300|
C|005186|2015|50001459470038|001|4300002531|00040|CMA0008|200|EA|690|KRW|138000|20150415|1300|
C|005186|2015|50001459470039|001|4300002531|00060|CMB0001|160|EA|655|KRW|104800|20150415|1300|
C|005186|2015|50001459470040|001|4300002531|00070|CMB0003|160|EA|2420|KRW|387200|20150415|1300|
C|005186|2015|50001459470041|001|4300002531|00080|CMB0010|150|EA|1100|KRW|165000|20150415|1300|
C|005186|2015|50001459470042|001|4300002531|00100|CME0006|10|EA|3400|KRW|34000|20150415|1300|
C|005186|2015|50001459470043|001|4300002531|00110|CME0010|30|EA|285|KRW|8550|20150415|1300|
C|005186|2015|50001459470044|001|4300002532|00010|CMA0001|100|EA|240|KRW|24000|20150415|1300|
C|005186|2015|50001459470045|001|4300002532|00020|CMA0007|100|EA|270|KRW|27000|20150415|1300|
C|005186|2015|50001459470046|001|4300002532|00030|CMA0008|40|EA|690|KRW|27600|20150415|1300|
C|005186|2015|50001459470047|001|4300002532|00040|CMA0016|10|EA|2840|KRW|28400|20150415|1300|
C|005186|2015|50001459470048|001|4300002532|00060|CMB0003|100|EA|2420|KRW|242000|20150415|1300|
C|005186|2015|50001459470049|001|4300002532|00070|CMB0010|40|EA|1100|KRW|44000|20150415|1300|
C|005186|2015|50001459470050|001|4300002532|00100|CME0001|11|EA|4910|KRW|54010|20150415|1300|
C|005186|2015|50001459470051|001|4300002532|00110|CME0006|3|EA|3400|KRW|10200|20150415|1300|
C|005186|2015|50001459470052|001|4300002532|00120|CME0010|10|EA|285|KRW|2850|20150415|1300|
C|005186|2015|50001459470053|001|4300002532|00130|CME0011|2|EA|480|KRW|960|20150415|1300|
C|005186|2015|50001459470054|001|4300002533|00010|CMA0001|450|EA|240|KRW|108000|20150415|1300|
C|005186|2015|50001459470055|001|4300002533|00020|CMA0007|200|EA|270|KRW|54000|20150415|1300|
C|005186|2015|50001459470056|001|4300002533|00030|CMA0008|200|EA|690|KRW|138000|20150415|1300|
C|005186|2015|50001459470057|001|4300002533|00040|CMA0016|80|EA|2840|KRW|227200|20150415|1300|
C|005186|2015|50001459470058|001|4300002533|00060|CMB0001|300|EA|655|KRW|196500|20150415|1300|
C|005186|2015|50001459470059|001|4300002533|00070|CMB0010|300|EA|1100|KRW|330000|20150415|1300|
C|005186|2015|50001459470060|001|4300002533|00080|CMC0005|200|EA|190|KRW|38000|20150415|1300|
C|005186|2015|50001459470061|001|4300002533|00090|CME0002|20|EA|2300|KRW|46000|20150415|1300|
C|005186|2015|50001459470062|001|4300002533|00100|CME0010|200|EA|285|KRW|57000|20150415|1300|
C|005186|2015|50001459470063|001|4300002583|00010|CMA0001|400|EA|240|KRW|96000|20150415|1300|
C|005186|2015|50001459470064|001|4300002583|00020|CMA0007|100|EA|270|KRW|27000|20150415|1300|
C|005186|2015|50001459470065|001|4300002583|00040|CMB0010|480|EA|1100|KRW|528000|20150415|1300|
C|005186|2015|50001459470066|001|4300002583|00050|CMC0003|50|EA|340|KRW|17000|20150415|1300|
C|005186|2015|50001459470067|001|4300002583|00060|CMC0005|200|EA|190|KRW|38000|20150415|1300|
C|005186|2015|50001459470068|001|4300002583|00080|CME0002|50|EA|2300|KRW|115000|20150415|1300|
C|005186|2015|50001459470069|001|4300002584|00010|CMA0001|400|EA|240|KRW|96000|20150415|1300|
C|005186|2015|50001459470070|001|4300002584|00020|CMA0006|20|EA|2270|KRW|45400|20150415|1300|
C|005186|2015|50001459470071|001|4300002584|00030|CMA0007|300|EA|270|KRW|81000|20150415|1300|
C|005186|2015|50001459470072|001|4300002584|00050|CMB0010|240|EA|1100|KRW|264000|20150415|1300|
C|005186|2015|50001459470073|001|4300002584|00060|CMC0005|200|EA|190|KRW|38000|20150415|1300|
C|005186|2015|50001459470074|001|4300002584|00070|CME0010|80|EA|285|KRW|22800|20150415|1300|
C|005186|2015|50001459470075|001|4300002601|00010|CMA0001|450|EA|240|KRW|108000|20150415|1300|
C|005186|2015|50001459470076|001|4300002601|00020|CMA0005|20|EA|2470|KRW|49400|20150415|1300|
C|005186|2015|50001459470077|001|4300002601|00030|CMA0007|300|EA|270|KRW|81000|20150415|1300|
C|005186|2015|50001459470078|001|4300002601|00040|CMA0016|20|EA|2840|KRW|56800|20150415|1300|
C|005186|2015|50001459470079|001|4300002601|00060|CMB0001|40|EA|655|KRW|26200|20150415|1300|
C|005186|2015|50001459470080|001|4300002601|00070|CMB0002|100|EA|2420|KRW|242000|20150415|1300|
C|005186|2015|50001459470081|001|4300002601|00080|CMB0007|20|EA|925|KRW|18500|20150415|1300|
C|005186|2015|50001459470082|001|4300002601|00090|CMB0010|40|EA|1100|KRW|44000|20150415|1300|
C|005186|2015|50001459470083|001|4300002601|00100|CMC0002|10|EA|9350|KRW|93500|20150415|1300|
C|005186|2015|50001459470084|001|4300002601|00130|CME0001|19|EA|4910|KRW|93290|20150415|1300|
C|005186|2015|50001459470085|001|4300002601|00140|CME0002|50|EA|2300|KRW|115000|20150415|1300|
C|005186|2015|50001459470086|001|4300002601|00150|CME0010|100|EA|285|KRW|28500|20150415|1300|
