C|005186|2018|50004591180001|001|4300011941|00050|UAEC0105|2|EA|62740|KRW|125480|20181130|1300|
C|005186|2018|50004591180002|001|4300011944|00010|UJBC0041|2|EA|483000|KRW|966000|20181130|1300|
C|005186|2018|50004591190001|001|4300011486|00050|UDDC0232|15|EA|33600|KRW|100800|20181130|1300|
C|005186|2018|50004591200001|001|4300011022|00020|UGCC0011|3|EA|240000|KRW|720000|20181130|1300|
C|005186|2018|50004591200002|001|4300011610|00010|UGCC1436|10|EA|110250|KRW|1102500|20181130|1300|
C|005186|2018|50004591200003|001|4300011679|00010|UGCC1296|2|EA|227600|KRW|455200|20181130|1300|
C|005186|2018|50004591210001|001|4300011958|00080|UGBC0780|50|EA|5700|KRW|28500|20181130|1300|
C|005186|2018|50004591210002|001|4300011958|00090|UGBC0781|50|EA|5800|KRW|29000|20181130|1300|
C|005186|2018|50004591210003|001|4300011958|00100|UGBC0782|50|EA|7200|KRW|36000|20181130|1300|
C|005186|2018|50004591210004|001|4300011958|00110|UGBC0761|50|EA|8200|KRW|41000|20181130|1300|
C|005186|2018|50004591210005|001|4300011958|00120|UGBC0763|50|EA|21000|KRW|105000|20181130|1300|
C|005186|2018|50004591210006|001|4300011958|00130|UGBC0762|50|EA|10300|KRW|51500|20181130|1300|
C|005186|2018|50004591240001|001|4300011940|00010|UHEC0025|5|EA|142100|KRW|142100|20181130|1300|
C|005186|2018|50004591240002|001|4300011940|00030|UHFC0122|2|EA|135030|KRW|270060|20181130|1300|
C|005186|2018|50004591240003|001|4300011941|00070|UGCC0012|1|EA|880000|KRW|880000|20181130|1300|
C|005186|2018|50004591240004|001|4300011942|00010|KE231001|40|EA|16150|KRW|646000|20181130|1300|
C|005186|2018|50004591240005|001|4300011954|00010|UHTC0090|4|EA|70000|KRW|280000|20181130|1300|
C|005186|2018|50004591240006|001|4300011957|00010|UHGC0048|5|EA|165000|KRW|165000|20181130|1300|
C|005186|2018|50004591240007|001|4300011957|00020|UHDC0235|5|EA|462500|KRW|462500|20181130|1300|
