C|005186|2018|50004587510001|001|4300012001|00140|CMB0002|120|EA|2100|KRW|252000|20181129|1300|
C|005186|2018|50004587510002|001|4300012001|00150|CMB0003|120|EA|2200|KRW|264000|20181129|1300|
C|005186|2018|50004587520001|001|4300012004|00050|CMB0003|100|EA|2200|KRW|220000|20181129|1300|
C|005186|2018|50004587530001|001|4300011993|00010|CMD0016|2|EA|29000|KRW|58000|20181129|1300|
C|005186|2018|50004587530002|001|4300011993|00070|CMD0011|4|EA|24100|KRW|96400|20181129|1300|
C|005186|2018|50004587540001|001|4300011993|00030|CMF0004|3|EA|17000|KRW|51000|20181129|1300|
C|005186|2018|50004587540002|001|4300011993|00060|CMF0003|5|EA|2020|KRW|10100|20181129|1300|
C|005186|2018|50004587540003|001|4300011993|00100|CMA0008|200|EA|470|KRW|94000|20181129|1300|
C|005186|2018|50004587540004|001|4300011993|00110|CMB0001|200|EA|520|KRW|104000|20181129|1300|
C|005186|2018|50004587540005|001|4300011993|00140|CMA0007|500|EA|151|KRW|75500|20181129|1300|
C|005186|2018|50004587540006|001|4300011993|00150|CMC0005|300|EA|150|KRW|45000|20181129|1300|
C|005186|2018|50004587540007|001|4300011993|00170|CMA0001|800|EA|151|KRW|120800|20181129|1300|
C|005186|2018|50004587550001|001|4300011994|00090|CMB0002|120|EA|2100|KRW|252000|20181129|1300|
C|005186|2018|50004587560001|001|4300012006|00020|CMB0003|20|EA|2200|KRW|44000|20181129|1300|
C|005186|2018|50004587570001|001|4300012011|00100|CMB0002|40|EA|2100|KRW|84000|20181129|1300|
C|005186|2018|50004587570002|001|4300012011|00110|CMB0003|40|EA|2200|KRW|88000|20181129|1300|
C|005186|2018|50004587580001|001|4300012011|00020|CMC0007|3|EA|13000|KRW|39000|20181129|1300|
C|005186|2018|50004587580002|001|4300012011|00080|CMC0005|20|EA|150|KRW|3000|20181129|1300|
C|005186|2018|50004587580003|001|4300012011|00140|CMA0008|100|EA|470|KRW|47000|20181129|1300|
C|005186|2018|50004587580004|001|4300012011|00150|CMB0001|100|EA|520|KRW|52000|20181129|1300|
C|005186|2018|50004587580005|001|4300012011|00160|CMA0001|300|EA|151|KRW|45300|20181129|1300|
C|005186|2018|50004587580006|001|4300012011|00170|CMA0007|300|EA|151|KRW|45300|20181129|1300|
C|005186|2018|50004587590001|001|4300012011|00040|CMD0011|7|EA|24100|KRW|168700|20181129|1300|
C|005186|2018|50004587590002|001|4300012011|00050|CMD0016|7|EA|29000|KRW|203000|20181129|1300|
C|005186|2018|50004587590003|001|4300012011|00070|CMF0014|10|EA|680|KRW|6800|20181129|1300|
C|005186|2018|50004587600001|001|4300012005|00080|CMB0002|190|EA|2100|KRW|399000|20181129|1300|
C|005186|2018|50004587610001|001|4300011997|00040|CMB0011|120|EA|2220|KRW|266400|20181129|1300|
C|005186|2018|50004587620001|001|4300012002|00080|CMB0003|120|EA|2200|KRW|264000|20181129|1300|
C|005186|2018|50004587630001|001|4300012009|00010|CMB0011|60|EA|2220|KRW|133200|20181129|1300|
C|005186|2018|50004587640001|001|4300011993|00050|CMF0001|5|EA|1950|KRW|9750|20181129|1300|
C|005186|2018|50004587640002|001|4300011993|00080|CME0001|20|EA|3300|KRW|66000|20181129|1300|
C|005186|2018|50004587640003|001|4300011993|00120|CME0010|300|EA|240|KRW|72000|20181129|1300|
C|005186|2018|50004587640004|001|4300011993|00130|CMA0016|300|EA|2140|KRW|642000|20181129|1300|
C|005186|2018|50004587640005|001|4300011993|00160|CMB0010|360|EA|1280|KRW|460800|20181129|1300|
C|005186|2018|50004587640006|001|4300011994|00030|CMF0021|10|EA|3100|KRW|31000|20181129|1300|
C|005186|2018|50004587640007|001|4300011994|00050|CMF0023|10|EA|1790|KRW|17900|20181129|1300|
C|005186|2018|50004587640008|001|4300011994|00070|CMH0007|20|EA|11600|KRW|232000|20181129|1300|
C|005186|2018|50004587640009|001|4300011994|00110|CMA0016|200|EA|2140|KRW|428000|20181129|1300|
C|005186|2018|50004587640010|001|4300011994|00130|CME0010|200|EA|240|KRW|48000|20181129|1300|
C|005186|2018|50004587640011|001|4300011994|00150|CMB0010|480|EA|1280|KRW|614400|20181129|1300|
C|005186|2018|50004587640012|001|4300011995|00020|CME0006|20|EA|3080|KRW|61600|20181129|1300|
C|005186|2018|50004587640013|001|4300011995|00030|CME0001|20|EA|3300|KRW|66000|20181129|1300|
C|005186|2018|50004587640014|001|4300011995|00060|CMA0016|150|EA|2140|KRW|321000|20181129|1300|
C|005186|2018|50004587640015|001|4300012001|00030|CMF0009|2|EA|4950|KRW|9900|20181129|1300|
C|005186|2018|50004587640016|001|4300012001|00040|CMF0020|2|EA|650|KRW|1300|20181129|1300|
C|005186|2018|50004587640017|001|4300012001|00060|CMH0007|2|EA|11600|KRW|23200|20181129|1300|
C|005186|2018|50004587640018|001|4300012001|00070|CMF0001|3|EA|1950|KRW|5850|20181129|1300|
C|005186|2018|50004587640019|001|4300012001|00090|CME0001|32|EA|3300|KRW|105600|20181129|1300|
C|005186|2018|50004587640020|001|4300012001|00100|CMA0016|40|EA|2140|KRW|85600|20181129|1300|
C|005186|2018|50004587640021|001|4300012001|00160|CMB0010|240|EA|1280|KRW|307200|20181129|1300|
C|005186|2018|50004587640022|001|4300012001|00180|CME0010|300|EA|240|KRW|72000|20181129|1300|
C|005186|2018|50004587640023|001|4300012002|00050|CMA0005|30|EA|2000|KRW|60000|20181129|1300|
C|005186|2018|50004587640024|001|4300012004|00020|CMB0010|20|EA|1280|KRW|25600|20181129|1300|
C|005186|2018|50004587640025|001|4300012005|00010|CMF0006|1|EA|9500|KRW|9500|20181129|1300|
C|005186|2018|50004587640026|001|4300012005|00030|CMH0007|2|EA|11600|KRW|23200|20181129|1300|
C|005186|2018|50004587640027|001|4300012005|00050|CME0001|13|EA|3300|KRW|42900|20181129|1300|
C|005186|2018|50004587640028|001|4300012005|00070|CMA0016|40|EA|2140|KRW|85600|20181129|1300|
C|005186|2018|50004587640029|001|4300012006|00030|CMA0016|40|EA|2140|KRW|85600|20181129|1300|
C|005186|2018|50004587640030|001|4300012006|00040|CMB0010|40|EA|1280|KRW|51200|20181129|1300|
C|005186|2018|50004587640031|001|4300012007|00040|CME0001|20|EA|3300|KRW|66000|20181129|1300|
C|005186|2018|50004587640032|001|4300012007|00070|CME0010|70|EA|240|KRW|16800|20181129|1300|
C|005186|2018|50004587640033|001|4300012007|00080|CMB0010|240|EA|1280|KRW|307200|20181129|1300|
C|005186|2018|50004587640034|001|4300012011|00010|CMH0007|2|EA|11600|KRW|23200|20181129|1300|
C|005186|2018|50004587640035|001|4300012011|00030|CMF0001|3|EA|1950|KRW|5850|20181129|1300|
C|005186|2018|50004587640036|001|4300012011|00060|CME0006|10|EA|3080|KRW|30800|20181129|1300|
C|005186|2018|50004587640037|001|4300012011|00090|CMB0010|40|EA|1280|KRW|51200|20181129|1300|
C|005186|2018|50004587640038|001|4300012011|00130|CME0010|100|EA|240|KRW|24000|20181129|1300|
C|005186|2018|50004587650001|001|4300011997|00070|CME0001|20|EA|3300|KRW|66000|20181129|1300|
C|005186|2018|50004587650002|001|4300011997|00080|CME0010|150|EA|240|KRW|36000|20181129|1300|
C|005186|2018|50004587650003|001|4300011997|00110|CMH0007|1|EA|11600|KRW|11600|20181129|1300|
C|005186|2018|50004587650004|001|4300011998|00020|CMB0010|100|EA|1280|KRW|128000|20181129|1300|
C|005186|2018|50004587650005|001|4300011999|00040|CME0001|10|EA|3300|KRW|33000|20181129|1300|
C|005186|2018|50004587650006|001|4300011999|00050|CME0010|50|EA|240|KRW|12000|20181129|1300|
C|005186|2018|50004587650007|001|4300011999|00090|CMH0007|3|EA|11600|KRW|34800|20181129|1300|
C|005186|2018|50004587650008|001|4300012000|00010|CMB0010|40|EA|1280|KRW|51200|20181129|1300|
C|005186|2018|50004587650009|001|4300012003|00040|CMB0010|70|EA|1280|KRW|89600|20181129|1300|
C|005186|2018|50004587650010|001|4300012003|00050|CMZ0014|1|EA|19000|KRW|19000|20181129|1300|
C|005186|2018|50004587650011|001|4300012008|00010|CMB0010|120|EA|1280|KRW|153600|20181129|1300|
C|005186|2018|50004587650012|001|4300012008|00020|CMH0007|2|EA|11600|KRW|23200|20181129|1300|
C|005186|2018|50004587660001|001|4300011993|00090|CMF0013|20|EA|940|KRW|18800|20181129|1300|
