C|005186|2017|50003521500001|001|4300007764|00010|UHTC0801|10|EA|84800|KRW|848000|20170629|1300|
C|005186|2017|50003521510001|001|4300007719|00020|UGAC0052|1|EA|57170|KRW|57170|20170629|1300|
C|005186|2017|50003521510002|001|4300007719|00030|UHTC0246|60|EA|8470|KRW|508200|20170629|1300|
C|005186|2017|50003521510003|001|4300007719|00040|UGAC0052|1|EA|57170|KRW|57170|20170629|1300|
C|005186|2017|50003521510004|001|4300007719|00050|UKGC0007|8|EA|840|KRW|6720|20170629|1300|
C|005186|2017|50003521510005|001|4300007720|00010|UFKC0125|2|EA|36750|KRW|73500|20170629|1300|
C|005186|2017|50003521510006|001|4300007720|00020|UFKC0126|2|EA|17100|KRW|34200|20170629|1300|
C|005186|2017|50003521510007|001|4300007720|00030|UFKC0127|2|EA|22310|KRW|44620|20170629|1300|
C|005186|2017|50003521510008|001|4300007723|00030|UICC0060|2|EA|11600|KRW|23200|20170629|1300|
C|005186|2017|50003521510009|001|4300007723|00060|UKEC0017|1|EA|61200|KRW|61200|20170629|1300|
C|005186|2017|50003521510010|001|4300007739|00210|KH990100|4|EA|27220|KRW|108880|20170629|1300|
C|005186|2017|50003521510011|001|4300007739|00220|KH990101|6|EA|7250|KRW|43500|20170629|1300|
C|005186|2017|50003521510012|001|4300007739|00230|KS990007|5|EA|51450|KRW|257250|20170629|1300|
C|005186|2017|50003521510013|001|4300007739|00240|KT020008|2|EA|8030|KRW|16060|20170629|1300|
C|005186|2017|50003521510014|001|4300007739|00250|KT020014|2|EA|14490|KRW|28980|20170629|1300|
C|005186|2017|50003521510015|001|4300007739|00260|KT020021|1|EA|28350|KRW|28350|20170629|1300|
C|005186|2017|50003521510016|001|4300007739|00280|KT020610|1|EA|29150|KRW|29150|20170629|1300|
C|005186|2017|50003521510017|001|4300007739|00290|KT020700|16|EA|2680|KRW|42880|20170629|1300|
C|005186|2017|50003521510018|001|4300007746|00040|UKGC0008|2|EA|2940|KRW|5880|20170629|1300|
C|005186|2017|50003521510019|001|4300007763|00070|UICC0024|4|EA|6000|KRW|24000|20170629|1300|
C|005186|2017|50003521510020|001|4300007767|00010|UDCC0015|2|EA|86300|KRW|172600|20170629|1300|
C|005186|2017|50003521510021|001|4300007831|00050|UGAC0054|2|EA|392700|KRW|785400|20170629|1300|
C|005186|2017|50003521510022|001|4300007832|00150|UAEC0244|20|EA|3140|KRW|62800|20170629|1300|
C|005186|2017|50003521510023|001|4300007833|00010|UHTC0486|1|EA|46410|KRW|46410|20170629|1300|
C|005186|2017|50003521510024|001|4300007833|00050|UKBC0014|1|EA|52500|KRW|52500|20170629|1300|
C|005186|2017|50003521510025|001|4300007833|00070|UGAC0056|3|EA|139760|KRW|419280|20170629|1300|
C|005186|2017|50003521510026|001|4300007839|00010|UHTC0487|2|EA|30270|KRW|60540|20170629|1300|
C|005186|2017|50003521510027|001|4300007851|00040|UADC0026|3|EA|2000|KRW|6000|20170629|1300|
C|005186|2017|50003521510028|001|4300007851|00050|UAEC0387|6|EA|5470|KRW|32820|20170629|1300|
