C|005186|2013|50000196360001|001|4300000383|00010|CMA0001|80|EA|240|KRW|19200|20130726|1300|
C|005186|2013|50000196360002|001|4300000383|00020|CMA0007|40|EA|270|KRW|10800|20130726|1300|
C|005186|2013|50000196360003|001|4300000383|00030|CMA0008|40|EA|690|KRW|27600|20130726|1300|
C|005186|2013|50000196360004|001|4300000383|00040|CMA0017|5|EA|780|KRW|3900|20130726|1300|
C|005186|2013|50000196360005|001|4300000383|00050|CMB0001|40|EA|655|KRW|26200|20130726|1300|
C|005186|2013|50000196360006|001|4300000383|00060|CME0004|3|EA|11550|KRW|34650|20130726|1300|
C|005186|2013|50000196360007|001|4300000383|00070|CME0010|40|EA|285|KRW|11400|20130726|1300|
C|005186|2013|50000196360008|001|4300000383|00090|CMZ0004|10|EA|380|KRW|3800|20130726|1300|
C|005186|2013|50000196360009|001|4300000383|00100|CMZ0005|10|EA|750|KRW|7500|20130726|1300|
C|005186|2013|50000196360010|001|4300000384|00010|CMA0001|80|EA|240|KRW|19200|20130726|1300|
C|005186|2013|50000196360011|001|4300000384|00020|CMA0007|220|EA|270|KRW|59400|20130726|1300|
C|005186|2013|50000196360012|001|4300000384|00030|CMH0007|1|EA|11700|KRW|11700|20130726|1300|
C|005186|2013|50000196360013|001|4300000384|00040|CMB0001|20|EA|655|KRW|13100|20130726|1300|
C|005186|2013|50000196360014|001|4300000384|00050|CMB0010|80|EA|1100|KRW|88000|20130726|1300|
C|005186|2013|50000196360015|001|4300000384|00060|CMC0003|10|EA|340|KRW|3400|20130726|1300|
C|005186|2013|50000196360016|001|4300000384|00070|CMC0005|20|EA|190|KRW|3800|20130726|1300|
C|005186|2013|50000196360017|001|4300000384|00110|CMH0007|1|EA|11700|KRW|11700|20130726|1300|
C|005186|2013|50000196360018|001|4300000384|00120|CMZ0032|2|EA|1970|KRW|3940|20130726|1300|
C|005186|2013|50000196360019|001|4300000385|00010|CMA0001|320|EA|240|KRW|76800|20130726|1300|
C|005186|2013|50000196360020|001|4300000385|00020|CMA0007|30|EA|270|KRW|8100|20130726|1300|
C|005186|2013|50000196360021|001|4300000385|00030|CMA0017|10|EA|780|KRW|7800|20130726|1300|
C|005186|2013|50000196360022|001|4300000385|00040|CMA0005|10|EA|2470|KRW|24700|20130726|1300|
C|005186|2013|50000196360023|001|4300000385|00050|CME0010|60|EA|285|KRW|17100|20130726|1300|
C|005186|2013|50000196360024|001|4300000385|00060|CME0013|5|EA|20300|KRW|101500|20130726|1300|
C|005186|2013|50000196360025|001|4300000385|00070|CMF0015|10|EA|500|KRW|5000|20130726|1300|
C|005186|2013|50000196360026|001|4300000385|00090|CMH0007|1|EA|11700|KRW|11700|20130726|1300|
C|005186|2013|50000196360027|001|4300000385|00100|CMA0006|30|EA|2270|KRW|68100|20130726|1300|
C|005186|2013|50000196370001|001|4300000389|00010|CMB0001|40|EA|655|KRW|26200|20130726|1300|
C|005186|2013|50000196370002|001|4300000389|00020|CMA0007|20|EA|270|KRW|5400|20130726|1300|
C|005186|2013|50000196370003|001|4300000389|00030|CMA0001|20|EA|240|KRW|4800|20130726|1300|
C|005186|2013|50000196380001|001|4300000327|00010|CMB0010|60|EA|1100|KRW|66000|20130726|1300|
C|005186|2013|50000196380002|001|4300000327|00030|CMA0007|200|EA|270|KRW|54000|20130726|1300|
C|005186|2013|50000196390001|001|4300000387|00010|CMA0007|500|EA|270|KRW|135000|20130726|1300|
C|005186|2013|50000196390002|001|4300000387|00020|CMB0003|40|EA|2420|KRW|96800|20130726|1300|
C|005186|2013|50000196390003|001|4300000387|00030|CMB0001|40|EA|655|KRW|26200|20130726|1300|
C|005186|2013|50000196390004|001|4300000387|00040|CMB0010|40|EA|1100|KRW|44000|20130726|1300|
C|005186|2013|50000196390005|001|4300000387|00060|CMZ0032|20|EA|1970|KRW|39400|20130726|1300|
C|005186|2013|50000196390006|001|4300000387|00070|CMF0004|5|EA|22050|KRW|110250|20130726|1300|
C|005186|2013|50000196390007|001|4300000387|00080|CMH0007|2|EA|11700|KRW|23400|20130726|1300|
