C|005186|2013|50000048100001|001|4300000096|00010|UKEC0106|1|EA|20000|KRW|20000|20130430|1300|
C|005186|2013|50000048100002|001|4300000096|00020|UKEC0058|1|EA|73500|KRW|73500|20130430|1300|
C|005186|2013|50000048110001|001|4300000081|00010|UHTC0169|10|EA|2100|KRW|21000|20130430|1300|
C|005186|2013|50000048110002|001|4300000081|00020|UHTC0170|10|EA|2630|KRW|26300|20130430|1300|
C|005186|2013|50000048110003|001|4300000081|00030|UHTC0438|10|EA|34800|KRW|348000|20130430|1300|
C|005186|2013|50000048110004|001|4300000081|00040|UHTC0513|5|EA|145270|KRW|726350|20130430|1300|
C|005186|2013|50000048110005|001|4300000081|00050|UHTC0547|3|EA|34740|KRW|104220|20130430|1300|
C|005186|2013|50000048110006|001|4300000081|00060|UHTC0551|3|EA|205270|KRW|615810|20130430|1300|
C|005186|2013|50000048110007|001|4300000081|00070|UHTC0548|20|EA|8470|KRW|169400|20130430|1300|
C|005186|2013|50000048110008|001|4300000081|00080|UHCC0040|3|EA|10100|KRW|30300|20130430|1300|
C|005186|2013|50000048110009|001|4300000081|00090|UHTC0545|4|EA|150500|KRW|602000|20130430|1300|
C|005186|2013|50000048110010|001|4300000081|00100|UHFC0393|5|EA|3790|KRW|18950|20130430|1300|
C|005186|2013|50000048110011|001|4300000081|00110|UHHC0122|30|EA|14280|KRW|428400|20130430|1300|
C|005186|2013|50000048120001|001|4300000079|00020|UALC0100|5|EA|18430|KRW|92150|20130430|1300|
C|005186|2013|50000048120002|001|4300000079|00030|UALC0101|5|EA|18430|KRW|92150|20130430|1300|
C|005186|2013|50000048120003|001|4300000079|00040|UALC0102|5|EA|18430|KRW|92150|20130430|1300|
C|005186|2013|50000048120004|001|4300000079|00050|UALC0018|1|EA|19950|KRW|19950|20130430|1300|
C|005186|2013|50000048120005|001|4300000079|00060|UZZC0125|1|EA|242000|KRW|242000|20130430|1300|
C|005186|2013|50000048120006|001|4300000079|00070|UKEC0077|2|EA|26250|KRW|52500|20130430|1300|
C|005186|2013|50000048120007|001|4300000079|00080|UKEC0002|80|EA|530|KRW|42400|20130430|1300|
C|005186|2013|50000048120008|001|4300000079|00090|UDAC0267|100|EA|6800|KRW|680000|20130430|1300|
C|005186|2013|50000048130001|001|4300000075|00010|UKEC0068|1|EA|105200|KRW|105200|20130430|1300|
C|005186|2013|50000048130002|001|4300000075|00020|UKEC0009|1|EA|77700|KRW|77700|20130430|1300|
C|005186|2013|50000048130003|001|4300000075|00030|UKEC0008|1|EA|77700|KRW|77700|20130430|1300|
C|005186|2013|50000048130004|001|4300000075|00040|UKEC0033|1|EA|31500|KRW|31500|20130430|1300|
C|005186|2013|50000048130005|001|4300000075|00050|UKEC0088|5|EA|2000|KRW|10000|20130430|1300|
C|005186|2013|50000048130006|001|4300000075|00060|UKEC0030|5|EA|1890|KRW|9450|20130430|1300|
C|005186|2013|50000048130007|001|4300000075|00070|UKEC0031|5|EA|2000|KRW|10000|20130430|1300|
C|005186|2013|50000048130008|001|4300000075|00080|UKEC0010|10|EA|1530|KRW|15300|20130430|1300|
C|005186|2013|50000048130009|001|4300000075|00090|UIEC0068|2|EA|38420|KRW|76840|20130430|1300|
C|005186|2013|50000048140001|001|4300000074|00030|UGAC0085|1|EA|31500|KRW|31500|20130430|1300|
C|005186|2013|50000048140002|001|4300000074|00040|UFFC0008|4|EA|16170|KRW|64680|20130430|1300|
C|005186|2013|50000048140003|001|4300000074|00050|UFFC0007|2|EA|16170|KRW|32340|20130430|1300|
C|005186|2013|50000048150001|001|4300000080|00010|UALC0103|5|EA|20140|KRW|100700|20130430|1300|
C|005186|2013|50000048160001|001|4300000078|00010|UFGC0013|3|EA|13650|KRW|40950|20130430|1300|
C|005186|2013|50000048160002|001|4300000078|00020|UFGC0015|3|EA|5670|KRW|17010|20130430|1300|
C|005186|2013|50000048160003|001|4300000078|00030|UFGC0003|3|EA|3530|KRW|10590|20130430|1300|
C|005186|2013|50000048160004|001|4300000078|00040|UFGC0024|3|EA|15120|KRW|45360|20130430|1300|
C|005186|2013|50000048160005|001|4300000078|00050|UZZC0071|1|EA|217350|KRW|217350|20130430|1300|
C|005186|2013|50000048160006|001|4300000078|00060|UCFC0001|1|EA|11030|KRW|11030|20130430|1300|
C|005186|2013|50000048160007|001|4300000078|00070|UFGC0004|3|EA|10080|KRW|30240|20130430|1300|
C|005186|2013|50000048160008|001|4300000078|00080|UFGC0043|3|EA|56000|KRW|168000|20130430|1300|
C|005186|2013|50000048160009|001|4300000078|00090|UFGC0031|4|EA|11550|KRW|46200|20130430|1300|
C|005186|2013|50000048170001|001|4300000077|00010|UGBC0863|30|EA|3150|KRW|94500|20130430|1300|
C|005186|2013|50000048170002|001|4300000077|00020|UGBC0818|10|EA|15750|KRW|157500|20130430|1300|
C|005186|2013|50000048170003|001|4300000077|00030|UGBC0568|50|EA|2940|KRW|147000|20130430|1300|
C|005186|2013|50000048170004|001|4300000077|00040|UGBC0568|20|EA|2940|KRW|58800|20130430|1300|
C|005186|2013|50000048170005|001|4300000077|00050|UGBC0004|30|EA|870|KRW|26100|20130430|1300|
C|005186|2013|50000048170006|001|4300000077|00060|UGBC0352|50|EA|370|KRW|18500|20130430|1300|
C|005186|2013|50000048170007|001|4300000077|00070|UGBC0483|5|EA|28665|KRW|143325|20130430|1300|
C|005186|2013|50000048170008|001|4300000077|00080|UGBC0260|5|EA|54600|KRW|273000|20130430|1300|
C|005186|2013|50000048170009|001|4300000077|00090|UGBC0262|5|EA|79800|KRW|399000|20130430|1300|
C|005186|2013|50000048170010|001|4300000077|00100|UGBC0237|20|EA|13860|KRW|277200|20130430|1300|
C|005186|2013|50000048170011|001|4300000077|00110|UGBC0227|30|EA|1370|KRW|41100|20130430|1300|
C|005186|2013|50000048170012|001|4300000077|00120|UGBC0327|30|EA|2100|KRW|63000|20130430|1300|
C|005186|2013|50000048180001|001|4300000047|00060|UZZC0136|19|EA|66300|KRW|1259700|20130430|1300|
C|005186|2013|50000048190001|001|4300000035|00020|UGCC0736|2|EA|156300|KRW|312600|20130430|1300|
C|005186|2013|50000048200001|001|4300000039|00010|UDFC0142|80|EA|2050|KRW|164000|20130430|1300|
C|005186|2013|50000048200002|001|4300000039|00020|UDFC0143|80|EA|19470|KRW|1557600|20130430|1300|
C|005186|2013|50000048210001|001|4300000047|00060|UZZC0136|1|EA|66300|KRW|66300|20130430|1300|
C|005186|2013|50000048220001|001|4300000040|00010|KT020620|24|EA|290|KRW|6960|20130430|1300|
C|005186|2013|50000048220002|001|4300000040|00020|KE200113|4|EA|130000|KRW|520000|20130430|1300|
C|005186|2013|50000048220003|001|4300000040|00030|KS066901|10|EA|1290|KRW|12900|20130430|1300|
C|005186|2013|50000048230001|001|4300000048|00020|UAGC0374|5|EA|7880|KRW|39400|20130430|1300|
C|005186|2013|50000048240001|001|4300000037|00010|UAEC0210|6|EA|9100|KRW|54600|20130430|1300|
C|005186|2013|50000048240002|001|4300000037|00020|UAEC0030|6|EA|15750|KRW|94500|20130430|1300|
C|005186|2013|50000048240003|001|4300000037|00030|UHTC0510|1|EA|421080|KRW|421080|20130430|1300|
C|005186|2013|50000048250001|001|4300000048|00010|UHTC0287|10|EA|16200|KRW|162000|20130430|1300|
C|005186|2013|50000048250002|001|4300000048|00030|UHGC0129|1|EA|612680|KRW|612680|20130430|1300|
C|005186|2013|50000048250003|001|4300000048|00040|UHHC0036|1|EA|517860|KRW|517860|20130430|1300|
C|005186|2013|50000048250004|001|4300000048|00050|UHHC0035|1|EA|166950|KRW|166950|20130430|1300|
C|005186|2013|50000048250005|001|4300000048|00060|UHHC0069|1|EA|412650|KRW|412650|20130430|1300|
C|005186|2013|50000048250006|001|4300000048|00070|UHHC0002|1|EA|228900|KRW|228900|20130430|1300|
C|005186|2013|50000048250007|001|4300000048|00080|UHTC0504|3|EA|68220|KRW|204660|20130430|1300|
C|005186|2013|50000048250008|001|4300000048|00090|UHGC0182|3|EA|41580|KRW|124740|20130430|1300|
C|005186|2013|50000048260001|001|4300000037|00040|UHNC0109|50|EA|650|KRW|32500|20130430|1300|
C|005186|2013|50000048260002|001|4300000037|00050|UHNC0110|30|EA|770|KRW|23100|20130430|1300|
C|005186|2013|50000048260003|001|4300000037|00060|UHGC0197|5|EA|36000|KRW|180000|20130430|1300|
C|005186|2013|50000048260004|001|4300000037|00070|UHHC0071|1|EA|573300|KRW|573300|20130430|1300|
C|005186|2013|50000048260005|001|4300000037|00080|UHTC0542|2|EA|200000|KRW|400000|20130430|1300|
