C|005186|2019|50005016080001|001|4300013877|00010|UGAC0056|4|EA|139760|KRW|559040|20190626|1300|
C|005186|2019|50005016080002|001|4300013887|00010|UGBC1655|200|EA|4000|KRW|80000|20190626|1300|
C|005186|2019|50005016080003|001|4300013887|00020|UGBC0298|200|EA|10200|KRW|102000|20190626|1300|
C|005186|2019|50005016080004|001|4300013887|00030|UGBC0300|200|EA|10000|KRW|100000|20190626|1300|
C|005186|2019|50005016080005|001|4300013887|00040|UGBC1423|5|EA|233000|KRW|1165000|20190626|1300|
C|005186|2019|50005016080006|001|4300013887|00050|UEBC1571|1|EA|50400|KRW|50400|20190626|1300|
C|005186|2019|50005016080007|001|4300013915|00010|UEBC0702|1|EA|105000|KRW|105000|20190626|1300|
C|005186|2019|50005016080008|001|4300013915|00020|UGCC1539|2|EA|63100|KRW|126200|20190626|1300|
C|005186|2019|50005016080009|001|4300013915|00030|UGCC1098|5|EA|67900|KRW|339500|20190626|1300|
C|005186|2019|50005016080010|001|4300013915|00040|UGCC0641|10|EA|29400|KRW|294000|20190626|1300|
C|005186|2019|50005016080011|001|4300013915|00050|UEBC1541|6|EA|67500|KRW|405000|20190626|1300|
C|005186|2019|50005016080012|001|4300013931|00030|UEAC0092|3|EA|144900|KRW|434700|20190626|1300|
C|005186|2019|50005016080013|001|4300013933|00020|UEBC0177|1|EA|204750|KRW|204750|20190626|1300|
C|005186|2019|50005016080014|001|4300013933|00030|UEBC0279|15|EA|38000|KRW|114000|20190626|1300|
C|005186|2019|50005016080015|001|4300013933|00040|UEAC0006|1|EA|133560|KRW|133560|20190626|1300|
C|005186|2019|50005016080016|001|4300013933|00050|UEAC0188|1|EA|68500|KRW|68500|20190626|1300|
C|005186|2019|50005016080017|001|4300013933|00060|UDBC0117|20|EA|390|KRW|7800|20190626|1300|
