C|005186|2014|50000546350001|001|4300001046|00010|KH990101|6|EA|7250|KRW|43500|20140129|1300|
C|005186|2014|50000546350002|001|4300001046|00020|KP100300|2|EA|31500|KRW|63000|20140129|1300|
C|005186|2014|50000546350003|001|4300001046|00030|KP100301|2|EA|31200|KRW|62400|20140129|1300|
C|005186|2014|50000546350004|001|4300001046|00040|KP150400|100|EA|170|KRW|17000|20140129|1300|
C|005186|2014|50000546350005|001|4300001046|00050|KS061502|5|EA|2970|KRW|14850|20140129|1300|
C|005186|2014|50000546350006|001|4300001046|00060|KS061503|4|EA|3150|KRW|12600|20140129|1300|
C|005186|2014|50000546350007|001|4300001046|00070|KS061504|7|EA|4050|KRW|28350|20140129|1300|
C|005186|2014|50000546350008|001|4300001046|00080|KS066902|2|EA|1540|KRW|3080|20140129|1300|
C|005186|2014|50000546350009|001|4300001046|00090|KS066904|5|EA|2000|KRW|10000|20140129|1300|
C|005186|2014|50000546350010|001|4300001046|00100|KS067002|2|EA|1460|KRW|2920|20140129|1300|
C|005186|2014|50000546350011|001|4300001046|00110|KS067006|3|EA|3120|KRW|9360|20140129|1300|
C|005186|2014|50000546350012|001|4300001046|00120|KS067007|2|EA|4100|KRW|8200|20140129|1300|
C|005186|2014|50000546350013|001|4300001046|00130|KS067206|2|EA|4480|KRW|8960|20140129|1300|
C|005186|2014|50000546350014|001|4300001046|00140|KS067207|4|EA|5780|KRW|23120|20140129|1300|
C|005186|2014|50000546350015|001|4300001046|00150|KS067210|2|EA|14350|KRW|28700|20140129|1300|
C|005186|2014|50000546350016|001|4300001046|00160|KS080705|2|EA|18500|KRW|37000|20140129|1300|
C|005186|2014|50000546350017|001|4300001046|00170|KS080709|1|EA|24700|KRW|24700|20140129|1300|
C|005186|2014|50000546350018|001|4300001046|00180|KS990007|7|EA|51450|KRW|360150|20140129|1300|
C|005186|2014|50000546350019|001|4300001046|00190|KT020016|1|EA|18620|KRW|18620|20140129|1300|
C|005186|2014|50000546350020|001|4300001046|00200|KT020017|1|EA|18730|KRW|18730|20140129|1300|
C|005186|2014|50000546350021|001|4300001046|00210|KT020021|1|EA|28350|KRW|28350|20140129|1300|
C|005186|2014|50000546350022|001|4300001046|00220|KT020613|1|EA|49000|KRW|49000|20140129|1300|
C|005186|2014|50000546350023|001|4300001046|00230|KT020702|50|EA|470|KRW|23500|20140129|1300|
C|005186|2014|50000546350024|001|4300001046|00240|KT020704|20|EA|610|KRW|12200|20140129|1300|
C|005186|2014|50000546350025|001|4300001046|00250|KT080300|20.000|KG|2770|KRW|55400|20140129|1300|
C|005186|2014|50000546350026|001|4300001046|00260|KT080520|7|EA|2760|KRW|19320|20140129|1300|
C|005186|2014|50000546350027|001|4300001046|00270|KT990001|200|EA|510|KRW|102000|20140129|1300|
C|005186|2014|50000546350028|001|4300001046|00280|KT990010|170|EA|370|KRW|62900|20140129|1300|
C|005186|2014|50000546360001|001|4300001040|00020|UEBC0441|6|EA|29560|KRW|177360|20140129|1300|
C|005186|2014|50000546360002|001|4300001040|00030|UAEC0235|1|EA|180900|KRW|180900|20140129|1300|
C|005186|2014|50000546370001|001|4300001059|00060|UEBC0285|6|EA|35490|KRW|212940|20140129|1300|
C|005186|2014|50000546370002|001|4300001059|00070|UGCC0716|5|EA|5790|KRW|28950|20140129|1300|
C|005186|2014|50000546370003|001|4300001059|00080|UEBC1026|4|EA|6230|KRW|24920|20140129|1300|
C|005186|2014|50000546370004|001|4300001059|00090|UDAC0095|30|EA|1800|KRW|54000|20140129|1300|
C|005186|2014|50000546370005|001|4300001059|00100|UEBC1001|4|EA|13470|KRW|53880|20140129|1300|
C|005186|2014|50000546370006|001|4300001059|00110|UGCC0440|2|EA|201400|KRW|402800|20140129|1300|
C|005186|2014|50000546370007|001|4300001059|00120|UEBC0040|1|EA|59540|KRW|59540|20140129|1300|
C|005186|2014|50000546370008|001|4300001059|00130|UGCC0037|10|EA|18400|KRW|184000|20140129|1300|
C|005186|2014|50000546370009|001|4300001059|00140|UGCC0038|10|EA|12080|KRW|120800|20140129|1300|
C|005186|2014|50000546370010|001|4300001059|00150|UGCC0832|1|EA|333900|KRW|333900|20140129|1300|
C|005186|2014|50000546380001|001|4300000962|00020|UHNC0119|1|EA|1042000|KRW|1042000|20140129|1300|
C|005186|2014|50000546380002|001|4300001021|00010|UHHC0116|1|EA|215250|KRW|215250|20140129|1300|
C|005186|2014|50000546380003|001|4300001021|00020|UHFC0231|3|EA|2405|KRW|7215|20140129|1300|
C|005186|2014|50000546380004|001|4300001021|00030|UHFC0232|5|EA|9790|KRW|48950|20140129|1300|
C|005186|2014|50000546380005|001|4300001021|00040|UHFC0233|5|EA|11660|KRW|58300|20140129|1300|
C|005186|2014|50000546390001|001|4300001035|00010|UKCC0003|20|EA|4520|KRW|90400|20140129|1300|
C|005186|2014|50000546390002|001|4300001035|00020|UKBC0010|1|EA|91480|KRW|91480|20140129|1300|
C|005186|2014|50000546390003|001|4300001035|00030|UKEC0091|20|EA|1270|KRW|25400|20140129|1300|
C|005186|2014|50000546390004|001|4300001035|00040|UJBC0004|20|EA|4337|KRW|86740|20140129|1300|
C|005186|2014|50000546390005|001|4300001035|00060|UAEC0038|2|EA|4520|KRW|9040|20140129|1300|
C|005186|2014|50000546390006|001|4300001035|00070|UAEC0037|2|EA|4520|KRW|9040|20140129|1300|
C|005186|2014|50000546390007|001|4300001035|00080|UDFC0055|10|EA|13890|KRW|138900|20140129|1300|
C|005186|2014|50000546390008|001|4300001035|00090|UGCC0487|1|EA|236850|KRW|236850|20140129|1300|
C|005186|2014|50000546390009|001|4300001035|00100|UCKC0058|1|EA|343200|KRW|343200|20140129|1300|
C|005186|2014|50000546390010|001|4300001035|00110|UKBC0010|2|EA|91480|KRW|182960|20140129|1300|
C|005186|2014|50000546390011|001|4300001035|00120|UEBC0661|2|EA|75690|KRW|151380|20140129|1300|
C|005186|2014|50000546390012|001|4300001035|00130|UEBC0146|10|EA|5320|KRW|53200|20140129|1300|
C|005186|2014|50000546390013|001|4300001035|00140|UEBC0441|4|EA|29560|KRW|118240|20140129|1300|
C|005186|2014|50000546390014|001|4300001035|00150|UAEC0368|1|EA|16170|KRW|16170|20140129|1300|
C|005186|2014|50000546390015|001|4300001035|00160|UDAC0012|200|EA|4220|KRW|844000|20140129|1300|
C|005186|2014|50000546390016|001|4300001035|00170|UEBC0532|100|EA|8610|KRW|861000|20140129|1300|
C|005186|2014|50000546390017|001|4300001035|00190|UKBC0010|1|EA|91480|KRW|91480|20140129|1300|
C|005186|2014|50000546400001|001|4300000832|00100|UALC0112|1|EA|263200|KRW|263200|20140129|1300|
C|005186|2014|50000546400002|001|4300000832|00120|UHTC0571|3|EA|284240|KRW|852720|20140129|1300|
C|005186|2014|50000546400003|001|4300000832|00130|UHTC0554|1|EA|284240|KRW|284240|20140129|1300|
C|005186|2014|50000546400004|001|4300000832|00140|UCKC0105|3|EA|210540|KRW|631620|20140129|1300|
C|005186|2014|50000546400005|001|4300000833|00010|UHTC0563|1|EA|1631700|KRW|1631700|20140129|1300|
C|005186|2014|50000546410001|001|4300001022|00010|UGCC0840|1|EA|1084000|KRW|1084000|20140129|1300|
C|005186|2014|50000546410002|001|4300001022|00020|UZZC0141|1|EA|187000|KRW|187000|20140129|1300|
C|005186|2014|50000546420001|001|4300000959|00010|UGBC0519|1|EA|147000|KRW|147000|20140129|1300|
C|005186|2014|50000546420002|001|4300001033|00010|UGBC1246|1|EA|1821100|KRW|1821100|20140129|1300|
C|005186|2014|50000546420003|001|4300001034|00010|UGBC1337|1|EA|1263160|KRW|1263160|20140129|1300|
C|005186|2014|50000546420004|001|4300001035|00050|UGCC0587|20|EA|31060|KRW|621200|20140129|1300|
C|005186|2014|50000546420005|001|4300001035|00180|UCAC0009|2|EA|17890|KRW|35780|20140129|1300|
C|005186|2014|50000546420006|001|4300001075|00090|UADC0018|1|EA|17220|KRW|17220|20140129|1300|
C|005186|2014|50000546420007|001|4300001076|00010|UBBC0006|2|EA|103370|KRW|206740|20140129|1300|
C|005186|2014|50000546420008|001|4300001076|00020|UADC0102|8|EA|13140|KRW|105120|20140129|1300|
C|005186|2014|50000546430001|001|4300001075|00010|UEBC0777|40|EA|510|KRW|20400|20140129|1300|
C|005186|2014|50000546430002|001|4300001075|00020|UEBC0775|20|EA|920|KRW|18400|20140129|1300|
C|005186|2014|50000546430003|001|4300001075|00030|UAEC0234|1|EA|61580|KRW|61580|20140129|1300|
C|005186|2014|50000546430004|001|4300001075|00060|UALC0023|5|EA|22260|KRW|111300|20140129|1300|
C|005186|2014|50000546430005|001|4300001075|00070|UALC0024|5|EA|26500|KRW|132500|20140129|1300|
C|005186|2014|50000546430006|001|4300001075|00080|UALC0027|5|EA|38160|KRW|190800|20140129|1300|
C|005186|2014|50000546430007|001|4300001075|00100|UKBC0018|1|EA|60900|KRW|60900|20140129|1300|
C|005186|2014|50000546430008|001|4300001084|00010|UKDC0005|5|EA|9450|KRW|47250|20140129|1300|
C|005186|2014|50000546430009|001|4300001084|00060|UICC0007|50|EA|1580|KRW|79000|20140129|1300|
C|005186|2014|50000546440001|001|4300001050|00010|UHGC0037|3|EA|19803|KRW|59409|20140129|1300|
C|005186|2014|50000546440002|001|4300001050|00020|UHTC0145|20|EA|85050|KRW|1701000|20140129|1300|
C|005186|2014|50000546440003|001|4300001050|00030|UGAC0006|20|EA|30030|KRW|600600|20140129|1300|
C|005186|2014|50000546440004|001|4300001050|00040|UHNC0050|1|EA|403000|KRW|403000|20140129|1300|
C|005186|2014|50000546440005|001|4300001060|00020|UKBC0030|10|EA|16280|KRW|162800|20140129|1300|
C|005186|2014|50000546440006|001|4300001060|00030|UGBC1195|5|EA|54600|KRW|273000|20140129|1300|
C|005186|2014|50000546440007|001|4300001060|00040|UGBC0658|5|EA|160650|KRW|803250|20140129|1300|
C|005186|2014|50000546440008|001|4300001060|00050|UGBC1355|5|EA|7950|KRW|39750|20140129|1300|
C|005186|2014|50000546440009|001|4300001060|00060|UGBC0257|20|EA|1850|KRW|37000|20140129|1300|
C|005186|2014|50000546440010|001|4300001060|00070|UGBC0258|20|EA|2100|KRW|42000|20140129|1300|
C|005186|2014|50000546440011|001|4300001060|00080|UGBC0863|20|EA|3150|KRW|63000|20140129|1300|
C|005186|2014|50000546440012|001|4300001061|00010|UEAC0145|1|EA|1556000|KRW|1556000|20140129|1300|
C|005186|2014|50000546440013|001|4300001062|00020|UEBC0661|1|EA|75690|KRW|75690|20140129|1300|
C|005186|2014|50000546440014|001|4300001062|00030|UEBC0785|10|EA|1480|KRW|14800|20140129|1300|
C|005186|2014|50000546440015|001|4300001062|00040|UEBC0139|2|EA|11210|KRW|22420|20140129|1300|
C|005186|2014|50000546440016|001|4300001062|00050|UDAC0073|10|EA|740|KRW|7400|20140129|1300|
C|005186|2014|50000546440017|001|4300001062|00060|UDAC0077|10|EA|1060|KRW|10600|20140129|1300|
C|005186|2014|50000546440018|001|4300001062|00070|UDAC0074|10|EA|840|KRW|8400|20140129|1300|
C|005186|2014|50000546440019|001|4300001062|00080|UDDC0169|1|EA|108630|KRW|108630|20140129|1300|
C|005186|2014|50000546440020|001|4300001062|00090|UEBC0441|4|EA|29560|KRW|118240|20140129|1300|
C|005186|2014|50000546440021|001|4300001062|00100|UEBC0146|10|EA|5320|KRW|53200|20140129|1300|
C|005186|2014|50000546440022|001|4300001062|00110|UEBC0801|2|EA|42320|KRW|84640|20140129|1300|
C|005186|2014|50000546440023|001|4300001062|00170|UEBC0978|2|EA|15300|KRW|30600|20140129|1300|
C|005186|2014|50000546440024|001|4300001062|00180|UGBC1315|1|EA|252630|KRW|252630|20140129|1300|
C|005186|2014|50000546440025|001|4300001062|00190|UGCC0363|2|EA|95550|KRW|191100|20140129|1300|
C|005186|2014|50000546440026|001|4300001062|00200|UDBC0100|300|EA|19|KRW|5700|20140129|1300|
C|005186|2014|50000546440027|001|4300001062|00210|UEBC0007|8|EA|58800|KRW|470400|20140129|1300|
C|005186|2014|50000546440028|001|4300001062|00220|UDBC0417|20|EA|500|KRW|10000|20140129|1300|
C|005186|2014|50000546440029|001|4300001062|00240|UCEC0012|3|EA|50400|KRW|151200|20140129|1300|
C|005186|2014|50000546440030|001|4300001062|00250|UEBC0825|4|EA|32260|KRW|129040|20140129|1300|
C|005186|2014|50000546440031|001|4300001062|00260|UDDC0189|1|EA|85110|KRW|85110|20140129|1300|
C|005186|2014|50000546440032|001|4300001062|00270|UEBC0706|2|EA|10630|KRW|21260|20140129|1300|
C|005186|2014|50000546440033|001|4300001063|00010|UEAC0128|1|EA|1999900|KRW|1999900|20140129|1300|
C|005186|2014|50000546440034|001|4300001065|00010|UCIC0172|1|EA|1852000|KRW|1852000|20140129|1300|
C|005186|2014|50000546440035|001|4300001076|00050|UCIC0052|1|EA|947400|KRW|947400|20140129|1300|
C|005186|2014|50000546450001|001|4300001040|00010|UCAC0040|4|EA|28350|KRW|113400|20140129|1300|
C|005186|2014|50000546450002|001|4300001041|00010|UGBC1246|1|EA|1821100|KRW|1821100|20140129|1300|
C|005186|2014|50000546450003|001|4300001042|00010|UGBC1268|2|EA|1050000|KRW|2100000|20140129|1300|
C|005186|2014|50000546450004|001|4300001046|00290|KE190001|20|EA|6300|KRW|126000|20140129|1300|
C|005186|2014|50000546450005|001|4300001046|00300|KE030114|2|EA|63840|KRW|127680|20140129|1300|
C|005186|2014|50000546450006|001|4300001046|00310|KE030200|4|EA|15230|KRW|60920|20140129|1300|
C|005186|2014|50000546450007|001|4300001046|00320|KE030205|2|EA|31290|KRW|62580|20140129|1300|
C|005186|2014|50000546450008|001|4300001046|00330|KE030206|2|EA|16380|KRW|32760|20140129|1300|
C|005186|2014|50000546450009|001|4300001046|00340|KE030211|2|EA|145740|KRW|291480|20140129|1300|
C|005186|2014|50000546450010|001|4300001046|00350|KE050002|8|EA|1400|KRW|11200|20140129|1300|
C|005186|2014|50000546450011|001|4300001046|00360|KE050003|9|EA|1400|KRW|12600|20140129|1300|
C|005186|2014|50000546450012|001|4300001046|00370|KE050004|8|EA|1400|KRW|11200|20140129|1300|
C|005186|2014|50000546450013|001|4300001046|00380|KE050201|3|EA|8460|KRW|25380|20140129|1300|
C|005186|2014|50000546450014|001|4300001046|00390|KE050207|1|EA|6930|KRW|6930|20140129|1300|
C|005186|2014|50000546450015|001|4300001046|00400|KE050303|12|EA|2600|KRW|31200|20140129|1300|
C|005186|2014|50000546450016|001|4300001046|00410|KE050701|17|EA|2630|KRW|44710|20140129|1300|
C|005186|2014|50000546450017|001|4300001046|00420|KE051050|2|EA|12600|KRW|25200|20140129|1300|
C|005186|2014|50000546450018|001|4300001046|00430|KE090106|5|EA|15370|KRW|76850|20140129|1300|
C|005186|2014|50000546450019|001|4300001046|00440|KE090116|2|EA|28040|KRW|56080|20140129|1300|
C|005186|2014|50000546450020|001|4300001046|00450|KE090127|1|EA|34000|KRW|34000|20140129|1300|
C|005186|2014|50000546450021|001|4300001046|00460|KE090165|10|EA|165900|KRW|1659000|20140129|1300|
C|005186|2014|50000546450022|001|4300001046|00470|KE110200|20|EA|65100|KRW|1302000|20140129|1300|
C|005186|2014|50000546450023|001|4300001046|00480|KE190003|10|EA|29300|KRW|293000|20140129|1300|
C|005186|2014|50000546450024|001|4300001046|00490|KE200113|2|EA|130000|KRW|260000|20140129|1300|
C|005186|2014|50000546450025|001|4300001046|00500|KE200200|1|EA|130200|KRW|130200|20140129|1300|
C|005186|2014|50000546450026|001|4300001046|00510|KE210001|4|EA|53030|KRW|212120|20140129|1300|
C|005186|2014|50000546450027|001|4300001046|00520|KE230003|164|EA|1870|KRW|306680|20140129|1300|
C|005186|2014|50000546450028|001|4300001046|00530|KE231001|25|EA|16150|KRW|403750|20140129|1300|
C|005186|2014|50000546450029|001|4300001046|00540|KE231100|30|EA|530|KRW|15900|20140129|1300|
C|005186|2014|50000546450030|001|4300001046|00550|KE231406|6|EA|7140|KRW|42840|20140129|1300|
C|005186|2014|50000546450031|001|4300001046|00560|KE270302|5|EA|6900|KRW|34500|20140129|1300|
C|005186|2014|50000546450032|001|4300001046|00570|KE281401|13|EA|840|KRW|10920|20140129|1300|
C|005186|2014|50000546460001|001|4300001060|00100|UGAC0006|20|EA|30030|KRW|600600|20140129|1300|
C|005186|2014|50000546460002|001|4300001062|00230|UHGC0139|3|EA|561750|KRW|1685250|20140129|1300|
C|005186|2014|50000546460003|001|4300001064|00010|UHFC0064|3|EA|7000|KRW|21000|20140129|1300|
C|005186|2014|50000546460004|001|4300001064|00020|UHTC0504|3|EA|68220|KRW|204660|20140129|1300|
C|005186|2014|50000546460005|001|4300001064|00030|UHGC0139|3|EA|561750|KRW|1685250|20140129|1300|
C|005186|2014|50000546460006|001|4300001075|00040|UHTC0258|60|EA|810|KRW|48600|20140129|1300|
C|005186|2014|50000546460007|001|4300001075|00050|UHTC0259|60|EA|810|KRW|48600|20140129|1300|
C|005186|2014|50000546460008|001|4300001075|00110|UCKC0035|15|EA|44520|KRW|667800|20140129|1300|
C|005186|2014|50000546460009|001|4300001075|00120|UALC0037|9|EA|95550|KRW|859950|20140129|1300|
C|005186|2014|50000546460010|001|4300001075|00130|UALC0038|9|EA|82950|KRW|746550|20140129|1300|
C|005186|2014|50000546460011|001|4300001075|00140|UALC0075|4000|EA|45|KRW|180000|20140129|1300|
C|005186|2014|50000546460012|001|4300001075|00150|UHNC0007|2|EA|346500|KRW|693000|20140129|1300|
C|005186|2014|50000546460013|001|4300001075|00160|UHGC0134|1|EA|756000|KRW|756000|20140129|1300|
C|005186|2014|50000546460014|001|4300001076|00040|UCKC0037|80|EA|14050|KRW|1124000|20140129|1300|
C|005186|2014|50000546460015|001|4300001076|00060|UHGC0254|1|EA|800000|KRW|800000|20140129|1300|
C|005186|2014|50000546460016|001|4300001077|00010|UHCC0010|1|EA|1007000|KRW|1007000|20140129|1300|
C|005186|2014|50000546460017|001|4300001078|00010|UGCC0527|1|EA|1945650|KRW|1945650|20140129|1300|
C|005186|2014|50000546460018|001|4300001084|00160|UHNC0119|1|EA|1042000|KRW|1042000|20140129|1300|
C|005186|2014|50000546460019|001|4300001087|00250|UGAC0007|1|EA|49140|KRW|49140|20140129|1300|
C|005186|2014|50000546460020|001|4300001087|00260|UHTC0173|10|EA|19470|KRW|194700|20140129|1300|
C|005186|2014|50000546460021|001|4300001087|00270|UHTC0449|20|EA|1900|KRW|38000|20140129|1300|
C|005186|2014|50000546460022|001|4300001087|00280|UHTC0442|5|EA|24700|KRW|123500|20140129|1300|
