C|005186|2017|50003656360001|001|4300008308|00010|CMA0001|150|EA|151|KRW|22650|20170831|1300|
C|005186|2017|50003656360002|001|4300008308|00020|CMA0007|100|EA|151|KRW|15100|20170831|1300|
C|005186|2017|50003656360003|001|4300008308|00030|CMB0001|40|EA|520|KRW|20800|20170831|1300|
C|005186|2017|50003656360004|001|4300008308|00040|CMB0003|20|EA|2200|KRW|44000|20170831|1300|
C|005186|2017|50003656360005|001|4300008308|00060|CMD0001|6|EA|8000|KRW|48000|20170831|1300|
C|005186|2017|50003656470001|001|4300008241|00010|KS061502|14|EA|2970|KRW|41580|20170831|1300|
C|005186|2017|50003656470002|001|4300008241|00020|KS061503|10|EA|3150|KRW|31500|20170831|1300|
C|005186|2017|50003656470003|001|4300008241|00030|KS061508|2|EA|10510|KRW|21020|20170831|1300|
C|005186|2017|50003656470004|001|4300008241|00040|KS066900|2|EA|1290|KRW|2580|20170831|1300|
C|005186|2017|50003656470005|001|4300008241|00050|KS066904|2|EA|2000|KRW|4000|20170831|1300|
C|005186|2017|50003656470006|001|4300008241|00060|KS080705|5|EA|18500|KRW|92500|20170831|1300|
C|005186|2017|50003656470007|001|4300008241|00070|KS080709|2|EA|24700|KRW|49400|20170831|1300|
C|005186|2017|50003656470008|001|4300008254|00010|KS067001|20|EA|1400|KRW|28000|20170831|1300|
C|005186|2017|50003656470009|001|4300008255|00010|UGCC0629|3|EA|32130|KRW|96390|20170831|1300|
C|005186|2017|50003656470010|001|4300008256|00010|UEBC0368|10|EA|2050|KRW|20500|20170831|1300|
C|005186|2017|50003656470011|001|4300008256|00020|UEBC0334|10|EA|4420|KRW|44200|20170831|1300|
C|005186|2017|50003656470012|001|4300008256|00030|UEBC0051|2|EA|271950|KRW|543900|20170831|1300|
C|005186|2017|50003656470013|001|4300008256|00040|UEBC1199|2|EA|67800|KRW|135600|20170831|1300|
C|005186|2017|50003656470014|001|4300008256|00110|UCKC0010|1|EA|30450|KRW|30450|20170831|1300|
C|005186|2017|50003656470015|001|4300008256|00130|UCIC0154|30|EA|1370|KRW|41100|20170831|1300|
C|005186|2017|50003656470016|001|4300008257|00010|UDEC0057|4|EA|404250|KRW|1617000|20170831|1300|
C|005186|2017|50003656470017|001|4300008257|00020|UDDC0360|4|EA|76000|KRW|304000|20170831|1300|
C|005186|2017|50003656470018|001|4300008258|00020|UICC0007|20|EA|1580|KRW|31600|20170831|1300|
C|005186|2017|50003656470019|001|4300008258|00030|UEBC0049|2|EA|266070|KRW|532140|20170831|1300|
C|005186|2017|50003656470020|001|4300008258|00040|UEBC0040|1|EA|59540|KRW|59540|20170831|1300|
C|005186|2017|50003656470021|001|4300008258|00050|UEBC0002|4|EA|33600|KRW|134400|20170831|1300|
C|005186|2017|50003656470022|001|4300008258|00060|UEBC1199|2|EA|67800|KRW|135600|20170831|1300|
C|005186|2017|50003656470023|001|4300008258|00080|UAGC0136|10|EA|6980|KRW|69800|20170831|1300|
C|005186|2017|50003656470024|001|4300008258|00090|UAGC0440|10|EA|5570|KRW|55700|20170831|1300|
C|005186|2017|50003656470025|001|4300008259|00020|UCKC0068|1|EA|42840|KRW|42840|20170831|1300|
C|005186|2017|50003656470026|001|4300008259|00050|UEBC0074|50|EA|7370|KRW|368500|20170831|1300|
C|005186|2017|50003656470027|001|4300008259|00060|UDAC0080|10|EA|2630|KRW|26300|20170831|1300|
C|005186|2017|50003656470028|001|4300008259|00080|UEBC1199|2|EA|67800|KRW|135600|20170831|1300|
C|005186|2017|50003656470029|001|4300008260|00010|UEBC1160|10|EA|154800|KRW|1548000|20170831|1300|
C|005186|2017|50003656470030|001|4300008261|00020|UEBC0049|2|EA|266070|KRW|532140|20170831|1300|
C|005186|2017|50003656470031|001|4300008261|00030|UEBC0649|2|EA|124740|KRW|249480|20170831|1300|
C|005186|2017|50003656470032|001|4300008261|00040|UEBC0043|1|EA|112460|KRW|112460|20170831|1300|
C|005186|2017|50003656470033|001|4300008268|00030|UDCC0020|5|EA|62580|KRW|312900|20170831|1300|
C|005186|2017|50003656470034|001|4300008268|00040|UDCC0039|5|EA|112700|KRW|563500|20170831|1300|
C|005186|2017|50003656470035|001|4300008268|00060|UEBC0241|5|EA|4410|KRW|22050|20170831|1300|
C|005186|2017|50003656470036|001|4300008268|00070|UEBC1269|5|EA|50880|KRW|254400|20170831|1300|
C|005186|2017|50003656470037|001|4300008268|00080|UEBC1364|1|EA|136000|KRW|136000|20170831|1300|
C|005186|2017|50003656470038|001|4300008268|00090|UEBC1169|1|EA|62000|KRW|62000|20170831|1300|
C|005186|2017|50003656470039|001|4300008268|00100|UEBC0721|1|EA|95550|KRW|95550|20170831|1300|
C|005186|2017|50003656470040|001|4300008268|00110|UIDC0107|1|EA|141120|KRW|141120|20170831|1300|
C|005186|2017|50003656470041|001|4300008269|00010|UEBC1338|8|EA|88820|KRW|710560|20170831|1300|
C|005186|2017|50003656470042|001|4300008269|00020|UDDC0052|4|EA|209630|KRW|838520|20170831|1300|
C|005186|2017|50003656470043|001|4300008270|00010|UEBC0258|10|EA|6330|KRW|63300|20170831|1300|
C|005186|2017|50003656470044|001|4300008270|00040|UEBC1177|4|EA|44500|KRW|178000|20170831|1300|
C|005186|2017|50003656470045|001|4300008270|00060|UEBC0182|1|EA|111560|KRW|111560|20170831|1300|
C|005186|2017|50003656470046|001|4300008270|00090|UEBC1147|4|EA|174200|KRW|696800|20170831|1300|
C|005186|2017|50003656470047|001|4300008270|00110|UEBC0329|18|EA|14750|KRW|265500|20170831|1300|
C|005186|2017|50003656470048|001|4300008271|00010|UEBC0133|10|EA|2090|KRW|20900|20170831|1300|
C|005186|2017|50003656470049|001|4300008271|00020|UEBC0175|1|EA|129940|KRW|129940|20170831|1300|
C|005186|2017|50003656470050|001|4300008271|00030|UDAC0262|5|EA|1260|KRW|6300|20170831|1300|
C|005186|2017|50003656470051|001|4300008271|00040|UDAC0077|5|EA|1060|KRW|5300|20170831|1300|
C|005186|2017|50003656470052|001|4300008271|00050|UEBC1087|15|EA|13000|KRW|195000|20170831|1300|
C|005186|2017|50003656470053|001|4300008271|00060|UEBC1088|18|EA|15680|KRW|282240|20170831|1300|
C|005186|2017|50003656470054|001|4300008271|00070|UEBC1086|15|EA|9050|KRW|135750|20170831|1300|
C|005186|2017|50003656490001|001|4300008306|00010|CMZ0002|10|EA|400|KRW|4000|20170831|1300|
C|005186|2017|50003656490002|001|4300008306|00030|CMB0002|40|EA|2100|KRW|84000|20170831|1300|
C|005186|2017|50003656490003|001|4300008306|00040|CMB0003|40|EA|2200|KRW|88000|20170831|1300|
C|005186|2017|50003656490004|001|4300008306|00050|CMB0001|60|EA|520|KRW|31200|20170831|1300|
C|005186|2017|50003656490005|001|4300008306|00060|CMC0005|30|EA|150|KRW|4500|20170831|1300|
C|005186|2017|50003656490006|001|4300008306|00070|CME0008|10|EA|1950|KRW|19500|20170831|1300|
C|005186|2017|50003656490007|001|4300008306|00090|CMA0001|220|EA|151|KRW|33220|20170831|1300|
C|005186|2017|50003656490008|001|4300008306|00100|CMA0007|120|EA|151|KRW|18120|20170831|1300|
C|005186|2017|50003656490009|001|4300008306|00110|CMA0008|140|EA|470|KRW|65800|20170831|1300|
C|005186|2017|50003656500001|001|4300008304|00010|CMA0007|500|EA|151|KRW|75500|20170831|1300|
C|005186|2017|50003656520001|001|4300008303|00010|CMA0007|120|EA|151|KRW|18120|20170831|1300|
C|005186|2017|50003656530001|001|4300008302|00010|CMA0001|60|EA|151|KRW|9060|20170831|1300|
C|005186|2017|50003656530002|001|4300008302|00020|CMA0007|200|EA|151|KRW|30200|20170831|1300|
C|005186|2017|50003656530003|001|4300008302|00030|CMB0001|20|EA|520|KRW|10400|20170831|1300|
C|005186|2017|50003656530004|001|4300008302|00070|CMZ0032|3|EA|1300|KRW|3900|20170831|1300|
C|005186|2017|50003656550001|001|4300008241|00120|KT020009|2|EA|8030|KRW|16060|20170831|1300|
C|005186|2017|50003656550002|001|4300008242|00010|UKGC0016|10|EA|4740|KRW|47400|20170831|1300|
C|005186|2017|50003656550003|001|4300008256|00050|UJAC0104|4|EA|12290|KRW|49160|20170831|1300|
C|005186|2017|50003656550004|001|4300008256|00060|UJAC0105|4|EA|14805|KRW|59220|20170831|1300|
C|005186|2017|50003656550005|001|4300008256|00120|UDBC0786|50|EA|4740|KRW|237000|20170831|1300|
C|005186|2017|50003656550006|001|4300008258|00100|UDEC0030|2|EA|95450|KRW|190900|20170831|1300|
C|005186|2017|50003656550007|001|4300008259|00030|UAEC0044|1|EA|58070|KRW|58070|20170831|1300|
C|005186|2017|50003656550008|001|4300008260|00020|UAHC0013|1|EA|449610|KRW|449610|20170831|1300|
C|005186|2017|50003656550009|001|4300008261|00050|UAHC0018|1|EA|73290|KRW|73290|20170831|1300|
C|005186|2017|50003656550010|001|4300008268|00020|UAGC0193|100|EA|3255|KRW|325500|20170831|1300|
C|005186|2017|50003656550011|001|4300008270|00100|UDCC0042|1|EA|493690|KRW|493690|20170831|1300|
C|005186|2017|50003656550012|001|4300008271|00080|UAGC0193|100|EA|3255|KRW|325500|20170831|1300|
C|005186|2017|50003656550013|001|4300008350|00010|UALC0120|1|EA|110000|KRW|110000|20170831|1300|
C|005186|2017|50003656550014|001|4300008350|00020|UALC0121|2|EA|200000|KRW|400000|20170831|1300|
C|005186|2017|50003656560001|001|4300008300|00010|CMA0001|400|EA|151|KRW|60400|20170831|1300|
C|005186|2017|50003656560002|001|4300008300|00020|CMB0001|240|EA|520|KRW|124800|20170831|1300|
C|005186|2017|50003656570001|001|4300008299|00010|CMA0001|200|EA|151|KRW|30200|20170831|1300|
C|005186|2017|50003656570002|001|4300008299|00020|CMA0007|250|EA|151|KRW|37750|20170831|1300|
C|005186|2017|50003656570003|001|4300008299|00040|CMB0002|100|EA|2100|KRW|210000|20170831|1300|
C|005186|2017|50003656570004|001|4300008299|00050|CMC0005|30|EA|150|KRW|4500|20170831|1300|
C|005186|2017|50003656570005|001|4300008299|00130|CMZ0004|10|EA|220|KRW|2200|20170831|1300|
C|005186|2017|50003656570006|001|4300008299|00140|CMZ0005|10|EA|810|KRW|8100|20170831|1300|
C|005186|2017|50003656580001|001|4300008296|00010|CMA0001|700|EA|151|KRW|105700|20170831|1300|
C|005186|2017|50003656580002|001|4300008296|00020|CMA0007|300|EA|151|KRW|45300|20170831|1300|
C|005186|2017|50003656580003|001|4300008296|00030|CMA0008|100|EA|470|KRW|47000|20170831|1300|
C|005186|2017|50003656580004|001|4300008296|00050|CMB0001|300|EA|520|KRW|156000|20170831|1300|
C|005186|2017|50003656580005|001|4300008296|00070|CMC0005|200|EA|150|KRW|30000|20170831|1300|
C|005186|2017|50003656580006|001|4300008296|00110|CMF0002|5|EA|860|KRW|4300|20170831|1300|
C|005186|2017|50003656580007|001|4300008296|00120|CMF0004|2|EA|17000|KRW|34000|20170831|1300|
C|005186|2017|50003656580008|001|4300008296|00140|CMF0007|5|EA|1620|KRW|8100|20170831|1300|
C|005186|2017|50003656580009|001|4300008296|00150|CMF0008|10|EA|1620|KRW|16200|20170831|1300|
C|005186|2017|50003656590001|001|4300008295|00010|CMA0001|800|EA|151|KRW|120800|20170831|1300|
C|005186|2017|50003656590002|001|4300008295|00030|CMA0007|200|EA|151|KRW|30200|20170831|1300|
C|005186|2017|50003656590003|001|4300008295|00040|CMA0008|50|EA|470|KRW|23500|20170831|1300|
C|005186|2017|50003656590004|001|4300008295|00060|CMA0017|50|EA|770|KRW|38500|20170831|1300|
C|005186|2017|50003656590005|001|4300008295|00070|CMB0001|60|EA|520|KRW|31200|20170831|1300|
C|005186|2017|50003656590006|001|4300008295|00080|CMB0002|60|EA|2100|KRW|126000|20170831|1300|
C|005186|2017|50003656590007|001|4300008295|00090|CMC0002|4|EA|10300|KRW|41200|20170831|1300|
C|005186|2017|50003656590008|001|4300008295|00100|CME0008|10|EA|1950|KRW|19500|20170831|1300|
C|005186|2017|50003656590009|001|4300008295|00120|CMF0002|1|EA|860|KRW|860|20170831|1300|
C|005186|2017|50003656590010|001|4300008295|00170|CMZ0004|20|EA|220|KRW|4400|20170831|1300|
C|005186|2017|50003656600001|001|4300008294|00010|CMA0001|100|EA|151|KRW|15100|20170831|1300|
C|005186|2017|50003656600002|001|4300008294|00020|CMA0007|40|EA|151|KRW|6040|20170831|1300|
C|005186|2017|50003656600003|001|4300008294|00030|CMA0008|40|EA|470|KRW|18800|20170831|1300|
C|005186|2017|50003656600004|001|4300008294|00040|CMA0017|10|EA|770|KRW|7700|20170831|1300|
C|005186|2017|50003656600005|001|4300008294|00050|CMB0001|60|EA|520|KRW|31200|20170831|1300|
C|005186|2017|50003656600006|001|4300008294|00080|CME0008|10|EA|1950|KRW|19500|20170831|1300|
C|005186|2017|50003656610001|001|4300008293|00010|CMA0001|600|EA|151|KRW|90600|20170831|1300|
C|005186|2017|50003656610002|001|4300008293|00020|CMA0007|50|EA|151|KRW|7550|20170831|1300|
C|005186|2017|50003656610003|001|4300008293|00030|CMA0017|10|EA|770|KRW|7700|20170831|1300|
C|005186|2017|50003656610004|001|4300008293|00050|CME0013|2|EA|11880|KRW|23760|20170831|1300|
