C|005186|2019|50005106300001|001|4300014269|00030|UEBC0372|5|EA|5020|KRW|25100|20190814|1300|
C|005186|2019|50005106300002|001|4300014270|00070|UDAC0103|30|EA|3200|KRW|9600|20190814|1300|
C|005186|2019|50005106300003|001|4300014270|00080|UEBC0018|4|EA|32290|KRW|129160|20190814|1300|
C|005186|2019|50005106300004|001|4300014270|00090|UDAC0062|2|EA|76800|KRW|76800|20190814|1300|
C|005186|2019|50005106300005|001|4300014270|00110|UEBC0156|2|EA|103040|KRW|206080|20190814|1300|
C|005186|2019|50005106300006|001|4300014270|00140|UEBC0649|3|EA|124740|KRW|374220|20190814|1300|
C|005186|2019|50005106300007|001|4300014270|00150|UEBC0758|20|EA|20850|KRW|83400|20190814|1300|
C|005186|2019|50005106300008|001|4300014270|00160|UEBC0759|10|EA|11550|KRW|23100|20190814|1300|
C|005186|2019|50005106300009|001|4300014340|00010|UHTC0833|2|EA|79690|KRW|159380|20190814|1300|
C|005186|2019|50005106300010|001|4300014340|00020|UDDC0104|1|EA|51980|KRW|51980|20190814|1300|
C|005186|2019|50005106300011|001|4300014340|00030|UCIC0191|1|EA|630700|KRW|630700|20190814|1300|
C|005186|2019|50005106300012|001|4300014340|00040|UGCC0206|50|EA|34900|KRW|174500|20190814|1300|
C|005186|2019|50005106300013|001|4300014340|00070|UKDC0002|1|EA|26300|KRW|26300|20190814|1300|
C|005186|2019|50005106300014|001|4300014340|00080|UEBC0310|2|EA|46540|KRW|46540|20190814|1300|
C|005186|2019|50005106300015|001|4300014340|00090|UEBC1054|2|EA|20000|KRW|40000|20190814|1300|
