C|005186|2016|50002884780001|001|4300006054|00020|CMA0001|300|EA|151|KRW|45300|20160930|1300|
C|005186|2016|50002884780002|001|4300006054|00040|CMA0007|100|EA|151|KRW|15100|20160930|1300|
C|005186|2016|50002884780003|001|4300006054|00050|CMA0008|100|EA|470|KRW|47000|20160930|1300|
C|005186|2016|50002884780004|001|4300006057|00010|CMA0001|500|EA|151|KRW|75500|20160930|1300|
C|005186|2016|50002884780005|001|4300006057|00030|CMA0007|150|EA|151|KRW|22650|20160930|1300|
C|005186|2016|50002884780006|001|4300006057|00040|CMA0008|200|EA|470|KRW|94000|20160930|1300|
C|005186|2016|50002884780007|001|4300006059|00030|CMA0001|200|EA|151|KRW|30200|20160930|1300|
C|005186|2016|50002884780008|001|4300006059|00040|CMA0008|500|EA|470|KRW|235000|20160930|1300|
C|005186|2016|50002884780009|001|4300006059|00050|CMA0007|500|EA|151|KRW|75500|20160930|1300|
C|005186|2016|50002884780010|001|4300006061|00010|CMA0001|250|EA|151|KRW|37750|20160930|1300|
C|005186|2016|50002884780011|001|4300006061|00020|CMA0007|100|EA|151|KRW|15100|20160930|1300|
C|005186|2016|50002884780012|001|4300006062|00020|CMA0001|50|EA|151|KRW|7550|20160930|1300|
C|005186|2016|50002884780013|001|4300006062|00040|CMA0007|200|EA|151|KRW|30200|20160930|1300|
C|005186|2016|50002884780014|001|4300006064|00040|CMA0001|600|EA|151|KRW|90600|20160930|1300|
C|005186|2016|50002884780015|001|4300006064|00050|CMA0007|100|EA|151|KRW|15100|20160930|1300|
C|005186|2016|50002884780016|001|4300006064|00060|CMA0008|10|EA|470|KRW|4700|20160930|1300|
C|005186|2016|50002884780017|001|4300006065|00010|CMA0001|60|EA|151|KRW|9060|20160930|1300|
C|005186|2016|50002884780018|001|4300006065|00020|CMA0007|200|EA|151|KRW|30200|20160930|1300|
C|005186|2016|50002884780019|001|4300006066|00010|CMA0001|500|EA|151|KRW|75500|20160930|1300|
C|005186|2016|50002884780020|001|4300006066|00020|CMA0007|400|EA|151|KRW|60400|20160930|1300|
C|005186|2016|50002884780021|001|4300006067|00010|CMA0001|30|EA|151|KRW|4530|20160930|1300|
C|005186|2016|50002884780022|001|4300006067|00020|CMA0007|50|EA|151|KRW|7550|20160930|1300|
C|005186|2016|50002884780023|001|4300006068|00010|CMA0001|540|EA|151|KRW|81540|20160930|1300|
C|005186|2016|50002884780024|001|4300006068|00020|CMA0007|50|EA|151|KRW|7550|20160930|1300|
C|005186|2016|50002884780025|001|4300006069|00010|CMA0001|100|EA|151|KRW|15100|20160930|1300|
C|005186|2016|50002884780026|001|4300006069|00020|CMA0007|40|EA|151|KRW|6040|20160930|1300|
C|005186|2016|50002884780027|001|4300006069|00030|CMA0008|40|EA|470|KRW|18800|20160930|1300|
C|005186|2016|50002884780028|001|4300006070|00010|CMA0001|20|EA|151|KRW|3020|20160930|1300|
C|005186|2016|50002884780029|001|4300006070|00020|CMA0007|20|EA|151|KRW|3020|20160930|1300|
C|005186|2016|50002884780030|001|4300006070|00030|CMA0008|20|EA|470|KRW|9400|20160930|1300|
C|005186|2016|50002884780031|001|4300006073|00130|CMA0001|240|EA|151|KRW|36240|20160930|1300|
C|005186|2016|50002884780032|001|4300006073|00140|CMA0007|160|EA|151|KRW|24160|20160930|1300|
C|005186|2016|50002884780033|001|4300006073|00150|CMA0008|180|EA|470|KRW|84600|20160930|1300|
C|005186|2016|50002884780034|001|4300006074|00010|CMA0001|200|EA|151|KRW|30200|20160930|1300|
C|005186|2016|50002884780035|001|4300006074|00030|CMA0007|250|EA|151|KRW|37750|20160930|1300|
C|005186|2016|50002884780036|001|4300006075|00010|CMA0001|50|EA|151|KRW|7550|20160930|1300|
C|005186|2016|50002884780037|001|4300006075|00030|CMA0007|50|EA|151|KRW|7550|20160930|1300|
C|005186|2016|50002884780038|001|4300006075|00040|CMA0008|20|EA|470|KRW|9400|20160930|1300|
C|005186|2016|50002884780039|001|4300006076|00010|CMA0001|700|EA|151|KRW|105700|20160930|1300|
C|005186|2016|50002884780040|001|4300006076|00020|CMA0007|400|EA|151|KRW|60400|20160930|1300|
C|005186|2016|50002884780041|001|4300006076|00030|CMA0008|50|EA|470|KRW|23500|20160930|1300|
C|005186|2016|50002884780042|001|4300006077|00010|CMA0001|200|EA|151|KRW|30200|20160930|1300|
C|005186|2016|50002884780043|001|4300006077|00020|CMA0007|600|EA|151|KRW|90600|20160930|1300|
