C|005186|2020|50005692860001|001|4300016941|00010|UHFC0211|10|EA|5780|KRW|57800|20200603|1300|
C|005186|2020|50005692860002|001|4300016941|00020|UHFC0124|3|EA|23630|KRW|70890|20200603|1300|
C|005186|2020|50005692860003|001|4300016941|00030|UHDC0221|100|EA|19000|KRW|19000|20200603|1300|
C|005186|2020|50005692860004|001|4300016941|00040|UHGC0107|2|EA|342100|KRW|684200|20200603|1300|
C|005186|2020|50005692860005|001|4300016942|00010|UHGC0134|2|EA|756000|KRW|1512000|20200603|1300|
C|005186|2020|50005692860006|001|4300016998|00010|UGAC0078|1|EA|32750|KRW|32750|20200603|1300|
C|005186|2020|50005692860007|001|4300016998|00020|UGAC0091|2|EA|33920|KRW|67840|20200603|1300|
C|005186|2020|50005692860008|001|4300016998|00030|UALC0022|5|EA|100700|KRW|100700|20200603|1300|
C|005186|2020|50005692860009|001|4300016998|00040|UALC0105|5|EA|100700|KRW|100700|20200603|1300|
C|005186|2020|50005692860010|001|4300016998|00050|UHFC0049|2|EA|22050|KRW|44100|20200603|1300|
C|005186|2020|50005692860011|001|4300016998|00060|UHGC0236|1|EA|932700|KRW|932700|20200603|1300|
C|005186|2020|50005692860012|001|4300016998|00070|UHGC0237|1|EA|561000|KRW|561000|20200603|1300|
C|005186|2020|50005692860013|001|4300016999|00010|UHTC0802|20|EA|249100|KRW|996400|20200603|1300|
C|005186|2020|50005692860014|001|4300016999|00020|UHTC0772|40|EA|466400|KRW|932800|20200603|1300|
C|005186|2020|50005692860015|001|4300017000|00010|UHTC0418|2|EA|241500|KRW|483000|20200603|1300|
C|005186|2020|50005692860016|001|4300017000|00020|UHTC0402|4|EA|89250|KRW|357000|20200603|1300|
C|005186|2020|50005692870001|001|4300016975|00010|UGCC1627|1|EA|1218000|KRW|1218000|20200603|1300|
C|005186|2020|50005692870002|001|4300016976|00570|UGBC0781|30|EA|5800|KRW|17400|20200603|1300|
C|005186|2020|50005692870003|001|4300016995|00010|UGCC1115|2|EA|562000|KRW|1124000|20200603|1300|
C|005186|2020|50005692870004|001|4300016995|00020|UGBC1004|3|EA|224700|KRW|674100|20200603|1300|
C|005186|2020|50005692870005|001|4300016996|00010|UGBC1421|3|EA|127000|KRW|381000|20200603|1300|
C|005186|2020|50005692880001|001|4300016807|00010|UGCC1725|1|EA|47780|KRW|47780|20200603|1300|
C|005186|2020|50005692880002|001|4300016807|00090|UDAC0433|15|EA|24150|KRW|362250|20200603|1300|
C|005186|2020|50005692880003|001|4300016807|00100|UEBC1717|10|EA|2020|KRW|20200|20200603|1300|
C|005186|2020|50005692880004|001|4300016807|00110|UCKC0173|1|EA|280350|KRW|280350|20200603|1300|
C|005186|2020|50005692880005|001|4300016807|00120|UEBC1718|2|EA|100800|KRW|201600|20200603|1300|
C|005186|2020|50005692880006|001|4300016807|00140|UEAC1161|1|EA|394380|KRW|394380|20200603|1300|
C|005186|2020|50005692880007|001|4300016808|00010|UEAC1160|1|EA|587000|KRW|587000|20200603|1300|
C|005186|2020|50005692880008|001|4300016808|00030|UEBC1719|6|EA|28670|KRW|172020|20200603|1300|
C|005186|2020|50005692880009|001|4300016809|00040|UEBC1721|2|EA|17120|KRW|34240|20200603|1300|
C|005186|2020|50005692880010|001|4300016810|00010|UEBC1720|2|EA|286200|KRW|572400|20200603|1300|
C|005186|2020|50005692880011|001|4300016810|00030|UEBC1722|4|EA|4200|KRW|16800|20200603|1300|
C|005186|2020|50005692880012|001|4300016810|00040|UEAC1165|1|EA|825300|KRW|825300|20200603|1300|
C|005186|2020|50005692880013|001|4300016810|00050|UEBC1723|2|EA|115500|KRW|231000|20200603|1300|
C|005186|2020|50005692880014|001|4300016811|00010|UEAC1166|1|EA|1163400|KRW|1163400|20200603|1300|
C|005186|2020|50005692880015|001|4300016811|00020|UEBC1724|2|EA|92400|KRW|184800|20200603|1300|
C|005186|2020|50005692880016|001|4300016811|00030|UEBC1725|4|EA|17550|KRW|70200|20200603|1300|
C|005186|2020|50005692880017|001|4300016811|00040|UEBC1726|2|EA|4980|KRW|9960|20200603|1300|
C|005186|2020|50005692880018|001|4300016811|00050|UEBC1727|2|EA|13780|KRW|27560|20200603|1300|
C|005186|2020|50005692880019|001|4300016811|00060|UEBC1728|5|EA|39690|KRW|198450|20200603|1300|
C|005186|2020|50005692880020|001|4300016811|00070|UDAC0434|10|EA|13650|KRW|136500|20200603|1300|
C|005186|2020|50005692880021|001|4300016972|00010|UCKC0102|2|EA|694800|KRW|1389600|20200603|1300|
C|005186|2020|50005692880022|001|4300016972|00020|UEBC1164|2|EA|215000|KRW|430000|20200603|1300|
C|005186|2020|50005692880023|001|4300016973|00010|UEBC0641|20|EA|82950|KRW|1659000|20200603|1300|
C|005186|2020|50005692880024|001|4300016973|00030|UEBC1039|3|EA|16840|KRW|50520|20200603|1300|
C|005186|2020|50005692880025|001|4300016973|00040|UDBC0725|100|EA|420|KRW|4200|20200603|1300|
C|005186|2020|50005692880026|001|4300016994|00020|UEBC0016|10|EA|25240|KRW|252400|20200603|1300|
C|005186|2020|50005692880027|001|4300016994|00030|UEBC0017|10|EA|12130|KRW|121300|20200603|1300|
C|005186|2020|50005692880028|001|4300016994|00060|UEBC0008|20|EA|5360|KRW|107200|20200603|1300|
C|005186|2020|50005692880029|001|4300016996|00030|UDAC0366|5|EA|625500|KRW|625500|20200603|1300|
C|005186|2020|50005692880030|001|4300016996|00040|UDAC0264|5|EA|252500|KRW|252500|20200603|1300|
C|005186|2020|50005692880031|001|4300016996|00050|UEBC0649|2|EA|124740|KRW|249480|20200603|1300|
C|005186|2020|50005692880032|001|4300016997|00010|UDAC0052|5|EA|1076250|KRW|1076250|20200603|1300|
C|005186|2020|50005692880033|001|4300016997|00030|UEBC0630|4|EA|58520|KRW|117040|20200603|1300|
C|005186|2020|50005692880034|001|4300016997|00040|UEBC0956|1|EA|65520|KRW|65520|20200603|1300|
C|005186|2020|50005692880035|001|4300016997|00110|UJAC0043|10|EA|2100|KRW|21000|20200603|1300|
C|005186|2020|50005692880036|001|4300016997|00120|UJAC0131|10|EA|6850|KRW|68500|20200603|1300|
C|005186|2020|50005692890001|001|4300017029|00010|UFFC0032|1|EA|165900|KRW|165900|20200603|1300|
C|005186|2020|50005692890002|001|4300017030|00010|UBEC0001|50|EA|189000|KRW|945000|20200603|1300|
C|005186|2020|50005692900001|001|4300016973|00020|UEBC0750|50|EA|18900|KRW|94500|20200603|1300|
C|005186|2020|50005692900002|001|4300016994|00070|UDAC0347|100|EA|53000|KRW|265000|20200603|1300|
C|005186|2020|50005692900003|001|4300016995|00040|UDBC0220|100|EA|13000|KRW|13000|20200603|1300|
C|005186|2020|50005692900004|001|4300016995|00060|UDAC0275|50|EA|530|KRW|2650|20200603|1300|
C|005186|2020|50005692900005|001|4300016995|00070|UEBC0749|30|EA|8200|KRW|24600|20200603|1300|
C|005186|2020|50005692900006|001|4300016995|00080|UEBC0748|30|EA|27300|KRW|81900|20200603|1300|
C|005186|2020|50005692900007|001|4300016995|00090|UEBC0750|30|EA|18900|KRW|56700|20200603|1300|
C|005186|2020|50005692900008|001|4300016996|00020|UEBC0751|30|EA|157500|KRW|472500|20200603|1300|
C|005186|2020|50005692910001|001|4300016976|00020|UDBC0408|300|EA|3500|KRW|10500|20200603|1300|
C|005186|2020|50005692910002|001|4300016976|00050|UDBC0809|300|EA|4400|KRW|13200|20200603|1300|
C|005186|2020|50005692910003|001|4300016976|00080|UDBC0748|500|EA|3400|KRW|17000|20200603|1300|
C|005186|2020|50005692910004|001|4300016976|00090|UDBC0721|500|EA|4300|KRW|21500|20200603|1300|
C|005186|2020|50005692910005|001|4300016976|00100|UDBC0722|300|EA|300|KRW|9000|20200603|1300|
C|005186|2020|50005692910006|001|4300016976|00110|UDBC0727|300|EA|1300|KRW|39000|20200603|1300|
C|005186|2020|50005692910007|001|4300016976|00140|UDBC0324|500|EA|1300|KRW|6500|20200603|1300|
C|005186|2020|50005692910008|001|4300016976|00160|UDBC0306|300|EA|2400|KRW|7200|20200603|1300|
C|005186|2020|50005692910009|001|4300016976|00170|UDBC0310|300|EA|6000|KRW|18000|20200603|1300|
C|005186|2020|50005692910010|001|4300016976|00200|UDBC0582|500|EA|6300|KRW|31500|20200603|1300|
C|005186|2020|50005692910011|001|4300016994|00050|UDBC0917|200|EA|1350|KRW|5400|20200603|1300|
C|005186|2020|50005692910012|001|4300016995|00030|UDBC1004|100|EA|11600|KRW|11600|20200603|1300|
C|005186|2020|50005692910013|001|4300016995|00050|UDAC0092|50|EA|2350|KRW|2350|20200603|1300|
C|005186|2020|50005692920001|001|4300016997|00090|UGBC1406|20|EA|31800|KRW|63600|20200603|1300|
