C|005186|2014|50000972210001|001|4300001680|00050|UAGC0379|3|EA|35700|KRW|107100|20140915|1300|
C|005186|2014|50000972210002|001|4300001680|00230|UDEC0053|10|EA|63000|KRW|630000|20140915|1300|
C|005186|2014|50000972210003|001|4300001680|00240|UEBC0315|4|EA|24150|KRW|96600|20140915|1300|
C|005186|2014|50000972210004|001|4300001680|00250|UEBC0811|20|EA|9810|KRW|196200|20140915|1300|
C|005186|2014|50000972210005|001|4300001680|00260|UAGC0193|100|EA|3255|KRW|325500|20140915|1300|
C|005186|2014|50000972210006|001|4300001680|00460|UDEC0002|10|EA|44100|KRW|441000|20140915|1300|
C|005186|2014|50000972210007|001|4300001684|00150|UEBC0010|1|EA|89570|KRW|89570|20140915|1300|
C|005186|2014|50000972220001|001|4300001680|00270|UDBC0077|500|EA|23|KRW|11500|20140915|1300|
C|005186|2014|50000972220002|001|4300001680|00280|UDBC0072|500|EA|48|KRW|24000|20140915|1300|
C|005186|2014|50000972220003|001|4300001680|00290|UDBC0345|300|EA|120|KRW|36000|20140915|1300|
C|005186|2014|50000972220004|001|4300001680|00300|UDBC0348|300|EA|180|KRW|54000|20140915|1300|
C|005186|2014|50000972220005|001|4300001680|00310|UDBC0354|300|EA|350|KRW|105000|20140915|1300|
C|005186|2014|50000972220006|001|4300001680|00320|UDBC0375|500|EA|16|KRW|8000|20140915|1300|
C|005186|2014|50000972220007|001|4300001680|00360|UDBC0737|500|EA|16|KRW|8000|20140915|1300|
C|005186|2014|50000972220008|001|4300001680|00380|UDBC0717|500|EA|20|KRW|10000|20140915|1300|
C|005186|2014|50000972220009|001|4300001680|00390|UDBC0322|500|EA|10|KRW|5000|20140915|1300|
C|005186|2014|50000972220010|001|4300001680|00400|UDBC0302|500|EA|32|KRW|16000|20140915|1300|
C|005186|2014|50000972220011|001|4300001680|00410|UDBC0404|300|EA|52|KRW|15600|20140915|1300|
C|005186|2014|50000972220012|001|4300001680|00420|UDBC0406|300|EA|73|KRW|21900|20140915|1300|
C|005186|2014|50000972220013|001|4300001680|00430|UDBC0423|300|EA|75|KRW|22500|20140915|1300|
C|005186|2014|50000972220014|001|4300001680|00440|UDBC0320|500|EA|26|KRW|13000|20140915|1300|
C|005186|2014|50000972220015|001|4300001680|00450|UDBC0323|500|EA|40|KRW|20000|20140915|1300|
C|005186|2014|50000972220016|001|4300001684|00110|UDBC0342|500|EA|38|KRW|19000|20140915|1300|
C|005186|2014|50000972220017|001|4300001684|00120|UDBC0347|500|EA|56|KRW|28000|20140915|1300|
C|005186|2014|50000972220018|001|4300001684|00130|UDBC0352|500|EA|109|KRW|54500|20140915|1300|
C|005186|2014|50000972220019|001|4300001684|00140|UDBC0743|500|EA|10|KRW|5000|20140915|1300|
C|005186|2014|50000972220020|001|4300001684|00160|UIDC0115|1|EA|102000|KRW|102000|20140915|1300|
C|005186|2014|50000972220021|001|4300001684|00170|UDBC0213|50|EA|5300|KRW|265000|20140915|1300|
C|005186|2014|50000972220022|001|4300001684|00200|UDBC0405|300|EA|27|KRW|8100|20140915|1300|
C|005186|2014|50000972220023|001|4300001684|00210|UDBC0424|300|EA|72|KRW|21600|20140915|1300|
C|005186|2014|50000972220024|001|4300001684|00220|UDBC0426|300|EA|75|KRW|22500|20140915|1300|
C|005186|2014|50000972220025|001|4300001684|00230|UDBC0182|300|EA|84|KRW|25200|20140915|1300|
C|005186|2014|50000972220026|001|4300001684|00240|UDBC0440|300|EA|87|KRW|26100|20140915|1300|
C|005186|2014|50000972220027|001|4300001684|00250|UDBC0444|300|EA|100|KRW|30000|20140915|1300|
C|005186|2014|50000972220028|001|4300001684|00260|UDBC0446|300|EA|108|KRW|32400|20140915|1300|
C|005186|2014|50000972220029|001|4300001684|00270|UDBC0447|300|EA|114|KRW|34200|20140915|1300|
C|005186|2014|50000972220030|001|4300001684|00280|UDBC0161|300|EA|229|KRW|68700|20140915|1300|
C|005186|2014|50000972220031|001|4300001684|00290|UDBC0368|500|EA|21|KRW|10500|20140915|1300|
C|005186|2014|50000972230001|001|4300001684|00310|UCAC0038|20|EA|11130|KRW|222600|20140915|1300|
C|005186|2014|50000972230002|001|4300001684|00370|UEAC0094|1|EA|696200|KRW|696200|20140915|1300|
C|005186|2014|50000972230003|001|4300001684|00410|UEAC0159|1|EA|429300|KRW|429300|20140915|1300|
C|005186|2014|50000972240001|001|4300001623|00010|UAEC0105|1|EA|62740|KRW|62740|20140915|1300|
C|005186|2014|50000972240002|001|4300001623|00050|UDBC0103|200|EA|83|KRW|16600|20140915|1300|
C|005186|2014|50000972240003|001|4300001623|00190|UAIC0013|1|EA|45680|KRW|45680|20140915|1300|
C|005186|2014|50000972240004|001|4300001623|00200|UAIC0019|1|EA|11900|KRW|11900|20140915|1300|
C|005186|2014|50000972240005|001|4300001623|00260|UDBC0015|100|EA|30|KRW|3000|20140915|1300|
C|005186|2014|50000972250001|001|4300001605|00910|UAEC0414|200|EA|5830|KRW|1166000|20140915|1300|
C|005186|2014|50000972250002|001|4300001605|00920|UAEC0357|100|EA|5790|KRW|579000|20140915|1300|
C|005186|2014|50000972260001|001|4300001703|00070|UALC0093|6|EA|246700|KRW|1480200|20140915|1300|
C|005186|2014|50000972260002|001|4300001703|00080|UALC0110|3|EA|550400|KRW|1651200|20140915|1300|
C|005186|2014|50000972260003|001|4300001703|00090|UALC0111|1|EA|323300|KRW|323300|20140915|1300|
C|005186|2014|50000972270001|001|4300001703|00010|UAEC0058|1|EA|12350|KRW|12350|20140915|1300|
C|005186|2014|50000972270002|001|4300001703|00120|UAEC0329|1|EA|31320|KRW|31320|20140915|1300|
C|005186|2014|50000972270003|001|4300001703|00230|UAGC0025|2|EA|6060|KRW|12120|20140915|1300|
C|005186|2014|50000972280001|001|4300001680|00180|UEAC0112|2|EA|347200|KRW|694400|20140915|1300|
C|005186|2014|50000972290001|001|4300001703|00060|UEBC0207|10|EA|45480|KRW|454800|20140915|1300|
C|005186|2014|50000972290002|001|4300001703|00110|UEBC1128|2|EA|346000|KRW|692000|20140915|1300|
C|005186|2014|50000972290003|001|4300001703|00270|UAEC0041|1|EA|22110|KRW|22110|20140915|1300|
C|005186|2014|50000972290004|001|4300001703|00280|UAEC0413|2|EA|11660|KRW|23320|20140915|1300|
C|005186|2014|50000972290005|001|4300001703|00300|UAEC0114|1|EA|12290|KRW|12290|20140915|1300|
C|005186|2014|50000972290006|001|4300001703|00310|UAEC0198|2|EA|7270|KRW|14540|20140915|1300|
C|005186|2014|50000972290007|001|4300001703|00370|UAGC0193|50|EA|3255|KRW|162750|20140915|1300|
C|005186|2014|50000972300001|001|4300001684|00090|UHTC0692|10|EA|10300|KRW|103000|20140915|1300|
C|005186|2014|50000972300002|001|4300001684|00100|UHTC0624|10|EA|25800|KRW|258000|20140915|1300|
C|005186|2014|50000972300003|001|4300001685|00010|UHTC0696|2|EA|61000|KRW|122000|20140915|1300|
C|005186|2014|50000972300004|001|4300001685|00020|UHTC0697|4|EA|66200|KRW|264800|20140915|1300|
C|005186|2014|50000972300005|001|4300001702|00020|UHTC0605|10|EA|18400|KRW|184000|20140915|1300|
C|005186|2014|50000972310001|001|4300001680|00190|UHTC0582|2|EA|26500|KRW|53000|20140915|1300|
C|005186|2014|50000972310002|001|4300001680|00200|UHTC0583|2|EA|10600|KRW|21200|20140915|1300|
C|005186|2014|50000972320001|001|4300001680|00060|UCKC0035|15|EA|44520|KRW|667800|20140915|1300|
C|005186|2014|50000972320002|001|4300001684|00010|UHDC0080|20|EA|16380|KRW|327600|20140915|1300|
C|005186|2014|50000972320003|001|4300001684|00020|UHDC0081|10|EA|18900|KRW|189000|20140915|1300|
C|005186|2014|50000972320004|001|4300001684|00030|UHDC0073|40|EA|10320|KRW|412800|20140915|1300|
C|005186|2014|50000972320005|001|4300001684|00300|KE090116|3|EA|28040|KRW|84120|20140915|1300|
C|005186|2014|50000972320006|001|4300001685|00030|UHDC0068|6|EA|99750|KRW|598500|20140915|1300|
C|005186|2014|50000972320007|001|4300001702|00090|UCKC0037|80|EA|14050|KRW|1124000|20140915|1300|
C|005186|2014|50000972320008|001|4300001703|00210|UHTC0251|100|EA|850|KRW|0|20140915|1300|
C|005186|2014|50000972320009|001|4300001703|00220|UHTC0254|10|EA|1060|KRW|0|20140915|1300|
C|005186|2014|50000972320010|001|4300001703|00290|UGBC0866|2|EA|129150|KRW|258300|20140915|1300|
