C|005186|2015|50001333120001|001|4300002245|00120|UDDC0323|15|EA|45500|KRW|682500|20150227|1300|
C|005186|2015|50001333120002|001|4300002246|00060|UDCC0039|5|EA|112700|KRW|563500|20150227|1300|
C|005186|2015|50001333120003|001|4300002249|00030|UDCC0020|2|EA|62580|KRW|125160|20150227|1300|
C|005186|2015|50001333120004|001|4300002249|00110|UDDC0365|1|EA|73000|KRW|73000|20150227|1300|
C|005186|2015|50001333120005|001|4300002282|00010|UDEC0035|2|EA|100800|KRW|201600|20150227|1300|
C|005186|2015|50001333120006|001|4300002282|00040|UAGC0025|2|EA|6060|KRW|12120|20150227|1300|
C|005186|2015|50001333120007|001|4300002282|00050|UGBC0609|5|EA|6400|KRW|32000|20150227|1300|
C|005186|2015|50001333120008|001|4300002282|00070|UGBC1317|20|EA|670|KRW|13400|20150227|1300|
C|005186|2015|50001333120009|001|4300002282|00080|UDEC0091|1|EA|469350|KRW|469350|20150227|1300|
C|005186|2015|50001333130001|001|4300002237|00020|UHTC0688|18|EA|49500|KRW|891000|20150227|1300|
C|005186|2015|50001333130002|001|4300002255|00050|UHTC0613|4|EA|41000|KRW|164000|20150227|1300|
C|005186|2015|50001333130003|001|4300002255|00060|UHTC0614|5|EA|49400|KRW|247000|20150227|1300|
C|005186|2015|50001333130004|001|4300002255|00070|UHTC0615|5|EA|15300|KRW|76500|20150227|1300|
C|005186|2015|50001333130005|001|4300002255|00080|UHTC0616|5|EA|30500|KRW|152500|20150227|1300|
C|005186|2015|50001333130006|001|4300002255|00090|UHTC0617|5|EA|16300|KRW|81500|20150227|1300|
C|005186|2015|50001333130007|001|4300002255|00100|UHTC0647|8|EA|30500|KRW|244000|20150227|1300|
C|005186|2015|50001333130008|001|4300002256|00020|UHTC0620|10|EA|41000|KRW|410000|20150227|1300|
C|005186|2015|50001333150001|001|4300002241|00010|UDBC0737|500|EA|16|KRW|8000|20150227|1300|
C|005186|2015|50001333150002|001|4300002241|00020|UDBC0368|500|EA|21|KRW|10500|20150227|1300|
C|005186|2015|50001333150003|001|4300002241|00030|UDBC0375|500|EA|16|KRW|8000|20150227|1300|
C|005186|2015|50001333150004|001|4300002241|00040|UDBC0344|500|EA|47|KRW|23500|20150227|1300|
C|005186|2015|50001333150005|001|4300002241|00050|UDBC0347|500|EA|56|KRW|28000|20150227|1300|
C|005186|2015|50001333150006|001|4300002241|00060|UDBC0419|200|EA|80|KRW|16000|20150227|1300|
C|005186|2015|50001333150007|001|4300002241|00070|UDBC0434|200|EA|220|KRW|44000|20150227|1300|
C|005186|2015|50001333150008|001|4300002241|00080|UDBC0449|200|EA|270|KRW|54000|20150227|1300|
C|005186|2015|50001333150009|001|4300002241|00090|UDBC0077|500|EA|23|KRW|11500|20150227|1300|
C|005186|2015|50001333150010|001|4300002241|00100|UDBC0747|500|EA|31|KRW|15500|20150227|1300|
C|005186|2015|50001333150011|001|4300002241|00110|UDBC0720|500|EA|59|KRW|29500|20150227|1300|
C|005186|2015|50001333150012|001|4300002241|00120|UDBC0078|500|EA|31|KRW|15500|20150227|1300|
C|005186|2015|50001333150013|001|4300002241|00130|UDBC0372|500|EA|30|KRW|15000|20150227|1300|
C|005186|2015|50001333150014|001|4300002241|00140|UDBC0376|500|EA|58|KRW|29000|20150227|1300|
C|005186|2015|50001333150015|001|4300002242|00070|UKEC0108|1|EA|137020|KRW|137020|20150227|1300|
C|005186|2015|50001333150016|001|4300002245|00110|UDBC0827|300|EA|67|KRW|20100|20150227|1300|
C|005186|2015|50001333150017|001|4300002245|00160|UBCC0048|2|EA|28730|KRW|57460|20150227|1300|
C|005186|2015|50001333150018|001|4300002246|00070|UEBC0311|6|EA|36420|KRW|218520|20150227|1300|
C|005186|2015|50001333150019|001|4300002246|00080|UEBC0310|4|EA|23270|KRW|93080|20150227|1300|
C|005186|2015|50001333150020|001|4300002247|00010|UEBC0161|30|EA|65300|KRW|1959000|20150227|1300|
C|005186|2015|50001333150021|001|4300002248|00040|UDBC0256|50|EA|345|KRW|17250|20150227|1300|
C|005186|2015|50001333150022|001|4300002248|00050|UEBC0029|6|EA|25240|KRW|151440|20150227|1300|
C|005186|2015|50001333150023|001|4300002248|00060|UDBC0442|300|EA|70|KRW|21000|20150227|1300|
C|005186|2015|50001333150024|001|4300002248|00070|UDBC0377|300|EA|23|KRW|6900|20150227|1300|
C|005186|2015|50001333150025|001|4300002248|00080|UDBC0748|600|EA|34|KRW|20400|20150227|1300|
C|005186|2015|50001333150026|001|4300002249|00040|UEBC0216|2|EA|246440|KRW|492880|20150227|1300|
C|005186|2015|50001333150027|001|4300002249|00050|UEBC0208|2|EA|113800|KRW|227600|20150227|1300|
C|005186|2015|50001333150028|001|4300002249|00060|UEBC0209|2|EA|164460|KRW|328920|20150227|1300|
C|005186|2015|50001333150029|001|4300002249|00070|UDAC0060|2|EA|57750|KRW|115500|20150227|1300|
C|005186|2015|50001333150030|001|4300002249|00080|UDAC0062|2|EA|38400|KRW|76800|20150227|1300|
C|005186|2015|50001333150031|001|4300002249|00120|UEBC0072|1|EA|138940|KRW|138940|20150227|1300|
C|005186|2015|50001333150032|001|4300002251|00280|UAEC0055|4|EA|15380|KRW|61520|20150227|1300|
C|005186|2015|50001333150033|001|4300002282|00100|UDBC0430|200|EA|137|KRW|27400|20150227|1300|
C|005186|2015|50001333160001|001|4300002234|00030|UEBC1136|1|EA|482000|KRW|482000|20150227|1300|
C|005186|2015|50001333160002|001|4300002235|00080|UDFC0055|20|EA|13890|KRW|277800|20150227|1300|
C|005186|2015|50001333160003|001|4300002236|00090|UDFC0051|160|EA|1580|KRW|252800|20150227|1300|
C|005186|2015|50001333160004|001|4300002238|00020|UDFC0119|50|EA|2100|KRW|105000|20150227|1300|
C|005186|2015|50001333160005|001|4300002241|00470|UDAC0043|30|EA|3470|KRW|104100|20150227|1300|
C|005186|2015|50001333160006|001|4300002245|00040|UDEC0008|2|EA|40430|KRW|80860|20150227|1300|
C|005186|2015|50001333160007|001|4300002245|00050|UDDC0211|7|EA|58800|KRW|411600|20150227|1300|
C|005186|2015|50001333160008|001|4300002245|00090|UDDC0047|10|EA|69510|KRW|695100|20150227|1300|
C|005186|2015|50001333160009|001|4300002246|00030|UDDC0343|1|EA|130900|KRW|130900|20150227|1300|
C|005186|2015|50001333160010|001|4300002246|00050|UDDC0255|10|EA|94290|KRW|942900|20150227|1300|
C|005186|2015|50001333160011|001|4300002254|00160|UDBC0258|200|EA|410|KRW|82000|20150227|1300|
C|005186|2015|50001333170001|001|4300002223|00030|UEBC0510|8|EA|6825|KRW|54600|20150227|1300|
C|005186|2015|50001333170002|001|4300002223|00040|UDBC0831|16|EA|1350|KRW|21600|20150227|1300|
C|005186|2015|50001333170003|001|4300002223|00050|UEBC0897|6|EA|19700|KRW|118200|20150227|1300|
C|005186|2015|50001333170004|001|4300002223|00100|UAGC0206|50|EA|504|KRW|25200|20150227|1300|
C|005186|2015|50001333170005|001|4300002223|00130|UJCC0017|100|EA|3990|KRW|399000|20150227|1300|
C|005186|2015|50001333170006|001|4300002223|00140|UKBC0010|2|EA|91480|KRW|182960|20150227|1300|
C|005186|2015|50001333170007|001|4300002223|00150|UJAC0138|1|EA|90000|KRW|90000|20150227|1300|
C|005186|2015|50001333170008|001|4300002223|00160|UDBC0147|2000|EA|27|KRW|54000|20150227|1300|
C|005186|2015|50001333170009|001|4300002223|00170|UDBC0144|2000|EA|32|KRW|64000|20150227|1300|
C|005186|2015|50001333170010|001|4300002223|00180|UDBC0149|2000|EA|34|KRW|68000|20150227|1300|
