C|005186|2015|50001778460001|001|4300003381|00010|CMA0007|200|EA|270|KRW|54000|20150827|1300|
C|005186|2015|50001778460002|001|4300003381|00030|CMD0001|5|EA|9555|KRW|47775|20150827|1300|
C|005186|2015|50001778460003|001|4300003381|00040|CME0004|5|EA|11550|KRW|57750|20150827|1300|
C|005186|2015|50001778460004|001|4300003381|00050|CMF0001|5|EA|1680|KRW|8400|20150827|1300|
C|005186|2015|50001778460005|001|4300003381|00060|CMF0003|10|EA|1820|KRW|18200|20150827|1300|
C|005186|2015|50001778460006|001|4300003381|00070|CMF0007|4|EA|1780|KRW|7120|20150827|1300|
C|005186|2015|50001778460007|001|4300003381|00080|CMF0008|4|EA|1785|KRW|7140|20150827|1300|
C|005186|2015|50001778460008|001|4300003381|00090|CMF0009|4|EA|5700|KRW|22800|20150827|1300|
C|005186|2015|50001778460009|001|4300003381|00100|CMF0020|2|EA|700|KRW|1400|20150827|1300|
C|005186|2015|50001778460010|001|4300003383|00010|CMA0001|80|EA|240|KRW|19200|20150827|1300|
C|005186|2015|50001778460011|001|4300003383|00020|CMA0007|130|EA|270|KRW|35100|20150827|1300|
C|005186|2015|50001778460012|001|4300003383|00030|CMA0008|50|EA|690|KRW|34500|20150827|1300|
C|005186|2015|50001778460013|001|4300003383|00040|CMB0001|80|EA|655|KRW|52400|20150827|1300|
C|005186|2015|50001778460014|001|4300003383|00050|CMF0023|3|EA|1260|KRW|3780|20150827|1300|
C|005186|2015|50001778460015|001|4300003383|00060|CMF0008|5|EA|1785|KRW|8925|20150827|1300|
C|005186|2015|50001778460016|001|4300003385|00150|CMG0001|10|EA|1840|KRW|18400|20150827|1300|
C|005186|2015|50001778460017|001|4300003388|00100|CMG0001|50|EA|1840|KRW|92000|20150827|1300|
C|005186|2015|50001778460018|001|4300003398|00010|CMB0010|400|EA|1100|KRW|440000|20150827|1300|
C|005186|2015|50001778460019|001|4300003398|00020|CMA0007|500|EA|270|KRW|135000|20150827|1300|
C|005186|2015|50001778470001|001|4300003366|00270|KT020600|2|EA|14910|KRW|29820|20150827|1300|
C|005186|2015|50001778470002|001|4300003366|00350|KT080360|1|EA|5250|KRW|5250|20150827|1300|
C|005186|2015|50001778470003|001|4300003366|00400|KT990030|3|EA|2630|KRW|7890|20150827|1300|
C|005186|2015|50001778470004|001|4300003367|00020|UDEC0089|1|EA|164850|KRW|164850|20150827|1300|
C|005186|2015|50001778470005|001|4300003367|00030|UDEC0082|1|EA|330750|KRW|330750|20150827|1300|
C|005186|2015|50001778470006|001|4300003368|00010|UALC0009|5|EA|10100|KRW|0|20150827|1300|
C|005186|2015|50001778470007|001|4300003368|00060|UDBC0703|3|EA|9650|KRW|28950|20150827|1300|
C|005186|2015|50001778470008|001|4300003368|00070|UDBC0702|2|EA|8190|KRW|16380|20150827|1300|
C|005186|2015|50001778470009|001|4300003368|00080|UDBC0699|1|EA|9980|KRW|9980|20150827|1300|
C|005186|2015|50001778470010|001|4300003369|00080|UBBC0006|1|EA|103370|KRW|103370|20150827|1300|
C|005186|2015|50001778470011|001|4300003373|00010|UDEC0004|1|EA|546000|KRW|546000|20150827|1300|
C|005186|2015|50001778480001|001|4300003384|00090|CMF0006|2|EA|11970|KRW|23940|20150827|1300|
C|005186|2015|50001778480002|001|4300003384|00110|CMZ0014|1|EA|23300|KRW|23300|20150827|1300|
C|005186|2015|50001778480003|001|4300003385|00120|CMF0004|2|EA|22050|KRW|44100|20150827|1300|
C|005186|2015|50001778480004|001|4300003385|00160|CMH0007|1|EA|11700|KRW|11700|20150827|1300|
C|005186|2015|50001778480005|001|4300003385|00200|CMZ0014|1|EA|23300|KRW|23300|20150827|1300|
C|005186|2015|50001778480006|001|4300003385|00210|CMZ0032|2|EA|1970|KRW|3940|20150827|1300|
C|005186|2015|50001778480007|001|4300003388|00120|CMZ0014|1|EA|23300|KRW|23300|20150827|1300|
C|005186|2015|50001778480008|001|4300003393|00110|CMF0006|1|EA|11970|KRW|11970|20150827|1300|
C|005186|2015|50001778480009|001|4300003393|00120|CMF0007|2|EA|1780|KRW|3560|20150827|1300|
C|005186|2015|50001778480010|001|4300003395|00170|CMF0006|1|EA|11970|KRW|11970|20150827|1300|
C|005186|2015|50001778480011|001|4300003395|00180|CMH0007|2|EA|11700|KRW|23400|20150827|1300|
C|005186|2015|50001778480012|001|4300003395|00200|CMZ0003|1|EA|1470|KRW|1470|20150827|1300|
C|005186|2015|50001778480013|001|4300003399|00150|CMF0006|1|EA|11970|KRW|11970|20150827|1300|
C|005186|2015|50001778490001|001|4300003384|00070|CME0001|10|EA|4910|KRW|49100|20150827|1300|
C|005186|2015|50001778490002|001|4300003384|00100|CMF0021|2|EA|5400|KRW|10800|20150827|1300|
C|005186|2015|50001778490003|001|4300003385|00040|CMA0016|10|EA|2840|KRW|28400|20150827|1300|
C|005186|2015|50001778490004|001|4300003385|00050|CMA0017|5|EA|780|KRW|3900|20150827|1300|
C|005186|2015|50001778490005|001|4300003385|00080|CME0001|11|EA|4910|KRW|54010|20150827|1300|
C|005186|2015|50001778490006|001|4300003385|00090|CME0006|3|EA|3400|KRW|10200|20150827|1300|
C|005186|2015|50001778490007|001|4300003385|00100|CME0010|10|EA|285|KRW|2850|20150827|1300|
C|005186|2015|50001778490008|001|4300003385|00110|CMF0001|5|EA|1680|KRW|8400|20150827|1300|
C|005186|2015|50001778490009|001|4300003385|00170|CMZ0001|10|EA|765|KRW|7650|20150827|1300|
C|005186|2015|50001778490010|001|4300003385|00180|CMZ0004|10|EA|380|KRW|3800|20150827|1300|
C|005186|2015|50001778490011|001|4300003386|00080|CMF0004|3|EA|22050|KRW|66150|20150827|1300|
C|005186|2015|50001778490012|001|4300003386|00100|CMF0013|10|EA|760|KRW|7600|20150827|1300|
C|005186|2015|50001778490013|001|4300003386|00110|CMF0018|3|EA|5800|KRW|17400|20150827|1300|
C|005186|2015|50001778490014|001|4300003387|00080|CMF0021|10|EA|5400|KRW|54000|20150827|1300|
C|005186|2015|50001778490015|001|4300003393|00060|CMC0005|15|EA|190|KRW|2850|20150827|1300|
C|005186|2015|50001778490016|001|4300003393|00080|CME0001|13|EA|4910|KRW|63830|20150827|1300|
C|005186|2015|50001778490017|001|4300003393|00090|CMF0001|6|EA|1680|KRW|10080|20150827|1300|
C|005186|2015|50001778490018|001|4300003393|00130|CMF0008|4|EA|1785|KRW|7140|20150827|1300|
C|005186|2015|50001778490019|001|4300003393|00140|CMF0009|2|EA|5700|KRW|11400|20150827|1300|
C|005186|2015|50001778490020|001|4300003393|00150|CMF0013|10|EA|760|KRW|7600|20150827|1300|
C|005186|2015|50001778490021|001|4300003393|00160|CMF0021|2|EA|5400|KRW|10800|20150827|1300|
C|005186|2015|50001778490022|001|4300003393|00170|CMH0007|3|EA|11700|KRW|35100|20150827|1300|
C|005186|2015|50001778490023|001|4300003393|00180|CMZ0004|10|EA|380|KRW|3800|20150827|1300|
C|005186|2015|50001778490024|001|4300003394|00110|CMF0001|10|EA|1680|KRW|16800|20150827|1300|
C|005186|2015|50001778490025|001|4300003394|00120|CMF0013|10|EA|760|KRW|7600|20150827|1300|
C|005186|2015|50001778490026|001|4300003394|00130|CMZ0014|2|EA|23300|KRW|46600|20150827|1300|
C|005186|2015|50001778490027|001|4300003396|00050|CMC0002|10|EA|9350|KRW|93500|20150827|1300|
C|005186|2015|50001778490028|001|4300003396|00100|CMF0006|4|EA|11970|KRW|47880|20150827|1300|
C|005186|2015|50001778490029|001|4300003396|00120|CMZ0032|3|EA|1970|KRW|5910|20150827|1300|
C|005186|2015|50001778490030|001|4300003397|00100|CMD0001|5|EA|9555|KRW|47775|20150827|1300|
C|005186|2015|50001778490031|001|4300003397|00150|CMF0001|10|EA|1680|KRW|16800|20150827|1300|
C|005186|2015|50001778490032|001|4300003397|00160|CMF0004|6|EA|22050|KRW|132300|20150827|1300|
C|005186|2015|50001778490033|001|4300003397|00180|CMF0009|10|EA|5700|KRW|57000|20150827|1300|
C|005186|2015|50001778490034|001|4300003397|00190|CMF0021|10|EA|5400|KRW|54000|20150827|1300|
C|005186|2015|50001778490035|001|4300003397|00200|CMH0007|6|EA|11700|KRW|70200|20150827|1300|
C|005186|2015|50001778490036|001|4300003397|00210|CMZ0014|3|EA|23300|KRW|69900|20150827|1300|
C|005186|2015|50001778490037|001|4300003399|00020|CMZ0001|10|EA|765|KRW|7650|20150827|1300|
C|005186|2015|50001778490038|001|4300003399|00030|CMZ0002|10|EA|430|KRW|4300|20150827|1300|
C|005186|2015|50001778490039|001|4300003399|00110|CMC0002|3|EA|9350|KRW|28050|20150827|1300|
C|005186|2015|50001778490040|001|4300003399|00170|CMF0008|4|EA|1785|KRW|7140|20150827|1300|
C|005186|2015|50001778500001|001|4300003382|00040|CMC0005|42|EA|190|KRW|7980|20150827|1300|
C|005186|2015|50001778500002|001|4300003382|00050|CME0010|20|EA|285|KRW|5700|20150827|1300|
C|005186|2015|50001778500003|001|4300003384|00030|CMA0016|30|EA|2840|KRW|85200|20150827|1300|
C|005186|2015|50001778500004|001|4300003384|00050|CMB0003|40|EA|2420|KRW|96800|20150827|1300|
C|005186|2015|50001778500005|001|4300003385|00030|CMA0008|40|EA|690|KRW|27600|20150827|1300|
C|005186|2015|50001778500006|001|4300003385|00060|CMB0003|50|EA|2420|KRW|121000|20150827|1300|
C|005186|2015|50001778500007|001|4300003385|00070|CMB0010|20|EA|1100|KRW|22000|20150827|1300|
C|005186|2015|50001778500008|001|4300003385|00140|CMF0006|20|EA|11970|KRW|239400|20150827|1300|
C|005186|2015|50001778500009|001|4300003385|00190|CMZ0005|20|EA|750|KRW|15000|20150827|1300|
C|005186|2015|50001778500010|001|4300003386|00030|CMA0009|20|EA|2120|KRW|42400|20150827|1300|
C|005186|2015|50001778500011|001|4300003387|00090|CMZ0006|30|EA|1155|KRW|34650|20150827|1300|
C|005186|2015|50001778500012|001|4300003388|00090|CME0010|30|EA|285|KRW|8550|20150827|1300|
C|005186|2015|50001778500013|001|4300003388|00110|CMZ0002|30|EA|430|KRW|12900|20150827|1300|
C|005186|2015|50001778500014|001|4300003393|00030|CMA0008|20|EA|690|KRW|13800|20150827|1300|
C|005186|2015|50001778500015|001|4300003393|00040|CMA0016|20|EA|2840|KRW|56800|20150827|1300|
C|005186|2015|50001778500016|001|4300003394|00050|CME0001|20|EA|4910|KRW|98200|20150827|1300|
C|005186|2015|50001778500017|001|4300003394|00060|CME0002|50|EA|2300|KRW|115000|20150827|1300|
C|005186|2015|50001778500018|001|4300003394|00070|CME0003|20|EA|5400|KRW|108000|20150827|1300|
C|005186|2015|50001778500019|001|4300003394|00080|CME0006|20|EA|3400|KRW|68000|20150827|1300|
C|005186|2015|50001778500020|001|4300003394|00090|CME0008|30|EA|4410|KRW|132300|20150827|1300|
C|005186|2015|50001778500021|001|4300003395|00050|CMA0016|50|EA|2840|KRW|142000|20150827|1300|
C|005186|2015|50001778500022|001|4300003395|00090|CMB0007|20|EA|925|KRW|18500|20150827|1300|
C|005186|2015|50001778500023|001|4300003395|00120|CMC0005|50|EA|190|KRW|9500|20150827|1300|
C|005186|2015|50001778500024|001|4300003395|00130|CME0001|20|EA|4910|KRW|98200|20150827|1300|
C|005186|2015|50001778500025|001|4300003395|00190|CMZ0002|20|EA|430|KRW|8600|20150827|1300|
C|005186|2015|50001778500026|001|4300003395|00210|CMZ0004|20|EA|380|KRW|7600|20150827|1300|
C|005186|2015|50001778500027|001|4300003396|00020|CMA0005|20|EA|2470|KRW|49400|20150827|1300|
C|005186|2015|50001778500028|001|4300003396|00040|CMA0017|25|EA|780|KRW|19500|20150827|1300|
C|005186|2015|50001778500029|001|4300003396|00060|CMC0005|50|EA|190|KRW|9500|20150827|1300|
C|005186|2015|50001778500030|001|4300003396|00090|CME0010|20|EA|285|KRW|5700|20150827|1300|
C|005186|2015|50001778500031|001|4300003396|00110|CMH0004|20|EA|760|KRW|15200|20150827|1300|
C|005186|2015|50001778500032|001|4300003397|00080|CMC0003|50|EA|340|KRW|17000|20150827|1300|
C|005186|2015|50001778500033|001|4300003397|00120|CME0002|50|EA|2300|KRW|115000|20150827|1300|
C|005186|2015|50001778500034|001|4300003397|00130|CME0008|20|EA|4410|KRW|88200|20150827|1300|
C|005186|2015|50001778500035|001|4300003399|00010|CMZ0009|20|EA|740|KRW|14800|20150827|1300|
C|005186|2015|50001778500036|001|4300003399|00050|CMZ0004|20|EA|380|KRW|7600|20150827|1300|
C|005186|2015|50001778500037|001|4300003399|00060|CMB0010|20|EA|1100|KRW|22000|20150827|1300|
C|005186|2015|50001778500038|001|4300003399|00070|CMB0002|40|EA|2420|KRW|96800|20150827|1300|
C|005186|2015|50001778500039|001|4300003399|00080|CMB0003|40|EA|2420|KRW|96800|20150827|1300|
C|005186|2015|50001778500040|001|4300003399|00100|CMC0005|30|EA|190|KRW|5700|20150827|1300|
C|005186|2015|50001778510001|001|4300003382|00010|CMA0001|150|EA|240|KRW|36000|20150827|1300|
C|005186|2015|50001778510002|001|4300003382|00030|CMB0001|80|EA|655|KRW|52400|20150827|1300|
C|005186|2015|50001778510003|001|4300003384|00020|CMA0007|100|EA|270|KRW|27000|20150827|1300|
C|005186|2015|50001778510004|001|4300003384|00040|CMB0001|100|EA|655|KRW|65500|20150827|1300|
C|005186|2015|50001778510005|001|4300003384|00060|CMB0010|60|EA|1100|KRW|66000|20150827|1300|
C|005186|2015|50001778510006|001|4300003385|00020|CMA0007|70|EA|270|KRW|18900|20150827|1300|
C|005186|2015|50001778510007|001|4300003386|00070|CME0010|80|EA|285|KRW|22800|20150827|1300|
C|005186|2015|50001778510008|001|4300003387|00040|CMA0016|100|EA|2840|KRW|284000|20150827|1300|
C|005186|2015|50001778510009|001|4300003388|00040|CMB0001|100|EA|655|KRW|65500|20150827|1300|
C|005186|2015|50001778510010|001|4300003388|00060|CMB0010|150|EA|1100|KRW|165000|20150827|1300|
C|005186|2015|50001778510011|001|4300003393|00050|CMB0002|100|EA|2420|KRW|242000|20150827|1300|
C|005186|2015|50001778510012|001|4300003394|00020|CMA0015|100|EA|2830|KRW|283000|20150827|1300|
C|005186|2015|50001778510013|001|4300003394|00030|CMB0002|120|EA|2420|KRW|290400|20150827|1300|
C|005186|2015|50001778510014|001|4300003394|00100|CME0010|100|EA|285|KRW|28500|20150827|1300|
C|005186|2015|50001778510015|001|4300003395|00020|CMA0005|70|EA|2470|KRW|172900|20150827|1300|
C|005186|2015|50001778510016|001|4300003395|00040|CMA0008|50|EA|690|KRW|34500|20150827|1300|
C|005186|2015|50001778510017|001|4300003395|00060|CMA0017|50|EA|780|KRW|39000|20150827|1300|
C|005186|2015|50001778510018|001|4300003395|00070|CMB0001|60|EA|655|KRW|39300|20150827|1300|
C|005186|2015|50001778510019|001|4300003395|00080|CMB0002|100|EA|2420|KRW|242000|20150827|1300|
C|005186|2015|50001778510020|001|4300003395|00100|CMB0010|60|EA|1100|KRW|66000|20150827|1300|
C|005186|2015|50001778510021|001|4300003395|00110|CMC0003|50|EA|340|KRW|17000|20150827|1300|
C|005186|2015|50001778510022|001|4300003395|00140|CME0002|100|EA|2300|KRW|230000|20150827|1300|
C|005186|2015|50001778510023|001|4300003396|00030|CMA0007|100|EA|270|KRW|27000|20150827|1300|
C|005186|2015|50001778510024|001|4300003397|00040|CMA0015|150|EA|2830|KRW|424500|20150827|1300|
C|005186|2015|50001778510025|001|4300003397|00050|CMA0016|150|EA|2840|KRW|426000|20150827|1300|
C|005186|2015|50001778510026|001|4300003397|00060|CMB0007|60|EA|925|KRW|55500|20150827|1300|
C|005186|2015|50001778510027|001|4300003399|00040|CMZ0005|50|EA|750|KRW|37500|20150827|1300|
C|005186|2015|50001778510028|001|4300003399|00090|CMB0001|100|EA|655|KRW|65500|20150827|1300|
C|005186|2015|50001778510029|001|4300003399|00130|CMA0007|100|EA|270|KRW|27000|20150827|1300|
C|005186|2015|50001778510030|001|4300003399|00140|CMA0008|100|EA|690|KRW|69000|20150827|1300|
