C|005186|2016|50002393600001|001|4300004819|00020|CMA0001|60|EA|240|KRW|14400|20160331|1300|
C|005186|2016|50002393600002|001|4300004819|00040|CMA0008|20|EA|690|KRW|13800|20160331|1300|
C|005186|2016|50002393600003|001|4300004819|00050|CMB0001|20|EA|655|KRW|13100|20160331|1300|
C|005186|2016|50002393600004|001|4300004819|00070|CMF0001|10|EA|1680|KRW|16800|20160331|1300|
C|005186|2016|50002393600005|001|4300004819|00080|CMF0023|5|EA|1260|KRW|6300|20160331|1300|
C|005186|2016|50002393600006|001|4300004819|00090|CMB0002|40|EA|2420|KRW|96800|20160331|1300|
C|005186|2016|50002393600007|001|4300004819|00100|CMA0004|20|EA|2780|KRW|55600|20160331|1300|
C|005186|2016|50002393600008|001|4300004820|00060|CMA0001|10|EA|240|KRW|2400|20160331|1300|
C|005186|2016|50002393600009|001|4300004821|00010|CMB0010|400|EA|1100|KRW|440000|20160331|1300|
C|005186|2016|50002393600010|001|4300004821|00020|CMH0007|3|EA|11700|KRW|35100|20160331|1300|
C|005186|2016|50002393600011|001|4300004821|00030|CMZ0032|20|EA|1970|KRW|39400|20160331|1300|
C|005186|2016|50002393600012|001|4300004821|00040|CMF0004|40|EA|22050|KRW|882000|20160331|1300|
C|005186|2016|50002393600013|001|4300004821|00050|CMA0001|200|EA|240|KRW|48000|20160331|1300|
C|005186|2016|50002393600014|001|4300004822|00010|CMA0001|30|EA|240|KRW|7200|20160331|1300|
C|005186|2016|50002393600015|001|4300004822|00030|CMB0010|50|EA|1100|KRW|55000|20160331|1300|
C|005186|2016|50002393600016|001|4300004822|00080|CMH0006|5|EA|400|KRW|2000|20160331|1300|
C|005186|2016|50002393600017|001|4300004822|00090|CMZ0006|5|EA|1155|KRW|5775|20160331|1300|
C|005186|2016|50002393600018|001|4300004822|00100|CMZ0005|5|EA|750|KRW|3750|20160331|1300|
C|005186|2016|50002393600019|001|4300004828|00010|CMA0001|100|EA|240|KRW|24000|20160331|1300|
C|005186|2016|50002393600020|001|4300004828|00030|CMA0008|40|EA|690|KRW|27600|20160331|1300|
C|005186|2016|50002393600021|001|4300004828|00040|CME0001|10|EA|4910|KRW|49100|20160331|1300|
C|005186|2016|50002393600022|001|4300004834|00010|CMB0010|400|EA|1100|KRW|440000|20160331|1300|
C|005186|2016|50002393600023|001|4300004834|00020|CMH0007|3|EA|11700|KRW|35100|20160331|1300|
C|005186|2016|50002393600024|001|4300004834|00030|CMG0001|5|EA|1840|KRW|9200|20160331|1300|
C|005186|2016|50002393600025|001|4300004834|00040|CMZ0032|20|EA|1970|KRW|39400|20160331|1300|
C|005186|2016|50002393600026|001|4300004834|00050|CMF0004|40|EA|22050|KRW|882000|20160331|1300|
C|005186|2016|50002393600027|001|4300004834|00060|CMA0001|200|EA|240|KRW|48000|20160331|1300|
C|005186|2016|50002393610001|001|4300004695|00010|UHTC0773|29|EA|68900|KRW|1998100|20160331|1300|
C|005186|2016|50002393610002|001|4300004705|00050|UHTC0780|20|EA|42400|KRW|848000|20160331|1300|
C|005186|2016|50002393620001|001|4300004729|00010|UGBC1492|20|EA|84800|KRW|1696000|20160331|1300|
C|005186|2016|50002393620002|001|4300004730|00030|UDBC0004|100|EA|1050|KRW|105000|20160331|1300|
C|005186|2016|50002393620003|001|4300004730|00040|UCIC0042|2|EA|143100|KRW|286200|20160331|1300|
C|005186|2016|50002393620004|001|4300004731|00020|UCIC0040|1|EA|147000|KRW|147000|20160331|1300|
C|005186|2016|50002393620005|001|4300004731|00030|UBCC0039|5|EA|18900|KRW|94500|20160331|1300|
C|005186|2016|50002393620006|001|4300004731|00040|UCIC0104|1|EA|262500|KRW|262500|20160331|1300|
C|005186|2016|50002393620007|001|4300004733|00060|UGBC0691|2|EA|569100|KRW|1138200|20160331|1300|
C|005186|2016|50002393620008|001|4300004733|00080|UDAC0315|10|EA|5480|KRW|54800|20160331|1300|
C|005186|2016|50002393630001|001|4300004755|00030|UALC0094|24|EA|62800|KRW|1507200|20160331|1300|
C|005186|2016|50002393640001|001|4300004757|00010|UKBC0010|2|EA|91480|KRW|182960|20160331|1300|
C|005186|2016|50002393640002|001|4300004758|00020|UKBC0010|2|EA|91480|KRW|182960|20160331|1300|
C|005186|2016|50002393640003|001|4300004760|00050|UGCC0984|20|EA|12650|KRW|253000|20160331|1300|
C|005186|2016|50002393640004|001|4300004760|00060|UGCC0999|20|EA|16300|KRW|326000|20160331|1300|
C|005186|2016|50002393640005|001|4300004760|00080|UKBC0010|2|EA|91480|KRW|182960|20160331|1300|
C|005186|2016|50002393640006|001|4300004761|00160|UKBC0014|1|EA|52500|KRW|52500|20160331|1300|
C|005186|2016|50002393640007|001|4300004784|00010|UBBC0005|2|EA|308700|KRW|617400|20160331|1300|
C|005186|2016|50002393640008|001|4300004785|00010|UFCC0003|10|EA|28740|KRW|287400|20160331|1300|
C|005186|2016|50002393640009|001|4300004785|00020|UFCC0001|10|EA|75800|KRW|758000|20160331|1300|
C|005186|2016|50002393640010|001|4300004786|00010|UGBC1455|5|EA|286200|KRW|1431000|20160331|1300|
C|005186|2016|50002393650001|001|4300004737|00030|UCAC0050|2|EA|258900|KRW|517800|20160331|1300|
C|005186|2016|50002393650002|001|4300004753|00030|UGBC1233|10|EA|1180|KRW|11800|20160331|1300|
C|005186|2016|50002393650003|001|4300004753|00080|UGBC0766|20|EA|650|KRW|13000|20160331|1300|
C|005186|2016|50002393650004|001|4300004753|00090|UGBC1235|50|EA|590|KRW|29500|20160331|1300|
C|005186|2016|50002393650005|001|4300004753|00110|UGBC0771|20|EA|840|KRW|16800|20160331|1300|
C|005186|2016|50002393650006|001|4300004753|00150|UGBC0780|30|EA|570|KRW|17100|20160331|1300|
C|005186|2016|50002393650007|001|4300004753|00160|UEAC0167|1|EA|1038000|KRW|1038000|20160331|1300|
C|005186|2016|50002393650008|001|4300004754|00040|UDBC0502|300|EA|90|KRW|27000|20160331|1300|
C|005186|2016|50002393650009|001|4300004754|00080|UDBC0534|300|EA|157|KRW|47100|20160331|1300|
C|005186|2016|50002393650010|001|4300004754|00110|UDBC0563|50|EA|340|KRW|17000|20160331|1300|
C|005186|2016|50002393650011|001|4300004754|00120|UDBC0566|50|EA|390|KRW|19500|20160331|1300|
C|005186|2016|50002393650012|001|4300004754|00260|UDBC0368|500|EA|21|KRW|10500|20160331|1300|
C|005186|2016|50002393650013|001|4300004754|00270|UDBC0342|500|EA|38|KRW|19000|20160331|1300|
C|005186|2016|50002393650014|001|4300004754|00280|UDBC0347|500|EA|56|KRW|28000|20160331|1300|
C|005186|2016|50002393650015|001|4300004754|00300|UDBC0738|1000|EA|30|KRW|30000|20160331|1300|
C|005186|2016|50002393650016|001|4300004754|00310|UDBC0714|1000|EA|17|KRW|17000|20160331|1300|
C|005186|2016|50002393650017|001|4300004754|00320|UDBC0717|1000|EA|20|KRW|20000|20160331|1300|
C|005186|2016|50002393650018|001|4300004755|00010|UHTC0486|2|EA|46410|KRW|92820|20160331|1300|
C|005186|2016|50002393650019|001|4300004755|00020|UHTC0771|2|EA|18600|KRW|37200|20160331|1300|
C|005186|2016|50002393650020|001|4300004757|00070|UZZC0148|50|EA|13200|KRW|660000|20160331|1300|
C|005186|2016|50002393660001|001|4300004753|00010|UGBC0754|20|EA|910|KRW|18200|20160331|1300|
C|005186|2016|50002393660002|001|4300004753|00020|UGBC0755|20|EA|1019|KRW|20380|20160331|1300|
C|005186|2016|50002393660003|001|4300004753|00040|UGBC0757|20|EA|966|KRW|19320|20160331|1300|
C|005186|2016|50002393660004|001|4300004753|00050|UGBC0742|20|EA|870|KRW|17400|20160331|1300|
C|005186|2016|50002393660005|001|4300004753|00060|UGBC0758|20|EA|1113|KRW|22260|20160331|1300|
C|005186|2016|50002393660006|001|4300004753|00070|UGBC0765|50|EA|510|KRW|25500|20160331|1300|
C|005186|2016|50002393660007|001|4300004753|00100|UGBC0768|30|EA|609|KRW|18270|20160331|1300|
C|005186|2016|50002393660008|001|4300004753|00120|UGBC0774|20|EA|1134|KRW|22680|20160331|1300|
C|005186|2016|50002393660009|001|4300004753|00130|UGBC0775|20|EA|1155|KRW|23100|20160331|1300|
C|005186|2016|50002393660010|001|4300004753|00140|UGBC0776|20|EA|1313|KRW|26260|20160331|1300|
C|005186|2016|50002393660011|001|4300004753|00170|UGBC0789|20|EA|690|KRW|13800|20160331|1300|
C|005186|2016|50002393660012|001|4300004753|00180|UGBC0761|20|EA|820|KRW|16400|20160331|1300|
C|005186|2016|50002393660013|001|4300004753|00190|UGBC0762|20|EA|1030|KRW|20600|20160331|1300|
C|005186|2016|50002393660014|001|4300004753|00200|UGBC0763|20|EA|2100|KRW|42000|20160331|1300|
C|005186|2016|50002393660015|001|4300004754|00010|UDBC0401|200|EA|25|KRW|5000|20160331|1300|
C|005186|2016|50002393660016|001|4300004754|00020|UDBC0615|300|EA|30|KRW|9000|20160331|1300|
C|005186|2016|50002393660017|001|4300004754|00030|UDBC0617|300|EA|50|KRW|15000|20160331|1300|
C|005186|2016|50002393660018|001|4300004754|00050|UDBC0513|300|EA|105|KRW|31500|20160331|1300|
C|005186|2016|50002393660019|001|4300004754|00060|UDBC0529|300|EA|143|KRW|42900|20160331|1300|
C|005186|2016|50002393660020|001|4300004754|00070|UDBC0531|300|EA|148|KRW|44400|20160331|1300|
C|005186|2016|50002393660021|001|4300004754|00090|UDBC0560|50|EA|298|KRW|14900|20160331|1300|
C|005186|2016|50002393660022|001|4300004754|00100|UDBC0561|50|EA|306|KRW|15300|20160331|1300|
C|005186|2016|50002393660023|001|4300004754|00130|UDBC0440|300|EA|87|KRW|26100|20160331|1300|
C|005186|2016|50002393660024|001|4300004754|00140|UDBC0115|100|EA|277|KRW|27700|20160331|1300|
C|005186|2016|50002393660025|001|4300004754|00290|UDBC0352|200|EA|109|KRW|21800|20160331|1300|
C|005186|2016|50002393660026|001|4300004754|00400|UDFC0143|10|EA|19470|KRW|194700|20160331|1300|
C|005186|2016|50002393660027|001|4300004761|00120|UGAC0083|2|EA|33500|KRW|67000|20160331|1300|
C|005186|2016|50002393660028|001|4300004761|00150|UDBC0379|100|EA|410|KRW|41000|20160331|1300|
C|005186|2016|50002393670001|001|4300004727|00010|UEAC0184|5|EA|379480|KRW|1897400|20160331|1300|
C|005186|2016|50002393670002|001|4300004728|00010|UHHC0207|100|EA|16960|KRW|1696000|20160331|1300|
C|005186|2016|50002393670003|001|4300004730|00010|UHGC0129|2|EA|612680|KRW|1225360|20160331|1300|
C|005186|2016|50002393670004|001|4300004731|00010|UHNC0119|1|EA|1042000|KRW|1042000|20160331|1300|
C|005186|2016|50002393670005|001|4300004732|00010|UEAC0129|2|EA|616900|KRW|1233800|20160331|1300|
C|005186|2016|50002393670006|001|4300004732|00030|UHGC0200|3|EA|23000|KRW|69000|20160331|1300|
C|005186|2016|50002393670007|001|4300004732|00040|UHFC0233|5|EA|11660|KRW|58300|20160331|1300|
C|005186|2016|50002393670008|001|4300004732|00080|UHGC0269|1|EA|416850|KRW|416850|20160331|1300|
C|005186|2016|50002393670009|001|4300004733|00010|UHFC0117|1|EA|250950|KRW|250950|20160331|1300|
C|005186|2016|50002393670010|001|4300004733|00020|UHGC0049|5|EA|33000|KRW|165000|20160331|1300|
C|005186|2016|50002393670011|001|4300004733|00030|UHGC0241|5|EA|20000|KRW|100000|20160331|1300|
C|005186|2016|50002393670012|001|4300004733|00040|UHGC0279|5|EA|21200|KRW|106000|20160331|1300|
C|005186|2016|50002393670013|001|4300004733|00050|UHGC0062|5|EA|17750|KRW|88750|20160331|1300|
C|005186|2016|50002393670014|001|4300004735|00010|UHHC0202|48|EA|40530|KRW|1945440|20160331|1300|
C|005186|2016|50002393670015|001|4300004736|00020|UCKC0037|80|EA|14050|KRW|1124000|20160331|1300|
C|005186|2016|50002393670016|001|4300004738|00010|KE030123|2|EA|31500|KRW|63000|20160331|1300|
C|005186|2016|50002393670017|001|4300004738|00020|KE030211|2|EA|145740|KRW|291480|20160331|1300|
C|005186|2016|50002393670018|001|4300004738|00030|KE050301|7|EA|1160|KRW|8120|20160331|1300|
C|005186|2016|50002393670019|001|4300004738|00040|KE050302|9|EA|1160|KRW|10440|20160331|1300|
C|005186|2016|50002393670020|001|4300004738|00050|KE050304|7|EA|2600|KRW|18200|20160331|1300|
C|005186|2016|50002393670021|001|4300004738|00060|KE050701|5|EA|2630|KRW|13150|20160331|1300|
C|005186|2016|50002393670022|001|4300004738|00070|KE090112|3|EA|16800|KRW|50400|20160331|1300|
C|005186|2016|50002393670023|001|4300004738|00080|KE090116|4|EA|28040|KRW|112160|20160331|1300|
C|005186|2016|50002393670024|001|4300004738|00090|KE090127|1|EA|34000|KRW|34000|20160331|1300|
C|005186|2016|50002393670025|001|4300004738|00100|KE090165|1|EA|165900|KRW|165900|20160331|1300|
C|005186|2016|50002393670026|001|4300004738|00110|KE110200|10|EA|65100|KRW|651000|20160331|1300|
C|005186|2016|50002393670027|001|4300004738|00120|KE180203|8|EA|13650|KRW|109200|20160331|1300|
C|005186|2016|50002393670028|001|4300004738|00130|KE190003|7|EA|29300|KRW|205100|20160331|1300|
C|005186|2016|50002393670029|001|4300004739|00010|KE200113|4|EA|130000|KRW|520000|20160331|1300|
C|005186|2016|50002393670030|001|4300004739|00020|KE210001|2|EA|53030|KRW|106060|20160331|1300|
C|005186|2016|50002393670031|001|4300004739|00030|KE230003|200|EA|1870|KRW|374000|20160331|1300|
C|005186|2016|50002393670032|001|4300004739|00040|KE231001|35|EA|16150|KRW|565250|20160331|1300|
C|005186|2016|50002393670033|001|4300004739|00050|KE231100|30|EA|530|KRW|15900|20160331|1300|
C|005186|2016|50002393670034|001|4300004739|00060|KE231406|8|EA|7140|KRW|57120|20160331|1300|
C|005186|2016|50002393670035|001|4300004739|00070|KE270300|60|EA|470|KRW|28200|20160331|1300|
C|005186|2016|50002393670036|001|4300004739|00080|KE280401|3|EA|20800|KRW|62400|20160331|1300|
C|005186|2016|50002393670037|001|4300004739|00090|KE281401|60|EA|840|KRW|50400|20160331|1300|
C|005186|2016|50002393680001|001|4300004818|00010|UALC0118|3000|EA|110|KRW|0|20160331|1300|
C|005186|2016|50002393680002|001|4300004818|00020|UALC0119|3000|EA|20|KRW|0|20160331|1300|
C|005186|2016|50002393690001|001|4300004760|00020|UHDC0097|30|EA|13780|KRW|413400|20160331|1300|
C|005186|2016|50002393690002|001|4300004760|00030|UHDC0078|50|EA|10290|KRW|514500|20160331|1300|
C|005186|2016|50002393690003|001|4300004765|00010|UHDC0124|30|EA|630|KRW|18900|20160331|1300|
C|005186|2016|50002393690004|001|4300004765|00020|UHDC0126|30|EA|840|KRW|25200|20160331|1300|
C|005186|2016|50002393700001|001|4300004820|00010|CMD0016|1|EA|30450|KRW|30450|20160331|1300|
C|005186|2016|50002393730001|001|4300004823|00080|CMD0016|4|EA|30450|KRW|121800|20160331|1300|
C|005186|2016|50002393730002|001|4300004823|00090|CMD0011|2|EA|24150|KRW|48300|20160331|1300|
C|005186|2016|50002393730003|001|4300004824|00070|CMD0016|8|EA|30450|KRW|243600|20160331|1300|
C|005186|2016|50002393730004|001|4300004825|00040|CMD0011|5|EA|24150|KRW|120750|20160331|1300|
C|005186|2016|50002393730005|001|4300004826|00050|CMD0011|1|EA|24150|KRW|24150|20160331|1300|
C|005186|2016|50002393730006|001|4300004826|00110|CMD0011|5|EA|24150|KRW|120750|20160331|1300|
C|005186|2016|50002393730007|001|4300004827|00060|CMD0016|6|EA|30450|KRW|182700|20160331|1300|
C|005186|2016|50002393730008|001|4300004827|00170|CMD0011|4|EA|24150|KRW|96600|20160331|1300|
C|005186|2016|50002393730009|001|4300004828|00070|CMD0011|3|EA|24150|KRW|72450|20160331|1300|
C|005186|2016|50002393730010|001|4300004829|00110|CMD0011|9|EA|24150|KRW|217350|20160331|1300|
C|005186|2016|50002393730011|001|4300004829|00120|CMD0016|4|EA|30450|KRW|121800|20160331|1300|
C|005186|2016|50002393730012|001|4300004830|00080|CMD0011|13|EA|24150|KRW|313950|20160331|1300|
C|005186|2016|50002393730013|001|4300004831|00070|CMD0011|5|EA|24150|KRW|120750|20160331|1300|
C|005186|2016|50002393730014|001|4300004831|00080|CMD0016|3|EA|30450|KRW|91350|20160331|1300|
C|005186|2016|50002393730015|001|4300004832|00170|CMD0012|8|EA|29400|KRW|235200|20160331|1300|
C|005186|2016|50002393730016|001|4300004833|00060|CMD0012|1|EA|29400|KRW|29400|20160331|1300|
C|005186|2016|50002393730017|001|4300004835|00070|CMD0011|10|EA|24150|KRW|241500|20160331|1300|
