C|005186|2020|50006012430001|001|4300018519|00010|UAGC0037|2|EA|21210|KRW|42420|20201113|1300|
C|005186|2020|50006012430002|001|4300018519|00020|UAGC0003|40|EA|18200|KRW|72800|20201113|1300|
C|005186|2020|50006012430003|001|4300018519|00030|UAEC0136|2|EA|25200|KRW|50400|20201113|1300|
C|005186|2020|50006012430004|001|4300018519|00040|UAEC0455|2|EA|29715|KRW|59430|20201113|1300|
C|005186|2020|50006012430005|001|4300018519|00050|UAEC0081|1|EA|11580|KRW|11580|20201113|1300|
C|005186|2020|50006012430006|001|4300018519|00060|UZZC0029|20|EA|231000|KRW|231000|20201113|1300|
C|005186|2020|50006012430007|001|4300018528|00010|UJBC0031|18|EA|16630|KRW|299340|20201113|1300|
C|005186|2020|50006012430008|001|4300018543|00010|UFGC0055|2|EA|172860|KRW|345720|20201113|1300|
C|005186|2020|50006012430009|001|4300018543|00020|UFGC0056|2|EA|27200|KRW|27200|20201113|1300|
C|005186|2020|50006012430010|001|4300018543|00030|UFGC0069|2|EA|7400|KRW|14800|20201113|1300|
C|005186|2020|50006012430011|001|4300018543|00040|UFGC0063|6|EA|10290|KRW|61740|20201113|1300|
C|005186|2020|50006012440001|001|4300018525|00010|KH990100|3|EA|27220|KRW|81660|20201113|1300|
C|005186|2020|50006012440002|001|4300018525|00020|KH990101|6|EA|7250|KRW|43500|20201113|1300|
C|005186|2020|50006012440003|001|4300018525|00030|KP100300|2|EA|31500|KRW|63000|20201113|1300|
C|005186|2020|50006012440004|001|4300018525|00110|KT020004|1|EA|5600|KRW|5600|20201113|1300|
C|005186|2020|50006012440005|001|4300018525|00120|KT020007|2|EA|6860|KRW|13720|20201113|1300|
C|005186|2020|50006012440006|001|4300018525|00130|KT020012|2|EA|13110|KRW|26220|20201113|1300|
C|005186|2020|50006012440007|001|4300018525|00140|KT020014|1|EA|14490|KRW|14490|20201113|1300|
C|005186|2020|50006012440008|001|4300018525|00150|KT020017|2|EA|18730|KRW|37460|20201113|1300|
C|005186|2020|50006012440009|001|4300018525|00160|KT020018|1|EA|22630|KRW|22630|20201113|1300|
C|005186|2020|50006012440010|001|4300018525|00170|KT020500|20|EA|31100|KRW|62200|20201113|1300|
C|005186|2020|50006012440011|001|4300018525|00180|KT020600|3|EA|14910|KRW|44730|20201113|1300|
C|005186|2020|50006012440012|001|4300018525|00190|KT020610|2|EA|29150|KRW|58300|20201113|1300|
C|005186|2020|50006012440013|001|4300018525|00200|KT020612|1|EA|44100|KRW|44100|20201113|1300|
C|005186|2020|50006012440014|001|4300018525|00210|KT020700|20|EA|2680|KRW|53600|20201113|1300|
C|005186|2020|50006012440015|001|4300018525|00220|KT020704|15|EA|610|KRW|9150|20201113|1300|
C|005186|2020|50006012440016|001|4300018525|00230|KT080300|100.000|KG|13850|KRW|277000|20201113|1300|
C|005186|2020|50006012440017|001|4300018525|00240|KT080311|2|EA|72980|KRW|145960|20201113|1300|
C|005186|2020|50006012440018|001|4300018525|00250|KT080500|1|EA|26500|KRW|26500|20201113|1300|
C|005186|2020|50006012440019|001|4300018525|00260|KT080520|7|EA|2760|KRW|19320|20201113|1300|
C|005186|2020|50006012440020|001|4300018525|00270|KT990001|100|EA|5100|KRW|51000|20201113|1300|
C|005186|2020|50006012450001|001|4300018516|00010|UDAC0432|5000|EA|31|KRW|155000|20201113|1300|
C|005186|2020|50006012450002|001|4300018525|00040|KS061502|8|EA|2970|KRW|23760|20201113|1300|
C|005186|2020|50006012450003|001|4300018525|00050|KS061503|10|EA|3150|KRW|31500|20201113|1300|
C|005186|2020|50006012450004|001|4300018525|00060|KS061506|3|EA|7850|KRW|23550|20201113|1300|
C|005186|2020|50006012450005|001|4300018525|00070|KS067007|2|EA|4100|KRW|8200|20201113|1300|
C|005186|2020|50006012450006|001|4300018525|00080|KS067210|2|EA|14350|KRW|28700|20201113|1300|
C|005186|2020|50006012450007|001|4300018525|00090|KS080705|4|EA|18500|KRW|74000|20201113|1300|
C|005186|2020|50006012450008|001|4300018525|00100|KS080711|3|EA|32300|KRW|96900|20201113|1300|
C|005186|2020|50006012450009|001|4300018526|00010|UEBC1232|50|EA|47700|KRW|238500|20201113|1300|
C|005186|2020|50006012450010|001|4300018526|00030|UEAC0026|1|EA|139000|KRW|139000|20201113|1300|
C|005186|2020|50006012450011|001|4300018526|00040|UDEC0115|1|EA|14400|KRW|14400|20201113|1300|
C|005186|2020|50006012450012|001|4300018526|00050|UAGC0033|2|EA|244200|KRW|244200|20201113|1300|
