C|005186|2014|50000972100001|001|4300001680|00070|UGCC0506|1|EA|24200|KRW|24200|20140915|1300|
C|005186|2014|50000972100002|001|4300001680|00080|UGCC0501|1|EA|38000|KRW|38000|20140915|1300|
C|005186|2014|50000972100003|001|4300001680|00090|UGCC0503|1|EA|66200|KRW|66200|20140915|1300|
C|005186|2014|50000972100004|001|4300001680|00100|UGCC0499|1|EA|100700|KRW|100700|20140915|1300|
C|005186|2014|50000972100005|001|4300001680|00120|UEBC0527|15|EA|2030|KRW|30450|20140915|1300|
C|005186|2014|50000972100006|001|4300001680|00130|UDAC0267|100|EA|6800|KRW|680000|20140915|1300|
C|005186|2014|50000972100007|001|4300001684|00040|UZZC0041|20|EA|2830|KRW|56600|20140915|1300|
C|005186|2014|50000972100008|001|4300001684|00050|UKDC0002|2|EA|26300|KRW|52600|20140915|1300|
C|005186|2014|50000972100009|001|4300001684|00080|UKBC0006|1|EA|69830|KRW|69830|20140915|1300|
C|005186|2014|50000972100010|001|4300001702|00080|UKBC0010|2|EA|91480|KRW|182960|20140915|1300|
C|005186|2014|50000972120001|001|4300001680|00160|UGCC0894|100|EA|4220|KRW|422000|20140915|1300|
C|005186|2014|50000972120002|001|4300001702|00010|UDBC0008|50|EA|8715|KRW|435750|20140915|1300|
C|005186|2014|50000972120003|001|4300001702|00030|UAEC0095|2|EA|22630|KRW|45260|20140915|1300|
C|005186|2014|50000972120004|001|4300001702|00060|UEBC1128|2|EA|346000|KRW|692000|20140915|1300|
C|005186|2014|50000972120005|001|4300001702|00070|UEBC1136|2|EA|482000|KRW|964000|20140915|1300|
C|005186|2014|50000972120006|001|4300001702|00260|UABC0027|6|EA|7670|KRW|46020|20140915|1300|
C|005186|2014|50000972120007|001|4300001702|00270|UAEC0017|6|EA|70550|KRW|423300|20140915|1300|
C|005186|2014|50000972130001|001|4300001680|00040|UAGC0237|1|EA|395120|KRW|395120|20140915|1300|
C|005186|2014|50000972130002|001|4300001680|00140|UKBC0010|2|EA|91480|KRW|182960|20140915|1300|
C|005186|2014|50000972130003|001|4300001680|00150|UKBC0010|1|EA|91480|KRW|91480|20140915|1300|
C|005186|2014|50000972130004|001|4300001680|00170|UGBC0076|30|EA|1370|KRW|41100|20140915|1300|
C|005186|2014|50000972150001|001|4300001684|00060|UAGC0032|1|EA|66100|KRW|66100|20140915|1300|
C|005186|2014|50000972150002|001|4300001684|00070|UZZC0097|1|EA|70760|KRW|70760|20140915|1300|
C|005186|2014|50000972150003|001|4300001684|00180|UGBC0836|16|EA|990|KRW|15840|20140915|1300|
C|005186|2014|50000972150004|001|4300001684|00190|UGBC0844|16|EA|3150|KRW|50400|20140915|1300|
C|005186|2014|50000972150005|001|4300001684|00330|UFFC0032|2|EA|165900|KRW|331800|20140915|1300|
C|005186|2014|50000972150006|001|4300001684|00340|UALC0036|1|EA|6100|KRW|6100|20140915|1300|
C|005186|2014|50000972150007|001|4300001684|00380|UFCC0003|2|EA|28740|KRW|57480|20140915|1300|
C|005186|2014|50000972150008|001|4300001702|00050|UBBC0006|2|EA|103370|KRW|206740|20140915|1300|
C|005186|2014|50000972180001|001|4300001680|00030|UGCC0851|1|EA|178000|KRW|178000|20140915|1300|
C|005186|2014|50000972180002|001|4300001680|00110|UIEC0035|15|EA|37800|KRW|567000|20140915|1300|
C|005186|2014|50000972180003|001|4300001684|00320|UHTC0197|1|EA|280670|KRW|280670|20140915|1300|
C|005186|2014|50000972180004|001|4300001684|00350|KP150400|900|EA|170|KRW|153000|20140915|1300|
C|005186|2014|50000972180005|001|4300001684|00360|KP150400|199|EA|170|KRW|33830|20140915|1300|
C|005186|2014|50000972180006|001|4300001684|00390|UICC0013|20|EA|4830|KRW|96600|20140915|1300|
C|005186|2014|50000972180007|001|4300001684|00400|UHFC0406|1|EA|286200|KRW|286200|20140915|1300|
C|005186|2014|50000972180008|001|4300001702|00040|UHHC0140|1|EA|81690|KRW|81690|20140915|1300|
C|005186|2014|50000972180009|001|4300001702|00120|UAEC0168|6|EA|8420|KRW|50520|20140915|1300|
C|005186|2014|50000972180010|001|4300001702|00130|UAEC0142|6|EA|8420|KRW|50520|20140915|1300|
C|005186|2014|50000972180011|001|4300001702|00140|UADC0033|1|EA|682500|KRW|682500|20140915|1300|
C|005186|2014|50000972180012|001|4300001702|00150|UAEC0030|6|EA|15750|KRW|94500|20140915|1300|
C|005186|2014|50000972180013|001|4300001702|00160|UAEC0055|6|EA|15380|KRW|92280|20140915|1300|
C|005186|2014|50000972180014|001|4300001702|00170|UAEC0076|6|EA|24210|KRW|145260|20140915|1300|
C|005186|2014|50000972180015|001|4300001702|00200|UAEC0404|10|EA|4030|KRW|40300|20140915|1300|
C|005186|2014|50000972190001|001|4300001680|00010|UGCC0694|20|EA|36840|KRW|736800|20140915|1300|
C|005186|2014|50000972190002|001|4300001680|00020|UGCC0695|12|EA|28630|KRW|343560|20140915|1300|
C|005186|2014|50000972200001|001|4300001703|00020|UEBC0566|5|EA|176400|KRW|882000|20140915|1300|
C|005186|2014|50000972200002|001|4300001703|00030|UGAC0083|1|EA|33500|KRW|33500|20140915|1300|
C|005186|2014|50000972200003|001|4300001703|00100|UFFC0012|5|EA|31190|KRW|155950|20140915|1300|
