C|005186|2017|50003656150001|001|4300008292|00020|CME0010|20|EA|240|KRW|4800|20170831|1300|
C|005186|2017|50003656150002|001|4300008292|00030|CME0011|20|EA|550|KRW|11000|20170831|1300|
C|005186|2017|50003656150003|001|4300008292|00110|CMF0020|5|EA|650|KRW|3250|20170831|1300|
C|005186|2017|50003656150004|001|4300008292|00150|CMA0016|20|EA|2140|KRW|42800|20170831|1300|
C|005186|2017|50003656150005|001|4300008293|00040|CME0010|100|EA|240|KRW|24000|20170831|1300|
C|005186|2017|50003656150006|001|4300008293|00070|CMH0007|1|EA|11600|KRW|11600|20170831|1300|
C|005186|2017|50003656150007|001|4300008293|00080|CME0001|20|EA|3300|KRW|66000|20170831|1300|
C|005186|2017|50003656150008|001|4300008294|00070|CME0001|10|EA|3300|KRW|33000|20170831|1300|
C|005186|2017|50003656150009|001|4300008294|00090|CME0010|40|EA|240|KRW|9600|20170831|1300|
C|005186|2017|50003656150010|001|4300008294|00110|CMH0007|3|EA|11600|KRW|34800|20170831|1300|
C|005186|2017|50003656150011|001|4300008295|00020|CMA0005|30|EA|2000|KRW|60000|20170831|1300|
C|005186|2017|50003656150012|001|4300008295|00050|CMA0016|30|EA|2140|KRW|64200|20170831|1300|
C|005186|2017|50003656150013|001|4300008295|00110|CMF0001|1|EA|1950|KRW|1950|20170831|1300|
C|005186|2017|50003656150014|001|4300008295|00140|CMF0020|1|EA|650|KRW|650|20170831|1300|
C|005186|2017|50003656150015|001|4300008295|00150|CMF0021|2|EA|3100|KRW|6200|20170831|1300|
C|005186|2017|50003656150016|001|4300008295|00160|CMH0007|2|EA|11600|KRW|23200|20170831|1300|
C|005186|2017|50003656150017|001|4300008295|00180|CMZ0006|5|EA|1170|KRW|5850|20170831|1300|
C|005186|2017|50003656150018|001|4300008296|00040|CMA0016|100|EA|2140|KRW|214000|20170831|1300|
C|005186|2017|50003656150019|001|4300008296|00060|CMB0010|200|EA|1280|KRW|256000|20170831|1300|
C|005186|2017|50003656150020|001|4300008296|00080|CME0006|5|EA|3080|KRW|15400|20170831|1300|
C|005186|2017|50003656150021|001|4300008296|00090|CME0010|200|EA|240|KRW|48000|20170831|1300|
C|005186|2017|50003656150022|001|4300008296|00100|CMF0001|5|EA|1950|KRW|9750|20170831|1300|
C|005186|2017|50003656150023|001|4300008296|00160|CMF0020|5|EA|650|KRW|3250|20170831|1300|
C|005186|2017|50003656150024|001|4300008296|00170|CMF0021|8|EA|3100|KRW|24800|20170831|1300|
C|005186|2017|50003656150025|001|4300008296|00180|CMF0023|2|EA|1790|KRW|3580|20170831|1300|
C|005186|2017|50003656150026|001|4300008296|00190|CMH0007|5|EA|11600|KRW|58000|20170831|1300|
C|005186|2017|50003656150027|001|4300008297|00040|CMA0015|2|EA|2520|KRW|5040|20170831|1300|
C|005186|2017|50003656150028|001|4300008297|00060|CMF0006|20|EA|9500|KRW|190000|20170831|1300|
C|005186|2017|50003656150029|001|4300008297|00070|CMF0013|5|EA|940|KRW|4700|20170831|1300|
C|005186|2017|50003656150030|001|4300008297|00080|CMF0021|4|EA|3100|KRW|12400|20170831|1300|
C|005186|2017|50003656150031|001|4300008298|00020|CMA0005|10|EA|2000|KRW|20000|20170831|1300|
C|005186|2017|50003656150032|001|4300008298|00070|CMB0010|100|EA|1280|KRW|128000|20170831|1300|
C|005186|2017|50003656150033|001|4300008298|00110|CME0010|20|EA|240|KRW|4800|20170831|1300|
C|005186|2017|50003656150034|001|4300008298|00130|CMF0020|10|EA|650|KRW|6500|20170831|1300|
C|005186|2017|50003656150035|001|4300008298|00140|CMZ0014|1|EA|19000|KRW|19000|20170831|1300|
C|005186|2017|50003656150036|001|4300008299|00030|CMA0016|20|EA|2140|KRW|42800|20170831|1300|
C|005186|2017|50003656150037|001|4300008299|00060|CME0001|13|EA|3300|KRW|42900|20170831|1300|
C|005186|2017|50003656150038|001|4300008299|00070|CMF0001|2|EA|1950|KRW|3900|20170831|1300|
C|005186|2017|50003656150039|001|4300008299|00090|CMF0006|1|EA|9500|KRW|9500|20170831|1300|
C|005186|2017|50003656150040|001|4300008299|00100|CMF0020|2|EA|650|KRW|1300|20170831|1300|
C|005186|2017|50003656150041|001|4300008299|00110|CMF0021|2|EA|3100|KRW|6200|20170831|1300|
C|005186|2017|50003656150042|001|4300008299|00120|CMH0007|2|EA|11600|KRW|23200|20170831|1300|
C|005186|2017|50003656150043|001|4300008300|00040|CME0001|50|EA|3300|KRW|165000|20170831|1300|
C|005186|2017|50003656150044|001|4300008302|00040|CMB0010|80|EA|1280|KRW|102400|20170831|1300|
C|005186|2017|50003656150045|001|4300008302|00060|CMH0007|1|EA|11600|KRW|11600|20170831|1300|
C|005186|2017|50003656150046|001|4300008303|00020|CMB0010|120|EA|1280|KRW|153600|20170831|1300|
C|005186|2017|50003656150047|001|4300008306|00020|CMB0010|60|EA|1280|KRW|76800|20170831|1300|
C|005186|2017|50003656150048|001|4300008306|00080|CME0010|100|EA|240|KRW|24000|20170831|1300|
C|005186|2017|50003656150049|001|4300008306|00130|CMF0001|5|EA|1950|KRW|9750|20170831|1300|
C|005186|2017|50003656150050|001|4300008306|00140|CMF0020|5|EA|650|KRW|3250|20170831|1300|
C|005186|2017|50003656150051|001|4300008308|00050|CMB0010|60|EA|1280|KRW|76800|20170831|1300|
C|005186|2017|50003656150052|001|4300008308|00070|CME0010|100|EA|240|KRW|24000|20170831|1300|
C|005186|2017|50003656150053|001|4300008308|00090|CMH0007|1|EA|11600|KRW|11600|20170831|1300|
C|005186|2017|50003656150054|001|4300008313|00040|CMA0016|150|EA|2140|KRW|321000|20170831|1300|
C|005186|2017|50003656150055|001|4300008313|00050|CMB0010|720|EA|1280|KRW|921600|20170831|1300|
C|005186|2017|50003656150056|001|4300008314|00030|CMB0010|240|EA|1280|KRW|307200|20170831|1300|
C|005186|2017|50003656150057|001|4300008314|00040|CME0006|20|EA|3080|KRW|61600|20170831|1300|
C|005186|2017|50003656150058|001|4300008314|00050|CME0010|60|EA|240|KRW|14400|20170831|1300|
C|005186|2017|50003656150059|001|4300008314|00090|CMF0013|10|EA|940|KRW|9400|20170831|1300|
C|005186|2017|50003656150060|001|4300008314|00110|CMH0007|20|EA|11600|KRW|232000|20170831|1300|
C|005186|2017|50003656150061|001|4300008315|00040|CMB0010|40|EA|1280|KRW|51200|20170831|1300|
C|005186|2017|50003656150062|001|4300008318|00020|CME0010|200|EA|240|KRW|48000|20170831|1300|
C|005186|2017|50003656150063|001|4300008318|00060|CMF0023|10|EA|1790|KRW|17900|20170831|1300|
C|005186|2017|50003656150064|001|4300008318|00070|CMH0007|20|EA|11600|KRW|232000|20170831|1300|
C|005186|2017|50003656160001|001|4300008350|00030|UALC0118|6000|EA|110|KRW|660000|20170831|1300|
C|005186|2017|50003656160002|001|4300008350|00040|UALC0119|3000|EA|20|KRW|60000|20170831|1300|
C|005186|2017|50003656170001|001|4300008262|00010|UEAC0042|2|EA|362250|KRW|724500|20170831|1300|
C|005186|2017|50003656170002|001|4300008262|00020|UEAC0139|1|EA|876900|KRW|876900|20170831|1300|
C|005186|2017|50003656180001|001|4300008337|00030|UEBC0580|6|EA|4840|KRW|29040|20170831|1300|
C|005186|2017|50003656180002|001|4300008358|00090|UJBC0004|20|EA|4337|KRW|86740|20170831|1300|
C|005186|2017|50003656180003|001|4300008359|00010|UJAC0150|3|EA|474300|KRW|1422900|20170831|1300|
C|005186|2017|50003656180004|001|4300008379|00020|UAAC0031|5|EA|8925|KRW|44625|20170831|1300|
C|005186|2017|50003656180005|001|4300008379|00030|UADC0138|1|EA|13860|KRW|13860|20170831|1300|
C|005186|2017|50003656180006|001|4300008379|00040|UKEC0116|20|EA|1430|KRW|28600|20170831|1300|
C|005186|2017|50003656180007|001|4300008379|00060|UAEC0268|1|EA|16170|KRW|16170|20170831|1300|
C|005186|2017|50003656180008|001|4300008379|00110|UAEC0095|2|EA|22630|KRW|45260|20170831|1300|
C|005186|2017|50003656180009|001|4300008379|00120|UAEC0378|1|EA|91350|KRW|91350|20170831|1300|
C|005186|2017|50003656180010|001|4300008380|00040|UHHC0140|2|EA|81690|KRW|163380|20170831|1300|
C|005186|2017|50003656180011|001|4300008380|00050|UAEC0299|1|EA|18900|KRW|18900|20170831|1300|
C|005186|2017|50003656180012|001|4300008383|00010|UCHC0020|1|EA|1966650|KRW|1966650|20170831|1300|
C|005186|2017|50003656180013|001|4300008384|00020|UAKC0001|5|EA|6090|KRW|30450|20170831|1300|
C|005186|2017|50003656180014|001|4300008384|00030|UALC0007|50|EA|2210|KRW|110500|20170831|1300|
C|005186|2017|50003656180015|001|4300008384|00050|UJAC0150|1|EA|474300|KRW|474300|20170831|1300|
C|005186|2017|50003656180016|001|4300008387|00020|UAEC0286|8|EA|208440|KRW|1667520|20170831|1300|
C|005186|2017|50003656190001|001|4300008241|00080|KE200113|3|EA|130000|KRW|390000|20170831|1300|
C|005186|2017|50003656190002|001|4300008241|00090|KE230003|75|EA|1870|KRW|140250|20170831|1300|
C|005186|2017|50003656190003|001|4300008241|00100|KE231001|10|EA|16150|KRW|161500|20170831|1300|
C|005186|2017|50003656190004|001|4300008241|00110|KE270302|6|EA|6900|KRW|41400|20170831|1300|
C|005186|2017|50003656190005|001|4300008263|00010|UHGC0188|5|EA|34650|KRW|173250|20170831|1300|
C|005186|2017|50003656190006|001|4300008263|00020|UHGC0152|10|EA|11550|KRW|115500|20170831|1300|
C|005186|2017|50003656190007|001|4300008263|00030|UHTC0496|10|EA|3050|KRW|30500|20170831|1300|
C|005186|2017|50003656190008|001|4300008263|00040|UHGC0014|2|EA|449400|KRW|898800|20170831|1300|
C|005186|2017|50003656190009|001|4300008263|00050|UHTC0800|2|EA|159000|KRW|318000|20170831|1300|
C|005186|2017|50003656190010|001|4300008263|00060|UHNC0012|1|EA|229950|KRW|229950|20170831|1300|
C|005186|2017|50003656190011|001|4300008263|00070|UHTC0517|2|EA|81060|KRW|162120|20170831|1300|
C|005186|2017|50003656190012|001|4300008263|00080|UHGC0071|1|EA|49560|KRW|49560|20170831|1300|
C|005186|2017|50003656190013|001|4300008264|00010|UHGC0134|2|EA|756000|KRW|1512000|20170831|1300|
C|005186|2017|50003656190014|001|4300008264|00020|UHGC0124|20|EA|22100|KRW|442000|20170831|1300|
C|005186|2017|50003656190015|001|4300008265|00010|UHHC0089|2|EA|895650|KRW|1791300|20170831|1300|
C|005186|2017|50003656190016|001|4300008266|00010|UHNC0136|1|EA|947380|KRW|947380|20170831|1300|
C|005186|2017|50003656190017|001|4300008266|00020|UHFC0273|1|EA|576850|KRW|576850|20170831|1300|
C|005186|2017|50003656190018|001|4300008266|00030|UHBC0022|1|EA|430360|KRW|430360|20170831|1300|
C|005186|2017|50003656190019|001|4300008267|00010|UHGC0162|5|EA|126000|KRW|630000|20170831|1300|
C|005186|2017|50003656190020|001|4300008267|00020|UHTC0524|3|EA|273160|KRW|819480|20170831|1300|
C|005186|2017|50003656200001|001|4300008291|00030|CMD0016|3|EA|29000|KRW|87000|20170831|1300|
C|005186|2017|50003656200002|001|4300008292|00090|CMD0016|2|EA|29000|KRW|58000|20170831|1300|
C|005186|2017|50003656200003|001|4300008294|00060|CMD0011|4|EA|24100|KRW|96400|20170831|1300|
C|005186|2017|50003656200004|001|4300008296|00200|CMD0016|2|EA|29000|KRW|58000|20170831|1300|
C|005186|2017|50003656200005|001|4300008300|00030|CMD0011|6|EA|24100|KRW|144600|20170831|1300|
C|005186|2017|50003656200006|001|4300008302|00050|CMD0016|2|EA|29000|KRW|58000|20170831|1300|
C|005186|2017|50003656200007|001|4300008303|00030|CMD0016|1|EA|29000|KRW|29000|20170831|1300|
C|005186|2017|50003656200008|001|4300008304|00020|CMD0016|5|EA|29000|KRW|145000|20170831|1300|
C|005186|2017|50003656200009|001|4300008313|00070|CMD0011|2|EA|24100|KRW|48200|20170831|1300|
C|005186|2017|50003656200010|001|4300008313|00080|CMD0017|4|EA|23760|KRW|95040|20170831|1300|
C|005186|2017|50003656200011|001|4300008315|00050|CMD0016|1|EA|29000|KRW|29000|20170831|1300|
C|005186|2017|50003656200012|001|4300008316|00010|CMD0016|6|EA|29000|KRW|174000|20170831|1300|
C|005186|2017|50003656220001|001|4300008318|00030|CMF0004|4|EA|17000|KRW|68000|20170831|1300|
C|005186|2017|50003656220002|001|4300008318|00050|CMF0008|10|EA|1620|KRW|16200|20170831|1300|
C|005186|2017|50003656240001|001|4300008315|00010|CMZ0004|30|EA|220|KRW|6600|20170831|1300|
C|005186|2017|50003656240002|001|4300008315|00020|CMZ0002|20|EA|400|KRW|8000|20170831|1300|
C|005186|2017|50003656240003|001|4300008315|00030|CMA0007|20|EA|151|KRW|3020|20170831|1300|
C|005186|2017|50003656240004|001|4300008315|00060|CMA0002|2|EA|1440|KRW|2880|20170831|1300|
C|005186|2017|50003656240005|001|4300008315|00070|CMZ0004|20|EA|220|KRW|4400|20170831|1300|
C|005186|2017|50003656250001|001|4300008314|00010|CMA0001|400|EA|151|KRW|60400|20170831|1300|
C|005186|2017|50003656250002|001|4300008314|00020|CMA0007|200|EA|151|KRW|30200|20170831|1300|
C|005186|2017|50003656250003|001|4300008314|00060|CMF0004|5|EA|17000|KRW|85000|20170831|1300|
C|005186|2017|50003656250004|001|4300008314|00080|CMF0008|20|EA|1620|KRW|32400|20170831|1300|
C|005186|2017|50003656260001|001|4300008313|00010|CMA0001|500|EA|151|KRW|75500|20170831|1300|
C|005186|2017|50003656260002|001|4300008313|00020|CMA0007|400|EA|151|KRW|60400|20170831|1300|
C|005186|2017|50003656260003|001|4300008313|00030|CMA0008|100|EA|470|KRW|47000|20170831|1300|
C|005186|2017|50003656260004|001|4300008313|00060|CMC0003|100|EA|310|KRW|31000|20170831|1300|
C|005186|2017|50003656260005|001|4300008313|00090|CME0002|20|EA|1100|KRW|22000|20170831|1300|
C|005186|2017|50003656260006|001|4300008313|00100|CME0005|10|EA|2600|KRW|26000|20170831|1300|
