C|005186|2020|50005864040001|001|4300017754|00050|UIEC0035|20|EA|37800|KRW|756000|20200831|1300|
C|005186|2020|50005864040002|001|4300017763|00160|UAEC0526|1|EA|10500|KRW|10500|20200831|1300|
C|005186|2020|50005864040003|001|4300017763|00170|UAEC0527|1|EA|5670|KRW|5670|20200831|1300|
C|005186|2020|50005864040004|001|4300017763|00180|UAEC0528|1|EA|5670|KRW|5670|20200831|1300|
C|005186|2020|50005864040005|001|4300017763|00190|UAEC0529|1|EA|3780|KRW|3780|20200831|1300|
C|005186|2020|50005864040006|001|4300017795|00030|UADC0077|5|EA|5796|KRW|28980|20200831|1300|
C|005186|2020|50005864040007|001|4300017808|00010|UAEC0283|2|EA|39480|KRW|78960|20200831|1300|
C|005186|2020|50005864040008|001|4300017810|00050|UAGC0023|50|EA|16600|KRW|83000|20200831|1300|
C|005186|2020|50005864040009|001|4300017810|00060|UDDC3894|8|EA|16800|KRW|134400|20200831|1300|
C|005186|2020|50005864040010|001|4300017810|00070|UDDC0043|6|EA|89040|KRW|534240|20200831|1300|
C|005186|2020|50005864040011|001|4300017810|00080|UKAC0010|1|EA|89900|KRW|89900|20200831|1300|
C|005186|2020|50005864040012|001|4300017812|00010|UFDC0003|60|EA|458400|KRW|916800|20200831|1300|
C|005186|2020|50005864040013|001|4300017818|00030|UAGC0083|1|EA|184300|KRW|184300|20200831|1300|
C|005186|2020|50005864040014|001|4300017818|00060|UAGC0495|2|EA|19950|KRW|39900|20200831|1300|
C|005186|2020|50005864040015|001|4300017818|00070|UAGC0029|2|EA|11550|KRW|23100|20200831|1300|
C|005186|2020|50005864040016|001|4300017818|00120|UDBC0044|100|EA|38100|KRW|38100|20200831|1300|
C|005186|2020|50005864040017|001|4300017819|00010|UDBC0921|100|EA|90000|KRW|180000|20200831|1300|
C|005186|2020|50005864040018|001|4300017819|00020|UEAC0040|2|EA|505300|KRW|1010600|20200831|1300|
C|005186|2020|50005864040019|001|4300017859|00130|UDCC0009|3|EA|13850|KRW|41550|20200831|1300|
C|005186|2020|50005864060001|001|4300017793|00010|UDBC0804|3|EA|387200|KRW|1161600|20200831|1300|
C|005186|2020|50005864060002|001|4300017793|00020|UGCC1190|50|EA|6400|KRW|32000|20200831|1300|
C|005186|2020|50005864060003|001|4300017793|00030|UDAC0104|50|EA|42|KRW|2100|20200831|1300|
C|005186|2020|50005864060004|001|4300017794|00010|UEBC0170|2|EA|705600|KRW|1411200|20200831|1300|
C|005186|2020|50005864060005|001|4300017794|00020|UEBC1030|8|EA|68100|KRW|544800|20200831|1300|
C|005186|2020|50005864060006|001|4300017795|00010|UEBC1394|2|EA|731400|KRW|1462800|20200831|1300|
C|005186|2020|50005864060007|001|4300017795|00020|UEBC0672|1|EA|10900|KRW|10900|20200831|1300|
C|005186|2020|50005864060008|001|4300017795|00060|UEBC0299|10|EA|12130|KRW|121300|20200831|1300|
C|005186|2020|50005864060009|001|4300017796|00010|UEBC0171|20|EA|7670|KRW|153400|20200831|1300|
C|005186|2020|50005864060010|001|4300017796|00020|UEBC1046|10|EA|42900|KRW|429000|20200831|1300|
C|005186|2020|50005864060011|001|4300017796|00030|UCKC0145|4|EA|178000|KRW|712000|20200831|1300|
C|005186|2020|50005864060012|001|4300017796|00040|UEBC0019|10|EA|15510|KRW|155100|20200831|1300|
C|005186|2020|50005864060013|001|4300017796|00050|UEBC0032|10|EA|15510|KRW|155100|20200831|1300|
C|005186|2020|50005864060014|001|4300017796|00060|UEBC0622|4|EA|18940|KRW|75760|20200831|1300|
C|005186|2020|50005864060015|001|4300017796|00070|UEBC1426|5|EA|50800|KRW|254000|20200831|1300|
C|005186|2020|50005864060016|001|4300017797|00010|UEBC1031|16|EA|68100|KRW|1089600|20200831|1300|
C|005186|2020|50005864060017|001|4300017808|00030|UEBC0787|50|EA|8500|KRW|42500|20200831|1300|
C|005186|2020|50005864060018|001|4300017808|00040|UEBC0786|50|EA|15700|KRW|78500|20200831|1300|
C|005186|2020|50005864060019|001|4300017808|00050|UGCC0206|30|EA|34900|KRW|104700|20200831|1300|
C|005186|2020|50005864060020|001|4300017808|00060|UGCC0214|20|EA|46000|KRW|92000|20200831|1300|
C|005186|2020|50005864060021|001|4300017808|00070|UGBC0761|30|EA|8200|KRW|24600|20200831|1300|
C|005186|2020|50005864060022|001|4300017808|00080|UGBC0745|30|EA|5600|KRW|16800|20200831|1300|
C|005186|2020|50005864060023|001|4300017808|00090|UGBC0748|30|EA|4520|KRW|13560|20200831|1300|
C|005186|2020|50005864060024|001|4300017808|00100|UGBC0749|30|EA|5200|KRW|15600|20200831|1300|
C|005186|2020|50005864060025|001|4300017808|00110|UGBC0752|30|EA|6720|KRW|20160|20200831|1300|
C|005186|2020|50005864060026|001|4300017808|00120|UGBC0753|30|EA|7400|KRW|22200|20200831|1300|
C|005186|2020|50005864060027|001|4300017808|00130|UGBC0754|30|EA|9100|KRW|27300|20200831|1300|
C|005186|2020|50005864060028|001|4300017808|00140|UGBC0755|30|EA|10190|KRW|30570|20200831|1300|
C|005186|2020|50005864060029|001|4300017808|00150|UGBC0765|30|EA|5100|KRW|15300|20200831|1300|
C|005186|2020|50005864060030|001|4300017808|00160|UGBC0771|20|EA|8400|KRW|16800|20200831|1300|
C|005186|2020|50005864060031|001|4300017808|00170|UGBC0772|20|EA|9240|KRW|18480|20200831|1300|
C|005186|2020|50005864060032|001|4300017808|00180|UGBC0775|20|EA|11550|KRW|23100|20200831|1300|
C|005186|2020|50005864060033|001|4300017808|00190|UGBC0780|50|EA|5700|KRW|28500|20200831|1300|
C|005186|2020|50005864060034|001|4300017808|00200|UGBC0781|50|EA|5800|KRW|29000|20200831|1300|
C|005186|2020|50005864060035|001|4300017808|00210|UGBC0782|30|EA|7200|KRW|21600|20200831|1300|
C|005186|2020|50005864060036|001|4300017808|00220|UGBC0783|50|EA|8300|KRW|41500|20200831|1300|
C|005186|2020|50005864060037|001|4300017808|00230|UGBC0788|30|EA|9200|KRW|27600|20200831|1300|
C|005186|2020|50005864060038|001|4300017809|00010|UDAC0253|30|EA|12700|KRW|38100|20200831|1300|
C|005186|2020|50005864060039|001|4300017809|00020|UDAC0107|30|EA|11600|KRW|34800|20200831|1300|
C|005186|2020|50005864060040|001|4300017809|00030|UDAC0309|30|EA|10600|KRW|31800|20200831|1300|
C|005186|2020|50005864060041|001|4300017809|00040|UDAC0006|30|EA|11550|KRW|34650|20200831|1300|
C|005186|2020|50005864060042|001|4300017809|00050|UDAC0097|30|EA|26300|KRW|78900|20200831|1300|
C|005186|2020|50005864060043|001|4300017809|00060|UDAC0347|600|EA|26500|KRW|1590000|20200831|1300|
C|005186|2020|50005864060044|001|4300017809|00070|UEBC1036|8|EA|10940|KRW|87520|20200831|1300|
C|005186|2020|50005864060045|001|4300017809|00080|UAGC0087|50|EA|10200|KRW|51000|20200831|1300|
C|005186|2020|50005864060046|001|4300017810|00010|UEBC0106|10|EA|3530|KRW|35300|20200831|1300|
C|005186|2020|50005864060047|001|4300017810|00020|UEBC0051|2|EA|271950|KRW|543900|20200831|1300|
C|005186|2020|50005864060048|001|4300017810|00030|UEBC0302|10|EA|10030|KRW|100300|20200831|1300|
C|005186|2020|50005864060049|001|4300017810|00040|UEBC1330|10|EA|9120|KRW|91200|20200831|1300|
C|005186|2020|50005864060050|001|4300017811|00010|UEBC1042|2|EA|925800|KRW|1851600|20200831|1300|
C|005186|2020|50005864060051|001|4300017818|00020|UEBC1359|4|EA|12100|KRW|48400|20200831|1300|
C|005186|2020|50005864060052|001|4300017818|00040|UEBC1368|5|EA|59400|KRW|297000|20200831|1300|
C|005186|2020|50005864060053|001|4300017820|00010|UEBC1443|5|EA|302000|KRW|1510000|20200831|1300|
C|005186|2020|50005864060054|001|4300017821|00010|UEBC1443|5|EA|302000|KRW|1510000|20200831|1300|
