C|005186|2013|50000310840001|001|4300000632|00010|UCKC0008|1|EA|1365000|KRW|1365000|20130930|1300|
C|005186|2013|50000310850001|001|4300000633|00010|UKEC0040|6|EA|73500|KRW|441000|20130930|1300|
C|005186|2013|50000310850002|001|4300000633|00020|UKEC0046|2|EA|73500|KRW|147000|20130930|1300|
C|005186|2013|50000310850003|001|4300000633|00030|UKEC0056|1|EA|73500|KRW|73500|20130930|1300|
C|005186|2013|50000310850004|001|4300000633|00040|UKEC0051|10|EA|71400|KRW|714000|20130930|1300|
C|005186|2013|50000310850005|001|4300000633|00050|UKEC0052|9|EA|19950|KRW|179550|20130930|1300|
C|005186|2013|50000310850006|001|4300000633|00060|UKEC0068|6|EA|105200|KRW|631200|20130930|1300|
C|005186|2013|50000310850007|001|4300000633|00070|UKEC0071|5|EA|105200|KRW|526000|20130930|1300|
C|005186|2013|50000310850008|001|4300000633|00080|UKEC0079|1|EA|105200|KRW|105200|20130930|1300|
C|005186|2013|50000310850009|001|4300000633|00090|UKEC0077|9|EA|26250|KRW|236250|20130930|1300|
C|005186|2013|50000310850010|001|4300000633|00100|UKEC0070|5|EA|26250|KRW|131250|20130930|1300|
C|005186|2013|50000310850011|001|4300000633|00110|UKEC0006|3|EA|44100|KRW|132300|20130930|1300|
