C|005186|2013|50000228780001|001|4300000442|00010|KS080705|2|EA|18500|KRW|37000|20130815|1300|
C|005186|2013|50000228780002|001|4300000442|00020|KS080709|2|EA|24700|KRW|49400|20130815|1300|
C|005186|2013|50000228780003|001|4300000442|00030|KS080711|3|EA|32300|KRW|96900|20130815|1300|
C|005186|2013|50000228780004|001|4300000442|00040|KS080721|4|EA|71710|KRW|286840|20130815|1300|
C|005186|2013|50000228780005|001|4300000442|00050|KS990007|6|EA|51450|KRW|308700|20130815|1300|
C|005186|2013|50000228780006|001|4300000442|00060|KT020005|2|EA|5640|KRW|11280|20130815|1300|
C|005186|2013|50000228780007|001|4300000442|00070|KT020007|2|EA|6860|KRW|13720|20130815|1300|
C|005186|2013|50000228780008|001|4300000442|00080|KT020014|3|EA|14490|KRW|43470|20130815|1300|
C|005186|2013|50000228780009|001|4300000442|00090|KT020500|20|EA|3110|KRW|62200|20130815|1300|
C|005186|2013|50000228780010|001|4300000442|00100|KT020610|1|EA|29150|KRW|29150|20130815|1300|
C|005186|2013|50000228780011|001|4300000442|00110|KT020700|16|EA|2680|KRW|42880|20130815|1300|
C|005186|2013|50000228780012|001|4300000442|00120|KT020702|42|EA|470|KRW|19740|20130815|1300|
C|005186|2013|50000228780013|001|4300000442|00130|KT020704|35|EA|610|KRW|21350|20130815|1300|
C|005186|2013|50000228780014|001|4300000442|00140|KT020705|3|EA|1390|KRW|4170|20130815|1300|
C|005186|2013|50000228780015|001|4300000442|00150|KT080300|20.000|KG|2770|KRW|55400|20130815|1300|
C|005186|2013|50000228780016|001|4300000442|00160|KT080311|3|EA|72980|KRW|218940|20130815|1300|
C|005186|2013|50000228780017|001|4300000442|00170|KT080500|1|EA|26500|KRW|26500|20130815|1300|
C|005186|2013|50000228780018|001|4300000442|00180|KT990001|200|EA|510|KRW|102000|20130815|1300|
C|005186|2013|50000228780019|001|4300000442|00190|KT990010|150|EA|370|KRW|55500|20130815|1300|
