C|005186|2013|50000228790001|001|4300000439|00010|UEBC0623|2|EA|14610|KRW|29220|20130815|1300|
C|005186|2013|50000228790002|001|4300000439|00020|UEBC0725|5|EA|21160|KRW|105800|20130815|1300|
C|005186|2013|50000228790003|001|4300000439|00030|UAGC0193|200|EA|3255|KRW|651000|20130815|1300|
C|005186|2013|50000228790004|001|4300000439|00040|UDBC0815|50|EA|490|KRW|24500|20130815|1300|
C|005186|2013|50000228790005|001|4300000439|00050|UEBC1087|2|EA|13000|KRW|26000|20130815|1300|
C|005186|2013|50000228790006|001|4300000439|00060|UEBC1086|2|EA|9050|KRW|18100|20130815|1300|
C|005186|2013|50000228790007|001|4300000439|00070|UEBC0006|8|EA|46250|KRW|370000|20130815|1300|
C|005186|2013|50000228790008|001|4300000439|00080|UGCC0554|10|EA|29200|KRW|292000|20130815|1300|
C|005186|2013|50000228790009|001|4300000439|00090|UGCC0560|10|EA|45150|KRW|451500|20130815|1300|
C|005186|2013|50000228790010|001|4300000439|00100|UGCC0569|1|EA|32350|KRW|32350|20130815|1300|
C|005186|2013|50000228790011|001|4300000439|00110|UGCC0559|1|EA|15260|KRW|15260|20130815|1300|
C|005186|2013|50000228790012|001|4300000439|00140|UEBC1002|2|EA|80000|KRW|160000|20130815|1300|
C|005186|2013|50000228790013|001|4300000439|00150|UEBC1004|10|EA|2310|KRW|23100|20130815|1300|
C|005186|2013|50000228790014|001|4300000439|00160|UEBC0775|10|EA|920|KRW|9200|20130815|1300|
C|005186|2013|50000228790015|001|4300000439|00170|UDBC0059|300|EA|82|KRW|24600|20130815|1300|
C|005186|2013|50000228790016|001|4300000439|00180|UDBC0616|300|EA|147|KRW|44100|20130815|1300|
C|005186|2013|50000228790017|001|4300000439|00190|UDBC0621|300|EA|171|KRW|51300|20130815|1300|
C|005186|2013|50000228790018|001|4300000439|00200|UDBC0043|200|EA|398|KRW|79600|20130815|1300|
C|005186|2013|50000228790019|001|4300000443|00010|UGBC0762|30|EA|1030|KRW|30900|20130815|1300|
C|005186|2013|50000228790020|001|4300000443|00020|UGBC0780|50|EA|570|KRW|28500|20130815|1300|
C|005186|2013|50000228790021|001|4300000443|00030|UGBC0781|50|EA|580|KRW|29000|20130815|1300|
C|005186|2013|50000228790022|001|4300000443|00040|UGBC0782|50|EA|720|KRW|36000|20130815|1300|
C|005186|2013|50000228790023|001|4300000443|00050|UGCC0506|2|EA|24200|KRW|48400|20130815|1300|
C|005186|2013|50000228790024|001|4300000443|00060|UGCC0507|2|EA|24200|KRW|48400|20130815|1300|
C|005186|2013|50000228790025|001|4300000443|00070|UGCC0501|2|EA|38000|KRW|76000|20130815|1300|
C|005186|2013|50000228790026|001|4300000443|00080|UGCC0502|2|EA|38000|KRW|76000|20130815|1300|
C|005186|2013|50000228790027|001|4300000443|00090|UGCC0503|1|EA|66200|KRW|66200|20130815|1300|
C|005186|2013|50000228790028|001|4300000443|00100|UGCC0504|1|EA|66200|KRW|66200|20130815|1300|
C|005186|2013|50000228790029|001|4300000443|00110|UGCC0816|2|EA|96320|KRW|192640|20130815|1300|
C|005186|2013|50000228790030|001|4300000443|00120|UDAC0103|100|EA|320|KRW|32000|20130815|1300|
C|005186|2013|50000228800001|001|4300000395|00010|UHCC0010|1|EA|1007000|KRW|1007000|20130815|1300|
C|005186|2013|50000228800002|001|4300000395|00020|UHFC0298|20|EA|16800|KRW|336000|20130815|1300|
C|005186|2013|50000228800003|001|4300000395|00030|UHDC0030|2|EA|22250|KRW|44500|20130815|1300|
C|005186|2013|50000228800004|001|4300000395|00040|UHDC0025|2|EA|24000|KRW|48000|20130815|1300|
C|005186|2013|50000228800005|001|4300000395|00050|UHDC0026|2|EA|29000|KRW|58000|20130815|1300|
C|005186|2013|50000228800006|001|4300000395|00090|UHFC0100|20|EA|13500|KRW|270000|20130815|1300|
C|005186|2013|50000228800007|001|4300000395|00100|UHGC0129|1|EA|612680|KRW|612680|20130815|1300|
C|005186|2013|50000228800008|001|4300000395|00110|UHGC0092|1|EA|500000|KRW|500000|20130815|1300|
C|005186|2013|50000228800009|001|4300000407|00070|UAGC0029|1|EA|11550|KRW|11550|20130815|1300|
C|005186|2013|50000228800010|001|4300000407|00090|UHHC0071|1|EA|573300|KRW|573300|20130815|1300|
C|005186|2013|50000228800011|001|4300000407|00100|UHFC0174|10|EA|31050|KRW|310500|20130815|1300|
C|005186|2013|50000228800012|001|4300000407|00110|UHGC0197|10|EA|36000|KRW|360000|20130815|1300|
C|005186|2013|50000228800013|001|4300000437|00010|UAGC0193|1|EA|3255|KRW|3255|20130815|1300|
C|005186|2013|50000228800014|001|4300000444|00010|UGBC1246|1|EA|1821100|KRW|1821100|20130815|1300|
C|005186|2013|50000228800015|001|4300000444|00020|UAGC0193|1|EA|3255|KRW|3255|20130815|1300|
C|005186|2013|50000228810001|001|4300000406|00010|UHTC0230|2|EA|156850|KRW|313700|20130815|1300|
C|005186|2013|50000228810002|001|4300000406|00020|UADC0033|2|EA|682500|KRW|1365000|20130815|1300|
C|005186|2013|50000228810003|001|4300000406|00040|UADC0033|1|EA|682500|KRW|682500|20130815|1300|
C|005186|2013|50000228810004|001|4300000407|00080|UADC0034|1|EA|197400|KRW|197400|20130815|1300|
