C|005186|2020|50005880470001|001|4300017981|00100|UJAC0022|12|EA|2630|KRW|31560|20200914|1300|
C|005186|2020|50005880470002|001|4300017984|00020|UIDC0059|1|EA|54600|KRW|54600|20200914|1300|
C|005186|2020|50005880470003|001|4300017985|00010|UDDC0366|2|EA|188700|KRW|377400|20200914|1300|
C|005186|2020|50005880470004|001|4300017985|00020|UDDC0323|10|EA|45500|KRW|455000|20200914|1300|
C|005186|2020|50005880470005|001|4300017985|00030|UDDC0220|10|EA|53550|KRW|535500|20200914|1300|
C|005186|2020|50005880470006|001|4300017985|00040|UDDC0348|10|EA|17160|KRW|171600|20200914|1300|
C|005186|2020|50005880470007|001|4300017985|00050|UDDC0218|10|EA|26570|KRW|265700|20200914|1300|
C|005186|2020|50005880470008|001|4300017985|00060|UDEC0046|1|EA|18795|KRW|18795|20200914|1300|
C|005186|2020|50005880470009|001|4300017985|00070|UDBC0825|50|EA|16850|KRW|16850|20200914|1300|
C|005186|2020|50005880470010|001|4300017986|00010|UGAC0118|4|EA|35700|KRW|142800|20200914|1300|
C|005186|2020|50005880470011|001|4300017986|00040|UKEC0118|20|EA|7410|KRW|148200|20200914|1300|
C|005186|2020|50005880470012|001|4300017986|00050|UHHC0217|2|EA|149000|KRW|298000|20200914|1300|
C|005186|2020|50005880470013|001|4300017987|00040|UHHC0139|2|EA|81690|KRW|163380|20200914|1300|
C|005186|2020|50005880480001|001|4300017979|00010|UEBC1042|2|EA|925800|KRW|1851600|20200914|1300|
C|005186|2020|50005880480002|001|4300017980|00010|UEBC1042|2|EA|925800|KRW|1851600|20200914|1300|
C|005186|2020|50005880480003|001|4300017981|00010|UDAC0159|50|EA|79000|KRW|79000|20200914|1300|
C|005186|2020|50005880480004|001|4300017981|00020|UDAC0053|5|EA|981750|KRW|981750|20200914|1300|
C|005186|2020|50005880480005|001|4300017981|00030|UEBC0365|10|EA|2250|KRW|22500|20200914|1300|
C|005186|2020|50005880480006|001|4300017981|00040|UEBC0106|10|EA|3530|KRW|35300|20200914|1300|
C|005186|2020|50005880480007|001|4300017981|00050|UEBC0352|2|EA|86100|KRW|172200|20200914|1300|
C|005186|2020|50005880480008|001|4300017981|00060|UEBC0368|10|EA|2050|KRW|20500|20200914|1300|
C|005186|2020|50005880480009|001|4300017981|00070|UDDC0043|6|EA|89040|KRW|534240|20200914|1300|
C|005186|2020|50005880480010|001|4300017981|00080|UEBC1016|10|EA|4130|KRW|41300|20200914|1300|
C|005186|2020|50005880480011|001|4300017981|00090|UDBC0354|100|EA|3500|KRW|35000|20200914|1300|
C|005186|2020|50005880480012|001|4300017982|00010|UEBC0574|2|EA|504000|KRW|1008000|20200914|1300|
C|005186|2020|50005880480013|001|4300017982|00020|UEBC0066|1|EA|938700|KRW|938700|20200914|1300|
C|005186|2020|50005880480014|001|4300017983|00010|UCKC0161|1|EA|1260000|KRW|1260000|20200914|1300|
C|005186|2020|50005880480015|001|4300017983|00020|UEBC0663|2|EA|69930|KRW|139860|20200914|1300|
C|005186|2020|50005880480016|001|4300017983|00030|UDDC0047|1|EA|69510|KRW|69510|20200914|1300|
C|005186|2020|50005880490001|001|4300017986|00020|UDAC0442|100|EA|16800|KRW|168000|20200914|1300|
C|005186|2020|50005880500001|001|4300017937|00010|UHDC0258|5|EA|158500|KRW|158500|20200914|1300|
C|005186|2020|50005880500002|001|4300017937|00020|UHTC0587|10|EA|18400|KRW|184000|20200914|1300|
C|005186|2020|50005880500003|001|4300017984|00030|UHTC0748|20|EA|57300|KRW|1146000|20200914|1300|
C|005186|2020|50005880500004|001|4300017987|00010|UHTC0886|3|EA|85600|KRW|256800|20200914|1300|
C|005186|2020|50005880500005|001|4300017987|00020|UHTC0709|10|EA|43100|KRW|431000|20200914|1300|
C|005186|2020|50005880500006|001|4300017987|00030|UHTC0691|20|EA|357000|KRW|714000|20200914|1300|
C|005186|2020|50005883110001|001|4300017918|00010|UKFC0004|2|EA|48000|KRW|96000|20200914|1300|
