C|005186|2018|50004394870001|001|4300011209|00010|UGBC0744|30|EA|5200|KRW|15600|20180831|1300|
C|005186|2018|50004394870002|001|4300011209|00020|UGBC0765|30|EA|5100|KRW|15300|20180831|1300|
C|005186|2018|50004394870003|001|4300011219|00010|UGBC0779|30|EA|4800|KRW|14400|20180831|1300|
C|005186|2018|50004394870004|001|4300011219|00020|UGBC0780|50|EA|5700|KRW|28500|20180831|1300|
C|005186|2018|50004394870005|001|4300011219|00030|UGBC0781|50|EA|5800|KRW|29000|20180831|1300|
C|005186|2018|50004394870006|001|4300011219|00040|UGBC0782|30|EA|7200|KRW|21600|20180831|1300|
C|005186|2018|50004394870007|001|4300011219|00050|UGBC0783|30|EA|8300|KRW|24900|20180831|1300|
C|005186|2018|50004394870008|001|4300011219|00060|UGBC0791|30|EA|7600|KRW|22800|20180831|1300|
C|005186|2018|50004394870009|001|4300011219|00070|UGBC0792|20|EA|8400|KRW|16800|20180831|1300|
C|005186|2018|50004394870010|001|4300011219|00080|UGBC0793|30|EA|10300|KRW|30900|20180831|1300|
C|005186|2018|50004394870011|001|4300011219|00090|UGBC0761|30|EA|8200|KRW|24600|20180831|1300|
C|005186|2018|50004394870012|001|4300011219|00100|UGBC0762|30|EA|10300|KRW|30900|20180831|1300|
C|005186|2018|50004394870013|001|4300011219|00110|UGBC0763|20|EA|21000|KRW|42000|20180831|1300|
C|005186|2018|50004394870014|001|4300011219|00120|UGCC0228|30|EA|31500|KRW|94500|20180831|1300|
C|005186|2018|50004394870015|001|4300011219|00130|UGCC0288|40|EA|7560|KRW|15120|20180831|1300|
C|005186|2018|50004394870016|001|4300011219|00140|UGCC0287|20|EA|9660|KRW|9660|20180831|1300|
C|005186|2018|50004394870017|001|4300011219|00150|UGCC0286|20|EA|16380|KRW|16380|20180831|1300|
C|005186|2018|50004394870018|001|4300011219|00160|UGCC0289|20|EA|13240|KRW|13240|20180831|1300|
C|005186|2018|50004394870019|001|4300011219|00170|UGBC1236|20|EA|9150|KRW|18300|20180831|1300|
C|005186|2018|50004394870020|001|4300011219|00180|UGBC0772|30|EA|9240|KRW|27720|20180831|1300|
C|005186|2018|50004394870021|001|4300011219|00190|UGBC0773|10|EA|12180|KRW|12180|20180831|1300|
C|005186|2018|50004394870022|001|4300011219|00200|UGBC0776|10|EA|13130|KRW|13130|20180831|1300|
C|005186|2018|50004394880001|001|4300011210|00020|UCKC0133|4|EA|1054000|KRW|1054000|20180831|1300|
C|005186|2018|50004394880002|001|4300011215|00080|UAJC0033|20|EA|12040|KRW|120400|20180831|1300|
C|005186|2018|50004394890001|001|4300011204|00020|UHTC0246|40|EA|169400|KRW|338800|20180831|1300|
C|005186|2018|50004394890002|001|4300011216|00010|UCKC0037|100|EA|1405000|KRW|1405000|20180831|1300|
C|005186|2018|50004395000001|001|4300011156|00010|UCAC0013|40|EA|8568|KRW|342720|20180831|1300|
C|005186|2018|50004395000002|001|4300011156|00020|UFKC0058|5|EA|22680|KRW|113400|20180831|1300|
C|005186|2018|50004395000003|001|4300011159|00010|UZZC0178|30|EA|20000|KRW|60000|20180831|1300|
C|005186|2018|50004395000004|001|4300011212|00030|UFKC0136|150|EA|62100|KRW|931500|20180831|1300|
C|005186|2018|50004395000005|001|4300011238|00010|UADC0033|5|EA|344500|KRW|1722500|20180831|1300|
C|005186|2018|50004395000006|001|4300011239|00030|UADC0156|5|EA|16800|KRW|84000|20180831|1300|
C|005186|2018|50004395010001|001|4300011226|00010|UGBC0797|30|EA|5000|KRW|15000|20180831|1300|
C|005186|2018|50004395010002|001|4300011226|00020|UGBC0798|30|EA|5400|KRW|16200|20180831|1300|
C|005186|2018|50004395010003|001|4300011226|00030|UGBC0785|30|EA|6700|KRW|20100|20180831|1300|
C|005186|2018|50004395010004|001|4300011226|00040|UGBC0789|50|EA|6900|KRW|34500|20180831|1300|
C|005186|2018|50004395010005|001|4300011226|00050|UGBC0787|30|EA|7200|KRW|21600|20180831|1300|
C|005186|2018|50004395010006|001|4300011226|00060|UGBC0788|30|EA|9200|KRW|27600|20180831|1300|
C|005186|2018|50004395010007|001|4300011226|00070|UGBC1148|20|EA|37500|KRW|75000|20180831|1300|
C|005186|2018|50004395010008|001|4300011226|00080|UGBC1149|30|EA|40800|KRW|122400|20180831|1300|
C|005186|2018|50004395010009|001|4300011226|00090|UGBC1150|20|EA|43900|KRW|87800|20180831|1300|
C|005186|2018|50004395010010|001|4300011226|00100|UGBC1151|10|EA|47600|KRW|47600|20180831|1300|
C|005186|2018|50004395010011|001|4300011226|00110|UGBC0771|30|EA|8400|KRW|25200|20180831|1300|
C|005186|2018|50004395010012|001|4300011226|00120|UGBC0774|20|EA|11340|KRW|22680|20180831|1300|
C|005186|2018|50004395010013|001|4300011226|00130|UGBC0775|10|EA|11550|KRW|11550|20180831|1300|
C|005186|2018|50004395010014|001|4300011226|00140|UGCC0500|1|EA|100700|KRW|100700|20180831|1300|
C|005186|2018|50004395010015|001|4300011226|00160|UGCC0504|1|EA|66200|KRW|66200|20180831|1300|
C|005186|2018|50004395010016|001|4300011226|00170|UGCC0503|1|EA|66200|KRW|66200|20180831|1300|
C|005186|2018|50004395010017|001|4300011226|00180|UGCC0502|1|EA|38000|KRW|38000|20180831|1300|
C|005186|2018|50004395010018|001|4300011226|00190|UGCC0501|1|EA|38000|KRW|38000|20180831|1300|
C|005186|2018|50004395010019|001|4300011226|00200|UGCC0507|1|EA|24200|KRW|24200|20180831|1300|
C|005186|2018|50004395010020|001|4300011226|00210|UGCC0506|1|EA|24200|KRW|24200|20180831|1300|
C|005186|2018|50004395020001|001|4300011235|00010|UHHC0008|1|EA|1013800|KRW|1013800|20180831|1300|
C|005186|2018|50004395020002|001|4300011235|00020|UHHC0082|1|EA|955500|KRW|955500|20180831|1300|
C|005186|2018|50004395020003|001|4300011240|00010|UHFC0378|3|EA|58950|KRW|176850|20180831|1300|
C|005186|2018|50004395020004|001|4300011240|00030|UHDC0019|10|EA|367500|KRW|367500|20180831|1300|
C|005186|2018|50004395020005|001|4300011240|00040|UHGC0197|5|EA|180000|KRW|180000|20180831|1300|
C|005186|2018|50004395020006|001|4300011240|00050|UHNC0008|1|EA|346500|KRW|346500|20180831|1300|
C|005186|2018|50004395020007|001|4300011241|00010|UHNC0113|1|EA|772800|KRW|772800|20180831|1300|
C|005186|2018|50004395020008|001|4300011241|00020|UHNC0084|2|EA|295740|KRW|591480|20180831|1300|
C|005186|2018|50004395020009|001|4300011241|00030|UHGC0294|5|EA|96460|KRW|482300|20180831|1300|
C|005186|2018|50004395030001|001|4300011242|00010|UHGC0189|5|EA|157500|KRW|157500|20180831|1300|
C|005186|2018|50004395030002|001|4300011242|00020|UHFC0356|5|EA|50400|KRW|252000|20180831|1300|
C|005186|2018|50004395030003|001|4300011242|00030|UHGC0012|3|EA|66150|KRW|198450|20180831|1300|
C|005186|2018|50004395030004|001|4300011242|00040|UHTC0800|5|EA|795000|KRW|795000|20180831|1300|
C|005186|2018|50004395030005|001|4300011244|00010|UHHC0027|500|M|3850|KRW|1925000|20180831|1300|
C|005186|2018|50004395030006|001|4300011246|00010|UHEC0025|20|EA|142100|KRW|568400|20180831|1300|
C|005186|2018|50004395030007|001|4300011246|00020|UHTC0124|10|EA|202125|KRW|404250|20180831|1300|
C|005186|2018|50004395030008|001|4300011246|00030|UHFC0231|5|EA|2405|KRW|12025|20180831|1300|
C|005186|2018|50004395030009|001|4300011246|00040|UHFC0232|3|EA|9790|KRW|29370|20180831|1300|
C|005186|2018|50004395030010|001|4300011246|00050|UHFC0233|3|EA|11660|KRW|34980|20180831|1300|
C|005186|2018|50004395030011|001|4300011246|00060|UHFC0079|10|EA|105420|KRW|105420|20180831|1300|
C|005186|2018|50004395030012|001|4300011246|00070|UHFC0100|10|EA|135000|KRW|135000|20180831|1300|
C|005186|2018|50004395030013|001|4300011246|00080|UHTC0121|10|EA|336000|KRW|336000|20180831|1300|
C|005186|2018|50004395030014|001|4300011247|00010|UHFC0069|5|EA|101330|KRW|506650|20180831|1300|
C|005186|2018|50004395030015|001|4300011247|00020|UHHC0074|1|EA|1212750|KRW|1212750|20180831|1300|
C|005186|2018|50004395030016|001|4300011247|00030|UFJC0013|2|EA|58800|KRW|117600|20180831|1300|
C|005186|2018|50004395030017|001|4300011248|00010|UHTC0281|2|EA|247800|KRW|247800|20180831|1300|
C|005186|2018|50004395030018|001|4300011248|00020|UHEC0041|2|EA|270000|KRW|540000|20180831|1300|
C|005186|2018|50004395030019|001|4300011248|00030|UHFC0187|2|EA|138600|KRW|277200|20180831|1300|
C|005186|2018|50004395040001|001|4300011250|00010|UEBC0560|8|EA|55970|KRW|447760|20180831|1300|
C|005186|2018|50004395040002|001|4300011250|00030|UEBC0954|1|EA|152250|KRW|152250|20180831|1300|
C|005186|2018|50004395040003|001|4300011250|00040|UAGC0193|100|EA|162750|KRW|325500|20180831|1300|
C|005186|2018|50004395040004|001|4300011250|00050|UIEC0018|1|EA|3580|KRW|3580|20180831|1300|
C|005186|2018|50004395040005|001|4300011250|00060|UEBC0138|5|EA|40850|KRW|40850|20180831|1300|
C|005186|2018|50004395040006|001|4300011250|00070|UEBC1341|5|EA|52100|KRW|260500|20180831|1300|
C|005186|2018|50004395040007|001|4300011250|00080|UEBC1059|1|EA|606000|KRW|606000|20180831|1300|
C|005186|2018|50004395050001|001|4300011227|00010|UICC0011|10|EA|162100|KRW|162100|20180831|1300|
C|005186|2018|50004395050002|001|4300011227|00020|UDBC0401|200|EA|2500|KRW|5000|20180831|1300|
C|005186|2018|50004395050003|001|4300011227|00030|UDBC0403|500|EA|2700|KRW|13500|20180831|1300|
C|005186|2018|50004395050004|001|4300011227|00040|UDBC0418|500|EA|6800|KRW|34000|20180831|1300|
C|005186|2018|50004395050005|001|4300011227|00050|UDBC0422|500|EA|6900|KRW|34500|20180831|1300|
C|005186|2018|50004395050006|001|4300011227|00060|UDBC0424|500|EA|7200|KRW|36000|20180831|1300|
C|005186|2018|50004395050007|001|4300011227|00070|UDBC0426|300|EA|7500|KRW|22500|20180831|1300|
C|005186|2018|50004395050008|001|4300011227|00080|UDBC0446|300|EA|10800|KRW|32400|20180831|1300|
C|005186|2018|50004395050009|001|4300011227|00090|UDBC0942|300|EA|5900|KRW|17700|20180831|1300|
C|005186|2018|50004395050010|001|4300011227|00100|UDBC0619|200|EA|7000|KRW|14000|20180831|1300|
C|005186|2018|50004395050011|001|4300011227|00110|UDBC0623|200|EA|4000|KRW|16000|20180831|1300|
C|005186|2018|50004395050012|001|4300011227|00120|UDBC0743|500|EA|1000|KRW|5000|20180831|1300|
C|005186|2018|50004395050013|001|4300011227|00130|UDBC0717|500|EA|2000|KRW|10000|20180831|1300|
C|005186|2018|50004395050014|001|4300011227|00140|UDBC0297|300|EA|1300|KRW|3900|20180831|1300|
C|005186|2018|50004395050015|001|4300011227|00150|UDBC0302|300|EA|3200|KRW|9600|20180831|1300|
C|005186|2018|50004395050016|001|4300011227|00160|UDBC1021|200|EA|3200|KRW|6400|20180831|1300|
C|005186|2018|50004395050017|001|4300011227|00170|UDBC0655|200|EA|5500|KRW|11000|20180831|1300|
C|005186|2018|50004395050018|001|4300011227|00180|UDBC0648|200|EA|4000|KRW|8000|20180831|1300|
C|005186|2018|50004395050019|001|4300011227|00190|UDBC0223|200|EA|2100|KRW|4200|20180831|1300|
C|005186|2018|50004395050020|001|4300011227|00200|UEBC0770|20|EA|12600|KRW|12600|20180831|1300|
C|005186|2018|50004395050021|001|4300011227|00210|UEBC0786|20|EA|31400|KRW|31400|20180831|1300|
C|005186|2018|50004395050022|001|4300011227|00220|UEBC0787|20|EA|17000|KRW|17000|20180831|1300|
C|005186|2018|50004395050023|001|4300011236|00010|UEBC1244|2|EA|418000|KRW|836000|20180831|1300|
C|005186|2018|50004395060001|001|4300011124|00010|UHTC0853|36|EA|122400|KRW|1101600|20180831|1300|
C|005186|2018|50004395060002|001|4300011179|00010|UHDC0258|10|EA|158500|KRW|317000|20180831|1300|
C|005186|2018|50004395060003|001|4300011179|00020|UHTC0589|70|EA|205000|KRW|1435000|20180831|1300|
C|005186|2018|50004395060004|001|4300011181|00010|UHTC0691|20|EA|357000|KRW|714000|20180831|1300|
C|005186|2018|50004395060005|001|4300011240|00020|UHTC0805|10|EA|636000|KRW|636000|20180831|1300|
C|005186|2018|50004395060006|001|4300011243|00010|UHTC0715|28|EA|46200|KRW|1293600|20180831|1300|
C|005186|2018|50004395060007|001|4300011245|00010|UHHC0138|2|EA|80850|KRW|161700|20180831|1300|
C|005186|2018|50004395060008|001|4300011245|00020|UGAC0053|1|EA|69880|KRW|69880|20180831|1300|
C|005186|2018|50004395060009|001|4300011249|00010|UAEC0032|1|EA|14940|KRW|14940|20180831|1300|
C|005186|2018|50004395060010|001|4300011249|00020|UAEC0429|2|EA|6260|KRW|6260|20180831|1300|
C|005186|2018|50004395070001|001|4300011250|00090|UGBC1507|50|EA|15400|KRW|77000|20180831|1300|
C|005186|2018|50004395070002|001|4300011250|00100|UGBC0412|20|EA|32400|KRW|32400|20180831|1300|
C|005186|2018|50004395080001|001|4300011264|00010|KE030116|10|EA|157500|KRW|1575000|20180831|1300|
