C|005186|2015|50001479330001|001|4300002655|00010|CMA0001|90|EA|240|KRW|21600|20150427|1300|
C|005186|2015|50001479330002|001|4300002655|00020|CMA0007|140|EA|270|KRW|37800|20150427|1300|
C|005186|2015|50001479330003|001|4300002655|00030|CMA0008|40|EA|690|KRW|27600|20150427|1300|
C|005186|2015|50001479330004|001|4300002655|00040|CMB0001|60|EA|655|KRW|39300|20150427|1300|
C|005186|2015|50001479330005|001|4300002655|00050|CMF0020|5|EA|700|KRW|3500|20150427|1300|
C|005186|2015|50001479330006|001|4300002655|00060|CME0010|20|EA|285|KRW|5700|20150427|1300|
C|005186|2015|50001479330007|001|4300002655|00070|CMF0008|5|EA|1785|KRW|8925|20150427|1300|
C|005186|2015|50001479330008|001|4300002655|00080|CMF0007|2|EA|1780|KRW|3560|20150427|1300|
C|005186|2015|50001479330009|001|4300002656|00010|CMD0001|7|EA|9555|KRW|66885|20150427|1300|
C|005186|2015|50001479330010|001|4300002656|00020|CMA0002|110|EA|1530|KRW|168300|20150427|1300|
C|005186|2015|50001479330011|001|4300002656|00030|CMA0001|100|EA|240|KRW|24000|20150427|1300|
C|005186|2015|50001479330012|001|4300002656|00040|CMH0007|30|EA|11700|KRW|351000|20150427|1300|
C|005186|2015|50001479330013|001|4300002656|00050|CMF0006|50|EA|11970|KRW|598500|20150427|1300|
C|005186|2015|50001479330014|001|4300002656|00060|CMA0014|100|EA|380|KRW|38000|20150427|1300|
C|005186|2015|50001479330015|001|4300002657|00010|CMB0001|40|EA|655|KRW|26200|20150427|1300|
C|005186|2015|50001479330016|001|4300002657|00020|CMB0010|200|EA|1100|KRW|220000|20150427|1300|
C|005186|2015|50001479330017|001|4300002657|00030|CMH0007|2|EA|11700|KRW|23400|20150427|1300|
C|005186|2015|50001479330018|001|4300002657|00040|CMF0004|20|EA|22050|KRW|441000|20150427|1300|
C|005186|2015|50001479330019|001|4300002657|00050|CMA0007|500|EA|270|KRW|135000|20150427|1300|
C|005186|2015|50001479330020|001|4300002657|00070|CMZ0032|10|EA|1970|KRW|19700|20150427|1300|
C|005186|2015|50001479330021|001|4300002657|00080|CMA0017|5|EA|780|KRW|3900|20150427|1300|
C|005186|2015|50001479340001|001|4300002532|00080|CMD0011|1|EA|24150|KRW|24150|20150427|1300|
C|005186|2015|50001479350001|001|4300002655|00090|CMD0011|1|EA|24150|KRW|24150|20150427|1300|
C|005186|2015|50001479360001|001|4300002657|00090|CMD0016|3|EA|30450|KRW|91350|20150427|1300|
C|005186|2015|50001479370001|001|4300002654|00010|CMD0016|4|EA|30450|KRW|121800|20150427|1300|
