C|005186|2013|50000142340001|001|4300000195|00020|UGBC0546|5|EA|21000|KRW|105000|20130628|1300|
C|005186|2013|50000142340002|001|4300000195|00030|UGBC0126|20|EA|860|KRW|17200|20130628|1300|
C|005186|2013|50000142340003|001|4300000195|00040|UGBC0168|10|EA|1680|KRW|16800|20130628|1300|
C|005186|2013|50000142340004|001|4300000195|00050|UGBC0197|10|EA|9350|KRW|93500|20130628|1300|
C|005186|2013|50000142340005|001|4300000213|00010|UHGC0115|5|EA|28320|KRW|141600|20130628|1300|
C|005186|2013|50000142340006|001|4300000213|00020|UHGC0113|3|EA|50400|KRW|151200|20130628|1300|
C|005186|2013|50000142340007|001|4300000214|00010|UHFC0164|50|EA|210|KRW|10500|20130628|1300|
C|005186|2013|50000142340008|001|4300000214|00020|UHFC0165|50|EA|231|KRW|11550|20130628|1300|
C|005186|2013|50000142340009|001|4300000214|00030|UHFC0298|10|EA|16800|KRW|168000|20130628|1300|
C|005186|2013|50000142340010|001|4300000214|00040|UHFC0302|10|EA|23800|KRW|238000|20130628|1300|
C|005186|2013|50000142340011|001|4300000216|00010|UHHC0098|3|EA|6930|KRW|20790|20130628|1300|
C|005186|2013|50000142340012|001|4300000235|00010|UHNC0113|2|EA|772800|KRW|1545600|20130628|1300|
C|005186|2013|50000142340013|001|4300000235|00020|UHNC0032|2|EA|293000|KRW|586000|20130628|1300|
C|005186|2013|50000142340014|001|4300000235|00030|UHTC0349|10|EA|50190|KRW|501900|20130628|1300|
C|005186|2013|50000142340015|001|4300000235|00040|UHDC0090|20|EA|2120|KRW|42400|20130628|1300|
C|005186|2013|50000142340016|001|4300000235|00050|UHGC0151|10|EA|9470|KRW|94700|20130628|1300|
C|005186|2013|50000142340017|001|4300000235|00060|UHFC0203|10|EA|9450|KRW|94500|20130628|1300|
C|005186|2013|50000142340018|001|4300000244|00010|UGAC0097|1|EA|346850|KRW|346850|20130628|1300|
C|005186|2013|50000142340019|001|4300000244|00020|UGBC0126|20|EA|860|KRW|17200|20130628|1300|
C|005186|2013|50000142340020|001|4300000244|00030|UGBC0168|10|EA|1680|KRW|16800|20130628|1300|
C|005186|2013|50000142340021|001|4300000244|00040|UGBC0197|10|EA|9350|KRW|93500|20130628|1300|
C|005186|2013|50000142340022|001|4300000246|00010|UDDC0347|10|EA|28000|KRW|280000|20130628|1300|
C|005186|2013|50000142340023|001|4300000246|00020|UGAC0032|3|EA|21230|KRW|63690|20130628|1300|
C|005186|2013|50000142340024|001|4300000246|00030|UJBC0016|5|EA|12080|KRW|60400|20130628|1300|
C|005186|2013|50000142340025|001|4300000246|00040|UDFC0003|30|EA|2220|KRW|66600|20130628|1300|
C|005186|2013|50000142340026|001|4300000247|00010|UHHC0177|1|EA|121800|KRW|121800|20130628|1300|
C|005186|2013|50000142340027|001|4300000248|00010|UGBC1176|5|EA|18900|KRW|94500|20130628|1300|
C|005186|2013|50000142340028|001|4300000248|00020|UGBC1347|50|EA|1160|KRW|58000|20130628|1300|
C|005186|2013|50000142340029|001|4300000248|00030|UGBC1346|40|EA|52700|KRW|2108000|20130628|1300|
C|005186|2013|50000142340030|001|4300000248|00040|UCIC0172|1|EA|1852000|KRW|1852000|20130628|1300|
C|005186|2013|50000142340031|001|4300000248|00050|UGBC1306|2|EA|284210|KRW|568420|20130628|1300|
C|005186|2013|50000142340032|001|4300000251|00010|UHFC0074|20|EA|14805|KRW|296100|20130628|1300|
C|005186|2013|50000142340033|001|4300000251|00020|UEBC0119|10|EA|2190|KRW|21900|20130628|1300|
C|005186|2013|50000142340034|001|4300000251|00030|UEBC0121|10|EA|2820|KRW|28200|20130628|1300|
C|005186|2013|50000142340035|001|4300000251|00040|UHFC0336|2|EA|82950|KRW|165900|20130628|1300|
C|005186|2013|50000142340036|001|4300000251|00050|UDFC0003|30|EA|2220|KRW|66600|20130628|1300|
C|005186|2013|50000142340037|001|4300000268|00010|UCHC0022|10|EA|15260|KRW|152600|20130628|1300|
C|005186|2013|50000142340038|001|4300000268|00020|UKBC0014|1|EA|52500|KRW|52500|20130628|1300|
C|005186|2013|50000142340039|001|4300000268|00030|UAGC0193|50|EA|3255|KRW|162750|20130628|1300|
C|005186|2013|50000142340040|001|4300000268|00040|UIDC0004|1|EA|424200|KRW|424200|20130628|1300|
C|005186|2013|50000142340041|001|4300000268|00050|UCIC0042|2|EA|143100|KRW|286200|20130628|1300|
C|005186|2013|50000142340042|001|4300000268|00060|UDAC0198|10|EA|840|KRW|8400|20130628|1300|
C|005186|2013|50000142340043|001|4300000268|00070|UIDC0116|3|EA|29400|KRW|88200|20130628|1300|
C|005186|2013|50000142340044|001|4300000268|00080|UGCC0260|10|EA|9450|KRW|94500|20130628|1300|
C|005186|2013|50000142340045|001|4300000268|00090|UIDC0107|2|EA|141120|KRW|282240|20130628|1300|
