C|005186|2017|50003921540001|001|4300009021|00030|UDFC0187|1|EA|68510|KRW|68510|20171227|1300|
C|005186|2017|50003921540002|001|4300009139|00010|UIDC0147|1|EA|523000|KRW|523000|20171227|1300|
C|005186|2017|50003921550001|001|4300009001|00050|UJAC0151|8|EA|38470|KRW|307760|20171227|1300|
C|005186|2017|50003921550002|001|4300009006|00020|UCKC0119|1|EA|241700|KRW|241700|20171227|1300|
C|005186|2017|50003921550003|001|4300009009|00110|UZZC0107|1|EA|35770|KRW|35770|20171227|1300|
C|005186|2017|50003921550004|001|4300009009|00120|UCKC0119|1|EA|241700|KRW|241700|20171227|1300|
C|005186|2017|50003921550005|001|4300009088|00010|UBBC0005|4|EA|308700|KRW|1234800|20171227|1300|
C|005186|2017|50003921560001|001|4300008926|00050|UFJC0010|4|EA|58940|KRW|235760|20171227|1300|
C|005186|2017|50003921560002|001|4300008973|00010|UHTC0365|4|EA|132300|KRW|529200|20171227|1300|
C|005186|2017|50003921560003|001|4300009073|00030|UHGC0317|3|EA|318000|KRW|954000|20171227|1300|
C|005186|2017|50003921560004|001|4300009074|00020|UHGC0333|1|EA|205800|KRW|205800|20171227|1300|
C|005186|2017|50003921560005|001|4300009074|00060|UHHC0109|1|EA|1036880|KRW|1036880|20171227|1300|
C|005186|2017|50003921570001|001|4300008983|00010|UHTC0374|2|EA|491400|KRW|982800|20171227|1300|
C|005186|2017|50003921570002|001|4300009099|00030|UHNC0117|1|EA|832700|KRW|832700|20171227|1300|
C|005186|2017|50003921570003|001|4300009144|00040|UHNC0034|1|EA|627900|KRW|627900|20171227|1300|
C|005186|2017|50003921570004|001|4300009146|00010|UHNC0134|1|EA|812640|KRW|812640|20171227|1300|
C|005186|2017|50003921570005|001|4300009146|00030|UHEC0033|5|EA|102000|KRW|510000|20171227|1300|
C|005186|2017|50003921570006|001|4300009195|00060|UHGC0254|1|EA|800000|KRW|800000|20171227|1300|
C|005186|2017|50003921570007|001|4300009195|00070|UHHC0017|2|EA|201600|KRW|403200|20171227|1300|
C|005186|2017|50003921570008|001|4300009196|00010|UHOC0003|2|EA|310800|KRW|621600|20171227|1300|
C|005186|2017|50003921580001|001|4300008973|00030|UHGC0236|1|EA|932700|KRW|932700|20171227|1300|
C|005186|2017|50003921580002|001|4300008974|00010|UHGC0237|2|EA|561000|KRW|1122000|20171227|1300|
C|005186|2017|50003921580003|001|4300009199|00140|KE090102|5|EA|15430|KRW|77150|20171227|1300|
C|005186|2017|50003921590001|001|4300009237|00040|UEBC1447|8|EA|168500|KRW|1348000|20171227|1300|
C|005186|2017|50003921590002|001|4300009237|00050|UDBC1046|4|EA|6350|KRW|25400|20171227|1300|
C|005186|2017|50003921590003|001|4300009238|00030|UDAC0385|5|EA|19070|KRW|95350|20171227|1300|
C|005186|2017|50003921590004|001|4300009238|00060|UEBC1440|8|EA|27500|KRW|220000|20171227|1300|
C|005186|2017|50003921590005|001|4300009238|00070|UEBC1441|21|EA|23300|KRW|489300|20171227|1300|
C|005186|2017|50003921590006|001|4300009238|00090|UEBC1442|30|EA|6880|KRW|206400|20171227|1300|
C|005186|2017|50003921590007|001|4300009238|00100|UEBC1446|4|EA|68800|KRW|275200|20171227|1300|
C|005186|2017|50003921590008|001|4300009238|00110|UDAC0386|32|EA|1580|KRW|50560|20171227|1300|
C|005186|2017|50003921590009|001|4300009238|00120|UEBC1448|4|EA|73800|KRW|295200|20171227|1300|
C|005186|2017|50003921590010|001|4300009239|00010|UDAC0387|32|EA|845|KRW|27040|20171227|1300|
C|005186|2017|50003921590011|001|4300009239|00030|UEAC0199|1|EA|104900|KRW|104900|20171227|1300|
C|005186|2017|50003921590012|001|4300009239|00040|UEAC0200|1|EA|82660|KRW|82660|20171227|1300|
C|005186|2017|50003921590013|001|4300009239|00100|UEBC1449|16|EA|12700|KRW|203200|20171227|1300|
C|005186|2017|50003921590014|001|4300009240|00030|UEBC1450|40|EA|4850|KRW|194000|20171227|1300|
C|005186|2017|50003921590015|001|4300009240|00050|UEBC1451|3|EA|179000|KRW|537000|20171227|1300|
C|005186|2017|50003921590016|001|4300009240|00060|UDBC1048|50|EA|370|KRW|18500|20171227|1300|
C|005186|2017|50003921590017|001|4300009251|00010|UEBC1444|1|EA|143000|KRW|143000|20171227|1300|
C|005186|2017|50003921590018|001|4300009251|00040|UCKC0134|1|EA|100000|KRW|100000|20171227|1300|
C|005186|2017|50003921590019|001|4300009251|00100|UEBC1445|12|EA|7760|KRW|93120|20171227|1300|
C|005186|2017|50003921590020|001|4300009252|00020|UEBC1426|4|EA|50800|KRW|203200|20171227|1300|
C|005186|2017|50003921590021|001|4300009252|00040|UDBC1040|10|EA|9110|KRW|91100|20171227|1300|
C|005186|2017|50003921590022|001|4300009252|00050|UEBC1427|5|EA|168000|KRW|840000|20171227|1300|
C|005186|2017|50003921590023|001|4300009252|00070|UDAC0379|3|EA|29600|KRW|88800|20171227|1300|
C|005186|2017|50003921590024|001|4300009253|00050|UEBC1422|5|EA|286000|KRW|1430000|20171227|1300|
C|005186|2017|50003921590025|001|4300009254|00020|UEBC1421|10|EA|169000|KRW|1690000|20171227|1300|
C|005186|2017|50003921590026|001|4300009255|00010|UEBC1421|8|EA|169000|KRW|1352000|20171227|1300|
C|005186|2017|50003921590027|001|4300009255|00020|UAGC0532|5|EA|22030|KRW|110150|20171227|1300|
C|005186|2017|50003921590028|001|4300009286|00010|UEBC1433|1|EA|42300|KRW|42300|20171227|1300|
C|005186|2017|50003921590029|001|4300009286|00020|UEBC1434|1|EA|67700|KRW|67700|20171227|1300|
C|005186|2017|50003921590030|001|4300009286|00030|UEBC1435|1|EA|74000|KRW|74000|20171227|1300|
C|005186|2017|50003921590031|001|4300009286|00070|UEBC1436|10|EA|8870|KRW|88700|20171227|1300|
C|005186|2017|50003921600001|001|4300009189|00050|UGBC1660|5|EA|29500|KRW|147500|20171227|1300|
C|005186|2017|50003921600002|001|4300009239|00080|UGBC1682|2|EA|26320|KRW|52640|20171227|1300|
C|005186|2017|50003921600003|001|4300009248|00010|UAEC0363|1|EA|376215|KRW|376215|20171227|1300|
C|005186|2017|50003921600004|001|4300009250|00010|UEBC1161|4|EA|290000|KRW|1160000|20171227|1300|
C|005186|2017|50003921600005|001|4300009257|00020|UGCC1263|5|EA|33690|KRW|168450|20171227|1300|
C|005186|2017|50003921600006|001|4300009257|00030|UGCC1264|5|EA|29480|KRW|147400|20171227|1300|
C|005186|2017|50003921600007|001|4300009288|00020|UZZC0169|12|EA|10000|KRW|120000|20171227|1300|
C|005186|2017|50003921610001|001|4300009240|00010|UAGC0535|1|EA|363700|KRW|363700|20171227|1300|
C|005186|2017|50003921610002|001|4300009240|00040|UDBC0567|10|EA|430|KRW|4300|20171227|1300|
C|005186|2017|50003921610003|001|4300009241|00010|UAGC0533|40|EA|13440|KRW|537600|20171227|1300|
C|005186|2017|50003921610004|001|4300009241|00020|UAGC0534|40|EA|13440|KRW|537600|20171227|1300|
C|005186|2017|50003921610005|001|4300009251|00020|UAEC0487|1|EA|43540|KRW|43540|20171227|1300|
C|005186|2017|50003921610006|001|4300009251|00030|UAEC0488|1|EA|50910|KRW|50910|20171227|1300|
C|005186|2017|50003921610007|001|4300009251|00060|UDBC1045|10|EA|23700|KRW|237000|20171227|1300|
C|005186|2017|50003921610008|001|4300009251|00090|UAHC0189|1|EA|118100|KRW|118100|20171227|1300|
C|005186|2017|50003921610009|001|4300009252|00030|UEAC0198|2|EA|116000|KRW|232000|20171227|1300|
C|005186|2017|50003921610010|001|4300009253|00030|UAEC0483|1|EA|43960|KRW|43960|20171227|1300|
C|005186|2017|50003921610011|001|4300009255|00040|UDBC0016|100|EA|52|KRW|5200|20171227|1300|
C|005186|2017|50003921610012|001|4300009287|00030|UDBC1042|20|EA|130|KRW|2600|20171227|1300|
C|005186|2017|50003921620001|001|4300009200|00020|KH990101|6|EA|7250|KRW|43500|20171227|1300|
C|005186|2017|50003921620002|001|4300009238|00010|UGBC1677|50|EA|400|KRW|20000|20171227|1300|
C|005186|2017|50003921620003|001|4300009238|00020|UGBC1678|20|EA|400|KRW|8000|20171227|1300|
C|005186|2017|50003921620004|001|4300009250|00020|UEBC1018|6|EA|21600|KRW|129600|20171227|1300|
C|005186|2017|50003921620005|001|4300009251|00080|UDFC0197|100|EA|6330|KRW|633000|20171227|1300|
C|005186|2017|50003921620006|001|4300009256|00010|UICC0045|1|EA|3800|KRW|3800|20171227|1300|
C|005186|2017|50003921620007|001|4300009257|00010|UFJC0027|4|EA|352800|KRW|1411200|20171227|1300|
C|005186|2017|50003921630001|001|4300009288|00030|UCHC0033|2|EA|93000|KRW|186000|20171227|1300|
C|005186|2017|50003921630002|001|4300009288|00040|UCHC0034|5|EA|25200|KRW|126000|20171227|1300|
C|005186|2017|50003921630003|001|4300009288|00060|UCHC0035|1|EA|28350|KRW|28350|20171227|1300|
C|005186|2017|50003921630004|001|4300009289|00020|UCHC0037|10|EA|30000|KRW|300000|20171227|1300|
C|005186|2017|50003921640001|001|4300009229|00020|UCHC0025|10|EA|7370|KRW|73700|20171227|1300|
C|005186|2017|50003921640002|001|4300009288|00070|UHTC0832|2|EA|38370|KRW|76740|20171227|1300|
C|005186|2017|50003921640003|001|4300009288|00080|UHTC0833|3|EA|79690|KRW|239070|20171227|1300|
C|005186|2017|50003921640004|001|4300009288|00090|UHTC0834|2|EA|54080|KRW|108160|20171227|1300|
C|005186|2017|50003921640005|001|4300009288|00100|UCHC0036|1|EA|125000|KRW|125000|20171227|1300|
C|005186|2017|50003921650001|001|4300009240|00070|UDDC0401|1|EA|74880|KRW|74880|20171227|1300|
C|005186|2017|50003921660001|001|4300009239|00090|UGBC1681|10|EA|4950|KRW|49500|20171227|1300|
C|005186|2017|50003921660002|001|4300009247|00010|UCKC0133|4|EA|263500|KRW|1054000|20171227|1300|
C|005186|2017|50003921660003|001|4300009247|00020|UCKC0133|2|EA|263500|KRW|527000|20171227|1300|
C|005186|2017|50003921660004|001|4300009251|00070|UGBC1679|20|EA|9380|KRW|187600|20171227|1300|
C|005186|2017|50003921660005|001|4300009286|00080|UDDC0396|2|EA|93800|KRW|187600|20171227|1300|
C|005186|2017|50003921660006|001|4300009286|00090|UDDC0397|2|EA|78900|KRW|157800|20171227|1300|
C|005186|2017|50003921660007|001|4300009286|00100|UDDC0398|2|EA|65200|KRW|130400|20171227|1300|
C|005186|2017|50003921670001|001|4300008931|00030|UAEC0237|1|EA|503200|KRW|503200|20171227|1300|
C|005186|2017|50003921670002|001|4300009023|00020|UIEC0002|1|EA|825300|KRW|825300|20171227|1300|
C|005186|2017|50003921670003|001|4300009240|00020|UKDC0007|1|EA|207900|KRW|207900|20171227|1300|
C|005186|2017|50003921670004|001|4300009253|00040|UZZC0173|4|EA|54600|KRW|218400|20171227|1300|
C|005186|2017|50003921670005|001|4300009258|00010|CMB0010|100|EA|1280|KRW|128000|20171227|1300|
C|005186|2017|50003921670006|001|4300009260|00040|CMA0016|200|EA|2140|KRW|428000|20171227|1300|
C|005186|2017|50003921670007|001|4300009260|00060|CMB0010|500|EA|1280|KRW|640000|20171227|1300|
C|005186|2017|50003921670008|001|4300009260|00080|CME0001|10|EA|3300|KRW|33000|20171227|1300|
C|005186|2017|50003921670009|001|4300009261|00010|CME0010|200|EA|240|KRW|48000|20171227|1300|
C|005186|2017|50003921670010|001|4300009261|00040|CMH0007|5|EA|11600|KRW|58000|20171227|1300|
C|005186|2017|50003921670011|001|4300009263|00020|CMA0005|20|EA|2000|KRW|40000|20171227|1300|
C|005186|2017|50003921670012|001|4300009263|00070|CMB0010|60|EA|1280|KRW|76800|20171227|1300|
C|005186|2017|50003921670013|001|4300009264|00030|CMA0016|20|EA|2140|KRW|42800|20171227|1300|
C|005186|2017|50003921670014|001|4300009265|00040|CMB0010|60|EA|1280|KRW|76800|20171227|1300|
C|005186|2017|50003921670015|001|4300009265|00100|CME0010|100|EA|240|KRW|24000|20171227|1300|
C|005186|2017|50003921670016|001|4300009266|00030|CMA0015|200|EA|2520|KRW|504000|20171227|1300|
C|005186|2017|50003921670017|001|4300009266|00090|CME0010|200|EA|240|KRW|48000|20171227|1300|
C|005186|2017|50003921670018|001|4300009267|00030|CMA0016|20|EA|2140|KRW|42800|20171227|1300|
C|005186|2017|50003921670019|001|4300009267|00060|CMB0010|40|EA|1280|KRW|51200|20171227|1300|
C|005186|2017|50003921670020|001|4300009268|00030|CMA0016|300|EA|2140|KRW|642000|20171227|1300|
C|005186|2017|50003921670021|001|4300009268|00040|CMB0010|720|EA|1280|KRW|921600|20171227|1300|
C|005186|2017|50003921670022|001|4300009269|00030|CME0010|400|EA|240|KRW|96000|20171227|1300|
C|005186|2017|50003921670023|001|4300009269|00090|CMZ0006|30|EA|1170|KRW|35100|20171227|1300|
C|005186|2017|50003921670024|001|4300009270|00080|CMF0013|10|EA|940|KRW|9400|20171227|1300|
C|005186|2017|50003921670025|001|4300009271|00010|CMB0010|200|EA|1280|KRW|256000|20171227|1300|
C|005186|2017|50003921670026|001|4300009272|00020|CMB0010|100|EA|1280|KRW|128000|20171227|1300|
C|005186|2017|50003921670027|001|4300009274|00040|CMB0010|80|EA|1280|KRW|102400|20171227|1300|
C|005186|2017|50003921670028|001|4300009279|00040|CMA0016|30|EA|2140|KRW|64200|20171227|1300|
C|005186|2017|50003921670029|001|4300009279|00070|CMB0010|40|EA|1280|KRW|51200|20171227|1300|
C|005186|2017|50003921670030|001|4300009279|00220|CMZ0006|5|EA|1170|KRW|5850|20171227|1300|
C|005186|2017|50003921680001|001|4300009227|00030|UFJC0022|3|EA|119480|KRW|358440|20171227|1300|
C|005186|2017|50003921680002|001|4300009261|00030|CMF0006|1|EA|9500|KRW|9500|20171227|1300|
C|005186|2017|50003921680003|001|4300009271|00020|CMH0007|2|EA|11600|KRW|23200|20171227|1300|
C|005186|2017|50003921680004|001|4300009273|00040|CME0010|100|EA|240|KRW|24000|20171227|1300|
C|005186|2017|50003921680005|001|4300009273|00070|CMH0007|1|EA|11600|KRW|11600|20171227|1300|
C|005186|2017|50003921680006|001|4300009274|00060|CMH0007|1|EA|11600|KRW|11600|20171227|1300|
C|005186|2017|50003921680007|001|4300009276|00060|CME0001|10|EA|3300|KRW|33000|20171227|1300|
C|005186|2017|50003921680008|001|4300009276|00070|CME0010|40|EA|240|KRW|9600|20171227|1300|
C|005186|2017|50003921680009|001|4300009277|00010|CMH0007|1|EA|11600|KRW|11600|20171227|1300|
C|005186|2017|50003921680010|001|4300009278|00040|CMH0007|30|EA|11600|KRW|348000|20171227|1300|
C|005186|2017|50003921680011|001|4300009278|00050|CMF0006|30|EA|9500|KRW|285000|20171227|1300|
C|005186|2017|50003921680012|001|4300009288|00050|UHEC0040|10|EA|39500|KRW|395000|20171227|1300|
C|005186|2017|50003921690001|001|4300009264|00070|CMF0005|6|EA|18700|KRW|112200|20171227|1300|
C|005186|2017|50003921690002|001|4300009265|00140|CMF0005|2|EA|18700|KRW|37400|20171227|1300|
C|005186|2017|50003921690003|001|4300009267|00070|CMF0005|2|EA|18700|KRW|37400|20171227|1300|
C|005186|2017|50003921690004|001|4300009269|00050|CMF0005|8|EA|18700|KRW|149600|20171227|1300|
C|005186|2017|50003921690005|001|4300009270|00070|CMF0005|6|EA|18700|KRW|112200|20171227|1300|
C|005186|2017|50003921690006|001|4300009273|00060|CMF0005|3|EA|18700|KRW|56100|20171227|1300|
C|005186|2017|50003921690007|001|4300009274|00050|CMF0005|1|EA|18700|KRW|18700|20171227|1300|
C|005186|2017|50003921690008|001|4300009276|00080|CMF0005|3|EA|18700|KRW|56100|20171227|1300|
C|005186|2017|50003921690009|001|4300009279|00160|CMF0005|10|EA|18700|KRW|187000|20171227|1300|
C|005186|2017|50003921700001|001|4300009242|00010|UHFC0336|2|EA|82950|KRW|165900|20171227|1300|
C|005186|2017|50003921700002|001|4300009242|00020|UHFC0337|2|EA|104210|KRW|208420|20171227|1300|
C|005186|2017|50003921700003|001|4300009242|00030|UHHC0206|1|EA|116600|KRW|116600|20171227|1300|
C|005186|2017|50003921700004|001|4300009242|00040|UHGC0238|3|EA|28950|KRW|86850|20171227|1300|
C|005186|2017|50003921700005|001|4300009242|00050|UGAC0074|3|EA|33070|KRW|99210|20171227|1300|
C|005186|2017|50003921700006|001|4300009242|00060|UHFC0032|1|EA|998550|KRW|998550|20171227|1300|
C|005186|2017|50003921700007|001|4300009242|00070|UHDC0063|5|EA|60900|KRW|304500|20171227|1300|
C|005186|2017|50003921700008|001|4300009243|00010|UHGC0102|1|EA|642600|KRW|642600|20171227|1300|
C|005186|2017|50003921700009|001|4300009243|00020|UHGC0139|1|EA|561750|KRW|561750|20171227|1300|
C|005186|2017|50003921700010|001|4300009243|00030|UHFC0150|10|EA|49600|KRW|496000|20171227|1300|
C|005186|2017|50003921700011|001|4300009243|00040|UHFC0259|4|EA|48300|KRW|193200|20171227|1300|
C|005186|2017|50003921700012|001|4300009244|00010|UHNC0062|1|EA|1501500|KRW|1501500|20171227|1300|
C|005186|2017|50003921700013|001|4300009244|00020|UHNC0140|1|EA|190800|KRW|190800|20171227|1300|
C|005186|2017|50003921700014|001|4300009245|00010|UHTC0800|5|EA|159000|KRW|795000|20171227|1300|
C|005186|2017|50003921700015|001|4300009246|00010|UHGC0134|2|EA|756000|KRW|1512000|20171227|1300|
C|005186|2017|50003921710001|001|4300009263|00090|CMZ0014|1|EA|19000|KRW|19000|20171227|1300|
C|005186|2017|50003921710002|001|4300009264|00060|CME0001|13|EA|3300|KRW|42900|20171227|1300|
C|005186|2017|50003921710003|001|4300009264|00080|CMF0006|1|EA|9500|KRW|9500|20171227|1300|
C|005186|2017|50003921710004|001|4300009264|00090|CMF0009|2|EA|4950|KRW|9900|20171227|1300|
C|005186|2017|50003921710005|001|4300009264|00100|CMH0007|2|EA|11600|KRW|23200|20171227|1300|
C|005186|2017|50003921710006|001|4300009265|00150|CMH0007|2|EA|11600|KRW|23200|20171227|1300|
C|005186|2017|50003921710007|001|4300009266|00080|CME0003|10|EA|5500|KRW|55000|20171227|1300|
C|005186|2017|50003921710008|001|4300009267|00100|CMF0009|4|EA|4950|KRW|19800|20171227|1300|
C|005186|2017|50003921710009|001|4300009267|00110|CMH0007|1|EA|11600|KRW|11600|20171227|1300|
C|005186|2017|50003921710010|001|4300009269|00070|CMF0020|10|EA|650|KRW|6500|20171227|1300|
C|005186|2017|50003921710011|001|4300009269|00080|CMH0007|20|EA|11600|KRW|232000|20171227|1300|
C|005186|2017|50003921710012|001|4300009270|00040|CME0001|20|EA|3300|KRW|66000|20171227|1300|
C|005186|2017|50003921710013|001|4300009270|00050|CME0010|60|EA|240|KRW|14400|20171227|1300|
C|005186|2017|50003921710014|001|4300009270|00090|CMH0007|10|EA|11600|KRW|116000|20171227|1300|
C|005186|2017|50003921710015|001|4300009279|00120|CME0001|29|EA|3300|KRW|95700|20171227|1300|
C|005186|2017|50003921710016|001|4300009279|00130|CME0010|100|EA|240|KRW|24000|20171227|1300|
C|005186|2017|50003921710017|001|4300009279|00140|CMF0001|1|EA|1950|KRW|1950|20171227|1300|
C|005186|2017|50003921710018|001|4300009279|00170|CMF0020|1|EA|650|KRW|650|20171227|1300|
C|005186|2017|50003921710019|001|4300009279|00180|CMF0021|2|EA|3100|KRW|6200|20171227|1300|
C|005186|2017|50003921710020|001|4300009279|00190|CMH0007|2|EA|11600|KRW|23200|20171227|1300|
C|005186|2017|50003921720001|001|4300009258|00040|CMD0016|3|EA|29000|KRW|87000|20171227|1300|
C|005186|2017|50003921720002|001|4300009261|00050|CMD0011|7|EA|24100|KRW|168700|20171227|1300|
C|005186|2017|50003921720003|001|4300009261|00060|CMD0012|2|EA|22000|KRW|44000|20171227|1300|
C|005186|2017|50003921720004|001|4300009261|00070|CMD0016|4|EA|29000|KRW|116000|20171227|1300|
C|005186|2017|50003921720005|001|4300009266|00050|CMD0011|2|EA|24100|KRW|48200|20171227|1300|
C|005186|2017|50003921720006|001|4300009266|00060|CMD0016|2|EA|29000|KRW|58000|20171227|1300|
C|005186|2017|50003921720007|001|4300009266|00070|CMD0017|4|EA|23760|KRW|95040|20171227|1300|
C|005186|2017|50003921720008|001|4300009268|00060|CMD0011|6|EA|24100|KRW|144600|20171227|1300|
C|005186|2017|50003921720009|001|4300009268|00070|CMD0012|1|EA|22000|KRW|22000|20171227|1300|
C|005186|2017|50003921720010|001|4300009269|00010|CMD0017|5|EA|23760|KRW|118800|20171227|1300|
C|005186|2017|50003921720011|001|4300009270|00030|CMD0011|1|EA|24100|KRW|24100|20171227|1300|
C|005186|2017|50003921720012|001|4300009271|00050|CMD0016|6|EA|29000|KRW|174000|20171227|1300|
C|005186|2017|50003921720013|001|4300009272|00030|CMD0016|3|EA|29000|KRW|87000|20171227|1300|
C|005186|2017|50003921720014|001|4300009273|00080|CMD0012|1|EA|22000|KRW|22000|20171227|1300|
C|005186|2017|50003921720015|001|4300009275|00050|CMD0016|4|EA|29000|KRW|116000|20171227|1300|
C|005186|2017|50003921720016|001|4300009279|00100|CMD0011|23|EA|24100|KRW|554300|20171227|1300|
C|005186|2017|50003921720017|001|4300009279|00110|CMD0016|6|EA|29000|KRW|174000|20171227|1300|
C|005186|2017|50003921730001|001|4300009227|00040|UFGC0027|3|EA|7060|KRW|21180|20171227|1300|
C|005186|2017|50003921730002|001|4300009252|00060|UDDC0395|1|EA|186160|KRW|186160|20171227|1300|
C|005186|2017|50003921730003|001|4300009290|00030|UKBC0053|1|EA|10290|KRW|10290|20171227|1300|
