C|005186|2015|50001566910001|001|4300002731|00010|KE280401|5|EA|20800|KRW|104000|20150531|1300|
C|005186|2015|50001566910002|001|4300002731|00020|KE281401|12|EA|840|KRW|10080|20150531|1300|
C|005186|2015|50001566910003|001|4300002731|00030|KH990100|4|EA|27220|KRW|108880|20150531|1300|
C|005186|2015|50001566910004|001|4300002731|00040|KH990101|6|EA|7250|KRW|43500|20150531|1300|
C|005186|2015|50001566910005|001|4300002731|00050|KP150400|100|EA|170|KRW|17000|20150531|1300|
C|005186|2015|50001566910006|001|4300002731|00060|KS061502|7|EA|2970|KRW|20790|20150531|1300|
C|005186|2015|50001566910007|001|4300002731|00070|KS064002|2|EA|3650|KRW|7300|20150531|1300|
C|005186|2015|50001566910008|001|4300002731|00080|KS064003|4|EA|4310|KRW|17240|20150531|1300|
C|005186|2015|50001566910009|001|4300002731|00090|KS066901|2|EA|1290|KRW|2580|20150531|1300|
C|005186|2015|50001566910010|001|4300002731|00100|KS066902|3|EA|1540|KRW|4620|20150531|1300|
C|005186|2015|50001566910011|001|4300002731|00110|KS066903|25|EA|1540|KRW|38500|20150531|1300|
C|005186|2015|50001566910012|001|4300002731|00120|KS066904|5|EA|2000|KRW|10000|20150531|1300|
C|005186|2015|50001566910013|001|4300002731|00130|KS067000|10|EA|1350|KRW|13500|20150531|1300|
C|005186|2015|50001566910014|001|4300002731|00140|KS067002|9|EA|1460|KRW|13140|20150531|1300|
C|005186|2015|50001566910015|001|4300002731|00150|KT020006|2|EA|6250|KRW|12500|20150531|1300|
C|005186|2015|50001566910016|001|4300002731|00160|KT020008|3|EA|8030|KRW|24090|20150531|1300|
C|005186|2015|50001566910017|001|4300002731|00170|KT020011|2|EA|10400|KRW|20800|20150531|1300|
C|005186|2015|50001566910018|001|4300002731|00180|KT020014|2|EA|14490|KRW|28980|20150531|1300|
C|005186|2015|50001566910019|001|4300002731|00190|KT020017|1|EA|18730|KRW|18730|20150531|1300|
C|005186|2015|50001566910020|001|4300002731|00200|KT020019|1|EA|23570|KRW|23570|20150531|1300|
C|005186|2015|50001566910021|001|4300002731|00210|KT020020|1|EA|27800|KRW|27800|20150531|1300|
C|005186|2015|50001566910022|001|4300002731|00220|KT020500|20|EA|3110|KRW|62200|20150531|1300|
C|005186|2015|50001566910023|001|4300002731|00230|KT020610|1|EA|29150|KRW|29150|20150531|1300|
C|005186|2015|50001566910024|001|4300002731|00240|KT020611|1|EA|28140|KRW|28140|20150531|1300|
C|005186|2015|50001566910025|001|4300002731|00250|KT020612|1|EA|44100|KRW|44100|20150531|1300|
C|005186|2015|50001566910026|001|4300002731|00260|KT080110|3|EA|25440|KRW|76320|20150531|1300|
C|005186|2015|50001566910027|001|4300002731|00270|KT080300|20.000|KG|2770|KRW|55400|20150531|1300|
C|005186|2015|50001566910028|001|4300002731|00280|KT080311|1|EA|72980|KRW|72980|20150531|1300|
C|005186|2015|50001566910029|001|4300002731|00290|KT080371|52|EA|53|KRW|2756|20150531|1300|
C|005186|2015|50001566910030|001|4300002731|00300|KT080500|3|EA|26500|KRW|79500|20150531|1300|
C|005186|2015|50001566910031|001|4300002731|00310|KT080520|5|EA|2760|KRW|13800|20150531|1300|
C|005186|2015|50001566910032|001|4300002731|00320|KT990001|120|EA|510|KRW|61200|20150531|1300|
C|005186|2015|50001566910033|001|4300002731|00330|KT990010|100|EA|370|KRW|37000|20150531|1300|
C|005186|2015|50001566910034|001|4300002731|00340|UDBC0879|50|EA|95|KRW|4750|20150531|1300|
C|005186|2015|50001566910035|001|4300002731|00350|UDBC0506|50|EA|103|KRW|5150|20150531|1300|
C|005186|2015|50001566910036|001|4300002731|00360|UGBC1003|3|EA|257000|KRW|771000|20150531|1300|
C|005186|2015|50001566910037|001|4300002887|00010|KS080705|5|EA|18500|KRW|92500|20150531|1300|
C|005186|2015|50001566910038|001|4300002887|00020|KS067208|5|EA|7940|KRW|39700|20150531|1300|
C|005186|2015|50001566910039|001|4300002887|00030|KE090165|3|EA|165900|KRW|497700|20150531|1300|
C|005186|2015|50001566910040|001|4300002887|00040|KE050304|20|EA|2600|KRW|52000|20150531|1300|
C|005186|2015|50001566910041|001|4300002887|00050|KE030200|8|EA|15230|KRW|121840|20150531|1300|
C|005186|2015|50001566910042|001|4300002887|00060|KE030123|6|EA|31500|KRW|189000|20150531|1300|
C|005186|2015|50001566910043|001|4300002887|00070|KE280401|10|EA|20800|KRW|208000|20150531|1300|
C|005186|2015|50001566910044|001|4300002887|00080|KP150400|2000|EA|170|KRW|340000|20150531|1300|
