C|005186|2019|50004933600001|001|4300013193|00010|UAGC0208|100|EA|18500|KRW|37000|20190515|1300|
C|005186|2019|50004933600002|001|4300013193|00020|UHTC0238|1|EA|10100|KRW|10100|20190515|1300|
C|005186|2019|50004933600003|001|4300013193|00030|UAEC0030|2|EA|15750|KRW|31500|20190515|1300|
C|005186|2019|50004933600004|001|4300013193|00040|UAEC0416|5|EA|46900|KRW|46900|20190515|1300|
C|005186|2019|50004933600005|001|4300013193|00050|UAEC0146|3|EA|84210|KRW|252630|20190515|1300|
C|005186|2019|50004933600006|001|4300013193|00070|UKEC0091|10|EA|12700|KRW|12700|20190515|1300|
C|005186|2019|50004933600007|001|4300013194|00010|UIEC0035|10|EA|37800|KRW|378000|20190515|1300|
C|005186|2019|50004933600008|001|4300013194|00020|UGBC0955|50|EA|36800|KRW|184000|20190515|1300|
C|005186|2019|50004933600009|001|4300013194|00030|UGBC0955|30|EA|36800|KRW|110400|20190515|1300|
C|005186|2019|50004933600010|001|4300013194|00040|UICC0032|1|EA|10290|KRW|10290|20190515|1300|
C|005186|2019|50004933600011|001|4300013194|00050|UCIC0002|20|EA|9500|KRW|19000|20190515|1300|
C|005186|2019|50004933600012|001|4300013194|00060|UHTC0486|2|EA|46410|KRW|92820|20190515|1300|
C|005186|2019|50004933600013|001|4300013195|00020|UDFC0224|20|EA|9480|KRW|94800|20190515|1300|
C|005186|2019|50004933600014|001|4300013195|00030|UDBC1104|100|EA|2250|KRW|22500|20190515|1300|
C|005186|2019|50004933600015|001|4300013195|00040|UAEC0511|1|EA|68450|KRW|68450|20190515|1300|
C|005186|2019|50004933600016|001|4300013196|00020|UDBC1101|100|EA|88200|KRW|882000|20190515|1300|
C|005186|2019|50004933600017|001|4300013224|00010|CME0010|200|EA|240|KRW|48000|20190515|1300|
C|005186|2019|50004933610001|001|4300013454|00020|UDDC3899|1|EA|9450|KRW|9450|20190515|1300|
C|005186|2019|50004933610002|001|4300013454|00030|UIDC0158|50|EA|79800|KRW|399000|20190515|1300|
C|005186|2019|50004933610003|001|4300013454|00090|UDEC0045|10|EA|6752|KRW|67520|20190515|1300|
C|005186|2019|50004933610004|001|4300013485|00010|UHNC0145|1|EA|1790000|KRW|1790000|20190515|1300|
C|005186|2019|50004933610005|001|4300013487|00010|UGCC0630|1|EA|36750|KRW|36750|20190515|1300|
C|005186|2019|50004933610006|001|4300013490|00010|UHGC0330|2|EA|257250|KRW|514500|20190515|1300|
C|005186|2019|50004933610007|001|4300013490|00020|UHFC0245|1|EA|1350000|KRW|1350000|20190515|1300|
C|005186|2019|50004933610008|001|4300013491|00010|UGBC1631|50|EA|6000|KRW|30000|20190515|1300|
C|005186|2019|50004933610009|001|4300013491|00020|UGCC0933|4|EA|65200|KRW|260800|20190515|1300|
