C|005186|2019|50004829980001|001|4300012468|00030|UKGC0022|80|EA|191000|KRW|1528000|20190327|1300|
C|005186|2019|50004829990001|001|4300012954|00050|UDCC0027|4|EA|18780|KRW|75120|20190327|1300|
C|005186|2019|50004829990002|001|4300012961|00020|UDEC0040|15|EA|9450|KRW|141750|20190327|1300|
C|005186|2019|50004829990003|001|4300013008|00020|UFAC0007|3|EA|165000|KRW|495000|20190327|1300|
C|005186|2019|50004829990004|001|4300013008|00030|UFAC0008|3|EA|126400|KRW|379200|20190327|1300|
C|005186|2019|50004829990005|001|4300013015|00010|UJAC0010|1|EA|17120|KRW|17120|20190327|1300|
C|005186|2019|50004829990006|001|4300013015|00020|UJAC0004|1|EA|7030|KRW|7030|20190327|1300|
C|005186|2019|50004829990007|001|4300013015|00030|UJAC0006|1|EA|57330|KRW|57330|20190327|1300|
C|005186|2019|50004829990008|001|4300013078|00030|UIDC0086|1|EA|140000|KRW|140000|20190327|1300|
C|005186|2019|50004829990009|001|4300013078|00040|UJCC0009|1|EA|82950|KRW|82950|20190327|1300|
C|005186|2019|50004829990010|001|4300013078|00090|UDDC0020|1|EA|130810|KRW|130810|20190327|1300|
C|005186|2019|50004830000001|001|4300012992|00030|UDFC0019|2|EA|11550|KRW|23100|20190327|1300|
C|005186|2019|50004830000002|001|4300012992|00050|UDCC0061|1|EA|133200|KRW|133200|20190327|1300|
C|005186|2019|50004830000003|001|4300012999|00040|UJAC0079|2|EA|52500|KRW|52500|20190327|1300|
C|005186|2019|50004830000004|001|4300012999|00050|UJAC0080|2|EA|60900|KRW|60900|20190327|1300|
C|005186|2019|50004830000005|001|4300012999|00120|UDDC0339|1|EA|51200|KRW|51200|20190327|1300|
C|005186|2019|50004830000006|001|4300013005|00010|UDDC0137|10|EA|31658|KRW|316580|20190327|1300|
C|005186|2019|50004830000007|001|4300013079|00030|UDDC0135|10|EA|18380|KRW|183800|20190327|1300|
C|005186|2019|50004830000008|001|4300013080|00070|UIDC0044|20|EA|28500|KRW|570000|20190327|1300|
C|005186|2019|50004830000009|001|4300013080|00130|UDFC0019|2|EA|11550|KRW|23100|20190327|1300|
C|005186|2019|50004830010001|001|4300013000|00050|UJAC0036|50|EA|735000|KRW|735000|20190327|1300|
C|005186|2019|50004830010002|001|4300013014|00010|UDFC0109|100|EA|1710|KRW|171000|20190327|1300|
C|005186|2019|50004830010003|001|4300013074|00010|UKGC0008|7|EA|2940|KRW|20580|20190327|1300|
C|005186|2019|50004830010004|001|4300013108|00020|UAAC0015|5|EA|43950|KRW|43950|20190327|1300|
C|005186|2019|50004830010005|001|4300013108|00030|UGCC0604|5|EA|9780|KRW|48900|20190327|1300|
C|005186|2019|50004830010006|001|4300013119|00020|UDBC0875|50|EA|11500|KRW|11500|20190327|1300|
C|005186|2019|50004830010007|001|4300013119|00030|UEBC1518|2|EA|675000|KRW|1350000|20190327|1300|
C|005186|2019|50004830010008|001|4300013120|00010|UEBC1392|50|EA|132500|KRW|1325000|20190327|1300|
C|005186|2019|50004830010009|001|4300013127|00020|UBBC0006|1|EA|103370|KRW|103370|20190327|1300|
C|005186|2019|50004830020001|001|4300013110|00010|UGAC0056|5|EA|139760|KRW|698800|20190327|1300|
C|005186|2019|50004830020002|001|4300013115|00050|UGAC0091|2|EA|33920|KRW|67840|20190327|1300|
C|005186|2019|50004830020003|001|4300013116|00010|UGAC0053|1|EA|69880|KRW|69880|20190327|1300|
C|005186|2019|50004830020004|001|4300013127|00050|UCCC0013|1|EA|401000|KRW|401000|20190327|1300|
C|005186|2019|50004830030001|001|4300012991|00190|UGCC0220|30|EA|22890|KRW|68670|20190327|1300|
C|005186|2019|50004830030002|001|4300012991|00200|UGCC0209|30|EA|32900|KRW|98700|20190327|1300|
C|005186|2019|50004830030003|001|4300012991|00240|UGBC0750|20|EA|12900|KRW|25800|20190327|1300|
C|005186|2019|50004830030004|001|4300013010|00010|UGBC0264|2|EA|27300|KRW|54600|20190327|1300|
C|005186|2019|50004830030005|001|4300013010|00040|UGBC0184|1|EA|189000|KRW|189000|20190327|1300|
C|005186|2019|50004830030006|001|4300013127|00010|UCIC0199|1|EA|63600|KRW|63600|20190327|1300|
C|005186|2019|50004830040001|001|4300012635|00010|UGCC1211|1|EA|1341000|KRW|1341000|20190327|1300|
C|005186|2019|50004830040002|001|4300013113|00010|UCAC0309|1|EA|358000|KRW|358000|20190327|1300|
C|005186|2019|50004830040003|001|4300013154|00020|UDFC0222|50|EA|25200|KRW|126000|20190327|1300|
C|005186|2019|50004830040004|001|4300013154|00030|UDFC0223|100|EA|25200|KRW|252000|20190327|1300|
C|005186|2019|50004830040005|001|4300013154|00040|UEBC1576|20|EA|13020|KRW|130200|20190327|1300|
C|005186|2019|50004830040006|001|4300013155|00010|UEBC1571|5|EA|50400|KRW|252000|20190327|1300|
C|005186|2019|50004830040007|001|4300013155|00020|UEBC1572|4|EA|35700|KRW|142800|20190327|1300|
C|005186|2019|50004830040008|001|4300013155|00030|UDFC0221|2|EA|257300|KRW|514600|20190327|1300|
C|005186|2019|50004830040009|001|4300013155|00050|UEBC1573|1|EA|8820|KRW|8820|20190327|1300|
C|005186|2019|50004830040010|001|4300013155|00070|UDBC1099|10|EA|18200|KRW|18200|20190327|1300|
C|005186|2019|50004830040011|001|4300013155|00080|UGCC1501|60|EA|2100|KRW|12600|20190327|1300|
C|005186|2019|50004830040012|001|4300013158|00070|UEBC1579|10|EA|4730|KRW|47300|20190327|1300|
C|005186|2019|50004830040013|001|4300013158|00080|UEBC1580|2|EA|6300|KRW|12600|20190327|1300|
C|005186|2019|50004830040014|001|4300013158|00090|UEBC1581|2|EA|5800|KRW|11600|20190327|1300|
C|005186|2019|50004830040015|001|4300013163|00020|UEBC0774|60|EA|10300|KRW|30900|20190327|1300|
C|005186|2019|50004830040016|001|4300013163|00030|UEBC0775|60|EA|18400|KRW|55200|20190327|1300|
C|005186|2019|50004830040017|001|4300013163|00040|UEBC0782|60|EA|21100|KRW|63300|20190327|1300|
C|005186|2019|50004830040018|001|4300013163|00050|UEBC0750|40|EA|37800|KRW|75600|20190327|1300|
C|005186|2019|50004830040019|001|4300013163|00060|UEBC0075|40|EA|52500|KRW|105000|20190327|1300|
C|005186|2019|50004830040020|001|4300013163|00070|UEBC0079|40|EA|109400|KRW|218800|20190327|1300|
C|005186|2019|50004830040021|001|4300013163|00080|UEBC0076|40|EA|37800|KRW|75600|20190327|1300|
C|005186|2019|50004830040022|001|4300013163|00090|UEBC0078|60|EA|38200|KRW|114600|20190327|1300|
C|005186|2019|50004830040023|001|4300013163|00100|UEBC1004|60|EA|46200|KRW|138600|20190327|1300|
C|005186|2019|50004830050001|001|4300013108|00010|UHDC0097|100|EA|137800|KRW|1378000|20190327|1300|
C|005186|2019|50004830050002|001|4300013112|00010|UHCC0012|1|EA|105000|KRW|105000|20190327|1300|
C|005186|2019|50004830050003|001|4300013112|00020|UHDC0136|400|EA|99000|KRW|396000|20190327|1300|
C|005186|2019|50004830050004|001|4300013112|00030|UHDC0137|400|EA|98700|KRW|394800|20190327|1300|
C|005186|2019|50004830050005|001|4300013144|00010|UHHC0136|3|EA|96600|KRW|289800|20190327|1300|
C|005186|2019|50004830050006|001|4300013144|00020|UHHC0016|1|EA|1477350|KRW|1477350|20190327|1300|
C|005186|2019|50004830050007|001|4300013145|00010|UHGC0134|2|EA|756000|KRW|1512000|20190327|1300|
C|005186|2019|50004830050008|001|4300013146|00010|UHNC0145|1|EA|1790000|KRW|1790000|20190327|1300|
C|005186|2019|50004830050009|001|4300013151|00010|UHDC0260|3|EA|660000|KRW|1980000|20190327|1300|
C|005186|2019|50004830050010|001|4300013152|00010|UHGC0357|2|EA|759000|KRW|1518000|20190327|1300|
C|005186|2019|50004830050011|001|4300013153|00010|UDAC0418|1|EA|1680000|KRW|1680000|20190327|1300|
C|005186|2019|50004830050012|001|4300013154|00050|UDFC0225|20|EA|63200|KRW|126400|20190327|1300|
C|005186|2019|50004830050013|001|4300013154|00060|UDBC1102|50|EA|2800|KRW|14000|20190327|1300|
C|005186|2019|50004830050014|001|4300013154|00070|UDBC1103|100|EA|220|KRW|2200|20190327|1300|
C|005186|2019|50004830050015|001|4300013154|00080|UZZC0187|20|EA|8400|KRW|33600|20190327|1300|
C|005186|2019|50004830050016|001|4300013155|00060|UGBC1741|1|EA|142000|KRW|142000|20190327|1300|
C|005186|2019|50004830050017|001|4300013157|00030|UDBC1100|20|EA|20000|KRW|40000|20190327|1300|
C|005186|2019|50004830050018|001|4300013157|00040|UAGC0560|1|EA|44540|KRW|44540|20190327|1300|
C|005186|2019|50004830050019|001|4300013158|00030|UEBC1578|10|EA|24000|KRW|24000|20190327|1300|
C|005186|2019|50004830060001|001|4300013114|00010|UHDC0260|1|EA|660000|KRW|660000|20190327|1300|
C|005186|2019|50004830060002|001|4300013114|00020|UHGC0357|1|EA|759000|KRW|759000|20190327|1300|
C|005186|2019|50004830060003|001|4300013114|00030|UHTC0348|5|EA|259875|KRW|259875|20190327|1300|
C|005186|2019|50004830060004|001|4300013114|00040|UHTC0349|5|EA|250950|KRW|250950|20190327|1300|
C|005186|2019|50004830060005|001|4300013115|00010|UHTC0800|5|EA|795000|KRW|795000|20190327|1300|
C|005186|2019|50004830060006|001|4300013115|00020|UHHC0130|1|EA|661500|KRW|661500|20190327|1300|
C|005186|2019|50004830060007|001|4300013115|00030|UHNC0032|1|EA|293000|KRW|293000|20190327|1300|
C|005186|2019|50004830060008|001|4300013115|00040|UHFC0308|2|EA|68250|KRW|136500|20190327|1300|
C|005186|2019|50004830060009|001|4300013116|00020|UHHC0094|1|EA|479850|KRW|479850|20190327|1300|
C|005186|2019|50004830060010|001|4300013116|00030|UHGC0225|5|EA|195790|KRW|978950|20190327|1300|
C|005186|2019|50004830060011|001|4300013116|00040|UHGC0329|5|EA|91160|KRW|455800|20190327|1300|
C|005186|2019|50004830060012|001|4300013117|00010|UHFC0437|5|EA|63600|KRW|63600|20190327|1300|
C|005186|2019|50004830060013|001|4300013117|00020|UHFC0438|5|EA|70490|KRW|70490|20190327|1300|
C|005186|2019|50004830060014|001|4300013121|00010|UHTC0772|60|EA|466400|KRW|1399200|20190327|1300|
C|005186|2019|50004830070001|001|4300013010|00020|UGBC1605|5|EA|53000|KRW|265000|20190327|1300|
C|005186|2019|50004830070002|001|4300013010|00030|UGCC1263|2|EA|33690|KRW|67380|20190327|1300|
C|005186|2019|50004830070003|001|4300013127|00030|UGBC1708|2|EA|89250|KRW|178500|20190327|1300|
C|005186|2019|50004830070004|001|4300013127|00040|UGCC1263|2|EA|33690|KRW|67380|20190327|1300|
C|005186|2019|50004830070005|001|4300013160|00070|UGBC1747|2|EA|73500|KRW|147000|20190327|1300|
C|005186|2019|50004830070006|001|4300013161|00020|UGBC1748|1|EA|52500|KRW|52500|20190327|1300|
C|005186|2019|50004830070007|001|4300013161|00030|UGCC1516|5|EA|57750|KRW|288750|20190327|1300|
C|005186|2019|50004830080001|001|4300013148|00010|UHTC0864|10|EA|128400|KRW|1284000|20190327|1300|
C|005186|2019|50004830080002|001|4300013150|00010|UHTC0867|10|EA|128400|KRW|1284000|20190327|1300|
C|005186|2019|50004830080003|001|4300013154|00090|UHTC0865|6|EA|85600|KRW|513600|20190327|1300|
