C|005186|2015|50001645500001|001|4300002998|00010|KP100300|1|EA|31500|KRW|31500|20150630|1300|
C|005186|2015|50001645500002|001|4300002998|00020|KP100301|1|EA|31200|KRW|31200|20150630|1300|
C|005186|2015|50001645500003|001|4300002998|00030|KP150400|100|EA|170|KRW|17000|20150630|1300|
C|005186|2015|50001645500004|001|4300002998|00160|KS990007|10|EA|51450|KRW|514500|20150630|1300|
C|005186|2015|50001645500005|001|4300002998|00180|KT020004|4|EA|5600|KRW|22400|20150630|1300|
C|005186|2015|50001645500006|001|4300002998|00190|KT020007|2|EA|6860|KRW|13720|20150630|1300|
C|005186|2015|50001645500007|001|4300002998|00200|KT020009|2|EA|8030|KRW|16060|20150630|1300|
C|005186|2015|50001645500008|001|4300002998|00210|KT020010|3|EA|10190|KRW|30570|20150630|1300|
C|005186|2015|50001645500009|001|4300002998|00220|KT020011|3|EA|10400|KRW|31200|20150630|1300|
C|005186|2015|50001645500010|001|4300002998|00230|KT020017|1|EA|18730|KRW|18730|20150630|1300|
C|005186|2015|50001645500011|001|4300002998|00240|KT020020|1|EA|27800|KRW|27800|20150630|1300|
C|005186|2015|50001645500012|001|4300002998|00250|KT020500|10|EA|3110|KRW|31100|20150630|1300|
C|005186|2015|50001645500013|001|4300002998|00260|KT020600|2|EA|14910|KRW|29820|20150630|1300|
C|005186|2015|50001645500014|001|4300002998|00270|KT020611|1|EA|28140|KRW|28140|20150630|1300|
C|005186|2015|50001645500015|001|4300002998|00280|KT020700|12|EA|2680|KRW|32160|20150630|1300|
C|005186|2015|50001645500016|001|4300002998|00290|KT020704|35|EA|610|KRW|21350|20150630|1300|
C|005186|2015|50001645500017|001|4300002998|00300|KT020705|5|EA|1390|KRW|6950|20150630|1300|
C|005186|2015|50001645500018|001|4300002998|00310|KT080110|1|EA|25440|KRW|25440|20150630|1300|
C|005186|2015|50001645500019|001|4300002998|00320|KT080300|20.000|KG|2770|KRW|55400|20150630|1300|
C|005186|2015|50001645500020|001|4300002998|00330|KT080311|2|EA|72980|KRW|145960|20150630|1300|
C|005186|2015|50001645500021|001|4300002998|00340|KT080350|1|EA|4720|KRW|4720|20150630|1300|
C|005186|2015|50001645500022|001|4300002998|00350|KT080370|10|EA|760|KRW|7600|20150630|1300|
C|005186|2015|50001645500023|001|4300002998|00360|KT990001|110|EA|510|KRW|56100|20150630|1300|
C|005186|2015|50001645500024|001|4300002998|00370|KT990010|170|EA|370|KRW|62900|20150630|1300|
