C|005186|2014|50000859630001|001|4300001529|00010|CMA0008|30|EA|690|KRW|20700|20140715|1300|
C|005186|2014|50000859630002|001|4300001546|00010|CMD0001|6|EA|9555|KRW|57330|20140715|1300|
C|005186|2014|50000859650001|001|4300001540|00010|CMA0001|80|EA|240|KRW|19200|20140715|1300|
C|005186|2014|50000859650002|001|4300001540|00020|CMA0007|220|EA|270|KRW|59400|20140715|1300|
C|005186|2014|50000859650003|001|4300001540|00030|CMH0007|1|EA|11700|KRW|11700|20140715|1300|
C|005186|2014|50000859650004|001|4300001540|00040|CMB0001|20|EA|655|KRW|13100|20140715|1300|
C|005186|2014|50000859650005|001|4300001540|00050|CMB0010|80|EA|1100|KRW|88000|20140715|1300|
C|005186|2014|50000859650006|001|4300001540|00060|CMC0007|5|EA|12100|KRW|60500|20140715|1300|
C|005186|2014|50000859650007|001|4300001540|00070|CMC0005|5|EA|190|KRW|950|20140715|1300|
C|005186|2014|50000859650008|001|4300001540|00090|CMZ0032|2|EA|1970|KRW|3940|20140715|1300|
C|005186|2014|50000859660001|001|4300001541|00010|CMA0001|500|EA|240|KRW|120000|20140715|1300|
C|005186|2014|50000859660002|001|4300001541|00020|CMA0007|30|EA|270|KRW|8100|20140715|1300|
C|005186|2014|50000859660003|001|4300001541|00030|CMA0017|10|EA|780|KRW|7800|20140715|1300|
C|005186|2014|50000859660004|001|4300001541|00040|CME0010|100|EA|285|KRW|28500|20140715|1300|
C|005186|2014|50000859660005|001|4300001541|00050|CME0013|5|EA|20300|KRW|101500|20140715|1300|
C|005186|2014|50000859660006|001|4300001541|00070|CMH0007|1|EA|11700|KRW|11700|20140715|1300|
C|005186|2014|50000859660007|001|4300001542|00010|CMA0001|80|EA|240|KRW|19200|20140715|1300|
C|005186|2014|50000859660008|001|4300001542|00020|CMA0007|40|EA|270|KRW|10800|20140715|1300|
C|005186|2014|50000859660009|001|4300001542|00030|CMA0008|40|EA|690|KRW|27600|20140715|1300|
C|005186|2014|50000859660010|001|4300001542|00040|CMB0001|40|EA|655|KRW|26200|20140715|1300|
C|005186|2014|50000859660011|001|4300001542|00050|CMF0001|2|EA|1680|KRW|3360|20140715|1300|
C|005186|2014|50000859660012|001|4300001542|00060|CME0010|40|EA|285|KRW|11400|20140715|1300|
C|005186|2014|50000859660013|001|4300001542|00080|CMD0001|4|EA|9555|KRW|38220|20140715|1300|
C|005186|2014|50000859660014|001|4300001543|00020|CME0003|30|EA|5400|KRW|162000|20140715|1300|
C|005186|2014|50000859660015|001|4300001543|00030|CMD0001|8|EA|9555|KRW|76440|20140715|1300|
C|005186|2014|50000859660016|001|4300001544|00010|CMA0001|10|EA|240|KRW|2400|20140715|1300|
C|005186|2014|50000859660017|001|4300001544|00020|CMA0007|50|EA|270|KRW|13500|20140715|1300|
C|005186|2014|50000859660018|001|4300001544|00030|CMB0010|50|EA|1100|KRW|55000|20140715|1300|
C|005186|2014|50000859670001|001|4300001540|00080|CMF0005|1|EA|20700|KRW|20700|20140715|1300|
C|005186|2014|50000859670002|001|4300001541|00060|CMF0005|3|EA|20700|KRW|62100|20140715|1300|
C|005186|2014|50000859670003|001|4300001542|00070|CMF0005|2|EA|20700|KRW|41400|20140715|1300|
