C|005186|2017|50003226180001|001|4300006884|00010|UFJC0022|3|EA|119480|KRW|358440|20170215|1300|
C|005186|2017|50003226180002|001|4300006973|00010|UHGC0151|10|EA|9470|KRW|94700|20170215|1300|
C|005186|2017|50003226180003|001|4300006973|00020|UHFC0205|10|EA|9550|KRW|95500|20170215|1300|
C|005186|2017|50003226180004|001|4300006973|00030|UHGC0152|10|EA|11550|KRW|115500|20170215|1300|
C|005186|2017|50003226180005|001|4300006973|00040|UHGC0055|10|EA|17100|KRW|171000|20170215|1300|
C|005186|2017|50003226180006|001|4300006973|00050|UHHC0014|1|EA|878960|KRW|878960|20170215|1300|
C|005186|2017|50003226180007|001|4300006974|00010|UHHC0071|1|EA|573300|KRW|573300|20170215|1300|
C|005186|2017|50003226180008|001|4300006974|00020|UHGC0254|1|EA|800000|KRW|800000|20170215|1300|
C|005186|2017|50003226180009|001|4300006975|00010|UHHC0069|2|EA|412650|KRW|825300|20170215|1300|
C|005186|2017|50003226180010|001|4300006975|00020|UHFC0334|2|EA|83800|KRW|167600|20170215|1300|
C|005186|2017|50003226180011|001|4300006975|00030|UHFC0312|3|EA|73000|KRW|219000|20170215|1300|
C|005186|2017|50003226180012|001|4300006975|00040|UHFC0321|1|EA|123900|KRW|123900|20170215|1300|
C|005186|2017|50003226180013|001|4300006975|00050|UHFC0109|20|EA|1300|KRW|26000|20170215|1300|
C|005186|2017|50003226180014|001|4300007000|00110|CMF0004|3|EA|17000|KRW|51000|20170215|1300|
