C|005186|2019|50004761260001|001|4300011272|00010|CMD0016|7|EA|29000|KRW|203000|20190222|1300|
C|005186|2019|50004761260002|001|4300011272|00020|CMA0007|100|EA|151|KRW|15100|20190222|1300|
C|005186|2019|50004761270001|001|4300011271|00010|CMD0011|1|EA|24100|KRW|24100|20190222|1300|
C|005186|2019|50004761270002|001|4300011271|00020|CMD0016|1|EA|29000|KRW|29000|20190222|1300|
C|005186|2019|50004761280001|001|4300012189|00010|CMF0004|3|EA|17000|KRW|51000|20190222|1300|
C|005186|2019|50004761280002|001|4300012189|00020|CMF0005|3|EA|18700|KRW|56100|20190222|1300|
C|005186|2019|50004761280003|001|4300012189|00040|CMA0008|50|EA|470|KRW|23500|20190222|1300|
C|005186|2019|50004761280004|001|4300012189|00050|CMB0001|200|EA|520|KRW|104000|20190222|1300|
C|005186|2019|50004761280005|001|4300012189|00080|CMC0005|300|EA|150|KRW|45000|20190222|1300|
C|005186|2019|50004761280006|001|4300012189|00100|CMA0007|500|EA|151|KRW|75500|20190222|1300|
C|005186|2019|50004761280007|001|4300012189|00110|CMA0001|800|EA|151|KRW|120800|20190222|1300|
C|005186|2019|50004761290001|001|4300012818|00010|CMD0017|2|EA|23760|KRW|47520|20190222|1300|
C|005186|2019|50004761290002|001|4300012818|00020|CMD0016|2|EA|29000|KRW|58000|20190222|1300|
C|005186|2019|50004761290003|001|4300012818|00070|CMC0005|100|EA|150|KRW|15000|20190222|1300|
C|005186|2019|50004761290004|001|4300012818|00080|CMA0001|200|EA|151|KRW|30200|20190222|1300|
C|005186|2019|50004761290005|001|4300012818|00090|CMA0007|200|EA|151|KRW|30200|20190222|1300|
C|005186|2019|50004761290006|001|4300012818|00100|CMB0001|240|EA|520|KRW|124800|20190222|1300|
C|005186|2019|50004761300001|001|4300012810|00020|CMD0017|6|EA|23760|KRW|142560|20190222|1300|
C|005186|2019|50004761300002|001|4300012810|00030|CMF0005|3|EA|18700|KRW|56100|20190222|1300|
C|005186|2019|50004761300003|001|4300012810|00040|CMF0008|10|EA|1620|KRW|16200|20190222|1300|
C|005186|2019|50004761300004|001|4300012810|00070|CME0002|40|EA|1100|KRW|44000|20190222|1300|
C|005186|2019|50004761300005|001|4300012810|00080|CMB0002|60|EA|2100|KRW|126000|20190222|1300|
C|005186|2019|50004761300006|001|4300012810|00110|CMA0007|200|EA|151|KRW|30200|20190222|1300|
C|005186|2019|50004761300007|001|4300012810|00130|CMB0011|240|EA|2220|KRW|532800|20190222|1300|
C|005186|2019|50004761300008|001|4300012810|00140|CMA0001|600|EA|151|KRW|90600|20190222|1300|
C|005186|2019|50004761310001|001|4300012817|00020|CMF0007|5|EA|1620|KRW|8100|20190222|1300|
C|005186|2019|50004761310002|001|4300012817|00030|CMF0008|5|EA|1620|KRW|8100|20190222|1300|
C|005186|2019|50004761310003|001|4300012817|00050|CMC0005|20|EA|150|KRW|3000|20190222|1300|
C|005186|2019|50004761310004|001|4300012817|00060|CMC0003|20|EA|310|KRW|6200|20190222|1300|
C|005186|2019|50004761310005|001|4300012817|00080|CMB0003|40|EA|2200|KRW|88000|20190222|1300|
C|005186|2019|50004761310006|001|4300012817|00090|CMB0002|60|EA|2100|KRW|126000|20190222|1300|
C|005186|2019|50004761310007|001|4300012817|00100|CMB0001|60|EA|520|KRW|31200|20190222|1300|
C|005186|2019|50004761310008|001|4300012817|00110|CMA0007|100|EA|151|KRW|15100|20190222|1300|
C|005186|2019|50004761310009|001|4300012817|00120|CMA0008|100|EA|470|KRW|47000|20190222|1300|
C|005186|2019|50004761310010|001|4300012817|00130|CMA0001|300|EA|151|KRW|45300|20190222|1300|
C|005186|2019|50004761320001|001|4300012816|00050|CMF0002|5|EA|860|KRW|4300|20190222|1300|
C|005186|2019|50004761320002|001|4300012816|00060|CMA0002|10|EA|1440|KRW|14400|20190222|1300|
C|005186|2019|50004761320003|001|4300012816|00090|CMC0005|30|EA|150|KRW|4500|20190222|1300|
C|005186|2019|50004761320004|001|4300012816|00100|CMB0002|190|EA|2100|KRW|399000|20190222|1300|
C|005186|2019|50004761320005|001|4300012816|00110|CMA0001|350|EA|151|KRW|52850|20190222|1300|
C|005186|2019|50004761320006|001|4300012816|00120|CMA0007|350|EA|151|KRW|52850|20190222|1300|
C|005186|2019|50004761330001|001|4300012815|00030|CMF0015|20|EA|450|KRW|9000|20190222|1300|
C|005186|2019|50004761330002|001|4300012815|00050|CMA0008|50|EA|470|KRW|23500|20190222|1300|
C|005186|2019|50004761330003|001|4300012815|00070|CMB0003|60|EA|2200|KRW|132000|20190222|1300|
C|005186|2019|50004761330004|001|4300012815|00080|CMB0001|160|EA|520|KRW|83200|20190222|1300|
C|005186|2019|50004761330005|001|4300012815|00090|CMA0007|200|EA|151|KRW|30200|20190222|1300|
C|005186|2019|50004761330006|001|4300012815|00100|CMA0001|300|EA|151|KRW|45300|20190222|1300|
C|005186|2019|50004761330007|001|4300012815|00110|CMC0005|300|EA|150|KRW|45000|20190222|1300|
C|005186|2019|50004761340001|001|4300012811|00020|CMF0005|2|EA|18700|KRW|37400|20190222|1300|
C|005186|2019|50004761340002|001|4300012811|00050|CME0005|10|EA|2600|KRW|26000|20190222|1300|
C|005186|2019|50004761340003|001|4300012811|00070|CMA0008|50|EA|470|KRW|23500|20190222|1300|
C|005186|2019|50004761340004|001|4300012811|00090|CMB0001|150|EA|520|KRW|78000|20190222|1300|
C|005186|2019|50004761340005|001|4300012811|00110|CMA0007|400|EA|151|KRW|60400|20190222|1300|
C|005186|2019|50004761340006|001|4300012811|00120|CMC0005|500|EA|150|KRW|75000|20190222|1300|
C|005186|2019|50004761340007|001|4300012811|00140|CMA0001|700|EA|151|KRW|105700|20190222|1300|
C|005186|2019|50004761350001|001|4300012814|00010|CMD0011|1|EA|24100|KRW|24100|20190222|1300|
C|005186|2019|50004761350002|001|4300012814|00020|CMA0028|2|EA|7350|KRW|14700|20190222|1300|
C|005186|2019|50004761350003|001|4300012814|00040|CMA0002|20|EA|1440|KRW|28800|20190222|1300|
C|005186|2019|50004761350004|001|4300012814|00060|CMA0008|50|EA|470|KRW|23500|20190222|1300|
C|005186|2019|50004761350005|001|4300012814|00070|CMC0005|50|EA|150|KRW|7500|20190222|1300|
C|005186|2019|50004761350006|001|4300012814|00080|CMB0003|120|EA|2200|KRW|264000|20190222|1300|
C|005186|2019|50004761350007|001|4300012814|00090|CMA0007|150|EA|151|KRW|22650|20190222|1300|
C|005186|2019|50004761350008|001|4300012814|00100|CMA0001|200|EA|151|KRW|30200|20190222|1300|
C|005186|2019|50004761350009|001|4300012814|00110|CMD0016|1|EA|29000|KRW|29000|20190222|1300|
C|005186|2019|50004761360001|001|4300012813|00010|CMA0028|1|EA|7350|KRW|7350|20190222|1300|
C|005186|2019|50004761360002|001|4300012813|00050|CMB0003|20|EA|2200|KRW|44000|20190222|1300|
C|005186|2019|50004761360003|001|4300012813|00060|CMB0001|80|EA|520|KRW|41600|20190222|1300|
C|005186|2019|50004761360004|001|4300012813|00070|CMA0007|100|EA|151|KRW|15100|20190222|1300|
C|005186|2019|50004761360005|001|4300012813|00080|CMA0001|150|EA|151|KRW|22650|20190222|1300|
C|005186|2019|50004761370001|001|4300012801|00020|CMA0028|5|EA|7350|KRW|36750|20190222|1300|
C|005186|2019|50004761370002|001|4300012801|00030|CMA0001|200|EA|151|KRW|30200|20190222|1300|
C|005186|2019|50004761370003|001|4300012801|00040|CMA0007|200|EA|151|KRW|30200|20190222|1300|
C|005186|2019|50004761370004|001|4300012801|00050|CMA0008|200|EA|470|KRW|94000|20190222|1300|
