C|005186|2020|50005834290001|001|4300017542|00010|UHFC0374|10|EA|1580|KRW|15800|20200821|1300|
C|005186|2020|50005834290002|001|4300017542|00040|UGAC0091|1|EA|33920|KRW|33920|20200821|1300|
C|005186|2020|50005834290003|001|4300017542|00060|UHGC0197|5|EA|180000|KRW|180000|20200821|1300|
C|005186|2020|50005834290004|001|4300017542|00070|UHGC0139|1|EA|561750|KRW|561750|20200821|1300|
C|005186|2020|50005834290005|001|4300017542|00080|UHFC0298|10|EA|168000|KRW|168000|20200821|1300|
C|005186|2020|50005834290006|001|4300017542|00090|UHFC0302|5|EA|23800|KRW|119000|20200821|1300|
C|005186|2020|50005834290007|001|4300017542|00100|UHFC0318|5|EA|29400|KRW|147000|20200821|1300|
C|005186|2020|50005834290008|001|4300017543|00010|UHTC0465|10|EA|138900|KRW|138900|20200821|1300|
C|005186|2020|50005834290009|001|4300017543|00020|UHTC0466|10|EA|9450|KRW|94500|20200821|1300|
C|005186|2020|50005834290010|001|4300017543|00030|UHGC0055|5|EA|85500|KRW|85500|20200821|1300|
C|005186|2020|50005834290011|001|4300017543|00040|UHGC0092|2|EA|500000|KRW|1000000|20200821|1300|
C|005186|2020|50005834290012|001|4300017543|00050|UHGC0291|5|EA|118500|KRW|118500|20200821|1300|
C|005186|2020|50005834290013|001|4300017571|00010|UHFC0450|20|EA|1380|KRW|13800|20200821|1300|
C|005186|2020|50005834290014|001|4300017571|00040|UHNC0144|20|EA|74200|KRW|1484000|20200821|1300|
C|005186|2020|50005834290015|001|4300017571|00050|UHGC0080|2|EA|133350|KRW|266700|20200821|1300|
C|005186|2020|50005834290016|001|4300017572|00020|UHDC0041|20|EA|65100|KRW|1302000|20200821|1300|
C|005186|2020|50005834290017|001|4300017572|00030|UHTC0211|1|EA|522900|KRW|522900|20200821|1300|
C|005186|2020|50005834290018|001|4300017612|00010|UHGC0248|5|EA|73690|KRW|368450|20200821|1300|
C|005186|2020|50005834290019|001|4300017612|00020|UHGC0313|5|EA|191860|KRW|191860|20200821|1300|
C|005186|2020|50005834290020|001|4300017612|00030|UGAC0005|2|EA|250000|KRW|500000|20200821|1300|
C|005186|2020|50005834290021|001|4300017612|00040|UHBC0018|1|EA|547400|KRW|547400|20200821|1300|
C|005186|2020|50005834290022|001|4300017613|00010|UHTC0872|10|EA|58850|KRW|588500|20200821|1300|
C|005186|2020|50005834290023|001|4300017613|00020|UHFC0108|4|EA|233100|KRW|932400|20200821|1300|
C|005186|2020|50005834290024|001|4300017613|00030|UHGC0026|4|EA|94500|KRW|378000|20200821|1300|
C|005186|2020|50005834290025|001|4300017614|00010|UHGC0254|2|EA|800000|KRW|1600000|20200821|1300|
C|005186|2020|50005834300001|001|4300017658|00010|UEBC1700|30|EA|52500|KRW|1575000|20200821|1300|
C|005186|2020|50005835210001|001|4300017665|00010|UKBC0016|6|EA|10110|KRW|60660|20200821|1300|
C|005186|2020|50005835210002|001|4300017665|00030|UGBC1526|10|EA|39300|KRW|393000|20200821|1300|
C|005186|2020|50005835210003|001|4300017665|00040|UGBC1527|10|EA|27600|KRW|276000|20200821|1300|
C|005186|2020|50005835210004|001|4300017665|00060|UZZC0030|20|EA|15200|KRW|30400|20200821|1300|
C|005186|2020|50005835210005|001|4300017665|00070|UZZC0020|50|EA|33500|KRW|33500|20200821|1300|
C|005186|2020|50005835210006|001|4300017666|00020|UKBC0014|1|EA|52500|KRW|52500|20200821|1300|
C|005186|2020|50005835210007|001|4300017667|00080|UCKC0087|1|EA|308550|KRW|308550|20200821|1300|
C|005186|2020|50005835220001|001|4300017665|00020|UGCC1097|20|EA|8000|KRW|160000|20200821|1300|
