C|005186|2019|50005270830001|001|4300014913|00020|UIDC0087|1|EA|185260|KRW|185260|20191031|1300|
C|005186|2019|50005270830002|001|4300014922|00040|UGBC1177|30|EA|810|KRW|24300|20191031|1300|
C|005186|2019|50005270830003|001|4300014922|00050|UDFC0101|10|EA|16170|KRW|161700|20191031|1300|
C|005186|2019|50005270830004|001|4300014926|00310|UDDC0298|1|EA|32080|KRW|32080|20191031|1300|
C|005186|2019|50005270830005|001|4300014926|00320|UDDC0305|1|EA|28350|KRW|28350|20191031|1300|
C|005186|2019|50005270830006|001|4300014926|00330|UDDC0309|1|EA|37540|KRW|37540|20191031|1300|
C|005186|2019|50005270830007|001|4300014926|00340|UDDC0033|10|EA|19950|KRW|39900|20191031|1300|
C|005186|2019|50005270830008|001|4300014926|00350|UDDC0233|5|EA|6200|KRW|31000|20191031|1300|
C|005186|2019|50005270830009|001|4300014979|00010|UAEC0418|100|EA|658000|KRW|1316000|20191031|1300|
C|005186|2019|50005270830010|001|4300014979|00020|UAEC0372|100|EA|656250|KRW|1312500|20191031|1300|
C|005186|2019|50005270840001|001|4300014974|00030|UDAC0228|500|EA|394000|KRW|394000|20191031|1300|
C|005186|2019|50005270840002|001|4300014974|00040|UDAC0331|500|EA|85000|KRW|425000|20191031|1300|
C|005186|2019|50005270840003|001|4300014975|00050|UEBC1505|2|EA|454000|KRW|908000|20191031|1300|
C|005186|2019|50005270840004|001|4300014976|00010|UDBC0008|100|EA|871500|KRW|871500|20191031|1300|
C|005186|2019|50005270840005|001|4300014977|00050|UEBC0816|20|EA|8430|KRW|168600|20191031|1300|
C|005186|2019|50005270840006|001|4300014978|00020|UDAC0012|300|EA|300000|KRW|900000|20191031|1300|
C|005186|2019|50005270850001|001|4300014744|00020|UGCC1583|2|EA|178500|KRW|357000|20191031|1300|
C|005186|2019|50005270850002|001|4300014744|00090|UGBC1773|1|EA|70300|KRW|70300|20191031|1300|
C|005186|2019|50005270890001|001|4300014995|00040|UFGC0065|10|EA|5000|KRW|50000|20191031|1300|
C|005186|2019|50005270890002|001|4300015018|00010|UCCC0013|3|EA|401000|KRW|1203000|20191031|1300|
C|005186|2019|50005270890003|001|4300015018|00020|UCCC0014|2|EA|534000|KRW|1068000|20191031|1300|
C|005186|2019|50005270890004|001|4300015021|00050|UDBC0876|50|EA|117000|KRW|117000|20191031|1300|
C|005186|2019|50005270890005|001|4300015024|00020|UADC0107|1|EA|220500|KRW|220500|20191031|1300|
C|005186|2019|50005270890006|001|4300015025|00010|UFFC0004|10|EA|171190|KRW|1711900|20191031|1300|
C|005186|2019|50005270890007|001|4300015025|00020|UFFC0055|1|EA|71400|KRW|71400|20191031|1300|
C|005186|2019|50005270890008|001|4300015026|00040|UAEC0387|10|EA|5470|KRW|54700|20191031|1300|
C|005186|2019|50005270890009|001|4300015028|00010|KT990001|200|EA|5100|KRW|102000|20191031|1300|
C|005186|2019|50005270890010|001|4300015028|00020|KT990010|200|EA|3700|KRW|74000|20191031|1300|
C|005186|2019|50005270900001|001|4300014926|00020|UJCC0053|10|EA|420000|KRW|420000|20191031|1300|
C|005186|2019|50005270900002|001|4300014971|00020|UGBC0208|10|EA|22050|KRW|44100|20191031|1300|
C|005186|2019|50005272020001|001|4300014995|00030|UDEC0007|2|EA|976500|KRW|1953000|20191031|1300|
C|005186|2019|50005272020002|001|4300015017|00030|UCCC0010|1|EA|271500|KRW|271500|20191031|1300|
C|005186|2019|50005272020003|001|4300015021|00080|UDDC0024|1|EA|31240|KRW|31240|20191031|1300|
C|005186|2019|50005272020004|001|4300015023|00040|UDEC0014|2|EA|58440|KRW|116880|20191031|1300|
C|005186|2019|50005272030001|001|4300015024|00010|UEAC0047|1|EA|915600|KRW|915600|20191031|1300|
C|005186|2019|50005272030002|001|4300015026|00030|UDBC0704|1|EA|9650|KRW|9650|20191031|1300|
C|005186|2019|50005272030003|001|4300015029|00020|UGCC0502|1|EA|38000|KRW|38000|20191031|1300|
C|005186|2019|50005272030004|001|4300015029|00030|UGCC0500|1|EA|100700|KRW|100700|20191031|1300|
C|005186|2019|50005272030005|001|4300015029|00210|UAEC0060|2|EA|22320|KRW|22320|20191031|1300|
C|005186|2019|50005272030006|001|4300015029|00220|UAEC0061|4|EA|30520|KRW|61040|20191031|1300|
C|005186|2019|50005272030007|001|4300015029|00230|UDBC0654|200|EA|14000|KRW|28000|20191031|1300|
C|005186|2019|50005272030008|001|4300015029|00260|UDBC0423|200|EA|7500|KRW|15000|20191031|1300|
C|005186|2019|50005272030009|001|4300015029|00270|UDBC0425|200|EA|8500|KRW|17000|20191031|1300|
C|005186|2019|50005272030010|001|4300015030|00040|UAGC0582|10|EA|123850|KRW|247700|20191031|1300|
C|005186|2019|50005272030011|001|4300015030|00050|UAGC0583|10|EA|126500|KRW|253000|20191031|1300|
C|005186|2019|50005272040001|001|4300014973|00050|UCKC0035|15|EA|222600|KRW|667800|20191031|1300|
C|005186|2019|50005272040002|001|4300015019|00010|UHTC0040|1|EA|1960000|KRW|1960000|20191031|1300|
C|005186|2019|50005272040003|001|4300015020|00010|UHAC0010|2|EA|960000|KRW|1920000|20191031|1300|
C|005186|2019|50005272040004|001|4300015026|00020|UHGC0294|5|EA|96460|KRW|482300|20191031|1300|
C|005186|2019|50005272040005|001|4300015026|00050|UHNC0059|1|EA|445500|KRW|445500|20191031|1300|
C|005186|2019|50005272040006|001|4300015026|00060|UHNC0136|1|EA|947380|KRW|947380|20191031|1300|
C|005186|2019|50005272040007|001|4300015027|00010|UHGC0254|1|EA|800000|KRW|800000|20191031|1300|
C|005186|2019|50005272040008|001|4300015027|00020|UHTC0287|24|EA|16200|KRW|388800|20191031|1300|
C|005186|2019|50005272040009|001|4300015027|00030|UHNC0134|1|EA|812640|KRW|812640|20191031|1300|
C|005186|2019|50005272050001|001|4300015017|00020|UHTC0512|1|EA|442120|KRW|442120|20191031|1300|
C|005186|2019|50005272060001|001|4300015029|00250|UCIC0189|1|EA|932000|KRW|932000|20191031|1300|
C|005186|2019|50005272060002|001|4300015050|00010|CMA0006|5|EA|2970|KRW|14850|20191031|1300|
C|005186|2019|50005272060003|001|4300015050|00020|CMH0007|1|EA|11600|KRW|11600|20191031|1300|
C|005186|2019|50005272060004|001|4300015050|00060|CME0010|160|EA|240|KRW|38400|20191031|1300|
C|005186|2019|50005272060005|001|4300015052|00050|CMB0010|20|EA|1280|KRW|25600|20191031|1300|
C|005186|2019|50005272060006|001|4300015053|00020|CMB0010|150|EA|1280|KRW|192000|20191031|1300|
C|005186|2019|50005272060007|001|4300015054|00040|CMB0010|70|EA|1280|KRW|89600|20191031|1300|
C|005186|2019|50005272060008|001|4300015054|00080|CMZ0014|1|EA|19000|KRW|19000|20191031|1300|
C|005186|2019|50005272060009|001|4300015055|00070|CMF0001|10|EA|1950|KRW|19500|20191031|1300|
C|005186|2019|50005272060010|001|4300015056|00060|CMB0010|50|EA|1280|KRW|64000|20191031|1300|
C|005186|2019|50005272060011|001|4300015056|00070|CME0001|12|EA|3300|KRW|39600|20191031|1300|
C|005186|2019|50005272060012|001|4300015056|00080|CME0010|60|EA|240|KRW|14400|20191031|1300|
C|005186|2019|50005272060013|001|4300015058|00010|CMB0010|400|EA|1280|KRW|512000|20191031|1300|
C|005186|2019|50005272060014|001|4300015058|00040|CMH0007|2|EA|11600|KRW|23200|20191031|1300|
C|005186|2019|50005272060015|001|4300015058|00080|CME0006|4|EA|3080|KRW|12320|20191031|1300|
C|005186|2019|50005272060016|001|4300015066|00050|CMB0010|200|EA|1280|KRW|256000|20191031|1300|
