C|005186|2018|50004357830001|001|4300010793|00040|UDDC0362|1|EA|114500|KRW|114500|20180814|1300|
C|005186|2018|50004357830002|001|4300010793|00050|UDEC0105|3|EA|129470|KRW|388410|20180814|1300|
C|005186|2018|50004357830003|001|4300010793|00060|UDDC0343|5|EA|130900|KRW|654500|20180814|1300|
C|005186|2018|50004357830004|001|4300010793|00070|UDDC0365|5|EA|73000|KRW|365000|20180814|1300|
C|005186|2018|50004357830005|001|4300010793|00080|UDDC0255|2|EA|94290|KRW|188580|20180814|1300|
C|005186|2018|50004357830006|001|4300010795|00030|UDDC0240|1|EA|29820|KRW|29820|20180814|1300|
C|005186|2018|50004357830007|001|4300010800|00040|UFFC0013|5|EA|30450|KRW|152250|20180814|1300|
C|005186|2018|50004357830008|001|4300010915|00010|UDDC0145|2|EA|79500|KRW|159000|20180814|1300|
C|005186|2018|50004357830009|001|4300010942|00040|UDDC0405|2|EA|122150|KRW|244300|20180814|1300|
C|005186|2018|50004357830010|001|4300011021|00030|UDDC0183|1|EA|19400|KRW|19400|20180814|1300|
C|005186|2018|50004357830011|001|4300011021|00040|UDDC0321|1|EA|164100|KRW|164100|20180814|1300|
