C|005186|2017|50003743800001|001|4300008600|00010|UDEC0121|2|EA|55650|KRW|111300|20171014|1300|
C|005186|2017|50003743800002|001|4300008600|00080|UFGC0057|10|EA|4940|KRW|49400|20171014|1300|
C|005186|2017|50003743800003|001|4300008610|00010|UHGC0203|5|EA|103950|KRW|519750|20171014|1300|
C|005186|2017|50003743800004|001|4300008610|00020|UHNC0134|1|EA|812640|KRW|812640|20171014|1300|
C|005186|2017|50003743800005|001|4300008610|00030|UHTC0806|1|EA|551200|KRW|551200|20171014|1300|
C|005186|2017|50003743800006|001|4300008611|00010|UHNC0032|1|EA|293000|KRW|293000|20171014|1300|
C|005186|2017|50003743800007|001|4300008611|00020|UHGC0330|5|EA|257250|KRW|1286250|20171014|1300|
C|005186|2017|50003743800008|001|4300008611|00030|UHGC0333|2|EA|205800|KRW|411600|20171014|1300|
C|005186|2017|50003743800009|001|4300008641|00010|UFGC0017|100|EA|3500|KRW|350000|20171014|1300|
C|005186|2017|50003743800010|001|4300008655|00010|UHHC0201|60|EA|31580|KRW|1894800|20171014|1300|
C|005186|2017|50003743800011|001|4300008656|00020|UJCC0048|100|EA|820|KRW|82000|20171014|1300|
C|005186|2017|50003743800012|001|4300008663|00010|UHGC0053|5|EA|22940|KRW|114700|20171014|1300|
C|005186|2017|50003743800013|001|4300008663|00020|UHGC0291|5|EA|23700|KRW|118500|20171014|1300|
C|005186|2017|50003743800014|001|4300008663|00030|UHTC0371|1|EA|132300|KRW|132300|20171014|1300|
C|005186|2017|50003743800015|001|4300008663|00040|UHTC0366|2|EA|184800|KRW|369600|20171014|1300|
C|005186|2017|50003743800016|001|4300008663|00050|UHDC0093|5|EA|138600|KRW|693000|20171014|1300|
C|005186|2017|50003743800017|001|4300008664|00010|UHFC0399|1|EA|944000|KRW|944000|20171014|1300|
C|005186|2017|50003743800018|001|4300008664|00020|UHFC0174|10|EA|31050|KRW|310500|20171014|1300|
C|005186|2017|50003743800019|001|4300008664|00030|UHFC0175|10|EA|38730|KRW|387300|20171014|1300|
C|005186|2017|50003743800020|001|4300008665|00010|UGBC0973|3|EA|246750|KRW|740250|20171014|1300|
C|005186|2017|50003743800021|001|4300008665|00020|UHHC0140|1|EA|81690|KRW|81690|20171014|1300|
C|005186|2017|50003743800022|001|4300008665|00030|UEBC1177|2|EA|44500|KRW|89000|20171014|1300|
C|005186|2017|50003743800023|001|4300008665|00040|UEBC0335|2|EA|4700|KRW|9400|20171014|1300|
C|005186|2017|50003743800024|001|4300008665|00050|UEBC0348|2|EA|23100|KRW|46200|20171014|1300|
C|005186|2017|50003743800025|001|4300008665|00060|UEBC1078|2|EA|22100|KRW|44200|20171014|1300|
C|005186|2017|50003743800026|001|4300008665|00070|UDDC0133|6|EA|28245|KRW|169470|20171014|1300|
C|005186|2017|50003743800027|001|4300008665|00080|UDDC0043|6|EA|89040|KRW|534240|20171014|1300|
C|005186|2017|50003743800028|001|4300008665|00090|UEBC0799|5|EA|42320|KRW|211600|20171014|1300|
C|005186|2017|50003743800029|001|4300008665|00100|UDDC0373|1|EA|36900|KRW|36900|20171014|1300|
C|005186|2017|50003743800030|001|4300008666|00020|UEBC1244|3|EA|418000|KRW|1254000|20171014|1300|
C|005186|2017|50003743800031|001|4300008667|00060|UDFC0100|1|EA|29400|KRW|29400|20171014|1300|
C|005186|2017|50003743800032|001|4300008667|00090|UEBC0677|1|EA|60060|KRW|60060|20171014|1300|
C|005186|2017|50003743800033|001|4300008667|00100|UEBC1316|6|EA|16960|KRW|101760|20171014|1300|
C|005186|2017|50003743800034|001|4300008668|00010|UGCC0012|2|EA|880000|KRW|1760000|20171014|1300|
C|005186|2017|50003743810001|001|4300008597|00030|UDDC0392|2|EA|28670|KRW|57340|20171014|1300|
C|005186|2017|50003743810002|001|4300008600|00050|UDDC0393|4|EA|150780|KRW|603120|20171014|1300|
