C|005186|2015|50001513890001|001|4300002699|00050|CMA0017|5|EA|780|KRW|3900|20150515|1300|
C|005186|2015|50001513890002|001|4300002699|00130|CMF0004|2|EA|22050|KRW|44100|20150515|1300|
C|005186|2015|50001513890003|001|4300002699|00160|CMF0009|2|EA|5700|KRW|11400|20150515|1300|
C|005186|2015|50001513890004|001|4300002699|00200|CMZ0014|2|EA|23300|KRW|46600|20150515|1300|
C|005186|2015|50001513890005|001|4300002699|00210|CMZ0032|2|EA|1970|KRW|3940|20150515|1300|
C|005186|2015|50001513890006|001|4300002700|00050|CMA0017|20|EA|780|KRW|15600|20150515|1300|
C|005186|2015|50001513890007|001|4300002700|00140|CMF0013|20|EA|760|KRW|15200|20150515|1300|
C|005186|2015|50001513890008|001|4300002700|00150|CMF0021|3|EA|5400|KRW|16200|20150515|1300|
C|005186|2015|50001513890009|001|4300002700|00170|CMH0004|5|EA|760|KRW|3800|20150515|1300|
C|005186|2015|50001513890010|001|4300002701|00050|CMA0017|10|EA|780|KRW|7800|20150515|1300|
C|005186|2015|50001513890011|001|4300002701|00110|CMF0001|10|EA|1680|KRW|16800|20150515|1300|
C|005186|2015|50001513890012|001|4300002701|00120|CMF0002|10|EA|1100|KRW|11000|20150515|1300|
C|005186|2015|50001513890013|001|4300002701|00130|CMF0004|2|EA|22050|KRW|44100|20150515|1300|
C|005186|2015|50001513890014|001|4300002701|00140|CMF0020|10|EA|700|KRW|7000|20150515|1300|
C|005186|2015|50001513890015|001|4300002701|00150|CMH0007|4|EA|11700|KRW|46800|20150515|1300|
C|005186|2015|50001513890016|001|4300002702|00050|CMA0017|20|EA|780|KRW|15600|20150515|1300|
C|005186|2015|50001513890017|001|4300002702|00160|CMH0007|4|EA|11700|KRW|46800|20150515|1300|
C|005186|2015|50001513890018|001|4300002702|00200|CMZ0008|3|EA|578|KRW|1734|20150515|1300|
C|005186|2015|50001513890019|001|4300002703|00040|CMA0017|20|EA|780|KRW|15600|20150515|1300|
C|005186|2015|50001513890020|001|4300002703|00070|CMF0001|20|EA|1680|KRW|33600|20150515|1300|
C|005186|2015|50001513890021|001|4300002703|00080|CMF0004|3|EA|22050|KRW|66150|20150515|1300|
C|005186|2015|50001513890022|001|4300002703|00100|CMF0007|10|EA|1780|KRW|17800|20150515|1300|
C|005186|2015|50001513890023|001|4300002703|00110|CMF0008|10|EA|1785|KRW|17850|20150515|1300|
C|005186|2015|50001513890024|001|4300002703|00120|CMF0013|10|EA|760|KRW|7600|20150515|1300|
C|005186|2015|50001513890025|001|4300002703|00130|CMF0017|50|EA|505|KRW|25250|20150515|1300|
C|005186|2015|50001513890026|001|4300002703|00140|CMH0007|3|EA|11700|KRW|35100|20150515|1300|
C|005186|2015|50001513890027|001|4300002703|00150|CMZ0032|6|EA|1970|KRW|11820|20150515|1300|
C|005186|2015|50001513890028|001|4300002704|00030|CMA0017|200|EA|780|KRW|156000|20150515|1300|
C|005186|2015|50001513890029|001|4300002704|00100|CMF0001|10|EA|1680|KRW|16800|20150515|1300|
C|005186|2015|50001513890030|001|4300002704|00110|CMF0004|6|EA|22050|KRW|132300|20150515|1300|
C|005186|2015|50001513890031|001|4300002704|00130|CMH0007|5|EA|11700|KRW|58500|20150515|1300|
C|005186|2015|50001513890032|001|4300002704|00160|CMZ0014|3|EA|23300|KRW|69900|20150515|1300|
C|005186|2015|50001513890033|001|4300002705|00120|CMH0007|3|EA|11700|KRW|35100|20150515|1300|
C|005186|2015|50001513890034|001|4300002705|00130|CMZ0007|10|EA|330|KRW|3300|20150515|1300|
C|005186|2015|50001513890035|001|4300002705|00140|CMZ0014|2|EA|23300|KRW|46600|20150515|1300|
C|005186|2015|50001513890036|001|4300002706|00010|CMZ0009|20|EA|740|KRW|14800|20150515|1300|
C|005186|2015|50001513890037|001|4300002706|00150|CMF0015|15|EA|500|KRW|7500|20150515|1300|
C|005186|2015|50001513890038|001|4300002706|00160|CMF0021|2|EA|5400|KRW|10800|20150515|1300|
C|005186|2015|50001513890039|001|4300002706|00180|CMF0001|3|EA|1680|KRW|5040|20150515|1300|
C|005186|2015|50001513890040|001|4300002707|00110|CMF0006|1|EA|11970|KRW|11970|20150515|1300|
C|005186|2015|50001513890041|001|4300002707|00120|CMF0009|2|EA|5700|KRW|11400|20150515|1300|
C|005186|2015|50001513890042|001|4300002707|00130|CMF0021|2|EA|5400|KRW|10800|20150515|1300|
C|005186|2015|50001513890043|001|4300002707|00140|CMH0007|3|EA|11700|KRW|35100|20150515|1300|
C|005186|2015|50001513890044|001|4300002708|00020|CMA0002|2|EA|1530|KRW|3060|20150515|1300|
C|005186|2015|50001513890045|001|4300002708|00050|CMA0017|2|EA|780|KRW|1560|20150515|1300|
C|005186|2015|50001513890046|001|4300002708|00070|CMF0002|2|EA|1100|KRW|2200|20150515|1300|
C|005186|2015|50001513890047|001|4300002708|00080|CMZ0014|2|EA|23300|KRW|46600|20150515|1300|
C|005186|2015|50001513890048|001|4300002710|00070|CMF0001|5|EA|1680|KRW|8400|20150515|1300|
C|005186|2015|50001513890049|001|4300002710|00090|CMH0007|1|EA|11700|KRW|11700|20150515|1300|
C|005186|2015|50001513890050|001|4300002710|00100|CMZ0014|1|EA|23300|KRW|23300|20150515|1300|
C|005186|2015|50001514800001|001|4300002699|00150|CMF0006|20|EA|11970|KRW|239400|20150515|1300|
C|005186|2015|50001514800002|001|4300002715|00050|UAAC0011|2|EA|2520|KRW|5040|20150515|1300|
C|005186|2015|50001514800003|001|4300002745|00010|CMC0005|200|EA|190|KRW|38000|20150515|1300|
C|005186|2015|50001514800004|001|4300002745|00020|CMH0004|200|EA|760|KRW|152000|20150515|1300|
C|005186|2015|50001514800005|001|4300002745|00030|CMF0021|2|EA|5400|KRW|10800|20150515|1300|
C|005186|2015|50001514810001|001|4300002699|00080|CMD0011|8|EA|24150|KRW|193200|20150515|1300|
C|005186|2015|50001514810002|001|4300002699|00090|CMD0016|5|EA|30450|KRW|152250|20150515|1300|
C|005186|2015|50001514810003|001|4300002700|00100|CMD0011|5|EA|24150|KRW|120750|20150515|1300|
C|005186|2015|50001514810004|001|4300002702|00110|CMD0011|1|EA|24150|KRW|24150|20150515|1300|
C|005186|2015|50001514810005|001|4300002704|00070|CMD0011|8|EA|24150|KRW|193200|20150515|1300|
C|005186|2015|50001514810006|001|4300002704|00080|CMD0012|1|EA|29400|KRW|29400|20150515|1300|
C|005186|2015|50001514810007|001|4300002705|00070|CMD0011|3|EA|24150|KRW|72450|20150515|1300|
C|005186|2015|50001514810008|001|4300002705|00080|CMD0016|2|EA|30450|KRW|60900|20150515|1300|
C|005186|2015|50001514820001|001|4300002699|00140|CMF0005|1|EA|20700|KRW|20700|20150515|1300|
C|005186|2015|50001514820002|001|4300002702|00150|CMF0005|8|EA|20700|KRW|165600|20150515|1300|
C|005186|2015|50001514820003|001|4300002703|00090|CMF0005|4|EA|20700|KRW|82800|20150515|1300|
C|005186|2015|50001514820004|001|4300002704|00120|CMF0005|6|EA|20700|KRW|124200|20150515|1300|
C|005186|2015|50001514820005|001|4300002705|00110|CMF0005|2|EA|20700|KRW|41400|20150515|1300|
C|005186|2015|50001514820006|001|4300002706|00170|CMF0005|2|EA|20700|KRW|41400|20150515|1300|
C|005186|2015|50001514820007|001|4300002707|00100|CMF0005|6|EA|20700|KRW|124200|20150515|1300|
C|005186|2015|50001514820008|001|4300002710|00080|CMF0005|2|EA|20700|KRW|41400|20150515|1300|
