C|005186|2017|50003822120001|001|4300008494|00020|UAEC0030|2|EA|15750|KRW|31500|20171115|1300|
C|005186|2017|50003822120002|001|4300008494|00030|UAAC0029|10|EA|1890|KRW|18900|20171115|1300|
C|005186|2017|50003822120003|001|4300008499|00010|UAEC0137|3|EA|46950|KRW|140850|20171115|1300|
C|005186|2017|50003822120004|001|4300008499|00060|UGCC0582|20|EA|31050|KRW|621000|20171115|1300|
C|005186|2017|50003822120005|001|4300008499|00070|UIEC0025|5|EA|5040|KRW|25200|20171115|1300|
C|005186|2017|50003822120006|001|4300008499|00080|UAKC0021|5|EA|10200|KRW|51000|20171115|1300|
C|005186|2017|50003822120007|001|4300008499|00090|UAKC0027|5|EA|8190|KRW|40950|20171115|1300|
C|005186|2017|50003822120008|001|4300008500|00020|UGCC0582|20|EA|31050|KRW|621000|20171115|1300|
C|005186|2017|50003822120009|001|4300008500|00060|UAEC0008|2|EA|5480|KRW|10960|20171115|1300|
C|005186|2017|50003822120010|001|4300008500|00070|UAEC0329|1|EA|31320|KRW|31320|20171115|1300|
C|005186|2017|50003822120011|001|4300008500|00080|UAEC0224|2|EA|2340|KRW|4680|20171115|1300|
C|005186|2017|50003823560001|001|4300008498|00010|UHTC0239|1|EA|15750|KRW|15750|20171115|1300|
C|005186|2017|50003823570001|001|4300008498|00020|UGCC0919|2|EA|63600|KRW|127200|20171115|1300|
C|005186|2017|50003823580001|001|4300008498|00040|UGCC0244|20|EA|9980|KRW|199600|20171115|1300|
C|005186|2017|50003823580002|001|4300008498|00050|UGCC0257|20|EA|11550|KRW|231000|20171115|1300|
