C|005186|2014|50001071790001|001|4300001832|00110|UGCC0292|10|EA|41980|KRW|419800|20141031|1300|
C|005186|2014|50001071790002|001|4300001832|00240|UGCC0732|10|EA|5260|KRW|52600|20141031|1300|
C|005186|2014|50001071790003|001|4300001832|00310|UGCC0866|2|EA|27500|KRW|55000|20141031|1300|
C|005186|2014|50001071790004|001|4300001832|00320|UGCC0776|1|EA|334600|KRW|334600|20141031|1300|
C|005186|2014|50001071790005|001|4300001832|00470|UGCC0355|2|EA|53550|KRW|107100|20141031|1300|
C|005186|2014|50001071790006|001|4300001832|00560|UGCC0856|2|EA|112200|KRW|224400|20141031|1300|
C|005186|2014|50001071790007|001|4300001832|00570|UGCC0766|1|EA|98400|KRW|98400|20141031|1300|
C|005186|2014|50001071800001|001|4300001832|00130|UAEC0357|100|EA|5790|KRW|579000|20141031|1300|
C|005186|2014|50001071800002|001|4300001832|00140|UAEC0414|100|EA|5830|KRW|583000|20141031|1300|
C|005186|2014|50001071810001|001|4300001832|00010|UAAC0013|10|EA|6580|KRW|65800|20141031|1300|
C|005186|2014|50001071810002|001|4300001832|00020|UGCC0612|10|EA|3680|KRW|36800|20141031|1300|
C|005186|2014|50001071810003|001|4300001832|00030|UGBC1148|20|EA|3750|KRW|75000|20141031|1300|
C|005186|2014|50001071810004|001|4300001832|00040|UIEC0040|2|EA|3938|KRW|7876|20141031|1300|
C|005186|2014|50001071810005|001|4300001832|00080|UGCC0031|1|EA|38800|KRW|38800|20141031|1300|
C|005186|2014|50001071810006|001|4300001832|00120|UDAC0038|10|EA|2730|KRW|27300|20141031|1300|
C|005186|2014|50001071810007|001|4300001832|00180|UAHC0047|50|EA|7680|KRW|384000|20141031|1300|
C|005186|2014|50001071810008|001|4300001832|00190|UAHC0024|50|EA|7660|KRW|383000|20141031|1300|
C|005186|2014|50001071810009|001|4300001832|00210|UAEC0074|2|EA|9110|KRW|18220|20141031|1300|
C|005186|2014|50001071810010|001|4300001832|00220|UAEC0069|2|EA|16310|KRW|32620|20141031|1300|
C|005186|2014|50001071810011|001|4300001832|00230|UAEC0095|1|EA|22630|KRW|22630|20141031|1300|
C|005186|2014|50001071810012|001|4300001832|00330|UAEC0137|1|EA|46950|KRW|46950|20141031|1300|
C|005186|2014|50001071810013|001|4300001832|00500|UAGC0259|10|EA|1920|KRW|19200|20141031|1300|
C|005186|2014|50001071810014|001|4300001832|00510|UAGC0260|10|EA|1920|KRW|19200|20141031|1300|
C|005186|2014|50001071820001|001|4300001806|00570|UCKC0035|20|EA|44520|KRW|890400|20141031|1300|
C|005186|2014|50001071820002|001|4300001832|00050|UHFC0192|1|EA|185325|KRW|185325|20141031|1300|
C|005186|2014|50001071820003|001|4300001832|00070|UHDC0061|30|EA|10300|KRW|309000|20141031|1300|
C|005186|2014|50001071820004|001|4300001832|00610|UHHC0069|2|EA|412650|KRW|825300|20141031|1300|
C|005186|2014|50001071820005|001|4300001832|00630|UHFC0337|2|EA|104210|KRW|208420|20141031|1300|
C|005186|2014|50001071820006|001|4300001832|00640|UHHC0081|1|EA|674100|KRW|674100|20141031|1300|
C|005186|2014|50001071820007|001|4300001832|00650|UHHC0082|1|EA|955500|KRW|955500|20141031|1300|
C|005186|2014|50001071820008|001|4300001832|00660|UHFC0112|1|EA|695310|KRW|695310|20141031|1300|
C|005186|2014|50001071820009|001|4300001832|00670|UHNC0090|1|EA|156000|KRW|156000|20141031|1300|
C|005186|2014|50001071820010|001|4300001832|00680|UHGC0129|1|EA|612680|KRW|612680|20141031|1300|
C|005186|2014|50001071820011|001|4300001832|00690|UHNC0047|1|EA|401740|KRW|401740|20141031|1300|
C|005186|2014|50001071820012|001|4300001832|00700|UHDC0136|100|EA|990|KRW|99000|20141031|1300|
C|005186|2014|50001071820013|001|4300001832|00710|UHDC0137|100|EA|987|KRW|98700|20141031|1300|
C|005186|2014|50001071820014|001|4300001832|00720|UHTC0035|3|EA|60900|KRW|182700|20141031|1300|
C|005186|2014|50001071820015|001|4300001832|00730|UHTC0152|5|EA|36750|KRW|183750|20141031|1300|
C|005186|2014|50001071820016|001|4300001832|00740|UHHC0141|1|EA|80850|KRW|80850|20141031|1300|
C|005186|2014|50001071820017|001|4300001832|00750|UHFC0064|5|EA|7000|KRW|35000|20141031|1300|
C|005186|2014|50001071820018|001|4300001832|00760|UHDC0061|30|EA|10300|KRW|309000|20141031|1300|
C|005186|2014|50001071820019|001|4300001832|00770|UHFC0192|1|EA|185325|KRW|185325|20141031|1300|
C|005186|2014|50001071820020|001|4300001832|00780|UHTC0048|5|EA|72900|KRW|364500|20141031|1300|
C|005186|2014|50001071820021|001|4300001832|00790|UHDC0019|10|EA|36750|KRW|367500|20141031|1300|
C|005186|2014|50001071830001|001|4300001806|00560|UJAC0012|1|EA|86840|KRW|86840|20141031|1300|
C|005186|2014|50001071830002|001|4300001832|00300|UIEC0004|2|EA|21290|KRW|42580|20141031|1300|
C|005186|2014|50001071830003|001|4300001832|00350|UDDC0311|2|EA|81460|KRW|162920|20141031|1300|
C|005186|2014|50001071830004|001|4300001832|00390|UAGC0064|1|EA|112630|KRW|112630|20141031|1300|
C|005186|2014|50001071830005|001|4300001832|00400|UADC0077|5|EA|5796|KRW|28980|20141031|1300|
C|005186|2014|50001071830006|001|4300001832|00480|UDDC0363|1|EA|77700|KRW|77700|20141031|1300|
C|005186|2014|50001071830007|001|4300001832|00620|UHHC0078|1|EA|573300|KRW|573300|20141031|1300|
C|005186|2014|50001071840001|001|4300001832|00280|UIDC0087|4|EA|185260|KRW|741040|20141031|1300|
C|005186|2014|50001071840002|001|4300001832|00290|UICC0011|20|EA|16210|KRW|324200|20141031|1300|
C|005186|2014|50001071840003|001|4300001832|00370|UIDC0043|2|EA|23100|KRW|46200|20141031|1300|
C|005186|2014|50001071840004|001|4300001832|00410|UDDC0283|5|EA|22470|KRW|112350|20141031|1300|
C|005186|2014|50001071840005|001|4300001832|00540|UIDC0044|1|EA|28500|KRW|28500|20141031|1300|
C|005186|2014|50001071840006|001|4300001832|00580|UDDC0354|3|EA|35500|KRW|106500|20141031|1300|
C|005186|2014|50001071840007|001|4300001832|00590|UDDC0355|3|EA|37300|KRW|111900|20141031|1300|
C|005186|2014|50001071850001|001|4300001832|00360|UGBC0226|3|EA|222320|KRW|666960|20141031|1300|
C|005186|2014|50001071860001|001|4300001800|00280|KS061504|4|EA|4050|KRW|16200|20141031|1300|
C|005186|2014|50001071860002|001|4300001800|00290|KS061508|2|EA|10510|KRW|21020|20141031|1300|
C|005186|2014|50001071860003|001|4300001800|00300|KS066900|2|EA|1290|KRW|2580|20141031|1300|
C|005186|2014|50001071860004|001|4300001800|00310|KS066904|2|EA|2000|KRW|4000|20141031|1300|
C|005186|2014|50001071860005|001|4300001800|00320|KS067001|2|EA|1400|KRW|2800|20141031|1300|
C|005186|2014|50001071860006|001|4300001800|00330|KS067003|2|EA|1550|KRW|3100|20141031|1300|
C|005186|2014|50001071860007|001|4300001800|00340|KS067004|2|EA|2000|KRW|4000|20141031|1300|
C|005186|2014|50001071860008|001|4300001800|00350|KS067205|4|EA|3290|KRW|13160|20141031|1300|
C|005186|2014|50001071860009|001|4300001800|00360|KS067208|2|EA|7940|KRW|15880|20141031|1300|
C|005186|2014|50001071860010|001|4300001800|00370|KS067401|5|EA|3780|KRW|18900|20141031|1300|
C|005186|2014|50001071860011|001|4300001800|00380|KS080705|5|EA|18500|KRW|92500|20141031|1300|
C|005186|2014|50001071860012|001|4300001800|00390|KS080711|3|EA|32300|KRW|96900|20141031|1300|
C|005186|2014|50001071860013|001|4300001800|00510|KT080360|1|EA|5250|KRW|5250|20141031|1300|
C|005186|2014|50001071870001|001|4300001800|00010|KE030011|7|EA|8190|KRW|57330|20141031|1300|
C|005186|2014|50001071870002|001|4300001800|00020|KE030122|3|EA|31500|KRW|94500|20141031|1300|
C|005186|2014|50001071870003|001|4300001800|00030|KE030123|4|EA|31500|KRW|126000|20141031|1300|
C|005186|2014|50001071870004|001|4300001800|00040|KE030205|6|EA|31290|KRW|187740|20141031|1300|
C|005186|2014|50001071870005|001|4300001800|00050|KE030209|1|EA|74450|KRW|74450|20141031|1300|
C|005186|2014|50001071870006|001|4300001800|00060|KE030211|1|EA|145740|KRW|145740|20141031|1300|
C|005186|2014|50001071870007|001|4300001800|00070|KE050213|2|EA|8440|KRW|16880|20141031|1300|
C|005186|2014|50001071870008|001|4300001800|00080|KE050502|2|EA|10000|KRW|20000|20141031|1300|
C|005186|2014|50001071870009|001|4300001800|00090|KE090101|4|EA|24680|KRW|98720|20141031|1300|
C|005186|2014|50001071870010|001|4300001800|00100|KE090102|4|EA|15430|KRW|61720|20141031|1300|
C|005186|2014|50001071870011|001|4300001800|00110|KE110100|4|EA|124000|KRW|496000|20141031|1300|
C|005186|2014|50001071870012|001|4300001800|00120|KE110200|10|EA|65100|KRW|651000|20141031|1300|
C|005186|2014|50001071870013|001|4300001800|00130|KE190003|4|EA|29300|KRW|117200|20141031|1300|
C|005186|2014|50001071870014|001|4300001800|00140|KE200116|1|EA|130200|KRW|130200|20141031|1300|
C|005186|2014|50001071870015|001|4300001800|00150|KE210001|4|EA|53030|KRW|212120|20141031|1300|
C|005186|2014|50001071870016|001|4300001800|00160|KE230003|208|EA|1870|KRW|388960|20141031|1300|
C|005186|2014|50001071870017|001|4300001800|00170|KE231001|26|EA|16150|KRW|419900|20141031|1300|
C|005186|2014|50001071870018|001|4300001800|00180|KE231403|10|EA|1840|KRW|18400|20141031|1300|
C|005186|2014|50001071870019|001|4300001800|00190|KE231406|6|EA|7140|KRW|42840|20141031|1300|
C|005186|2014|50001071870020|001|4300001800|00200|KE231503|12|EA|1160|KRW|13920|20141031|1300|
C|005186|2014|50001071870021|001|4300001800|00210|KE270300|140|EA|470|KRW|65800|20141031|1300|
C|005186|2014|50001071870022|001|4300001800|00220|KE270302|7|EA|6900|KRW|48300|20141031|1300|
C|005186|2014|50001071870023|001|4300001800|00570|KE180203|20|EA|13650|KRW|273000|20141031|1300|
C|005186|2014|50001071880001|001|4300001804|00010|UJCC0017|50|EA|3990|KRW|199500|20141031|1300|
C|005186|2014|50001071880002|001|4300001804|00030|UAHC0038|50|EA|7660|KRW|383000|20141031|1300|
C|005186|2014|50001071880003|001|4300001804|00050|UDBC0815|50|EA|490|KRW|24500|20141031|1300|
C|005186|2014|50001071880004|001|4300001804|00070|UAJC0049|50|EA|390|KRW|19500|20141031|1300|
C|005186|2014|50001071880005|001|4300001804|00080|UDAC0219|1|EA|88200|KRW|88200|20141031|1300|
C|005186|2014|50001071880006|001|4300001804|00140|UEBC0519|4|EA|11280|KRW|45120|20141031|1300|
C|005186|2014|50001071880007|001|4300001804|00150|UJBC0045|3|EA|121800|KRW|365400|20141031|1300|
C|005186|2014|50001071880008|001|4300001804|00470|UIDC0004|2|EA|424200|KRW|848400|20141031|1300|
C|005186|2014|50001071880009|001|4300001804|00490|UGBC0744|50|EA|520|KRW|26000|20141031|1300|
C|005186|2014|50001071880010|001|4300001804|00500|UGBC0745|30|EA|560|KRW|16800|20141031|1300|
C|005186|2014|50001071880011|001|4300001804|00540|UGBC0752|30|EA|672|KRW|20160|20141031|1300|
C|005186|2014|50001071880012|001|4300001804|00550|UGBC0753|30|EA|740|KRW|22200|20141031|1300|
C|005186|2014|50001071880013|001|4300001804|00560|UGBC0754|20|EA|910|KRW|18200|20141031|1300|
C|005186|2014|50001071880014|001|4300001804|00570|UGBC0755|20|EA|1019|KRW|20380|20141031|1300|
C|005186|2014|50001071880015|001|4300001804|00580|UGBC1233|10|EA|1180|KRW|11800|20141031|1300|
C|005186|2014|50001071880016|001|4300001804|00600|UGBC0742|20|EA|870|KRW|17400|20141031|1300|
C|005186|2014|50001071880017|001|4300001804|00620|UGBC0765|50|EA|510|KRW|25500|20141031|1300|
C|005186|2014|50001071880018|001|4300001804|00630|UGBC0766|20|EA|650|KRW|13000|20141031|1300|
C|005186|2014|50001071880019|001|4300001804|00640|UGBC1235|50|EA|590|KRW|29500|20141031|1300|
C|005186|2014|50001071880020|001|4300001804|00650|UGBC0768|30|EA|609|KRW|18270|20141031|1300|
C|005186|2014|50001071890001|001|4300001806|00030|UKAC0012|2|EA|64260|KRW|128520|20141031|1300|
C|005186|2014|50001071890002|001|4300001806|00070|UAIC0008|1|EA|88940|KRW|88940|20141031|1300|
C|005186|2014|50001071890003|001|4300001806|00080|UIDC0144|8|EA|177240|KRW|1417920|20141031|1300|
C|005186|2014|50001071890004|001|4300001806|00160|UKBC0010|2|EA|91480|KRW|182960|20141031|1300|
C|005186|2014|50001071890005|001|4300001806|00210|UAGC0068|80|EA|860|KRW|68800|20141031|1300|
C|005186|2014|50001071890006|001|4300001806|00330|UDDC0171|1|EA|384550|KRW|384550|20141031|1300|
C|005186|2014|50001071890007|001|4300001806|00360|UIDC0019|1|EA|55130|KRW|55130|20141031|1300|
C|005186|2014|50001071890008|001|4300001806|00550|UKEC0018|5|EA|1530|KRW|7650|20141031|1300|
C|005186|2014|50001071900001|001|4300001800|00230|KH990100|4|EA|27220|KRW|108880|20141031|1300|
C|005186|2014|50001071900002|001|4300001800|00240|KH990101|6|EA|7250|KRW|43500|20141031|1300|
C|005186|2014|50001071900003|001|4300001800|00250|KP100300|2|EA|31500|KRW|63000|20141031|1300|
C|005186|2014|50001071900004|001|4300001800|00260|KP100301|1|EA|31200|KRW|31200|20141031|1300|
C|005186|2014|50001071900005|001|4300001800|00270|KP150400|200|EA|170|KRW|34000|20141031|1300|
C|005186|2014|50001071900006|001|4300001800|00410|KT020003|3|EA|5600|KRW|16800|20141031|1300|
C|005186|2014|50001071900007|001|4300001800|00420|KT020019|1|EA|23570|KRW|23570|20141031|1300|
C|005186|2014|50001071900008|001|4300001800|00430|KT020023|1|EA|32400|KRW|32400|20141031|1300|
C|005186|2014|50001071900009|001|4300001800|00440|KT020610|1|EA|29150|KRW|29150|20141031|1300|
C|005186|2014|50001071900010|001|4300001800|00450|KT020620|20|EA|290|KRW|5800|20141031|1300|
C|005186|2014|50001071900011|001|4300001800|00460|KT020700|15|EA|2680|KRW|40200|20141031|1300|
C|005186|2014|50001071900012|001|4300001800|00470|KT020702|38|EA|470|KRW|17860|20141031|1300|
C|005186|2014|50001071900013|001|4300001800|00480|KT020704|50|EA|610|KRW|30500|20141031|1300|
C|005186|2014|50001071900014|001|4300001800|00490|KT080300|20.000|KG|2770|KRW|55400|20141031|1300|
C|005186|2014|50001071900015|001|4300001800|00500|KT080311|1|EA|72980|KRW|72980|20141031|1300|
C|005186|2014|50001071900016|001|4300001800|00520|KT080371|98|EA|53|KRW|5194|20141031|1300|
C|005186|2014|50001071900017|001|4300001800|00530|KT080500|2|EA|26500|KRW|53000|20141031|1300|
C|005186|2014|50001071900018|001|4300001800|00540|KT990001|100|EA|510|KRW|51000|20141031|1300|
C|005186|2014|50001071900019|001|4300001800|00550|KT990010|160|EA|370|KRW|59200|20141031|1300|
C|005186|2014|50001071900020|001|4300001800|00560|KT991000|2|EA|1961|KRW|3922|20141031|1300|
C|005186|2014|50001071910001|001|4300001804|00020|UHHC0197|100|EA|15400|KRW|1540000|20141031|1300|
C|005186|2014|50001071910002|001|4300001804|00170|UHNC0101|10|EA|34650|KRW|346500|20141031|1300|
C|005186|2014|50001071910003|001|4300001804|00180|UHGC0010|5|EA|50520|KRW|252600|20141031|1300|
C|005186|2014|50001071910004|001|4300001804|00190|UHHC0071|1|EA|573300|KRW|573300|20141031|1300|
C|005186|2014|50001071910005|001|4300001804|00200|UHTC0177|20|EA|7360|KRW|147200|20141031|1300|
C|005186|2014|50001071910006|001|4300001804|00210|UHCC0013|1|EA|492450|KRW|492450|20141031|1300|
C|005186|2014|50001071910007|001|4300001804|00480|UGCC0654|1|EA|310530|KRW|310530|20141031|1300|
C|005186|2014|50001071920001|001|4300001806|00100|UHTC0167|50|EA|530|KRW|26500|20141031|1300|
C|005186|2014|50001071920002|001|4300001806|00110|UKBC0010|1|EA|91480|KRW|91480|20141031|1300|
C|005186|2014|50001071920003|001|4300001806|00190|UJBC0004|2|EA|4337|KRW|8674|20141031|1300|
C|005186|2014|50001071920004|001|4300001806|00540|UKBC0010|2|EA|91480|KRW|182960|20141031|1300|
C|005186|2014|50001071920005|001|4300001806|00670|UKBC0010|1|EA|91480|KRW|91480|20141031|1300|
C|005186|2014|50001071930001|001|4300001804|00040|UKBC0010|1|EA|91480|KRW|91480|20141031|1300|
C|005186|2014|50001071930002|001|4300001804|00110|UKBC0010|2|EA|91480|KRW|182960|20141031|1300|
C|005186|2014|50001071930003|001|4300001804|00120|UEBC0357|20|EA|2250|KRW|45000|20141031|1300|
C|005186|2014|50001071930004|001|4300001804|00130|UEBC0358|20|EA|2460|KRW|49200|20141031|1300|
C|005186|2014|50001071930005|001|4300001804|00360|UGCC0074|1|EA|348600|KRW|348600|20141031|1300|
C|005186|2014|50001071930006|001|4300001804|00370|KS080721|40|EA|71710|KRW|2868400|20141031|1300|
C|005186|2014|50001071930007|001|4300001804|00390|UDBC0863|30|EA|55|KRW|1650|20141031|1300|
C|005186|2014|50001071930008|001|4300001804|00400|UKBC0010|1|EA|91480|KRW|91480|20141031|1300|
C|005186|2014|50001071930009|001|4300001804|00410|UEBC0043|1|EA|112460|KRW|112460|20141031|1300|
C|005186|2014|50001071930010|001|4300001804|00420|UEBC0044|2|EA|71660|KRW|143320|20141031|1300|
C|005186|2014|50001071930011|001|4300001804|00430|UEBC0007|4|EA|58800|KRW|235200|20141031|1300|
C|005186|2014|50001071930012|001|4300001804|00440|UDCC0039|5|EA|112700|KRW|563500|20141031|1300|
C|005186|2014|50001071930013|001|4300001804|00450|UDBC0786|50|EA|4740|KRW|237000|20141031|1300|
C|005186|2014|50001071930014|001|4300001804|00460|UDDC0043|5|EA|89040|KRW|445200|20141031|1300|
C|005186|2014|50001071930015|001|4300001806|00010|UAGC0216|2|EA|102900|KRW|205800|20141031|1300|
C|005186|2014|50001071930016|001|4300001806|00060|UAIC0013|1|EA|45680|KRW|45680|20141031|1300|
C|005186|2014|50001071940001|001|4300001804|00090|UGCC0695|30|EA|28630|KRW|858900|20141031|1300|
C|005186|2014|50001071950001|001|4300001176|00030|UEAC0135|1|EA|519700|KRW|519700|20141031|1300|
