C|005186|2015|50001599120001|001|4300002925|00120|UDFC0031|3|EA|67830|KRW|203490|20150615|1300|
C|005186|2015|50001599130001|001|4300002869|00030|UDBC0914|30|EA|240|KRW|7200|20150615|1300|
C|005186|2015|50001599130002|001|4300002869|00040|UDBC0915|30|EA|190|KRW|5700|20150615|1300|
C|005186|2015|50001599130003|001|4300002870|00080|UEBC1227|12|EA|19700|KRW|236400|20150615|1300|
C|005186|2015|50001599130004|001|4300002918|00030|UDBC0255|50|EA|550|KRW|27500|20150615|1300|
C|005186|2015|50001599130005|001|4300002918|00040|UDBC0256|50|EA|345|KRW|17250|20150615|1300|
C|005186|2015|50001599130006|001|4300002921|00120|UDBC0766|300|EA|93|KRW|27900|20150615|1300|
C|005186|2015|50001599130007|001|4300002921|00130|UDBC0200|300|EA|66|KRW|19800|20150615|1300|
C|005186|2015|50001599130008|001|4300002921|00140|UDBC0201|300|EA|69|KRW|20700|20150615|1300|
C|005186|2015|50001599130009|001|4300002921|00150|UDBC0444|300|EA|100|KRW|30000|20150615|1300|
C|005186|2015|50001599130010|001|4300002921|00160|UDBC0450|300|EA|156|KRW|46800|20150615|1300|
C|005186|2015|50001599130011|001|4300002921|00170|UDBC0735|500|EA|8|KRW|4000|20150615|1300|
C|005186|2015|50001599130012|001|4300002921|00180|UDBC0740|500|EA|8|KRW|4000|20150615|1300|
C|005186|2015|50001599130013|001|4300002921|00190|UDBC0714|500|EA|17|KRW|8500|20150615|1300|
C|005186|2015|50001599130014|001|4300002921|00200|UDBC0719|500|EA|19|KRW|9500|20150615|1300|
C|005186|2015|50001599130015|001|4300002921|00210|UDBC0736|500|EA|20|KRW|10000|20150615|1300|
C|005186|2015|50001599130016|001|4300002921|00220|UDBC0747|500|EA|31|KRW|15500|20150615|1300|
C|005186|2015|50001599130017|001|4300002921|00230|UDBC0715|500|EA|48|KRW|24000|20150615|1300|
C|005186|2015|50001599130018|001|4300002921|00240|UDBC0366|500|EA|8|KRW|4000|20150615|1300|
C|005186|2015|50001599130019|001|4300002921|00250|UDBC0371|500|EA|8|KRW|4000|20150615|1300|
C|005186|2015|50001599130020|001|4300002923|00010|UDBC0317|500|EA|9|KRW|4500|20150615|1300|
C|005186|2015|50001599130021|001|4300002923|00020|UDBC0298|500|EA|11|KRW|5500|20150615|1300|
C|005186|2015|50001599130022|001|4300002923|00030|UDBC0302|500|EA|32|KRW|16000|20150615|1300|
C|005186|2015|50001599130023|001|4300002923|00040|UDBC0299|500|EA|53|KRW|26500|20150615|1300|
C|005186|2015|50001599130024|001|4300002923|00050|UDBC0303|500|EA|84|KRW|42000|20150615|1300|
C|005186|2015|50001599130025|001|4300002923|00060|UDBC0367|500|EA|21|KRW|10500|20150615|1300|
C|005186|2015|50001599130026|001|4300002923|00070|UDBC0376|500|EA|58|KRW|29000|20150615|1300|
C|005186|2015|50001599130027|001|4300002923|00080|UDBC0345|500|EA|120|KRW|60000|20150615|1300|
C|005186|2015|50001599130028|001|4300002923|00090|UDBC0348|500|EA|180|KRW|90000|20150615|1300|
C|005186|2015|50001599130029|001|4300002923|00100|UDBC0347|500|EA|56|KRW|28000|20150615|1300|
C|005186|2015|50001599130030|001|4300002925|00140|UEAC0113|1|EA|185000|KRW|185000|20150615|1300|
C|005186|2015|50001599140001|001|4300002874|00070|UGBC1430|1|EA|384000|KRW|384000|20150615|1300|
C|005186|2015|50001599140002|001|4300002874|00090|UEBC1211|20|EA|5510|KRW|110200|20150615|1300|
C|005186|2015|50001599140003|001|4300002876|00020|UZZC0148|30|EA|13200|KRW|396000|20150615|1300|
C|005186|2015|50001599140004|001|4300002876|00040|UEBC1225|5|EA|40700|KRW|203500|20150615|1300|
C|005186|2015|50001599140005|001|4300002876|00050|UEBC1226|5|EA|3030|KRW|15150|20150615|1300|
C|005186|2015|50001599140006|001|4300002876|00070|UDBC0916|100|EA|1540|KRW|154000|20150615|1300|
C|005186|2015|50001599140007|001|4300002876|00080|UDBC0917|100|EA|27|KRW|2700|20150615|1300|
C|005186|2015|50001599140008|001|4300002876|00120|UEBC1229|3|EA|9860|KRW|29580|20150615|1300|
C|005186|2015|50001599140009|001|4300002915|00010|UEBC1228|5|EA|2620|KRW|13100|20150615|1300|
C|005186|2015|50001599140010|001|4300002915|00040|UDBC0910|10|EA|440|KRW|4400|20150615|1300|
C|005186|2015|50001599140011|001|4300002922|00040|UEBC1237|3|EA|23100|KRW|69300|20150615|1300|
C|005186|2015|50001599140012|001|4300002923|00140|UHFC0237|2|EA|2415|KRW|4830|20150615|1300|
C|005186|2015|50001599140013|001|4300002923|00200|UHTC0233|3|EA|29900|KRW|89700|20150615|1300|
C|005186|2015|50001599150001|001|4300002916|00030|UCAC0298|1|EA|370000|KRW|370000|20150615|1300|
C|005186|2015|50001599160001|001|4300002924|00010|UGCC0990|100|EA|7450|KRW|745000|20150615|1300|
C|005186|2015|50001599170001|001|4300002869|00010|UEBC1222|4|EA|26000|KRW|104000|20150615|1300|
C|005186|2015|50001599170002|001|4300002869|00020|UEBC1223|6|EA|43400|KRW|260400|20150615|1300|
C|005186|2015|50001599170003|001|4300002869|00050|UEBC1224|2|EA|5820|KRW|11640|20150615|1300|
C|005186|2015|50001599170004|001|4300002871|00010|UEBC1230|5|EA|3100|KRW|15500|20150615|1300|
C|005186|2015|50001599170005|001|4300002871|00040|UEBC1231|30|EA|9100|KRW|273000|20150615|1300|
C|005186|2015|50001599170006|001|4300002871|00050|UEBC1232|30|EA|4770|KRW|143100|20150615|1300|
C|005186|2015|50001599170007|001|4300002871|00080|UEBC1234|5|EA|59400|KRW|297000|20150615|1300|
C|005186|2015|50001599170008|001|4300002873|00030|UEBC1233|4|EA|122000|KRW|488000|20150615|1300|
C|005186|2015|50001599170009|001|4300002873|00070|UEBC1235|2|EA|164000|KRW|328000|20150615|1300|
C|005186|2015|50001599170010|001|4300002874|00010|UEBC1236|5|EA|2330|KRW|11650|20150615|1300|
C|005186|2015|50001599170011|001|4300002874|00020|UDBC0918|500|EA|130|KRW|65000|20150615|1300|
C|005186|2015|50001599170012|001|4300002874|00030|UDBC0919|500|EA|225|KRW|112500|20150615|1300|
C|005186|2015|50001599170013|001|4300002874|00040|UDBC0920|100|EA|440|KRW|44000|20150615|1300|
C|005186|2015|50001599170014|001|4300002876|00060|UDAC0318|100|EA|2940|KRW|294000|20150615|1300|
C|005186|2015|50001599170015|001|4300002876|00130|UGCC0969|1|EA|190000|KRW|190000|20150615|1300|
C|005186|2015|50001599170016|001|4300002918|00010|UDFC0122|1|EA|131300|KRW|131300|20150615|1300|
C|005186|2015|50001599170017|001|4300002918|00020|UEBC0174|5|EA|246750|KRW|1233750|20150615|1300|
C|005186|2015|50001599170018|001|4300002921|00110|UEBC0777|50|EA|510|KRW|25500|20150615|1300|
C|005186|2015|50001599170019|001|4300002923|00180|UDFC0040|100|EA|1050|KRW|105000|20150615|1300|
C|005186|2015|50001599170020|001|4300002924|00090|UEBC1076|60|EA|13000|KRW|780000|20150615|1300|
C|005186|2015|50001599170021|001|4300002925|00160|UGCC0677|2|EA|36750|KRW|73500|20150615|1300|
C|005186|2015|50001599180001|001|4300002918|00070|UAEC0018|2|EA|76850|KRW|153700|20150615|1300|
C|005186|2015|50001599180002|001|4300002918|00080|UAEC0015|2|EA|9830|KRW|19660|20150615|1300|
C|005186|2015|50001599180003|001|4300002918|00090|UAGC0013|5|EA|11530|KRW|57650|20150615|1300|
C|005186|2015|50001599180004|001|4300002918|00100|UAEC0056|2|EA|9000|KRW|18000|20150615|1300|
C|005186|2015|50001599180005|001|4300002918|00120|UABC0023|2|EA|17850|KRW|35700|20150615|1300|
C|005186|2015|50001599180006|001|4300002918|00130|UAEC0073|2|EA|5540|KRW|11080|20150615|1300|
C|005186|2015|50001599180007|001|4300002918|00140|UAEC0074|2|EA|9110|KRW|18220|20150615|1300|
C|005186|2015|50001599180008|001|4300002920|00030|UAEC0076|2|EA|24210|KRW|48420|20150615|1300|
C|005186|2015|50001599180009|001|4300002921|00010|UAEC0409|2|EA|11720|KRW|23440|20150615|1300|
C|005186|2015|50001599180010|001|4300002921|00020|UAEC0298|2|EA|21530|KRW|43060|20150615|1300|
C|005186|2015|50001599180011|001|4300002921|00030|UAEC0041|2|EA|22110|KRW|44220|20150615|1300|
C|005186|2015|50001599180012|001|4300002921|00040|UAEC0040|2|EA|12710|KRW|25420|20150615|1300|
C|005186|2015|50001599180013|001|4300002921|00050|UAEC0032|2|EA|14940|KRW|29880|20150615|1300|
C|005186|2015|50001599180014|001|4300002921|00060|UAEC0033|2|EA|14940|KRW|29880|20150615|1300|
C|005186|2015|50001599180015|001|4300002921|00070|UAGC0064|2|EA|112630|KRW|225260|20150615|1300|
C|005186|2015|50001599180016|001|4300002921|00090|UICC0037|2|EA|3160|KRW|6320|20150615|1300|
C|005186|2015|50001599180017|001|4300002922|00050|UAEC0070|2|EA|14070|KRW|28140|20150615|1300|
C|005186|2015|50001599180018|001|4300002922|00060|UAEC0269|2|EA|39700|KRW|79400|20150615|1300|
C|005186|2015|50001599180019|001|4300002922|00070|UAEC0081|2|EA|11580|KRW|23160|20150615|1300|
C|005186|2015|50001599180020|001|4300002922|00080|UAEC0125|2|EA|3740|KRW|7480|20150615|1300|
C|005186|2015|50001599180021|001|4300002922|00090|UAEC0126|2|EA|3740|KRW|7480|20150615|1300|
C|005186|2015|50001599180022|001|4300002922|00100|UAEC0120|2|EA|58280|KRW|116560|20150615|1300|
C|005186|2015|50001599180023|001|4300002922|00110|UAEC0108|2|EA|19950|KRW|39900|20150615|1300|
C|005186|2015|50001599180024|001|4300002922|00120|UAEC0096|2|EA|29190|KRW|58380|20150615|1300|
C|005186|2015|50001599180025|001|4300002924|00020|UAEC0068|2|EA|17850|KRW|35700|20150615|1300|
C|005186|2015|50001599180026|001|4300002924|00030|UAEC0258|2|EA|91350|KRW|182700|20150615|1300|
C|005186|2015|50001599180027|001|4300002924|00040|UAEC0408|2|EA|5200|KRW|10400|20150615|1300|
C|005186|2015|50001599180028|001|4300002924|00050|UAEC0290|2|EA|9620|KRW|19240|20150615|1300|
C|005186|2015|50001599180029|001|4300002924|00060|UAEC0292|2|EA|9700|KRW|19400|20150615|1300|
C|005186|2015|50001599180030|001|4300002924|00070|UAEC0294|2|EA|11570|KRW|23140|20150615|1300|
C|005186|2015|50001599180031|001|4300002924|00080|UAEC0297|2|EA|15750|KRW|31500|20150615|1300|
C|005186|2015|50001599180032|001|4300002925|00170|UICC0019|40|EA|843|KRW|33720|20150615|1300|
C|005186|2015|50001599190001|001|4300002918|00050|UFFC0015|3|EA|32340|KRW|97020|20150615|1300|
C|005186|2015|50001599190002|001|4300002920|00010|UBEC0001|10|EA|18900|KRW|189000|20150615|1300|
C|005186|2015|50001599190003|001|4300002923|00170|UFGC0017|60|EA|3500|KRW|210000|20150615|1300|
C|005186|2015|50001599190004|001|4300002925|00010|UGCC0918|2|EA|71600|KRW|143200|20150615|1300|
C|005186|2015|50001599190005|001|4300002925|00020|UGCC0919|2|EA|63600|KRW|127200|20150615|1300|
C|005186|2015|50001599190006|001|4300002925|00030|UFKC0140|2|EA|27370|KRW|54740|20150615|1300|
C|005186|2015|50001600100001|001|4300002870|00010|UDCC0054|5|EA|84100|KRW|420500|20150615|1300|
C|005186|2015|50001600100002|001|4300002873|00010|UDCC0056|5|EA|62800|KRW|314000|20150615|1300|
C|005186|2015|50001600100003|001|4300002876|00110|UGCC0966|10|EA|13700|KRW|137000|20150615|1300|
C|005186|2015|50001600100004|001|4300002918|00060|UDCC0029|2|EA|51450|KRW|102900|20150615|1300|
C|005186|2015|50001600100005|001|4300002918|00110|UDDC0278|2|EA|28770|KRW|57540|20150615|1300|
C|005186|2015|50001600100006|001|4300002919|00010|UGCC0975|5|EA|9500|KRW|47500|20150615|1300|
C|005186|2015|50001600100007|001|4300002919|00020|UGCC0976|5|EA|9500|KRW|47500|20150615|1300|
C|005186|2015|50001600100008|001|4300002919|00030|UGCC0977|5|EA|9500|KRW|47500|20150615|1300|
C|005186|2015|50001600100009|001|4300002919|00040|UGCC0978|5|EA|9500|KRW|47500|20150615|1300|
C|005186|2015|50001600100010|001|4300002919|00050|UGCC0979|5|EA|11080|KRW|55400|20150615|1300|
C|005186|2015|50001600100011|001|4300002919|00060|UGCC0980|5|EA|11080|KRW|55400|20150615|1300|
C|005186|2015|50001600100012|001|4300002919|00070|UGCC0981|5|EA|12120|KRW|60600|20150615|1300|
C|005186|2015|50001600100013|001|4300002919|00080|UGCC0982|5|EA|12120|KRW|60600|20150615|1300|
C|005186|2015|50001600100014|001|4300002919|00090|UGCC0983|5|EA|12650|KRW|63250|20150615|1300|
C|005186|2015|50001600100015|001|4300002919|00100|UGCC0984|5|EA|12650|KRW|63250|20150615|1300|
C|005186|2015|50001600100016|001|4300002919|00110|UGCC0985|5|EA|12650|KRW|63250|20150615|1300|
C|005186|2015|50001600100017|001|4300002919|00120|UGCC0986|5|EA|12650|KRW|63250|20150615|1300|
C|005186|2015|50001600100018|001|4300002919|00130|UGCC0987|5|EA|33800|KRW|169000|20150615|1300|
C|005186|2015|50001600100019|001|4300002919|00140|UGCC0988|5|EA|44300|KRW|221500|20150615|1300|
C|005186|2015|50001600100020|001|4300002919|00150|UGBC1448|25|EA|33700|KRW|842500|20150615|1300|
C|005186|2015|50001600100021|001|4300002922|00010|UGBC1447|25|EA|52200|KRW|1305000|20150615|1300|
C|005186|2015|50001600100022|001|4300002922|00020|UGBC1449|120|EA|620|KRW|74400|20150615|1300|
C|005186|2015|50001600100023|001|4300002922|00030|UGBC1450|120|EA|620|KRW|74400|20150615|1300|
C|005186|2015|50001600100024|001|4300002923|00210|UKBC0010|1|EA|91480|KRW|91480|20150615|1300|
C|005186|2015|50001600100025|001|4300002925|00130|UGCC0848|1|EA|60000|KRW|60000|20150615|1300|
