C|005186|2016|50003107620001|001|4300006531|00030|CMA0001|100|EA|151|KRW|15100|20161223|1300|
C|005186|2016|50003107630001|001|4300006531|00010|CMD0001|7|EA|8000|KRW|56000|20161223|1300|
C|005186|2016|50003107630002|001|4300006531|00020|CMA0002|130|EA|1440|KRW|187200|20161223|1300|
C|005186|2016|50003107630003|001|4300006531|00060|CMA0014|100|EA|320|KRW|32000|20161223|1300|
C|005186|2016|50003107640001|001|4300006455|00060|UHTC0618|10|EA|15300|KRW|153000|20161223|1300|
C|005186|2016|50003107640002|001|4300006507|00010|UHCC0026|1|EA|1980000|KRW|1980000|20161223|1300|
C|005186|2016|50003107640003|001|4300006507|00020|UHNC0120|1|EA|729500|KRW|729500|20161223|1300|
C|005186|2016|50003107640004|001|4300006507|00030|UHNC0113|1|EA|772800|KRW|772800|20161223|1300|
C|005186|2016|50003107640005|001|4300006507|00040|UHNC0136|1|EA|947380|KRW|947380|20161223|1300|
C|005186|2016|50003107640006|001|4300006507|00050|UHGC0181|10|EA|41600|KRW|416000|20161223|1300|
C|005186|2016|50003107640007|001|4300006507|00060|UHTC0504|5|EA|68220|KRW|341100|20161223|1300|
C|005186|2016|50003107640008|001|4300006544|00010|UGBC0859|30|EA|670|KRW|20100|20161223|1300|
C|005186|2016|50003107640009|001|4300006544|00020|UGBC0028|20|EA|1160|KRW|23200|20161223|1300|
C|005186|2016|50003107640010|001|4300006544|00030|UGBC1196|30|EA|520|KRW|15600|20161223|1300|
C|005186|2016|50003107640011|001|4300006544|00040|UGBC1198|30|EA|620|KRW|18600|20161223|1300|
C|005186|2016|50003107640012|001|4300006544|00050|UGBC0860|30|EA|1700|KRW|51000|20161223|1300|
C|005186|2016|50003107640013|001|4300006544|00060|UGBC0863|20|EA|3150|KRW|63000|20161223|1300|
C|005186|2016|50003107640014|001|4300006544|00070|UGBC1197|10|EA|27300|KRW|273000|20161223|1300|
C|005186|2016|50003107640015|001|4300006544|00080|UGBC1397|5|EA|40300|KRW|201500|20161223|1300|
C|005186|2016|50003107640016|001|4300006544|00090|UAGC0055|10|EA|730|KRW|7300|20161223|1300|
C|005186|2016|50003107640017|001|4300006547|00010|UJCC0040|1|EA|356850|KRW|356850|20161223|1300|
C|005186|2016|50003107640018|001|4300006556|00010|UFJC0010|18|EA|58940|KRW|1060920|20161223|1300|
C|005186|2016|50003107640019|001|4300006556|00030|UHGC0242|50|EA|6950|KRW|347500|20161223|1300|
C|005186|2016|50003107640020|001|4300006557|00010|UHCC0010|1|EA|1007000|KRW|1007000|20161223|1300|
C|005186|2016|50003107640021|001|4300006557|00020|UHTC0250|10|EA|88730|KRW|887300|20161223|1300|
C|005186|2016|50003107640022|001|4300006558|00020|UHGC0197|10|EA|36000|KRW|360000|20161223|1300|
C|005186|2016|50003107640023|001|4300006559|00020|UGBC1142|1|EA|54290|KRW|54290|20161223|1300|
C|005186|2016|50003107640024|001|4300006559|00030|UCIC0089|1|EA|189000|KRW|189000|20161223|1300|
C|005186|2016|50003107640025|001|4300006559|00050|UCIC0061|1|EA|337890|KRW|337890|20161223|1300|
C|005186|2016|50003107640026|001|4300006585|00040|UAEC0455|2|EA|29715|KRW|59430|20161223|1300|
C|005186|2016|50003107640027|001|4300006585|00060|UAEC0456|1|EA|42630|KRW|42630|20161223|1300|
C|005186|2016|50003107640028|001|4300006585|00080|UGBC1554|50|EA|900|KRW|45000|20161223|1300|
C|005186|2016|50003107650001|001|4300006551|00010|UFGC0017|80|EA|3500|KRW|280000|20161223|1300|
C|005186|2016|50003107650002|001|4300006552|00010|UADC0078|1|EA|7670|KRW|7670|20161223|1300|
C|005186|2016|50003107650003|001|4300006552|00020|UADC0074|1|EA|18900|KRW|18900|20161223|1300|
C|005186|2016|50003107650004|001|4300006552|00040|UALC0036|1|EA|6100|KRW|6100|20161223|1300|
C|005186|2016|50003107650005|001|4300006552|00050|UALC0035|1|EA|1470|KRW|1470|20161223|1300|
C|005186|2016|50003107650006|001|4300006553|00010|UGBC1156|2|EA|57250|KRW|114500|20161223|1300|
C|005186|2016|50003107650007|001|4300006553|00020|UGBC1158|2|EA|62265|KRW|124530|20161223|1300|
C|005186|2016|50003107650008|001|4300006553|00030|UJAC0092|4|EA|56100|KRW|224400|20161223|1300|
C|005186|2016|50003107650009|001|4300006553|00040|UJAC0114|4|EA|42420|KRW|169680|20161223|1300|
C|005186|2016|50003107650010|001|4300006553|00050|UGCC0234|1|EA|161700|KRW|161700|20161223|1300|
C|005186|2016|50003107650011|001|4300006553|00070|UEBC0561|1|EA|185260|KRW|185260|20161223|1300|
C|005186|2016|50003107650012|001|4300006553|00090|UEBC0647|3|EA|45680|KRW|137040|20161223|1300|
C|005186|2016|50003107650013|001|4300006554|00010|UGCC0381|2|EA|51660|KRW|103320|20161223|1300|
C|005186|2016|50003107650014|001|4300006554|00020|UEBC0106|10|EA|3530|KRW|35300|20161223|1300|
C|005186|2016|50003107650015|001|4300006554|00030|UGCC1098|5|EA|67900|KRW|339500|20161223|1300|
C|005186|2016|50003107650016|001|4300006554|00040|UAEC0219|1|EA|5310|KRW|5310|20161223|1300|
C|005186|2016|50003107650017|001|4300006554|00050|UAEC0220|1|EA|5970|KRW|5970|20161223|1300|
C|005186|2016|50003107650018|001|4300006554|00060|UAGC0302|10|EA|5880|KRW|58800|20161223|1300|
C|005186|2016|50003107650019|001|4300006554|00090|UDAC0052|5|EA|215250|KRW|1076250|20161223|1300|
C|005186|2016|50003107650020|001|4300006554|00100|UDDC0125|1|EA|87150|KRW|87150|20161223|1300|
C|005186|2016|50003107650021|001|4300006555|00010|UEBC0089|1|EA|14700|KRW|14700|20161223|1300|
C|005186|2016|50003107650022|001|4300006555|00020|UDBC0214|20|EA|8800|KRW|176000|20161223|1300|
C|005186|2016|50003107650023|001|4300006555|00030|UEBC0643|2|EA|378000|KRW|756000|20161223|1300|
C|005186|2016|50003107650024|001|4300006556|00020|UEAC0171|2|EA|197000|KRW|394000|20161223|1300|
C|005186|2016|50003107650025|001|4300006588|00060|UAGC0504|1|EA|61425|KRW|61425|20161223|1300|
C|005186|2016|50003107650026|001|4300006594|00020|UDBC0954|300|EA|48|KRW|14400|20161223|1300|
C|005186|2016|50003107650027|001|4300006594|00030|UDBC0955|200|EA|30|KRW|6000|20161223|1300|
C|005186|2016|50003107650028|001|4300006594|00040|UDBC0956|200|EA|21|KRW|4200|20161223|1300|
C|005186|2016|50003107660001|001|4300006560|00010|UFGC0054|10|EA|28460|KRW|284600|20161223|1300|
C|005186|2016|50003107660002|001|4300006560|00020|UFGC0055|5|EA|172860|KRW|864300|20161223|1300|
C|005186|2016|50003107660003|001|4300006560|00030|UFGC0056|5|EA|13600|KRW|68000|20161223|1300|
C|005186|2016|50003107660004|001|4300006569|00020|UKBC0016|6|EA|10110|KRW|60660|20161223|1300|
C|005186|2016|50003107660005|001|4300006569|00040|UADC0091|3|EA|25230|KRW|75690|20161223|1300|
C|005186|2016|50003107660006|001|4300006569|00050|UADC0095|2|EA|72730|KRW|145460|20161223|1300|
C|005186|2016|50003107660007|001|4300006569|00070|UZZC0086|10|EA|9180|KRW|91800|20161223|1300|
C|005186|2016|50003107660008|001|4300006570|00010|UDBC0008|100|EA|8715|KRW|871500|20161223|1300|
C|005186|2016|50003107660009|001|4300006570|00040|UHFC0234|2|EA|12075|KRW|24150|20161223|1300|
C|005186|2016|50003107660010|001|4300006570|00080|UHTC0257|50|EA|810|KRW|40500|20161223|1300|
C|005186|2016|50003107660011|001|4300006570|00090|UHTC0258|50|EA|810|KRW|40500|20161223|1300|
C|005186|2016|50003107660012|001|4300006570|00100|UHHC0141|1|EA|80850|KRW|80850|20161223|1300|
C|005186|2016|50003107660013|001|4300006570|00110|UALC0084|20|EA|4200|KRW|84000|20161223|1300|
C|005186|2016|50003107660014|001|4300006570|00120|UGCC1132|1|EA|283500|KRW|283500|20161223|1300|
C|005186|2016|50003107660015|001|4300006571|00010|UCKC0037|80|EA|14050|KRW|1124000|20161223|1300|
C|005186|2016|50003107660016|001|4300006571|00020|UALC0006|100|EA|1733|KRW|173300|20161223|1300|
C|005186|2016|50003107660017|001|4300006571|00040|UADC0077|2|EA|5796|KRW|11592|20161223|1300|
C|005186|2016|50003107660018|001|4300006571|00070|UKBC0010|2|EA|91480|KRW|182960|20161223|1300|
C|005186|2016|50003107660019|001|4300006572|00010|UAEC0095|1|EA|22630|KRW|22630|20161223|1300|
C|005186|2016|50003107660020|001|4300006573|00010|UHHC0201|60|EA|31580|KRW|1894800|20161223|1300|
C|005186|2016|50003107660021|001|4300006576|00030|UHGC0316|5|EA|33920|KRW|169600|20161223|1300|
C|005186|2016|50003107660022|001|4300006576|00050|UHDC0253|1|EA|1123600|KRW|1123600|20161223|1300|
C|005186|2016|50003107660023|001|4300006576|00060|UHFC0440|5|EA|49820|KRW|249100|20161223|1300|
C|005186|2016|50003107660024|001|4300006576|00070|UHTC0799|2|EA|37100|KRW|74200|20161223|1300|
C|005186|2016|50003107660025|001|4300006576|00080|UHTC0800|1|EA|159000|KRW|159000|20161223|1300|
C|005186|2016|50003107660026|001|4300006577|00010|UHTC0800|12|EA|159000|KRW|1908000|20161223|1300|
C|005186|2016|50003107660027|001|4300006577|00020|UHGC0318|5|EA|15900|KRW|79500|20161223|1300|
C|005186|2016|50003107660028|001|4300006578|00010|UHGC0317|5|EA|318000|KRW|1590000|20161223|1300|
C|005186|2016|50003107660029|001|4300006578|00020|UHFC0314|4|EA|61690|KRW|246760|20161223|1300|
C|005186|2016|50003107660030|001|4300006579|00010|UHTC0800|5|EA|159000|KRW|795000|20161223|1300|
C|005186|2016|50003107660031|001|4300006579|00020|UHHC0155|1|EA|499800|KRW|499800|20161223|1300|
C|005186|2016|50003107660032|001|4300006579|00030|UHGC0123|5|EA|100800|KRW|504000|20161223|1300|
C|005186|2016|50003107660033|001|4300006580|00010|UHHC0016|1|EA|1477350|KRW|1477350|20161223|1300|
C|005186|2016|50003107660034|001|4300006581|00010|UHHC0156|1|EA|940800|KRW|940800|20161223|1300|
C|005186|2016|50003107660035|001|4300006582|00010|UHTC0802|25|EA|49820|KRW|1245500|20161223|1300|
C|005186|2016|50003107660036|001|4300006584|00010|UHTC0772|50|EA|23320|KRW|1166000|20161223|1300|
C|005186|2016|50003107670001|001|4300006585|00010|UGBC1410|1|EA|58300|KRW|58300|20161223|1300|
C|005186|2016|50003107670002|001|4300006585|00020|UGCC1122|1|EA|304000|KRW|304000|20161223|1300|
C|005186|2016|50003107670003|001|4300006585|00050|UCAC0303|5|EA|15900|KRW|79500|20161223|1300|
C|005186|2016|50003107670004|001|4300006587|00020|UGBC1573|9|EA|159000|KRW|1431000|20161223|1300|
C|005186|2016|50003107670005|001|4300006588|00030|UGCC1135|1|EA|121000|KRW|121000|20161223|1300|
C|005186|2016|50003107670006|001|4300006588|00040|UGCC1136|1|EA|107000|KRW|107000|20161223|1300|
C|005186|2016|50003107670007|001|4300006588|00050|UGCC1137|1|EA|39200|KRW|39200|20161223|1300|
C|005186|2016|50003107670008|001|4300006589|00090|UGCC1143|1|EA|58300|KRW|58300|20161223|1300|
C|005186|2016|50003107670009|001|4300006589|00110|UDAC0359|5|EA|21700|KRW|108500|20161223|1300|
C|005186|2016|50003107670010|001|4300006590|00050|UGCC1142|1|EA|163240|KRW|163240|20161223|1300|
C|005186|2016|50003107670011|001|4300006591|00020|UGBC1572|2|EA|60400|KRW|120800|20161223|1300|
C|005186|2016|50003107670012|001|4300006591|00030|UGBC1575|3|EA|27500|KRW|82500|20161223|1300|
C|005186|2016|50003107670013|001|4300006592|00010|UGCC1125|2|EA|27000|KRW|54000|20161223|1300|
C|005186|2016|50003107670014|001|4300006592|00020|UGBC1548|3|EA|127000|KRW|381000|20161223|1300|
C|005186|2016|50003107670015|001|4300006592|00030|UGBC1549|3|EA|183400|KRW|550200|20161223|1300|
C|005186|2016|50003107670016|001|4300006592|00040|UGBC1550|3|EA|159000|KRW|477000|20161223|1300|
C|005186|2016|50003107670017|001|4300006592|00070|UGCC1126|8|EA|33400|KRW|267200|20161223|1300|
C|005186|2016|50003107670018|001|4300006593|00020|UGCC1127|2|EA|71500|KRW|143000|20161223|1300|
C|005186|2016|50003107670019|001|4300006593|00040|UGCC1120|2|EA|40200|KRW|80400|20161223|1300|
C|005186|2016|50003107670020|001|4300006593|00050|UGCC1121|4|EA|350000|KRW|1400000|20161223|1300|
C|005186|2016|50003107670021|001|4300006594|00050|UGCC1123|2|EA|62500|KRW|125000|20161223|1300|
C|005186|2016|50003107670022|001|4300006594|00080|UGCC1124|5|EA|55000|KRW|275000|20161223|1300|
C|005186|2016|50003107670023|001|4300006595|00010|UGBC0875|10|EA|99750|KRW|997500|20161223|1300|
C|005186|2016|50003107680001|001|4300006526|00090|CMD0011|21|EA|24100|KRW|506100|20161223|1300|
C|005186|2016|50003107680002|001|4300006526|00100|CMD0016|5|EA|29000|KRW|145000|20161223|1300|
C|005186|2016|50003107680003|001|4300006527|00110|CMD0011|7|EA|24100|KRW|168700|20161223|1300|
C|005186|2016|50003107680004|001|4300006527|00120|CMD0012|1|EA|22000|KRW|22000|20161223|1300|
C|005186|2016|50003107680005|001|4300006527|00130|CMD0016|4|EA|29000|KRW|116000|20161223|1300|
C|005186|2016|50003107680006|001|4300006535|00050|CMD0011|1|EA|24100|KRW|24100|20161223|1300|
C|005186|2016|50003107680007|001|4300006535|00060|CMD0012|1|EA|22000|KRW|22000|20161223|1300|
C|005186|2016|50003107680008|001|4300006536|00010|CMD0016|1|EA|29000|KRW|29000|20161223|1300|
C|005186|2016|50003107680009|001|4300006540|00040|CMD0016|1|EA|29000|KRW|29000|20161223|1300|
C|005186|2016|50003107680010|001|4300006541|00010|CMD0016|1|EA|29000|KRW|29000|20161223|1300|
C|005186|2016|50003107680011|001|4300006541|00060|CMD0016|1|EA|29000|KRW|29000|20161223|1300|
C|005186|2016|50003107680012|001|4300006543|00060|CMD0017|8|EA|23760|KRW|190080|20161223|1300|
C|005186|2016|50003107680013|001|4300006550|00080|CMD0012|1|EA|22000|KRW|22000|20161223|1300|
C|005186|2016|50003107680014|001|4300006563|00020|CMD0016|4|EA|29000|KRW|116000|20161223|1300|
C|005186|2016|50003107680015|001|4300006563|00030|CMD0011|4|EA|24100|KRW|96400|20161223|1300|
C|005186|2016|50003107690001|001|4300006531|00040|CMH0007|30|EA|11600|KRW|348000|20161223|1300|
C|005186|2016|50003107690002|001|4300006531|00050|CMF0006|30|EA|9500|KRW|285000|20161223|1300|
C|005186|2016|50003107690003|001|4300006539|00050|CME0001|10|EA|3300|KRW|33000|20161223|1300|
C|005186|2016|50003107690004|001|4300006539|00070|CMH0007|3|EA|11600|KRW|34800|20161223|1300|
C|005186|2016|50003107690005|001|4300006540|00030|CMB0010|50|EA|1280|KRW|64000|20161223|1300|
C|005186|2016|50003107690006|001|4300006541|00070|CMA0004|1|EA|2450|KRW|2450|20161223|1300|
C|005186|2016|50003107690007|001|4300006542|00040|CMB0010|80|EA|1280|KRW|102400|20161223|1300|
C|005186|2016|50003107690008|001|4300006545|00010|UAGC0510|1|EA|1422000|KRW|1422000|20161223|1300|
C|005186|2016|50003107690009|001|4300006546|00010|UCKC0127|1|EA|1348000|KRW|1348000|20161223|1300|
C|005186|2016|50003107690010|001|4300006550|00040|CME0010|100|EA|240|KRW|24000|20161223|1300|
C|005186|2016|50003107690011|001|4300006550|00070|CMH0007|1|EA|11600|KRW|11600|20161223|1300|
C|005186|2016|50003107690012|001|4300006553|00060|UEBC1014|4|EA|15750|KRW|63000|20161223|1300|
C|005186|2016|50003107690013|001|4300006555|00080|UAHC0017|1|EA|332630|KRW|332630|20161223|1300|
C|005186|2016|50003107690014|001|4300006559|00040|UAGC0387|1|EA|301350|KRW|301350|20161223|1300|
C|005186|2016|50003107690015|001|4300006588|00010|UEBC1333|2|EA|68900|KRW|137800|20161223|1300|
C|005186|2016|50003107690016|001|4300006588|00070|UEBC1334|4|EA|19750|KRW|79000|20161223|1300|
C|005186|2016|50003107690017|001|4300006588|00080|UEBC1335|2|EA|72100|KRW|144200|20161223|1300|
C|005186|2016|50003107690018|001|4300006588|00090|UGBC1555|10|EA|3690|KRW|36900|20161223|1300|
C|005186|2016|50003107690019|001|4300006588|00100|UGBC1556|10|EA|5200|KRW|52000|20161223|1300|
C|005186|2016|50003107690020|001|4300006589|00010|UDBC0961|2|EA|74200|KRW|148400|20161223|1300|
C|005186|2016|50003107690021|001|4300006589|00020|UDBC0962|1|EA|116600|KRW|116600|20161223|1300|
C|005186|2016|50003107690022|001|4300006589|00030|UEBC1341|5|EA|52100|KRW|260500|20161223|1300|
C|005186|2016|50003107690023|001|4300006589|00040|UDAC0355|10|EA|1590|KRW|15900|20161223|1300|
C|005186|2016|50003107690024|001|4300006589|00050|UDAC0356|10|EA|1272|KRW|12720|20161223|1300|
C|005186|2016|50003107690025|001|4300006589|00060|UDAC0357|1|EA|82700|KRW|82700|20161223|1300|
C|005186|2016|50003107690026|001|4300006589|00070|UDAC0358|1|EA|75300|KRW|75300|20161223|1300|
C|005186|2016|50003107690027|001|4300006589|00080|UEBC1342|4|EA|105600|KRW|422400|20161223|1300|
C|005186|2016|50003107690028|001|4300006589|00100|UEBC1343|10|EA|10750|KRW|107500|20161223|1300|
C|005186|2016|50003107690029|001|4300006590|00010|UDBC0960|50|EA|53|KRW|2650|20161223|1300|
C|005186|2016|50003107690030|001|4300006590|00020|UDAC0354|4|EA|11130|KRW|44520|20161223|1300|
C|005186|2016|50003107690031|001|4300006590|00030|UEBC1338|4|EA|88820|KRW|355280|20161223|1300|
C|005186|2016|50003107690032|001|4300006590|00040|UEBC1339|2|EA|223700|KRW|447400|20161223|1300|
C|005186|2016|50003107690033|001|4300006591|00040|UDFC0188|1|EA|26250|KRW|26250|20161223|1300|
C|005186|2016|50003107690034|001|4300006592|00050|UEBC1326|10|EA|16750|KRW|167500|20161223|1300|
C|005186|2016|50003107690035|001|4300006592|00080|UEBC1327|2|EA|51500|KRW|103000|20161223|1300|
C|005186|2016|50003107690036|001|4300006593|00010|UDAC0350|10|EA|1380|KRW|13800|20161223|1300|
C|005186|2016|50003107690037|001|4300006593|00030|UDAC0351|10|EA|2450|KRW|24500|20161223|1300|
C|005186|2016|50003107690038|001|4300006594|00010|UBCC0058|10|EA|57300|KRW|573000|20161223|1300|
C|005186|2016|50003107690039|001|4300006594|00060|UEBC1323|4|EA|83800|KRW|335200|20161223|1300|
C|005186|2016|50003107690040|001|4300006594|00070|UCKC0122|2|EA|290500|KRW|581000|20161223|1300|
C|005186|2016|50003107700001|001|4300006570|00050|UDBC0883|300|EA|35|KRW|10500|20161223|1300|
C|005186|2016|50003107700002|001|4300006570|00060|UEBC0662|2|EA|99320|KRW|198640|20161223|1300|
C|005186|2016|50003107700003|001|4300006570|00070|UEBC0370|6|EA|3810|KRW|22860|20161223|1300|
C|005186|2016|50003107700004|001|4300006571|00050|UBBC0006|2|EA|103370|KRW|206740|20161223|1300|
C|005186|2016|50003107700005|001|4300006572|00020|UEBC0664|2|EA|168000|KRW|336000|20161223|1300|
C|005186|2016|50003107700006|001|4300006572|00030|UGCC0894|300|EA|4220|KRW|1266000|20161223|1300|
C|005186|2016|50003107700007|001|4300006574|00010|UGCC0800|1|EA|1999000|KRW|1999000|20161223|1300|
C|005186|2016|50003107700008|001|4300006576|00010|UEAC0191|1|EA|92220|KRW|92220|20161223|1300|
C|005186|2016|50003107700009|001|4300006576|00020|UEAC0192|1|EA|45580|KRW|45580|20161223|1300|
C|005186|2016|50003107700010|001|4300006576|00040|UEBC1324|5|EA|3200|KRW|16000|20161223|1300|
C|005186|2016|50003107700011|001|4300006596|00010|UDAC0347|700|EA|2650|KRW|1855000|20161223|1300|
