C|005186|2015|50002140460001|001|4300004110|00010|CMA0001|400|EA|240|KRW|96000|20151230|1300|
C|005186|2015|50002140460002|001|4300004110|00020|CMA0007|800|EA|270|KRW|216000|20151230|1300|
C|005186|2015|50002140460003|001|4300004110|00030|CMA0017|30|EA|780|KRW|23400|20151230|1300|
C|005186|2015|50002140460004|001|4300004110|00040|CMB0001|600|EA|655|KRW|393000|20151230|1300|
C|005186|2015|50002140460005|001|4300004110|00050|CMA0003|10|EA|950|KRW|9500|20151230|1300|
C|005186|2015|50002140460006|001|4300004110|00080|CMZ0032|40|EA|1970|KRW|78800|20151230|1300|
C|005186|2015|50002140460007|001|4300004110|00090|CMH0006|50|EA|400|KRW|20000|20151230|1300|
C|005186|2015|50002140460008|001|4300004110|00100|CMZ0006|5|EA|1155|KRW|5775|20151230|1300|
C|005186|2015|50002140460009|001|4300004110|00110|CMF0001|5|EA|1680|KRW|8400|20151230|1300|
C|005186|2015|50002140460010|001|4300004110|00120|CMH0007|4|EA|11700|KRW|46800|20151230|1300|
C|005186|2015|50002140460011|001|4300004110|00130|CMZ0006|3|EA|1155|KRW|3465|20151230|1300|
C|005186|2015|50002140460012|001|4300004110|00140|CMF0002|4|EA|1100|KRW|4400|20151230|1300|
C|005186|2015|50002140460013|001|4300004110|00150|CMZ0004|3|EA|380|KRW|1140|20151230|1300|
C|005186|2015|50002140460014|001|4300004110|00160|CMF0004|4|EA|22050|KRW|88200|20151230|1300|
C|005186|2015|50002140460015|001|4300004110|00170|CME0001|10|EA|4910|KRW|49100|20151230|1300|
C|005186|2015|50002140460016|001|4300004123|00010|CMA0001|30|EA|240|KRW|7200|20151230|1300|
C|005186|2015|50002140460017|001|4300004123|00020|CMA0007|100|EA|270|KRW|27000|20151230|1300|
C|005186|2015|50002140460018|001|4300004123|00030|CMB0010|50|EA|1100|KRW|55000|20151230|1300|
C|005186|2015|50002140460019|001|4300004123|00040|CMZ0014|1|EA|23300|KRW|23300|20151230|1300|
C|005186|2015|50002140460020|001|4300004123|00060|CME0004|1|EA|11550|KRW|11550|20151230|1300|
C|005186|2015|50002140460021|001|4300004123|00070|CMZ0005|3|EA|750|KRW|2250|20151230|1300|
C|005186|2015|50002140460022|001|4300004123|00080|CMZ0006|3|EA|1155|KRW|3465|20151230|1300|
C|005186|2015|50002140460023|001|4300004124|00010|CMA0001|600|EA|240|KRW|144000|20151230|1300|
C|005186|2015|50002140460024|001|4300004124|00020|CMA0007|100|EA|270|KRW|27000|20151230|1300|
C|005186|2015|50002140460025|001|4300004124|00030|CMA0017|10|EA|780|KRW|7800|20151230|1300|
C|005186|2015|50002140460026|001|4300004124|00040|CME0010|200|EA|285|KRW|57000|20151230|1300|
C|005186|2015|50002140460027|001|4300004124|00050|CME0013|2|EA|20300|KRW|40600|20151230|1300|
C|005186|2015|50002140460028|001|4300004124|00070|CMH0007|1|EA|11700|KRW|11700|20151230|1300|
C|005186|2015|50002140460029|001|4300004124|00090|CME0001|50|EA|4910|KRW|245500|20151230|1300|
C|005186|2015|50002140460030|001|4300004124|00110|CMZ0014|1|EA|23300|KRW|23300|20151230|1300|
C|005186|2015|50002140460031|001|4300004126|00010|CMA0001|100|EA|240|KRW|24000|20151230|1300|
C|005186|2015|50002140460032|001|4300004126|00020|CMA0007|60|EA|270|KRW|16200|20151230|1300|
C|005186|2015|50002140460033|001|4300004126|00030|CMA0008|60|EA|690|KRW|41400|20151230|1300|
C|005186|2015|50002140460034|001|4300004126|00040|CME0010|40|EA|285|KRW|11400|20151230|1300|
C|005186|2015|50002140460035|001|4300004126|00050|CMA0017|5|EA|780|KRW|3900|20151230|1300|
C|005186|2015|50002140460036|001|4300004126|00060|CMZ0004|15|EA|380|KRW|5700|20151230|1300|
C|005186|2015|50002140460037|001|4300004126|00070|CMZ0005|15|EA|750|KRW|11250|20151230|1300|
C|005186|2015|50002140460038|001|4300004126|00080|CME0008|40|EA|4410|KRW|176400|20151230|1300|
C|005186|2015|50002140460039|001|4300004126|00090|CME0001|20|EA|4910|KRW|98200|20151230|1300|
C|005186|2015|50002140470001|001|4300004111|00010|CMA0001|400|EA|240|KRW|96000|20151230|1300|
C|005186|2015|50002140470002|001|4300004111|00020|CMA0007|300|EA|270|KRW|81000|20151230|1300|
C|005186|2015|50002140470003|001|4300004111|00030|CMB0010|240|EA|1100|KRW|264000|20151230|1300|
C|005186|2015|50002140470004|001|4300004111|00050|CME0010|100|EA|285|KRW|28500|20151230|1300|
C|005186|2015|50002140470005|001|4300004111|00060|CMF0004|3|EA|22050|KRW|66150|20151230|1300|
C|005186|2015|50002140470006|001|4300004111|00080|CMF0013|10|EA|760|KRW|7600|20151230|1300|
C|005186|2015|50002140470007|001|4300004111|00090|CMF0017|50|EA|505|KRW|25250|20151230|1300|
C|005186|2015|50002140470008|001|4300004112|00010|CMA0001|500|EA|240|KRW|120000|20151230|1300|
C|005186|2015|50002140470009|001|4300004112|00020|CMA0007|400|EA|270|KRW|108000|20151230|1300|
C|005186|2015|50002140470010|001|4300004112|00030|CMA0015|150|EA|2830|KRW|424500|20151230|1300|
C|005186|2015|50002140470011|001|4300004112|00040|CMB0010|480|EA|1100|KRW|528000|20151230|1300|
C|005186|2015|50002140470012|001|4300004112|00050|CMC0003|50|EA|340|KRW|17000|20151230|1300|
C|005186|2015|50002140470013|001|4300004112|00060|CMC0005|200|EA|190|KRW|38000|20151230|1300|
C|005186|2015|50002140470014|001|4300004112|00070|CME0002|50|EA|2300|KRW|115000|20151230|1300|
C|005186|2015|50002140470015|001|4300004112|00080|CME0010|200|EA|285|KRW|57000|20151230|1300|
C|005186|2015|50002140470016|001|4300004112|00090|CMF0004|4|EA|22050|KRW|88200|20151230|1300|
C|005186|2015|50002140470017|001|4300004112|00110|CMF0007|10|EA|1780|KRW|17800|20151230|1300|
C|005186|2015|50002140470018|001|4300004112|00120|CMF0008|10|EA|1785|KRW|17850|20151230|1300|
C|005186|2015|50002140470019|001|4300004112|00130|CMF0009|10|EA|5700|KRW|57000|20151230|1300|
C|005186|2015|50002140470020|001|4300004112|00140|CMF0020|5|EA|700|KRW|3500|20151230|1300|
C|005186|2015|50002140470021|001|4300004112|00150|CMF0021|10|EA|5400|KRW|54000|20151230|1300|
C|005186|2015|50002140470022|001|4300004112|00160|CMH0006|10|EA|400|KRW|4000|20151230|1300|
C|005186|2015|50002140470023|001|4300004112|00170|CMH0007|6|EA|11700|KRW|70200|20151230|1300|
C|005186|2015|50002140470024|001|4300004112|00180|CMZ0014|3|EA|23300|KRW|69900|20151230|1300|
C|005186|2015|50002140470025|001|4300004112|00190|CMZ0032|10|EA|1970|KRW|19700|20151230|1300|
C|005186|2015|50002140470026|001|4300004113|00010|CMA0001|250|EA|240|KRW|60000|20151230|1300|
C|005186|2015|50002140470027|001|4300004113|00020|CMA0007|100|EA|270|KRW|27000|20151230|1300|
C|005186|2015|50002140470028|001|4300004113|00030|CMB0001|100|EA|655|KRW|65500|20151230|1300|
C|005186|2015|50002140470029|001|4300004113|00040|CMB0010|60|EA|1100|KRW|66000|20151230|1300|
C|005186|2015|50002140470030|001|4300004113|00050|CMC0005|200|EA|190|KRW|38000|20151230|1300|
C|005186|2015|50002140470031|001|4300004113|00060|CME0001|12|EA|4910|KRW|58920|20151230|1300|
C|005186|2015|50002140470032|001|4300004113|00080|CMF0006|2|EA|11970|KRW|23940|20151230|1300|
C|005186|2015|50002140470033|001|4300004113|00090|CMZ0014|1|EA|23300|KRW|23300|20151230|1300|
C|005186|2015|50002140470034|001|4300004114|00010|CMA0001|300|EA|240|KRW|72000|20151230|1300|
C|005186|2015|50002140470035|001|4300004114|00020|CMA0007|50|EA|270|KRW|13500|20151230|1300|
C|005186|2015|50002140470036|001|4300004114|00030|CMA0015|100|EA|2830|KRW|283000|20151230|1300|
C|005186|2015|50002140470037|001|4300004114|00040|CMA0016|150|EA|2840|KRW|426000|20151230|1300|
C|005186|2015|50002140470038|001|4300004114|00050|CMB0001|240|EA|655|KRW|157200|20151230|1300|
C|005186|2015|50002140470039|001|4300004114|00060|CMB0002|120|EA|2420|KRW|290400|20151230|1300|
C|005186|2015|50002140470040|001|4300004114|00080|CME0010|50|EA|285|KRW|14250|20151230|1300|
C|005186|2015|50002140470041|001|4300004114|00090|CMZ0014|1|EA|23300|KRW|23300|20151230|1300|
C|005186|2015|50002140470042|001|4300004115|00010|CMZ0009|20|EA|740|KRW|14800|20151230|1300|
C|005186|2015|50002140470043|001|4300004115|00020|CMZ0001|10|EA|765|KRW|7650|20151230|1300|
C|005186|2015|50002140470044|001|4300004115|00030|CMZ0002|10|EA|430|KRW|4300|20151230|1300|
C|005186|2015|50002140470045|001|4300004115|00040|CMZ0005|20|EA|750|KRW|15000|20151230|1300|
C|005186|2015|50002140470046|001|4300004115|00050|CMZ0004|20|EA|380|KRW|7600|20151230|1300|
C|005186|2015|50002140470047|001|4300004115|00060|CMB0010|60|EA|1100|KRW|66000|20151230|1300|
C|005186|2015|50002140470048|001|4300004115|00070|CMB0002|40|EA|2420|KRW|96800|20151230|1300|
C|005186|2015|50002140470049|001|4300004115|00080|CMB0003|40|EA|2420|KRW|96800|20151230|1300|
C|005186|2015|50002140470050|001|4300004115|00090|CMB0001|100|EA|655|KRW|65500|20151230|1300|
C|005186|2015|50002140470051|001|4300004115|00100|CMC0005|20|EA|190|KRW|3800|20151230|1300|
C|005186|2015|50002140470052|001|4300004115|00110|CMC0002|3|EA|9350|KRW|28050|20151230|1300|
C|005186|2015|50002140470053|001|4300004115|00120|CME0002|10|EA|2300|KRW|23000|20151230|1300|
C|005186|2015|50002140470054|001|4300004115|00130|CME0010|80|EA|285|KRW|22800|20151230|1300|
C|005186|2015|50002140470055|001|4300004115|00140|CMA0001|240|EA|240|KRW|57600|20151230|1300|
C|005186|2015|50002140470056|001|4300004115|00150|CMA0007|100|EA|270|KRW|27000|20151230|1300|
C|005186|2015|50002140470057|001|4300004115|00160|CMA0008|200|EA|690|KRW|138000|20151230|1300|
C|005186|2015|50002140470058|001|4300004115|00170|CMF0006|1|EA|11970|KRW|11970|20151230|1300|
C|005186|2015|50002140470059|001|4300004115|00180|CMF0001|6|EA|1680|KRW|10080|20151230|1300|
C|005186|2015|50002140470060|001|4300004115|00190|CMF0009|3|EA|5700|KRW|17100|20151230|1300|
C|005186|2015|50002140470061|001|4300004115|00200|CMH0004|50|EA|760|KRW|38000|20151230|1300|
C|005186|2015|50002140470062|001|4300004116|00010|CMA0001|200|EA|240|KRW|48000|20151230|1300|
C|005186|2015|50002140470063|001|4300004116|00020|CMA0007|250|EA|270|KRW|67500|20151230|1300|
C|005186|2015|50002140470064|001|4300004116|00030|CMA0016|20|EA|2840|KRW|56800|20151230|1300|
C|005186|2015|50002140470065|001|4300004116|00040|CMB0002|100|EA|2420|KRW|242000|20151230|1300|
C|005186|2015|50002140470066|001|4300004116|00050|CMC0005|15|EA|190|KRW|2850|20151230|1300|
C|005186|2015|50002140470067|001|4300004116|00060|CME0001|13|EA|4910|KRW|63830|20151230|1300|
C|005186|2015|50002140470068|001|4300004116|00080|CMF0006|1|EA|11970|KRW|11970|20151230|1300|
C|005186|2015|50002140470069|001|4300004116|00090|CMF0007|2|EA|1780|KRW|3560|20151230|1300|
C|005186|2015|50002140470070|001|4300004116|00100|CMF0008|4|EA|1785|KRW|7140|20151230|1300|
C|005186|2015|50002140470071|001|4300004116|00110|CMF0013|10|EA|760|KRW|7600|20151230|1300|
C|005186|2015|50002140470072|001|4300004116|00120|CMZ0004|10|EA|380|KRW|3800|20151230|1300|
C|005186|2015|50002140470073|001|4300004116|00130|CMZ0005|10|EA|750|KRW|7500|20151230|1300|
C|005186|2015|50002140470074|001|4300004117|00010|CMA0001|700|EA|240|KRW|168000|20151230|1300|
C|005186|2015|50002140470075|001|4300004117|00020|CMA0007|200|EA|270|KRW|54000|20151230|1300|
C|005186|2015|50002140470076|001|4300004117|00030|CMA0008|300|EA|690|KRW|207000|20151230|1300|
C|005186|2015|50002140470077|001|4300004117|00040|CMA0016|10|EA|2840|KRW|28400|20151230|1300|
C|005186|2015|50002140470078|001|4300004117|00050|CMB0001|200|EA|655|KRW|131000|20151230|1300|
C|005186|2015|50002140470079|001|4300004117|00060|CMB0003|100|EA|2420|KRW|242000|20151230|1300|
C|005186|2015|50002140470080|001|4300004117|00070|CMB0010|150|EA|1100|KRW|165000|20151230|1300|
C|005186|2015|50002140470081|001|4300004117|00080|CME0010|50|EA|285|KRW|14250|20151230|1300|
C|005186|2015|50002140470082|001|4300004117|00100|CMF0006|5|EA|11970|KRW|59850|20151230|1300|
C|005186|2015|50002140470083|001|4300004118|00010|CMA0001|150|EA|240|KRW|36000|20151230|1300|
C|005186|2015|50002140470084|001|4300004118|00020|CMA0003|20|EA|950|KRW|19000|20151230|1300|
C|005186|2015|50002140470085|001|4300004118|00030|CMA0007|110|EA|270|KRW|29700|20151230|1300|
C|005186|2015|50002140470086|001|4300004118|00040|CMA0016|10|EA|2840|KRW|28400|20151230|1300|
C|005186|2015|50002140470087|001|4300004118|00050|CMA0017|30|EA|780|KRW|23400|20151230|1300|
C|005186|2015|50002140470088|001|4300004118|00060|CMB0003|50|EA|2420|KRW|121000|20151230|1300|
C|005186|2015|50002140470089|001|4300004118|00070|CME0001|11|EA|4910|KRW|54010|20151230|1300|
C|005186|2015|50002140470090|001|4300004118|00080|CMF0004|2|EA|22050|KRW|44100|20151230|1300|
C|005186|2015|50002140470091|001|4300004118|00100|CMH0007|1|EA|11700|KRW|11700|20151230|1300|
C|005186|2015|50002140470092|001|4300004118|00110|CMZ0014|2|EA|23300|KRW|46600|20151230|1300|
C|005186|2015|50002140470093|001|4300004118|00120|CMZ0015|1|EA|15500|KRW|15500|20151230|1300|
C|005186|2015|50002140470094|001|4300004118|00130|CMZ0032|2|EA|1970|KRW|3940|20151230|1300|
C|005186|2015|50002140470095|001|4300004119|00010|CMA0001|600|EA|240|KRW|144000|20151230|1300|
C|005186|2015|50002140470096|001|4300004119|00020|CMA0007|400|EA|270|KRW|108000|20151230|1300|
C|005186|2015|50002140470097|001|4300004119|00030|CMA0008|400|EA|690|KRW|276000|20151230|1300|
C|005186|2015|50002140470098|001|4300004119|00040|CMA0016|100|EA|2840|KRW|284000|20151230|1300|
C|005186|2015|50002140470099|001|4300004119|00050|CMB0001|300|EA|655|KRW|196500|20151230|1300|
C|005186|2015|50002140470100|001|4300004119|00060|CMB0010|300|EA|1100|KRW|330000|20151230|1300|
C|005186|2015|50002140470101|001|4300004119|00070|CMC0005|300|EA|190|KRW|57000|20151230|1300|
C|005186|2015|50002140470102|001|4300004119|00080|CME0010|200|EA|285|KRW|57000|20151230|1300|
C|005186|2015|50002140470103|001|4300004119|00090|CMF0001|10|EA|1680|KRW|16800|20151230|1300|
C|005186|2015|50002140470104|001|4300004119|00100|CMF0002|10|EA|1100|KRW|11000|20151230|1300|
C|005186|2015|50002140470105|001|4300004119|00110|CMF0004|2|EA|22050|KRW|44100|20151230|1300|
C|005186|2015|50002140470106|001|4300004119|00120|CMF0020|20|EA|700|KRW|14000|20151230|1300|
C|005186|2015|50002140470107|001|4300004119|00130|CMF0021|10|EA|5400|KRW|54000|20151230|1300|
C|005186|2015|50002140470108|001|4300004119|00140|CMH0007|5|EA|11700|KRW|58500|20151230|1300|
C|005186|2015|50002140470109|001|4300004119|00150|CMZ0004|30|EA|380|KRW|11400|20151230|1300|
C|005186|2015|50002140470110|001|4300004119|00160|CMZ0006|30|EA|1155|KRW|34650|20151230|1300|
C|005186|2015|50002140470111|001|4300004120|00010|CMA0001|650|EA|240|KRW|156000|20151230|1300|
C|005186|2015|50002140470112|001|4300004120|00020|CMA0005|10|EA|2470|KRW|24700|20151230|1300|
C|005186|2015|50002140470113|001|4300004120|00030|CMA0007|400|EA|270|KRW|108000|20151230|1300|
C|005186|2015|50002140470114|001|4300004120|00040|CMA0008|50|EA|690|KRW|34500|20151230|1300|
C|005186|2015|50002140470115|001|4300004120|00050|CMA0016|10|EA|2840|KRW|28400|20151230|1300|
C|005186|2015|50002140470116|001|4300004120|00060|CMA0017|50|EA|780|KRW|39000|20151230|1300|
C|005186|2015|50002140470117|001|4300004120|00070|CMB0001|60|EA|655|KRW|39300|20151230|1300|
C|005186|2015|50002140470118|001|4300004120|00080|CMB0002|120|EA|2420|KRW|290400|20151230|1300|
C|005186|2015|50002140470119|001|4300004120|00090|CMB0007|20|EA|925|KRW|18500|20151230|1300|
C|005186|2015|50002140470120|001|4300004120|00100|CMB0010|60|EA|1100|KRW|66000|20151230|1300|
C|005186|2015|50002140470121|001|4300004120|00130|CME0001|20|EA|4910|KRW|98200|20151230|1300|
C|005186|2015|50002140470122|001|4300004120|00140|CME0002|100|EA|2300|KRW|230000|20151230|1300|
C|005186|2015|50002140470123|001|4300004120|00150|CME0010|200|EA|285|KRW|57000|20151230|1300|
C|005186|2015|50002140470124|001|4300004120|00160|CMF0001|3|EA|1680|KRW|5040|20151230|1300|
C|005186|2015|50002140470125|001|4300004120|00180|CMF0006|1|EA|11970|KRW|11970|20151230|1300|
C|005186|2015|50002140470126|001|4300004120|00190|CMF0016|50|EA|470|KRW|23500|20151230|1300|
C|005186|2015|50002140470127|001|4300004120|00200|CMF0020|3|EA|700|KRW|2100|20151230|1300|
C|005186|2015|50002140470128|001|4300004120|00210|CMH0007|2|EA|11700|KRW|23400|20151230|1300|
C|005186|2015|50002140470129|001|4300004120|00220|CMZ0002|20|EA|430|KRW|8600|20151230|1300|
C|005186|2015|50002140470130|001|4300004120|00230|CMZ0004|20|EA|380|KRW|7600|20151230|1300|
C|005186|2015|50002140470131|001|4300004121|00010|CMA0007|100|EA|270|KRW|27000|20151230|1300|
C|005186|2015|50002140470132|001|4300004121|00020|CMB0001|30|EA|655|KRW|19650|20151230|1300|
C|005186|2015|50002140470133|001|4300004121|00030|CMB0010|20|EA|1100|KRW|22000|20151230|1300|
C|005186|2015|50002140470134|001|4300004121|00040|CMH0006|30|EA|400|KRW|12000|20151230|1300|
C|005186|2015|50002140470135|001|4300004121|00050|CMZ0032|15|EA|1970|KRW|29550|20151230|1300|
C|005186|2015|50002140480001|001|4300003820|00020|UALC0038|12|EA|82950|KRW|995400|20151230|1300|
C|005186|2015|50002140480002|001|4300003994|00010|UHFC0103|10|EA|48130|KRW|481300|20151230|1300|
C|005186|2015|50002140480003|001|4300003994|00020|UHFC0103|2|EA|48130|KRW|96260|20151230|1300|
C|005186|2015|50002140480004|001|4300003995|00010|UHGC0134|2|EA|756000|KRW|1512000|20151230|1300|
C|005186|2015|50002140480005|001|4300003998|00040|UHBC0015|1|EA|998550|KRW|998550|20151230|1300|
C|005186|2015|50002140480006|001|4300004067|00030|UHDC0074|40|EA|13650|KRW|546000|20151230|1300|
C|005186|2015|50002140480007|001|4300004067|00040|UHDC0061|50|EA|10300|KRW|515000|20151230|1300|
C|005186|2015|50002140480008|001|4300004077|00010|UHFC0218|200|EA|250|KRW|50000|20151230|1300|
C|005186|2015|50002140480009|001|4300004077|00020|UHEC0019|10|EA|4740|KRW|47400|20151230|1300|
C|005186|2015|50002140480010|001|4300004077|00030|UHFC0053|50|EA|315|KRW|15750|20151230|1300|
C|005186|2015|50002140480011|001|4300004077|00040|UHFC0054|50|EA|158|KRW|7900|20151230|1300|
C|005186|2015|50002140480012|001|4300004077|00050|UHGC0024|5|EA|76100|KRW|380500|20151230|1300|
C|005186|2015|50002140480013|001|4300004077|00060|UHGC0055|5|EA|17100|KRW|85500|20151230|1300|
C|005186|2015|50002140480014|001|4300004077|00070|UHTC0517|3|EA|81060|KRW|243180|20151230|1300|
C|005186|2015|50002140480015|001|4300004077|00080|UHFC0103|16|EA|48130|KRW|770080|20151230|1300|
C|005186|2015|50002140480016|001|4300004080|00010|UHDC0008|20|EA|31080|KRW|621600|20151230|1300|
C|005186|2015|50002140480017|001|4300004080|00050|UHTC0463|3|EA|16800|KRW|50400|20151230|1300|
C|005186|2015|50002140480018|001|4300004080|00060|UGAC0006|20|EA|30030|KRW|600600|20151230|1300|
C|005186|2015|50002140480019|001|4300004080|00090|UHFC0337|2|EA|104210|KRW|208420|20151230|1300|
C|005186|2015|50002140480020|001|4300004081|00010|KE030011|9|EA|8190|KRW|73710|20151230|1300|
C|005186|2015|50002140480021|001|4300004081|00020|KE030110|5|EA|38540|KRW|192700|20151230|1300|
C|005186|2015|50002140480022|001|4300004081|00030|KE030200|5|EA|15230|KRW|76150|20151230|1300|
C|005186|2015|50002140480023|001|4300004081|00040|KE030205|3|EA|31290|KRW|93870|20151230|1300|
C|005186|2015|50002140480024|001|4300004081|00050|KE030206|5|EA|16380|KRW|81900|20151230|1300|
C|005186|2015|50002140480025|001|4300004081|00060|KE030207|1|EA|41900|KRW|41900|20151230|1300|
C|005186|2015|50002140480026|001|4300004081|00070|KE050001|7|EA|1400|KRW|9800|20151230|1300|
C|005186|2015|50002140480027|001|4300004081|00080|KE050207|2|EA|6930|KRW|13860|20151230|1300|
C|005186|2015|50002140480028|001|4300004081|00090|KE050301|7|EA|1160|KRW|8120|20151230|1300|
C|005186|2015|50002140480029|001|4300004081|00100|KE050303|6|EA|2600|KRW|15600|20151230|1300|
C|005186|2015|50002140480030|001|4300004081|00110|KE090101|6|EA|24680|KRW|148080|20151230|1300|
C|005186|2015|50002140480031|001|4300004081|00120|KE090102|3|EA|15430|KRW|46290|20151230|1300|
C|005186|2015|50002140480032|001|4300004081|00130|KE090106|3|EA|15370|KRW|46110|20151230|1300|
C|005186|2015|50002140480033|001|4300004081|00140|KE110200|10|EA|65100|KRW|651000|20151230|1300|
C|005186|2015|50002140480034|001|4300004081|00150|KE180203|30|EA|13650|KRW|409500|20151230|1300|
C|005186|2015|50002140480035|001|4300004082|00010|KE090112|3|EA|16800|KRW|50400|20151230|1300|
C|005186|2015|50002140480036|001|4300004082|00020|KE090116|4|EA|28040|KRW|112160|20151230|1300|
C|005186|2015|50002140480037|001|4300004082|00030|KE090136|3|EA|28980|KRW|86940|20151230|1300|
C|005186|2015|50002140480038|001|4300004082|00040|KE110100|10|EA|124000|KRW|1240000|20151230|1300|
C|005186|2015|50002140480039|001|4300004082|00050|KE190003|3|EA|29300|KRW|87900|20151230|1300|
C|005186|2015|50002140480040|001|4300004082|00060|KE210001|1|EA|53030|KRW|53030|20151230|1300|
C|005186|2015|50002140480041|001|4300004082|00070|KE230003|180|EA|1870|KRW|336600|20151230|1300|
C|005186|2015|50002140480042|001|4300004083|00010|KE200113|4|EA|130000|KRW|520000|20151230|1300|
C|005186|2015|50002140480043|001|4300004083|00020|KE231001|20|EA|16150|KRW|323000|20151230|1300|
C|005186|2015|50002140480044|001|4300004083|00030|KE231300|2|EA|19030|KRW|38060|20151230|1300|
C|005186|2015|50002140480045|001|4300004083|00040|KE231406|7|EA|7140|KRW|49980|20151230|1300|
C|005186|2015|50002140480046|001|4300004083|00050|KE231503|8|EA|1160|KRW|9280|20151230|1300|
C|005186|2015|50002140480047|001|4300004083|00060|KE270300|60|EA|470|KRW|28200|20151230|1300|
C|005186|2015|50002140480048|001|4300004083|00070|KE270302|5|EA|6900|KRW|34500|20151230|1300|
C|005186|2015|50002140490001|001|4300004160|00030|UAHC0028|4|EA|4700|KRW|18800|20151230|1300|
C|005186|2015|50002140490002|001|4300004161|00010|UAGC0247|1|EA|566320|KRW|566320|20151230|1300|
C|005186|2015|50002140490003|001|4300004161|00080|UAGC0355|3|EA|9920|KRW|29760|20151230|1300|
C|005186|2015|50002140490004|001|4300004163|00070|UIDC0005|1|EA|436510|KRW|436510|20151230|1300|
C|005186|2015|50002140490005|001|4300004164|00010|UIDC0005|4|EA|436510|KRW|1746040|20151230|1300|
C|005186|2015|50002140490006|001|4300004167|00020|UAHC0025|100|EA|7660|KRW|766000|20151230|1300|
C|005186|2015|50002140490007|001|4300004167|00030|UKBC0010|1|EA|91480|KRW|91480|20151230|1300|
C|005186|2015|50002140490008|001|4300004168|00010|UKAC0043|4|EA|262000|KRW|1048000|20151230|1300|
C|005186|2015|50002140490009|001|4300004168|00050|UKBC0010|1|EA|91480|KRW|91480|20151230|1300|
C|005186|2015|50002140490010|001|4300004168|00080|UAEC0431|1|EA|5230|KRW|5230|20151230|1300|
C|005186|2015|50002140490011|001|4300004168|00090|UAEC0253|1|EA|17150|KRW|17150|20151230|1300|
C|005186|2015|50002140490012|001|4300004168|00100|UAGC0386|1|EA|68850|KRW|68850|20151230|1300|
C|005186|2015|50002140490013|001|4300004168|00110|UAGC0206|100|EA|504|KRW|50400|20151230|1300|
C|005186|2015|50002140490014|001|4300004168|00120|UAEC0252|1|EA|5220|KRW|5220|20151230|1300|
C|005186|2015|50002140490015|001|4300004168|00140|UAGC0239|1|EA|278250|KRW|278250|20151230|1300|
C|005186|2015|50002140490016|001|4300004169|00010|UJCC0061|3|EA|433000|KRW|1299000|20151230|1300|
C|005186|2015|50002140490017|001|4300004171|00020|UGAC0065|1|EA|124800|KRW|124800|20151230|1300|
C|005186|2015|50002140490018|001|4300004171|00030|UCFC0006|20|EA|8210|KRW|164200|20151230|1300|
C|005186|2015|50002140490019|001|4300004171|00050|UKAC0011|1|EA|117495|KRW|117495|20151230|1300|
C|005186|2015|50002140490020|001|4300004172|00010|UAEC0049|2|EA|9900|KRW|19800|20151230|1300|
C|005186|2015|50002140490021|001|4300004172|00020|UAEC0285|2|EA|7400|KRW|14800|20151230|1300|
C|005186|2015|50002140490022|001|4300004172|00030|UAEC0058|2|EA|12350|KRW|24700|20151230|1300|
C|005186|2015|50002140490023|001|4300004172|00080|UABC0044|20|EA|11040|KRW|220800|20151230|1300|
C|005186|2015|50002140490024|001|4300004172|00090|UJAC0115|2|EA|47780|KRW|95560|20151230|1300|
C|005186|2015|50002140490025|001|4300004172|00100|UJAC0114|2|EA|42420|KRW|84840|20151230|1300|
C|005186|2015|50002140490026|001|4300004172|00110|UJAC0068|2|EA|6070|KRW|12140|20151230|1300|
C|005186|2015|50002140490027|001|4300004172|00120|UJAC0067|2|EA|5560|KRW|11120|20151230|1300|
C|005186|2015|50002140490028|001|4300004172|00130|UAGC0434|1|EA|227360|KRW|227360|20151230|1300|
C|005186|2015|50002140490029|001|4300004172|00140|UAEC0295|2|EA|13480|KRW|26960|20151230|1300|
C|005186|2015|50002140490030|001|4300004172|00150|UAEC0297|2|EA|15750|KRW|31500|20151230|1300|
C|005186|2015|50002140490031|001|4300004172|00160|UAEC0048|1|EA|12600|KRW|12600|20151230|1300|
C|005186|2015|50002140490032|001|4300004172|00170|UAEC0058|2|EA|12350|KRW|24700|20151230|1300|
C|005186|2015|50002140490033|001|4300004172|00180|UAEC0094|1|EA|22630|KRW|22630|20151230|1300|
C|005186|2015|50002140490034|001|4300004173|00010|UCKC0043|1|EA|698000|KRW|698000|20151230|1300|
C|005186|2015|50002140490035|001|4300004173|00020|UAGC0033|4|EA|122100|KRW|488400|20151230|1300|
C|005186|2015|50002140490036|001|4300004173|00040|UJBC0004|20|EA|4337|KRW|86740|20151230|1300|
C|005186|2015|50002140490037|001|4300004173|00060|UKBC0010|2|EA|91480|KRW|182960|20151230|1300|
C|005186|2015|50002140490038|001|4300004174|00010|UKBC0010|1|EA|91480|KRW|91480|20151230|1300|
C|005186|2015|50002140490039|001|4300004174|00050|UKBC0010|1|EA|91480|KRW|91480|20151230|1300|
C|005186|2015|50002140490040|001|4300004177|00010|UDAC0266|100|EA|4840|KRW|484000|20151230|1300|
C|005186|2015|50002140490041|001|4300004177|00030|UKBC0010|2|EA|91480|KRW|182960|20151230|1300|
C|005186|2015|50002140490042|001|4300004177|00040|UAEC0025|2|EA|8900|KRW|17800|20151230|1300|
C|005186|2015|50002140490043|001|4300004177|00050|UZZC0106|4|EA|23150|KRW|92600|20151230|1300|
C|005186|2015|50002140490044|001|4300004177|00060|UAEC0014|4|EA|9000|KRW|36000|20151230|1300|
C|005186|2015|50002140490045|001|4300004177|00070|UDAC0267|100|EA|6800|KRW|680000|20151230|1300|
C|005186|2015|50002140490046|001|4300004179|00030|UADC0013|8|EA|4800|KRW|38400|20151230|1300|
C|005186|2015|50002140600001|001|4300004174|00040|UALC0109|12|EA|59800|KRW|717600|20151230|1300|
C|005186|2015|50002140600002|001|4300004176|00010|UALC0094|24|EA|62800|KRW|1507200|20151230|1300|
C|005186|2015|50002140610001|001|4300004079|00030|UGCC0471|5|EA|110250|KRW|551250|20151230|1300|
C|005186|2015|50002140610002|001|4300004079|00040|UGCC0476|2|EA|133250|KRW|266500|20151230|1300|
C|005186|2015|50002140610003|001|4300004090|00010|UGBC1458|10|EA|36570|KRW|365700|20151230|1300|
C|005186|2015|50002140610004|001|4300004090|00020|UGCC0996|1|EA|128300|KRW|128300|20151230|1300|
C|005186|2015|50002140610005|001|4300004091|00030|UGBC1467|2|EA|292000|KRW|584000|20151230|1300|
C|005186|2015|50002140620001|001|4300004087|00030|UICC0027|1|EA|14210|KRW|14210|20151230|1300|
C|005186|2015|50002140620002|001|4300004090|00030|UDDC0369|2|EA|97000|KRW|194000|20151230|1300|
C|005186|2015|50002140630001|001|4300003994|00030|UGCC0840|1|EA|1084000|KRW|1084000|20151230|1300|
C|005186|2015|50002140630002|001|4300003994|00040|UZZC0141|1|EA|187000|KRW|187000|20151230|1300|
C|005186|2015|50002140630003|001|4300004070|00010|UGCC0840|1|EA|1084000|KRW|1084000|20151230|1300|
C|005186|2015|50002140630004|001|4300004070|00020|UZZC0141|1|EA|187000|KRW|187000|20151230|1300|
C|005186|2015|50002140640001|001|4300003911|00020|UKBC0010|3|EA|91480|KRW|274440|20151230|1300|
C|005186|2015|50002140640002|001|4300004001|00010|UGCC0973|4|EA|154000|KRW|616000|20151230|1300|
C|005186|2015|50002140640003|001|4300004005|00030|UGCC1001|2|EA|49800|KRW|99600|20151230|1300|
C|005186|2015|50002140640004|001|4300004017|00100|UGCC0997|2|EA|107000|KRW|214000|20151230|1300|
C|005186|2015|50002140640005|001|4300004017|00110|UGCC0998|2|EA|93300|KRW|186600|20151230|1300|
C|005186|2015|50002140640006|001|4300004018|00010|UGCC1000|2|EA|159000|KRW|318000|20151230|1300|
C|005186|2015|50002140640007|001|4300004018|00060|UGCC1002|2|EA|114500|KRW|229000|20151230|1300|
C|005186|2015|50002140640008|001|4300004018|00110|UGCC1003|1|EA|101800|KRW|101800|20151230|1300|
C|005186|2015|50002140640009|001|4300004018|00120|UHGC0287|1|EA|83800|KRW|83800|20151230|1300|
C|005186|2015|50002140650001|001|4300004125|00050|CMD0016|11|EA|30450|KRW|334950|20151230|1300|
C|005186|2015|50002140660001|001|4300004110|00060|CMD0016|4|EA|30450|KRW|121800|20151230|1300|
