C|005186|2014|50001003670001|001|4300001702|00100|UHTC0510|1|EA|421080|KRW|421080|20140930|1300|
C|005186|2014|50001003670002|001|4300001703|00040|UHTC0689|10|EA|41000|KRW|410000|20140930|1300|
C|005186|2014|50001003670003|001|4300001703|00050|UHTC0655|5|EA|51500|KRW|257500|20140930|1300|
C|005186|2014|50001003670004|001|4300001703|00380|UHTC0683|10|EA|41000|KRW|410000|20140930|1300|
C|005186|2014|50001003670005|001|4300001718|00430|UGBC0532|10|EA|3990|KRW|39900|20140930|1300|
C|005186|2014|50001003670006|001|4300001718|00440|UGBC0237|10|EA|13860|KRW|138600|20140930|1300|
C|005186|2014|50001003670007|001|4300001718|00450|UGBC0231|50|EA|830|KRW|41500|20140930|1300|
C|005186|2014|50001003670008|001|4300001718|00460|UGBC0372|20|EA|2840|KRW|56800|20140930|1300|
C|005186|2014|50001003670009|001|4300001718|00470|UBCC0039|5|EA|18900|KRW|94500|20140930|1300|
C|005186|2014|50001003670010|001|4300001718|00480|UGBC1195|3|EA|54600|KRW|163800|20140930|1300|
C|005186|2014|50001003670011|001|4300001741|00350|UEAC0120|3|EA|321470|KRW|964410|20140930|1300|
C|005186|2014|50001003670012|001|4300001741|00920|UHTC0656|12|EA|87200|KRW|1046400|20140930|1300|
C|005186|2014|50001003680001|001|4300001680|00210|UHTC0584|1|EA|8480|KRW|8480|20140930|1300|
C|005186|2014|50001003680002|001|4300001680|00220|UHTC0585|1|EA|58500|KRW|58500|20140930|1300|
C|005186|2014|50001003680003|001|4300001683|00010|UHGC0188|5|EA|34650|KRW|173250|20140930|1300|
C|005186|2014|50001003680004|001|4300001683|00020|UHGC0189|5|EA|31500|KRW|157500|20140930|1300|
C|005186|2014|50001003680005|001|4300001683|00030|UHGC0212|5|EA|35000|KRW|175000|20140930|1300|
C|005186|2014|50001003680006|001|4300001683|00040|UHGC0213|3|EA|28004|KRW|84012|20140930|1300|
C|005186|2014|50001003680007|001|4300001683|00050|UHGC0215|3|EA|30300|KRW|90900|20140930|1300|
C|005186|2014|50001003680008|001|4300001684|00420|UHFC0407|20|EA|2530|KRW|50600|20140930|1300|
C|005186|2014|50001003680009|001|4300001684|00430|UHFC0408|20|EA|2530|KRW|50600|20140930|1300|
C|005186|2014|50001003680010|001|4300001684|00440|UHNC0080|1|EA|286320|KRW|286320|20140930|1300|
C|005186|2014|50001003680011|001|4300001684|00450|UHNC0057|1|EA|816270|KRW|816270|20140930|1300|
C|005186|2014|50001003680012|001|4300001684|00460|UHGC0057|5|EA|24200|KRW|121000|20140930|1300|
C|005186|2014|50001003680013|001|4300001684|00470|UHGC0107|2|EA|342100|KRW|684200|20140930|1300|
C|005186|2014|50001003680014|001|4300001684|00480|UHCC0010|1|EA|1007000|KRW|1007000|20140930|1300|
C|005186|2014|50001003680015|001|4300001684|00490|UHNC0123|1|EA|496850|KRW|496850|20140930|1300|
C|005186|2014|50001003680016|001|4300001684|00500|UHNC0126|1|EA|400000|KRW|400000|20140930|1300|
C|005186|2014|50001003680017|001|4300001684|00510|UFJC0018|1|EA|96600|KRW|96600|20140930|1300|
C|005186|2014|50001003680018|001|4300001702|00110|UHTC0517|5|EA|81060|KRW|405300|20140930|1300|
C|005186|2014|50001003680019|001|4300001702|00180|UHDC0126|30|EA|840|KRW|25200|20140930|1300|
C|005186|2014|50001003680020|001|4300001702|00190|UHDC0128|30|EA|840|KRW|25200|20140930|1300|
C|005186|2014|50001003680021|001|4300001702|00210|UHFC0291|4|EA|31500|KRW|126000|20140930|1300|
C|005186|2014|50001003680022|001|4300001702|00220|UHNC0113|1|EA|772800|KRW|772800|20140930|1300|
C|005186|2014|50001003680023|001|4300001702|00230|UHDC0100|150|EA|2970|KRW|445500|20140930|1300|
C|005186|2014|50001003680024|001|4300001702|00240|UHFC0186|1|EA|138600|KRW|138600|20140930|1300|
C|005186|2014|50001003680025|001|4300001702|00250|UHGC0129|1|EA|612680|KRW|612680|20140930|1300|
C|005186|2014|50001003680026|001|4300001702|00280|UGCC0232|1|EA|300300|KRW|300300|20140930|1300|
C|005186|2014|50001003680027|001|4300001702|00290|UHGC0041|5|EA|18900|KRW|94500|20140930|1300|
C|005186|2014|50001003680028|001|4300001702|00300|UHFC0218|200|EA|250|KRW|50000|20140930|1300|
C|005186|2014|50001003680029|001|4300001702|00310|UHGC0048|5|EA|33000|KRW|165000|20140930|1300|
C|005186|2014|50001003680030|001|4300001703|00130|UHHC0017|5|EA|201600|KRW|1008000|20140930|1300|
C|005186|2014|50001003680031|001|4300001703|00140|UHDC0046|6|EA|212100|KRW|1272600|20140930|1300|
C|005186|2014|50001003680032|001|4300001703|00150|UHFC0231|3|EA|2405|KRW|7215|20140930|1300|
C|005186|2014|50001003680033|001|4300001703|00160|UHFC0232|5|EA|9790|KRW|48950|20140930|1300|
C|005186|2014|50001003680034|001|4300001703|00170|UHFC0233|3|EA|11660|KRW|34980|20140930|1300|
C|005186|2014|50001003680035|001|4300001703|00180|UHFC0059|5|EA|3680|KRW|18400|20140930|1300|
C|005186|2014|50001003680036|001|4300001703|00190|UHFC0060|20|EA|1530|KRW|30600|20140930|1300|
C|005186|2014|50001003680037|001|4300001703|00200|UHFC0061|20|EA|2280|KRW|45600|20140930|1300|
