C|005186|2014|50000947510001|001|4300001647|00010|KE030011|5|EA|8190|KRW|40950|20140831|1300|
C|005186|2014|50000947510002|001|4300001647|00020|KE030114|2|EA|63840|KRW|127680|20140831|1300|
C|005186|2014|50000947510003|001|4300001647|00030|KE030200|1|EA|15230|KRW|15230|20140831|1300|
C|005186|2014|50000947510004|001|4300001647|00040|KE030205|4|EA|31290|KRW|125160|20140831|1300|
C|005186|2014|50000947510005|001|4300001647|00050|KE030206|1|EA|16380|KRW|16380|20140831|1300|
C|005186|2014|50000947510006|001|4300001647|00060|KE050201|2|EA|8460|KRW|16920|20140831|1300|
C|005186|2014|50000947510007|001|4300001647|00070|KE050213|1|EA|8440|KRW|8440|20140831|1300|
C|005186|2014|50000947510008|001|4300001647|00080|KE050304|6|EA|2600|KRW|15600|20140831|1300|
C|005186|2014|50000947510009|001|4300001647|00090|KE050801|16|EA|1900|KRW|30400|20140831|1300|
C|005186|2014|50000947510010|001|4300001647|00100|KE090102|6|EA|15430|KRW|92580|20140831|1300|
C|005186|2014|50000947510011|001|4300001647|00110|KE090112|5|EA|16800|KRW|84000|20140831|1300|
C|005186|2014|50000947510012|001|4300001647|00120|KE090116|2|EA|28040|KRW|56080|20140831|1300|
C|005186|2014|50000947510013|001|4300001647|00130|KE110200|10|EA|65100|KRW|651000|20140831|1300|
C|005186|2014|50000947510014|001|4300001647|00140|KE180201|4|EA|62100|KRW|248400|20140831|1300|
C|005186|2014|50000947510015|001|4300001647|00150|KE180203|20|EA|13650|KRW|273000|20140831|1300|
C|005186|2014|50000947510016|001|4300001647|00160|KE190003|4|EA|29300|KRW|117200|20140831|1300|
C|005186|2014|50000947510017|001|4300001647|00170|KE210001|3|EA|53030|KRW|159090|20140831|1300|
C|005186|2014|50000947510018|001|4300001647|00180|KE230003|237|EA|1870|KRW|443190|20140831|1300|
C|005186|2014|50000947510019|001|4300001647|00190|KE231001|25|EA|16150|KRW|403750|20140831|1300|
C|005186|2014|50000947510020|001|4300001647|00200|KE231100|30|EA|530|KRW|15900|20140831|1300|
C|005186|2014|50000947510021|001|4300001647|00210|KE231403|15|EA|1840|KRW|27600|20140831|1300|
C|005186|2014|50000947510022|001|4300001647|00220|KE231406|16|EA|7140|KRW|114240|20140831|1300|
C|005186|2014|50000947510023|001|4300001647|00230|KE270302|5|EA|6900|KRW|34500|20140831|1300|
C|005186|2014|50000947510024|001|4300001647|00240|KE281401|23|EA|840|KRW|19320|20140831|1300|
C|005186|2014|50000947520001|001|4300001643|00010|UHTC0123|10|EA|1050|KRW|10500|20140831|1300|
C|005186|2014|50000947520002|001|4300001643|00020|UHTC0053|3|EA|75600|KRW|226800|20140831|1300|
C|005186|2014|50000947520003|001|4300001643|00030|UHDC0140|50|EA|2320|KRW|116000|20140831|1300|
C|005186|2014|50000947520004|001|4300001643|00040|UHHC0077|1|EA|382200|KRW|382200|20140831|1300|
C|005186|2014|50000947520005|001|4300001643|00050|UHGC0129|1|EA|612680|KRW|612680|20140831|1300|
C|005186|2014|50000947520006|001|4300001645|00080|UHTC0520|5|EA|140000|KRW|700000|20140831|1300|
C|005186|2014|50000947520007|001|4300001645|00090|UHGC0197|3|EA|36000|KRW|108000|20140831|1300|
C|005186|2014|50000947520008|001|4300001645|00100|UHHC0051|2|EA|99860|KRW|199720|20140831|1300|
C|005186|2014|50000947520009|001|4300001663|00190|UHNC0113|1|EA|772800|KRW|772800|20140831|1300|
C|005186|2014|50000947520010|001|4300001663|00200|UHCC0018|1|EA|922100|KRW|922100|20140831|1300|
C|005186|2014|50000947520011|001|4300001663|00210|UHNC0032|1|EA|293000|KRW|293000|20140831|1300|
C|005186|2014|50000947520012|001|4300001664|00010|UHNC0056|1|EA|1740000|KRW|1740000|20140831|1300|
C|005186|2014|50000947530001|001|4300001634|00030|UDBC0788|50|EA|230|KRW|11500|20140831|1300|
C|005186|2014|50000947530002|001|4300001634|00070|UDBC0051|20|EA|750|KRW|15000|20140831|1300|
C|005186|2014|50000947530003|001|4300001634|00180|UEBC1032|8|EA|75800|KRW|606400|20140831|1300|
C|005186|2014|50000947530004|001|4300001634|00190|UDBC0098|20|EA|595|KRW|11900|20140831|1300|
C|005186|2014|50000947530005|001|4300001634|00250|UEBC0918|4|EA|15260|KRW|61040|20140831|1300|
C|005186|2014|50000947530006|001|4300001634|00280|UEBC0002|8|EA|33600|KRW|268800|20140831|1300|
C|005186|2014|50000947530007|001|4300001634|00310|UAEC0093|1|EA|33260|KRW|33260|20140831|1300|
C|005186|2014|50000947530008|001|4300001634|00320|UAEC0330|1|EA|50240|KRW|50240|20140831|1300|
C|005186|2014|50000947530009|001|4300001634|00360|UEBC0104|10|EA|2170|KRW|21700|20140831|1300|
C|005186|2014|50000947530010|001|4300001634|00370|UEBC0238|10|EA|3800|KRW|38000|20140831|1300|
C|005186|2014|50000947530011|001|4300001634|00380|UEBC0239|10|EA|3310|KRW|33100|20140831|1300|
C|005186|2014|50000947530012|001|4300001634|00390|UEBC1133|5|EA|53800|KRW|269000|20140831|1300|
C|005186|2014|50000947530013|001|4300001634|00400|UDAC0264|5|EA|50500|KRW|252500|20140831|1300|
C|005186|2014|50000947530014|001|4300001634|00410|UEBC1137|10|EA|8280|KRW|82800|20140831|1300|
C|005186|2014|50000947530015|001|4300001634|00420|UDBC0427|10|EA|120|KRW|1200|20140831|1300|
C|005186|2014|50000947530016|001|4300001634|00430|UEBC1130|1|EA|24600|KRW|24600|20140831|1300|
C|005186|2014|50000947530017|001|4300001634|00440|UAEC0064|10|EA|3480|KRW|34800|20140831|1300|
C|005186|2014|50000947530018|001|4300001634|00450|UAEC0065|10|EA|6300|KRW|63000|20140831|1300|
C|005186|2014|50000947530019|001|4300001634|00460|UAGC0395|2|EA|22150|KRW|44300|20140831|1300|
C|005186|2014|50000947530020|001|4300001634|00470|UAGC0448|2|EA|29470|KRW|58940|20140831|1300|
C|005186|2014|50000947530021|001|4300001634|00480|UEBC0041|1|EA|24700|KRW|24700|20140831|1300|
C|005186|2014|50000947530022|001|4300001634|00490|UEBC1094|4|EA|18950|KRW|75800|20140831|1300|
C|005186|2014|50000947530023|001|4300001634|00500|UEBC0750|50|EA|1890|KRW|94500|20140831|1300|
C|005186|2014|50000947530024|001|4300001634|00510|UEBC0751|50|EA|15750|KRW|787500|20140831|1300|
C|005186|2014|50000947530025|001|4300001634|00520|UEBC0749|50|EA|820|KRW|41000|20140831|1300|
C|005186|2014|50000947530026|001|4300001634|00530|UEBC0748|50|EA|2730|KRW|136500|20140831|1300|
C|005186|2014|50000947540001|001|4300001647|00280|KS061502|10|EA|2970|KRW|29700|20140831|1300|
C|005186|2014|50000947540002|001|4300001647|00290|KS061504|6|EA|4050|KRW|24300|20140831|1300|
C|005186|2014|50000947540003|001|4300001647|00300|KS061506|4|EA|7850|KRW|31400|20140831|1300|
C|005186|2014|50000947540004|001|4300001647|00310|KS061507|2|EA|8260|KRW|16520|20140831|1300|
C|005186|2014|50000947540005|001|4300001647|00320|KS061508|4|EA|10510|KRW|42040|20140831|1300|
C|005186|2014|50000947540006|001|4300001647|00330|KS067002|4|EA|1460|KRW|5840|20140831|1300|
C|005186|2014|50000947540007|001|4300001647|00340|KS067006|2|EA|3120|KRW|6240|20140831|1300|
C|005186|2014|50000947540008|001|4300001647|00350|KS067204|4|EA|2570|KRW|10280|20140831|1300|
C|005186|2014|50000947540009|001|4300001647|00360|KS067205|4|EA|3290|KRW|13160|20140831|1300|
C|005186|2014|50000947540010|001|4300001647|00370|KS067207|5|EA|5780|KRW|28900|20140831|1300|
C|005186|2014|50000947540011|001|4300001647|00380|KS067208|5|EA|7940|KRW|39700|20140831|1300|
C|005186|2014|50000947540012|001|4300001647|00390|KS067210|2|EA|14350|KRW|28700|20140831|1300|
C|005186|2014|50000947540013|001|4300001647|00400|KS080702|2|EA|19850|KRW|39700|20140831|1300|
C|005186|2014|50000947540014|001|4300001647|00410|KS080705|3|EA|18500|KRW|55500|20140831|1300|
C|005186|2014|50000947540015|001|4300001647|00420|KS080711|2|EA|32300|KRW|64600|20140831|1300|
C|005186|2014|50000947550001|001|4300001634|00200|UEBC0522|3|EA|13430|KRW|40290|20140831|1300|
C|005186|2014|50000947550002|001|4300001645|00060|UGCC0630|2|EA|36750|KRW|73500|20140831|1300|
C|005186|2014|50000947550003|001|4300001663|00220|UAEC0299|1|EA|18900|KRW|18900|20140831|1300|
C|005186|2014|50000947550004|001|4300001663|00230|UKGC0008|7|EA|2940|KRW|20580|20140831|1300|
C|005186|2014|50000947550005|001|4300001663|00290|UAGC0216|1|EA|102900|KRW|102900|20140831|1300|
C|005186|2014|50000947550006|001|4300001663|00350|UGCC0644|1|EA|136500|KRW|136500|20140831|1300|
C|005186|2014|50000947550007|001|4300001663|00360|UGCC0650|1|EA|277030|KRW|277030|20140831|1300|
C|005186|2014|50000947550008|001|4300001663|00370|UGCC0652|1|EA|348600|KRW|348600|20140831|1300|
