C|005186|2013|50000404960001|001|4300000717|00010|CMA0001|400|EA|240|KRW|96000|20131115|1300|
C|005186|2013|50000404960002|001|4300000717|00020|CMA0004|50|EA|2780|KRW|139000|20131115|1300|
C|005186|2013|50000404960003|001|4300000717|00030|CMA0005|50|EA|2470|KRW|123500|20131115|1300|
C|005186|2013|50000404960004|001|4300000717|00040|CMA0007|150|EA|270|KRW|40500|20131115|1300|
C|005186|2013|50000404960005|001|4300000717|00050|CMA0017|20|EA|780|KRW|15600|20131115|1300|
C|005186|2013|50000404960006|001|4300000717|00060|CMB0001|50|EA|655|KRW|32750|20131115|1300|
C|005186|2013|50000404960007|001|4300000717|00070|CMB0002|120|EA|2420|KRW|290400|20131115|1300|
C|005186|2013|50000404960008|001|4300000717|00080|CMC0003|50|EA|340|KRW|17000|20131115|1300|
C|005186|2013|50000404960009|001|4300000717|00090|CMC0005|50|EA|190|KRW|9500|20131115|1300|
C|005186|2013|50000404960010|001|4300000717|00100|CME0001|18|EA|4910|KRW|88380|20131115|1300|
C|005186|2013|50000404960011|001|4300000717|00110|CME0002|150|EA|2300|KRW|345000|20131115|1300|
C|005186|2013|50000404960012|001|4300000717|00120|CME0010|200|EA|285|KRW|57000|20131115|1300|
C|005186|2013|50000404960013|001|4300000717|00130|CMF0004|1|EA|22050|KRW|22050|20131115|1300|
C|005186|2013|50000404960014|001|4300000717|00150|CMF0021|2|EA|5400|KRW|10800|20131115|1300|
C|005186|2013|50000404960015|001|4300000717|00160|CMF0022|5|EA|5400|KRW|27000|20131115|1300|
C|005186|2013|50000404960016|001|4300000717|00170|CMH0007|5|EA|11700|KRW|58500|20131115|1300|
C|005186|2013|50000404960017|001|4300000717|00180|CMZ0001|10|EA|765|KRW|7650|20131115|1300|
C|005186|2013|50000404960018|001|4300000717|00190|CMZ0002|20|EA|430|KRW|8600|20131115|1300|
C|005186|2013|50000404960019|001|4300000717|00200|CMZ0004|10|EA|380|KRW|3800|20131115|1300|
C|005186|2013|50000404960020|001|4300000717|00210|CMZ0005|5|EA|750|KRW|3750|20131115|1300|
C|005186|2013|50000404960021|001|4300000718|00010|CMA0001|400|EA|240|KRW|96000|20131115|1300|
C|005186|2013|50000404960022|001|4300000718|00020|CMA0007|200|EA|270|KRW|54000|20131115|1300|
C|005186|2013|50000404960023|001|4300000718|00030|CMA0008|100|EA|690|KRW|69000|20131115|1300|
C|005186|2013|50000404960024|001|4300000718|00040|CMA0016|100|EA|2840|KRW|284000|20131115|1300|
C|005186|2013|50000404960025|001|4300000718|00050|CMA0017|10|EA|780|KRW|7800|20131115|1300|
C|005186|2013|50000404960026|001|4300000718|00060|CMB0001|200|EA|655|KRW|131000|20131115|1300|
C|005186|2013|50000404960027|001|4300000718|00070|CMB0010|200|EA|1100|KRW|220000|20131115|1300|
C|005186|2013|50000404960028|001|4300000718|00080|CMC0005|200|EA|190|KRW|38000|20131115|1300|
C|005186|2013|50000404960029|001|4300000718|00110|CME0002|30|EA|2300|KRW|69000|20131115|1300|
C|005186|2013|50000404960030|001|4300000718|00120|CME0010|180|EA|285|KRW|51300|20131115|1300|
C|005186|2013|50000404960031|001|4300000718|00130|CMF0001|10|EA|1680|KRW|16800|20131115|1300|
C|005186|2013|50000404960032|001|4300000718|00140|CMF0002|10|EA|1100|KRW|11000|20131115|1300|
C|005186|2013|50000404960033|001|4300000718|00160|CMF0014|2|EA|630|KRW|1260|20131115|1300|
C|005186|2013|50000404960034|001|4300000718|00170|CMF0020|10|EA|700|KRW|7000|20131115|1300|
C|005186|2013|50000404960035|001|4300000718|00180|CMH0007|4|EA|11700|KRW|46800|20131115|1300|
C|005186|2013|50000404960036|001|4300000718|00190|CMZ0001|40|EA|765|KRW|30600|20131115|1300|
C|005186|2013|50000404960037|001|4300000718|00200|CMZ0002|40|EA|430|KRW|17200|20131115|1300|
C|005186|2013|50000404960038|001|4300000718|00210|CMZ0004|50|EA|380|KRW|19000|20131115|1300|
C|005186|2013|50000404960039|001|4300000718|00220|CMZ0006|30|EA|1155|KRW|34650|20131115|1300|
C|005186|2013|50000404960040|001|4300000719|00010|CMA0001|140|EA|240|KRW|33600|20131115|1300|
C|005186|2013|50000404960041|001|4300000719|00020|CMA0002|10|EA|1530|KRW|15300|20131115|1300|
C|005186|2013|50000404960042|001|4300000719|00030|CMA0007|130|EA|270|KRW|35100|20131115|1300|
C|005186|2013|50000404960043|001|4300000719|00040|CMA0008|30|EA|690|KRW|20700|20131115|1300|
C|005186|2013|50000404960044|001|4300000719|00050|CMA0016|10|EA|2840|KRW|28400|20131115|1300|
C|005186|2013|50000404960045|001|4300000719|00060|CMA0017|10|EA|780|KRW|7800|20131115|1300|
C|005186|2013|50000404960046|001|4300000719|00070|CMB0003|100|EA|2420|KRW|242000|20131115|1300|
C|005186|2013|50000404960047|001|4300000719|00100|CME0001|12|EA|4910|KRW|58920|20131115|1300|
C|005186|2013|50000404960048|001|4300000719|00110|CMF0006|20|EA|11970|KRW|239400|20131115|1300|
C|005186|2013|50000404960049|001|4300000719|00120|CMZ0002|20|EA|430|KRW|8600|20131115|1300|
C|005186|2013|50000404960050|001|4300000719|00130|CMZ0014|1|EA|23300|KRW|23300|20131115|1300|
C|005186|2013|50000404960051|001|4300000720|00010|CMA0001|800|EA|240|KRW|192000|20131115|1300|
C|005186|2013|50000404960052|001|4300000720|00020|CMA0005|20|EA|2470|KRW|49400|20131115|1300|
C|005186|2013|50000404960053|001|4300000720|00030|CMA0007|200|EA|270|KRW|54000|20131115|1300|
C|005186|2013|50000404960054|001|4300000720|00040|CMA0008|300|EA|690|KRW|207000|20131115|1300|
C|005186|2013|50000404960055|001|4300000720|00050|CMA0017|3|EA|780|KRW|2340|20131115|1300|
C|005186|2013|50000404960056|001|4300000720|00060|CMB0001|200|EA|655|KRW|131000|20131115|1300|
C|005186|2013|50000404960057|001|4300000720|00070|CMB0002|40|EA|2420|KRW|96800|20131115|1300|
C|005186|2013|50000404960058|001|4300000720|00080|CMB0003|40|EA|2420|KRW|96800|20131115|1300|
C|005186|2013|50000404960059|001|4300000720|00090|CMB0010|140|EA|1100|KRW|154000|20131115|1300|
C|005186|2013|50000404960060|001|4300000720|00100|CMC0005|100|EA|190|KRW|19000|20131115|1300|
C|005186|2013|50000404960061|001|4300000721|00010|CMB0001|40|EA|655|KRW|26200|20131115|1300|
C|005186|2013|50000404960062|001|4300000721|00020|CMB0010|40|EA|1100|KRW|44000|20131115|1300|
C|005186|2013|50000404960063|001|4300000721|00030|CMH0004|10|EA|760|KRW|7600|20131115|1300|
C|005186|2013|50000404960064|001|4300000721|00040|CMH0006|10|EA|400|KRW|4000|20131115|1300|
C|005186|2013|50000404960065|001|4300000721|00050|CMA0007|200|EA|270|KRW|54000|20131115|1300|
C|005186|2013|50000404960066|001|4300000721|00060|CMZ0032|50|EA|1970|KRW|98500|20131115|1300|
C|005186|2013|50000404960067|001|4300000722|00010|CMA0001|150|EA|240|KRW|36000|20131115|1300|
C|005186|2013|50000404960068|001|4300000722|00020|CMA0007|90|EA|270|KRW|24300|20131115|1300|
C|005186|2013|50000404960069|001|4300000722|00030|CMA0008|20|EA|690|KRW|13800|20131115|1300|
C|005186|2013|50000404960070|001|4300000722|00040|CMB0001|100|EA|655|KRW|65500|20131115|1300|
C|005186|2013|50000404960071|001|4300000722|00050|CME0010|20|EA|285|KRW|5700|20131115|1300|
C|005186|2013|50000404960072|001|4300000722|00070|CMF0002|5|EA|1100|KRW|5500|20131115|1300|
C|005186|2013|50000404960073|001|4300000722|00080|CMF0008|2|EA|1785|KRW|3570|20131115|1300|
C|005186|2013|50000404960074|001|4300000722|00090|CMF0023|5|EA|1260|KRW|6300|20131115|1300|
C|005186|2013|50000404960075|001|4300000722|00100|CMF0004|2|EA|22050|KRW|44100|20131115|1300|
C|005186|2013|50000404960076|001|4300000722|00110|CMA0016|20|EA|2840|KRW|56800|20131115|1300|
C|005186|2013|50000404960077|001|4300000739|00010|CMA0017|20|EA|780|KRW|15600|20131115|1300|
C|005186|2013|50000404960078|001|4300000739|00020|CMB0003|150|EA|2420|KRW|363000|20131115|1300|
C|005186|2013|50000404960079|001|4300000739|00030|CMA0001|200|EA|240|KRW|48000|20131115|1300|
C|005186|2013|50000404960080|001|4300000739|00040|CMA0007|250|EA|270|KRW|67500|20131115|1300|
C|005186|2013|50000404960081|001|4300000739|00050|CMA0008|20|EA|690|KRW|13800|20131115|1300|
C|005186|2013|50000404960082|001|4300000739|00060|CMA0016|20|EA|2840|KRW|56800|20131115|1300|
C|005186|2013|50000404960083|001|4300000739|00070|CMB0002|160|EA|2420|KRW|387200|20131115|1300|
C|005186|2013|50000404960084|001|4300000739|00080|CMB0010|40|EA|1100|KRW|44000|20131115|1300|
C|005186|2013|50000404960085|001|4300000739|00090|CMC0005|10|EA|190|KRW|1900|20131115|1300|
C|005186|2013|50000404960086|001|4300000739|00100|CME0001|12|EA|4910|KRW|58920|20131115|1300|
C|005186|2013|50000404960087|001|4300000739|00120|CMF0006|1|EA|11970|KRW|11970|20131115|1300|
C|005186|2013|50000404960088|001|4300000739|00130|CMF0009|2|EA|5700|KRW|11400|20131115|1300|
C|005186|2013|50000404960089|001|4300000739|00140|CMF0021|2|EA|5400|KRW|10800|20131115|1300|
C|005186|2013|50000404960090|001|4300000739|00150|CMH0007|3|EA|11700|KRW|35100|20131115|1300|
C|005186|2013|50000404960091|001|4300000739|00160|CMZ0001|12|EA|765|KRW|9180|20131115|1300|
C|005186|2013|50000404960092|001|4300000739|00170|CMZ0004|10|EA|380|KRW|3800|20131115|1300|
C|005186|2013|50000404960093|001|4300000739|00180|CMZ0005|10|EA|750|KRW|7500|20131115|1300|
C|005186|2013|50000404960094|001|4300000740|00010|CMA0001|80|EA|240|KRW|19200|20131115|1300|
C|005186|2013|50000404960095|001|4300000740|00020|CMA0017|3|EA|780|KRW|2340|20131115|1300|
C|005186|2013|50000404960096|001|4300000740|00030|CMB0001|60|EA|655|KRW|39300|20131115|1300|
C|005186|2013|50000404960097|001|4300000740|00040|CMB0010|60|EA|1100|KRW|66000|20131115|1300|
C|005186|2013|50000404960098|001|4300000740|00060|CMH0006|5|EA|400|KRW|2000|20131115|1300|
C|005186|2013|50000404960099|001|4300000740|00080|CMZ0032|5|EA|1970|KRW|9850|20131115|1300|
C|005186|2013|50000404960100|001|4300000753|00010|CMA0001|230|EA|240|KRW|55200|20131115|1300|
C|005186|2013|50000404960101|001|4300000753|00020|CMA0007|60|EA|270|KRW|16200|20131115|1300|
C|005186|2013|50000404960102|001|4300000753|00030|CMA0008|140|EA|690|KRW|96600|20131115|1300|
C|005186|2013|50000404960103|001|4300000753|00040|CMB0001|120|EA|655|KRW|78600|20131115|1300|
C|005186|2013|50000404960104|001|4300000753|00050|CMB0002|140|EA|2420|KRW|338800|20131115|1300|
C|005186|2013|50000404960105|001|4300000753|00060|CMB0003|120|EA|2420|KRW|290400|20131115|1300|
C|005186|2013|50000404960106|001|4300000753|00070|CMC0002|3|EA|9350|KRW|28050|20131115|1300|
C|005186|2013|50000404960107|001|4300000753|00080|CMC0005|120|EA|190|KRW|22800|20131115|1300|
C|005186|2013|50000404960108|001|4300000753|00090|CME0010|50|EA|285|KRW|14250|20131115|1300|
C|005186|2013|50000404960109|001|4300000753|00100|CMF0008|5|EA|1785|KRW|8925|20131115|1300|
C|005186|2013|50000404960110|001|4300000753|00110|CMF0014|5|EA|630|KRW|3150|20131115|1300|
C|005186|2013|50000404960111|001|4300000753|00120|CMZ0009|60|EA|740|KRW|44400|20131115|1300|
C|005186|2013|50000404960112|001|4300000753|00130|CMZ0032|1|EA|1970|KRW|1970|20131115|1300|
C|005186|2013|50000404960113|001|4300000754|00010|CMA0001|200|EA|240|KRW|48000|20131115|1300|
C|005186|2013|50000404960114|001|4300000754|00020|CMA0007|100|EA|270|KRW|27000|20131115|1300|
C|005186|2013|50000404960115|001|4300000754|00030|CMA0015|100|EA|2830|KRW|283000|20131115|1300|
C|005186|2013|50000404960116|001|4300000754|00040|CMA0016|150|EA|2840|KRW|426000|20131115|1300|
C|005186|2013|50000404960117|001|4300000754|00050|CMB0002|100|EA|2420|KRW|242000|20131115|1300|
C|005186|2013|50000404960118|001|4300000754|00060|CMB0010|200|EA|1100|KRW|220000|20131115|1300|
C|005186|2013|50000404960119|001|4300000754|00070|CMC0003|50|EA|340|KRW|17000|20131115|1300|
C|005186|2013|50000404960120|001|4300000754|00080|CMC0005|50|EA|190|KRW|9500|20131115|1300|
C|005186|2013|50000404960121|001|4300000754|00110|CME0002|20|EA|2300|KRW|46000|20131115|1300|
C|005186|2013|50000404960122|001|4300000754|00120|CME0003|20|EA|5400|KRW|108000|20131115|1300|
C|005186|2013|50000404960123|001|4300000754|00130|CME0006|20|EA|3400|KRW|68000|20131115|1300|
C|005186|2013|50000404960124|001|4300000754|00140|CME0010|2|EA|285|KRW|570|20131115|1300|
C|005186|2013|50000404960125|001|4300000754|00150|CMF0001|10|EA|1680|KRW|16800|20131115|1300|
C|005186|2013|50000404960126|001|4300000754|00170|CMF0020|10|EA|700|KRW|7000|20131115|1300|
C|005186|2013|50000404960127|001|4300000754|00180|CMF0021|10|EA|5400|KRW|54000|20131115|1300|
C|005186|2013|50000404960128|001|4300000754|00190|CMZ0014|1|EA|23300|KRW|23300|20131115|1300|
C|005186|2013|50000404960129|001|4300000755|00010|CMA0001|200|EA|240|KRW|48000|20131115|1300|
C|005186|2013|50000404960130|001|4300000755|00020|CMA0005|50|EA|2470|KRW|123500|20131115|1300|
C|005186|2013|50000404960131|001|4300000755|00030|CMA0007|50|EA|270|KRW|13500|20131115|1300|
C|005186|2013|50000404960132|001|4300000755|00040|CMB0001|60|EA|655|KRW|39300|20131115|1300|
C|005186|2013|50000404960133|001|4300000755|00050|CMB0003|60|EA|2420|KRW|145200|20131115|1300|
C|005186|2013|50000404960134|001|4300000755|00060|CMB0010|100|EA|1100|KRW|110000|20131115|1300|
C|005186|2013|50000404960135|001|4300000755|00070|CMF0004|1|EA|22050|KRW|22050|20131115|1300|
C|005186|2013|50000404960136|001|4300000755|00090|CMF0009|2|EA|5700|KRW|11400|20131115|1300|
C|005186|2013|50000404960137|001|4300000755|00100|CMF0020|5|EA|700|KRW|3500|20131115|1300|
C|005186|2013|50000404960138|001|4300000755|00110|CMZ0014|1|EA|23300|KRW|23300|20131115|1300|
C|005186|2013|50000404960139|001|4300000756|00010|CMA0001|600|EA|240|KRW|144000|20131115|1300|
C|005186|2013|50000404960140|001|4300000756|00020|CMA0007|200|EA|270|KRW|54000|20131115|1300|
C|005186|2013|50000404960141|001|4300000756|00030|CMA0008|100|EA|690|KRW|69000|20131115|1300|
C|005186|2013|50000404960142|001|4300000756|00040|CMA0015|50|EA|2830|KRW|141500|20131115|1300|
C|005186|2013|50000404960143|001|4300000756|00050|CMA0016|200|EA|2840|KRW|568000|20131115|1300|
C|005186|2013|50000404960144|001|4300000756|00060|CMB0001|100|EA|655|KRW|65500|20131115|1300|
C|005186|2013|50000404960145|001|4300000756|00070|CMB0010|400|EA|1100|KRW|440000|20131115|1300|
C|005186|2013|50000404960146|001|4300000756|00080|CMC0005|100|EA|190|KRW|19000|20131115|1300|
C|005186|2013|50000404960147|001|4300000756|00090|CMC0007|3|EA|12100|KRW|36300|20131115|1300|
C|005186|2013|50000404960148|001|4300000756|00110|CME0002|50|EA|2300|KRW|115000|20131115|1300|
C|005186|2013|50000404960149|001|4300000756|00120|CME0005|20|EA|3465|KRW|69300|20131115|1300|
C|005186|2013|50000404960150|001|4300000756|00130|CME0010|100|EA|285|KRW|28500|20131115|1300|
C|005186|2013|50000404960151|001|4300000756|00140|CMF0001|5|EA|1680|KRW|8400|20131115|1300|
C|005186|2013|50000404960152|001|4300000756|00150|CMF0004|4|EA|22050|KRW|88200|20131115|1300|
C|005186|2013|50000404960153|001|4300000756|00170|CMF0021|5|EA|5400|KRW|27000|20131115|1300|
C|005186|2013|50000404960154|001|4300000756|00180|CMH0007|3|EA|11700|KRW|35100|20131115|1300|
C|005186|2013|50000404960155|001|4300000756|00190|CMZ0006|10|EA|1155|KRW|11550|20131115|1300|
C|005186|2013|50000404960156|001|4300000756|00200|CMZ0014|2|EA|23300|KRW|46600|20131115|1300|
