C|005186|2015|50002140820001|001|4300003993|00020|UGBC1246|1|EA|1821100|KRW|1821100|20151230|1300|
C|005186|2015|50002140820002|001|4300003996|00010|UGBC0556|20|EA|52500|KRW|1050000|20151230|1300|
C|005186|2015|50002140820003|001|4300003996|00020|UGBC0555|20|EA|42000|KRW|840000|20151230|1300|
C|005186|2015|50002140820004|001|4300003997|00010|UGBC1370|4|EA|429000|KRW|1716000|20151230|1300|
C|005186|2015|50002140820005|001|4300003998|00010|UGBC0545|5|EA|50400|KRW|252000|20151230|1300|
C|005186|2015|50002140820006|001|4300004075|00010|UGBC0519|1|EA|147000|KRW|147000|20151230|1300|
C|005186|2015|50002140820007|001|4300004075|00020|UGBC1370|1|EA|429000|KRW|429000|20151230|1300|
C|005186|2015|50002140820008|001|4300004075|00070|UGBC0123|50|EA|275|KRW|13750|20151230|1300|
C|005186|2015|50002140820009|001|4300004075|00080|UGBC1302|30|EA|380|KRW|11400|20151230|1300|
C|005186|2015|50002140820010|001|4300004075|00090|UGBC0161|20|EA|420|KRW|8400|20151230|1300|
C|005186|2015|50002140820011|001|4300004075|00100|UGBC0167|20|EA|860|KRW|17200|20151230|1300|
C|005186|2015|50002140820012|001|4300004075|00110|UGBC0170|10|EA|2310|KRW|23100|20151230|1300|
C|005186|2015|50002140820013|001|4300004075|00120|UGBC0171|10|EA|3360|KRW|33600|20151230|1300|
C|005186|2015|50002140820014|001|4300004075|00130|UGBC1139|20|EA|3780|KRW|75600|20151230|1300|
C|005186|2015|50002140820015|001|4300004075|00140|UGBC1140|10|EA|4940|KRW|49400|20151230|1300|
C|005186|2015|50002140820016|001|4300004075|00150|UGBC0210|5|EA|5570|KRW|27850|20151230|1300|
C|005186|2015|50002140820017|001|4300004075|00160|UGBC0203|5|EA|7250|KRW|36250|20151230|1300|
C|005186|2015|50002140820018|001|4300004075|00170|UGBC0205|5|EA|16420|KRW|82100|20151230|1300|
C|005186|2015|50002140820019|001|4300004075|00180|UGBC1379|10|EA|2000|KRW|20000|20151230|1300|
C|005186|2015|50002140820020|001|4300004076|00010|UGBC0658|5|EA|160650|KRW|803250|20151230|1300|
C|005186|2015|50002140820021|001|4300004076|00020|UGBC1459|1|EA|211000|KRW|211000|20151230|1300|
C|005186|2015|50002140820022|001|4300004076|00030|UGBC1460|1|EA|56000|KRW|56000|20151230|1300|
C|005186|2015|50002140820023|001|4300004076|00040|UCIC0192|1|EA|267000|KRW|267000|20151230|1300|
C|005186|2015|50002140820024|001|4300004076|00050|UDAC0328|10|EA|2500|KRW|25000|20151230|1300|
C|005186|2015|50002140820025|001|4300004076|00060|UGBC1477|10|EA|6240|KRW|62400|20151230|1300|
C|005186|2015|50002140820026|001|4300004076|00070|UGBC1478|10|EA|6550|KRW|65500|20151230|1300|
C|005186|2015|50002140820027|001|4300004079|00010|UCIC0193|1|EA|752000|KRW|752000|20151230|1300|
C|005186|2015|50002140820028|001|4300004079|00020|UGBC1469|2|EA|47700|KRW|95400|20151230|1300|
C|005186|2015|50002140820029|001|4300004079|00050|UGBC0192|2|EA|36750|KRW|73500|20151230|1300|
C|005186|2015|50002140820030|001|4300004125|00010|CMA0001|120|EA|240|KRW|28800|20151230|1300|
C|005186|2015|50002140820031|001|4300004125|00020|CMA0007|100|EA|270|KRW|27000|20151230|1300|
C|005186|2015|50002140820032|001|4300004125|00030|CMA0008|30|EA|690|KRW|20700|20151230|1300|
C|005186|2015|50002140820033|001|4300004125|00040|CMB0001|60|EA|655|KRW|39300|20151230|1300|
