C|005186|2014|50000832370001|001|4300001517|00100|CMC0007|5|EA|12100|KRW|60500|20140630|1300|
C|005186|2014|50000832370002|001|4300001517|00130|CME0006|20|EA|3400|KRW|68000|20140630|1300|
C|005186|2014|50000832370003|001|4300001517|00140|CME0010|50|EA|285|KRW|14250|20140630|1300|
C|005186|2014|50000832370004|001|4300001518|00010|CMA0001|200|EA|240|KRW|48000|20140630|1300|
C|005186|2014|50000832370005|001|4300001518|00020|CMA0007|250|EA|270|KRW|67500|20140630|1300|
C|005186|2014|50000832370006|001|4300001518|00030|CMA0008|20|EA|690|KRW|13800|20140630|1300|
C|005186|2014|50000832370007|001|4300001518|00040|CMA0016|20|EA|2840|KRW|56800|20140630|1300|
C|005186|2014|50000832370008|001|4300001518|00050|CMB0002|100|EA|2420|KRW|242000|20140630|1300|
C|005186|2014|50000832370009|001|4300001518|00060|CMB0010|20|EA|1100|KRW|22000|20140630|1300|
C|005186|2014|50000832370010|001|4300001518|00070|CMC0005|10|EA|190|KRW|1900|20140630|1300|
C|005186|2014|50000832370011|001|4300001518|00090|CME0001|12|EA|4910|KRW|58920|20140630|1300|
C|005186|2014|50000832370012|001|4300001518|00100|CME0010|20|EA|285|KRW|5700|20140630|1300|
C|005186|2014|50000832370013|001|4300001518|00160|CMZ0001|12|EA|765|KRW|9180|20140630|1300|
C|005186|2014|50000832370014|001|4300001518|00170|CMZ0004|10|EA|380|KRW|3800|20140630|1300|
C|005186|2014|50000832370015|001|4300001518|00180|CMZ0005|10|EA|750|KRW|7500|20140630|1300|
C|005186|2014|50000832370016|001|4300001519|00010|CMA0001|200|EA|240|KRW|48000|20140630|1300|
C|005186|2014|50000832370017|001|4300001519|00020|CMA0007|50|EA|270|KRW|13500|20140630|1300|
C|005186|2014|50000832370018|001|4300001519|00030|CMB0001|60|EA|655|KRW|39300|20140630|1300|
C|005186|2014|50000832370019|001|4300001519|00040|CMB0003|50|EA|2420|KRW|121000|20140630|1300|
C|005186|2014|50000832370020|001|4300001519|00050|CMB0010|50|EA|1100|KRW|55000|20140630|1300|
C|005186|2014|50000832370021|001|4300001521|00010|CMA0001|300|EA|240|KRW|72000|20140630|1300|
C|005186|2014|50000832370022|001|4300001521|00020|CMA0007|60|EA|270|KRW|16200|20140630|1300|
C|005186|2014|50000832370023|001|4300001521|00030|CMA0008|300|EA|690|KRW|207000|20140630|1300|
C|005186|2014|50000832370024|001|4300001521|00040|CMB0001|80|EA|655|KRW|52400|20140630|1300|
C|005186|2014|50000832370025|001|4300001521|00050|CMB0002|80|EA|2420|KRW|193600|20140630|1300|
C|005186|2014|50000832370026|001|4300001521|00060|CMB0003|80|EA|2420|KRW|193600|20140630|1300|
C|005186|2014|50000832370027|001|4300001521|00070|CMB0010|10|EA|1100|KRW|11000|20140630|1300|
C|005186|2014|50000832370028|001|4300001521|00080|CMC0002|5|EA|9350|KRW|46750|20140630|1300|
C|005186|2014|50000832370029|001|4300001521|00090|CMC0005|30|EA|190|KRW|5700|20140630|1300|
C|005186|2014|50000832370030|001|4300001521|00100|CME0002|10|EA|2300|KRW|23000|20140630|1300|
C|005186|2014|50000832370031|001|4300001521|00110|CME0008|10|EA|4410|KRW|44100|20140630|1300|
C|005186|2014|50000832370032|001|4300001521|00120|CME0010|100|EA|285|KRW|28500|20140630|1300|
C|005186|2014|50000832370033|001|4300001521|00140|CMZ0005|10|EA|750|KRW|7500|20140630|1300|
C|005186|2014|50000832370034|001|4300001522|00010|CMA0001|80|EA|240|KRW|19200|20140630|1300|
C|005186|2014|50000832370035|001|4300001522|00020|CMA0008|60|EA|690|KRW|41400|20140630|1300|
C|005186|2014|50000832370036|001|4300001522|00030|CMB0001|50|EA|655|KRW|32750|20140630|1300|
C|005186|2014|50000832370037|001|4300001522|00040|CME0010|30|EA|285|KRW|8550|20140630|1300|
C|005186|2014|50000832370038|001|4300001523|00010|CMA0001|400|EA|240|KRW|96000|20140630|1300|
C|005186|2014|50000832370039|001|4300001523|00030|CMA0007|300|EA|270|KRW|81000|20140630|1300|
C|005186|2014|50000832370040|001|4300001523|00050|CMB0010|240|EA|1100|KRW|264000|20140630|1300|
C|005186|2014|50000832370041|001|4300001523|00060|CME0010|60|EA|285|KRW|17100|20140630|1300|
C|005186|2014|50000832370042|001|4300001524|00010|CMA0001|200|EA|240|KRW|48000|20140630|1300|
C|005186|2014|50000832370043|001|4300001524|00020|CMA0007|100|EA|270|KRW|27000|20140630|1300|
C|005186|2014|50000832370044|001|4300001524|00030|CMA0008|100|EA|690|KRW|69000|20140630|1300|
C|005186|2014|50000832370045|001|4300001524|00040|CMA0015|50|EA|2830|KRW|141500|20140630|1300|
C|005186|2014|50000832370046|001|4300001524|00050|CMA0016|100|EA|2840|KRW|284000|20140630|1300|
C|005186|2014|50000832370047|001|4300001524|00080|CMB0010|200|EA|1100|KRW|220000|20140630|1300|
C|005186|2014|50000832370048|001|4300001524|00090|CMC0005|100|EA|190|KRW|19000|20140630|1300|
C|005186|2014|50000832370049|001|4300001524|00100|CME0002|50|EA|2300|KRW|115000|20140630|1300|
C|005186|2014|50000832370050|001|4300001524|00110|CME0008|20|EA|4410|KRW|88200|20140630|1300|
C|005186|2014|50000832370051|001|4300001524|00120|CME0010|200|EA|285|KRW|57000|20140630|1300|
C|005186|2014|50000832370052|001|4300001524|00130|CME0013|5|EA|20300|KRW|101500|20140630|1300|
C|005186|2014|50000832370053|001|4300001524|00250|CMZ0002|60|EA|430|KRW|25800|20140630|1300|
C|005186|2014|50000832370054|001|4300001524|00260|CMZ0004|30|EA|380|KRW|11400|20140630|1300|
C|005186|2014|50000832370055|001|4300001524|00270|CMZ0005|10|EA|750|KRW|7500|20140630|1300|
C|005186|2014|50000832370056|001|4300001525|00010|CMA0001|300|EA|240|KRW|72000|20140630|1300|
C|005186|2014|50000832370057|001|4300001525|00020|CMA0007|100|EA|270|KRW|27000|20140630|1300|
C|005186|2014|50000832370058|001|4300001525|00030|CMA0015|100|EA|2830|KRW|283000|20140630|1300|
C|005186|2014|50000832370059|001|4300001525|00040|CMB0001|300|EA|655|KRW|196500|20140630|1300|
C|005186|2014|50000832370060|001|4300001525|00050|CMB0002|100|EA|2420|KRW|242000|20140630|1300|
C|005186|2014|50000832370061|001|4300001525|00060|CMC0005|50|EA|190|KRW|9500|20140630|1300|
C|005186|2014|50000832370062|001|4300001525|00090|CME0001|20|EA|4910|KRW|98200|20140630|1300|
C|005186|2014|50000832370063|001|4300001525|00100|CME0002|50|EA|2300|KRW|115000|20140630|1300|
C|005186|2014|50000832370064|001|4300001525|00110|CME0003|20|EA|5400|KRW|108000|20140630|1300|
C|005186|2014|50000832370065|001|4300001525|00120|CME0005|50|EA|3465|KRW|173250|20140630|1300|
C|005186|2014|50000832370066|001|4300001525|00130|CME0010|200|EA|285|KRW|57000|20140630|1300|
