C|005186|2016|50002643190001|001|4300005407|00010|UHFC0308|1|EA|68250|KRW|68250|20160630|1300|
C|005186|2016|50002643190002|001|4300005407|00020|UHFC0310|5|EA|71400|KRW|357000|20160630|1300|
C|005186|2016|50002643190003|001|4300005407|00030|UHFC0308|1|EA|68250|KRW|68250|20160630|1300|
C|005186|2016|50002643190004|001|4300005407|00040|UHTC0047|3|EA|132500|KRW|397500|20160630|1300|
C|005186|2016|50002643190005|001|4300005407|00050|UHGC0055|5|EA|17100|KRW|85500|20160630|1300|
C|005186|2016|50002643190006|001|4300005407|00060|UHTC0726|10|EA|16850|KRW|168500|20160630|1300|
C|005186|2016|50002643190007|001|4300005407|00070|UHDC0032|49|EA|580|KRW|28420|20160630|1300|
C|005186|2016|50002643190008|001|4300005407|00080|UHDC0033|49|EA|680|KRW|33320|20160630|1300|
C|005186|2016|50002643190009|001|4300005407|00090|UHTC0469|10|EA|9240|KRW|92400|20160630|1300|
C|005186|2016|50002643190010|001|4300005407|00100|UHFC0116|4|EA|25730|KRW|102920|20160630|1300|
C|005186|2016|50002643190011|001|4300005407|00110|UHFC0257|3|EA|41470|KRW|124410|20160630|1300|
C|005186|2016|50002643190012|001|4300005407|00120|UHFC0300|10|EA|26430|KRW|264300|20160630|1300|
C|005186|2016|50002643190013|001|4300005407|00130|UHTC0399|10|EA|1890|KRW|18900|20160630|1300|
C|005186|2016|50002643190014|001|4300005407|00140|UHGC0151|10|EA|9470|KRW|94700|20160630|1300|
C|005186|2016|50002643190015|001|4300005415|00010|UHTC0786|50|EA|16112|KRW|805600|20160630|1300|
C|005186|2016|50002645500001|001|4300005436|00050|UGCC0189|1|EA|32250|KRW|32250|20160630|1300|
C|005186|2016|50002645500002|001|4300005439|00030|UADC0108|5|EA|2520|KRW|12600|20160630|1300|
C|005186|2016|50002645500003|001|4300005439|00040|UKBC0010|2|EA|91480|KRW|182960|20160630|1300|
C|005186|2016|50002645500004|001|4300005439|00090|UKAC0011|1|EA|117495|KRW|117495|20160630|1300|
C|005186|2016|50002645500005|001|4300005439|00100|UAEC0235|1|EA|180900|KRW|180900|20160630|1300|
C|005186|2016|50002645500006|001|4300005439|00110|UGAC0077|1|EA|36610|KRW|36610|20160630|1300|
C|005186|2016|50002645500007|001|4300005439|00120|UIEC0035|5|EA|37800|KRW|189000|20160630|1300|
C|005186|2016|50002645500008|001|4300005439|00130|UAEC0056|2|EA|9000|KRW|18000|20160630|1300|
C|005186|2016|50002645510001|001|4300005369|00010|UCKC0086|5|EA|305200|KRW|1526000|20160630|1300|
C|005186|2016|50002645510002|001|4300005374|00010|UHTC0679|10|EA|41000|KRW|410000|20160630|1300|
C|005186|2016|50002645510003|001|4300005436|00010|UEBC0441|5|EA|29560|KRW|147800|20160630|1300|
C|005186|2016|50002645510004|001|4300005439|00140|UGAC0053|1|EA|69880|KRW|69880|20160630|1300|
