C|005186|2019|50005389750001|001|4300015576|00020|UHHC0109|1|EA|1036880|KRW|1036880|20191224|1300|
C|005186|2019|50005389750002|001|4300015576|00030|UFJC0018|2|EA|96600|KRW|193200|20191224|1300|
C|005186|2019|50005389750003|001|4300015577|00010|UHHC0039|100|M|1123500|KRW|2247000|20191224|1300|
C|005186|2019|50005389750004|001|4300015578|00010|UHHC0073|200|M|1428000|KRW|1428000|20191224|1300|
C|005186|2019|50005389750005|001|4300015579|00010|UHTC0145|20|EA|850500|KRW|1701000|20191224|1300|
C|005186|2019|50005389750006|001|4300015579|00020|UHDC0254|1|EA|114480|KRW|114480|20191224|1300|
C|005186|2019|50005389750007|001|4300015579|00030|UHGC0238|5|EA|144750|KRW|144750|20191224|1300|
C|005186|2019|50005389750008|001|4300015580|00010|UHNC0127|3|EA|406350|KRW|1219050|20191224|1300|
C|005186|2019|50005389750009|001|4300015580|00020|UHGC0339|2|EA|315000|KRW|630000|20191224|1300|
C|005186|2019|50005389750010|001|4300015580|00030|UHHC0208|5|EA|77910|KRW|77910|20191224|1300|
C|005186|2019|50005389750011|001|4300015581|00010|UHNC0120|2|EA|729500|KRW|1459000|20191224|1300|
C|005186|2019|50005389750012|001|4300015581|00020|UHTC0227|2|EA|234260|KRW|468520|20191224|1300|
C|005186|2019|50005389750013|001|4300015582|00010|UHNC0113|1|EA|772800|KRW|772800|20191224|1300|
C|005186|2019|50005389750014|001|4300015582|00020|UHGC0107|2|EA|342100|KRW|684200|20191224|1300|
C|005186|2019|50005389750015|001|4300015600|00010|UHHC0071|2|EA|573300|KRW|1146600|20191224|1300|
C|005186|2019|50005389750016|001|4300015600|00020|UHTC0503|1|EA|489500|KRW|489500|20191224|1300|
C|005186|2019|50005389750017|001|4300015601|00010|UHGC0282|1|EA|750000|KRW|750000|20191224|1300|
C|005186|2019|50005389750018|001|4300015601|00020|UHEC0043|5|EA|54600|KRW|273000|20191224|1300|
C|005186|2019|50005389750019|001|4300015609|00010|UHTC0756|6|EA|83000|KRW|498000|20191224|1300|
C|005186|2019|50005389750020|001|4300015609|00020|UHDC0093|10|EA|693000|KRW|1386000|20191224|1300|
C|005186|2019|50005389750021|001|4300015610|00010|UHHC0209|100|EA|80500|KRW|805000|20191224|1300|
C|005186|2019|50005389750022|001|4300015610|00020|UHFC0150|20|EA|496000|KRW|992000|20191224|1300|
C|005186|2019|50005389750023|001|4300015611|00010|UHEC0033|10|EA|510000|KRW|1020000|20191224|1300|
C|005186|2019|50005389750024|001|4300015611|00020|UHNC0032|2|EA|293000|KRW|586000|20191224|1300|
C|005186|2019|50005389750025|001|4300015612|00010|UHTC0580|5|EA|144200|KRW|721000|20191224|1300|
C|005186|2019|50005389750026|001|4300015613|00010|UHGC0134|2|EA|756000|KRW|1512000|20191224|1300|
C|005186|2019|50005389760001|001|4300015507|00060|UIDC0111|2|EA|72450|KRW|144900|20191224|1300|
C|005186|2019|50005389760002|001|4300015507|00070|UIDC0107|1|EA|141120|KRW|141120|20191224|1300|
C|005186|2019|50005389760003|001|4300015652|00020|UAEC0455|2|EA|29715|KRW|59430|20191224|1300|
C|005186|2019|50005389760004|001|4300015652|00030|UAEC0133|2|EA|39630|KRW|79260|20191224|1300|
C|005186|2019|50005389760005|001|4300015652|00040|UAEC0134|2|EA|44950|KRW|89900|20191224|1300|
C|005186|2019|50005389760006|001|4300015652|00050|UAEC0197|2|EA|7270|KRW|14540|20191224|1300|
C|005186|2019|50005389760007|001|4300015652|00060|UAEC0198|2|EA|7270|KRW|14540|20191224|1300|
C|005186|2019|50005389760008|001|4300015652|00070|UHFC0177|2|EA|47250|KRW|94500|20191224|1300|
C|005186|2019|50005389760009|001|4300015652|00080|UAGC0387|2|EA|301350|KRW|602700|20191224|1300|
C|005186|2019|50005389760010|001|4300015652|00090|UAEC0402|1|EA|125000|KRW|125000|20191224|1300|
C|005186|2019|50005389770001|001|4300015476|00010|UDEC0054|5|EA|148050|KRW|740250|20191224|1300|
C|005186|2019|50005389770002|001|4300015476|00020|UDEC0061|5|EA|262500|KRW|1312500|20191224|1300|
C|005186|2019|50005389770003|001|4300015498|00010|UIDC0086|1|EA|140000|KRW|140000|20191224|1300|
C|005186|2019|50005389770004|001|4300015498|00020|UIDC0085|1|EA|111160|KRW|111160|20191224|1300|
C|005186|2019|50005389770005|001|4300015564|00070|UDDC0288|1|EA|10860|KRW|10860|20191224|1300|
C|005186|2019|50005389770006|001|4300015573|00030|UDFC0218|1|EA|155400|KRW|155400|20191224|1300|
C|005186|2019|50005389770007|001|4300015574|00010|UDDC0268|1|EA|219080|KRW|219080|20191224|1300|
C|005186|2019|50005389770008|001|4300015574|00020|UIDC0082|1|EA|100520|KRW|100520|20191224|1300|
C|005186|2019|50005389770009|001|4300015574|00040|UDDC0219|3|EA|110420|KRW|331260|20191224|1300|
C|005186|2019|50005389770010|001|4300015574|00050|UDDC0366|3|EA|188700|KRW|566100|20191224|1300|
C|005186|2019|50005389770011|001|4300015644|00010|UAGC0193|100|EA|162750|KRW|325500|20191224|1300|
C|005186|2019|50005389770012|001|4300015649|00100|UHTC0310|10|EA|6320|KRW|63200|20191224|1300|
C|005186|2019|50005389780001|001|4300015635|00010|UHTC0197|1|EA|280670|KRW|280670|20191224|1300|
C|005186|2019|50005389780002|001|4300015635|00020|UAGC0456|2|EA|43500|KRW|87000|20191224|1300|
C|005186|2019|50005389780003|001|4300015635|00050|UAAC0013|10|EA|32900|KRW|65800|20191224|1300|
C|005186|2019|50005389780004|001|4300015635|00070|UFGC0036|10|EA|4051|KRW|40510|20191224|1300|
C|005186|2019|50005389780005|001|4300015635|00090|UAEC0299|10|EA|18900|KRW|189000|20191224|1300|
C|005186|2019|50005389780006|001|4300015636|00020|UZZC0174|20|EA|94500|KRW|378000|20191224|1300|
C|005186|2019|50005389780007|001|4300015636|00030|UKGC0008|7|EA|2940|KRW|20580|20191224|1300|
C|005186|2019|50005389780008|001|4300015636|00040|UABC0050|30|EA|2960|KRW|88800|20191224|1300|
C|005186|2019|50005389780009|001|4300015636|00050|UABC0012|10|EA|8120|KRW|81200|20191224|1300|
C|005186|2019|50005389780010|001|4300015636|00060|UJBC0010|5|EA|14700|KRW|73500|20191224|1300|
C|005186|2019|50005389780011|001|4300015636|00070|UADC0085|2|EA|25230|KRW|50460|20191224|1300|
C|005186|2019|50005389780012|001|4300015636|00080|UADC0098|2|EA|87280|KRW|174560|20191224|1300|
C|005186|2019|50005389780013|001|4300015637|00010|UADC0095|2|EA|72730|KRW|145460|20191224|1300|
C|005186|2019|50005389780014|001|4300015637|00020|UAGC0072|2|EA|8340|KRW|16680|20191224|1300|
C|005186|2019|50005389780015|001|4300015637|00030|UAGC0074|4|EA|24210|KRW|96840|20191224|1300|
C|005186|2019|50005389780016|001|4300015638|00030|UAEC0076|3|EA|24210|KRW|72630|20191224|1300|
C|005186|2019|50005389780017|001|4300015638|00040|UAEC0021|3|EA|32130|KRW|96390|20191224|1300|
C|005186|2019|50005389780018|001|4300015638|00050|UAAC0001|20|EA|18900|KRW|37800|20191224|1300|
C|005186|2019|50005389780019|001|4300015638|00060|UHTC0771|1|EA|18600|KRW|18600|20191224|1300|
C|005186|2019|50005389780020|001|4300015638|00070|UAJC0026|5|EA|4200|KRW|21000|20191224|1300|
C|005186|2019|50005389780021|001|4300015638|00080|UAEC0299|10|EA|18900|KRW|189000|20191224|1300|
C|005186|2019|50005389780022|001|4300015639|00030|UAAC0035|10|EA|46540|KRW|465400|20191224|1300|
C|005186|2019|50005389780023|001|4300015639|00040|UAGC0206|100|EA|25200|KRW|50400|20191224|1300|
C|005186|2019|50005389780024|001|4300015639|00050|UAEC0032|3|EA|14940|KRW|44820|20191224|1300|
C|005186|2019|50005389780025|001|4300015639|00060|UAEC0327|1|EA|80850|KRW|80850|20191224|1300|
C|005186|2019|50005389780026|001|4300015639|00080|UALC0099|5|EA|190800|KRW|190800|20191224|1300|
C|005186|2019|50005389780027|001|4300015639|00090|UALC0097|5|EA|22260|KRW|111300|20191224|1300|
C|005186|2019|50005389780028|001|4300015640|00010|UAEC0297|1|EA|13280|KRW|13280|20191224|1300|
C|005186|2019|50005389790001|001|4300015635|00030|UGCC0613|5|EA|9450|KRW|47250|20191224|1300|
C|005186|2019|50005389790002|001|4300015635|00040|UGCC0605|5|EA|11030|KRW|55150|20191224|1300|
C|005186|2019|50005389790003|001|4300015638|00010|UGCC0206|100|EA|34900|KRW|349000|20191224|1300|
C|005186|2019|50005389800001|001|4300015620|00060|UCKC0148|4|EA|84000|KRW|336000|20191224|1300|
C|005186|2019|50005389800002|001|4300015621|00010|UCKC0149|2|EA|442500|KRW|885000|20191224|1300|
C|005186|2019|50005389800003|001|4300015632|00010|UDBC1097|500|EA|100000|KRW|500000|20191224|1300|
C|005186|2019|50005389800004|001|4300015632|00020|UDBC1098|500|EA|231000|KRW|1155000|20191224|1300|
C|005186|2019|50005389800005|001|4300015636|00010|UCKC0133|4|EA|1054000|KRW|1054000|20191224|1300|
C|005186|2019|50005389800006|001|4300015644|00040|UEBC1636|60|EA|2420|KRW|145200|20191224|1300|
C|005186|2019|50005389810001|001|4300015644|00020|UEBC0734|1|EA|11470|KRW|11470|20191224|1300|
C|005186|2019|50005389810002|001|4300015644|00030|UEBC1649|20|EA|67400|KRW|1348000|20191224|1300|
C|005186|2019|50005389810003|001|4300015645|00010|UEBC1619|3|EA|41600|KRW|124800|20191224|1300|
C|005186|2019|50005389810004|001|4300015645|00020|UEBC1622|3|EA|13160|KRW|39480|20191224|1300|
C|005186|2019|50005389810005|001|4300015645|00030|UEBC1621|3|EA|34450|KRW|103350|20191224|1300|
C|005186|2019|50005389810006|001|4300015645|00040|UEBC1623|4|EA|50540|KRW|202160|20191224|1300|
C|005186|2019|50005389810007|001|4300015647|00010|UEBC1415|1|EA|1900000|KRW|1900000|20191224|1300|
C|005186|2019|50005389810008|001|4300015649|00010|UEBC1254|1|EA|296800|KRW|296800|20191224|1300|
C|005186|2019|50005389810009|001|4300015649|00020|UEBC1255|20|EA|4200|KRW|84000|20191224|1300|
C|005186|2019|50005389810010|001|4300015649|00030|UEBC0275|10|EA|35900|KRW|71800|20191224|1300|
C|005186|2019|50005389810011|001|4300015649|00040|UEBC0143|10|EA|23500|KRW|47000|20191224|1300|
C|005186|2019|50005389810012|001|4300015649|00050|UEBC0144|10|EA|5190|KRW|51900|20191224|1300|
C|005186|2019|50005389810013|001|4300015649|00060|UEBC1107|10|EA|6710|KRW|67100|20191224|1300|
C|005186|2019|50005389810014|001|4300015649|00070|UEBC0146|10|EA|26600|KRW|53200|20191224|1300|
C|005186|2019|50005389810015|001|4300015649|00080|UEBC0149|10|EA|29450|KRW|58900|20191224|1300|
C|005186|2019|50005389810016|001|4300015649|00090|UEBC0203|10|EA|6130|KRW|61300|20191224|1300|
C|005186|2019|50005389810017|001|4300015651|00010|UEBC1423|10|EA|13140|KRW|65700|20191224|1300|
C|005186|2019|50005389810018|001|4300015651|00020|UEBC1576|10|EA|13020|KRW|65100|20191224|1300|
C|005186|2019|50005389810019|001|4300015651|00030|UEBC1470|4|EA|460000|KRW|920000|20191224|1300|
C|005186|2019|50005389810020|001|4300015651|00040|UEBC1471|4|EA|323000|KRW|646000|20191224|1300|
