C|005186|2020|50005995380001|001|4300018444|00010|UDAC0449|50|EA|42000|KRW|210000|20201109|1300|
C|005186|2020|50005995380002|001|4300018444|00020|UDAC0450|100|EA|1100|KRW|2200|20201109|1300|
C|005186|2020|50005995380003|001|4300018444|00030|UEBC1786|100|EA|21000|KRW|42000|20201109|1300|
C|005186|2020|50005995380004|001|4300018444|00040|UDAC0451|30|EA|4300|KRW|12900|20201109|1300|
C|005186|2020|50005995380005|001|4300018444|00050|UDAC0452|30|EA|7500|KRW|22500|20201109|1300|
C|005186|2020|50005995380006|001|4300018447|00010|UEBC1798|7|EA|116550|KRW|815850|20201109|1300|
C|005186|2020|50005995380007|001|4300018447|00040|UEBC1801|10|EA|4720|KRW|47200|20201109|1300|
C|005186|2020|50005995380008|001|4300018448|00010|UDAC0454|20|EA|85|KRW|1700|20201109|1300|
C|005186|2020|50005995380009|001|4300018448|00030|UEBC1802|10|EA|10290|KRW|102900|20201109|1300|
C|005186|2020|50005995380010|001|4300018448|00040|UEBC1803|10|EA|9660|KRW|96600|20201109|1300|
C|005186|2020|50005995380011|001|4300018448|00050|UEBC1804|1|EA|92400|KRW|92400|20201109|1300|
C|005186|2020|50005995380012|001|4300018449|00010|UEBC1805|11|EA|93870|KRW|1032570|20201109|1300|
C|005186|2020|50005995380013|001|4300018450|00010|UEBC1806|5|EA|354900|KRW|1774500|20201109|1300|
C|005186|2020|50005995380014|001|4300018455|00020|UEBC1807|2|EA|93350|KRW|186700|20201109|1300|
C|005186|2020|50005995380015|001|4300018455|00030|UEBC1808|10|EA|3080|KRW|30800|20201109|1300|
C|005186|2020|50005995380016|001|4300018455|00040|UEBC1551|6|EA|7550|KRW|45300|20201109|1300|
C|005186|2020|50005995390001|001|4300018351|00010|UHEC0014|1|EA|103950|KRW|103950|20201109|1300|
C|005186|2020|50005995390002|001|4300018351|00020|UHTC0800|10|EA|795000|KRW|1590000|20201109|1300|
C|005186|2020|50005995390003|001|4300018352|00010|UHGC0137|2|EA|415800|KRW|831600|20201109|1300|
C|005186|2020|50005995390004|001|4300018352|00020|UHGC0189|5|EA|31500|KRW|157500|20201109|1300|
C|005186|2020|50005995390005|001|4300018382|00010|UHNC0084|1|EA|295740|KRW|295740|20201109|1300|
C|005186|2020|50005995390006|001|4300018382|00020|UFJC0030|3|EA|120000|KRW|360000|20201109|1300|
C|005186|2020|50005995390007|001|4300018382|00030|UHRC0002|2|EA|57700|KRW|115400|20201109|1300|
C|005186|2020|50005995390008|001|4300018382|00040|UHTC0442|5|EA|123500|KRW|123500|20201109|1300|
C|005186|2020|50005995390009|001|4300018383|00010|UHNC0134|1|EA|812640|KRW|812640|20201109|1300|
C|005186|2020|50005995390010|001|4300018383|00020|UHGC0019|3|EA|248430|KRW|745290|20201109|1300|
C|005186|2020|50005995390011|001|4300018467|00010|UHHC0069|1|EA|412650|KRW|412650|20201109|1300|
C|005186|2020|50005995390012|001|4300018467|00020|UHFC0308|2|EA|68250|KRW|136500|20201109|1300|
C|005186|2020|50005995390013|001|4300018467|00030|UHHC0071|1|EA|573300|KRW|573300|20201109|1300|
C|005186|2020|50005995390014|001|4300018467|00040|UHHC0193|1|EA|147000|KRW|147000|20201109|1300|
C|005186|2020|50005995390015|001|4300018467|00050|UHHC0130|1|EA|661500|KRW|661500|20201109|1300|
C|005186|2020|50005995390016|001|4300018468|00010|UHGC0134|2|EA|756000|KRW|1512000|20201109|1300|
C|005186|2020|50005995390017|001|4300018468|00020|UHGC0352|2|EA|223630|KRW|447260|20201109|1300|
C|005186|2020|50005995390018|001|4300018469|00010|UHGC0350|1|EA|743650|KRW|743650|20201109|1300|
C|005186|2020|50005995390019|001|4300018469|00020|UHGC0334|10|EA|102900|KRW|1029000|20201109|1300|
C|005186|2020|50005995400001|001|4300018312|00010|UHGC0370|4|EA|473000|KRW|1892000|20201109|1300|
C|005186|2020|50005995400002|001|4300018374|00040|UALC0022|10|EA|100700|KRW|201400|20201109|1300|
C|005186|2020|50005995400003|001|4300018374|00050|UALC0023|10|EA|111300|KRW|222600|20201109|1300|
C|005186|2020|50005995400004|001|4300018374|00060|UALC0027|10|EA|190800|KRW|381600|20201109|1300|
C|005186|2020|50005995400005|001|4300018379|00010|UHDC0097|100|EA|137800|KRW|1378000|20201109|1300|
C|005186|2020|50005995400006|001|4300018464|00010|UHHC0211|50|EA|380000|KRW|1900000|20201109|1300|
C|005186|2020|50005995400007|001|4300018465|00010|UHHC0214|20|EA|762000|KRW|1524000|20201109|1300|
C|005186|2020|50005995910001|001|4300018401|00010|UHBC0022|1|EA|430360|KRW|430360|20201109|1300|
C|005186|2020|50005995910002|001|4300018401|00020|UHAC0011|1|EA|695000|KRW|695000|20201109|1300|
C|005186|2020|50005995910003|001|4300018401|00030|UHBC0026|1|EA|268000|KRW|268000|20201109|1300|
C|005186|2020|50005995910004|001|4300018401|00040|UHAC0012|1|EA|425000|KRW|425000|20201109|1300|
C|005186|2020|50005995910005|001|4300018401|00050|UHHC0218|1|EA|23000|KRW|23000|20201109|1300|
C|005186|2020|50005995910006|001|4300018401|00060|UHHC0219|1|EA|20000|KRW|20000|20201109|1300|
C|005186|2020|50005995910007|001|4300018401|00070|UHHC0220|1|EA|22600|KRW|22600|20201109|1300|
C|005186|2020|50005995910008|001|4300018401|00080|UHHC0221|1|EA|23600|KRW|23600|20201109|1300|
C|005186|2020|50005995910009|001|4300018401|00090|UHFC0456|1|EA|25200|KRW|25200|20201109|1300|
C|005186|2020|50005995910010|001|4300018401|00100|UHGC0048|1|EA|33000|KRW|33000|20201109|1300|
C|005186|2020|50005995910011|001|4300018401|00110|UHGC0196|1|EA|34000|KRW|34000|20201109|1300|
C|005186|2020|50005995910012|001|4300018402|00010|UHCC0045|1|EA|336000|KRW|336000|20201109|1300|
C|005186|2020|50005995910013|001|4300018402|00020|UHCC0046|1|EA|305000|KRW|305000|20201109|1300|
C|005186|2020|50005995910014|001|4300018402|00030|UHBC0027|1|EA|1008000|KRW|1008000|20201109|1300|
C|005186|2020|50005995910015|001|4300018402|00040|UHCC0047|1|EA|320000|KRW|320000|20201109|1300|
C|005186|2020|50005995910016|001|4300018403|00010|UHGC0313|1|EA|38372|KRW|38372|20201109|1300|
C|005186|2020|50005995910017|001|4300018403|00020|UHAC0013|1|EA|1100000|KRW|1100000|20201109|1300|
C|005186|2020|50005995910018|001|4300018403|00030|UHHC0222|1|EA|25700|KRW|25700|20201109|1300|
C|005186|2020|50005995910019|001|4300018403|00040|UHHC0223|1|EA|47300|KRW|47300|20201109|1300|
C|005186|2020|50005995910020|001|4300018403|00050|UHHC0224|1|EA|41000|KRW|41000|20201109|1300|
C|005186|2020|50005995910021|001|4300018403|00060|UHFC0456|1|EA|25200|KRW|25200|20201109|1300|
C|005186|2020|50005995910022|001|4300018403|00070|UHGC0371|1|EA|24200|KRW|24200|20201109|1300|
C|005186|2020|50005995910023|001|4300018403|00080|UHFC0079|1|EA|10542|KRW|10542|20201109|1300|
C|005186|2020|50005995910024|001|4300018403|00090|UHGC0141|1|EA|415800|KRW|415800|20201109|1300|
C|005186|2020|50005995910025|001|4300018403|00100|UHHC0225|1|EA|26300|KRW|26300|20201109|1300|
C|005186|2020|50005995910026|001|4300018403|00110|UHHC0226|1|EA|24200|KRW|24200|20201109|1300|
C|005186|2020|50005995910027|001|4300018403|00120|UHHC0227|1|EA|19000|KRW|19000|20201109|1300|
C|005186|2020|50005995910028|001|4300018403|00130|UHHC0220|1|EA|22600|KRW|22600|20201109|1300|
C|005186|2020|50005995910029|001|4300018403|00140|UHHC0221|1|EA|23600|KRW|23600|20201109|1300|
C|005186|2020|50005995910030|001|4300018403|00150|UHFC0456|1|EA|25200|KRW|25200|20201109|1300|
C|005186|2020|50005995910031|001|4300018403|00160|UHFC0079|1|EA|10542|KRW|10542|20201109|1300|
C|005186|2020|50005995910032|001|4300018403|00170|UHGC0371|1|EA|24200|KRW|24200|20201109|1300|
C|005186|2020|50005995910033|001|4300018403|00180|UHGC0048|1|EA|33000|KRW|33000|20201109|1300|
C|005186|2020|50005995910034|001|4300018403|00190|UHGC0313|1|EA|38372|KRW|38372|20201109|1300|
C|005186|2020|50005995910035|001|4300018404|00010|UHBC0028|1|EA|488000|KRW|488000|20201109|1300|
C|005186|2020|50005995910036|001|4300018404|00020|UHAC0014|1|EA|436000|KRW|436000|20201109|1300|
C|005186|2020|50005995910037|001|4300018404|00030|UHCC0047|1|EA|320000|KRW|320000|20201109|1300|
C|005186|2020|50005995910038|001|4300018404|00040|UHGC0372|1|EA|620000|KRW|620000|20201109|1300|
C|005186|2020|50005995910039|001|4300018404|00050|UHHC0229|1|EA|47300|KRW|47300|20201109|1300|
C|005186|2020|50005995910040|001|4300018404|00060|UHHC0230|1|EA|38000|KRW|38000|20201109|1300|
C|005186|2020|50005995910041|001|4300018404|00070|UHHC0220|1|EA|22600|KRW|22600|20201109|1300|
C|005186|2020|50005995910042|001|4300018404|00080|UHHC0221|1|EA|23600|KRW|23600|20201109|1300|
C|005186|2020|50005995910043|001|4300018405|00010|UHBC0029|1|EA|336000|KRW|336000|20201109|1300|
C|005186|2020|50005995910044|001|4300018405|00020|UHAC0014|1|EA|436000|KRW|436000|20201109|1300|
C|005186|2020|50005995910045|001|4300018405|00030|UHGC0373|1|EA|22000|KRW|22000|20201109|1300|
C|005186|2020|50005995910046|001|4300018405|00040|UHGC0303|1|EA|27878|KRW|27878|20201109|1300|
C|005186|2020|50005995910047|001|4300018405|00050|UHGC0313|1|EA|38372|KRW|38372|20201109|1300|
C|005186|2020|50005995910048|001|4300018405|00060|UHGC0374|1|EA|525000|KRW|525000|20201109|1300|
C|005186|2020|50005995910049|001|4300018406|00010|UHAC0014|1|EA|436000|KRW|436000|20201109|1300|
C|005186|2020|50005995910050|001|4300018406|00020|UHHC0228|1|EA|54000|KRW|54000|20201109|1300|
C|005186|2020|50005995910051|001|4300018439|00010|UHBC0028|1|EA|488000|KRW|488000|20201109|1300|
C|005186|2020|50005995910052|001|4300018457|00010|UHTC0392|2|EA|698250|KRW|1396500|20201109|1300|
C|005186|2020|50005995910053|001|4300018458|00010|UHGC0289|2|EA|645000|KRW|1290000|20201109|1300|
C|005186|2020|50005995910054|001|4300018458|00020|UHFC0416|2|EA|243160|KRW|486320|20201109|1300|
C|005186|2020|50005995920001|001|4300017808|00020|UDBC0895|100|EA|5250|KRW|10500|20201109|1300|
C|005186|2020|50005995930001|001|4300018444|00070|UEBC1771|4|EA|26500|KRW|106000|20201109|1300|
C|005186|2020|50005995930002|001|4300018488|00010|UJAC0131|4|EA|6850|KRW|27400|20201109|1300|
