C|005186|2018|50004488120001|001|4300011507|00010|CMF0001|2|EA|1950|KRW|3900|20181015|1300|
C|005186|2018|50004488120002|001|4300011507|00030|CMF0020|5|EA|650|KRW|3250|20181015|1300|
C|005186|2018|50004488120003|001|4300011507|00060|CME0001|31|EA|3300|KRW|102300|20181015|1300|
C|005186|2018|50004488120004|001|4300011507|00070|CMA0016|40|EA|2140|KRW|85600|20181015|1300|
C|005186|2018|50004488120005|001|4300011507|00090|CMB0010|60|EA|1280|KRW|76800|20181015|1300|
C|005186|2018|50004488120006|001|4300011507|00130|CME0010|300|EA|240|KRW|72000|20181015|1300|
C|005186|2018|50004488120007|001|4300011508|00020|CME0001|10|EA|3300|KRW|33000|20181015|1300|
C|005186|2018|50004488120008|001|4300011515|00030|CME0001|5|EA|3300|KRW|16500|20181015|1300|
C|005186|2018|50004488120009|001|4300011515|00070|CMH0007|5|EA|11600|KRW|58000|20181015|1300|
C|005186|2018|50004488120010|001|4300011515|00100|CME0006|10|EA|3080|KRW|30800|20181015|1300|
C|005186|2018|50004488120011|001|4300011515|00150|CMA0016|200|EA|2140|KRW|428000|20181015|1300|
C|005186|2018|50004488120012|001|4300011515|00180|CME0010|300|EA|240|KRW|72000|20181015|1300|
C|005186|2018|50004488120013|001|4300011515|00210|CMB0010|400|EA|1280|KRW|512000|20181015|1300|
C|005186|2018|50004488120014|001|4300011515|00280|CMF0013|20|EA|940|KRW|18800|20181015|1300|
C|005186|2018|50004488120015|001|4300011516|00010|CMF0006|1|EA|9500|KRW|9500|20181015|1300|
C|005186|2018|50004488120016|001|4300011516|00020|CMH0007|2|EA|11600|KRW|23200|20181015|1300|
C|005186|2018|50004488120017|001|4300011516|00040|CME0001|13|EA|3300|KRW|42900|20181015|1300|
C|005186|2018|50004488120018|001|4300011516|00090|CMA0016|40|EA|2140|KRW|85600|20181015|1300|
C|005186|2018|50004488120019|001|4300011517|00050|CME0001|20|EA|3300|KRW|66000|20181015|1300|
C|005186|2018|50004488120020|001|4300011517|00060|CMF0001|20|EA|1950|KRW|39000|20181015|1300|
C|005186|2018|50004488120021|001|4300011517|00090|CMF0020|20|EA|650|KRW|13000|20181015|1300|
C|005186|2018|50004488120022|001|4300011517|00100|CMF0017|50|EA|800|KRW|40000|20181015|1300|
C|005186|2018|50004488120023|001|4300011517|00110|CME0010|70|EA|240|KRW|16800|20181015|1300|
C|005186|2018|50004488120024|001|4300011517|00120|CMB0010|240|EA|1280|KRW|307200|20181015|1300|
C|005186|2018|50004488120025|001|4300011519|00010|CMZ0014|1|EA|19000|KRW|19000|20181015|1300|
C|005186|2018|50004488120026|001|4300011519|00030|CMA0005|30|EA|2000|KRW|60000|20181015|1300|
C|005186|2018|50004488120027|001|4300011519|00040|CME0006|30|EA|3080|KRW|92400|20181015|1300|
C|005186|2018|50004488120028|001|4300011519|00050|CME0010|50|EA|240|KRW|12000|20181015|1300|
C|005186|2018|50004488120029|001|4300011519|00070|CMB0010|60|EA|1280|KRW|76800|20181015|1300|
C|005186|2018|50004488120030|001|4300011520|00030|CMH0007|2|EA|11600|KRW|23200|20181015|1300|
C|005186|2018|50004488120031|001|4300011520|00040|CMF0009|3|EA|4950|KRW|14850|20181015|1300|
C|005186|2018|50004488120032|001|4300011520|00050|CMF0006|10|EA|9500|KRW|95000|20181015|1300|
C|005186|2018|50004488120033|001|4300011520|00060|CMB0010|20|EA|1280|KRW|25600|20181015|1300|
C|005186|2018|50004488120034|001|4300011522|00010|CMH0007|2|EA|11600|KRW|23200|20181015|1300|
C|005186|2018|50004488120035|001|4300011522|00040|CME0001|10|EA|3300|KRW|33000|20181015|1300|
C|005186|2018|50004488120036|001|4300011523|00050|CMF0021|10|EA|3100|KRW|31000|20181015|1300|
C|005186|2018|50004488120037|001|4300011523|00070|CMF0023|10|EA|1790|KRW|17900|20181015|1300|
C|005186|2018|50004488120038|001|4300011523|00110|CMA0016|150|EA|2140|KRW|321000|20181015|1300|
C|005186|2018|50004488120039|001|4300011523|00160|CME0010|400|EA|240|KRW|96000|20181015|1300|
C|005186|2018|50004488120040|001|4300011523|00170|CMB0010|480|EA|1280|KRW|614400|20181015|1300|
C|005186|2018|50004488120041|001|4300011547|00040|CMB0010|60|EA|1280|KRW|76800|20181015|1300|
C|005186|2018|50004488120042|001|4300011547|00070|CME0010|300|EA|240|KRW|72000|20181015|1300|
C|005186|2018|50004488130001|001|4300011504|00060|CMH0007|3|EA|11600|KRW|34800|20181015|1300|
C|005186|2018|50004488130002|001|4300011504|00070|CMB0010|100|EA|1280|KRW|128000|20181015|1300|
C|005186|2018|50004488130003|001|4300011505|00020|CMB0010|130|EA|1280|KRW|166400|20181015|1300|
C|005186|2018|50004488130004|001|4300011510|00050|CME0010|150|EA|240|KRW|36000|20181015|1300|
C|005186|2018|50004488130005|001|4300011510|00070|CMF0001|10|EA|1950|KRW|19500|20181015|1300|
C|005186|2018|50004488130006|001|4300011510|00080|CMH0007|1|EA|11600|KRW|11600|20181015|1300|
C|005186|2018|50004488130007|001|4300011511|00040|CMB0010|70|EA|1280|KRW|89600|20181015|1300|
C|005186|2018|50004488130008|001|4300011511|00050|CMZ0014|1|EA|19000|KRW|19000|20181015|1300|
C|005186|2018|50004488130009|001|4300011512|00050|CMB0010|60|EA|1280|KRW|76800|20181015|1300|
C|005186|2018|50004488130010|001|4300011512|00070|CME0001|10|EA|3300|KRW|33000|20181015|1300|
C|005186|2018|50004488130011|001|4300011512|00080|CME0010|60|EA|240|KRW|14400|20181015|1300|
C|005186|2018|50004488130012|001|4300011521|00010|CMB0010|200|EA|1280|KRW|256000|20181015|1300|
C|005186|2018|50004488130013|001|4300011521|00020|CMH0007|2|EA|11600|KRW|23200|20181015|1300|
C|005186|2018|50004488130014|001|4300011544|00020|CMB0010|20|EA|1280|KRW|25600|20181015|1300|
C|005186|2018|50004488140001|001|4300011507|00020|CMF0002|2|EA|860|KRW|1720|20181015|1300|
C|005186|2018|50004488140002|001|4300011507|00050|CMZ0032|10|EA|1300|KRW|13000|20181015|1300|
C|005186|2018|50004488140003|001|4300011507|00100|CMB0002|100|EA|2100|KRW|210000|20181015|1300|
C|005186|2018|50004488140004|001|4300011507|00110|CME0002|100|EA|1100|KRW|110000|20181015|1300|
C|005186|2018|50004488150001|001|4300011520|00080|CMC0005|50|EA|150|KRW|7500|20181015|1300|
C|005186|2018|50004488150002|001|4300011520|00090|CMB0003|80|EA|2200|KRW|176000|20181015|1300|
C|005186|2018|50004488160001|001|4300011522|00080|CMB0002|120|EA|2100|KRW|252000|20181015|1300|
C|005186|2018|50004488170001|001|4300011515|00040|CMF0007|5|EA|1620|KRW|8100|20181015|1300|
C|005186|2018|50004488170002|001|4300011515|00050|CMF0008|5|EA|1620|KRW|8100|20181015|1300|
C|005186|2018|50004488170003|001|4300011515|00160|CMB0001|300|EA|520|KRW|156000|20181015|1300|
C|005186|2018|50004488170004|001|4300011515|00170|CMC0005|300|EA|150|KRW|45000|20181015|1300|
C|005186|2018|50004488170005|001|4300011515|00260|CMF0003|5|EA|2020|KRW|10100|20181015|1300|
C|005186|2018|50004488180001|001|4300011523|00010|CMD0001|2|EA|8000|KRW|16000|20181015|1300|
C|005186|2018|50004488180002|001|4300011523|00080|CME0002|20|EA|1100|KRW|22000|20181015|1300|
C|005186|2018|50004488180003|001|4300011523|00120|CMC0005|200|EA|150|KRW|30000|20181015|1300|
C|005186|2018|50004488180004|001|4300011523|00140|CMB0001|240|EA|520|KRW|124800|20181015|1300|
C|005186|2018|50004488180005|001|4300011523|00190|CMF0005|5|EA|18700|KRW|93500|20181015|1300|
C|005186|2018|50004488190001|001|4300011508|00010|CMF0005|2|EA|18700|KRW|37400|20181015|1300|
C|005186|2018|50004488190002|001|4300011508|00030|CMB0003|20|EA|2200|KRW|44000|20181015|1300|
C|005186|2018|50004488190003|001|4300011508|00040|CMB0001|60|EA|520|KRW|31200|20181015|1300|
C|005186|2018|50004488200001|001|4300011517|00020|CMF0005|6|EA|18700|KRW|112200|20181015|1300|
C|005186|2018|50004488200002|001|4300011517|00030|CMF0007|10|EA|1620|KRW|16200|20181015|1300|
C|005186|2018|50004488200003|001|4300011517|00070|CMF0008|20|EA|1620|KRW|32400|20181015|1300|
C|005186|2018|50004488200004|001|4300011517|00080|CMF0014|20|EA|680|KRW|13600|20181015|1300|
C|005186|2018|50004488210001|001|4300011504|00010|CMA0028|10|EA|7350|KRW|73500|20181015|1300|
C|005186|2018|50004488210002|001|4300011504|00040|CMF0005|5|EA|18700|KRW|93500|20181015|1300|
