C|005186|2013|50000309160001|001|4300000485|00030|UGCC0659|1|EA|26250|KRW|26250|20130930|1300|
C|005186|2013|50000309170001|001|4300000594|00010|UIDC0135|13|EA|37900|KRW|492700|20130930|1300|
C|005186|2013|50000309170002|001|4300000595|00030|UEBC0155|200|EA|8230|KRW|1646000|20130930|1300|
C|005186|2013|50000309170003|001|4300000595|00060|UJAC0002|200|EA|890|KRW|178000|20130930|1300|
C|005186|2013|50000309170004|001|4300000595|00090|UJAC0001|200|EA|890|KRW|178000|20130930|1300|
C|005186|2013|50000309170005|001|4300000595|00100|UADC0107|1|EA|220500|KRW|220500|20130930|1300|
C|005186|2013|50000309170006|001|4300000596|00050|UKBC0010|2|EA|91480|KRW|182960|20130930|1300|
C|005186|2013|50000309170007|001|4300000596|00110|UJAC0039|30|EA|1470|KRW|44100|20130930|1300|
C|005186|2013|50000309170008|001|4300000596|00120|UEBC0843|4|EA|31500|KRW|126000|20130930|1300|
C|005186|2013|50000309170009|001|4300000597|00020|UAGC0379|3|EA|35700|KRW|107100|20130930|1300|
C|005186|2013|50000309170010|001|4300000597|00050|UKBC0010|1|EA|91480|KRW|91480|20130930|1300|
C|005186|2013|50000309170011|001|4300000597|00090|UAJC0064|100|EA|180|KRW|18000|20130930|1300|
C|005186|2013|50000309180001|001|4300000593|00010|UEBC0384|5|EA|5020|KRW|25100|20130930|1300|
C|005186|2013|50000309180002|001|4300000593|00020|UEBC0010|4|EA|89570|KRW|358280|20130930|1300|
C|005186|2013|50000309180003|001|4300000593|00080|UEBC0739|2|EA|35490|KRW|70980|20130930|1300|
C|005186|2013|50000309180004|001|4300000593|00090|UEBC0663|2|EA|69930|KRW|139860|20130930|1300|
C|005186|2013|50000309180005|001|4300000593|00100|UDDC0009|1|EA|147630|KRW|147630|20130930|1300|
C|005186|2013|50000309180006|001|4300000593|00110|UEBC0203|10|EA|6130|KRW|61300|20130930|1300|
C|005186|2013|50000309180007|001|4300000593|00120|UEBC0333|10|EA|32550|KRW|325500|20130930|1300|
C|005186|2013|50000309180008|001|4300000593|00130|UEBC0319|10|EA|14810|KRW|148100|20130930|1300|
C|005186|2013|50000309180009|001|4300000593|00140|UDAC0159|50|EA|1580|KRW|79000|20130930|1300|
C|005186|2013|50000309180010|001|4300000593|00150|UDAC0053|5|EA|196350|KRW|981750|20130930|1300|
C|005186|2013|50000309190001|001|4300000542|00030|KS990007|8|EA|51450|KRW|411600|20130930|1300|
