C|005186|2016|50002558270001|001|4300005053|00010|CMD0016|1|EA|30450|KRW|30450|20160531|1300|
C|005186|2016|50002558280001|001|4300005124|00090|UDBC0023|500|EA|168|KRW|84000|20160531|1300|
C|005186|2016|50002558280002|001|4300005124|00100|UDBC0010|200|EA|336|KRW|67200|20160531|1300|
C|005186|2016|50002558280003|001|4300005124|00110|UDBC0920|200|EA|440|KRW|88000|20160531|1300|
C|005186|2016|50002558280004|001|4300005124|00120|UDBC0501|200|EA|296|KRW|59200|20160531|1300|
C|005186|2016|50002558280005|001|4300005124|00130|UDBC0042|200|EA|306|KRW|61200|20160531|1300|
C|005186|2016|50002558280006|001|4300005124|00140|UDBC0505|200|EA|310|KRW|62000|20160531|1300|
C|005186|2016|50002558280007|001|4300005124|00150|UDBC0530|200|EA|380|KRW|76000|20160531|1300|
C|005186|2016|50002558280008|001|4300005124|00160|UDBC0741|500|EA|18|KRW|9000|20160531|1300|
C|005186|2016|50002558280009|001|4300005124|00170|UDBC0747|500|EA|31|KRW|15500|20160531|1300|
C|005186|2016|50002558280010|001|4300005124|00180|UDBC0715|500|EA|48|KRW|24000|20160531|1300|
C|005186|2016|50002558280011|001|4300005124|00190|UDBC0720|200|EA|59|KRW|11800|20160531|1300|
C|005186|2016|50002558280012|001|4300005124|00200|UDBC0320|500|EA|26|KRW|13000|20160531|1300|
C|005186|2016|50002558280013|001|4300005124|00210|UDBC0323|500|EA|40|KRW|20000|20160531|1300|
C|005186|2016|50002558280014|001|4300005124|00220|UDBC0367|500|EA|21|KRW|10500|20160531|1300|
C|005186|2016|50002558280015|001|4300005124|00230|UDBC0372|500|EA|30|KRW|15000|20160531|1300|
C|005186|2016|50002558280016|001|4300005124|00240|UDBC0376|500|EA|58|KRW|29000|20160531|1300|
C|005186|2016|50002558280017|001|4300005124|00250|UDBC0345|200|EA|120|KRW|24000|20160531|1300|
C|005186|2016|50002558280018|001|4300005124|00260|UDBC0348|200|EA|180|KRW|36000|20160531|1300|
C|005186|2016|50002558280019|001|4300005128|00010|UDBC0593|2000|EA|70|KRW|140000|20160531|1300|
C|005186|2016|50002558280020|001|4300005128|00050|UBBC0006|2|EA|103370|KRW|206740|20160531|1300|
C|005186|2016|50002558280021|001|4300005129|00020|UHTC0486|1|EA|46410|KRW|46410|20160531|1300|
C|005186|2016|50002558280022|001|4300005129|00060|UEBC0471|6|EA|10970|KRW|65820|20160531|1300|
C|005186|2016|50002558280023|001|4300005129|00070|UEBC0470|6|EA|9980|KRW|59880|20160531|1300|
C|005186|2016|50002558280024|001|4300005129|00130|UAEC0078|2|EA|10530|KRW|21060|20160531|1300|
C|005186|2016|50002558280025|001|4300005131|00070|UDBC0055|100|EA|1420|KRW|142000|20160531|1300|
C|005186|2016|50002558280026|001|4300005131|00080|UDBC0035|100|EA|300|KRW|30000|20160531|1300|
C|005186|2016|50002558280027|001|4300005131|00090|UDBC0726|100|EA|140|KRW|14000|20160531|1300|
C|005186|2016|50002558280028|001|4300005134|00020|UADC0083|1|EA|231000|KRW|231000|20160531|1300|
C|005186|2016|50002558280029|001|4300005135|00010|UGCC0587|30|EA|31060|KRW|931800|20160531|1300|
C|005186|2016|50002558290001|001|4300005136|00010|UFGC0017|80|EA|3500|KRW|280000|20160531|1300|
C|005186|2016|50002559700001|001|4300005118|00010|UDAC0053|5|EA|196350|KRW|981750|20160531|1300|
C|005186|2016|50002559700002|001|4300005118|00020|UDAC0264|5|EA|50500|KRW|252500|20160531|1300|
C|005186|2016|50002559700003|001|4300005118|00030|UDAC0050|5|EA|114030|KRW|570150|20160531|1300|
C|005186|2016|50002559700004|001|4300005119|00010|UDAC0052|5|EA|215250|KRW|1076250|20160531|1300|
C|005186|2016|50002559700005|001|4300005119|00020|UEBC0268|2|EA|91350|KRW|182700|20160531|1300|
C|005186|2016|50002559700006|001|4300005119|00030|UEBC1039|3|EA|16840|KRW|50520|20160531|1300|
C|005186|2016|50002559700007|001|4300005120|00010|UEBC1265|7|EA|265000|KRW|1855000|20160531|1300|
C|005186|2016|50002559700008|001|4300005121|00010|UEBC1166|10|EA|104000|KRW|1040000|20160531|1300|
C|005186|2016|50002559700009|001|4300005128|00030|UEBC0663|2|EA|69930|KRW|139860|20160531|1300|
C|005186|2016|50002559700010|001|4300005128|00060|UEBC1161|3|EA|290000|KRW|870000|20160531|1300|
C|005186|2016|50002559700011|001|4300005129|00050|UHTC0688|6|EA|49500|KRW|297000|20160531|1300|
C|005186|2016|50002559700012|001|4300005130|00010|UALC0094|24|EA|62800|KRW|1507200|20160531|1300|
C|005186|2016|50002559700013|001|4300005137|00010|KS080709|4|EA|24700|KRW|98800|20160531|1300|
C|005186|2016|50002559700014|001|4300005142|00010|UCCC0013|3|EA|401000|KRW|1203000|20160531|1300|
C|005186|2016|50002559700015|001|4300005142|00020|UKBC0035|2|EA|62910|KRW|125820|20160531|1300|
C|005186|2016|50002559700016|001|4300005142|00030|UGBC1410|1|EA|58300|KRW|58300|20160531|1300|
C|005186|2016|50002559700017|001|4300005143|00020|UDAC0008|30|EA|2540|KRW|76200|20160531|1300|
C|005186|2016|50002559700018|001|4300005143|00040|UDBC0875|50|EA|230|KRW|11500|20160531|1300|
C|005186|2016|50002559710001|001|4300005186|00010|UAJC0064|100|EA|180|KRW|18000|20160531|1300|
C|005186|2016|50002559710002|001|4300005186|00020|UAJC0044|50|EA|270|KRW|13500|20160531|1300|
C|005186|2016|50002559710003|001|4300005186|00030|UAJC0047|50|EA|470|KRW|23500|20160531|1300|
C|005186|2016|50002559710004|001|4300005186|00050|UCHC0023|3|EA|100000|KRW|300000|20160531|1300|
C|005186|2016|50002559710005|001|4300005186|00060|UAGC0025|1|EA|6060|KRW|6060|20160531|1300|
C|005186|2016|50002559710006|001|4300005186|00070|UGCC0259|5|EA|26320|KRW|131600|20160531|1300|
C|005186|2016|50002559720001|001|4300005171|00070|CMF0005|5|EA|20700|KRW|103500|20160531|1300|
C|005186|2016|50002559720002|001|4300005172|00090|CMF0005|2|EA|20700|KRW|41400|20160531|1300|
C|005186|2016|50002559720003|001|4300005173|00110|CMF0005|1|EA|20700|KRW|20700|20160531|1300|
C|005186|2016|50002559720004|001|4300005174|00090|CMF0005|8|EA|20700|KRW|165600|20160531|1300|
C|005186|2016|50002559720005|001|4300005176|00080|CMF0005|1|EA|20700|KRW|20700|20160531|1300|
C|005186|2016|50002559720006|001|4300005179|00140|CMF0005|2|EA|20700|KRW|41400|20160531|1300|
C|005186|2016|50002559720007|001|4300005180|00120|CMF0005|10|EA|20700|KRW|207000|20160531|1300|
C|005186|2016|50002559720008|001|4300005182|00110|CMF0005|10|EA|20700|KRW|207000|20160531|1300|
C|005186|2016|50002559720009|001|4300005184|00130|CMF0005|10|EA|20700|KRW|207000|20160531|1300|
