C|005186|2017|50003921780001|001|4300009264|00010|CMA0001|350|EA|151|KRW|52850|20171227|1300|
C|005186|2017|50003921780002|001|4300009264|00020|CMA0007|350|EA|151|KRW|52850|20171227|1300|
C|005186|2017|50003921780003|001|4300009264|00040|CMB0002|100|EA|2100|KRW|210000|20171227|1300|
C|005186|2017|50003921780004|001|4300009264|00050|CMC0005|30|EA|150|KRW|4500|20171227|1300|
C|005186|2017|50003921780005|001|4300009264|00110|CMZ0004|10|EA|220|KRW|2200|20171227|1300|
C|005186|2017|50003921780006|001|4300009264|00120|CMZ0005|10|EA|810|KRW|8100|20171227|1300|
C|005186|2017|50003921790001|001|4300009263|00010|CMA0001|300|EA|151|KRW|45300|20171227|1300|
C|005186|2017|50003921790002|001|4300009263|00030|CMA0007|100|EA|151|KRW|15100|20171227|1300|
C|005186|2017|50003921790003|001|4300009263|00040|CMA0008|100|EA|470|KRW|47000|20171227|1300|
C|005186|2017|50003921790004|001|4300009263|00050|CMB0001|200|EA|520|KRW|104000|20171227|1300|
C|005186|2017|50003921790005|001|4300009263|00060|CMB0003|60|EA|2200|KRW|132000|20171227|1300|
C|005186|2017|50003921790006|001|4300009263|00080|CMF0008|10|EA|1620|KRW|16200|20171227|1300|
C|005186|2017|50003921900001|001|4300009274|00010|CMA0001|60|EA|151|KRW|9060|20171227|1300|
C|005186|2017|50003921900002|001|4300009274|00020|CMA0007|200|EA|151|KRW|30200|20171227|1300|
C|005186|2017|50003921900003|001|4300009274|00030|CMB0001|20|EA|520|KRW|10400|20171227|1300|
C|005186|2017|50003921900004|001|4300009274|00070|CMZ0032|3|EA|1300|KRW|3900|20171227|1300|
C|005186|2017|50003921910001|001|4300009262|00010|CMA0001|80|EA|151|KRW|12080|20171227|1300|
C|005186|2017|50003921910002|001|4300009262|00020|CMA0007|80|EA|151|KRW|12080|20171227|1300|
C|005186|2017|50003921910003|001|4300009262|00030|CMA0028|3|EA|7350|KRW|22050|20171227|1300|
C|005186|2017|50003921910004|001|4300009262|00040|CMA0017|20|EA|770|KRW|15400|20171227|1300|
C|005186|2017|50003921910005|001|4300009262|00050|CMB0003|80|EA|2200|KRW|176000|20171227|1300|
C|005186|2017|50003921910006|001|4300009262|00060|CMZ0004|20|EA|220|KRW|4400|20171227|1300|
C|005186|2017|50003921920001|001|4300009269|00020|CME0002|20|EA|1100|KRW|22000|20171227|1300|
C|005186|2017|50003921920002|001|4300009269|00040|CMF0004|4|EA|17000|KRW|68000|20171227|1300|
C|005186|2017|50003921920003|001|4300009269|00060|CMF0008|10|EA|1620|KRW|16200|20171227|1300|
C|005186|2017|50003921930001|001|4300009268|00010|CMA0001|600|EA|151|KRW|90600|20171227|1300|
C|005186|2017|50003921930002|001|4300009268|00020|CMA0007|400|EA|151|KRW|60400|20171227|1300|
C|005186|2017|50003921930003|001|4300009268|00050|CMC0005|100|EA|150|KRW|15000|20171227|1300|
C|005186|2017|50003921940001|001|4300009270|00010|CMA0001|400|EA|151|KRW|60400|20171227|1300|
C|005186|2017|50003921940002|001|4300009270|00020|CMA0007|220|EA|151|KRW|33220|20171227|1300|
C|005186|2017|50003921940003|001|4300009270|00060|CMF0004|5|EA|17000|KRW|85000|20171227|1300|
C|005186|2017|50003921950001|001|4300009261|00020|CMF0004|1|EA|17000|KRW|17000|20171227|1300|
C|005186|2017|50003921960001|001|4300009260|00010|CMA0001|700|EA|151|KRW|105700|20171227|1300|
C|005186|2017|50003921960002|001|4300009260|00020|CMA0007|500|EA|151|KRW|75500|20171227|1300|
C|005186|2017|50003921960003|001|4300009260|00030|CMA0008|400|EA|470|KRW|188000|20171227|1300|
C|005186|2017|50003921960004|001|4300009260|00050|CMB0001|300|EA|520|KRW|156000|20171227|1300|
C|005186|2017|50003921960005|001|4300009260|00070|CMC0005|300|EA|150|KRW|45000|20171227|1300|
C|005186|2017|50003921970001|001|4300009279|00080|CMC0002|3|EA|10300|KRW|30900|20171227|1300|
C|005186|2017|50003921980001|001|4300009258|00020|CMZ0032|10|EA|1300|KRW|13000|20171227|1300|
C|005186|2017|50003921980002|001|4300009258|00030|CMA0001|50|EA|151|KRW|7550|20171227|1300|
C|005186|2017|50003921990001|001|4300009273|00010|CMA0001|600|EA|151|KRW|90600|20171227|1300|
C|005186|2017|50003921990002|001|4300009273|00020|CMA0007|50|EA|151|KRW|7550|20171227|1300|
C|005186|2017|50003921990003|001|4300009273|00030|CMA0017|10|EA|770|KRW|7700|20171227|1300|
C|005186|2017|50003921990004|001|4300009273|00090|CMB0011|70|EA|2220|KRW|155400|20171227|1300|
C|005186|2017|50003922000001|001|4300009279|00010|CMA0001|800|EA|151|KRW|120800|20171227|1300|
C|005186|2017|50003922000002|001|4300009279|00020|CMA0007|200|EA|151|KRW|30200|20171227|1300|
C|005186|2017|50003922000003|001|4300009279|00030|CMA0008|50|EA|470|KRW|23500|20171227|1300|
C|005186|2017|50003922000004|001|4300009279|00050|CMA0017|50|EA|770|KRW|38500|20171227|1300|
C|005186|2017|50003922000005|001|4300009279|00060|CMB0002|120|EA|2100|KRW|252000|20171227|1300|
C|005186|2017|50003922000006|001|4300009279|00090|CMC0005|100|EA|150|KRW|15000|20171227|1300|
C|005186|2017|50003922000007|001|4300009279|00150|CMF0002|1|EA|860|KRW|860|20171227|1300|
C|005186|2017|50003922000008|001|4300009279|00200|CMZ0002|10|EA|400|KRW|4000|20171227|1300|
C|005186|2017|50003922000009|001|4300009279|00210|CMZ0004|20|EA|220|KRW|4400|20171227|1300|
C|005186|2017|50003922000010|001|4300009279|00230|CMZ0009|100|EA|920|KRW|92000|20171227|1300|
C|005186|2017|50003922010001|001|4300009276|00010|CMA0001|100|EA|151|KRW|15100|20171227|1300|
C|005186|2017|50003922010002|001|4300009276|00020|CMA0007|40|EA|151|KRW|6040|20171227|1300|
C|005186|2017|50003922010003|001|4300009276|00030|CMA0008|40|EA|470|KRW|18800|20171227|1300|
C|005186|2017|50003922010004|001|4300009276|00040|CMB0001|40|EA|520|KRW|20800|20171227|1300|
C|005186|2017|50003922010005|001|4300009276|00050|CMB0007|40|EA|760|KRW|30400|20171227|1300|
C|005186|2017|50003922020001|001|4300009266|00010|CMA0001|300|EA|151|KRW|45300|20171227|1300|
C|005186|2017|50003922020002|001|4300009266|00020|CMA0007|200|EA|151|KRW|30200|20171227|1300|
C|005186|2017|50003922020003|001|4300009266|00040|CMB0001|240|EA|520|KRW|124800|20171227|1300|
C|005186|2017|50003922030001|001|4300009275|00010|CMA0001|50|EA|151|KRW|7550|20171227|1300|
C|005186|2017|50003922030002|001|4300009275|00020|CMA0007|60|EA|151|KRW|9060|20171227|1300|
C|005186|2017|50003922030003|001|4300009275|00030|CMB0001|80|EA|520|KRW|41600|20171227|1300|
C|005186|2017|50003922030004|001|4300009275|00040|CMA0017|2|EA|770|KRW|1540|20171227|1300|
C|005186|2017|50003922030005|001|4300009275|00060|CMB0002|40|EA|2100|KRW|84000|20171227|1300|
C|005186|2017|50003922040001|001|4300009278|00010|CMD0001|7|EA|8000|KRW|56000|20171227|1300|
C|005186|2017|50003922040002|001|4300009278|00020|CMA0002|120|EA|1440|KRW|172800|20171227|1300|
C|005186|2017|50003922040003|001|4300009278|00030|CMA0001|100|EA|151|KRW|15100|20171227|1300|
C|005186|2017|50003922040004|001|4300009278|00060|CMA0014|100|EA|320|KRW|32000|20171227|1300|
C|005186|2017|50003922050001|001|4300009272|00010|CMA0007|100|EA|151|KRW|15100|20171227|1300|
C|005186|2017|50003922060001|001|4300009271|00030|CMA0007|200|EA|151|KRW|30200|20171227|1300|
C|005186|2017|50003922060002|001|4300009271|00040|CMA0028|5|EA|7350|KRW|36750|20171227|1300|
C|005186|2017|50003922070001|001|4300009267|00010|CMA0001|150|EA|151|KRW|22650|20171227|1300|
C|005186|2017|50003922070002|001|4300009267|00020|CMA0007|100|EA|151|KRW|15100|20171227|1300|
C|005186|2017|50003922070003|001|4300009267|00040|CMB0001|40|EA|520|KRW|20800|20171227|1300|
C|005186|2017|50003922070004|001|4300009267|00050|CMB0003|20|EA|2200|KRW|44000|20171227|1300|
C|005186|2017|50003922070005|001|4300009267|00080|CMF0007|3|EA|1620|KRW|4860|20171227|1300|
C|005186|2017|50003922070006|001|4300009267|00090|CMF0008|3|EA|1620|KRW|4860|20171227|1300|
C|005186|2017|50003922080001|001|4300009273|00050|CME0013|2|EA|11880|KRW|23760|20171227|1300|
C|005186|2017|50003922090001|001|4300009294|00070|UJCC0043|10000|EA|42|KRW|420000|20171227|1300|
C|005186|2017|50003922100001|001|4300009227|00010|UGCC0840|1|EA|1084000|KRW|1084000|20171227|1300|
C|005186|2017|50003922100002|001|4300009290|00150|UGCC1280|1|EA|801000|KRW|801000|20171227|1300|
C|005186|2017|50003922100003|001|4300009291|00030|UGCC0969|1|EA|190000|KRW|190000|20171227|1300|
C|005186|2017|50003922100004|001|4300009292|00010|UZZC0172|5|EA|9450|KRW|47250|20171227|1300|
C|005186|2017|50003922100005|001|4300009294|00050|UKGC0008|7|EA|2940|KRW|20580|20171227|1300|
C|005186|2017|50003922100006|001|4300009295|00060|UZZC0168|60|EA|11340|KRW|680400|20171227|1300|
C|005186|2017|50003922100007|001|4300009296|00060|UAGC0527|1|EA|44270|KRW|44270|20171227|1300|
C|005186|2017|50003922100008|001|4300009296|00070|UAGC0528|1|EA|35840|KRW|35840|20171227|1300|
C|005186|2017|50003922100009|001|4300009296|00080|UAGC0529|1|EA|3800|KRW|3800|20171227|1300|
C|005186|2017|50003922100010|001|4300009299|00010|UAHC0046|1|EA|280350|KRW|280350|20171227|1300|
C|005186|2017|50003922100011|001|4300009310|00020|UAHC0045|1|EA|91350|KRW|91350|20171227|1300|
C|005186|2017|50003922110001|001|4300009227|00020|UZZC0141|2|EA|187000|KRW|374000|20171227|1300|
C|005186|2017|50003922110002|001|4300009299|00070|UDDC0350|1|EA|22579|KRW|22579|20171227|1300|
C|005186|2017|50003922110003|001|4300009304|00040|UDEC0089|1|EA|164850|KRW|164850|20171227|1300|
C|005186|2017|50003922110004|001|4300009310|00040|UDCC0021|4|EA|40220|KRW|160880|20171227|1300|
C|005186|2017|50003922110005|001|4300009324|00010|UKEC0095|10|EA|1210|KRW|12100|20171227|1300|
C|005186|2017|50003922120001|001|4300009247|00030|UZZC0168|30|EA|11340|KRW|340200|20171227|1300|
C|005186|2017|50003922120002|001|4300009290|00010|UAEC0464|10|EA|530|KRW|5300|20171227|1300|
C|005186|2017|50003922120003|001|4300009290|00020|UAGC0531|1|EA|38480|KRW|38480|20171227|1300|
C|005186|2017|50003922120004|001|4300009290|00040|UAEC0478|1|EA|409000|KRW|409000|20171227|1300|
C|005186|2017|50003922120005|001|4300009290|00050|UAEC0479|2|EA|25300|KRW|50600|20171227|1300|
C|005186|2017|50003922120006|001|4300009290|00060|UAEC0480|2|EA|41640|KRW|83280|20171227|1300|
C|005186|2017|50003922120007|001|4300009290|00070|UAEC0481|20|EA|3900|KRW|78000|20171227|1300|
C|005186|2017|50003922120008|001|4300009290|00120|UAEC0485|10|EA|2960|KRW|29600|20171227|1300|
C|005186|2017|50003922120009|001|4300009290|00130|UAEC0486|2|EA|1950|KRW|3900|20171227|1300|
C|005186|2017|50003922120010|001|4300009291|00020|UCIC0002|10|EA|950|KRW|9500|20171227|1300|
C|005186|2017|50003922120011|001|4300009291|00040|UGAC0089|1|EA|33680|KRW|33680|20171227|1300|
C|005186|2017|50003922120012|001|4300009292|00040|UAIC0051|1|EA|16870|KRW|16870|20171227|1300|
C|005186|2017|50003922120013|001|4300009293|00030|UAEC0037|2|EA|4520|KRW|9040|20171227|1300|
C|005186|2017|50003922120014|001|4300009293|00040|UAEC0038|2|EA|4520|KRW|9040|20171227|1300|
C|005186|2017|50003922120015|001|4300009293|00050|UGCC0611|3|EA|9660|KRW|28980|20171227|1300|
C|005186|2017|50003922120016|001|4300009293|00060|UAAC0032|3|EA|8798|KRW|26394|20171227|1300|
C|005186|2017|50003922120017|001|4300009293|00070|UAEC0095|2|EA|22630|KRW|45260|20171227|1300|
C|005186|2017|50003922120018|001|4300009293|00080|UABC0022|1|EA|17120|KRW|17120|20171227|1300|
C|005186|2017|50003922120019|001|4300009293|00090|UZZC0012|20|EA|7350|KRW|147000|20171227|1300|
C|005186|2017|50003922120020|001|4300009293|00100|UHTC0486|1|EA|46410|KRW|46410|20171227|1300|
C|005186|2017|50003922120021|001|4300009294|00010|UHTC0833|4|EA|79690|KRW|318760|20171227|1300|
C|005186|2017|50003922120022|001|4300009294|00020|UAEC0114|2|EA|12290|KRW|24580|20171227|1300|
C|005186|2017|50003922120023|001|4300009294|00030|UAEC0261|3|EA|3090|KRW|9270|20171227|1300|
C|005186|2017|50003922120024|001|4300009295|00030|UAEC0223|2|EA|2250|KRW|4500|20171227|1300|
C|005186|2017|50003922130001|001|4300009309|00040|UGCC0546|1|EA|115500|KRW|115500|20171227|1300|
C|005186|2017|50003922130002|001|4300009319|00010|UGBC1101|10|EA|52500|KRW|525000|20171227|1300|
C|005186|2017|50003922130003|001|4300009319|00020|UGBC1081|3|EA|136500|KRW|409500|20171227|1300|
C|005186|2017|50003922130004|001|4300009319|00030|UGBC1086|2|EA|147000|KRW|294000|20171227|1300|
C|005186|2017|50003922130005|001|4300009319|00040|UGBC0481|10|EA|15225|KRW|152250|20171227|1300|
C|005186|2017|50003922130006|001|4300009319|00050|UGBC0482|10|EA|18000|KRW|180000|20171227|1300|
C|005186|2017|50003922130007|001|4300009319|00060|UGBC1078|3|EA|34650|KRW|103950|20171227|1300|
C|005186|2017|50003922130008|001|4300009319|00070|UGBC0485|5|EA|37800|KRW|189000|20171227|1300|
C|005186|2017|50003922130009|001|4300009320|00010|UAGC0193|50|EA|3255|KRW|162750|20171227|1300|
C|005186|2017|50003922130010|001|4300009320|00020|UDAC0328|10|EA|2500|KRW|25000|20171227|1300|
C|005186|2017|50003922130011|001|4300009320|00030|UDAC0311|10|EA|2690|KRW|26900|20171227|1300|
C|005186|2017|50003922130012|001|4300009320|00040|UDAC0313|10|EA|3580|KRW|35800|20171227|1300|
C|005186|2017|50003922130013|001|4300009320|00050|UDAC0314|10|EA|4220|KRW|42200|20171227|1300|
C|005186|2017|50003922130014|001|4300009320|00060|UDAC0315|10|EA|5480|KRW|54800|20171227|1300|
C|005186|2017|50003922130015|001|4300009320|00090|UGBC1087|3|EA|52500|KRW|157500|20171227|1300|
C|005186|2017|50003922130016|001|4300009320|00100|UGBC1094|2|EA|66150|KRW|132300|20171227|1300|
C|005186|2017|50003922130017|001|4300009320|00110|UGBC1096|2|EA|86100|KRW|172200|20171227|1300|
C|005186|2017|50003922130018|001|4300009320|00120|UGBC0193|10|EA|2630|KRW|26300|20171227|1300|
C|005186|2017|50003922130019|001|4300009320|00130|UGBC1085|5|EA|12600|KRW|63000|20171227|1300|
C|005186|2017|50003922130020|001|4300009320|00140|UGBC0237|20|EA|13860|KRW|277200|20171227|1300|
C|005186|2017|50003922130021|001|4300009320|00150|UGBC0553|20|EA|12600|KRW|252000|20171227|1300|
C|005186|2017|50003922130022|001|4300009320|00160|UGBC0532|20|EA|3990|KRW|79800|20171227|1300|
