C|005186|2015|50001641600001|001|4300003046|00100|UCIC0061|1|EA|337890|KRW|337890|20150630|1300|
C|005186|2015|50001641600002|001|4300003084|00010|UCIC0009|1|EA|504000|KRW|504000|20150630|1300|
C|005186|2015|50001641600003|001|4300003086|00030|UGBC0527|5|EA|73500|KRW|367500|20150630|1300|
C|005186|2015|50001641600004|001|4300003086|00040|UGBC0197|5|EA|9350|KRW|46750|20150630|1300|
C|005186|2015|50001641600005|001|4300003086|00050|UGBC0163|20|EA|320|KRW|6400|20150630|1300|
C|005186|2015|50001641600006|001|4300003086|00060|UGBC0166|10|EA|630|KRW|6300|20150630|1300|
C|005186|2015|50001641600007|001|4300003086|00070|UGBC0168|10|EA|1680|KRW|16800|20150630|1300|
C|005186|2015|50001641600008|001|4300003087|00010|UGBC1398|10|EA|78500|KRW|785000|20150630|1300|
C|005186|2015|50001641600009|001|4300003087|00020|UCIC0032|1|EA|619500|KRW|619500|20150630|1300|
C|005186|2015|50001641600010|001|4300003088|00010|UGBC1370|2|EA|429000|KRW|858000|20150630|1300|
C|005186|2015|50001641600011|001|4300003088|00020|UGBC0030|10|EA|3470|KRW|34700|20150630|1300|
C|005186|2015|50001641600012|001|4300003088|00030|UGBC1294|10|EA|6900|KRW|69000|20150630|1300|
C|005186|2015|50001641600013|001|4300003088|00040|UDAC0314|10|EA|4220|KRW|42200|20150630|1300|
C|005186|2015|50001641600014|001|4300003088|00050|UDAC0315|10|EA|5480|KRW|54800|20150630|1300|
C|005186|2015|50001641600015|001|4300003088|00060|UCIC0148|20|EA|1160|KRW|23200|20150630|1300|
C|005186|2015|50001641600016|001|4300003088|00070|UGBC1206|5|EA|44100|KRW|220500|20150630|1300|
C|005186|2015|50001641600017|001|4300003088|00080|UGBC0654|1|EA|157500|KRW|157500|20150630|1300|
C|005186|2015|50001641610001|001|4300003038|00040|UGCC0989|5|EA|26500|KRW|132500|20150630|1300|
C|005186|2015|50001641610002|001|4300003038|00060|UGCC0710|2|EA|30500|KRW|61000|20150630|1300|
C|005186|2015|50001641610003|001|4300003039|00070|UGCC0697|2|EA|52200|KRW|104400|20150630|1300|
C|005186|2015|50001641610004|001|4300003083|00110|UHTC0205|30|EA|8450|KRW|253500|20150630|1300|
C|005186|2015|50001641610005|001|4300003083|00130|UHGC0077|5|EA|54810|KRW|274050|20150630|1300|
C|005186|2015|50001641610006|001|4300003084|00030|UEAC0093|1|EA|253260|KRW|253260|20150630|1300|
C|005186|2015|50001641610007|001|4300003084|00040|UHTC0500|1|EA|293500|KRW|293500|20150630|1300|
C|005186|2015|50001641610008|001|4300003085|00010|UHHC0064|3|EA|269850|KRW|809550|20150630|1300|
C|005186|2015|50001641610009|001|4300003085|00020|UHHC0065|3|EA|269850|KRW|809550|20150630|1300|
C|005186|2015|50001641610010|001|4300003085|00030|UHGC0274|3|EA|71580|KRW|214740|20150630|1300|
C|005186|2015|50001641610011|001|4300003086|00010|UHGC0107|2|EA|342100|KRW|684200|20150630|1300|
C|005186|2015|50001641610012|001|4300003086|00020|UHGC0129|1|EA|612680|KRW|612680|20150630|1300|
C|005186|2015|50001641610013|001|4300003087|00030|UHGC0218|5|EA|50400|KRW|252000|20150630|1300|
C|005186|2015|50001641610014|001|4300003087|00040|UHFC0232|5|EA|9790|KRW|48950|20150630|1300|
C|005186|2015|50001641610015|001|4300003087|00050|UHFC0346|100|EA|1995|KRW|199500|20150630|1300|
C|005186|2015|50001641610016|001|4300003087|00060|UHDC0141|100|EA|370|KRW|37000|20150630|1300|
C|005186|2015|50001641610017|001|4300003088|00090|UHNC0080|1|EA|286320|KRW|286320|20150630|1300|
C|005186|2015|50001641610018|001|4300003091|00020|UHDC0090|20|EA|2120|KRW|42400|20150630|1300|
C|005186|2015|50001641610019|001|4300003102|00040|UKBC0010|2|EA|91480|KRW|182960|20150630|1300|
C|005186|2015|50001641610020|001|4300003102|00050|UKBC0014|1|EA|52500|KRW|52500|20150630|1300|
C|005186|2015|50001641610021|001|4300003102|00080|UDEC0115|10|EA|14400|KRW|144000|20150630|1300|
C|005186|2015|50001641610022|001|4300003120|00010|UCKC0037|80|EA|14050|KRW|1124000|20150630|1300|
C|005186|2015|50001641610023|001|4300003120|00020|UFKC0125|10|EA|36750|KRW|367500|20150630|1300|
C|005186|2015|50001641610024|001|4300003121|00010|UHGC0139|2|EA|561750|KRW|1123500|20150630|1300|
