C|005186|2016|50002393740001|001|4300004822|00050|CMD0016|3|EA|30450|KRW|91350|20160331|1300|
C|005186|2016|50002393750001|001|4300004819|00010|CMD0016|11|EA|30450|KRW|334950|20160331|1300|
C|005186|2016|50002393760001|001|4300004821|00070|CMD0016|6|EA|30450|KRW|182700|20160331|1300|
C|005186|2016|50002393760002|001|4300004834|00080|CMD0016|6|EA|30450|KRW|182700|20160331|1300|
C|005186|2016|50002393770001|001|4300004732|00050|UDBC0700|3|EA|11580|KRW|34740|20160331|1300|
C|005186|2016|50002393770002|001|4300004732|00060|UDBC0702|3|EA|8190|KRW|24570|20160331|1300|
C|005186|2016|50002393770003|001|4300004732|00070|UDBC0703|3|EA|9650|KRW|28950|20160331|1300|
C|005186|2016|50002393770004|001|4300004736|00050|UEBC0465|4|EA|13900|KRW|55600|20160331|1300|
C|005186|2016|50002393770005|001|4300004736|00060|UGCC0596|100|EA|2640|KRW|264000|20160331|1300|
C|005186|2016|50002393770006|001|4300004736|00070|UGCC0597|100|EA|2640|KRW|264000|20160331|1300|
C|005186|2016|50002393770007|001|4300004754|00150|UDFC0171|20|EA|1500|KRW|30000|20160331|1300|
C|005186|2016|50002393770008|001|4300004754|00160|UDBC0822|20|EA|1680|KRW|33600|20160331|1300|
C|005186|2016|50002393770009|001|4300004754|00170|UDBC0691|5|EA|840|KRW|4200|20160331|1300|
C|005186|2016|50002393770010|001|4300004754|00190|UDBC0682|5|EA|990|KRW|4950|20160331|1300|
C|005186|2016|50002393770011|001|4300004754|00200|UDBC0683|5|EA|1470|KRW|7350|20160331|1300|
C|005186|2016|50002393770012|001|4300004754|00210|UDBC0685|5|EA|1960|KRW|9800|20160331|1300|
C|005186|2016|50002393770013|001|4300004754|00220|UDBC0686|5|EA|3480|KRW|17400|20160331|1300|
C|005186|2016|50002393770014|001|4300004754|00230|UAEC0427|1|EA|3738|KRW|3738|20160331|1300|
C|005186|2016|50002393770015|001|4300004754|00240|UAEC0066|1|EA|2520|KRW|2520|20160331|1300|
C|005186|2016|50002393770016|001|4300004754|00250|UAEC0094|1|EA|22630|KRW|22630|20160331|1300|
C|005186|2016|50002393770017|001|4300004754|00380|UEBC0821|2|EA|14070|KRW|28140|20160331|1300|
C|005186|2016|50002393770018|001|4300004754|00390|UAGC0193|100|EA|3255|KRW|325500|20160331|1300|
C|005186|2016|50002393770019|001|4300004756|00010|UGCC0598|100|EA|2640|KRW|264000|20160331|1300|
C|005186|2016|50002393770020|001|4300004756|00020|UEBC0943|9|EA|174310|KRW|1568790|20160331|1300|
C|005186|2016|50002393770021|001|4300004757|00020|UAEC0324|30|EA|8630|KRW|258900|20160331|1300|
C|005186|2016|50002393770022|001|4300004757|00040|UEBC0771|30|EA|1890|KRW|56700|20160331|1300|
C|005186|2016|50002393770023|001|4300004757|00050|UEBC0778|30|EA|1890|KRW|56700|20160331|1300|
C|005186|2016|50002393770024|001|4300004757|00060|UDAC0227|1000|EA|630|KRW|630000|20160331|1300|
C|005186|2016|50002393770025|001|4300004758|00030|UGCC0894|300|EA|4220|KRW|1266000|20160331|1300|
C|005186|2016|50002393770026|001|4300004759|00010|UDAC0012|300|EA|4220|KRW|1266000|20160331|1300|
C|005186|2016|50002393770027|001|4300004761|00090|UDAC0219|3|EA|88200|KRW|264600|20160331|1300|
C|005186|2016|50002393780001|001|4300004696|00050|UEAC0080|2|EA|144900|KRW|289800|20160331|1300|
C|005186|2016|50002393780002|001|4300004696|00060|UEBC0780|10|EA|2090|KRW|20900|20160331|1300|
C|005186|2016|50002393780003|001|4300004696|00080|UEBC0610|1|EA|145260|KRW|145260|20160331|1300|
C|005186|2016|50002393780004|001|4300004696|00090|UEBC0706|10|EA|10630|KRW|106300|20160331|1300|
C|005186|2016|50002393780005|001|4300004696|00130|UEBC0602|3|EA|13650|KRW|40950|20160331|1300|
C|005186|2016|50002393780006|001|4300004697|00030|UEBC1268|2|EA|18338|KRW|36676|20160331|1300|
C|005186|2016|50002393780007|001|4300004698|00050|UEBC0362|5|EA|5820|KRW|29100|20160331|1300|
C|005186|2016|50002393780008|001|4300004699|00020|UEBC1272|4|EA|114480|KRW|457920|20160331|1300|
C|005186|2016|50002393780009|001|4300004699|00030|UEBC1273|10|EA|2968|KRW|29680|20160331|1300|
C|005186|2016|50002393780010|001|4300004699|00050|UEBC1274|2|EA|275600|KRW|551200|20160331|1300|
C|005186|2016|50002393780011|001|4300004700|00120|UEBC1266|10|EA|56180|KRW|561800|20160331|1300|
C|005186|2016|50002393780012|001|4300004701|00010|UEBC1160|10|EA|154800|KRW|1548000|20160331|1300|
C|005186|2016|50002393780013|001|4300004702|00010|UEBC1265|6|EA|265000|KRW|1590000|20160331|1300|
C|005186|2016|50002393780014|001|4300004703|00020|UEBC1267|4|EA|41340|KRW|165360|20160331|1300|
C|005186|2016|50002393780015|001|4300004703|00070|UGAC0105|1|EA|2650|KRW|2650|20160331|1300|
C|005186|2016|50002393780016|001|4300004703|00080|UGAC0106|1|EA|7420|KRW|7420|20160331|1300|
C|005186|2016|50002393780017|001|4300004703|00090|UGAC0107|1|EA|6890|KRW|6890|20160331|1300|
C|005186|2016|50002393780018|001|4300004703|00100|UGAC0108|1|EA|19080|KRW|19080|20160331|1300|
C|005186|2016|50002393780019|001|4300004703|00120|UDAC0334|3|EA|1060|KRW|3180|20160331|1300|
C|005186|2016|50002393780020|001|4300004703|00130|UDAC0335|10|EA|1060|KRW|10600|20160331|1300|
C|005186|2016|50002393780021|001|4300004703|00140|UEBC1269|12|EA|50880|KRW|610560|20160331|1300|
C|005186|2016|50002393780022|001|4300004704|00090|UEBC0708|5|EA|6770|KRW|33850|20160331|1300|
C|005186|2016|50002393780023|001|4300004707|00080|UDAC0258|5|EA|2630|KRW|13150|20160331|1300|
C|005186|2016|50002393780024|001|4300004708|00010|UGCC0273|30|EA|2640|KRW|79200|20160331|1300|
C|005186|2016|50002393780025|001|4300004708|00050|UEBC0770|20|EA|630|KRW|12600|20160331|1300|
C|005186|2016|50002393780026|001|4300004708|00060|UEBC0771|20|EA|1890|KRW|37800|20160331|1300|
C|005186|2016|50002393780027|001|4300004708|00070|UEBC0774|20|EA|515|KRW|10300|20160331|1300|
C|005186|2016|50002393780028|001|4300004708|00080|UEBC0778|20|EA|1890|KRW|37800|20160331|1300|
C|005186|2016|50002393780029|001|4300004708|00110|UDAC0008|20|EA|2540|KRW|50800|20160331|1300|
C|005186|2016|50002393780030|001|4300004708|00120|UEBC0381|10|EA|2460|KRW|24600|20160331|1300|
C|005186|2016|50002393780031|001|4300004708|00140|UDBC0264|50|EA|220|KRW|11000|20160331|1300|
C|005186|2016|50002393780032|001|4300004709|00010|UEBC0552|12|EA|48300|KRW|579600|20160331|1300|
C|005186|2016|50002393790001|001|4300004696|00020|UKDC0005|5|EA|9450|KRW|47250|20160331|1300|
C|005186|2016|50002393790002|001|4300004696|00030|UAGC0087|10|EA|1020|KRW|10200|20160331|1300|
C|005186|2016|50002393790003|001|4300004696|00040|UDDC0366|3|EA|188700|KRW|566100|20160331|1300|
C|005186|2016|50002393790004|001|4300004698|00030|UAGC0168|2|EA|40770|KRW|81540|20160331|1300|
C|005186|2016|50002393790005|001|4300004698|00040|UAGC0169|2|EA|49430|KRW|98860|20160331|1300|
C|005186|2016|50002393790006|001|4300004699|00010|UDDC0375|1|EA|151450|KRW|151450|20160331|1300|
C|005186|2016|50002393790007|001|4300004702|00020|UDEC0116|1|EA|254000|KRW|254000|20160331|1300|
C|005186|2016|50002393790008|001|4300004703|00110|UDDC0373|2|EA|36900|KRW|73800|20160331|1300|
C|005186|2016|50002393790009|001|4300004704|00060|UICC0037|5|EA|3160|KRW|15800|20160331|1300|
C|005186|2016|50002393790010|001|4300004705|00010|UDDC0133|10|EA|28245|KRW|282450|20160331|1300|
C|005186|2016|50002393790011|001|4300004706|00010|UIDC0143|1|EA|437220|KRW|437220|20160331|1300|
C|005186|2016|50002393790012|001|4300004706|00020|UDEC0063|1|EA|255150|KRW|255150|20160331|1300|
C|005186|2016|50002393790013|001|4300004706|00030|UDEC0083|1|EA|404250|KRW|404250|20160331|1300|
C|005186|2016|50002393790014|001|4300004706|00040|UDEC0004|1|EA|546000|KRW|546000|20160331|1300|
C|005186|2016|50002393790015|001|4300004706|00060|UKBC0009|1|EA|3810|KRW|3810|20160331|1300|
C|005186|2016|50002393790016|001|4300004706|00070|UKEC0017|1|EA|61200|KRW|61200|20160331|1300|
C|005186|2016|50002393790017|001|4300004706|00080|UAEC0297|1|EA|15750|KRW|15750|20160331|1300|
C|005186|2016|50002393790018|001|4300004706|00090|UAEC0026|1|EA|10940|KRW|10940|20160331|1300|
C|005186|2016|50002393790019|001|4300004706|00100|UAEC0259|1|EA|3930|KRW|3930|20160331|1300|
C|005186|2016|50002393790020|001|4300004707|00040|UDDC0143|5|EA|68250|KRW|341250|20160331|1300|
C|005186|2016|50002393790021|001|4300004707|00090|UAHC0017|1|EA|332630|KRW|332630|20160331|1300|
C|005186|2016|50002393790022|001|4300004708|00020|UGBC0412|10|EA|1620|KRW|16200|20160331|1300|
C|005186|2016|50002393790023|001|4300004708|00030|UGBC0416|30|EA|1760|KRW|52800|20160331|1300|
C|005186|2016|50002393790024|001|4300004708|00040|UGBC0413|10|EA|1620|KRW|16200|20160331|1300|
C|005186|2016|50002393790025|001|4300004708|00130|UDEC0030|2|EA|95450|KRW|190900|20160331|1300|
C|005186|2016|50002393790026|001|4300004708|00150|UDEC0086|1|EA|673050|KRW|673050|20160331|1300|
C|005186|2016|50002393790027|001|4300004709|00050|UDDC0180|1|EA|15440|KRW|15440|20160331|1300|
C|005186|2016|50002393790028|001|4300004709|00060|UDEC0107|1|EA|749700|KRW|749700|20160331|1300|
C|005186|2016|50002393790029|001|4300004740|00040|KS061502|10|EA|2970|KRW|29700|20160331|1300|
C|005186|2016|50002393790030|001|4300004740|00050|KS061504|3|EA|4050|KRW|12150|20160331|1300|
C|005186|2016|50002393790031|001|4300004740|00060|KS061507|1|EA|8260|KRW|8260|20160331|1300|
C|005186|2016|50002393790032|001|4300004740|00070|KS066900|2|EA|1290|KRW|2580|20160331|1300|
C|005186|2016|50002393790033|001|4300004740|00080|KS066904|4|EA|2000|KRW|8000|20160331|1300|
C|005186|2016|50002393790034|001|4300004740|00090|KS066906|3|EA|2970|KRW|8910|20160331|1300|
C|005186|2016|50002393790035|001|4300004740|00100|KS067002|8|EA|1460|KRW|11680|20160331|1300|
C|005186|2016|50002393790036|001|4300004740|00110|KS067003|3|EA|1550|KRW|4650|20160331|1300|
C|005186|2016|50002393790037|001|4300004740|00120|KS067004|2|EA|2000|KRW|4000|20160331|1300|
C|005186|2016|50002393790038|001|4300004740|00130|KS067006|3|EA|3120|KRW|9360|20160331|1300|
C|005186|2016|50002393790039|001|4300004740|00140|KS080705|4|EA|18500|KRW|74000|20160331|1300|
C|005186|2016|50002393790040|001|4300004740|00310|KT020700|10|EA|2680|KRW|26800|20160331|1300|
C|005186|2016|50002393790041|001|4300004740|00320|KT020702|50|EA|470|KRW|23500|20160331|1300|
C|005186|2016|50002393790042|001|4300004740|00330|KT020704|26|EA|610|KRW|15860|20160331|1300|
C|005186|2016|50002393790043|001|4300004740|00340|KT020705|4|EA|1390|KRW|5560|20160331|1300|
C|005186|2016|50002393800001|001|4300004851|00040|CMA0007|50|EA|270|KRW|13500|20160331|1300|
C|005186|2016|50002393800002|001|4300004852|00010|CMA0007|200|EA|270|KRW|54000|20160331|1300|
C|005186|2016|50002393820001|001|4300004767|00030|UADC0032|4|EA|14800|KRW|59200|20160331|1300|
C|005186|2016|50002393820002|001|4300004767|00040|UAEC0015|2|EA|9830|KRW|19660|20160331|1300|
C|005186|2016|50002393820003|001|4300004767|00050|UAEC0114|2|EA|12290|KRW|24580|20160331|1300|
C|005186|2016|50002393820004|001|4300004767|00060|UAEC0038|2|EA|4520|KRW|9040|20160331|1300|
C|005186|2016|50002393820005|001|4300004767|00070|UAEC0037|2|EA|4520|KRW|9040|20160331|1300|
C|005186|2016|50002393820006|001|4300004767|00080|UAEC0079|2|EA|12075|KRW|24150|20160331|1300|
C|005186|2016|50002393820007|001|4300004767|00090|UAEC0224|2|EA|2340|KRW|4680|20160331|1300|
C|005186|2016|50002393820008|001|4300004767|00100|UAEC0245|2|EA|1790|KRW|3580|20160331|1300|
C|005186|2016|50002393820009|001|4300004767|00110|UAEC0245|2|EA|1790|KRW|3580|20160331|1300|
C|005186|2016|50002393820010|001|4300004767|00120|UAEC0246|2|EA|2920|KRW|5840|20160331|1300|
C|005186|2016|50002393820011|001|4300004767|00130|UAEC0247|2|EA|2920|KRW|5840|20160331|1300|
C|005186|2016|50002393820012|001|4300004767|00140|UAEC0249|2|EA|3450|KRW|6900|20160331|1300|
C|005186|2016|50002393820013|001|4300004767|00150|UAEC0250|2|EA|3930|KRW|7860|20160331|1300|
C|005186|2016|50002393820014|001|4300004767|00160|UAEC0338|2|EA|3423|KRW|6846|20160331|1300|
C|005186|2016|50002393820015|001|4300004767|00170|UAEC0307|2|EA|2500|KRW|5000|20160331|1300|
C|005186|2016|50002393820016|001|4300004767|00180|UAEC0056|2|EA|9000|KRW|18000|20160331|1300|
C|005186|2016|50002393820017|001|4300004767|00190|UABC0023|2|EA|17850|KRW|35700|20160331|1300|
C|005186|2016|50002393820018|001|4300004767|00200|UAEC0058|1|EA|12350|KRW|12350|20160331|1300|
C|005186|2016|50002393820019|001|4300004767|00210|UAEC0015|1|EA|9830|KRW|9830|20160331|1300|
C|005186|2016|50002393820020|001|4300004767|00220|UAEC0114|1|EA|12290|KRW|12290|20160331|1300|
C|005186|2016|50002393820021|001|4300004767|00230|UAEC0032|1|EA|14940|KRW|14940|20160331|1300|
C|005186|2016|50002393820022|001|4300004767|00240|UAEC0302|4|EA|10080|KRW|40320|20160331|1300|
C|005186|2016|50002393820023|001|4300004767|00250|UAEC0081|1|EA|11580|KRW|11580|20160331|1300|
C|005186|2016|50002393820024|001|4300004767|00260|UIEC0075|2|EA|7596|KRW|15192|20160331|1300|
C|005186|2016|50002393820025|001|4300004767|00270|UAGC0455|1|EA|128000|KRW|128000|20160331|1300|
C|005186|2016|50002393820026|001|4300004767|00280|UAKC0012|1|EA|9080|KRW|9080|20160331|1300|
C|005186|2016|50002393820027|001|4300004767|00290|UAGC0004|10|EA|1820|KRW|18200|20160331|1300|
C|005186|2016|50002393820028|001|4300004791|00010|UAGC0094|1|EA|80000|KRW|80000|20160331|1300|
C|005186|2016|50002393820029|001|4300004791|00020|UAGC0095|1|EA|80000|KRW|80000|20160331|1300|
C|005186|2016|50002393820030|001|4300004791|00030|UAGC0096|1|EA|80000|KRW|80000|20160331|1300|
C|005186|2016|50002393820031|001|4300004793|00010|UAGC0049|20|EA|2110|KRW|42200|20160331|1300|
C|005186|2016|50002393820032|001|4300004793|00020|UAGC0050|20|EA|2230|KRW|44600|20160331|1300|
C|005186|2016|50002393820033|001|4300004793|00070|UDDC0339|1|EA|51200|KRW|51200|20160331|1300|
C|005186|2016|50002393820034|001|4300004794|00040|UJAC0067|2|EA|5560|KRW|11120|20160331|1300|
C|005186|2016|50002393820035|001|4300004794|00050|UJAC0068|2|EA|6070|KRW|12140|20160331|1300|
C|005186|2016|50002393820036|001|4300004794|00080|UDDC0253|10|EA|3560|KRW|35600|20160331|1300|
C|005186|2016|50002393820037|001|4300004794|00090|UDDC0266|10|EA|8090|KRW|80900|20160331|1300|
C|005186|2016|50002393820038|001|4300004794|00100|UDDC0283|1|EA|22470|KRW|22470|20160331|1300|
C|005186|2016|50002393820039|001|4300004794|00150|UJAC0072|2|EA|12600|KRW|25200|20160331|1300|
C|005186|2016|50002393820040|001|4300004794|00160|UJAC0073|2|EA|13130|KRW|26260|20160331|1300|
C|005186|2016|50002393820041|001|4300004795|00020|UAGC0030|1|EA|19360|KRW|19360|20160331|1300|
C|005186|2016|50002393830001|001|4300004769|00070|UAGC0091|2|EA|8890|KRW|17780|20160331|1300|
C|005186|2016|50002393830002|001|4300004772|00020|UCCC0013|2|EA|401000|KRW|802000|20160331|1300|
C|005186|2016|50002393830003|001|4300004777|00010|UIEC0007|3|EA|7080|KRW|21240|20160331|1300|
C|005186|2016|50002393830004|001|4300004777|00030|UADC0016|2|EA|12180|KRW|24360|20160331|1300|
C|005186|2016|50002393830005|001|4300004797|00020|UGCC0919|2|EA|63600|KRW|127200|20160331|1300|
C|005186|2016|50002393830006|001|4300004797|00040|UCHC0017|1|EA|28420|KRW|28420|20160331|1300|
C|005186|2016|50002393830007|001|4300004816|00010|UADC0088|4|EA|25230|KRW|100920|20160331|1300|
C|005186|2016|50002393830008|001|4300004816|00020|UADC0098|2|EA|87280|KRW|174560|20160331|1300|
C|005186|2016|50002393830009|001|4300004816|00030|UAGC0193|50|EA|3255|KRW|162750|20160331|1300|
C|005186|2016|50002393830010|001|4300004817|00010|UJBC0054|10|EA|10310|KRW|103100|20160331|1300|
C|005186|2016|50002393830011|001|4300004817|00020|UAGC0323|10|EA|14180|KRW|141800|20160331|1300|
C|005186|2016|50002393830012|001|4300004817|00030|UKEC0091|20|EA|1270|KRW|25400|20160331|1300|
C|005186|2016|50002393830013|001|4300004817|00040|UAAC0001|30|EA|1890|KRW|56700|20160331|1300|
C|005186|2016|50002393830014|001|4300004817|00050|UGCC0032|1|EA|36980|KRW|36980|20160331|1300|
C|005186|2016|50002393830015|001|4300004817|00060|UAEC0037|1|EA|4520|KRW|4520|20160331|1300|
C|005186|2016|50002393830016|001|4300004817|00070|UAEC0038|1|EA|4520|KRW|4520|20160331|1300|
C|005186|2016|50002393830017|001|4300004817|00080|UAEC0078|1|EA|10530|KRW|10530|20160331|1300|
C|005186|2016|50002393830018|001|4300004817|00090|UGCC0851|1|EA|178000|KRW|178000|20160331|1300|
C|005186|2016|50002393830019|001|4300004817|00140|UZZC0012|10|EA|7350|KRW|73500|20160331|1300|
C|005186|2016|50002393830020|001|4300004843|00010|UIDC0141|2|EA|232280|KRW|464560|20160331|1300|
C|005186|2016|50002393830021|001|4300004851|00030|CMB0001|40|EA|655|KRW|26200|20160331|1300|
C|005186|2016|50002393830022|001|4300004852|00020|CMA0001|200|EA|240|KRW|48000|20160331|1300|
C|005186|2016|50002393840001|001|4300004769|00040|UGBC1371|10|EA|66000|KRW|660000|20160331|1300|
C|005186|2016|50002393840002|001|4300004769|00050|UGCC0139|5|EA|50400|KRW|252000|20160331|1300|
C|005186|2016|50002393840003|001|4300004794|00140|UGCC0387|2|EA|45200|KRW|90400|20160331|1300|
C|005186|2016|50002393840004|001|4300004796|00020|UGCC0765|1|EA|98300|KRW|98300|20160331|1300|
C|005186|2016|50002393850001|001|4300004793|00080|UJAC0015|100|EA|2100|KRW|210000|20160331|1300|
C|005186|2016|50002393850002|001|4300004793|00090|UDDC0131|10|EA|24360|KRW|243600|20160331|1300|
C|005186|2016|50002393850003|001|4300004794|00020|UDDC0133|10|EA|28245|KRW|282450|20160331|1300|
C|005186|2016|50002393850004|001|4300004794|00030|UDDC0136|10|EA|13545|KRW|135450|20160331|1300|
C|005186|2016|50002393850005|001|4300004794|00110|UDDC0072|1|EA|11550|KRW|11550|20160331|1300|
C|005186|2016|50002393850006|001|4300004795|00040|UAHC0029|5|EA|17900|KRW|89500|20160331|1300|
C|005186|2016|50002393850007|001|4300004795|00050|UDDC0358|2|EA|2530|KRW|5060|20160331|1300|
C|005186|2016|50002393850008|001|4300004795|00060|UAEC0433|1|EA|43400|KRW|43400|20160331|1300|
C|005186|2016|50002393850009|001|4300004796|00010|UKEC0022|40|EA|1530|KRW|61200|20160331|1300|
C|005186|2016|50002393850010|001|4300004816|00040|UKEC0105|20|EA|6840|KRW|136800|20160331|1300|
C|005186|2016|50002393850011|001|4300004816|00050|UKBC0045|50|EA|8430|KRW|421500|20160331|1300|
C|005186|2016|50002393850012|001|4300004816|00060|UKBC0046|50|EA|8430|KRW|421500|20160331|1300|
C|005186|2016|50002393850013|001|4300004816|00090|UADC0108|30|EA|2520|KRW|75600|20160331|1300|
C|005186|2016|50002393850014|001|4300004817|00150|UJAC0039|100|EA|1470|KRW|147000|20160331|1300|
C|005186|2016|50002393860001|001|4300004769|00020|UZZC0029|20|EA|11550|KRW|231000|20160331|1300|
C|005186|2016|50002393860002|001|4300004776|00160|UGCC0244|20|EA|9980|KRW|199600|20160331|1300|
C|005186|2016|50002393860003|001|4300004793|00030|UGBC1344|1|EA|509000|KRW|509000|20160331|1300|
C|005186|2016|50002393860004|001|4300004795|00030|UDBC0261|50|EA|870|KRW|43500|20160331|1300|
C|005186|2016|50002393860005|001|4300004796|00070|UGCC0568|1|EA|29000|KRW|29000|20160331|1300|
C|005186|2016|50002393860006|001|4300004816|00080|UKBC0010|2|EA|91480|KRW|182960|20160331|1300|
C|005186|2016|50002393860007|001|4300004817|00100|UKEC0020|40|EA|1530|KRW|61200|20160331|1300|
C|005186|2016|50002393860008|001|4300004817|00110|UKEC0109|40|EA|1526|KRW|61040|20160331|1300|
C|005186|2016|50002393860009|001|4300004817|00120|UKEC0115|40|EA|1530|KRW|61200|20160331|1300|
C|005186|2016|50002393860010|001|4300004817|00130|UZZC0138|100|EA|2420|KRW|242000|20160331|1300|
C|005186|2016|50002393860011|001|4300004841|00040|UGBC1267|1|EA|60000|KRW|60000|20160331|1300|
C|005186|2016|50002393860012|001|4300004842|00010|UKBC0010|5|EA|91480|KRW|457400|20160331|1300|
C|005186|2016|50002393870001|001|4300004773|00010|UDEC0063|7|EA|255150|KRW|1786050|20160331|1300|
C|005186|2016|50002393870002|001|4300004793|00040|UGBC0666|1|EA|29400|KRW|29400|20160331|1300|
C|005186|2016|50002393870003|001|4300004793|00050|UEBC0160|14|EA|33600|KRW|470400|20160331|1300|
C|005186|2016|50002393870004|001|4300004793|00060|UEBC0314|10|EA|29400|KRW|294000|20160331|1300|
C|005186|2016|50002393870005|001|4300004794|00010|UDBC0692|5|EA|720|KRW|3600|20160331|1300|
C|005186|2016|50002393870006|001|4300004794|00060|UEBC0785|20|EA|1480|KRW|29600|20160331|1300|
C|005186|2016|50002393870007|001|4300004794|00070|UEBC0789|20|EA|2450|KRW|49000|20160331|1300|
C|005186|2016|50002393870008|001|4300004794|00120|UEBC0218|2|EA|505270|KRW|1010540|20160331|1300|
C|005186|2016|50002393870009|001|4300004794|00130|UEBC0649|1|EA|124740|KRW|124740|20160331|1300|
C|005186|2016|50002393870010|001|4300004795|00010|UGAC0096|1|EA|862000|KRW|862000|20160331|1300|
C|005186|2016|50002393870011|001|4300004796|00030|UEBC0182|3|EA|111560|KRW|334680|20160331|1300|
C|005186|2016|50002393870012|001|4300004796|00040|UEBC0409|5|EA|13650|KRW|68250|20160331|1300|
C|005186|2016|50002393870013|001|4300004796|00050|UEBC0870|10|EA|16800|KRW|168000|20160331|1300|
C|005186|2016|50002393870014|001|4300004796|00060|UEBC0871|10|EA|18375|KRW|183750|20160331|1300|
C|005186|2016|50002393870015|001|4300004796|00090|UDBC0460|100|EA|212|KRW|21200|20160331|1300|
C|005186|2016|50002393870016|001|4300004797|00010|UCIC0056|20|EA|5050|KRW|101000|20160331|1300|
C|005186|2016|50002393880001|001|4300004850|00010|UGBC1458|10|EA|36570|KRW|365700|20160331|1300|
C|005186|2016|50002393890001|001|4300004768|00010|UGBC0646|2|EA|493500|KRW|987000|20160331|1300|
C|005186|2016|50002393890002|001|4300004769|00010|UCIC0107|1|EA|336000|KRW|336000|20160331|1300|
C|005186|2016|50002393890003|001|4300004769|00030|UGBC0406|5|EA|40000|KRW|200000|20160331|1300|
C|005186|2016|50002393890004|001|4300004769|00060|UCIC0115|1|EA|168430|KRW|168430|20160331|1300|
C|005186|2016|50002393890005|001|4300004770|00010|UGBC1358|2|EA|885000|KRW|1770000|20160331|1300|
C|005186|2016|50002393890006|001|4300004771|00010|UCIC0048|1|EA|526400|KRW|526400|20160331|1300|
C|005186|2016|50002393890007|001|4300004771|00020|UGBC0557|10|EA|65100|KRW|651000|20160331|1300|
C|005186|2016|50002393890008|001|4300004771|00030|UGBC0556|10|EA|52500|KRW|525000|20160331|1300|
C|005186|2016|50002393890009|001|4300004771|00040|UGBC0532|10|EA|3990|KRW|39900|20160331|1300|
C|005186|2016|50002393890010|001|4300004771|00050|UGBC0702|30|EA|870|KRW|26100|20160331|1300|
C|005186|2016|50002393890011|001|4300004771|00060|UGBC0809|20|EA|4410|KRW|88200|20160331|1300|
C|005186|2016|50002393890012|001|4300004771|00070|UGBC0860|30|EA|1700|KRW|51000|20160331|1300|
C|005186|2016|50002393890013|001|4300004771|00080|UGBC0380|10|EA|2940|KRW|29400|20160331|1300|
C|005186|2016|50002393890014|001|4300004772|00010|UGBC0814|20|EA|8190|KRW|163800|20160331|1300|
C|005186|2016|50002393890015|001|4300004772|00030|UGBC1334|1|EA|126320|KRW|126320|20160331|1300|
C|005186|2016|50002393890016|001|4300004775|00010|UGBC1370|4|EA|429000|KRW|1716000|20160331|1300|
C|005186|2016|50002393890017|001|4300004776|00010|UGBC1370|1|EA|429000|KRW|429000|20160331|1300|
C|005186|2016|50002393890018|001|4300004776|00020|UGBC0568|30|EA|2940|KRW|88200|20160331|1300|
C|005186|2016|50002393890019|001|4300004776|00030|UGBC0243|30|EA|3050|KRW|91500|20160331|1300|
C|005186|2016|50002393890020|001|4300004776|00040|UGBC0245|30|EA|3780|KRW|113400|20160331|1300|
C|005186|2016|50002393890021|001|4300004776|00050|UGBC0575|20|EA|5250|KRW|105000|20160331|1300|
C|005186|2016|50002393890022|001|4300004776|00060|UGBC0564|50|EA|640|KRW|32000|20160331|1300|
C|005186|2016|50002393890023|001|4300004776|00070|UGBC0565|50|EA|430|KRW|21500|20160331|1300|
C|005186|2016|50002393890024|001|4300004776|00080|UGBC0673|50|EA|780|KRW|39000|20160331|1300|
C|005186|2016|50002393890025|001|4300004776|00100|UDAC0311|20|EA|2690|KRW|53800|20160331|1300|
C|005186|2016|50002393890026|001|4300004776|00110|UDAC0312|20|EA|3100|KRW|62000|20160331|1300|
C|005186|2016|50002393890027|001|4300004776|00120|UDAC0313|10|EA|3580|KRW|35800|20160331|1300|
C|005186|2016|50002393890028|001|4300004776|00130|UDAC0314|10|EA|4220|KRW|42200|20160331|1300|
C|005186|2016|50002393890029|001|4300004776|00140|UCIC0031|1|EA|432640|KRW|432640|20160331|1300|
C|005186|2016|50002393890030|001|4300004776|00150|UGBC1357|1|EA|165000|KRW|165000|20160331|1300|
C|005186|2016|50002393890031|001|4300004777|00060|UCIC0088|1|EA|726320|KRW|726320|20160331|1300|
C|005186|2016|50002393890032|001|4300004777|00070|UGBC1225|30|EA|230|KRW|6900|20160331|1300|
C|005186|2016|50002393890033|001|4300004777|00080|UGBC0124|30|EA|315|KRW|9450|20160331|1300|
C|005186|2016|50002393890034|001|4300004777|00090|UGBC0126|20|EA|860|KRW|17200|20160331|1300|
C|005186|2016|50002393890035|001|4300004777|00100|UGBC0127|10|EA|1010|KRW|10100|20160331|1300|
C|005186|2016|50002393890036|001|4300004777|00110|UGBC1028|10|EA|2000|KRW|20000|20160331|1300|
C|005186|2016|50002393890037|001|4300004777|00120|UGBC0168|10|EA|1680|KRW|16800|20160331|1300|
C|005186|2016|50002393890038|001|4300004777|00130|UGBC0193|10|EA|2630|KRW|26300|20160331|1300|
C|005186|2016|50002393890039|001|4300004777|00140|UGBC0194|10|EA|3605|KRW|36050|20160331|1300|
C|005186|2016|50002393890040|001|4300004777|00150|UGBC1101|10|EA|52500|KRW|525000|20160331|1300|
C|005186|2016|50002393890041|001|4300004779|00020|UGBC1074|5|EA|76650|KRW|383250|20160331|1300|
C|005186|2016|50002394000001|001|4300004776|00090|UDAC0328|10|EA|2500|KRW|25000|20160331|1300|
C|005186|2016|50002394000002|001|4300004788|00010|UDAC0310|20|EA|2060|KRW|41200|20160331|1300|
C|005186|2016|50002394000003|001|4300004788|00020|UGBC0165|30|EA|530|KRW|15900|20160331|1300|
C|005186|2016|50002394000004|001|4300004788|00030|UJCC0029|2|EA|101400|KRW|202800|20160331|1300|
C|005186|2016|50002394000005|001|4300004788|00040|UJCC0030|2|EA|101400|KRW|202800|20160331|1300|
C|005186|2016|50002394000006|001|4300004788|00050|UCIC0188|1|EA|635000|KRW|635000|20160331|1300|
C|005186|2016|50002394000007|001|4300004796|00080|UJCC0053|5|EA|42000|KRW|210000|20160331|1300|
C|005186|2016|50002394000008|001|4300004797|00030|UCIC0034|1|EA|619500|KRW|619500|20160331|1300|
C|005186|2016|50002394000009|001|4300004841|00010|UCIC0033|1|EA|840000|KRW|840000|20160331|1300|
C|005186|2016|50002394000010|001|4300004841|00020|UCIC0052|1|EA|947400|KRW|947400|20160331|1300|
C|005186|2016|50002394000011|001|4300004841|00030|UGBC0699|5|EA|5900|KRW|29500|20160331|1300|
C|005186|2016|50002394010001|001|4300004764|00010|UHGC0134|2|EA|756000|KRW|1512000|20160331|1300|
C|005186|2016|50002394010002|001|4300004765|00030|UHGC0134|2|EA|756000|KRW|1512000|20160331|1300|
C|005186|2016|50002394010003|001|4300004774|00020|UHNC0064|1|EA|508500|KRW|508500|20160331|1300|
C|005186|2016|50002394010004|001|4300004777|00050|UHNC0084|1|EA|295740|KRW|295740|20160331|1300|
C|005186|2016|50002394010005|001|4300004778|00030|UHNC0137|2|EA|185000|KRW|370000|20160331|1300|
C|005186|2016|50002394010006|001|4300004782|00030|UHGC0115|5|EA|28320|KRW|141600|20160331|1300|
C|005186|2016|50002394010007|001|4300004840|00010|UHGC0254|1|EA|800000|KRW|800000|20160331|1300|
C|005186|2016|50002394010008|001|4300004848|00010|UHGC0238|3|EA|28950|KRW|86850|20160331|1300|
C|005186|2016|50002394010009|001|4300004848|00030|UHGC0150|10|EA|31600|KRW|316000|20160331|1300|
C|005186|2016|50002394010010|001|4300004848|00050|UHDC0146|200|EA|320|KRW|64000|20160331|1300|
C|005186|2016|50002394010011|001|4300004848|00060|UHTC0443|6|EA|39580|KRW|237480|20160331|1300|
C|005186|2016|50002394010012|001|4300004849|00030|UHTC0440|3|EA|82200|KRW|246600|20160331|1300|
C|005186|2016|50002394010013|001|4300004849|00050|UHGC0027|5|EA|134740|KRW|673700|20160331|1300|
C|005186|2016|50002394020001|001|4300004767|00010|UHDC0108|100|EA|6300|KRW|630000|20160331|1300|
C|005186|2016|50002394020002|001|4300004767|00020|UHDC0109|100|EA|6300|KRW|630000|20160331|1300|
C|005186|2016|50002394020003|001|4300004772|00040|UHGC0024|5|EA|76100|KRW|380500|20160331|1300|
C|005186|2016|50002394020004|001|4300004772|00050|UHGC0193|2|EA|28980|KRW|57960|20160331|1300|
C|005186|2016|50002394020005|001|4300004774|00030|UHHC0094|1|EA|479850|KRW|479850|20160331|1300|
C|005186|2016|50002394020006|001|4300004777|00020|UHGC0124|1|EA|22100|KRW|22100|20160331|1300|
C|005186|2016|50002394020007|001|4300004777|00040|UHFC0336|2|EA|82950|KRW|165900|20160331|1300|
C|005186|2016|50002394020008|001|4300004778|00020|UHGC0107|1|EA|342100|KRW|342100|20160331|1300|
C|005186|2016|50002394020009|001|4300004779|00010|UHHC0078|1|EA|573300|KRW|573300|20160331|1300|
C|005186|2016|50002394020010|001|4300004782|00010|UHGC0053|10|EA|22940|KRW|229400|20160331|1300|
C|005186|2016|50002394020011|001|4300004782|00020|UHGC0048|10|EA|33000|KRW|330000|20160331|1300|
C|005186|2016|50002394020012|001|4300004789|00010|UHNC0117|1|EA|832700|KRW|832700|20160331|1300|
C|005186|2016|50002394020013|001|4300004848|00020|UHGC0050|5|EA|22050|KRW|110250|20160331|1300|
C|005186|2016|50002394020014|001|4300004848|00040|UHTC0403|2|EA|89400|KRW|178800|20160331|1300|
C|005186|2016|50002394020015|001|4300004848|00070|UHBC0008|1|EA|665260|KRW|665260|20160331|1300|
C|005186|2016|50002394020016|001|4300004849|00010|UHTC0153|5|EA|5780|KRW|28900|20160331|1300|
C|005186|2016|50002394020017|001|4300004849|00020|UHTC0154|5|EA|2630|KRW|13150|20160331|1300|
C|005186|2016|50002394020018|001|4300004849|00040|UHDC0021|2|EA|127050|KRW|254100|20160331|1300|
C|005186|2016|50002394020019|001|4300004849|00060|UHFC0288|1|EA|268800|KRW|268800|20160331|1300|
