C|005186|2016|50003106540001|001|4300006529|00040|CMB0001|220|EA|520|KRW|114400|20161223|1300|
C|005186|2016|50003106540002|001|4300006529|00070|CMC0005|1|EA|150|KRW|150|20161223|1300|
C|005186|2016|50003106540003|001|4300006529|00110|CMZ0004|40|EA|220|KRW|8800|20161223|1300|
C|005186|2016|50003106550001|001|4300006527|00010|CMA0001|700|EA|151|KRW|105700|20161223|1300|
C|005186|2016|50003106550002|001|4300006527|00020|CMA0007|500|EA|151|KRW|75500|20161223|1300|
C|005186|2016|50003106550003|001|4300006527|00030|CMA0008|300|EA|470|KRW|141000|20161223|1300|
C|005186|2016|50003106560001|001|4300006527|00050|CMB0001|500|EA|520|KRW|260000|20161223|1300|
C|005186|2016|50003106560002|001|4300006527|00070|CMC0005|300|EA|150|KRW|45000|20161223|1300|
C|005186|2016|50003106560003|001|4300006527|00100|CMZ0001|50|EA|760|KRW|38000|20161223|1300|
C|005186|2016|50003106570001|001|4300006538|00010|CMA0001|400|EA|151|KRW|60400|20161223|1300|
C|005186|2016|50003106570002|001|4300006538|00030|CMA0007|200|EA|151|KRW|30200|20161223|1300|
C|005186|2016|50003106570003|001|4300006538|00040|CMA0008|10|EA|470|KRW|4700|20161223|1300|
C|005186|2016|50003106580001|001|4300006538|00070|CMF0004|4|EA|17000|KRW|68000|20161223|1300|
C|005186|2016|50003106580002|001|4300006538|00110|CMZ0004|20|EA|220|KRW|4400|20161223|1300|
C|005186|2016|50003106590001|001|4300006535|00010|CMA0001|200|EA|151|KRW|30200|20161223|1300|
C|005186|2016|50003106590002|001|4300006535|00020|CMA0007|100|EA|151|KRW|15100|20161223|1300|
C|005186|2016|50003106700001|001|4300006535|00030|CMB0001|60|EA|520|KRW|31200|20161223|1300|
C|005186|2016|50003106710001|001|4300006542|00010|CMA0001|60|EA|151|KRW|9060|20161223|1300|
C|005186|2016|50003106710002|001|4300006542|00020|CMA0007|200|EA|151|KRW|30200|20161223|1300|
C|005186|2016|50003106720001|001|4300006542|00030|CMB0001|20|EA|520|KRW|10400|20161223|1300|
C|005186|2016|50003106720002|001|4300006542|00050|CMZ0032|2|EA|1300|KRW|2600|20161223|1300|
C|005186|2016|50003106720003|001|4300006542|00060|CMF0002|1|EA|860|KRW|860|20161223|1300|
C|005186|2016|50003106720004|001|4300006542|00070|CMF0003|2|EA|2020|KRW|4040|20161223|1300|
C|005186|2016|50003106730001|001|4300006536|00020|CMA0028|10|EA|7350|KRW|73500|20161223|1300|
C|005186|2016|50003106730002|001|4300006536|00030|CMZ0032|10|EA|1300|KRW|13000|20161223|1300|
C|005186|2016|50003106730003|001|4300006536|00090|CMB0001|200|EA|520|KRW|104000|20161223|1300|
C|005186|2016|50003106740001|001|4300006536|00050|CMA0007|200|EA|151|KRW|30200|20161223|1300|
C|005186|2016|50003106740002|001|4300006536|00060|CMA0001|200|EA|151|KRW|30200|20161223|1300|
C|005186|2016|50003106740003|001|4300006536|00070|CMB0002|200|EA|2100|KRW|420000|20161223|1300|
C|005186|2016|50003106740004|001|4300006536|00080|CMB0003|200|EA|2200|KRW|440000|20161223|1300|
C|005186|2016|50003106750001|001|4300006550|00010|CMA0001|600|EA|151|KRW|90600|20161223|1300|
C|005186|2016|50003106750002|001|4300006550|00020|CMA0007|50|EA|151|KRW|7550|20161223|1300|
C|005186|2016|50003106750003|001|4300006550|00050|CME0013|2|EA|11880|KRW|23760|20161223|1300|
