C|005186|2021|50006130100001|001|4300019141|00040|KS061504|4|EA|4050|KRW|16200|20210115|1300|
C|005186|2021|50006130100002|001|4300019141|00050|KS067007|2|EA|4100|KRW|8200|20210115|1300|
C|005186|2021|50006130100003|001|4300019141|00060|KS080705|2|EA|18500|KRW|37000|20210115|1300|
C|005186|2021|50006130100004|001|4300019141|00070|KS080711|6|EA|32300|KRW|193800|20210115|1300|
C|005186|2021|50006130100005|001|4300019141|00080|KS990007|5|EA|51450|KRW|257250|20210115|1300|
C|005186|2021|50006130100006|001|4300019170|00010|UEBC1415|1|EA|1900000|KRW|1900000|20210115|1300|
C|005186|2021|50006130100007|001|4300019171|00010|UEBC1415|1|EA|1900000|KRW|1900000|20210115|1300|
C|005186|2021|50006130100008|001|4300019172|00010|UEBC1700|30|EA|52500|KRW|1575000|20210115|1300|
C|005186|2021|50006130100009|001|4300019173|00010|UEBC1700|30|EA|52500|KRW|1575000|20210115|1300|
C|005186|2021|50006130100010|001|4300019174|00010|UEBC1700|30|EA|52500|KRW|1575000|20210115|1300|
C|005186|2021|50006130100011|001|4300019175|00010|UEBC1700|30|EA|52500|KRW|1575000|20210115|1300|
