C|005186|2018|50004341590001|001|4300010857|00010|UHNC0062|1|EA|1501500|KRW|1501500|20180727|1300|
C|005186|2018|50004341590002|001|4300010857|00020|UHNC0080|1|EA|286320|KRW|286320|20180727|1300|
C|005186|2018|50004341590003|001|4300010857|00030|UHNC0093|1|EA|154000|KRW|154000|20180727|1300|
C|005186|2018|50004341590004|001|4300010858|00010|UHFC0443|1|EA|1390000|KRW|1390000|20180727|1300|
C|005186|2018|50004341590005|001|4300010858|00020|UHNC0080|1|EA|286320|KRW|286320|20180727|1300|
C|005186|2018|50004341590006|001|4300010858|00030|UHNC0082|1|EA|285600|KRW|285600|20180727|1300|
C|005186|2018|50004341590007|001|4300010927|00040|UEBC1516|1|EA|153300|KRW|153300|20180727|1300|
C|005186|2018|50004341590008|001|4300010937|00070|UICC0060|5|EA|11600|KRW|58000|20180727|1300|
C|005186|2018|50004341590009|001|4300010940|00040|UEBC0480|5|EA|3000|KRW|15000|20180727|1300|
C|005186|2018|50004341590010|001|4300010940|00050|UEBC0481|5|EA|15250|KRW|15250|20180727|1300|
C|005186|2018|50004341590011|001|4300010941|00060|UDBC0008|100|EA|871500|KRW|871500|20180727|1300|
C|005186|2018|50004341590012|001|4300010966|00010|UEBC1386|1|EA|1240000|KRW|1240000|20180727|1300|
C|005186|2018|50004341600001|001|4300010872|00010|UICC0031|1|EA|14210|KRW|14210|20180727|1300|
C|005186|2018|50004341600002|001|4300010933|00040|UEBC1504|4|EA|6000|KRW|12000|20180727|1300|
C|005186|2018|50004341600003|001|4300010973|00010|UZZC0029|20|EA|231000|KRW|231000|20180727|1300|
C|005186|2018|50004341600004|001|4300010973|00020|UCAC0048|1|EA|20210|KRW|20210|20180727|1300|
