C|005186|2015|50001626170001|001|4300002939|00110|CMF0006|1|EA|11970|KRW|11970|20150626|1300|
C|005186|2015|50001626170002|001|4300002939|00120|CMF0009|2|EA|5700|KRW|11400|20150626|1300|
C|005186|2015|50001626170003|001|4300002939|00130|CMF0021|2|EA|5400|KRW|10800|20150626|1300|
C|005186|2015|50001626170004|001|4300002939|00140|CMH0007|3|EA|11700|KRW|35100|20150626|1300|
C|005186|2015|50001626170005|001|4300002940|00050|CMA0017|5|EA|780|KRW|3900|20150626|1300|
C|005186|2015|50001626170006|001|4300002940|00120|CMF0004|2|EA|22050|KRW|44100|20150626|1300|
C|005186|2015|50001626170007|001|4300002940|00140|CMF0006|20|EA|11970|KRW|239400|20150626|1300|
C|005186|2015|50001626170008|001|4300002940|00150|CMF0009|2|EA|5700|KRW|11400|20150626|1300|
C|005186|2015|50001626170009|001|4300002940|00190|CMZ0014|1|EA|23300|KRW|23300|20150626|1300|
C|005186|2015|50001626170010|001|4300002940|00200|CMZ0032|2|EA|1970|KRW|3940|20150626|1300|
C|005186|2015|50001626170011|001|4300002941|00050|CMA0017|20|EA|780|KRW|15600|20150626|1300|
C|005186|2015|50001626170012|001|4300002941|00130|CMF0021|5|EA|5400|KRW|27000|20150626|1300|
C|005186|2015|50001626170013|001|4300002941|00150|CMH0004|10|EA|760|KRW|7600|20150626|1300|
C|005186|2015|50001626170014|001|4300002941|00190|CMZ0032|5|EA|1970|KRW|9850|20150626|1300|
C|005186|2015|50001626170015|001|4300002942|00020|CMA0003|3|EA|950|KRW|2850|20150626|1300|
C|005186|2015|50001626170016|001|4300002942|00100|CMH0004|10|EA|760|KRW|7600|20150626|1300|
C|005186|2015|50001626170017|001|4300002942|00110|CMZ0007|10|EA|330|KRW|3300|20150626|1300|
C|005186|2015|50001626170018|001|4300002942|00120|CMZ0008|3|EA|578|KRW|1734|20150626|1300|
C|005186|2015|50001626170019|001|4300002942|00130|CMZ0009|3|EA|740|KRW|2220|20150626|1300|
C|005186|2015|50001626170020|001|4300002942|00140|CMZ0014|2|EA|23300|KRW|46600|20150626|1300|
C|005186|2015|50001626170021|001|4300002942|00150|CMZ0032|5|EA|1970|KRW|9850|20150626|1300|
C|005186|2015|50001626170022|001|4300002943|00030|CMA0017|20|EA|780|KRW|15600|20150626|1300|
C|005186|2015|50001626170023|001|4300002943|00080|CMF0004|3|EA|22050|KRW|66150|20150626|1300|
C|005186|2015|50001626170024|001|4300002943|00100|CMF0007|10|EA|1780|KRW|17800|20150626|1300|
C|005186|2015|50001626170025|001|4300002943|00110|CMF0013|10|EA|760|KRW|7600|20150626|1300|
C|005186|2015|50001626170026|001|4300002943|00120|CMZ0032|6|EA|1970|KRW|11820|20150626|1300|
C|005186|2015|50001626170027|001|4300002944|00060|CMF0004|1|EA|22050|KRW|22050|20150626|1300|
C|005186|2015|50001626170028|001|4300002944|00080|CMH0007|1|EA|11700|KRW|11700|20150626|1300|
C|005186|2015|50001626170029|001|4300002944|00100|CMZ0014|1|EA|23300|KRW|23300|20150626|1300|
C|005186|2015|50001626170030|001|4300002946|00050|CMA0017|200|EA|780|KRW|156000|20150626|1300|
C|005186|2015|50001626170031|001|4300002946|00110|CMF0001|10|EA|1680|KRW|16800|20150626|1300|
C|005186|2015|50001626170032|001|4300002946|00120|CMF0004|6|EA|22050|KRW|132300|20150626|1300|
C|005186|2015|50001626170033|001|4300002946|00140|CMF0009|10|EA|5700|KRW|57000|20150626|1300|
C|005186|2015|50001626170034|001|4300002946|00150|CMF0020|10|EA|700|KRW|7000|20150626|1300|
C|005186|2015|50001626170035|001|4300002946|00160|CMF0021|10|EA|5400|KRW|54000|20150626|1300|
C|005186|2015|50001626170036|001|4300002946|00170|CMH0007|5|EA|11700|KRW|58500|20150626|1300|
C|005186|2015|50001626170037|001|4300002946|00210|CMZ0014|3|EA|23300|KRW|69900|20150626|1300|
C|005186|2015|50001626170038|001|4300002946|00220|CMZ0032|10|EA|1970|KRW|19700|20150626|1300|
C|005186|2015|50001626170039|001|4300002947|00090|CMH0007|3|EA|11700|KRW|35100|20150626|1300|
C|005186|2015|50001626170040|001|4300002947|00130|CMZ0014|2|EA|23300|KRW|46600|20150626|1300|
C|005186|2015|50001626180001|001|4300002948|00060|CMA0017|10|EA|780|KRW|7800|20150626|1300|
C|005186|2015|50001626180002|001|4300002948|00110|CMF0004|1|EA|22050|KRW|22050|20150626|1300|
C|005186|2015|50001626180003|001|4300002948|00120|CMF0021|10|EA|5400|KRW|54000|20150626|1300|
C|005186|2015|50001626180004|001|4300002948|00130|CMH0007|4|EA|11700|KRW|46800|20150626|1300|
C|005186|2015|50001626180005|001|4300002981|00030|CMH0004|50|EA|760|KRW|38000|20150626|1300|
C|005186|2015|50001626180006|001|4300002982|00070|CMA0017|5|EA|780|KRW|3900|20150626|1300|
C|005186|2015|50001626180007|001|4300002982|00090|CMH0007|2|EA|11700|KRW|23400|20150626|1300|
C|005186|2015|50001626180008|001|4300002983|00040|CMZ0014|1|EA|23300|KRW|23300|20150626|1300|
C|005186|2015|50001626180009|001|4300002983|00060|CMZ0007|10|EA|330|KRW|3300|20150626|1300|
C|005186|2015|50001626180010|001|4300002983|00070|CMA0002|1|EA|1530|KRW|1530|20150626|1300|
C|005186|2015|50001626180011|001|4300002984|00010|CMZ0009|20|EA|740|KRW|14800|20150626|1300|
C|005186|2015|50001626180012|001|4300002984|00170|CMF0007|5|EA|1780|KRW|8900|20150626|1300|
C|005186|2015|50001626180013|001|4300002984|00180|CMF0008|5|EA|1785|KRW|8925|20150626|1300|
