C|005186|2017|50003724060001|001|4300008499|00110|UKDC0001|4|EA|38420|KRW|153680|20170929|1300|
C|005186|2017|50003724060002|001|4300008500|00040|UJAC0067|2|EA|5560|KRW|11120|20170929|1300|
C|005186|2017|50003724060003|001|4300008500|00050|UJAC0068|2|EA|6070|KRW|12140|20170929|1300|
C|005186|2017|50003724060004|001|4300008514|00010|UAEC0249|20|EA|3450|KRW|69000|20170929|1300|
C|005186|2017|50003724060005|001|4300008514|00030|UAGC0252|3|EA|67060|KRW|201180|20170929|1300|
C|005186|2017|50003724060006|001|4300008514|00040|UAGC0379|3|EA|35700|KRW|107100|20170929|1300|
C|005186|2017|50003724060007|001|4300008514|00050|UDBC0593|2000|EA|70|KRW|140000|20170929|1300|
C|005186|2017|50003724060008|001|4300008514|00060|UEBC1102|4|EA|176850|KRW|707400|20170929|1300|
C|005186|2017|50003724060009|001|4300008514|00070|UKEC0024|10|EA|1520|KRW|15200|20170929|1300|
C|005186|2017|50003724060010|001|4300008514|00080|UKEC0013|40|EA|1530|KRW|61200|20170929|1300|
C|005186|2017|50003724060011|001|4300008515|00010|UKEC0091|20|EA|1270|KRW|25400|20170929|1300|
C|005186|2017|50003724060012|001|4300008515|00020|UKGC0008|7|EA|2940|KRW|20580|20170929|1300|
C|005186|2017|50003724060013|001|4300008515|00040|UFGC0034|2|EA|19690|KRW|39380|20170929|1300|
C|005186|2017|50003724060014|001|4300008515|00050|UFDC0003|10|EA|15280|KRW|152800|20170929|1300|
C|005186|2017|50003724060015|001|4300008515|00060|UEBC0473|5|EA|11510|KRW|57550|20170929|1300|
C|005186|2017|50003724060016|001|4300008515|00070|UEBC1179|5|EA|12700|KRW|63500|20170929|1300|
C|005186|2017|50003724060017|001|4300008515|00080|UJBC0050|30|EA|3670|KRW|110100|20170929|1300|
C|005186|2017|50003724060018|001|4300008515|00090|UFKC0126|10|EA|17100|KRW|171000|20170929|1300|
C|005186|2017|50003724060019|001|4300008515|00100|UFKC0127|10|EA|22310|KRW|223100|20170929|1300|
C|005186|2017|50003724060020|001|4300008515|00110|UCIC0016|1|EA|37470|KRW|37470|20170929|1300|
C|005186|2017|50003724060021|001|4300008515|00120|UAGC0030|3|EA|19360|KRW|58080|20170929|1300|
C|005186|2017|50003724060022|001|4300008518|00010|UDAC0349|20|EA|8500|KRW|170000|20170929|1300|
C|005186|2017|50003724060023|001|4300008518|00030|UCKC0123|2|EA|29400|KRW|58800|20170929|1300|
C|005186|2017|50003724060024|001|4300008518|00040|UEBC1329|5|EA|134620|KRW|673100|20170929|1300|
C|005186|2017|50003724060025|001|4300008518|00050|UGCC1133|1|EA|84000|KRW|84000|20170929|1300|
C|005186|2017|50003724060026|001|4300008518|00060|UGBC1553|5|EA|22100|KRW|110500|20170929|1300|
C|005186|2017|50003724060027|001|4300008518|00070|UKCC0004|10|EA|8720|KRW|87200|20170929|1300|
C|005186|2017|50003724060028|001|4300008518|00080|UAIC0042|1|EA|33600|KRW|33600|20170929|1300|
C|005186|2017|50003724060029|001|4300008518|00090|UEBC1340|2|EA|222600|KRW|445200|20170929|1300|
C|005186|2017|50003724060030|001|4300008519|00010|UCKC0126|100|EA|12200|KRW|1220000|20170929|1300|
C|005186|2017|50003724060031|001|4300008519|00020|UAEC0458|6|EA|19950|KRW|119700|20170929|1300|
C|005186|2017|50003724060032|001|4300008519|00030|UHTC0807|4|EA|26250|KRW|105000|20170929|1300|
C|005186|2017|50003724070001|001|4300008497|00010|KE110100|10|EA|124000|KRW|1240000|20170929|1300|
C|005186|2017|50003724070002|001|4300008514|00020|UCKC0035|15|EA|44520|KRW|667800|20170929|1300|
C|005186|2017|50003724070003|001|4300008515|00030|UHTC0500|3|EA|293500|KRW|880500|20170929|1300|
C|005186|2017|50003724070004|001|4300008518|00020|UDFC0187|1|EA|68510|KRW|68510|20170929|1300|
C|005186|2017|50003724070005|001|4300008534|00010|UHAC0008|2|EA|893030|KRW|1786060|20170929|1300|
C|005186|2017|50003724070006|001|4300008534|00020|UHFC0233|5|EA|11660|KRW|58300|20170929|1300|
C|005186|2017|50003724070007|001|4300008534|00030|UHFC0234|3|EA|12075|KRW|36225|20170929|1300|
C|005186|2017|50003724070008|001|4300008534|00040|UHFC0235|3|EA|12800|KRW|38400|20170929|1300|
C|005186|2017|50003724080001|001|4300008543|00010|CMF0009|5|EA|4950|KRW|24750|20170929|1300|
C|005186|2017|50003724080002|001|4300008545|00020|CMB0010|100|EA|1280|KRW|128000|20170929|1300|
C|005186|2017|50003724080003|001|4300008546|00040|CME0001|10|EA|3300|KRW|33000|20170929|1300|
C|005186|2017|50003724080004|001|4300008546|00050|CME0010|40|EA|240|KRW|9600|20170929|1300|
C|005186|2017|50003724080005|001|4300008547|00040|CME0010|100|EA|240|KRW|24000|20170929|1300|
C|005186|2017|50003724080006|001|4300008547|00070|CMH0007|1|EA|11600|KRW|11600|20170929|1300|
C|005186|2017|50003724080007|001|4300008547|00080|CME0001|20|EA|3300|KRW|66000|20170929|1300|
C|005186|2017|50003724080008|001|4300008548|00040|CMB0010|80|EA|1280|KRW|102400|20170929|1300|
C|005186|2017|50003724080009|001|4300008548|00070|CMH0007|1|EA|11600|KRW|11600|20170929|1300|
C|005186|2017|50003724080010|001|4300008550|00030|CMA0016|150|EA|2140|KRW|321000|20170929|1300|
C|005186|2017|50003724080011|001|4300008550|00070|CME0001|50|EA|3300|KRW|165000|20170929|1300|
C|005186|2017|50003724080012|001|4300008550|00080|CMH0007|2|EA|11600|KRW|23200|20170929|1300|
C|005186|2017|50003724080013|001|4300008551|00040|CMB0010|60|EA|1280|KRW|76800|20170929|1300|
C|005186|2017|50003724080014|001|4300008551|00100|CME0010|100|EA|240|KRW|24000|20170929|1300|
C|005186|2017|50003724080015|001|4300008551|00160|CMH0007|2|EA|11600|KRW|23200|20170929|1300|
C|005186|2017|50003724080016|001|4300008552|00030|CMA0016|20|EA|2140|KRW|42800|20170929|1300|
C|005186|2017|50003724080017|001|4300008552|00070|CME0001|13|EA|3300|KRW|42900|20170929|1300|
C|005186|2017|50003724080018|001|4300008552|00080|CMF0001|2|EA|1950|KRW|3900|20170929|1300|
C|005186|2017|50003724080019|001|4300008552|00100|CMF0006|1|EA|9500|KRW|9500|20170929|1300|
C|005186|2017|50003724080020|001|4300008552|00110|CMF0020|2|EA|650|KRW|1300|20170929|1300|
C|005186|2017|50003724080021|001|4300008552|00120|CMF0021|2|EA|3100|KRW|6200|20170929|1300|
C|005186|2017|50003724080022|001|4300008552|00130|CMH0007|2|EA|11600|KRW|23200|20170929|1300|
C|005186|2017|50003724080023|001|4300008553|00060|CMB0010|150|EA|1280|KRW|192000|20170929|1300|
C|005186|2017|50003724080024|001|4300008553|00070|CME0010|50|EA|240|KRW|12000|20170929|1300|
C|005186|2017|50003724080025|001|4300008553|00080|CMF0001|5|EA|1950|KRW|9750|20170929|1300|
C|005186|2017|50003724080026|001|4300008553|00110|CMF0013|10|EA|940|KRW|9400|20170929|1300|
C|005186|2017|50003724080027|001|4300008553|00130|CMF0020|10|EA|650|KRW|6500|20170929|1300|
C|005186|2017|50003724080028|001|4300008553|00170|CMZ0014|2|EA|19000|KRW|38000|20170929|1300|
C|005186|2017|50003724080029|001|4300008554|00040|CMB0010|240|EA|1280|KRW|307200|20170929|1300|
C|005186|2017|50003724080030|001|4300008554|00070|CME0010|60|EA|240|KRW|14400|20170929|1300|
C|005186|2017|50003724080031|001|4300008554|00100|CMF0013|10|EA|940|KRW|9400|20170929|1300|
C|005186|2017|50003724080032|001|4300008556|00040|CMA0016|150|EA|2140|KRW|321000|20170929|1300|
C|005186|2017|50003724080033|001|4300008556|00050|CMB0010|500|EA|1280|KRW|640000|20170929|1300|
C|005186|2017|50003724080034|001|4300008556|00110|CME0010|200|EA|240|KRW|48000|20170929|1300|
C|005186|2017|50003724080035|001|4300008556|00140|CMH0007|20|EA|11600|KRW|232000|20170929|1300|
C|005186|2017|50003724080036|001|4300008558|00030|CMA0016|60|EA|2140|KRW|128400|20170929|1300|
C|005186|2017|50003724080037|001|4300008558|00060|CMB0010|40|EA|1280|KRW|51200|20170929|1300|
C|005186|2017|50003724080038|001|4300008558|00110|CMH0007|2|EA|11600|KRW|23200|20170929|1300|
C|005186|2017|50003724080039|001|4300008560|00070|CMF0006|20|EA|9500|KRW|190000|20170929|1300|
C|005186|2017|50003724080040|001|4300008560|00080|CMF0013|5|EA|940|KRW|4700|20170929|1300|
C|005186|2017|50003724080041|001|4300008560|00100|CMZ0014|2|EA|19000|KRW|38000|20170929|1300|
C|005186|2017|50003724080042|001|4300008560|00110|CMA0016|150|EA|2140|KRW|321000|20170929|1300|
C|005186|2017|50003724080043|001|4300008560|00120|CMB0010|220|EA|1280|KRW|281600|20170929|1300|
C|005186|2017|50003724080044|001|4300008560|00130|CMH0007|5|EA|11600|KRW|58000|20170929|1300|
C|005186|2017|50003724080045|001|4300008561|00040|CMA0016|300|EA|2140|KRW|642000|20170929|1300|
C|005186|2017|50003724080046|001|4300008561|00060|CMB0010|200|EA|1280|KRW|256000|20170929|1300|
C|005186|2017|50003724080047|001|4300008561|00090|CME0006|10|EA|3080|KRW|30800|20170929|1300|
C|005186|2017|50003724080048|001|4300008561|00100|CME0010|300|EA|240|KRW|72000|20170929|1300|
C|005186|2017|50003724080049|001|4300008562|00030|CMA0005|30|EA|2000|KRW|60000|20170929|1300|
C|005186|2017|50003724080050|001|4300008562|00060|CMA0016|30|EA|2140|KRW|64200|20170929|1300|
C|005186|2017|50003724080051|001|4300008562|00120|CMF0001|1|EA|1950|KRW|1950|20170929|1300|
C|005186|2017|50003724080052|001|4300008562|00150|CMF0020|1|EA|650|KRW|650|20170929|1300|
C|005186|2017|50003724080053|001|4300008562|00160|CMF0021|2|EA|3100|KRW|6200|20170929|1300|
C|005186|2017|50003724080054|001|4300008562|00170|CMH0007|2|EA|11600|KRW|23200|20170929|1300|
C|005186|2017|50003724080055|001|4300008562|00190|CMZ0006|5|EA|1170|KRW|5850|20170929|1300|
