C|005186|2013|50000144050001|001|4300000280|00010|CMA0001|400|EA|240|KRW|96000|20130628|1300|
C|005186|2013|50000144050002|001|4300000280|00020|CMA0007|200|EA|270|KRW|54000|20130628|1300|
C|005186|2013|50000144050003|001|4300000280|00030|CMA0008|100|EA|690|KRW|69000|20130628|1300|
C|005186|2013|50000144050004|001|4300000280|00040|CMA0016|100|EA|2840|KRW|284000|20130628|1300|
C|005186|2013|50000144050005|001|4300000280|00050|CMA0017|10|EA|780|KRW|7800|20130628|1300|
C|005186|2013|50000144050006|001|4300000280|00060|CMB0001|200|EA|655|KRW|131000|20130628|1300|
C|005186|2013|50000144050007|001|4300000285|00010|CMA0001|200|EA|240|KRW|48000|20130628|1300|
C|005186|2013|50000144050008|001|4300000285|00020|CMA0007|250|EA|270|KRW|67500|20130628|1300|
C|005186|2013|50000144050009|001|4300000285|00030|CMA0008|20|EA|690|KRW|13800|20130628|1300|
C|005186|2013|50000144050010|001|4300000285|00040|CMA0016|20|EA|2840|KRW|56800|20130628|1300|
C|005186|2013|50000144050011|001|4300000285|00050|CMB0001|100|EA|655|KRW|65500|20130628|1300|
C|005186|2013|50000144050012|001|4300000285|00060|CMB0010|20|EA|1100|KRW|22000|20130628|1300|
C|005186|2013|50000144050013|001|4300000285|00070|CMC0005|10|EA|190|KRW|1900|20130628|1300|
C|005186|2013|50000144050014|001|4300000285|00090|CME0001|12|EA|4910|KRW|58920|20130628|1300|
C|005186|2013|50000144050015|001|4300000285|00100|CME0002|10|EA|2300|KRW|23000|20130628|1300|
C|005186|2013|50000144050016|001|4300000285|00120|CMF0006|1|EA|11970|KRW|11970|20130628|1300|
C|005186|2013|50000144050017|001|4300000285|00130|CMF0009|2|EA|5700|KRW|11400|20130628|1300|
C|005186|2013|50000144050018|001|4300000285|00140|CMF0021|2|EA|5400|KRW|10800|20130628|1300|
C|005186|2013|50000144050019|001|4300000285|00150|CMH0007|3|EA|11700|KRW|35100|20130628|1300|
C|005186|2013|50000144050020|001|4300000285|00160|CMZ0002|20|EA|430|KRW|8600|20130628|1300|
C|005186|2013|50000144050021|001|4300000285|00170|CMZ0004|10|EA|380|KRW|3800|20130628|1300|
C|005186|2013|50000144050022|001|4300000285|00180|CMZ0005|10|EA|750|KRW|7500|20130628|1300|
C|005186|2013|50000144060001|001|4300000281|00010|CMA0001|130|EA|240|KRW|31200|20130628|1300|
C|005186|2013|50000144060002|001|4300000281|00020|CMA0002|10|EA|1530|KRW|15300|20130628|1300|
C|005186|2013|50000144060003|001|4300000281|00030|CMA0007|130|EA|270|KRW|35100|20130628|1300|
C|005186|2013|50000144060004|001|4300000281|00040|CMA0008|30|EA|690|KRW|20700|20130628|1300|
C|005186|2013|50000144060005|001|4300000281|00050|CMA0016|10|EA|2840|KRW|28400|20130628|1300|
C|005186|2013|50000144060006|001|4300000281|00060|CMA0017|10|EA|780|KRW|7800|20130628|1300|
C|005186|2013|50000144060007|001|4300000281|00070|CME0001|12|EA|4910|KRW|58920|20130628|1300|
C|005186|2013|50000144060008|001|4300000281|00080|CMF0006|20|EA|11970|KRW|239400|20130628|1300|
C|005186|2013|50000144060009|001|4300000281|00090|CMZ0002|20|EA|430|KRW|8600|20130628|1300|
C|005186|2013|50000144060010|001|4300000281|00100|CMZ0014|1|EA|23300|KRW|23300|20130628|1300|
C|005186|2013|50000144060011|001|4300000282|00010|CMA0001|500|EA|240|KRW|120000|20130628|1300|
C|005186|2013|50000144060012|001|4300000282|00020|CMA0005|20|EA|2470|KRW|49400|20130628|1300|
C|005186|2013|50000144060013|001|4300000282|00030|CMA0006|2|EA|2270|KRW|4540|20130628|1300|
C|005186|2013|50000144060014|001|4300000282|00040|CMA0007|200|EA|270|KRW|54000|20130628|1300|
C|005186|2013|50000144060015|001|4300000282|00050|CMA0008|250|EA|690|KRW|172500|20130628|1300|
C|005186|2013|50000144060016|001|4300000282|00060|CMA0009|20|EA|2120|KRW|42400|20130628|1300|
C|005186|2013|50000144060017|001|4300000282|00070|CMA0017|20|EA|780|KRW|15600|20130628|1300|
C|005186|2013|50000144060018|001|4300000282|00080|CMB0001|100|EA|655|KRW|65500|20130628|1300|
C|005186|2013|50000144060019|001|4300000282|00090|CMB0003|100|EA|2420|KRW|242000|20130628|1300|
C|005186|2013|50000144060020|001|4300000282|00100|CMB0010|100|EA|1100|KRW|110000|20130628|1300|
C|005186|2013|50000144060021|001|4300000282|00110|CMC0005|100|EA|190|KRW|19000|20130628|1300|
C|005186|2013|50000144060022|001|4300000282|00120|CMD0011|2|EA|24150|KRW|48300|20130628|1300|
C|005186|2013|50000144060023|001|4300000282|00140|CME0002|20|EA|2300|KRW|46000|20130628|1300|
C|005186|2013|50000144060024|001|4300000282|00150|CME0010|50|EA|285|KRW|14250|20130628|1300|
C|005186|2013|50000144060025|001|4300000282|00160|CMF0001|5|EA|1680|KRW|8400|20130628|1300|
C|005186|2013|50000144060026|001|4300000282|00170|CMF0002|5|EA|1100|KRW|5500|20130628|1300|
C|005186|2013|50000144060027|001|4300000282|00180|CMF0003|5|EA|1820|KRW|9100|20130628|1300|
C|005186|2013|50000144060028|001|4300000282|00190|CMF0004|1|EA|22050|KRW|22050|20130628|1300|
C|005186|2013|50000144060029|001|4300000282|00210|CMF0006|5|EA|11970|KRW|59850|20130628|1300|
C|005186|2013|50000144060030|001|4300000282|00220|CMF0007|2|EA|1780|KRW|3560|20130628|1300|
C|005186|2013|50000144060031|001|4300000282|00230|CMF0008|2|EA|1785|KRW|3570|20130628|1300|
C|005186|2013|50000144060032|001|4300000282|00240|CMF0013|10|EA|760|KRW|7600|20130628|1300|
C|005186|2013|50000144060033|001|4300000282|00250|CMF0014|5|EA|630|KRW|3150|20130628|1300|
C|005186|2013|50000144060034|001|4300000282|00260|CMZ0002|20|EA|430|KRW|8600|20130628|1300|
C|005186|2013|50000144060035|001|4300000282|00270|CMZ0004|30|EA|380|KRW|11400|20130628|1300|
C|005186|2013|50000144060036|001|4300000282|00280|CMZ0014|1|EA|23300|KRW|23300|20130628|1300|
C|005186|2013|50000144060037|001|4300000282|00290|CMZ0015|1|EA|15500|KRW|15500|20130628|1300|
C|005186|2013|50000144070001|001|4300000278|00100|CMD0011|2|EA|24150|KRW|48300|20130628|1300|
C|005186|2013|50000144070002|001|4300000279|00100|CMD0011|16|EA|24150|KRW|386400|20130628|1300|
C|005186|2013|50000144070003|001|4300000284|00070|CMD0011|20|EA|24150|KRW|483000|20130628|1300|
C|005186|2013|50000144070004|001|4300000285|00080|CMD0011|12|EA|24150|KRW|289800|20130628|1300|
