C|005186|2015|50001515110001|001|4300002665|00020|UCIC0156|2|EA|283500|KRW|567000|20150515|1300|
C|005186|2015|50001515120001|001|4300002667|00010|UHTC0512|1|EA|442120|KRW|442120|20150515|1300|
C|005186|2015|50001515130001|001|4300002714|00070|UGCC0287|20|EA|483|KRW|9660|20150515|1300|
C|005186|2015|50001515130002|001|4300002714|00080|UGCC0288|20|EA|378|KRW|7560|20150515|1300|
C|005186|2015|50001515130003|001|4300002714|00130|UGCC0304|1|EA|127050|KRW|127050|20150515|1300|
C|005186|2015|50001515130004|001|4300002714|00140|UGCC0765|1|EA|98300|KRW|98300|20150515|1300|
C|005186|2015|50001515130005|001|4300002715|00070|UGCC0484|1|EA|173680|KRW|173680|20150515|1300|
C|005186|2015|50001515140001|001|4300002711|00030|UEBC0731|1|EA|19110|KRW|19110|20150515|1300|
C|005186|2015|50001515140002|001|4300002711|00050|UEBC0121|10|EA|2820|KRW|28200|20150515|1300|
C|005186|2015|50001515140003|001|4300002711|00060|UDBC0263|10|EA|2310|KRW|23100|20150515|1300|
C|005186|2015|50001515140004|001|4300002711|00070|UEBC0824|8|EA|19080|KRW|152640|20150515|1300|
C|005186|2015|50001515140005|001|4300002714|00110|UEBC0551|3|EA|48300|KRW|144900|20150515|1300|
C|005186|2015|50001515140006|001|4300002714|00120|UEBC0016|4|EA|25240|KRW|100960|20150515|1300|
C|005186|2015|50001515140007|001|4300002715|00020|UEBC0687|1|EA|128100|KRW|128100|20150515|1300|
C|005186|2015|50001515150001|001|4300002711|00020|UEBC0965|3|EA|23100|KRW|69300|20150515|1300|
C|005186|2015|50001515150002|001|4300002711|00040|UDDC0140|10|EA|19430|KRW|194300|20150515|1300|
C|005186|2015|50001515150003|001|4300002711|00090|UDBC0517|50|EA|211|KRW|10550|20150515|1300|
C|005186|2015|50001515150004|001|4300002712|00010|UDBC0450|50|EA|156|KRW|7800|20150515|1300|
C|005186|2015|50001515150005|001|4300002715|00030|UGCC0499|3|EA|100700|KRW|302100|20150515|1300|
C|005186|2015|50001515150006|001|4300002716|00010|UKBC0014|1|EA|52500|KRW|52500|20150515|1300|
C|005186|2015|50001515150007|001|4300002716|00040|UKGC0015|1|EA|2840|KRW|2840|20150515|1300|
C|005186|2015|50001515150008|001|4300002716|00050|UKGC0016|1|EA|4740|KRW|4740|20150515|1300|
C|005186|2015|50001515150009|001|4300002716|00060|UKGC0017|1|EA|4260|KRW|4260|20150515|1300|
C|005186|2015|50001515150010|001|4300002716|00070|UGCC0513|1|EA|80000|KRW|80000|20150515|1300|
C|005186|2015|50001515150011|001|4300002719|00040|UGBC0675|7|EA|1010|KRW|7070|20150515|1300|
