C|005186|2014|50000896050001|001|4300001571|00110|CMF0006|1|EA|11970|KRW|11970|20140731|1300|
C|005186|2014|50000896050002|001|4300001571|00120|CMF0009|2|EA|5700|KRW|11400|20140731|1300|
C|005186|2014|50000896050003|001|4300001571|00130|CMF0021|2|EA|5400|KRW|10800|20140731|1300|
C|005186|2014|50000896050004|001|4300001571|00140|CMH0007|3|EA|11700|KRW|35100|20140731|1300|
C|005186|2014|50000896050005|001|4300001573|00150|CMZ0009|20|EA|740|KRW|14800|20140731|1300|
C|005186|2014|50000896050006|001|4300001573|00160|CMZ0014|1|EA|23300|KRW|23300|20140731|1300|
C|005186|2014|50000896050007|001|4300001573|00170|CMZ0032|2|EA|1970|KRW|3940|20140731|1300|
C|005186|2014|50000896050008|001|4300001577|00060|CMF0004|1|EA|22050|KRW|22050|20140731|1300|
C|005186|2014|50000896050009|001|4300001577|00080|CMZ0014|1|EA|23300|KRW|23300|20140731|1300|
C|005186|2014|50000896050010|001|4300001579|00160|CMF0004|4|EA|22050|KRW|88200|20140731|1300|
C|005186|2014|50000896050011|001|4300001579|00180|CMF0007|10|EA|1780|KRW|17800|20140731|1300|
C|005186|2014|50000896050012|001|4300001579|00190|CMF0008|10|EA|1785|KRW|17850|20140731|1300|
C|005186|2014|50000896050013|001|4300001579|00200|CMF0009|10|EA|5700|KRW|57000|20140731|1300|
C|005186|2014|50000896050014|001|4300001579|00210|CMF0021|5|EA|5400|KRW|27000|20140731|1300|
C|005186|2014|50000896050015|001|4300001579|00220|CMF0022|10|EA|5400|KRW|54000|20140731|1300|
C|005186|2014|50000896050016|001|4300001579|00240|CMH0007|5|EA|11700|KRW|58500|20140731|1300|
C|005186|2014|50000896050017|001|4300001579|00280|CMZ0014|2|EA|23300|KRW|46600|20140731|1300|
C|005186|2014|50000896050018|001|4300001579|00290|CMZ0032|10|EA|1970|KRW|19700|20140731|1300|
C|005186|2014|50000896050019|001|4300001581|00020|CMA0002|20|EA|1530|KRW|30600|20140731|1300|
C|005186|2014|50000896050020|001|4300001581|00040|CMA0017|20|EA|780|KRW|15600|20140731|1300|
C|005186|2014|50000896050021|001|4300001581|00070|CMF0004|2|EA|22050|KRW|44100|20140731|1300|
C|005186|2014|50000896050022|001|4300001581|00090|CMF0006|10|EA|11970|KRW|119700|20140731|1300|
C|005186|2014|50000896050023|001|4300001581|00100|CMF0013|10|EA|760|KRW|7600|20140731|1300|
C|005186|2014|50000896050024|001|4300001581|00110|CMF0017|40|EA|505|KRW|20200|20140731|1300|
C|005186|2014|50000896050025|001|4300001596|00050|CMZ0032|10|EA|1970|KRW|19700|20140731|1300|
C|005186|2014|50000896050026|001|4300001598|00050|CMA0017|20|EA|780|KRW|15600|20140731|1300|
C|005186|2014|50000896050027|001|4300001598|00140|CMH0007|2|EA|11700|KRW|23400|20140731|1300|
C|005186|2014|50000896050028|001|4300001599|00050|CMA0017|10|EA|780|KRW|7800|20140731|1300|
C|005186|2014|50000896050029|001|4300001599|00110|CMF0001|10|EA|1680|KRW|16800|20140731|1300|
C|005186|2014|50000896050030|001|4300001599|00120|CMF0002|10|EA|1100|KRW|11000|20140731|1300|
C|005186|2014|50000896050031|001|4300001599|00140|CMF0020|10|EA|700|KRW|7000|20140731|1300|
C|005186|2014|50000896050032|001|4300001599|00150|CMH0007|4|EA|11700|KRW|46800|20140731|1300|
C|005186|2014|50000896050033|001|4300001600|00020|CMA0002|10|EA|1530|KRW|15300|20140731|1300|
C|005186|2014|50000896050034|001|4300001600|00060|CMA0017|10|EA|780|KRW|7800|20140731|1300|
C|005186|2014|50000896050035|001|4300001600|00110|CMF0004|2|EA|22050|KRW|44100|20140731|1300|
C|005186|2014|50000896050036|001|4300001600|00120|CMF0006|20|EA|11970|KRW|239400|20140731|1300|
C|005186|2014|50000896050037|001|4300001600|00130|CMZ0014|1|EA|23300|KRW|23300|20140731|1300|
C|005186|2014|50000896050038|001|4300001601|00050|CMA0017|25|EA|780|KRW|19500|20140731|1300|
C|005186|2014|50000896050039|001|4300001601|00160|CMF0004|1|EA|22050|KRW|22050|20140731|1300|
C|005186|2014|50000896060001|001|4300001575|00070|CME0001|20|EA|4910|KRW|98200|20140731|1300|
C|005186|2014|50000896060002|001|4300001575|00080|CME0002|30|EA|2300|KRW|69000|20140731|1300|
C|005186|2014|50000896060003|001|4300001575|00090|CME0010|100|EA|285|KRW|28500|20140731|1300|
C|005186|2014|50000896060004|001|4300001577|00010|CMA0001|200|EA|240|KRW|48000|20140731|1300|
C|005186|2014|50000896060005|001|4300001577|00020|CMA0007|50|EA|270|KRW|13500|20140731|1300|
C|005186|2014|50000896060006|001|4300001577|00030|CMB0001|60|EA|655|KRW|39300|20140731|1300|
C|005186|2014|50000896060007|001|4300001577|00040|CMB0003|40|EA|2420|KRW|96800|20140731|1300|
C|005186|2014|50000896060008|001|4300001577|00050|CMB0010|60|EA|1100|KRW|66000|20140731|1300|
C|005186|2014|50000896060009|001|4300001579|00010|CMA0001|400|EA|240|KRW|96000|20140731|1300|
C|005186|2014|50000896060010|001|4300001579|00020|CMA0007|200|EA|270|KRW|54000|20140731|1300|
C|005186|2014|50000896060011|001|4300001579|00030|CMA0008|100|EA|690|KRW|69000|20140731|1300|
C|005186|2014|50000896060012|001|4300001579|00040|CMA0015|50|EA|2830|KRW|141500|20140731|1300|
C|005186|2014|50000896060013|001|4300001579|00050|CMA0016|150|EA|2840|KRW|426000|20140731|1300|
C|005186|2014|50000896060014|001|4300001579|00060|CMB0001|200|EA|655|KRW|131000|20140731|1300|
C|005186|2014|50000896060015|001|4300001579|00070|CMB0007|20|EA|925|KRW|18500|20140731|1300|
C|005186|2014|50000896060016|001|4300001579|00080|CMB0010|240|EA|1100|KRW|264000|20140731|1300|
C|005186|2014|50000896060017|001|4300001579|00090|CMC0005|200|EA|190|KRW|38000|20140731|1300|
C|005186|2014|50000896060018|001|4300001579|00110|CME0002|20|EA|2300|KRW|46000|20140731|1300|
C|005186|2014|50000896060019|001|4300001579|00120|CME0004|5|EA|11550|KRW|57750|20140731|1300|
C|005186|2014|50000896060020|001|4300001579|00130|CME0005|10|EA|3465|KRW|34650|20140731|1300|
C|005186|2014|50000896060021|001|4300001579|00140|CME0008|20|EA|4410|KRW|88200|20140731|1300|
C|005186|2014|50000896060022|001|4300001579|00150|CME0010|300|EA|285|KRW|85500|20140731|1300|
C|005186|2014|50000896060023|001|4300001579|00250|CMZ0002|60|EA|430|KRW|25800|20140731|1300|
C|005186|2014|50000896060024|001|4300001579|00260|CMZ0004|30|EA|380|KRW|11400|20140731|1300|
C|005186|2014|50000896060025|001|4300001579|00270|CMZ0005|10|EA|750|KRW|7500|20140731|1300|
C|005186|2014|50000896060026|001|4300001581|00010|CMA0001|400|EA|240|KRW|96000|20140731|1300|
C|005186|2014|50000896060027|001|4300001581|00030|CMA0007|300|EA|270|KRW|81000|20140731|1300|
C|005186|2014|50000896060028|001|4300001581|00050|CMB0010|240|EA|1100|KRW|264000|20140731|1300|
C|005186|2014|50000896060029|001|4300001581|00060|CME0010|60|EA|285|KRW|17100|20140731|1300|
C|005186|2014|50000896060030|001|4300001598|00010|CMA0001|400|EA|240|KRW|96000|20140731|1300|
C|005186|2014|50000896060031|001|4300001598|00020|CMA0005|40|EA|2470|KRW|98800|20140731|1300|
C|005186|2014|50000896060032|001|4300001598|00030|CMA0007|300|EA|270|KRW|81000|20140731|1300|
C|005186|2014|50000896060033|001|4300001598|00040|CMA0016|40|EA|2840|KRW|113600|20140731|1300|
C|005186|2014|50000896060034|001|4300001598|00060|CMB0001|20|EA|655|KRW|13100|20140731|1300|
C|005186|2014|50000896060035|001|4300001598|00070|CMB0002|20|EA|2420|KRW|48400|20140731|1300|
C|005186|2014|50000896060036|001|4300001598|00080|CMB0010|20|EA|1100|KRW|22000|20140731|1300|
C|005186|2014|50000896060037|001|4300001598|00090|CMC0002|2|EA|9350|KRW|18700|20140731|1300|
C|005186|2014|50000896060038|001|4300001598|00100|CME0001|18|EA|4910|KRW|88380|20140731|1300|
C|005186|2014|50000896060039|001|4300001598|00110|CME0002|100|EA|2300|KRW|230000|20140731|1300|
C|005186|2014|50000896060040|001|4300001598|00120|CME0010|100|EA|285|KRW|28500|20140731|1300|
C|005186|2014|50000896060041|001|4300001598|00150|CMZ0003|2|EA|1470|KRW|2940|20140731|1300|
C|005186|2014|50000896070001|001|4300001571|00010|CMA0001|200|EA|240|KRW|48000|20140731|1300|
C|005186|2014|50000896070002|001|4300001571|00020|CMA0007|250|EA|270|KRW|67500|20140731|1300|
C|005186|2014|50000896070003|001|4300001571|00030|CMA0008|20|EA|690|KRW|13800|20140731|1300|
C|005186|2014|50000896070004|001|4300001571|00040|CMA0016|20|EA|2840|KRW|56800|20140731|1300|
C|005186|2014|50000896070005|001|4300001571|00050|CMB0002|100|EA|2420|KRW|242000|20140731|1300|
C|005186|2014|50000896070006|001|4300001571|00060|CMB0010|20|EA|1100|KRW|22000|20140731|1300|
C|005186|2014|50000896070007|001|4300001571|00070|CMC0005|10|EA|190|KRW|1900|20140731|1300|
C|005186|2014|50000896070008|001|4300001571|00080|CME0001|12|EA|4910|KRW|58920|20140731|1300|
C|005186|2014|50000896070009|001|4300001571|00090|CME0010|20|EA|285|KRW|5700|20140731|1300|
C|005186|2014|50000896070010|001|4300001571|00150|CMZ0001|12|EA|765|KRW|9180|20140731|1300|
C|005186|2014|50000896070011|001|4300001571|00160|CMZ0004|10|EA|380|KRW|3800|20140731|1300|
C|005186|2014|50000896070012|001|4300001571|00170|CMZ0005|10|EA|750|KRW|7500|20140731|1300|
C|005186|2014|50000896070013|001|4300001573|00010|CMA0001|300|EA|240|KRW|72000|20140731|1300|
C|005186|2014|50000896070014|001|4300001573|00020|CMA0007|100|EA|270|KRW|27000|20140731|1300|
C|005186|2014|50000896070015|001|4300001573|00030|CMA0008|300|EA|690|KRW|207000|20140731|1300|
C|005186|2014|50000896070016|001|4300001573|00040|CMB0001|220|EA|655|KRW|144100|20140731|1300|
C|005186|2014|50000896070017|001|4300001573|00050|CMB0002|60|EA|2420|KRW|145200|20140731|1300|
C|005186|2014|50000896070018|001|4300001573|00060|CMB0003|60|EA|2420|KRW|145200|20140731|1300|
C|005186|2014|50000896070019|001|4300001573|00070|CMC0002|5|EA|9350|KRW|46750|20140731|1300|
C|005186|2014|50000896070020|001|4300001573|00080|CMC0005|30|EA|190|KRW|5700|20140731|1300|
C|005186|2014|50000896070021|001|4300001573|00090|CME0002|10|EA|2300|KRW|23000|20140731|1300|
C|005186|2014|50000896070022|001|4300001573|00100|CME0008|10|EA|4410|KRW|44100|20140731|1300|
C|005186|2014|50000896070023|001|4300001573|00110|CME0010|200|EA|285|KRW|57000|20140731|1300|
C|005186|2014|50000896070024|001|4300001573|00120|CMZ0001|10|EA|765|KRW|7650|20140731|1300|
C|005186|2014|50000896070025|001|4300001573|00130|CMZ0002|10|EA|430|KRW|4300|20140731|1300|
C|005186|2014|50000896070026|001|4300001573|00140|CMZ0005|10|EA|750|KRW|7500|20140731|1300|
C|005186|2014|50000896070027|001|4300001575|00010|CMA0001|300|EA|240|KRW|72000|20140731|1300|
C|005186|2014|50000896070028|001|4300001575|00020|CMA0015|100|EA|2830|KRW|283000|20140731|1300|
C|005186|2014|50000896070029|001|4300001575|00030|CMA0016|150|EA|2840|KRW|426000|20140731|1300|
C|005186|2014|50000896070030|001|4300001575|00040|CMB0002|200|EA|2420|KRW|484000|20140731|1300|
C|005186|2014|50000896070031|001|4300001575|00050|CMC0005|50|EA|190|KRW|9500|20140731|1300|
C|005186|2014|50000896070032|001|4300001596|00010|CMA0001|80|EA|240|KRW|19200|20140731|1300|
C|005186|2014|50000896070033|001|4300001596|00030|CMA0007|80|EA|270|KRW|21600|20140731|1300|
C|005186|2014|50000896070034|001|4300001596|00040|CMB0001|80|EA|655|KRW|52400|20140731|1300|
C|005186|2014|50000896070035|001|4300001599|00010|CMA0001|400|EA|240|KRW|96000|20140731|1300|
C|005186|2014|50000896070036|001|4300001599|00020|CMA0007|200|EA|270|KRW|54000|20140731|1300|
C|005186|2014|50000896070037|001|4300001599|00030|CMA0008|200|EA|690|KRW|138000|20140731|1300|
C|005186|2014|50000896070038|001|4300001599|00040|CMA0016|100|EA|2840|KRW|284000|20140731|1300|
C|005186|2014|50000896070039|001|4300001599|00060|CMB0001|200|EA|655|KRW|131000|20140731|1300|
C|005186|2014|50000896070040|001|4300001599|00070|CMB0010|200|EA|1100|KRW|220000|20140731|1300|
C|005186|2014|50000896070041|001|4300001599|00080|CMC0005|200|EA|190|KRW|38000|20140731|1300|
C|005186|2014|50000896070042|001|4300001599|00090|CME0002|30|EA|2300|KRW|69000|20140731|1300|
C|005186|2014|50000896070043|001|4300001599|00100|CME0010|180|EA|285|KRW|51300|20140731|1300|
C|005186|2014|50000896070044|001|4300001599|00160|CMZ0001|40|EA|765|KRW|30600|20140731|1300|
C|005186|2014|50000896070045|001|4300001599|00170|CMZ0002|40|EA|430|KRW|17200|20140731|1300|
C|005186|2014|50000896070046|001|4300001599|00180|CMZ0004|50|EA|380|KRW|19000|20140731|1300|
C|005186|2014|50000896070047|001|4300001599|00190|CMZ0006|30|EA|1155|KRW|34650|20140731|1300|
C|005186|2014|50000896070048|001|4300001600|00010|CMA0001|100|EA|240|KRW|24000|20140731|1300|
C|005186|2014|50000896070049|001|4300001600|00030|CMA0007|100|EA|270|KRW|27000|20140731|1300|
C|005186|2014|50000896070050|001|4300001600|00040|CMA0008|30|EA|690|KRW|20700|20140731|1300|
C|005186|2014|50000896070051|001|4300001600|00050|CMA0016|10|EA|2840|KRW|28400|20140731|1300|
C|005186|2014|50000896070052|001|4300001600|00070|CMB0001|20|EA|655|KRW|13100|20140731|1300|
C|005186|2014|50000896070053|001|4300001600|00080|CMB0003|180|EA|2420|KRW|435600|20140731|1300|
C|005186|2014|50000896070054|001|4300001600|00090|CME0001|13|EA|4910|KRW|63830|20140731|1300|
C|005186|2014|50000896070055|001|4300001600|00100|CME0006|3|EA|3400|KRW|10200|20140731|1300|
C|005186|2014|50000896070056|001|4300001601|00010|CMA0001|700|EA|240|KRW|168000|20140731|1300|
C|005186|2014|50000896070057|001|4300001601|00020|CMA0005|10|EA|2470|KRW|24700|20140731|1300|
C|005186|2014|50000896070058|001|4300001601|00030|CMA0007|200|EA|270|KRW|54000|20140731|1300|
C|005186|2014|50000896070059|001|4300001601|00040|CMA0008|300|EA|690|KRW|207000|20140731|1300|
C|005186|2014|50000896070060|001|4300001601|00060|CMB0001|100|EA|655|KRW|65500|20140731|1300|
C|005186|2014|50000896070061|001|4300001601|00070|CMB0003|100|EA|2420|KRW|242000|20140731|1300|
C|005186|2014|50000896070062|001|4300001601|00080|CMB0010|100|EA|1100|KRW|110000|20140731|1300|
C|005186|2014|50000896070063|001|4300001601|00090|CMC0005|100|EA|190|KRW|19000|20140731|1300|
C|005186|2014|50000896070064|001|4300001601|00120|CME0004|2|EA|11550|KRW|23100|20140731|1300|
C|005186|2014|50000896070065|001|4300001601|00130|CME0006|20|EA|3400|KRW|68000|20140731|1300|
C|005186|2014|50000896070066|001|4300001601|00140|CME0008|30|EA|4410|KRW|132300|20140731|1300|
C|005186|2014|50000896070067|001|4300001601|00150|CME0010|100|EA|285|KRW|28500|20140731|1300|
C|005186|2014|50000896070068|001|4300001601|00190|CMH0006|10|EA|400|KRW|4000|20140731|1300|
C|005186|2014|50000896070069|001|4300001601|00200|CMZ0004|20|EA|380|KRW|7600|20140731|1300|
C|005186|2014|50000896070070|001|4300001601|00210|CMZ0005|20|EA|750|KRW|15000|20140731|1300|
C|005186|2014|50000896080001|001|4300001582|00010|CMA0001|110|EA|240|KRW|26400|20140731|1300|
C|005186|2014|50000896080002|001|4300001582|00020|CMA0007|60|EA|270|KRW|16200|20140731|1300|
C|005186|2014|50000896080003|001|4300001582|00030|CMA0008|40|EA|690|KRW|27600|20140731|1300|
C|005186|2014|50000896080004|001|4300001582|00040|CMB0001|20|EA|655|KRW|13100|20140731|1300|
C|005186|2014|50000896080005|001|4300001582|00050|CMF0004|3|EA|22050|KRW|66150|20140731|1300|
C|005186|2014|50000896090001|001|4300001583|00010|CMB0001|40|EA|655|KRW|26200|20140731|1300|
C|005186|2014|50000896090002|001|4300001583|00020|CMB0010|120|EA|1100|KRW|132000|20140731|1300|
C|005186|2014|50000896090003|001|4300001583|00030|CMH0007|1|EA|11700|KRW|11700|20140731|1300|
C|005186|2014|50000896090004|001|4300001583|00040|CMF0004|6|EA|22050|KRW|132300|20140731|1300|
C|005186|2014|50000896090005|001|4300001583|00050|CMA0001|200|EA|240|KRW|48000|20140731|1300|
C|005186|2014|50000896090006|001|4300001583|00060|CMA0007|500|EA|270|KRW|135000|20140731|1300|
C|005186|2014|50000896090007|001|4300001583|00080|CMZ0032|40|EA|1970|KRW|78800|20140731|1300|
C|005186|2014|50000896100001|001|4300001583|00090|CMD0016|10|EA|30450|KRW|304500|20140731|1300|
C|005186|2014|50000896100002|001|4300001595|00010|CMD0016|1|EA|30450|KRW|30450|20140731|1300|
C|005186|2014|50000896110001|001|4300001575|00060|CMD0011|5|EA|24150|KRW|120750|20140731|1300|
C|005186|2014|50000896110002|001|4300001579|00100|CMD0011|5|EA|24150|KRW|120750|20140731|1300|
C|005186|2014|50000896110003|001|4300001582|00060|CMD0011|1|EA|24150|KRW|24150|20140731|1300|
C|005186|2014|50000896110004|001|4300001601|00100|CMD0011|4|EA|24150|KRW|96600|20140731|1300|
