C|005186|2016|50002393400001|001|4300004696|00070|UACC0014|2|EA|17850|KRW|35700|20160331|1300|
C|005186|2016|50002393400002|001|4300004698|00010|UAGC0448|2|EA|29470|KRW|58940|20160331|1300|
C|005186|2016|50002393400003|001|4300004698|00020|UAGC0463|2|EA|29500|KRW|59000|20160331|1300|
C|005186|2016|50002393400004|001|4300004704|00050|UIDC0040|1|EA|36897|KRW|36897|20160331|1300|
C|005186|2016|50002393400005|001|4300004705|00020|UIDC0086|2|EA|140000|KRW|280000|20160331|1300|
C|005186|2016|50002393400006|001|4300004707|00010|UDEC0047|2|EA|85680|KRW|171360|20160331|1300|
C|005186|2016|50002393400007|001|4300004707|00020|UJAC0068|4|EA|6070|KRW|24280|20160331|1300|
C|005186|2016|50002393400008|001|4300004707|00030|UJAC0068|4|EA|6070|KRW|24280|20160331|1300|
C|005186|2016|50002393400009|001|4300004709|00040|UADC0031|2|EA|23100|KRW|46200|20160331|1300|
C|005186|2016|50002393400010|001|4300004731|00050|UDFC0066|2.000|KG|104200|KRW|208400|20160331|1300|
C|005186|2016|50002393400011|001|4300004734|00010|UGCC0527|1|EA|1945650|KRW|1945650|20160331|1300|
C|005186|2016|50002393400012|001|4300004736|00030|UKGC0008|7|EA|2940|KRW|20580|20160331|1300|
C|005186|2016|50002393400013|001|4300004736|00040|UKBC0010|2|EA|91480|KRW|182960|20160331|1300|
C|005186|2016|50002393400014|001|4300004740|00010|KH990100|4|EA|27220|KRW|108880|20160331|1300|
C|005186|2016|50002393400015|001|4300004740|00020|KH990101|6|EA|7250|KRW|43500|20160331|1300|
C|005186|2016|50002393400016|001|4300004740|00030|KP150400|100|EA|170|KRW|17000|20160331|1300|
C|005186|2016|50002393400017|001|4300004740|00150|KS990007|7|EA|51450|KRW|360150|20160331|1300|
C|005186|2016|50002393400018|001|4300004740|00160|KT020005|2|EA|5640|KRW|11280|20160331|1300|
C|005186|2016|50002393400019|001|4300004740|00170|KT020006|2|EA|6250|KRW|12500|20160331|1300|
C|005186|2016|50002393400020|001|4300004740|00180|KT020009|3|EA|8030|KRW|24090|20160331|1300|
C|005186|2016|50002393400021|001|4300004740|00190|KT020013|2|EA|13110|KRW|26220|20160331|1300|
C|005186|2016|50002393400022|001|4300004740|00200|KT020014|2|EA|14490|KRW|28980|20160331|1300|
C|005186|2016|50002393400023|001|4300004740|00210|KT020015|3|EA|15720|KRW|47160|20160331|1300|
C|005186|2016|50002393400024|001|4300004740|00220|KT020016|1|EA|18620|KRW|18620|20160331|1300|
C|005186|2016|50002393400025|001|4300004740|00230|KT020017|1|EA|18730|KRW|18730|20160331|1300|
C|005186|2016|50002393400026|001|4300004740|00240|KT020019|1|EA|23570|KRW|23570|20160331|1300|
C|005186|2016|50002393400027|001|4300004740|00250|KT020023|1|EA|32400|KRW|32400|20160331|1300|
C|005186|2016|50002393400028|001|4300004740|00260|KT020500|20|EA|3110|KRW|62200|20160331|1300|
C|005186|2016|50002393400029|001|4300004740|00270|KT020600|3|EA|14910|KRW|44730|20160331|1300|
C|005186|2016|50002393400030|001|4300004740|00280|KT020611|1|EA|28140|KRW|28140|20160331|1300|
C|005186|2016|50002393400031|001|4300004740|00290|KT020612|1|EA|44100|KRW|44100|20160331|1300|
C|005186|2016|50002393400032|001|4300004740|00300|KT020620|10|EA|290|KRW|2900|20160331|1300|
C|005186|2016|50002393400033|001|4300004740|00350|KT080110|2|EA|25440|KRW|50880|20160331|1300|
C|005186|2016|50002393400034|001|4300004740|00370|KT080311|1|EA|72980|KRW|72980|20160331|1300|
C|005186|2016|50002393400035|001|4300004740|00380|KT080360|2|EA|5250|KRW|10500|20160331|1300|
C|005186|2016|50002393400036|001|4300004740|00390|KT080500|3|EA|26500|KRW|79500|20160331|1300|
C|005186|2016|50002393400037|001|4300004740|00400|KT990001|150|EA|510|KRW|76500|20160331|1300|
C|005186|2016|50002393400038|001|4300004740|00410|KT990010|100|EA|370|KRW|37000|20160331|1300|
C|005186|2016|50002393400039|001|4300004740|00420|KT990030|3|EA|2630|KRW|7890|20160331|1300|
C|005186|2016|50002393400040|001|4300004740|00430|KT991000|1|EA|1961|KRW|1961|20160331|1300|
C|005186|2016|50002393410001|001|4300004696|00120|UEBC0412|2|EA|35440|KRW|70880|20160331|1300|
C|005186|2016|50002393410002|001|4300004700|00010|UDBC0394|100|EA|210|KRW|21000|20160331|1300|
C|005186|2016|50002393410003|001|4300004700|00020|UDFC0143|10|EA|19470|KRW|194700|20160331|1300|
C|005186|2016|50002393410004|001|4300004700|00030|UGCC0210|50|EA|3290|KRW|164500|20160331|1300|
C|005186|2016|50002393410005|001|4300004700|00040|UGBC0748|50|EA|452|KRW|22600|20160331|1300|
C|005186|2016|50002393410006|001|4300004700|00050|UGBC0749|30|EA|520|KRW|15600|20160331|1300|
C|005186|2016|50002393410007|001|4300004700|00060|UGBC0751|20|EA|1370|KRW|27400|20160331|1300|
C|005186|2016|50002393410008|001|4300004700|00070|UGBC0787|20|EA|720|KRW|14400|20160331|1300|
C|005186|2016|50002393410009|001|4300004700|00080|UGBC0788|20|EA|920|KRW|18400|20160331|1300|
C|005186|2016|50002393410010|001|4300004700|00090|UGBC0790|20|EA|1230|KRW|24600|20160331|1300|
C|005186|2016|50002393410011|001|4300004704|00040|UEBC0478|4|EA|2820|KRW|11280|20160331|1300|
C|005186|2016|50002393410012|001|4300004709|00030|UDBC0517|100|EA|211|KRW|21100|20160331|1300|
C|005186|2016|50002393410013|001|4300004730|00020|UEBC0518|4|EA|10400|KRW|41600|20160331|1300|
C|005186|2016|50002393410014|001|4300004732|00020|UGAC0102|2|EA|32700|KRW|65400|20160331|1300|
C|005186|2016|50002393410015|001|4300004733|00090|UEBC0447|2|EA|1520|KRW|3040|20160331|1300|
C|005186|2016|50002393410016|001|4300004736|00010|UDBC0379|100|EA|410|KRW|41000|20160331|1300|
C|005186|2016|50002393410017|001|4300004740|00360|KT080300|25.000|KG|2770|KRW|69250|20160331|1300|
C|005186|2016|50002393420001|001|4300004696|00010|UGCC1001|4|EA|49800|KRW|199200|20160331|1300|
C|005186|2016|50002393420002|001|4300004696|00100|UGBC1154|2|EA|43150|KRW|86300|20160331|1300|
C|005186|2016|50002393420003|001|4300004696|00110|UGBC1156|2|EA|57250|KRW|114500|20160331|1300|
C|005186|2016|50002393420004|001|4300004697|00010|UGCC1040|6|EA|201400|KRW|1208400|20160331|1300|
C|005186|2016|50002393420005|001|4300004697|00020|UGCC1041|6|EA|119780|KRW|718680|20160331|1300|
C|005186|2016|50002393420006|001|4300004699|00040|UGCC1043|1|EA|217300|KRW|217300|20160331|1300|
C|005186|2016|50002393420007|001|4300004700|00100|UGBC1482|5|EA|93810|KRW|469050|20160331|1300|
C|005186|2016|50002393420008|001|4300004700|00110|UGCC1032|12|EA|33920|KRW|407040|20160331|1300|
C|005186|2016|50002393420009|001|4300004703|00010|UGCC1033|2|EA|43142|KRW|86284|20160331|1300|
C|005186|2016|50002393420010|001|4300004703|00030|UGCC1034|1|EA|72080|KRW|72080|20160331|1300|
C|005186|2016|50002393420011|001|4300004703|00040|UGCC1035|1|EA|196100|KRW|196100|20160331|1300|
C|005186|2016|50002393420012|001|4300004703|00050|UGCC1037|1|EA|98262|KRW|98262|20160331|1300|
C|005186|2016|50002393420013|001|4300004703|00060|UGCC1038|1|EA|34980|KRW|34980|20160331|1300|
C|005186|2016|50002393420014|001|4300004703|00150|UGCC1047|2|EA|297860|KRW|595720|20160331|1300|
C|005186|2016|50002393420015|001|4300004704|00010|UGCC0776|2|EA|334600|KRW|669200|20160331|1300|
C|005186|2016|50002393420016|001|4300004704|00020|UGCC0198|10|EA|26250|KRW|262500|20160331|1300|
C|005186|2016|50002393420017|001|4300004704|00030|UGBC1440|20|EA|1330|KRW|26600|20160331|1300|
C|005186|2016|50002393420018|001|4300004704|00080|UGCC0921|3|EA|289000|KRW|867000|20160331|1300|
C|005186|2016|50002393420019|001|4300004705|00030|UGBC1445|1|EA|279000|KRW|279000|20160331|1300|
C|005186|2016|50002393420020|001|4300004705|00040|UGCC0414|1|EA|75600|KRW|75600|20160331|1300|
C|005186|2016|50002393420021|001|4300004706|00050|UGCC1001|2|EA|49800|KRW|99600|20160331|1300|
C|005186|2016|50002393420022|001|4300004707|00050|UGCC1017|1|EA|100170|KRW|100170|20160331|1300|
C|005186|2016|50002393420023|001|4300004707|00060|UGCC0841|5|EA|49800|KRW|249000|20160331|1300|
C|005186|2016|50002393420024|001|4300004707|00070|UGCC0325|5|EA|68250|KRW|341250|20160331|1300|
C|005186|2016|50002393420025|001|4300004707|00100|UGCC1037|1|EA|98262|KRW|98262|20160331|1300|
C|005186|2016|50002393420026|001|4300004707|00110|UGCC0408|5|EA|41475|KRW|207375|20160331|1300|
C|005186|2016|50002393420027|001|4300004708|00090|UGCC0814|2|EA|24740|KRW|49480|20160331|1300|
C|005186|2016|50002393420028|001|4300004708|00100|UGCC0792|1|EA|698500|KRW|698500|20160331|1300|
C|005186|2016|50002393420029|001|4300004709|00020|UGCC0161|5|EA|99750|KRW|498750|20160331|1300|
C|005186|2016|50002393430001|001|4300004823|00020|CMA0002|3|EA|1530|KRW|4590|20160331|1300|
C|005186|2016|50002393430002|001|4300004823|00030|CMA0007|70|EA|270|KRW|18900|20160331|1300|
C|005186|2016|50002393430003|001|4300004823|00050|CMZ0009|3|EA|740|KRW|2220|20160331|1300|
C|005186|2016|50002393430004|001|4300004823|00060|CMZ0014|1|EA|23300|KRW|23300|20160331|1300|
C|005186|2016|50002393430005|001|4300004824|00060|CMC0005|100|EA|190|KRW|19000|20160331|1300|
C|005186|2016|50002393430006|001|4300004825|00020|CMA0007|200|EA|270|KRW|54000|20160331|1300|
C|005186|2016|50002393430007|001|4300004825|00050|CME0010|300|EA|285|KRW|85500|20160331|1300|
C|005186|2016|50002393430008|001|4300004825|00090|CMZ0004|30|EA|380|KRW|11400|20160331|1300|
C|005186|2016|50002393430009|001|4300004826|00020|CMA0007|300|EA|270|KRW|81000|20160331|1300|
C|005186|2016|50002393430010|001|4300004826|00060|CME0010|100|EA|285|KRW|28500|20160331|1300|
C|005186|2016|50002393430011|001|4300004826|00090|CMF0013|10|EA|760|KRW|7600|20160331|1300|
C|005186|2016|50002393430012|001|4300004827|00020|CMA0007|200|EA|270|KRW|54000|20160331|1300|
C|005186|2016|50002393430013|001|4300004827|00050|CMC0005|200|EA|190|KRW|38000|20160331|1300|
C|005186|2016|50002393430014|001|4300004827|00120|CMF0020|5|EA|700|KRW|3500|20160331|1300|
C|005186|2016|50002393430015|001|4300004827|00160|CMZ0014|2|EA|23300|KRW|46600|20160331|1300|
C|005186|2016|50002393430016|001|4300004829|00020|CMA0007|400|EA|270|KRW|108000|20160331|1300|
C|005186|2016|50002393430017|001|4300004829|00040|CMA0017|50|EA|780|KRW|39000|20160331|1300|
C|005186|2016|50002393430018|001|4300004829|00100|CMC0005|100|EA|190|KRW|19000|20160331|1300|
C|005186|2016|50002393430019|001|4300004829|00150|CME0010|250|EA|285|KRW|71250|20160331|1300|
C|005186|2016|50002393430020|001|4300004829|00210|CMF0020|3|EA|700|KRW|2100|20160331|1300|
C|005186|2016|50002393430021|001|4300004829|00240|CMZ0004|20|EA|380|KRW|7600|20160331|1300|
C|005186|2016|50002393430022|001|4300004829|00250|CMZ0009|100|EA|740|KRW|74000|20160331|1300|
C|005186|2016|50002393430023|001|4300004830|00020|CMA0002|2|EA|1530|KRW|3060|20160331|1300|
C|005186|2016|50002393430024|001|4300004830|00030|CMA0003|2|EA|950|KRW|1900|20160331|1300|
C|005186|2016|50002393430025|001|4300004830|00040|CMA0007|250|EA|270|KRW|67500|20160331|1300|
C|005186|2016|50002393430026|001|4300004830|00070|CMC0005|20|EA|190|KRW|3800|20160331|1300|
C|005186|2016|50002393430027|001|4300004830|00120|CMZ0004|10|EA|380|KRW|3800|20160331|1300|
C|005186|2016|50002393430028|001|4300004831|00020|CMA0003|20|EA|950|KRW|19000|20160331|1300|
C|005186|2016|50002393430029|001|4300004831|00030|CMA0007|80|EA|270|KRW|21600|20160331|1300|
C|005186|2016|50002393430030|001|4300004831|00050|CMA0017|20|EA|780|KRW|15600|20160331|1300|
C|005186|2016|50002393430031|001|4300004831|00130|CMF0013|4|EA|760|KRW|3040|20160331|1300|
C|005186|2016|50002393430032|001|4300004831|00150|CMZ0014|1|EA|23300|KRW|23300|20160331|1300|
C|005186|2016|50002393430033|001|4300004832|00010|CMZ0009|20|EA|740|KRW|14800|20160331|1300|
C|005186|2016|50002393430034|001|4300004832|00050|CMZ0004|20|EA|380|KRW|7600|20160331|1300|
C|005186|2016|50002393430035|001|4300004832|00100|CMC0005|20|EA|190|KRW|3800|20160331|1300|
C|005186|2016|50002393430036|001|4300004832|00120|CME0010|100|EA|285|KRW|28500|20160331|1300|
C|005186|2016|50002393430037|001|4300004832|00140|CMA0007|100|EA|270|KRW|27000|20160331|1300|
C|005186|2016|50002393430038|001|4300004833|00020|CMA0007|50|EA|270|KRW|13500|20160331|1300|
C|005186|2016|50002393430039|001|4300004833|00090|CMZ0014|1|EA|23300|KRW|23300|20160331|1300|
C|005186|2016|50002393430040|001|4300004835|00020|CMA0007|150|EA|270|KRW|40500|20160331|1300|
C|005186|2016|50002393430041|001|4300004835|00060|CMC0005|600|EA|190|KRW|114000|20160331|1300|
C|005186|2016|50002393430042|001|4300004835|00100|CME0010|20|EA|285|KRW|5700|20160331|1300|
C|005186|2016|50002393430043|001|4300004835|00130|CMF0013|10|EA|760|KRW|7600|20160331|1300|
C|005186|2016|50002393440001|001|4300004819|00030|CMA0007|100|EA|270|KRW|27000|20160331|1300|
C|005186|2016|50002393440002|001|4300004819|00060|CME0011|10|EA|480|KRW|4800|20160331|1300|
C|005186|2016|50002393440003|001|4300004820|00030|CMA0007|50|EA|270|KRW|13500|20160331|1300|
C|005186|2016|50002393440004|001|4300004820|00040|CMZ0004|20|EA|380|KRW|7600|20160331|1300|
C|005186|2016|50002393440005|001|4300004820|00050|CMA0007|20|EA|270|KRW|5400|20160331|1300|
C|005186|2016|50002393440006|001|4300004821|00060|CMA0007|500|EA|270|KRW|135000|20160331|1300|
C|005186|2016|50002393440007|001|4300004822|00020|CMA0007|120|EA|270|KRW|32400|20160331|1300|
C|005186|2016|50002393440008|001|4300004822|00040|CMZ0014|1|EA|23300|KRW|23300|20160331|1300|
C|005186|2016|50002393440009|001|4300004822|00060|CMZ0007|30|EA|330|KRW|9900|20160331|1300|
C|005186|2016|50002393440010|001|4300004822|00070|CMA0002|1|EA|1530|KRW|1530|20160331|1300|
C|005186|2016|50002393440011|001|4300004828|00020|CMA0007|40|EA|270|KRW|10800|20160331|1300|
C|005186|2016|50002393440012|001|4300004828|00050|CME0010|40|EA|285|KRW|11400|20160331|1300|
C|005186|2016|50002393440013|001|4300004834|00070|CMA0007|500|EA|270|KRW|135000|20160331|1300|
C|005186|2016|50002393450001|001|4300004824|00090|CMF0005|1|EA|20700|KRW|20700|20160331|1300|
C|005186|2016|50002393450002|001|4300004825|00070|CMF0005|2|EA|20700|KRW|41400|20160331|1300|
C|005186|2016|50002393450003|001|4300004826|00080|CMF0005|10|EA|20700|KRW|207000|20160331|1300|
C|005186|2016|50002393450004|001|4300004829|00180|CMF0005|10|EA|20700|KRW|207000|20160331|1300|
C|005186|2016|50002393450005|001|4300004830|00100|CMF0005|8|EA|20700|KRW|165600|20160331|1300|
C|005186|2016|50002393450006|001|4300004831|00110|CMF0005|1|EA|20700|KRW|20700|20160331|1300|
C|005186|2016|50002393450007|001|4300004832|00160|CMF0005|2|EA|20700|KRW|41400|20160331|1300|
C|005186|2016|50002393450008|001|4300004833|00080|CMF0005|2|EA|20700|KRW|41400|20160331|1300|
C|005186|2016|50002393450009|001|4300004835|00120|CMF0005|10|EA|20700|KRW|207000|20160331|1300|
C|005186|2016|50002393460001|001|4300004828|00060|CMF0005|3|EA|20700|KRW|62100|20160331|1300|
C|005186|2016|50002393470001|001|4300004698|00060|UEAC0117|3|EA|543900|KRW|1631700|20160331|1300|
C|005186|2016|50002393490001|001|4300004823|00010|CMA0001|50|EA|240|KRW|12000|20160331|1300|
C|005186|2016|50002393490002|001|4300004823|00040|CMB0001|30|EA|655|KRW|19650|20160331|1300|
C|005186|2016|50002393490003|001|4300004823|00070|CMZ0032|5|EA|1970|KRW|9850|20160331|1300|
C|005186|2016|50002393490004|001|4300004824|00010|CMA0001|200|EA|240|KRW|48000|20160331|1300|
C|005186|2016|50002393490005|001|4300004824|00020|CMA0015|100|EA|2830|KRW|283000|20160331|1300|
C|005186|2016|50002393490006|001|4300004824|00030|CMB0001|240|EA|655|KRW|157200|20160331|1300|
C|005186|2016|50002393490007|001|4300004824|00040|CMB0002|120|EA|2420|KRW|290400|20160331|1300|
C|005186|2016|50002393490008|001|4300004824|00050|CMC0003|100|EA|340|KRW|34000|20160331|1300|
C|005186|2016|50002393490009|001|4300004824|00080|CME0001|50|EA|4910|KRW|245500|20160331|1300|
C|005186|2016|50002393490010|001|4300004824|00100|CMF0021|10|EA|5400|KRW|54000|20160331|1300|
C|005186|2016|50002393490011|001|4300004824|00110|CMZ0002|50|EA|430|KRW|21500|20160331|1300|
C|005186|2016|50002393490012|001|4300004825|00010|CMA0001|600|EA|240|KRW|144000|20160331|1300|
C|005186|2016|50002393490013|001|4300004825|00030|CMA0008|300|EA|690|KRW|207000|20160331|1300|
C|005186|2016|50002393490014|001|4300004825|00060|CMF0004|2|EA|22050|KRW|44100|20160331|1300|
C|005186|2016|50002393490015|001|4300004825|00080|CMH0007|3|EA|11700|KRW|35100|20160331|1300|
C|005186|2016|50002393490016|001|4300004825|00100|CMZ0006|30|EA|1155|KRW|34650|20160331|1300|
C|005186|2016|50002393490017|001|4300004826|00010|CMA0001|400|EA|240|KRW|96000|20160331|1300|
C|005186|2016|50002393490018|001|4300004826|00030|CMA0008|50|EA|690|KRW|34500|20160331|1300|
C|005186|2016|50002393490019|001|4300004826|00040|CMB0010|240|EA|1100|KRW|264000|20160331|1300|
C|005186|2016|50002393490020|001|4300004826|00070|CMF0004|5|EA|22050|KRW|110250|20160331|1300|
C|005186|2016|50002393490021|001|4300004826|00100|CMF0017|100|EA|505|KRW|50500|20160331|1300|
C|005186|2016|50002393490022|001|4300004827|00010|CMA0001|500|EA|240|KRW|120000|20160331|1300|
C|005186|2016|50002393490023|001|4300004827|00030|CMA0016|150|EA|2840|KRW|426000|20160331|1300|
C|005186|2016|50002393490024|001|4300004827|00040|CMB0010|480|EA|1100|KRW|528000|20160331|1300|
C|005186|2016|50002393490025|001|4300004827|00070|CME0001|30|EA|4910|KRW|147300|20160331|1300|
C|005186|2016|50002393490026|001|4300004827|00080|CMF0004|4|EA|22050|KRW|88200|20160331|1300|
C|005186|2016|50002393490027|001|4300004827|00090|CMF0007|10|EA|1780|KRW|17800|20160331|1300|
C|005186|2016|50002393490028|001|4300004827|00100|CMF0008|10|EA|1785|KRW|17850|20160331|1300|
C|005186|2016|50002393490029|001|4300004827|00110|CMF0009|10|EA|5700|KRW|57000|20160331|1300|
C|005186|2016|50002393490030|001|4300004827|00130|CMF0021|10|EA|5400|KRW|54000|20160331|1300|
C|005186|2016|50002393490031|001|4300004827|00140|CMH0007|6|EA|11700|KRW|70200|20160331|1300|
C|005186|2016|50002393490032|001|4300004827|00150|CMZ0005|20|EA|750|KRW|15000|20160331|1300|
C|005186|2016|50002393490033|001|4300004829|00010|CMA0001|700|EA|240|KRW|168000|20160331|1300|
C|005186|2016|50002393490034|001|4300004829|00030|CMA0008|50|EA|690|KRW|34500|20160331|1300|
C|005186|2016|50002393490035|001|4300004829|00050|CMB0001|60|EA|655|KRW|39300|20160331|1300|
C|005186|2016|50002393490036|001|4300004829|00060|CMB0002|120|EA|2420|KRW|290400|20160331|1300|
C|005186|2016|50002393490037|001|4300004829|00070|CMB0007|20|EA|925|KRW|18500|20160331|1300|
C|005186|2016|50002393490038|001|4300004829|00080|CMB0010|60|EA|1100|KRW|66000|20160331|1300|
C|005186|2016|50002393490039|001|4300004829|00090|CMC0003|100|EA|340|KRW|34000|20160331|1300|
C|005186|2016|50002393490040|001|4300004829|00130|CME0001|25|EA|4910|KRW|122750|20160331|1300|
C|005186|2016|50002393490041|001|4300004829|00140|CME0002|150|EA|2300|KRW|345000|20160331|1300|
C|005186|2016|50002393490042|001|4300004829|00160|CMF0001|3|EA|1680|KRW|5040|20160331|1300|
C|005186|2016|50002393490043|001|4300004829|00170|CMF0004|1|EA|22050|KRW|22050|20160331|1300|
C|005186|2016|50002393490044|001|4300004829|00190|CMF0006|1|EA|11970|KRW|11970|20160331|1300|
C|005186|2016|50002393490045|001|4300004829|00200|CMF0016|50|EA|470|KRW|23500|20160331|1300|
C|005186|2016|50002393490046|001|4300004829|00220|CMH0007|3|EA|11700|KRW|35100|20160331|1300|
C|005186|2016|50002393490047|001|4300004829|00230|CMZ0002|20|EA|430|KRW|8600|20160331|1300|
C|005186|2016|50002393490048|001|4300004830|00010|CMA0001|200|EA|240|KRW|48000|20160331|1300|
C|005186|2016|50002393490049|001|4300004830|00050|CMA0016|20|EA|2840|KRW|56800|20160331|1300|
C|005186|2016|50002393490050|001|4300004830|00060|CMB0002|100|EA|2420|KRW|242000|20160331|1300|
C|005186|2016|50002393490051|001|4300004830|00090|CME0001|13|EA|4910|KRW|63830|20160331|1300|
C|005186|2016|50002393490052|001|4300004830|00110|CMF0006|1|EA|11970|KRW|11970|20160331|1300|
C|005186|2016|50002393490053|001|4300004830|00130|CMZ0005|10|EA|750|KRW|7500|20160331|1300|
C|005186|2016|50002393490054|001|4300004831|00010|CMA0001|80|EA|240|KRW|19200|20160331|1300|
C|005186|2016|50002393490055|001|4300004831|00040|CMA0016|10|EA|2840|KRW|28400|20160331|1300|
C|005186|2016|50002393490056|001|4300004831|00060|CMB0003|50|EA|2420|KRW|121000|20160331|1300|
C|005186|2016|50002393490057|001|4300004831|00090|CME0001|8|EA|4910|KRW|39280|20160331|1300|
C|005186|2016|50002393490058|001|4300004831|00100|CMF0004|3|EA|22050|KRW|66150|20160331|1300|
C|005186|2016|50002393490059|001|4300004831|00120|CMF0006|5|EA|11970|KRW|59850|20160331|1300|
C|005186|2016|50002393490060|001|4300004831|00140|CMF0021|5|EA|5400|KRW|27000|20160331|1300|
C|005186|2016|50002393490061|001|4300004832|00020|CMZ0001|10|EA|765|KRW|7650|20160331|1300|
C|005186|2016|50002393490062|001|4300004832|00030|CMZ0002|10|EA|430|KRW|4300|20160331|1300|
C|005186|2016|50002393490063|001|4300004832|00040|CMZ0005|20|EA|750|KRW|15000|20160331|1300|
C|005186|2016|50002393490064|001|4300004832|00060|CMB0010|60|EA|1100|KRW|66000|20160331|1300|
C|005186|2016|50002393490065|001|4300004832|00070|CMB0002|40|EA|2420|KRW|96800|20160331|1300|
C|005186|2016|50002393490066|001|4300004832|00080|CMB0003|40|EA|2420|KRW|96800|20160331|1300|
C|005186|2016|50002393490067|001|4300004832|00090|CMB0001|100|EA|655|KRW|65500|20160331|1300|
C|005186|2016|50002393490068|001|4300004832|00110|CMC0002|3|EA|9350|KRW|28050|20160331|1300|
C|005186|2016|50002393490069|001|4300004832|00130|CMA0001|240|EA|240|KRW|57600|20160331|1300|
C|005186|2016|50002393490070|001|4300004832|00150|CMA0008|200|EA|690|KRW|138000|20160331|1300|
C|005186|2016|50002393490071|001|4300004833|00010|CMA0001|250|EA|240|KRW|60000|20160331|1300|
C|005186|2016|50002393490072|001|4300004833|00030|CMA0016|20|EA|2840|KRW|56800|20160331|1300|
C|005186|2016|50002393490073|001|4300004833|00040|CMB0001|100|EA|655|KRW|65500|20160331|1300|
C|005186|2016|50002393490074|001|4300004833|00050|CMB0010|60|EA|1100|KRW|66000|20160331|1300|
C|005186|2016|50002393490075|001|4300004833|00070|CMF0001|5|EA|1680|KRW|8400|20160331|1300|
C|005186|2016|50002393490076|001|4300004835|00010|CMA0001|600|EA|240|KRW|144000|20160331|1300|
C|005186|2016|50002393490077|001|4300004835|00030|CMA0008|150|EA|690|KRW|103500|20160331|1300|
C|005186|2016|50002393490078|001|4300004835|00040|CMA0016|10|EA|2840|KRW|28400|20160331|1300|
C|005186|2016|50002393490079|001|4300004835|00050|CMB0001|100|EA|655|KRW|65500|20160331|1300|
C|005186|2016|50002393490080|001|4300004835|00080|CME0002|20|EA|2300|KRW|46000|20160331|1300|
C|005186|2016|50002393490081|001|4300004835|00090|CME0003|20|EA|5400|KRW|108000|20160331|1300|
C|005186|2016|50002393490082|001|4300004835|00110|CMF0001|10|EA|1680|KRW|16800|20160331|1300|
C|005186|2016|50002393490083|001|4300004835|00140|CMF0014|10|EA|630|KRW|6300|20160331|1300|
C|005186|2016|50002393490084|001|4300004835|00150|CMZ0015|1|EA|15500|KRW|15500|20160331|1300|
