C|005186|2013|50000430240001|001|4300000772|00100|CMF0005|1|EA|20700|KRW|20700|20131130|1300|
C|005186|2013|50000430240002|001|4300000773|00070|CMF0005|3|EA|20700|KRW|62100|20131130|1300|
C|005186|2013|50000430240003|001|4300000774|00080|CMF0005|2|EA|20700|KRW|41400|20131130|1300|
C|005186|2013|50000430240004|001|4300000776|00110|CMF0005|3|EA|20700|KRW|62100|20131130|1300|
C|005186|2013|50000430250001|001|4300000792|00010|CMA0001|170|EA|240|KRW|40800|20131130|1300|
C|005186|2013|50000430250002|001|4300000792|00020|CMA0007|110|EA|270|KRW|29700|20131130|1300|
C|005186|2013|50000430250003|001|4300000792|00030|CMA0008|20|EA|690|KRW|13800|20131130|1300|
C|005186|2013|50000430250004|001|4300000792|00040|CMB0001|80|EA|655|KRW|52400|20131130|1300|
C|005186|2013|50000430250005|001|4300000792|00050|CMF0004|5|EA|22050|KRW|110250|20131130|1300|
C|005186|2013|50000430250006|001|4300000792|00060|CMF0001|20|EA|1680|KRW|33600|20131130|1300|
C|005186|2013|50000430250007|001|4300000792|00070|CME0004|2|EA|11550|KRW|23100|20131130|1300|
C|005186|2013|50000430250008|001|4300000792|00080|CMC0002|2|EA|9350|KRW|18700|20131130|1300|
C|005186|2013|50000430250009|001|4300000792|00110|CMA0016|20|EA|2840|KRW|56800|20131130|1300|
C|005186|2013|50000430250010|001|4300000794|00010|CMD0001|9|EA|9555|KRW|85995|20131130|1300|
C|005186|2013|50000430260001|001|4300000772|00130|CMD0016|2|EA|30450|KRW|60900|20131130|1300|
C|005186|2013|50000430260002|001|4300000775|00040|CMD0016|1|EA|30450|KRW|30450|20131130|1300|
C|005186|2013|50000430260003|001|4300000792|00090|CMD0016|2|EA|30450|KRW|60900|20131130|1300|
C|005186|2013|50000430270001|001|4300000785|00070|CMF0005|1|EA|20700|KRW|20700|20131130|1300|
C|005186|2013|50000430270002|001|4300000829|00060|CMF0005|10|EA|20700|KRW|207000|20131130|1300|
