C|005186|2015|50001915600001|001|4300003565|00010|CMD0016|4|EA|30450|KRW|121800|20151015|1300|
C|005186|2015|50001915600002|001|4300003565|00020|CMD0011|1|EA|24150|KRW|24150|20151015|1300|
C|005186|2015|50001915610001|001|4300003560|00210|CMD0016|8|EA|30450|KRW|243600|20151015|1300|
C|005186|2015|50001915620001|001|4300003614|00010|UHTC0510|1|EA|421080|KRW|421080|20151015|1300|
C|005186|2015|50001915630001|001|4300003608|00020|UAGC0183|1|EA|232000|KRW|232000|20151015|1300|
C|005186|2015|50001915660001|001|4300003668|00020|UALC0019|3|EA|22050|KRW|66150|20151015|1300|
C|005186|2015|50001915660002|001|4300003668|00030|UALC0023|3|EA|22260|KRW|66780|20151015|1300|
C|005186|2015|50001915660003|001|4300003668|00040|UALC0026|3|EA|26500|KRW|79500|20151015|1300|
C|005186|2015|50001915660004|001|4300003668|00050|UALC0024|3|EA|26500|KRW|79500|20151015|1300|
C|005186|2015|50001915670001|001|4300003646|00010|KE030011|9|EA|8190|KRW|73710|20151015|1300|
C|005186|2015|50001915670002|001|4300003646|00020|KE030110|2|EA|38540|KRW|77080|20151015|1300|
C|005186|2015|50001915670003|001|4300003646|00030|KE030114|1|EA|63840|KRW|63840|20151015|1300|
C|005186|2015|50001915670004|001|4300003646|00040|KE030116|1|EA|157500|KRW|157500|20151015|1300|
C|005186|2015|50001915670005|001|4300003646|00050|KE030123|2|EA|31500|KRW|63000|20151015|1300|
C|005186|2015|50001915670006|001|4300003646|00060|KE030200|2|EA|15230|KRW|30460|20151015|1300|
C|005186|2015|50001915670007|001|4300003646|00070|KE030211|1|EA|145740|KRW|145740|20151015|1300|
C|005186|2015|50001915670008|001|4300003646|00080|KE050302|9|EA|1160|KRW|10440|20151015|1300|
C|005186|2015|50001915670009|001|4300003646|00090|KE050304|10|EA|2600|KRW|26000|20151015|1300|
C|005186|2015|50001915670010|001|4300003646|00100|KE050700|8|EA|2200|KRW|17600|20151015|1300|
C|005186|2015|50001915670011|001|4300003646|00110|KE050701|11|EA|2630|KRW|28930|20151015|1300|
C|005186|2015|50001915670012|001|4300003646|00120|KE050801|7|EA|1900|KRW|13300|20151015|1300|
C|005186|2015|50001915670013|001|4300003646|00130|KE090106|6|EA|15370|KRW|92220|20151015|1300|
C|005186|2015|50001915670014|001|4300003646|00140|KE090136|2|EA|28980|KRW|57960|20151015|1300|
C|005186|2015|50001915670015|001|4300003646|00150|KE090165|4|EA|165900|KRW|663600|20151015|1300|
C|005186|2015|50001915680001|001|4300003657|00010|UALC0058|10|EA|28730|KRW|287300|20151015|1300|
C|005186|2015|50001915680002|001|4300003657|00020|UKBC0010|1|EA|91480|KRW|91480|20151015|1300|
C|005186|2015|50001915680003|001|4300003658|00010|UDAC0266|100|EA|4840|KRW|484000|20151015|1300|
C|005186|2015|50001915680004|001|4300003658|00020|UGBC0449|100|EA|1270|KRW|127000|20151015|1300|
C|005186|2015|50001915680005|001|4300003658|00100|UKBC0010|1|EA|91480|KRW|91480|20151015|1300|
C|005186|2015|50001915680006|001|4300003661|00010|UBBC0006|2|EA|103370|KRW|206740|20151015|1300|
C|005186|2015|50001915680007|001|4300003662|00040|UJBC0004|20|EA|4337|KRW|86740|20151015|1300|
C|005186|2015|50001915680008|001|4300003662|00050|UJBC0005|10|EA|14700|KRW|147000|20151015|1300|
C|005186|2015|50001915680009|001|4300003662|00090|UKBC0010|2|EA|91480|KRW|182960|20151015|1300|
C|005186|2015|50001915680010|001|4300003662|00100|UGCC0966|10|EA|13700|KRW|137000|20151015|1300|
C|005186|2015|50001915690001|001|4300003657|00130|UAEC0197|2|EA|7270|KRW|14540|20151015|1300|
C|005186|2015|50001915690002|001|4300003657|00140|UAEC0198|2|EA|7270|KRW|14540|20151015|1300|
C|005186|2015|50001915690003|001|4300003658|00090|UKBC0010|2|EA|91480|KRW|182960|20151015|1300|
C|005186|2015|50001915690004|001|4300003660|00010|UEBC0066|2|EA|938700|KRW|1877400|20151015|1300|
C|005186|2015|50001915690005|001|4300003661|00070|UICC0034|1|EA|23100|KRW|23100|20151015|1300|
C|005186|2015|50001915690006|001|4300003662|00010|UDFC0047|30|EA|1160|KRW|34800|20151015|1300|
C|005186|2015|50001915700001|001|4300003668|00010|UZZC0100|1|EA|45280|KRW|45280|20151015|1300|
C|005186|2015|50001915710001|001|4300003657|00030|UAEC0037|2|EA|4520|KRW|9040|20151015|1300|
C|005186|2015|50001915710002|001|4300003657|00040|UAEC0038|2|EA|4520|KRW|9040|20151015|1300|
C|005186|2015|50001915710003|001|4300003657|00050|UAIC0002|5|EA|3680|KRW|18400|20151015|1300|
C|005186|2015|50001915710004|001|4300003657|00080|UKEC0020|40|EA|1530|KRW|61200|20151015|1300|
C|005186|2015|50001915710005|001|4300003657|00090|UIDC0113|1|EA|656840|KRW|656840|20151015|1300|
C|005186|2015|50001915710006|001|4300003657|00110|UDBC0258|20|EA|410|KRW|8200|20151015|1300|
C|005186|2015|50001915710007|001|4300003657|00120|UZZC0094|10|EA|1000|KRW|10000|20151015|1300|
C|005186|2015|50001915710008|001|4300003657|00150|UICC0034|1|EA|23100|KRW|23100|20151015|1300|
C|005186|2015|50001915710009|001|4300003657|00160|UAIC0008|2|EA|88940|KRW|177880|20151015|1300|
C|005186|2015|50001915710010|001|4300003658|00030|UJBC0024|10|EA|1520|KRW|15200|20151015|1300|
C|005186|2015|50001915710011|001|4300003658|00050|UHTC0105|1|EA|23100|KRW|23100|20151015|1300|
C|005186|2015|50001915710012|001|4300003658|00060|UAEC0224|4|EA|2340|KRW|9360|20151015|1300|
C|005186|2015|50001915710013|001|4300003658|00070|UKAC0033|2|EA|317700|KRW|635400|20151015|1300|
C|005186|2015|50001915710014|001|4300003658|00080|UKEC0091|20|EA|1270|KRW|25400|20151015|1300|
C|005186|2015|50001915710015|001|4300003661|00020|UAEC0005|4|EA|2620|KRW|10480|20151015|1300|
C|005186|2015|50001915710016|001|4300003661|00030|UAEC0051|2|EA|7980|KRW|15960|20151015|1300|
C|005186|2015|50001915710017|001|4300003661|00040|UAEC0053|2|EA|8925|KRW|17850|20151015|1300|
C|005186|2015|50001915710018|001|4300003661|00050|UICC0038|5|EA|4520|KRW|22600|20151015|1300|
C|005186|2015|50001915710019|001|4300003661|00060|UICC0051|5|EA|1050|KRW|5250|20151015|1300|
C|005186|2015|50001915710020|001|4300003661|00080|UDBC0659|50|EA|108|KRW|5400|20151015|1300|
C|005186|2015|50001915710021|001|4300003661|00090|UADC0106|2|EA|2310|KRW|4620|20151015|1300|
C|005186|2015|50001915710022|001|4300003661|00100|UAEC0230|1|EA|8610|KRW|8610|20151015|1300|
C|005186|2015|50001915710023|001|4300003661|00110|UAIC0013|2|EA|45680|KRW|91360|20151015|1300|
C|005186|2015|50001915710024|001|4300003661|00130|UAEC0079|2|EA|12075|KRW|24150|20151015|1300|
C|005186|2015|50001915710025|001|4300003661|00140|UAGC0037|1|EA|21210|KRW|21210|20151015|1300|
C|005186|2015|50001915710026|001|4300003661|00160|UDBC0540|20|EA|292|KRW|5840|20151015|1300|
C|005186|2015|50001915710027|001|4300003661|00170|UAEC0224|1|EA|2340|KRW|2340|20151015|1300|
C|005186|2015|50001915710028|001|4300003661|00180|UAEC0245|3|EA|1790|KRW|5370|20151015|1300|
C|005186|2015|50001915710029|001|4300003661|00200|UEBC0486|10|EA|3760|KRW|37600|20151015|1300|
C|005186|2015|50001915710030|001|4300003661|00210|UALC0008|150|EA|1575|KRW|236250|20151015|1300|
C|005186|2015|50001915710031|001|4300003661|00220|UJAC0072|4|EA|12600|KRW|50400|20151015|1300|
C|005186|2015|50001915710032|001|4300003661|00230|UJAC0073|4|EA|13130|KRW|52520|20151015|1300|
C|005186|2015|50001915710033|001|4300003662|00020|UGCC0606|2|EA|5250|KRW|10500|20151015|1300|
C|005186|2015|50001915710034|001|4300003662|00030|UAGC0196|50|EA|379|KRW|18950|20151015|1300|
C|005186|2015|50001915710035|001|4300003662|00060|UAAC0001|20|EA|1890|KRW|37800|20151015|1300|
C|005186|2015|50001915710036|001|4300003662|00070|UDBC0648|100|EA|40|KRW|4000|20151015|1300|
C|005186|2015|50001915710037|001|4300003662|00080|UABC0017|1|EA|438900|KRW|438900|20151015|1300|
C|005186|2015|50001915710038|001|4300003662|00110|UHTC0094|2|EA|446250|KRW|892500|20151015|1300|
C|005186|2015|50001915710039|001|4300003663|00010|UGBC0587|30|EA|1150|KRW|34500|20151015|1300|
C|005186|2015|50001915710040|001|4300003663|00040|UCKC0058|2|EA|343200|KRW|686400|20151015|1300|
C|005186|2015|50001915730001|001|4300003656|00030|UCHC0001|2|EA|26250|KRW|52500|20151015|1300|
C|005186|2015|50001915730002|001|4300003664|00060|UHTC0449|10|EA|1900|KRW|19000|20151015|1300|
