C|005186|2015|50001315640001|001|4300002087|00090|UFFC0035|1|EA|120750|KRW|120750|20150215|1300|
C|005186|2015|50001315640002|001|4300002087|00100|UFFC0032|1|EA|165900|KRW|165900|20150215|1300|
C|005186|2015|50001315640003|001|4300002087|00130|UKEC0017|1|EA|61200|KRW|61200|20150215|1300|
C|005186|2015|50001315640004|001|4300002088|00110|UKAC0046|2|EA|272500|KRW|545000|20150215|1300|
C|005186|2015|50001315640005|001|4300002088|00120|UALC0024|5|EA|26500|KRW|132500|20150215|1300|
C|005186|2015|50001315640006|001|4300002088|00130|UALC0023|5|EA|22260|KRW|111300|20150215|1300|
C|005186|2015|50001315640007|001|4300002088|00140|UALC0022|5|EA|20140|KRW|100700|20150215|1300|
C|005186|2015|50001315640008|001|4300002088|00150|UALC0100|5|EA|18430|KRW|92150|20150215|1300|
C|005186|2015|50001315640009|001|4300002128|00010|UFGC0017|60|EA|3500|KRW|210000|20150215|1300|
C|005186|2015|50001315640010|001|4300002131|00060|UKBC0016|10|EA|10110|KRW|101100|20150215|1300|
C|005186|2015|50001315640011|001|4300002131|00120|UKGC0006|20|EA|1370|KRW|27400|20150215|1300|
C|005186|2015|50001315650001|001|4300002087|00050|UJAC0089|2|EA|30765|KRW|61530|20150215|1300|
C|005186|2015|50001315650002|001|4300002087|00060|UJAC0090|2|EA|29820|KRW|59640|20150215|1300|
C|005186|2015|50001315650003|001|4300002131|00020|UAEC0299|8|EA|18900|KRW|151200|20150215|1300|
C|005186|2015|50001315650004|001|4300002131|00070|UAIC0012|2|EA|36610|KRW|73220|20150215|1300|
C|005186|2015|50001315660001|001|4300002131|00050|UALC0091|20|EA|31400|KRW|628000|20150215|1300|
C|005186|2015|50001315670001|001|4300002070|00060|UDFC0053|30|EA|5250|KRW|157500|20150215|1300|
C|005186|2015|50001315670002|001|4300002086|00010|UEBC0066|2|EA|938700|KRW|1877400|20150215|1300|
C|005186|2015|50001315670003|001|4300002087|00120|UDBC0199|1000|EA|52|KRW|52000|20150215|1300|
C|005186|2015|50001315670004|001|4300002088|00230|KS067006|10|EA|3120|KRW|31200|20150215|1300|
C|005186|2015|50001315670005|001|4300002131|00090|UDFC0127|100|EA|5260|KRW|526000|20150215|1300|
C|005186|2015|50001315700001|001|4300002070|00030|UAEC0146|2|EA|84210|KRW|168420|20150215|1300|
C|005186|2015|50001315700002|001|4300002070|00050|UZZC0039|20|EA|710|KRW|14200|20150215|1300|
C|005186|2015|50001315700003|001|4300002070|00070|UAEC0197|1|EA|7270|KRW|7270|20150215|1300|
C|005186|2015|50001315700004|001|4300002070|00080|UAEC0198|1|EA|7270|KRW|7270|20150215|1300|
C|005186|2015|50001315700005|001|4300002087|00040|UCAC0057|1|EA|191000|KRW|191000|20150215|1300|
C|005186|2015|50001315700006|001|4300002087|00160|UHTC0257|40|EA|810|KRW|32400|20150215|1300|
C|005186|2015|50001315700007|001|4300002088|00010|UAEC0030|6|EA|15750|KRW|94500|20150215|1300|
C|005186|2015|50001315700008|001|4300002088|00020|UAEC0209|6|EA|9100|KRW|54600|20150215|1300|
C|005186|2015|50001315700009|001|4300002088|00030|UAEC0210|6|EA|9100|KRW|54600|20150215|1300|
C|005186|2015|50001315700010|001|4300002088|00040|UAEC0078|2|EA|10530|KRW|21060|20150215|1300|
C|005186|2015|50001315700011|001|4300002088|00050|UDBC0700|3|EA|11580|KRW|34740|20150215|1300|
C|005186|2015|50001315700012|001|4300002088|00070|UDBC0703|3|EA|9650|KRW|28950|20150215|1300|
C|005186|2015|50001315700013|001|4300002088|00100|UAGC0175|1|EA|13120|KRW|13120|20150215|1300|
C|005186|2015|50001315700014|001|4300002088|00160|UAEC0369|1|EA|311850|KRW|311850|20150215|1300|
C|005186|2015|50001315700015|001|4300002088|00170|UAEC0058|2|EA|12350|KRW|24700|20150215|1300|
C|005186|2015|50001315700016|001|4300002088|00180|UAEC0007|2|EA|4630|KRW|9260|20150215|1300|
C|005186|2015|50001315700017|001|4300002088|00190|UAEC0170|1|EA|12070|KRW|12070|20150215|1300|
C|005186|2015|50001315700018|001|4300002088|00200|UAEC0343|4|EA|9070|KRW|36280|20150215|1300|
C|005186|2015|50001315700019|001|4300002088|00210|UADC0156|2|EA|16800|KRW|33600|20150215|1300|
C|005186|2015|50001315700020|001|4300002088|00220|UAEC0048|1|EA|12600|KRW|12600|20150215|1300|
C|005186|2015|50001315700021|001|4300002131|00010|UAEC0058|2|EA|12350|KRW|24700|20150215|1300|
C|005186|2015|50001315700022|001|4300002131|00040|UJCC0060|500|EA|590|KRW|295000|20150215|1300|
C|005186|2015|50001315700023|001|4300002131|00100|UDBC0702|3|EA|8190|KRW|24570|20150215|1300|
C|005186|2015|50001315700024|001|4300002131|00110|UZZC0045|20|EA|4050|KRW|81000|20150215|1300|
C|005186|2015|50001315710001|001|4300002070|00090|UHTC0562|1|EA|284200|KRW|284200|20150215|1300|
C|005186|2015|50001315710002|001|4300002087|00010|UHTC0739|1|EA|400000|KRW|400000|20150215|1300|
C|005186|2015|50001315710003|001|4300002087|00020|UHTC0740|1|EA|342110|KRW|342110|20150215|1300|
C|005186|2015|50001315710004|001|4300002087|00030|UHTC0094|1|EA|446250|KRW|446250|20150215|1300|
