C|005186|2016|50002727600001|001|4300005605|00010|UGBC1337|1|EA|1263160|KRW|1263160|20160728|1300|
C|005186|2016|50002727600002|001|4300005605|00020|UGBC1338|1|EA|1042100|KRW|1042100|20160728|1300|
C|005186|2016|50002727600003|001|4300005636|00010|UCIC0182|1|EA|1650000|KRW|1650000|20160728|1300|
C|005186|2016|50002727600004|001|4300005638|00020|UGBC1360|1|EA|212000|KRW|212000|20160728|1300|
C|005186|2016|50002727600005|001|4300005638|00030|UGBC1337|1|EA|1263160|KRW|1263160|20160728|1300|
C|005186|2016|50002727600006|001|4300005639|00010|UGBC1338|1|EA|1042100|KRW|1042100|20160728|1300|
C|005186|2016|50002727600007|001|4300005639|00030|UGBC0134|20|EA|280|KRW|5600|20160728|1300|
C|005186|2016|50002727600008|001|4300005639|00050|UGBC1196|30|EA|520|KRW|15600|20160728|1300|
C|005186|2016|50002727600009|001|4300005639|00060|UGBC0532|20|EA|3990|KRW|79800|20160728|1300|
C|005186|2016|50002727600010|001|4300005639|00070|UGBC0542|5|EA|26250|KRW|131250|20160728|1300|
C|005186|2016|50002727600011|001|4300005639|00080|UGBC0597|30|EA|1260|KRW|37800|20160728|1300|
C|005186|2016|50002727600012|001|4300005639|00090|UGBC0599|30|EA|2310|KRW|69300|20160728|1300|
C|005186|2016|50002727600013|001|4300005639|00100|UGBC0234|30|EA|2210|KRW|66300|20160728|1300|
C|005186|2016|50002727600014|001|4300005639|00110|UGBC0235|20|EA|2950|KRW|59000|20160728|1300|
C|005186|2016|50002727600015|001|4300005640|00010|UGBC0297|1|EA|1260000|KRW|1260000|20160728|1300|
C|005186|2016|50002727610001|001|4300005547|00030|UHTC0770|2|EA|146000|KRW|292000|20160728|1300|
C|005186|2016|50002727610002|001|4300005688|00010|UHHC0078|1|EA|573300|KRW|573300|20160728|1300|
C|005186|2016|50002727610003|001|4300005688|00020|UHGC0129|2|EA|612680|KRW|1225360|20160728|1300|
C|005186|2016|50002727610004|001|4300005688|00030|UHHC0119|20|EA|6930|KRW|138600|20160728|1300|
C|005186|2016|50002727610005|001|4300005690|00010|UHTC0124|12|EA|40425|KRW|485100|20160728|1300|
C|005186|2016|50002727610006|001|4300005690|00020|UHGC0290|10|EA|25400|KRW|254000|20160728|1300|
C|005186|2016|50002727610007|001|4300005690|00030|UHGC0053|10|EA|22940|KRW|229400|20160728|1300|
C|005186|2016|50002727610008|001|4300005690|00040|UHGC0254|1|EA|800000|KRW|800000|20160728|1300|
C|005186|2016|50002727610009|001|4300005690|00050|UKEC0024|40|EA|1520|KRW|60800|20160728|1300|
C|005186|2016|50002727610010|001|4300005691|00020|UHGC0290|8|EA|25400|KRW|203200|20160728|1300|
C|005186|2016|50002727610011|001|4300005691|00030|UHFC0069|5|EA|101330|KRW|506650|20160728|1300|
C|005186|2016|50002727610012|001|4300005691|00040|UHEC0013|3|EA|100800|KRW|302400|20160728|1300|
C|005186|2016|50002727620001|001|4300005691|00010|UHGC0287|5|EA|83800|KRW|419000|20160728|1300|
