C|005186|2019|50005047550001|001|4300013591|00010|UEBC1210|10|EA|732500|KRW|1465000|20190710|1300|
C|005186|2019|50005047560001|001|4300013984|00110|UIDC0046|1|EA|69230|KRW|69230|20190710|1300|
C|005186|2019|50005047560002|001|4300013993|00010|UGBC1360|2|EA|212000|KRW|424000|20190710|1300|
C|005186|2019|50005047570001|001|4300013983|00010|UHEC0028|5|EA|242500|KRW|242500|20190710|1300|
C|005186|2019|50005047570002|001|4300013983|00020|UHNC0081|1|EA|460000|KRW|460000|20190710|1300|
C|005186|2019|50005047570003|001|4300013983|00030|UHGC0295|5|EA|180200|KRW|180200|20190710|1300|
C|005186|2019|50005047570004|001|4300013983|00040|UHGC0330|4|EA|257250|KRW|1029000|20190710|1300|
C|005186|2019|50005047580001|001|4300013936|00010|UEBC1443|6|EA|302000|KRW|1812000|20190710|1300|
C|005186|2019|50005047580002|001|4300013984|00010|UADC0116|2|EA|100800|KRW|201600|20190710|1300|
C|005186|2019|50005047580003|001|4300013984|00020|UDEC0022|1|EA|9975|KRW|9975|20190710|1300|
C|005186|2019|50005047580004|001|4300013984|00030|UEBC1395|3|EA|13400|KRW|40200|20190710|1300|
C|005186|2019|50005047580005|001|4300013984|00040|UEBC0247|10|EA|36550|KRW|73100|20190710|1300|
C|005186|2019|50005047580006|001|4300013984|00050|UEAC0048|1|EA|252000|KRW|252000|20190710|1300|
C|005186|2019|50005047580007|001|4300013984|00100|UDEC0004|1|EA|546000|KRW|546000|20190710|1300|
C|005186|2019|50005047580008|001|4300013984|00120|UGBC0304|60|EA|5200|KRW|15600|20190710|1300|
C|005186|2019|50005047580009|001|4300013984|00130|UGBC1309|30|EA|14700|KRW|44100|20190710|1300|
C|005186|2019|50005047580010|001|4300013984|00140|UGBC1310|30|EA|9000|KRW|27000|20190710|1300|
C|005186|2019|50005047580011|001|4300013984|00150|UDBC0805|1|EA|248000|KRW|248000|20190710|1300|
C|005186|2019|50005047580012|001|4300013984|00160|UAGC0064|1|EA|112630|KRW|112630|20190710|1300|
C|005186|2019|50005047580013|001|4300013984|00180|UDEC0117|1|EA|34040|KRW|34040|20190710|1300|
C|005186|2019|50005047580014|001|4300013991|00010|UGCC0657|2|EA|26500|KRW|53000|20190710|1300|
C|005186|2019|50005047580015|001|4300013992|00010|UDAC0330|10|EA|12720|KRW|12720|20190710|1300|
C|005186|2019|50005047580016|001|4300013992|00020|UDAC0083|10|EA|27000|KRW|135000|20190710|1300|
C|005186|2019|50005047590001|001|4300013826|00030|UZZC0188|300|EA|4200|KRW|126000|20190710|1300|
C|005186|2019|50005048400001|001|4300014033|00020|UEBC1602|8|EA|5740|KRW|45920|20190710|1300|
C|005186|2019|50005048400002|001|4300014035|00040|UEBC1598|2|EA|14700|KRW|29400|20190710|1300|
C|005186|2019|50005048400003|001|4300014035|00050|UEBC1599|1|EA|762000|KRW|762000|20190710|1300|
C|005186|2019|50005048410001|001|4300014027|00030|UALC0120|1|EA|110000|KRW|110000|20190710|1300|
