C|005186|2018|50004042650001|001|4300009771|00010|UHDC0019|10|EA|36750|KRW|367500|20180228|1300|
C|005186|2018|50004042650002|001|4300009771|00020|UHFC0075|10|EA|13630|KRW|136300|20180228|1300|
C|005186|2018|50004042650003|001|4300009773|00040|UHFC0356|3|EA|50400|KRW|151200|20180228|1300|
C|005186|2018|50004042650004|001|4300009773|00050|UHGC0012|3|EA|66150|KRW|198450|20180228|1300|
C|005186|2018|50004042650005|001|4300009774|00010|UHGC0150|10|EA|31600|KRW|316000|20180228|1300|
C|005186|2018|50004042650006|001|4300009774|00020|UHGC0317|5|EA|318000|KRW|1590000|20180228|1300|
C|005186|2018|50004042650007|001|4300009775|00020|UHOC0003|3|EA|310800|KRW|932400|20180228|1300|
C|005186|2018|50004042660001|001|4300009765|00030|UZZC0029|20|EA|11550|KRW|231000|20180228|1300|
C|005186|2018|50004042660002|001|4300009773|00020|UALC0022|3|EA|20140|KRW|60420|20180228|1300|
C|005186|2018|50004042660003|001|4300009773|00030|UALC0105|5|EA|20140|KRW|100700|20180228|1300|
