C|005186|2015|50002014650001|001|4300003804|00010|UEBC0111|1|EA|10130|KRW|10130|20151115|1300|
C|005186|2015|50002014650002|001|4300003804|00020|UEBC0229|3|EA|4870|KRW|14610|20151115|1300|
C|005186|2015|50002014650003|001|4300003804|00030|UDEC0056|1|EA|39960|KRW|39960|20151115|1300|
C|005186|2015|50002014650004|001|4300003804|00040|UDEC0063|1|EA|255150|KRW|255150|20151115|1300|
C|005186|2015|50002014650005|001|4300003804|00080|UEBC0551|8|EA|48300|KRW|386400|20151115|1300|
C|005186|2015|50002014650006|001|4300003804|00140|UIDC0107|1|EA|141120|KRW|141120|20151115|1300|
C|005186|2015|50002014650007|001|4300003806|00010|UDEC0066|4|EA|444680|KRW|1778720|20151115|1300|
C|005186|2015|50002014650008|001|4300003807|00010|UDBC0350|50|EA|80|KRW|4000|20151115|1300|
C|005186|2015|50002014650009|001|4300003807|00020|UDBC0351|50|EA|284|KRW|14200|20151115|1300|
C|005186|2015|50002014650010|001|4300003807|00030|UDBC0353|50|EA|95|KRW|4750|20151115|1300|
C|005186|2015|50002014650011|001|4300003807|00040|UAGC0204|100|EA|370|KRW|37000|20151115|1300|
C|005186|2015|50002014650012|001|4300003807|00050|UAGC0205|100|EA|370|KRW|37000|20151115|1300|
C|005186|2015|50002014650013|001|4300003807|00060|UAGC0206|100|EA|504|KRW|50400|20151115|1300|
C|005186|2015|50002014650014|001|4300003807|00070|UAGC0207|100|EA|370|KRW|37000|20151115|1300|
C|005186|2015|50002014650015|001|4300003807|00080|UAGC0208|100|EA|370|KRW|37000|20151115|1300|
C|005186|2015|50002014650016|001|4300003807|00090|UAGC0209|100|EA|370|KRW|37000|20151115|1300|
C|005186|2015|50002014650017|001|4300003807|00110|UEBC0709|4|EA|4120|KRW|16480|20151115|1300|
C|005186|2015|50002014650018|001|4300003808|00010|UDEC0066|1|EA|444680|KRW|444680|20151115|1300|
C|005186|2015|50002014660001|001|4300003816|00120|UALC0093|6|EA|246700|KRW|1480200|20151115|1300|
C|005186|2015|50002014660002|001|4300003817|00010|UALC0094|12|EA|62800|KRW|753600|20151115|1300|
