C|005186|2015|50001960690001|001|4300003699|00060|CMD0011|1|EA|24150|KRW|24150|20151030|1300|
C|005186|2015|50001960690002|001|4300003828|00020|CMD0016|1|EA|30450|KRW|30450|20151030|1300|
C|005186|2015|50001960700001|001|4300003775|00010|CMD0016|2|EA|30450|KRW|60900|20151030|1300|
C|005186|2015|50001960700002|001|4300003775|00090|CMD0016|6|EA|30450|KRW|182700|20151030|1300|
C|005186|2015|50001960710001|001|4300003827|00010|CMA0001|120|EA|240|KRW|28800|20151030|1300|
C|005186|2015|50001960710002|001|4300003827|00020|CMA0007|50|EA|270|KRW|13500|20151030|1300|
C|005186|2015|50001960710003|001|4300003827|00030|CMA0008|50|EA|690|KRW|34500|20151030|1300|
C|005186|2015|50001960710004|001|4300003827|00040|CMB0010|40|EA|1100|KRW|44000|20151030|1300|
C|005186|2015|50001960710005|001|4300003827|00050|CME0010|50|EA|285|KRW|14250|20151030|1300|
C|005186|2015|50001960710006|001|4300003827|00070|CMA0017|5|EA|780|KRW|3900|20151030|1300|
C|005186|2015|50001960710007|001|4300003827|00080|CME0001|10|EA|4910|KRW|49100|20151030|1300|
C|005186|2015|50001960710008|001|4300003827|00090|CMH0007|2|EA|11700|KRW|23400|20151030|1300|
C|005186|2015|50001960710009|001|4300003827|00100|CMA0006|5|EA|2270|KRW|11350|20151030|1300|
C|005186|2015|50001960710010|001|4300003827|00110|CMZ0014|3|EA|23300|KRW|69900|20151030|1300|
C|005186|2015|50001960720001|001|4300003828|00010|CMB0010|40|EA|1100|KRW|44000|20151030|1300|
C|005186|2015|50001960730001|001|4300003775|00020|CMB0010|400|EA|1100|KRW|440000|20151030|1300|
C|005186|2015|50001960730002|001|4300003775|00030|CMB0003|40|EA|2420|KRW|96800|20151030|1300|
C|005186|2015|50001960730003|001|4300003775|00040|CMH0007|4|EA|11700|KRW|46800|20151030|1300|
C|005186|2015|50001960730004|001|4300003775|00050|CMF0004|20|EA|22050|KRW|441000|20151030|1300|
C|005186|2015|50001960730005|001|4300003775|00060|CMA0001|200|EA|240|KRW|48000|20151030|1300|
C|005186|2015|50001960730006|001|4300003775|00070|CMA0008|500|EA|690|KRW|345000|20151030|1300|
C|005186|2015|50001960730007|001|4300003775|00080|CMA0007|500|EA|270|KRW|135000|20151030|1300|
C|005186|2015|50001960740001|001|4300003771|00040|KS061503|8|EA|3150|KRW|25200|20151030|1300|
C|005186|2015|50001960740002|001|4300003771|00050|KS061504|10|EA|4050|KRW|40500|20151030|1300|
C|005186|2015|50001960740003|001|4300003771|00060|KS061505|2|EA|6230|KRW|12460|20151030|1300|
C|005186|2015|50001960740004|001|4300003771|00070|KS066900|5|EA|1290|KRW|6450|20151030|1300|
C|005186|2015|50001960740005|001|4300003771|00080|KS066901|4|EA|1290|KRW|5160|20151030|1300|
C|005186|2015|50001960740006|001|4300003771|00090|KS066902|4|EA|1540|KRW|6160|20151030|1300|
C|005186|2015|50001960740007|001|4300003771|00100|KS067007|5|EA|4100|KRW|20500|20151030|1300|
C|005186|2015|50001960740008|001|4300003771|00110|KS067206|3|EA|4480|KRW|13440|20151030|1300|
C|005186|2015|50001960740009|001|4300003771|00120|KS067208|6|EA|7940|KRW|47640|20151030|1300|
C|005186|2015|50001960740010|001|4300003771|00130|KS990008|2|EA|39900|KRW|79800|20151030|1300|
C|005186|2015|50001960740011|001|4300003771|00210|KT020700|17|EA|2680|KRW|45560|20151030|1300|
C|005186|2015|50001960740012|001|4300003771|00220|KT080300|20.000|KG|2770|KRW|55400|20151030|1300|
C|005186|2015|50001960740013|001|4300003771|00230|KT080360|1|EA|5250|KRW|5250|20151030|1300|
