C|005186|2017|50003823590001|001|4300008499|00020|UGCC0506|2|EA|24200|KRW|48400|20171115|1300|
C|005186|2017|50003823590002|001|4300008499|00030|UGCC0501|2|EA|38000|KRW|76000|20171115|1300|
C|005186|2017|50003823590003|001|4300008499|00040|UGCC0498|2|EA|66800|KRW|133600|20171115|1300|
C|005186|2017|50003823600001|001|4300008494|00010|UHDC0061|100|EA|10300|KRW|1030000|20171115|1300|
C|005186|2017|50003823600002|001|4300008499|00100|UHTC0233|5|EA|29900|KRW|149500|20171115|1300|
C|005186|2017|50003823610001|001|4300008501|00020|UBEC0003|4|EA|166430|KRW|665720|20171115|1300|
C|005186|2017|50003823680001|001|4300008497|00020|KE110200|10|EA|65100|KRW|651000|20171115|1300|
C|005186|2017|50003823690001|001|4300008480|00010|UHTC0510|1|EA|421080|KRW|421080|20171115|1300|
C|005186|2017|50003823700001|001|4300008847|00040|UAGC0002|40|EA|1520|KRW|60800|20171115|1300|
C|005186|2017|50003823700002|001|4300008858|00010|UGCC1126|4|EA|33400|KRW|133600|20171115|1300|
C|005186|2017|50003823700003|001|4300008858|00020|UGCC0433|1|EA|154300|KRW|154300|20171115|1300|
C|005186|2017|50003823700004|001|4300008858|00040|UGCC1170|1|EA|105500|KRW|105500|20171115|1300|
C|005186|2017|50003823700005|001|4300008859|00010|UIDC0122|1|EA|72450|KRW|72450|20171115|1300|
C|005186|2017|50003823710001|001|4300008787|00010|UHTC0800|5|EA|159000|KRW|795000|20171115|1300|
C|005186|2017|50003823710002|001|4300008787|00020|UHHC0029|100|M|7298|KRW|729800|20171115|1300|
C|005186|2017|50003823710003|001|4300008787|00030|UHTC0444|8|EA|53130|KRW|425040|20171115|1300|
C|005186|2017|50003823710004|001|4300008797|00090|UIEC0007|2|EA|7080|KRW|14160|20171115|1300|
C|005186|2017|50003823710005|001|4300008846|00010|UGBC0555|10|EA|42000|KRW|420000|20171115|1300|
C|005186|2017|50003823710006|001|4300008846|00020|UGBC0556|5|EA|52500|KRW|262500|20171115|1300|
C|005186|2017|50003823710007|001|4300008846|00030|UGBC0557|5|EA|65100|KRW|325500|20171115|1300|
C|005186|2017|50003823710008|001|4300008846|00040|UGBC1197|10|EA|27300|KRW|273000|20171115|1300|
C|005186|2017|50003823710009|001|4300008846|00050|UGBC1596|5|EA|28700|KRW|143500|20171115|1300|
C|005186|2017|50003823710010|001|4300008846|00060|UGBC1383|5|EA|36200|KRW|181000|20171115|1300|
C|005186|2017|50003823710011|001|4300008847|00030|UKEC0021|40|EA|1520|KRW|60800|20171115|1300|
C|005186|2017|50003823710012|001|4300008847|00050|UGCC1159|3|EA|108200|KRW|324600|20171115|1300|
C|005186|2017|50003823710013|001|4300008847|00060|UGBC1260|1|EA|458000|KRW|458000|20171115|1300|
C|005186|2017|50003823710014|001|4300008847|00070|UGBC1398|10|EA|78500|KRW|785000|20171115|1300|
C|005186|2017|50003823710015|001|4300008848|00020|UCIC0061|1|EA|337890|KRW|337890|20171115|1300|
C|005186|2017|50003823710016|001|4300008849|00010|UHGC0254|1|EA|800000|KRW|800000|20171115|1300|
C|005186|2017|50003823710017|001|4300008849|00030|UHCC0016|1|EA|958650|KRW|958650|20171115|1300|
C|005186|2017|50003823710018|001|4300008850|00010|UHDC0059|10|EA|55650|KRW|556500|20171115|1300|
C|005186|2017|50003823710019|001|4300008850|00040|UHGC0240|6|EA|83690|KRW|502140|20171115|1300|
C|005186|2017|50003823710020|001|4300008851|00010|UHTC0800|5|EA|159000|KRW|795000|20171115|1300|
C|005186|2017|50003823710021|001|4300008851|00020|UHHC0111|1|EA|702450|KRW|702450|20171115|1300|
C|005186|2017|50003823710022|001|4300008852|00010|UHGC0134|2|EA|756000|KRW|1512000|20171115|1300|
C|005186|2017|50003823710023|001|4300008855|00030|UGCC1151|3|EA|51000|KRW|153000|20171115|1300|
C|005186|2017|50003823710024|001|4300008855|00040|UGBC1475|5|EA|51400|KRW|257000|20171115|1300|
C|005186|2017|50003823710025|001|4300008856|00010|UGCC1241|3|EA|4880|KRW|14640|20171115|1300|
C|005186|2017|50003823710026|001|4300008856|00020|UGCC1242|2|EA|79000|KRW|158000|20171115|1300|
C|005186|2017|50003823710027|001|4300008856|00050|UDEC0106|5|EA|230000|KRW|1150000|20171115|1300|
C|005186|2017|50003823710028|001|4300008856|00060|UKEC0018|20|EA|1530|KRW|30600|20171115|1300|
C|005186|2017|50003823710029|001|4300008856|00070|UKEC0023|20|EA|1530|KRW|30600|20171115|1300|
C|005186|2017|50003823710030|001|4300008856|00080|UKEC0109|20|EA|1526|KRW|30520|20171115|1300|
C|005186|2017|50003823710031|001|4300008857|00030|UGCC1087|20|EA|33900|KRW|678000|20171115|1300|
C|005186|2017|50003823710032|001|4300008857|00040|UGCC1146|1|EA|649000|KRW|649000|20171115|1300|
C|005186|2017|50003823720001|001|4300008847|00010|UGCC0933|2|EA|65200|KRW|130400|20171115|1300|
C|005186|2017|50003823720002|001|4300008858|00050|UGBC1399|20|EA|1850|KRW|37000|20171115|1300|
C|005186|2017|50003823730001|001|4300008849|00020|UEBC0263|5|EA|36120|KRW|180600|20171115|1300|
C|005186|2017|50003823730002|001|4300008850|00020|UEBC1201|5|EA|30500|KRW|152500|20171115|1300|
C|005186|2017|50003823730003|001|4300008854|00010|UEAC0150|2|EA|139900|KRW|279800|20171115|1300|
C|005186|2017|50003823730004|001|4300008854|00020|UEAC0060|1|EA|92100|KRW|92100|20171115|1300|
C|005186|2017|50003823730005|001|4300008854|00030|UEAC0149|1|EA|90000|KRW|90000|20171115|1300|
C|005186|2017|50003823730006|001|4300008854|00040|UAGC0049|10|EA|2110|KRW|21100|20171115|1300|
C|005186|2017|50003823730007|001|4300008854|00050|UDBC0847|1|EA|347200|KRW|347200|20171115|1300|
C|005186|2017|50003823730008|001|4300008854|00060|UDBC0846|3|EA|249300|KRW|747900|20171115|1300|
C|005186|2017|50003823730009|001|4300008855|00010|UIDC0121|2|EA|283500|KRW|567000|20171115|1300|
C|005186|2017|50003823730010|001|4300008855|00020|UEBC0151|4|EA|6130|KRW|24520|20171115|1300|
C|005186|2017|50003823730011|001|4300008855|00060|UDDC0350|8|EA|22579|KRW|180632|20171115|1300|
C|005186|2017|50003823730012|001|4300008855|00070|UDAC0291|10|EA|1060|KRW|10600|20171115|1300|
C|005186|2017|50003823730013|001|4300008855|00090|UEBC0706|1|EA|10630|KRW|10630|20171115|1300|
C|005186|2017|50003823730014|001|4300008855|00100|UEBC0209|2|EA|164460|KRW|328920|20171115|1300|
C|005186|2017|50003823730015|001|4300008855|00110|UEBC0208|2|EA|113800|KRW|227600|20171115|1300|
C|005186|2017|50003823730016|001|4300008855|00120|UDAC0058|4|EA|16420|KRW|65680|20171115|1300|
C|005186|2017|50003823730017|001|4300008856|00030|UDAC0060|4|EA|57750|KRW|231000|20171115|1300|
C|005186|2017|50003823730018|001|4300008856|00040|UEBC1295|10|EA|8450|KRW|84500|20171115|1300|
C|005186|2017|50003823730019|001|4300008856|00090|UICC0007|20|EA|1580|KRW|31600|20171115|1300|
C|005186|2017|50003823730020|001|4300008856|00100|UICC0035|20|EA|4940|KRW|98800|20171115|1300|
C|005186|2017|50003823730021|001|4300008856|00110|UEBC0329|5|EA|14750|KRW|73750|20171115|1300|
C|005186|2017|50003823730022|001|4300008857|00050|UEBC0007|8|EA|58800|KRW|470400|20171115|1300|
C|005186|2017|50003823730023|001|4300008858|00060|UEBC1283|2|EA|91900|KRW|183800|20171115|1300|
C|005186|2017|50003823740001|001|4300008855|00050|UEBC0723|1|EA|18870|KRW|18870|20171115|1300|
C|005186|2017|50003823750001|001|4300008859|00020|UHHC0201|60|EA|31580|KRW|1894800|20171115|1300|
C|005186|2017|50003823760001|001|4300008803|00020|UALC0118|6000|EA|110|KRW|660000|20171115|1300|
C|005186|2017|50003823770001|001|4300008855|00080|UDBC0795|15|EA|170|KRW|2550|20171115|1300|
C|005186|2017|50003823770002|001|4300008858|00030|UEBC0162|20|EA|68250|KRW|1365000|20171115|1300|
C|005186|2017|50003823780001|001|4300008794|00050|UHTC0682|10|EA|56700|KRW|567000|20171115|1300|
C|005186|2017|50003823780002|001|4300008798|00020|UCHC0007|1|EA|12630|KRW|12630|20171115|1300|
C|005186|2017|50003823780003|001|4300008798|00030|UGCC1217|1|EA|98600|KRW|98600|20171115|1300|
C|005186|2017|50003823780004|001|4300008798|00040|UZZC0124|1|EA|125000|KRW|125000|20171115|1300|
C|005186|2017|50003823780005|001|4300008850|00030|UHTC0720|24|EA|24700|KRW|592800|20171115|1300|
C|005186|2017|50003823780006|001|4300008910|00010|UEBC0513|4|EA|7060|KRW|28240|20171115|1300|
C|005186|2017|50003823780007|001|4300008911|00010|UZZC0086|40|EA|9180|KRW|367200|20171115|1300|
C|005186|2017|50003823780008|001|4300008911|00020|UICC0034|5|EA|23100|KRW|115500|20171115|1300|
C|005186|2017|50003823780009|001|4300008916|00050|UJAC0127|8|EA|3030|KRW|24240|20171115|1300|
C|005186|2017|50003823780010|001|4300008918|00260|UDBC0042|200|EA|306|KRW|61200|20171115|1300|
C|005186|2017|50003823780011|001|4300008918|00270|UDBC0505|200|EA|310|KRW|62000|20171115|1300|
C|005186|2017|50003823780012|001|4300008918|00280|UDBC0528|200|EA|360|KRW|72000|20171115|1300|
C|005186|2017|50003823780013|001|4300008918|00290|UDBC0320|500|EA|26|KRW|13000|20171115|1300|
C|005186|2017|50003823780014|001|4300008918|00300|UDBC0323|500|EA|40|KRW|20000|20171115|1300|
C|005186|2017|50003823780015|001|4300008918|00310|UDBC0299|500|EA|53|KRW|26500|20171115|1300|
C|005186|2017|50003823780016|001|4300008918|00320|UDBC0741|500|EA|18|KRW|9000|20171115|1300|
C|005186|2017|50003823780017|001|4300008918|00330|UDBC0744|500|EA|40|KRW|20000|20171115|1300|
C|005186|2017|50003823780018|001|4300008918|00340|UDBC0715|500|EA|48|KRW|24000|20171115|1300|
C|005186|2017|50003823780019|001|4300008918|00350|UDBC0376|300|EA|58|KRW|17400|20171115|1300|
C|005186|2017|50003823780020|001|4300008918|00360|UDBC0345|300|EA|120|KRW|36000|20171115|1300|
C|005186|2017|50003823780021|001|4300008918|00370|UDBC0348|300|EA|180|KRW|54000|20171115|1300|
C|005186|2017|50003823780022|001|4300008918|00380|UDBC0354|300|EA|350|KRW|105000|20171115|1300|
C|005186|2017|50003823780023|001|4300008918|00390|UDBC0224|100|EA|38|KRW|3800|20171115|1300|
C|005186|2017|50003823780024|001|4300008918|00400|UDBC0228|100|EA|63|KRW|6300|20171115|1300|
C|005186|2017|50003823790001|001|4300008802|00010|UGCC0737|1|EA|1769000|KRW|1769000|20171115|1300|
C|005186|2017|50003823790002|001|4300008910|00020|UBEC0001|30|EA|18900|KRW|567000|20171115|1300|
C|005186|2017|50003823790003|001|4300008910|00040|UHTC0824|5|EA|32000|KRW|160000|20171115|1300|
C|005186|2017|50003823790004|001|4300008916|00070|UAEC0452|20|EA|1680|KRW|33600|20171115|1300|
C|005186|2017|50003823790005|001|4300008918|00010|UAGC0247|1|EA|566320|KRW|566320|20171115|1300|
C|005186|2017|50003823820001|001|4300008916|00010|UEBC0162|20|EA|68250|KRW|1365000|20171115|1300|
C|005186|2017|50003823820002|001|4300008916|00030|UEBC0021|4|EA|20550|KRW|82200|20171115|1300|
C|005186|2017|50003823820003|001|4300008916|00040|UEBC0247|4|EA|7310|KRW|29240|20171115|1300|
C|005186|2017|50003823820004|001|4300008918|00030|UDBC0403|200|EA|27|KRW|5400|20171115|1300|
C|005186|2017|50003823820005|001|4300008918|00040|UDBC0422|500|EA|69|KRW|34500|20171115|1300|
C|005186|2017|50003823820006|001|4300008918|00050|UDBC0424|200|EA|72|KRW|14400|20171115|1300|
C|005186|2017|50003823820007|001|4300008918|00070|UDBC0445|300|EA|210|KRW|63000|20171115|1300|
C|005186|2017|50003823820008|001|4300008918|00080|UDBC0942|300|EA|59|KRW|17700|20171115|1300|
C|005186|2017|50003823820009|001|4300008918|00090|UDBC0619|300|EA|70|KRW|21000|20171115|1300|
C|005186|2017|50003823820010|001|4300008918|00100|UDBC1026|100|EA|215|KRW|21500|20171115|1300|
C|005186|2017|50003823820011|001|4300008918|00110|UDBC0801|500|EA|6|KRW|3000|20171115|1300|
C|005186|2017|50003823820012|001|4300008918|00120|UDBC0324|500|EA|13|KRW|6500|20171115|1300|
C|005186|2017|50003823820013|001|4300008918|00130|UDBC0803|500|EA|8|KRW|4000|20171115|1300|
C|005186|2017|50003823820014|001|4300008918|00140|UDBC0742|500|EA|12|KRW|6000|20171115|1300|
C|005186|2017|50003823820015|001|4300008918|00150|UDBC0748|500|EA|34|KRW|17000|20171115|1300|
C|005186|2017|50003823820016|001|4300008918|00160|UDBC0377|300|EA|23|KRW|6900|20171115|1300|
C|005186|2017|50003823820017|001|4300008918|00170|UDBC0346|300|EA|46|KRW|13800|20171115|1300|
C|005186|2017|50003823820018|001|4300008918|00180|UDBC0108|100|EA|105|KRW|10500|20171115|1300|
C|005186|2017|50003823820019|001|4300008918|00190|UDBC0349|300|EA|60|KRW|18000|20171115|1300|
C|005186|2017|50003823820020|001|4300008918|00210|UEBC0777|50|EA|510|KRW|25500|20171115|1300|
C|005186|2017|50003823820021|001|4300008918|00220|UEBC0781|30|EA|630|KRW|18900|20171115|1300|
C|005186|2017|50003823820022|001|4300008918|00230|UEBC0787|20|EA|850|KRW|17000|20171115|1300|
C|005186|2017|50003823820023|001|4300008918|00240|UEBC0791|20|EA|1350|KRW|27000|20171115|1300|
C|005186|2017|50003823820024|001|4300008918|00250|UEBC0775|30|EA|920|KRW|27600|20171115|1300|
C|005186|2017|50003823820025|001|4300008919|00010|UEBC0665|12|EA|165850|KRW|0|20171115|1300|
C|005186|2017|50003823820026|001|4300008920|00010|UEBC0662|6|EA|99320|KRW|595920|20171115|1300|
C|005186|2017|50003823820027|001|4300008920|00020|UEBC0788|12|EA|3550|KRW|42600|20171115|1300|
C|005186|2017|50003823820028|001|4300008920|00030|UEBC0789|12|EA|2450|KRW|29400|20171115|1300|
C|005186|2017|50003823820029|001|4300008920|00040|UEBC0775|50|EA|920|KRW|46000|20171115|1300|
C|005186|2017|50003823820030|001|4300008920|00050|UEBC0777|50|EA|510|KRW|25500|20171115|1300|
C|005186|2017|50003823850001|001|4300008910|00030|UGBC1268|1|EA|1050000|KRW|1050000|20171115|1300|
C|005186|2017|50003823870001|001|4300008798|00010|UCGC0004|1|EA|461000|KRW|461000|20171115|1300|
C|005186|2017|50003823890001|001|4300008923|00010|UGCC1156|1|EA|159000|KRW|159000|20171115|1300|
C|005186|2017|50003823910001|001|4300008916|00060|UCAC0056|2|EA|14175|KRW|28350|20171115|1300|
C|005186|2017|50003823930001|001|4300008846|00070|UGBC1185|30|EA|780|KRW|23400|20171115|1300|
C|005186|2017|50003823930002|001|4300008846|00080|UGBC1186|20|EA|1170|KRW|23400|20171115|1300|
C|005186|2017|50003823930003|001|4300008846|00090|UGBC0711|10|EA|2210|KRW|22100|20171115|1300|
C|005186|2017|50003823930004|001|4300008846|00100|UGBC0809|10|EA|4410|KRW|44100|20171115|1300|
C|005186|2017|50003823930005|001|4300008846|00110|UGBC0811|10|EA|6510|KRW|65100|20171115|1300|
C|005186|2017|50003823930006|001|4300008846|00120|UGBC0634|10|EA|8400|KRW|84000|20171115|1300|
C|005186|2017|50003823930007|001|4300008847|00020|UGCC1239|1|EA|85800|KRW|85800|20171115|1300|
C|005186|2017|50003823930008|001|4300008848|00010|UGBC0658|10|EA|160650|KRW|1606500|20171115|1300|
C|005186|2017|50003823990001|001|4300008675|00100|UDDC0390|1|EA|180300|KRW|180300|20171115|1300|
C|005186|2017|50003823990002|001|4300008710|00050|UDDC0282|5|EA|13860|KRW|69300|20171115|1300|
C|005186|2017|50003823990003|001|4300008805|00060|CME0010|60|EA|240|KRW|14400|20171115|1300|
C|005186|2017|50003823990004|001|4300008805|00090|CMF0013|10|EA|940|KRW|9400|20171115|1300|
C|005186|2017|50003823990005|001|4300008806|00040|CMA0016|150|EA|2140|KRW|321000|20171115|1300|
C|005186|2017|50003823990006|001|4300008806|00050|CMB0010|500|EA|1280|KRW|640000|20171115|1300|
C|005186|2017|50003823990007|001|4300008806|00110|CME0010|200|EA|240|KRW|48000|20171115|1300|
C|005186|2017|50003823990008|001|4300008806|00150|CMF0020|10|EA|650|KRW|6500|20171115|1300|
C|005186|2017|50003823990009|001|4300008806|00160|CMH0007|20|EA|11600|KRW|232000|20171115|1300|
C|005186|2017|50003823990010|001|4300008806|00180|CMZ0006|20|EA|1170|KRW|23400|20171115|1300|
C|005186|2017|50003823990011|001|4300008807|00050|CMB0010|40|EA|1280|KRW|51200|20171115|1300|
C|005186|2017|50003823990012|001|4300008807|00080|CMH0007|1|EA|11600|KRW|11600|20171115|1300|
C|005186|2017|50003823990013|001|4300008807|00090|CMB0010|220|EA|1280|KRW|281600|20171115|1300|
C|005186|2017|50003823990014|001|4300008808|00040|CMB0010|60|EA|1280|KRW|76800|20171115|1300|
C|005186|2017|50003823990015|001|4300008808|00100|CME0010|100|EA|240|KRW|24000|20171115|1300|
C|005186|2017|50003823990016|001|4300008808|00160|CMH0007|2|EA|11600|KRW|23200|20171115|1300|
C|005186|2017|50003823990017|001|4300008809|00030|CMA0016|20|EA|2140|KRW|42800|20171115|1300|
C|005186|2017|50003823990018|001|4300008809|00060|CME0001|13|EA|3300|KRW|42900|20171115|1300|
C|005186|2017|50003823990019|001|4300008809|00070|CMF0001|2|EA|1950|KRW|3900|20171115|1300|
C|005186|2017|50003823990020|001|4300008809|00090|CMF0006|1|EA|9500|KRW|9500|20171115|1300|
C|005186|2017|50003823990021|001|4300008809|00100|CMF0020|2|EA|650|KRW|1300|20171115|1300|
C|005186|2017|50003823990022|001|4300008809|00110|CMF0021|2|EA|3100|KRW|6200|20171115|1300|
C|005186|2017|50003823990023|001|4300008809|00120|CMH0007|2|EA|11600|KRW|23200|20171115|1300|
C|005186|2017|50003823990024|001|4300008810|00040|CMA0015|200|EA|2520|KRW|504000|20171115|1300|
C|005186|2017|50003823990025|001|4300008810|00050|CMA0016|150|EA|2140|KRW|321000|20171115|1300|
C|005186|2017|50003823990026|001|4300008810|00090|CME0001|50|EA|3300|KRW|165000|20171115|1300|
C|005186|2017|50003823990027|001|4300008810|00100|CME0006|50|EA|3080|KRW|154000|20171115|1300|
C|005186|2017|50003823990028|001|4300008810|00110|CME0010|100|EA|240|KRW|24000|20171115|1300|
C|005186|2017|50003823990029|001|4300008811|00060|CMB0010|100|EA|1280|KRW|128000|20171115|1300|
C|005186|2017|50003823990030|001|4300008811|00090|CMZ0014|1|EA|19000|KRW|19000|20171115|1300|
C|005186|2017|50003823990031|001|4300008812|00040|CMA0015|3|EA|2520|KRW|7560|20171115|1300|
C|005186|2017|50003823990032|001|4300008812|00060|CMF0006|10|EA|9500|KRW|95000|20171115|1300|
C|005186|2017|50003823990033|001|4300008812|00070|CMF0013|5|EA|940|KRW|4700|20171115|1300|
C|005186|2017|50003823990034|001|4300008812|00090|CMZ0014|2|EA|19000|KRW|38000|20171115|1300|
C|005186|2017|50003823990035|001|4300008813|00030|CMA0005|30|EA|2000|KRW|60000|20171115|1300|
C|005186|2017|50003823990036|001|4300008813|00060|CMA0016|30|EA|2140|KRW|64200|20171115|1300|
C|005186|2017|50003823990037|001|4300008813|00110|CMF0001|1|EA|1950|KRW|1950|20171115|1300|
C|005186|2017|50003823990038|001|4300008813|00140|CMF0020|1|EA|650|KRW|650|20171115|1300|
C|005186|2017|50003823990039|001|4300008813|00150|CMF0021|2|EA|3100|KRW|6200|20171115|1300|
C|005186|2017|50003823990040|001|4300008813|00160|CMH0007|2|EA|11600|KRW|23200|20171115|1300|
C|005186|2017|50003823990041|001|4300008818|00040|CME0010|100|EA|240|KRW|24000|20171115|1300|
C|005186|2017|50003823990042|001|4300008818|00070|CMH0007|1|EA|11600|KRW|11600|20171115|1300|
C|005186|2017|50003823990043|001|4300008818|00080|CME0001|20|EA|3300|KRW|66000|20171115|1300|
C|005186|2017|50003823990044|001|4300008819|00040|CME0001|10|EA|3300|KRW|33000|20171115|1300|
C|005186|2017|50003823990045|001|4300008819|00050|CME0010|40|EA|240|KRW|9600|20171115|1300|
C|005186|2017|50003823990046|001|4300008820|00040|CMB0010|80|EA|1280|KRW|102400|20171115|1300|
C|005186|2017|50003823990047|001|4300008820|00070|CMH0007|1|EA|11600|KRW|11600|20171115|1300|
C|005186|2017|50003823990048|001|4300008821|00040|CMF0020|1|EA|650|KRW|650|20171115|1300|
C|005186|2017|50003823990049|001|4300008822|00020|CMB0010|50|EA|1280|KRW|64000|20171115|1300|
C|005186|2017|50003823990050|001|4300008823|00020|CMB0010|40|EA|1280|KRW|51200|20171115|1300|
C|005186|2017|50003823990051|001|4300008824|00040|CMB0010|100|EA|1280|KRW|128000|20171115|1300|
C|005186|2017|50003823990052|001|4300008837|00040|CMA0016|300|EA|2140|KRW|642000|20171115|1300|
C|005186|2017|50003823990053|001|4300008837|00060|CMB0010|300|EA|1280|KRW|384000|20171115|1300|
C|005186|2017|50003823990054|001|4300008837|00080|CME0010|200|EA|240|KRW|48000|20171115|1300|
C|005186|2017|50003823990055|001|4300008837|00100|CMH0007|5|EA|11600|KRW|58000|20171115|1300|
C|005186|2017|50003823990056|001|4300008837|00110|CMZ0006|20|EA|1170|KRW|23400|20171115|1300|
C|005186|2017|50003824020001|001|4300008931|00010|UKEC0024|40|EA|1520|KRW|60800|20171115|1300|
C|005186|2017|50003824020002|001|4300008931|00020|UKEC0109|20|EA|1526|KRW|30520|20171115|1300|
C|005186|2017|50003824020003|001|4300008931|00040|UGBC1455|1|EA|286200|KRW|286200|20171115|1300|
C|005186|2017|50003824020004|001|4300008931|00090|UKDC0001|2|EA|38420|KRW|76840|20171115|1300|
C|005186|2017|50003824020005|001|4300008932|00040|UKBC0016|5|EA|10110|KRW|50550|20171115|1300|
C|005186|2017|50003824020006|001|4300008933|00030|UKEC0115|80|EA|1530|KRW|122400|20171115|1300|
C|005186|2017|50003824020007|001|4300008933|00040|UKEC0108|1|EA|137020|KRW|137020|20171115|1300|
C|005186|2017|50003824020008|001|4300008933|00050|UKEC0024|20|EA|1520|KRW|30400|20171115|1300|
C|005186|2017|50003824020009|001|4300008958|00020|UGCC1148|50|EA|2610|KRW|130500|20171115|1300|
C|005186|2017|50003824020010|001|4300008958|00030|UGCC0220|50|EA|2289|KRW|114450|20171115|1300|
C|005186|2017|50003824020011|001|4300008958|00040|UGCC0206|20|EA|3490|KRW|69800|20171115|1300|
C|005186|2017|50003824020012|001|4300008958|00050|UGBC0751|20|EA|1370|KRW|27400|20171115|1300|
C|005186|2017|50003824020013|001|4300008958|00060|UGBC0742|20|EA|870|KRW|17400|20171115|1300|
C|005186|2017|50003824020014|001|4300008958|00070|UGBC0758|10|EA|1113|KRW|11130|20171115|1300|
C|005186|2017|50003824020015|001|4300008958|00080|UGBC1440|30|EA|1330|KRW|39900|20171115|1300|
C|005186|2017|50003824020016|001|4300008958|00090|UGBC0779|50|EA|480|KRW|24000|20171115|1300|
C|005186|2017|50003824020017|001|4300008958|00100|UGBC0780|70|EA|570|KRW|39900|20171115|1300|
C|005186|2017|50003824020018|001|4300008958|00140|UGBC0781|50|EA|580|KRW|29000|20171115|1300|
C|005186|2017|50003824020019|001|4300008958|00150|UGBC0782|30|EA|720|KRW|21600|20171115|1300|
C|005186|2017|50003824020020|001|4300008960|00040|UAJC0052|100|EA|810|KRW|81000|20171115|1300|
C|005186|2017|50003824020021|001|4300008960|00050|UGBC1507|50|EA|1540|KRW|77000|20171115|1300|
C|005186|2017|50003824020022|001|4300008977|00080|UGCC0259|10|EA|26320|KRW|263200|20171115|1300|
