C|005186|2014|50000822690001|001|4300001483|00620|UCKC0035|15|EA|44520|KRW|667800|20140630|1300|
C|005186|2014|50000822690002|001|4300001483|00630|UALC0075|3000|EA|45|KRW|135000|20140630|1300|
C|005186|2014|50000822690003|001|4300001483|00640|UCKC0037|80|EA|14050|KRW|1124000|20140630|1300|
C|005186|2014|50000822690004|001|4300001483|00650|UHDC0081|50|EA|18900|KRW|945000|20140630|1300|
C|005186|2014|50000822690005|001|4300001483|00660|UHDC0080|50|EA|16380|KRW|819000|20140630|1300|
C|005186|2014|50000822700001|001|4300001497|00040|UKBC0001|4|EA|208010|KRW|832040|20140630|1300|
C|005186|2014|50000822700002|001|4300001497|00160|UHGC0240|10|EA|83690|KRW|836900|20140630|1300|
C|005186|2014|50000822700003|001|4300001497|00170|UEBC0241|10|EA|4410|KRW|44100|20140630|1300|
C|005186|2014|50000822700004|001|4300001497|00180|UEBC0121|10|EA|2820|KRW|28200|20140630|1300|
C|005186|2014|50000822700005|001|4300001497|00190|UEBC0119|10|EA|2190|KRW|21900|20140630|1300|
C|005186|2014|50000822700006|001|4300001497|00200|UEBC0104|10|EA|2170|KRW|21700|20140630|1300|
C|005186|2014|50000822700007|001|4300001497|00220|UEBC0139|7|EA|11210|KRW|78470|20140630|1300|
C|005186|2014|50000822700008|001|4300001497|00230|UEBC0418|5|EA|20290|KRW|101450|20140630|1300|
C|005186|2014|50000822700009|001|4300001497|00240|UEBC0262|3|EA|32890|KRW|98670|20140630|1300|
C|005186|2014|50000822710001|001|4300001500|00240|UGAC0019|5|EA|66200|KRW|331000|20140630|1300|
C|005186|2014|50000822710002|001|4300001500|00280|UDCC0039|5|EA|112700|KRW|563500|20140630|1300|
C|005186|2014|50000822710003|001|4300001500|00320|UDCC0020|5|EA|62580|KRW|312900|20140630|1300|
C|005186|2014|50000822710004|001|4300001500|00340|UGBC1146|1|EA|13850|KRW|13850|20140630|1300|
C|005186|2014|50000822710005|001|4300001500|00360|UGBC0962|2|EA|384300|KRW|768600|20140630|1300|
C|005186|2014|50000822710006|001|4300001500|00370|UGBC1004|2|EA|224700|KRW|449400|20140630|1300|
C|005186|2014|50000822720001|001|4300001482|00030|KS064002|4|EA|3650|KRW|14600|20140630|1300|
C|005186|2014|50000822720002|001|4300001482|00040|KS066902|5|EA|1540|KRW|7700|20140630|1300|
C|005186|2014|50000822720003|001|4300001482|00050|KS067001|4|EA|1400|KRW|5600|20140630|1300|
C|005186|2014|50000822720004|001|4300001482|00060|KS067004|5|EA|2000|KRW|10000|20140630|1300|
C|005186|2014|50000822720005|001|4300001482|00070|KS067005|3|EA|2400|KRW|7200|20140630|1300|
C|005186|2014|50000822720006|001|4300001482|00080|KS067006|3|EA|3120|KRW|9360|20140630|1300|
C|005186|2014|50000822720007|001|4300001482|00090|KS080721|2|EA|71710|KRW|143420|20140630|1300|
C|005186|2014|50000822720008|001|4300001482|00240|KT080360|1|EA|5250|KRW|5250|20140630|1300|
C|005186|2014|50000822720009|001|4300001483|00060|UKGC0008|7|EA|2940|KRW|20580|20140630|1300|
C|005186|2014|50000822720010|001|4300001483|00070|UCIC0037|2|EA|144380|KRW|288760|20140630|1300|
C|005186|2014|50000822720011|001|4300001483|00120|UEBC0358|20|EA|2460|KRW|49200|20140630|1300|
C|005186|2014|50000822720012|001|4300001483|00300|UIDC0107|1|EA|141120|KRW|141120|20140630|1300|
C|005186|2014|50000822720013|001|4300001483|00320|UADC0075|1|EA|16000|KRW|16000|20140630|1300|
C|005186|2014|50000822720014|001|4300001483|00450|UEBC0640|5|EA|82950|KRW|0|20140630|1300|
C|005186|2014|50000822720015|001|4300001483|00550|UDFC0039|5|EA|9450|KRW|47250|20140630|1300|
C|005186|2014|50000822720016|001|4300001483|00610|UDBC0369|2000|EA|320|KRW|640000|20140630|1300|
C|005186|2014|50000822730001|001|4300001500|00010|UGCC0606|1|EA|5250|KRW|5250|20140630|1300|
C|005186|2014|50000822730002|001|4300001500|00020|UFAC0007|1|EA|165000|KRW|165000|20140630|1300|
C|005186|2014|50000822730003|001|4300001500|00030|UAGC0183|1|EA|232000|KRW|232000|20140630|1300|
C|005186|2014|50000822730004|001|4300001500|00040|UAEC0301|1|EA|11550|KRW|11550|20140630|1300|
C|005186|2014|50000822730005|001|4300001500|00050|UAEC0197|1|EA|7270|KRW|7270|20140630|1300|
C|005186|2014|50000822730006|001|4300001500|00060|UHHC0140|1|EA|81690|KRW|81690|20140630|1300|
C|005186|2014|50000822730007|001|4300001500|00070|UAKC0012|1|EA|9080|KRW|9080|20140630|1300|
C|005186|2014|50000822730008|001|4300001500|00080|UABC0022|1|EA|17120|KRW|17120|20140630|1300|
C|005186|2014|50000822730009|001|4300001500|00090|UZZC0012|1|EA|7350|KRW|7350|20140630|1300|
C|005186|2014|50000822730010|001|4300001500|00130|UCEC0036|4|EA|10300|KRW|41200|20140630|1300|
C|005186|2014|50000822730011|001|4300001500|00140|UAGC0439|10|EA|5260|KRW|52600|20140630|1300|
C|005186|2014|50000822730012|001|4300001500|00150|UAGC0440|10|EA|5570|KRW|55700|20140630|1300|
C|005186|2014|50000822730013|001|4300001500|00160|UAGC0136|10|EA|6980|KRW|69800|20140630|1300|
C|005186|2014|50000822730014|001|4300001500|00170|UAGC0441|10|EA|8020|KRW|80200|20140630|1300|
C|005186|2014|50000822730015|001|4300001500|00180|UAGC0438|10|EA|10730|KRW|107300|20140630|1300|
C|005186|2014|50000822730016|001|4300001500|00190|UAGC0142|10|EA|14640|KRW|146400|20140630|1300|
C|005186|2014|50000822730017|001|4300001500|00200|UDBC0790|20|EA|4673|KRW|93460|20140630|1300|
C|005186|2014|50000822730018|001|4300001500|00260|UEBC0437|9|EA|19300|KRW|173700|20140630|1300|
C|005186|2014|50000822730019|001|4300001500|00270|UIDC0106|1|EA|289800|KRW|289800|20140630|1300|
C|005186|2014|50000822730020|001|4300001500|00330|UDBC0040|20|EA|1050|KRW|21000|20140630|1300|
C|005186|2014|50000822730021|001|4300001500|00350|UAEC0180|1|EA|5920|KRW|5920|20140630|1300|
C|005186|2014|50000822730022|001|4300001500|00420|UJAC0104|4|EA|12290|KRW|49160|20140630|1300|
C|005186|2014|50000822730023|001|4300001500|00430|UJAC0105|4|EA|14805|KRW|59220|20140630|1300|
C|005186|2014|50000822730024|001|4300001500|00450|UJCC0048|30|EA|820|KRW|24600|20140630|1300|
C|005186|2014|50000822730025|001|4300001500|00460|UJCC0049|30|EA|820|KRW|24600|20140630|1300|
C|005186|2014|50000822730026|001|4300001500|00470|UKBC0010|1|EA|91480|KRW|91480|20140630|1300|
C|005186|2014|50000822730027|001|4300001500|00480|UGCC0098|1|EA|36230|KRW|36230|20140630|1300|
C|005186|2014|50000822730028|001|4300001500|00490|UAEC0366|2|EA|229400|KRW|458800|20140630|1300|
C|005186|2014|50000822730029|001|4300001500|00500|UKBC0010|2|EA|91480|KRW|182960|20140630|1300|
C|005186|2014|50000822730030|001|4300001500|00520|UHTC0532|3|EA|13470|KRW|40410|20140630|1300|
C|005186|2014|50000822740001|001|4300001482|00280|KE030011|5|EA|8190|KRW|40950|20140630|1300|
C|005186|2014|50000822740002|001|4300001482|00290|KE030123|2|EA|31500|KRW|63000|20140630|1300|
C|005186|2014|50000822740003|001|4300001482|00300|KE050003|10|EA|1400|KRW|14000|20140630|1300|
C|005186|2014|50000822740004|001|4300001482|00310|KE050201|2|EA|8460|KRW|16920|20140630|1300|
C|005186|2014|50000822740005|001|4300001482|00320|KE050302|12|EA|1160|KRW|13920|20140630|1300|
C|005186|2014|50000822740006|001|4300001482|00330|KE050304|14|EA|2600|KRW|36400|20140630|1300|
C|005186|2014|50000822740007|001|4300001482|00340|KE050502|2|EA|10000|KRW|20000|20140630|1300|
C|005186|2014|50000822740008|001|4300001482|00350|KE090112|5|EA|16800|KRW|84000|20140630|1300|
C|005186|2014|50000822740009|001|4300001482|00360|KE090116|3|EA|28040|KRW|84120|20140630|1300|
C|005186|2014|50000822740010|001|4300001482|00370|KE090165|2|EA|165900|KRW|331800|20140630|1300|
C|005186|2014|50000822740011|001|4300001482|00380|KE180203|19|EA|13650|KRW|259350|20140630|1300|
C|005186|2014|50000822740012|001|4300001482|00390|KE200200|1|EA|130200|KRW|130200|20140630|1300|
C|005186|2014|50000822740013|001|4300001482|00400|KE210001|1|EA|53030|KRW|53030|20140630|1300|
C|005186|2014|50000822740014|001|4300001482|00410|KE231001|20|EA|16150|KRW|323000|20140630|1300|
C|005186|2014|50000822740015|001|4300001482|00420|KE231200|5|EA|1580|KRW|7900|20140630|1300|
C|005186|2014|50000822740016|001|4300001482|00430|KE270300|40|EA|470|KRW|18800|20140630|1300|
C|005186|2014|50000822740017|001|4300001482|00440|KE270302|10|EA|6900|KRW|69000|20140630|1300|
C|005186|2014|50000822740018|001|4300001482|00450|KE281401|38|EA|840|KRW|31920|20140630|1300|
C|005186|2014|50000822740019|001|4300001497|00060|UHGC0029|5|EA|29400|KRW|147000|20140630|1300|
C|005186|2014|50000822740020|001|4300001497|00070|UHFC0336|2|EA|82950|KRW|165900|20140630|1300|
C|005186|2014|50000822740021|001|4300001497|00130|KE230003|200|EA|1870|KRW|374000|20140630|1300|
C|005186|2014|50000822740022|001|4300001497|00140|KE231100|30|EA|530|KRW|15900|20140630|1300|
C|005186|2014|50000822740023|001|4300001497|00150|KE090101|3|EA|24680|KRW|74040|20140630|1300|
C|005186|2014|50000822740024|001|4300001497|00250|UHTC0548|60|EA|8470|KRW|508200|20140630|1300|
C|005186|2014|50000822740025|001|4300001500|00110|UHGC0134|1|EA|756000|KRW|756000|20140630|1300|
C|005186|2014|50000822750001|001|4300001483|00470|UAGC0411|1|EA|66320|KRW|66320|20140630|1300|
C|005186|2014|50000822750002|001|4300001483|00480|UAGC0412|2|EA|66320|KRW|132640|20140630|1300|
C|005186|2014|50000822750003|001|4300001483|00490|UAGC0413|1|EA|66320|KRW|66320|20140630|1300|
C|005186|2014|50000822750004|001|4300001483|00500|UAGC0414|2|EA|35790|KRW|71580|20140630|1300|
