C|005186|2016|50002480060001|001|4300005009|00010|CMB0001|50|EA|655|KRW|32750|20160430|1300|
C|005186|2016|50002480060002|001|4300005009|00020|CMA0001|50|EA|240|KRW|12000|20160430|1300|
C|005186|2016|50002480060003|001|4300005009|00030|CMA0007|50|EA|270|KRW|13500|20160430|1300|
C|005186|2016|50002480060004|001|4300005012|00010|CMA0001|400|EA|240|KRW|96000|20160430|1300|
C|005186|2016|50002480060005|001|4300005012|00020|CMA0007|800|EA|270|KRW|216000|20160430|1300|
C|005186|2016|50002480060006|001|4300005012|00030|CMA0017|30|EA|780|KRW|23400|20160430|1300|
C|005186|2016|50002480060007|001|4300005012|00040|CMB0001|600|EA|655|KRW|393000|20160430|1300|
C|005186|2016|50002480060008|001|4300005012|00050|CMA0003|10|EA|950|KRW|9500|20160430|1300|
C|005186|2016|50002480060009|001|4300005012|00070|CMF0005|15|EA|20700|KRW|310500|20160430|1300|
C|005186|2016|50002480060010|001|4300005012|00080|CMZ0032|40|EA|1970|KRW|78800|20160430|1300|
C|005186|2016|50002480060011|001|4300005012|00090|CMH0006|50|EA|400|KRW|20000|20160430|1300|
C|005186|2016|50002480060012|001|4300005012|00100|CMZ0006|5|EA|1155|KRW|5775|20160430|1300|
C|005186|2016|50002480060013|001|4300005012|00110|CMF0001|5|EA|1680|KRW|8400|20160430|1300|
C|005186|2016|50002480060014|001|4300005012|00120|CMH0007|4|EA|11700|KRW|46800|20160430|1300|
C|005186|2016|50002480060015|001|4300005012|00130|CMZ0006|3|EA|1155|KRW|3465|20160430|1300|
C|005186|2016|50002480060016|001|4300005012|00140|CMF0002|4|EA|1100|KRW|4400|20160430|1300|
C|005186|2016|50002480060017|001|4300005012|00150|CMZ0004|3|EA|380|KRW|1140|20160430|1300|
C|005186|2016|50002480060018|001|4300005012|00160|CMF0004|4|EA|22050|KRW|88200|20160430|1300|
C|005186|2016|50002480070001|001|4300005008|00010|CMA0001|100|EA|240|KRW|24000|20160430|1300|
C|005186|2016|50002480070002|001|4300005008|00020|CMA0007|40|EA|270|KRW|10800|20160430|1300|
C|005186|2016|50002480070003|001|4300005008|00030|CMA0008|40|EA|690|KRW|27600|20160430|1300|
C|005186|2016|50002480070004|001|4300005008|00040|CME0010|40|EA|285|KRW|11400|20160430|1300|
C|005186|2016|50002480070005|001|4300005008|00060|CME0001|10|EA|4910|KRW|49100|20160430|1300|
C|005186|2016|50002480070006|001|4300005010|00010|CMA0001|30|EA|240|KRW|7200|20160430|1300|
C|005186|2016|50002480070007|001|4300005010|00020|CMA0007|120|EA|270|KRW|32400|20160430|1300|
C|005186|2016|50002480070008|001|4300005010|00030|CMB0010|50|EA|1100|KRW|55000|20160430|1300|
C|005186|2016|50002480070009|001|4300005010|00040|CMZ0014|1|EA|23300|KRW|23300|20160430|1300|
C|005186|2016|50002480070010|001|4300005010|00060|CMZ0007|30|EA|330|KRW|9900|20160430|1300|
C|005186|2016|50002480070011|001|4300005010|00070|CMA0002|1|EA|1530|KRW|1530|20160430|1300|
C|005186|2016|50002480070012|001|4300005010|00080|CMF0001|2|EA|1680|KRW|3360|20160430|1300|
C|005186|2016|50002480070013|001|4300005010|00090|CMF0020|2|EA|700|KRW|1400|20160430|1300|
C|005186|2016|50002480070014|001|4300005011|00010|CMA0001|600|EA|240|KRW|144000|20160430|1300|
C|005186|2016|50002480070015|001|4300005011|00020|CMA0007|50|EA|270|KRW|13500|20160430|1300|
C|005186|2016|50002480070016|001|4300005011|00030|CMA0017|10|EA|780|KRW|7800|20160430|1300|
C|005186|2016|50002480070017|001|4300005011|00040|CME0010|150|EA|285|KRW|42750|20160430|1300|
C|005186|2016|50002480070018|001|4300005011|00050|CME0013|2|EA|20300|KRW|40600|20160430|1300|
C|005186|2016|50002480070019|001|4300005011|00070|CMH0007|1|EA|11700|KRW|11700|20160430|1300|
C|005186|2016|50002480080001|001|4300005001|00010|CMA0001|500|EA|240|KRW|120000|20160430|1300|
C|005186|2016|50002480080002|001|4300005001|00020|CMA0007|200|EA|270|KRW|54000|20160430|1300|
C|005186|2016|50002480080003|001|4300005001|00030|CMA0016|150|EA|2840|KRW|426000|20160430|1300|
C|005186|2016|50002480080004|001|4300005001|00040|CMB0010|480|EA|1100|KRW|528000|20160430|1300|
C|005186|2016|50002480080005|001|4300005001|00060|CME0001|30|EA|4910|KRW|147300|20160430|1300|
C|005186|2016|50002480080006|001|4300005001|00070|CME0002|50|EA|2300|KRW|115000|20160430|1300|
C|005186|2016|50002480080007|001|4300005001|00080|CME0005|10|EA|3465|KRW|34650|20160430|1300|
C|005186|2016|50002480080008|001|4300005001|00090|CMF0001|5|EA|1680|KRW|8400|20160430|1300|
C|005186|2016|50002480080009|001|4300005001|00100|CMF0004|4|EA|22050|KRW|88200|20160430|1300|
C|005186|2016|50002480080010|001|4300005001|00120|CMF0007|10|EA|1780|KRW|17800|20160430|1300|
C|005186|2016|50002480080011|001|4300005001|00130|CMF0008|10|EA|1785|KRW|17850|20160430|1300|
C|005186|2016|50002480080012|001|4300005001|00140|CMF0009|10|EA|5700|KRW|57000|20160430|1300|
C|005186|2016|50002480080013|001|4300005001|00150|CMF0021|10|EA|5400|KRW|54000|20160430|1300|
C|005186|2016|50002480080014|001|4300005001|00160|CMH0007|6|EA|11700|KRW|70200|20160430|1300|
C|005186|2016|50002480080015|001|4300005001|00170|CMZ0004|10|EA|380|KRW|3800|20160430|1300|
C|005186|2016|50002480080016|001|4300005001|00180|CMZ0006|20|EA|1155|KRW|23100|20160430|1300|
C|005186|2016|50002480080017|001|4300005001|00190|CMZ0014|3|EA|23300|KRW|69900|20160430|1300|
C|005186|2016|50002480080018|001|4300005002|00010|CMA0001|200|EA|240|KRW|48000|20160430|1300|
C|005186|2016|50002480080019|001|4300005002|00020|CMA0002|2|EA|1530|KRW|3060|20160430|1300|
C|005186|2016|50002480080020|001|4300005002|00030|CMA0007|250|EA|270|KRW|67500|20160430|1300|
C|005186|2016|50002480080021|001|4300005002|00040|CMA0016|20|EA|2840|KRW|56800|20160430|1300|
C|005186|2016|50002480080022|001|4300005002|00050|CMB0002|100|EA|2420|KRW|242000|20160430|1300|
C|005186|2016|50002480080023|001|4300005002|00060|CMC0005|30|EA|190|KRW|5700|20160430|1300|
C|005186|2016|50002480080024|001|4300005002|00070|CME0001|13|EA|4910|KRW|63830|20160430|1300|
C|005186|2016|50002480080025|001|4300005002|00090|CMF0006|1|EA|11970|KRW|11970|20160430|1300|
C|005186|2016|50002480080026|001|4300005002|00100|CMH0007|2|EA|11700|KRW|23400|20160430|1300|
C|005186|2016|50002480080027|001|4300005002|00110|CMZ0001|10|EA|765|KRW|7650|20160430|1300|
C|005186|2016|50002480080028|001|4300005002|00120|CMZ0004|10|EA|380|KRW|3800|20160430|1300|
C|005186|2016|50002480080029|001|4300005002|00130|CMZ0005|10|EA|750|KRW|7500|20160430|1300|
C|005186|2016|50002480080030|001|4300005004|00010|CMA0001|250|EA|240|KRW|60000|20160430|1300|
C|005186|2016|50002480080031|001|4300005004|00020|CMA0007|50|EA|270|KRW|13500|20160430|1300|
C|005186|2016|50002480080032|001|4300005004|00030|CMA0016|20|EA|2840|KRW|56800|20160430|1300|
C|005186|2016|50002480080033|001|4300005004|00040|CMB0001|60|EA|655|KRW|39300|20160430|1300|
C|005186|2016|50002480080034|001|4300005004|00050|CMB0010|60|EA|1100|KRW|66000|20160430|1300|
C|005186|2016|50002480080035|001|4300005004|00070|CME0002|10|EA|2300|KRW|23000|20160430|1300|
C|005186|2016|50002480080036|001|4300005004|00090|CMZ0014|1|EA|23300|KRW|23300|20160430|1300|
C|005186|2016|50002480080037|001|4300005005|00010|CMA0001|600|EA|240|KRW|144000|20160430|1300|
C|005186|2016|50002480080038|001|4300005005|00020|CMA0003|20|EA|950|KRW|19000|20160430|1300|
C|005186|2016|50002480080039|001|4300005005|00030|CMA0007|150|EA|270|KRW|40500|20160430|1300|
C|005186|2016|50002480080040|001|4300005005|00040|CMA0008|150|EA|690|KRW|103500|20160430|1300|
C|005186|2016|50002480080041|001|4300005005|00050|CMA0016|10|EA|2840|KRW|28400|20160430|1300|
C|005186|2016|50002480080042|001|4300005005|00060|CMB0001|100|EA|655|KRW|65500|20160430|1300|
C|005186|2016|50002480080043|001|4300005005|00070|CMB0003|60|EA|2420|KRW|145200|20160430|1300|
C|005186|2016|50002480080044|001|4300005005|00080|CMB0010|60|EA|1100|KRW|66000|20160430|1300|
C|005186|2016|50002480080045|001|4300005005|00090|CMD0001|1|EA|9555|KRW|9555|20160430|1300|
C|005186|2016|50002480080046|001|4300005005|00110|CME0002|10|EA|2300|KRW|23000|20160430|1300|
C|005186|2016|50002480080047|001|4300005005|00120|CME0003|10|EA|5400|KRW|54000|20160430|1300|
C|005186|2016|50002480080048|001|4300005005|00140|CMF0006|10|EA|11970|KRW|119700|20160430|1300|
C|005186|2016|50002480080049|001|4300005005|00150|CMF0016|20|EA|470|KRW|9400|20160430|1300|
C|005186|2016|50002480080050|001|4300005005|00160|CMF0023|3|EA|1260|KRW|3780|20160430|1300|
C|005186|2016|50002480080051|001|4300005005|00170|CMZ0001|24|EA|765|KRW|18360|20160430|1300|
C|005186|2016|50002480080052|001|4300005005|00180|CMZ0002|50|EA|430|KRW|21500|20160430|1300|
C|005186|2016|50002480080053|001|4300005006|00010|CMA0001|200|EA|240|KRW|48000|20160430|1300|
C|005186|2016|50002480080054|001|4300005006|00020|CMA0015|100|EA|2830|KRW|283000|20160430|1300|
C|005186|2016|50002480080055|001|4300005006|00030|CMB0002|120|EA|2420|KRW|290400|20160430|1300|
C|005186|2016|50002480080056|001|4300005006|00040|CMC0003|100|EA|340|KRW|34000|20160430|1300|
C|005186|2016|50002480080057|001|4300005006|00050|CMC0005|100|EA|190|KRW|19000|20160430|1300|
C|005186|2016|50002480080058|001|4300005006|00080|CME0001|50|EA|4910|KRW|245500|20160430|1300|
C|005186|2016|50002480080059|001|4300005006|00090|CME0002|20|EA|2300|KRW|46000|20160430|1300|
C|005186|2016|50002480080060|001|4300005006|00100|CME0005|30|EA|3465|KRW|103950|20160430|1300|
C|005186|2016|50002480080061|001|4300005006|00110|CME0010|50|EA|285|KRW|14250|20160430|1300|
C|005186|2016|50002480080062|001|4300005006|00130|CMH0007|3|EA|11700|KRW|35100|20160430|1300|
C|005186|2016|50002480080063|001|4300005007|00010|CMA0001|400|EA|240|KRW|96000|20160430|1300|
C|005186|2016|50002480080064|001|4300005007|00020|CMA0007|200|EA|270|KRW|54000|20160430|1300|
C|005186|2016|50002480080065|001|4300005007|00030|CMA0008|50|EA|690|KRW|34500|20160430|1300|
C|005186|2016|50002480080066|001|4300005007|00040|CMB0010|240|EA|1100|KRW|264000|20160430|1300|
C|005186|2016|50002480080067|001|4300005007|00060|CME0010|100|EA|285|KRW|28500|20160430|1300|
C|005186|2016|50002480080068|001|4300005007|00070|CMF0001|20|EA|1680|KRW|33600|20160430|1300|
C|005186|2016|50002480080069|001|4300005007|00080|CMF0013|10|EA|760|KRW|7600|20160430|1300|
C|005186|2016|50002480080070|001|4300005007|00090|CMZ0002|50|EA|430|KRW|21500|20160430|1300|
C|005186|2016|50002480080071|001|4300005013|00010|CMZ0009|20|EA|740|KRW|14800|20160430|1300|
C|005186|2016|50002480080072|001|4300005013|00020|CMZ0001|10|EA|765|KRW|7650|20160430|1300|
C|005186|2016|50002480080073|001|4300005013|00030|CMZ0002|10|EA|430|KRW|4300|20160430|1300|
C|005186|2016|50002480080074|001|4300005013|00040|CMZ0005|20|EA|750|KRW|15000|20160430|1300|
C|005186|2016|50002480080075|001|4300005013|00050|CMZ0004|20|EA|380|KRW|7600|20160430|1300|
C|005186|2016|50002480080076|001|4300005013|00060|CMB0010|60|EA|1100|KRW|66000|20160430|1300|
C|005186|2016|50002480080077|001|4300005013|00070|CMB0002|40|EA|2420|KRW|96800|20160430|1300|
C|005186|2016|50002480080078|001|4300005013|00080|CMB0003|40|EA|2420|KRW|96800|20160430|1300|
C|005186|2016|50002480080079|001|4300005013|00090|CMB0001|100|EA|655|KRW|65500|20160430|1300|
C|005186|2016|50002480080080|001|4300005013|00100|CMC0005|20|EA|190|KRW|3800|20160430|1300|
C|005186|2016|50002480080081|001|4300005013|00110|CMC0002|3|EA|9350|KRW|28050|20160430|1300|
C|005186|2016|50002480080082|001|4300005013|00120|CME0010|100|EA|285|KRW|28500|20160430|1300|
C|005186|2016|50002480080083|001|4300005013|00130|CMA0001|240|EA|240|KRW|57600|20160430|1300|
C|005186|2016|50002480080084|001|4300005013|00140|CMA0007|100|EA|270|KRW|27000|20160430|1300|
C|005186|2016|50002480080085|001|4300005013|00150|CMA0008|200|EA|690|KRW|138000|20160430|1300|
C|005186|2016|50002480080086|001|4300005013|00170|CMF0020|6|EA|700|KRW|4200|20160430|1300|
C|005186|2016|50002480080087|001|4300005014|00010|CMA0001|700|EA|240|KRW|168000|20160430|1300|
C|005186|2016|50002480080088|001|4300005014|00020|CMA0007|400|EA|270|KRW|108000|20160430|1300|
C|005186|2016|50002480080089|001|4300005014|00030|CMA0008|50|EA|690|KRW|34500|20160430|1300|
C|005186|2016|50002480080090|001|4300005014|00040|CMA0017|50|EA|780|KRW|39000|20160430|1300|
C|005186|2016|50002480080091|001|4300005014|00050|CMB0001|60|EA|655|KRW|39300|20160430|1300|
C|005186|2016|50002480080092|001|4300005014|00060|CMB0002|120|EA|2420|KRW|290400|20160430|1300|
C|005186|2016|50002480080093|001|4300005014|00070|CMB0007|20|EA|925|KRW|18500|20160430|1300|
C|005186|2016|50002480080094|001|4300005014|00080|CMB0010|60|EA|1100|KRW|66000|20160430|1300|
C|005186|2016|50002480080095|001|4300005014|00090|CME0001|25|EA|4910|KRW|122750|20160430|1300|
C|005186|2016|50002480080096|001|4300005014|00100|CME0002|150|EA|2300|KRW|345000|20160430|1300|
C|005186|2016|50002480080097|001|4300005014|00110|CME0010|250|EA|285|KRW|71250|20160430|1300|
C|005186|2016|50002480080098|001|4300005014|00120|CMF0001|3|EA|1680|KRW|5040|20160430|1300|
C|005186|2016|50002480080099|001|4300005014|00140|CMF0006|1|EA|11970|KRW|11970|20160430|1300|
C|005186|2016|50002480080100|001|4300005014|00150|CMF0016|50|EA|470|KRW|23500|20160430|1300|
C|005186|2016|50002480080101|001|4300005014|00160|CMF0020|3|EA|700|KRW|2100|20160430|1300|
C|005186|2016|50002480080102|001|4300005014|00170|CMH0007|3|EA|11700|KRW|35100|20160430|1300|
C|005186|2016|50002480080103|001|4300005014|00180|CMZ0002|20|EA|430|KRW|8600|20160430|1300|
C|005186|2016|50002480080104|001|4300005014|00190|CMZ0004|20|EA|380|KRW|7600|20160430|1300|
C|005186|2016|50002480080105|001|4300005014|00200|CMZ0009|100|EA|740|KRW|74000|20160430|1300|
C|005186|2016|50002480080106|001|4300005014|00210|CMZ0009|10|EA|740|KRW|7400|20160430|1300|
C|005186|2016|50002480080107|001|4300005015|00010|CMA0001|600|EA|240|KRW|144000|20160430|1300|
C|005186|2016|50002480080108|001|4300005015|00020|CMA0007|200|EA|270|KRW|54000|20160430|1300|
C|005186|2016|50002480080109|001|4300005015|00030|CMA0008|200|EA|690|KRW|138000|20160430|1300|
C|005186|2016|50002480080110|001|4300005015|00040|CMB0010|100|EA|1100|KRW|110000|20160430|1300|
C|005186|2016|50002480080111|001|4300005015|00050|CMC0005|100|EA|190|KRW|19000|20160430|1300|
C|005186|2016|50002480080112|001|4300005015|00070|CME0010|200|EA|285|KRW|57000|20160430|1300|
C|005186|2016|50002480080113|001|4300005015|00080|CMF0004|2|EA|22050|KRW|44100|20160430|1300|
C|005186|2016|50002480080114|001|4300005015|00090|CMH0007|3|EA|11700|KRW|35100|20160430|1300|
C|005186|2016|50002480080115|001|4300005015|00100|CMZ0004|30|EA|380|KRW|11400|20160430|1300|
C|005186|2016|50002480080116|001|4300005015|00110|CMZ0006|30|EA|1155|KRW|34650|20160430|1300|
C|005186|2016|50002480080117|001|4300005015|00120|CMB0010|100|EA|1100|KRW|110000|20160430|1300|
C|005186|2016|50002480090001|001|4300005003|00080|CMF0005|1|EA|20700|KRW|20700|20160430|1300|
C|005186|2016|50002480200001|001|4300004937|00020|UGCC1046|5|EA|14800|KRW|74000|20160430|1300|
C|005186|2016|50002480200002|001|4300004943|00030|UJCC0056|1|EA|45240|KRW|45240|20160430|1300|
