C|005186|2015|50001839720001|001|4300003407|00020|UGBC0159|3|EA|77900|KRW|233700|20150915|1300|
C|005186|2015|50001839720002|001|4300003407|00040|UGBC0709|30|EA|1470|KRW|44100|20150915|1300|
C|005186|2015|50001839720003|001|4300003407|00050|UCIC0052|1|EA|947400|KRW|947400|20150915|1300|
C|005186|2015|50001839720004|001|4300003411|00060|UGBC0168|10|EA|1680|KRW|16800|20150915|1300|
C|005186|2015|50001839720005|001|4300003411|00070|UGBC0622|10|EA|1050|KRW|10500|20150915|1300|
C|005186|2015|50001839720006|001|4300003411|00120|UGBC0127|20|EA|1010|KRW|20200|20150915|1300|
C|005186|2015|50001839720007|001|4300003411|00130|UGBC0163|30|EA|320|KRW|9600|20150915|1300|
C|005186|2015|50001839720008|001|4300003411|00140|UGBC0164|20|EA|440|KRW|8800|20150915|1300|
C|005186|2015|50001839720009|001|4300003411|00150|UGBC0165|20|EA|530|KRW|10600|20150915|1300|
C|005186|2015|50001839720010|001|4300003411|00160|UGBC0193|20|EA|2630|KRW|52600|20150915|1300|
C|005186|2015|50001839720011|001|4300003411|00170|UGBC0195|5|EA|4730|KRW|23650|20150915|1300|
C|005186|2015|50001839720012|001|4300003411|00180|UGBC1085|10|EA|12600|KRW|126000|20150915|1300|
C|005186|2015|50001839720013|001|4300003411|00200|UGBC0015|30|EA|650|KRW|19500|20150915|1300|
C|005186|2015|50001839720014|001|4300003411|00210|UGBC1196|30|EA|520|KRW|15600|20150915|1300|
C|005186|2015|50001839720015|001|4300003411|00220|UGBC1198|30|EA|620|KRW|18600|20150915|1300|
C|005186|2015|50001839720016|001|4300003411|00230|UGBC0027|30|EA|660|KRW|19800|20150915|1300|
C|005186|2015|50001839720017|001|4300003411|00240|UGBC0354|30|EA|880|KRW|26400|20150915|1300|
C|005186|2015|50001839720018|001|4300003411|00250|UGBC0028|20|EA|1160|KRW|23200|20150915|1300|
C|005186|2015|50001839720019|001|4300003411|00260|UGBC0011|30|EA|870|KRW|26100|20150915|1300|
C|005186|2015|50001839720020|001|4300003411|00270|UGBC0074|5|EA|3150|KRW|15750|20150915|1300|
C|005186|2015|50001839720021|001|4300003411|00280|UGBC0332|20|EA|1370|KRW|27400|20150915|1300|
C|005186|2015|50001839720022|001|4300003411|00290|UGBC0006|30|EA|1160|KRW|34800|20150915|1300|
C|005186|2015|50001839720023|001|4300003411|00300|UGBC0435|30|EA|1890|KRW|56700|20150915|1300|
C|005186|2015|50001839720024|001|4300003411|00310|UGBC0436|20|EA|1890|KRW|37800|20150915|1300|
C|005186|2015|50001839720025|001|4300003411|00320|UGBC1343|10|EA|2590|KRW|25900|20150915|1300|
C|005186|2015|50001839720026|001|4300003415|00010|UCEC0012|5|EA|50400|KRW|252000|20150915|1300|
C|005186|2015|50001839720027|001|4300003415|00020|UJCC0053|5|EA|42000|KRW|210000|20150915|1300|
C|005186|2015|50001839730001|001|4300003419|00030|UGBC0749|30|EA|520|KRW|15600|20150915|1300|
C|005186|2015|50001839730002|001|4300003419|00040|UGBC0750|30|EA|1290|KRW|38700|20150915|1300|
C|005186|2015|50001839730003|001|4300003419|00050|UGBC0780|50|EA|570|KRW|28500|20150915|1300|
C|005186|2015|50001839730004|001|4300003419|00060|UGBC0781|50|EA|580|KRW|29000|20150915|1300|
C|005186|2015|50001839730005|001|4300003419|00090|UGBC0782|50|EA|720|KRW|36000|20150915|1300|
C|005186|2015|50001839730006|001|4300003419|00100|UGBC0761|30|EA|820|KRW|24600|20150915|1300|
C|005186|2015|50001839730007|001|4300003419|00110|UGBC0762|30|EA|1030|KRW|30900|20150915|1300|
C|005186|2015|50001839730008|001|4300003419|00160|UEBC0465|2|EA|13900|KRW|27800|20150915|1300|
