C|005186|2015|50001684960001|001|4300003083|00030|UAAC0020|5|EA|10000|KRW|50000|20150715|1300|
C|005186|2015|50001684960002|001|4300003083|00070|UJCC0043|5000|EA|70|KRW|350000|20150715|1300|
C|005186|2015|50001684960003|001|4300003083|00100|UDBC0815|50|EA|490|KRW|24500|20150715|1300|
C|005186|2015|50001684960004|001|4300003083|00120|UAEC0069|1|EA|16310|KRW|16310|20150715|1300|
C|005186|2015|50001684960005|001|4300003091|00010|UAEC0235|1|EA|180900|KRW|180900|20150715|1300|
C|005186|2015|50001684960006|001|4300003102|00060|UADC0106|6|EA|2310|KRW|13860|20150715|1300|
C|005186|2015|50001684960007|001|4300003102|00070|UZZC0084|2|EA|200750|KRW|401500|20150715|1300|
C|005186|2015|50001684960008|001|4300003102|00110|UAGC0204|50|EA|370|KRW|18500|20150715|1300|
C|005186|2015|50001684960009|001|4300003121|00020|UAEC0387|2|EA|5470|KRW|10940|20150715|1300|
C|005186|2015|50001684960010|001|4300003121|00030|UAEC0105|2|EA|62740|KRW|125480|20150715|1300|
C|005186|2015|50001684960011|001|4300003121|00040|UADC0013|8|EA|4800|KRW|38400|20150715|1300|
C|005186|2015|50001684960012|001|4300003135|00010|CMA0001|600|EA|240|KRW|144000|20150715|1300|
C|005186|2015|50001684960013|001|4300003135|00020|CMA0005|70|EA|2470|KRW|172900|20150715|1300|
C|005186|2015|50001684960014|001|4300003135|00030|CMA0007|200|EA|270|KRW|54000|20150715|1300|
C|005186|2015|50001684960015|001|4300003135|00040|CMA0016|50|EA|2840|KRW|142000|20150715|1300|
C|005186|2015|50001684960016|001|4300003135|00050|CMA0017|50|EA|780|KRW|39000|20150715|1300|
C|005186|2015|50001684960017|001|4300003135|00060|CMB0001|60|EA|655|KRW|39300|20150715|1300|
C|005186|2015|50001684960018|001|4300003135|00070|CMB0002|100|EA|2420|KRW|242000|20150715|1300|
C|005186|2015|50001684960019|001|4300003135|00080|CMB0007|20|EA|925|KRW|18500|20150715|1300|
C|005186|2015|50001684960020|001|4300003135|00090|CMB0010|60|EA|1100|KRW|66000|20150715|1300|
C|005186|2015|50001684960021|001|4300003135|00120|CME0001|20|EA|4910|KRW|98200|20150715|1300|
C|005186|2015|50001684960022|001|4300003135|00130|CME0002|100|EA|2300|KRW|230000|20150715|1300|
C|005186|2015|50001684960023|001|4300003135|00140|CME0010|200|EA|285|KRW|57000|20150715|1300|
C|005186|2015|50001684960024|001|4300003135|00160|CMF0006|1|EA|11970|KRW|11970|20150715|1300|
C|005186|2015|50001684960025|001|4300003135|00170|CMH0007|2|EA|11700|KRW|23400|20150715|1300|
C|005186|2015|50001684960026|001|4300003135|00180|CMZ0002|20|EA|430|KRW|8600|20150715|1300|
C|005186|2015|50001684960027|001|4300003135|00190|CMZ0003|1|EA|1470|KRW|1470|20150715|1300|
C|005186|2015|50001684960028|001|4300003135|00200|CMZ0004|20|EA|380|KRW|7600|20150715|1300|
C|005186|2015|50001684960029|001|4300003136|00020|CMF0008|5|EA|1785|KRW|8925|20150715|1300|
C|005186|2015|50001684970001|001|4300003036|00010|UAEC0418|50|EA|13160|KRW|658000|20150715|1300|
C|005186|2015|50001684970002|001|4300003036|00020|UAEC0372|50|EA|13125|KRW|656250|20150715|1300|
C|005186|2015|50001684970003|001|4300003083|00010|UEBC1218|50|EA|1720|KRW|86000|20150715|1300|
C|005186|2015|50001684970004|001|4300003083|00040|UAGC0323|10|EA|14180|KRW|141800|20150715|1300|
C|005186|2015|50001684970005|001|4300003083|00050|UADC0040|20|EA|7880|KRW|157600|20150715|1300|
C|005186|2015|50001684970006|001|4300003083|00060|UKEC0091|20|EA|1270|KRW|25400|20150715|1300|
C|005186|2015|50001684970007|001|4300003083|00080|UAAC0001|20|EA|1890|KRW|37800|20150715|1300|
C|005186|2015|50001684970008|001|4300003102|00010|UEBC0758|10|EA|4170|KRW|41700|20150715|1300|
C|005186|2015|50001684970009|001|4300003102|00020|UEBC0759|10|EA|2310|KRW|23100|20150715|1300|
C|005186|2015|50001684970010|001|4300003102|00030|UAEC0324|30|EA|8630|KRW|258900|20150715|1300|
C|005186|2015|50001684970011|001|4300003102|00090|UDAC0318|100|EA|2940|KRW|294000|20150715|1300|
C|005186|2015|50001684970012|001|4300003102|00100|UEBC0301|20|EA|8790|KRW|175800|20150715|1300|
C|005186|2015|50001684970013|001|4300003120|00030|UKBC0010|1|EA|91480|KRW|91480|20150715|1300|
C|005186|2015|50001684980001|001|4300003046|00070|UHTC0635|8|EA|51500|KRW|412000|20150715|1300|
C|005186|2015|50001684980002|001|4300003084|00020|UHTC0656|10|EA|87200|KRW|872000|20150715|1300|
C|005186|2015|50001684990001|001|4300002936|00070|UGCC0972|50|EA|6400|KRW|320000|20150715|1300|
C|005186|2015|50001684990002|001|4300002954|00060|UCGC0003|30|EA|7570|KRW|227100|20150715|1300|
C|005186|2015|50001685100001|001|4300002925|00040|UGBC0481|10|EA|15225|KRW|152250|20150715|1300|
C|005186|2015|50001685100002|001|4300002925|00050|UGBC0483|5|EA|28665|KRW|143325|20150715|1300|
C|005186|2015|50001685100003|001|4300002925|00060|UDAC0175|2|EA|3150|KRW|6300|20150715|1300|
C|005186|2015|50001685100004|001|4300002925|00070|UCIC0042|2|EA|143100|KRW|286200|20150715|1300|
C|005186|2015|50001685100005|001|4300002925|00080|UBCC0041|4|EA|36800|KRW|147200|20150715|1300|
C|005186|2015|50001685110001|001|4300003104|00010|UAGC0325|5|EA|5180|KRW|25900|20150715|1300|
C|005186|2015|50001685110002|001|4300003108|00040|UDFC0016|2|EA|91350|KRW|182700|20150715|1300|
C|005186|2015|50001685110003|001|4300003110|00010|UDFC0106|10|EA|1370|KRW|13700|20150715|1300|
C|005186|2015|50001685110004|001|4300003110|00020|UDFC0107|10|EA|1370|KRW|13700|20150715|1300|
C|005186|2015|50001685110005|001|4300003110|00030|UDFC0108|10|EA|1370|KRW|13700|20150715|1300|
C|005186|2015|50001685110006|001|4300003110|00040|UDFC0007|10|EA|1690|KRW|16900|20150715|1300|
C|005186|2015|50001685110007|001|4300003110|00050|UEBC0029|4|EA|25240|KRW|100960|20150715|1300|
C|005186|2015|50001685110008|001|4300003110|00060|UDAC0062|5|EA|38400|KRW|192000|20150715|1300|
C|005186|2015|50001685110009|001|4300003110|00080|UEBC0276|5|EA|8670|KRW|43350|20150715|1300|
C|005186|2015|50001685110010|001|4300003110|00100|UGBC1100|2|EA|30450|KRW|60900|20150715|1300|
C|005186|2015|50001685110011|001|4300003110|00110|UAGC0389|1|EA|96670|KRW|96670|20150715|1300|
C|005186|2015|50001685110012|001|4300003110|00120|UDDC0131|10|EA|24360|KRW|243600|20150715|1300|
C|005186|2015|50001685110013|001|4300003110|00140|UIDC0059|1|EA|54600|KRW|54600|20150715|1300|
