C|005186|2017|50003789990001|001|4300008815|00020|CMA0001|50|EA|151|KRW|7550|20171031|1300|
C|005186|2017|50003789990002|001|4300008815|00030|CMA0007|50|EA|151|KRW|7550|20171031|1300|
C|005186|2017|50003790000001|001|4300008808|00010|CMZ0002|10|EA|400|KRW|4000|20171031|1300|
C|005186|2017|50003790000002|001|4300008808|00020|CMZ0005|10|EA|810|KRW|8100|20171031|1300|
C|005186|2017|50003790000003|001|4300008808|00030|CMZ0004|10|EA|220|KRW|2200|20171031|1300|
C|005186|2017|50003790000004|001|4300008808|00050|CMB0002|40|EA|2100|KRW|84000|20171031|1300|
C|005186|2017|50003790000005|001|4300008808|00060|CMB0003|40|EA|2200|KRW|88000|20171031|1300|
C|005186|2017|50003790000006|001|4300008808|00070|CMB0001|60|EA|520|KRW|31200|20171031|1300|
C|005186|2017|50003790000007|001|4300008808|00080|CMC0005|30|EA|150|KRW|4500|20171031|1300|
C|005186|2017|50003790000008|001|4300008808|00090|CMC0003|20|EA|310|KRW|6200|20171031|1300|
C|005186|2017|50003790000009|001|4300008808|00110|CMA0001|200|EA|151|KRW|30200|20171031|1300|
C|005186|2017|50003790000010|001|4300008808|00120|CMA0007|200|EA|151|KRW|30200|20171031|1300|
C|005186|2017|50003790000011|001|4300008808|00130|CMA0008|100|EA|470|KRW|47000|20171031|1300|
C|005186|2017|50003790000012|001|4300008808|00150|CMF0007|5|EA|1620|KRW|8100|20171031|1300|
C|005186|2017|50003790020001|001|4300008813|00010|CMA0001|800|EA|151|KRW|120800|20171031|1300|
C|005186|2017|50003790020002|001|4300008813|00020|CMA0003|50|EA|1150|KRW|57500|20171031|1300|
C|005186|2017|50003790020003|001|4300008813|00040|CMA0007|200|EA|151|KRW|30200|20171031|1300|
C|005186|2017|50003790020004|001|4300008813|00050|CMA0008|50|EA|470|KRW|23500|20171031|1300|
C|005186|2017|50003790020005|001|4300008813|00070|CMA0017|50|EA|770|KRW|38500|20171031|1300|
C|005186|2017|50003790020006|001|4300008813|00080|CMB0001|60|EA|520|KRW|31200|20171031|1300|
C|005186|2017|50003790020007|001|4300008813|00090|CMB0002|60|EA|2100|KRW|126000|20171031|1300|
C|005186|2017|50003790020008|001|4300008813|00100|CMC0002|3|EA|10300|KRW|30900|20171031|1300|
C|005186|2017|50003790020009|001|4300008813|00120|CMF0002|1|EA|860|KRW|860|20171031|1300|
C|005186|2017|50003790020010|001|4300008813|00170|CMZ0004|25|EA|220|KRW|5500|20171031|1300|
C|005186|2017|50003790030001|001|4300008807|00010|CMA0001|150|EA|151|KRW|22650|20171031|1300|
C|005186|2017|50003790030002|001|4300008807|00020|CMA0007|100|EA|151|KRW|15100|20171031|1300|
C|005186|2017|50003790030003|001|4300008807|00030|CMB0001|80|EA|520|KRW|41600|20171031|1300|
C|005186|2017|50003790030004|001|4300008807|00040|CMB0003|40|EA|2200|KRW|88000|20171031|1300|
C|005186|2017|50003790040001|001|4300008823|00010|CMA0007|100|EA|151|KRW|15100|20171031|1300|
C|005186|2017|50003790040002|001|4300008823|00030|CMZ0032|5|EA|1300|KRW|6500|20171031|1300|
C|005186|2017|50003790060001|001|4300008824|00030|CMA0007|100|EA|151|KRW|15100|20171031|1300|
C|005186|2017|50003790070001|001|4300008822|00010|CMA0001|100|EA|151|KRW|15100|20171031|1300|
C|005186|2017|50003790080001|001|4300008821|00020|CMA0007|200|EA|151|KRW|30200|20171031|1300|
C|005186|2017|50003790080002|001|4300008821|00030|CMF0003|1|EA|2020|KRW|2020|20171031|1300|
C|005186|2017|50003790080003|001|4300008821|00050|CMF0007|1|EA|1620|KRW|1620|20171031|1300|
C|005186|2017|50003790080004|001|4300008821|00060|CMF0008|1|EA|1620|KRW|1620|20171031|1300|
C|005186|2017|50003790090001|001|4300008820|00010|CMA0001|60|EA|151|KRW|9060|20171031|1300|
C|005186|2017|50003790090002|001|4300008820|00020|CMA0007|200|EA|151|KRW|30200|20171031|1300|
C|005186|2017|50003790090003|001|4300008820|00030|CMB0001|20|EA|520|KRW|10400|20171031|1300|
C|005186|2017|50003790090004|001|4300008820|00080|CMZ0032|3|EA|1300|KRW|3900|20171031|1300|
C|005186|2017|50003790110001|001|4300008819|00010|CMA0001|100|EA|151|KRW|15100|20171031|1300|
C|005186|2017|50003790110002|001|4300008819|00020|CMA0007|40|EA|151|KRW|6040|20171031|1300|
C|005186|2017|50003790110003|001|4300008819|00030|CMA0008|40|EA|470|KRW|18800|20171031|1300|
C|005186|2017|50003790120001|001|4300008805|00040|CMD0011|1|EA|24100|KRW|24100|20171031|1300|
C|005186|2017|50003790120002|001|4300008805|00050|CMD0016|1|EA|29000|KRW|29000|20171031|1300|
C|005186|2017|50003790120003|001|4300008806|00070|CMD0011|4|EA|24100|KRW|96400|20171031|1300|
C|005186|2017|50003790120004|001|4300008806|00080|CMD0017|2|EA|23760|KRW|47520|20171031|1300|
C|005186|2017|50003790120005|001|4300008807|00060|CMD0011|2|EA|24100|KRW|48200|20171031|1300|
C|005186|2017|50003790120006|001|4300008810|00070|CMD0011|4|EA|24100|KRW|96400|20171031|1300|
C|005186|2017|50003790120007|001|4300008810|00080|CMD0016|2|EA|29000|KRW|58000|20171031|1300|
C|005186|2017|50003790120008|001|4300008811|00080|CMD0011|2|EA|24100|KRW|48200|20171031|1300|
C|005186|2017|50003790120009|001|4300008814|00030|CMD0016|2|EA|29000|KRW|58000|20171031|1300|
C|005186|2017|50003790120010|001|4300008816|00060|CMD0016|1|EA|29000|KRW|29000|20171031|1300|
C|005186|2017|50003790120011|001|4300008816|00070|CMD0016|15|EA|29000|KRW|435000|20171031|1300|
C|005186|2017|50003790120012|001|4300008820|00050|CMD0016|1|EA|29000|KRW|29000|20171031|1300|
C|005186|2017|50003790120013|001|4300008821|00010|CMD0016|2|EA|29000|KRW|58000|20171031|1300|
C|005186|2017|50003790120014|001|4300008824|00010|CMD0016|1|EA|29000|KRW|29000|20171031|1300|
C|005186|2017|50003790130001|001|4300008888|00010|CMZ0006|5|EA|1170|KRW|5850|20171031|1300|
C|005186|2017|50003790140001|001|4300008857|00010|UGBC1653|2|EA|87300|KRW|174600|20171031|1300|
