C|005186|2014|50001009220001|001|4300001744|00010|CMD0001|7|EA|9555|KRW|66885|20140930|1300|
C|005186|2014|50001009220002|001|4300001744|00020|CMA0002|110|EA|1530|KRW|168300|20140930|1300|
C|005186|2014|50001009220003|001|4300001744|00030|CMA0001|100|EA|240|KRW|24000|20140930|1300|
C|005186|2014|50001009220004|001|4300001744|00040|CMH0007|30|EA|11700|KRW|351000|20140930|1300|
C|005186|2014|50001009220005|001|4300001744|00050|CMF0006|30|EA|11970|KRW|359100|20140930|1300|
C|005186|2014|50001009220006|001|4300001744|00060|CMA0014|100|EA|380|KRW|38000|20140930|1300|
C|005186|2014|50001009230001|001|4300001745|00020|CMA0002|5|EA|1530|KRW|7650|20140930|1300|
C|005186|2014|50001009230002|001|4300001745|00040|CMZ0004|10|EA|380|KRW|3800|20140930|1300|
C|005186|2014|50001009230003|001|4300001748|00050|CMA0017|10|EA|780|KRW|7800|20140930|1300|
C|005186|2014|50001009230004|001|4300001748|00130|CMF0001|10|EA|1680|KRW|16800|20140930|1300|
C|005186|2014|50001009230005|001|4300001748|00140|CMF0002|10|EA|1100|KRW|11000|20140930|1300|
C|005186|2014|50001009230006|001|4300001748|00160|CMF0020|10|EA|700|KRW|7000|20140930|1300|
C|005186|2014|50001009230007|001|4300001748|00180|CMZ0001|40|EA|765|KRW|30600|20140930|1300|
C|005186|2014|50001009230008|001|4300001748|00190|CMZ0002|40|EA|430|KRW|17200|20140930|1300|
C|005186|2014|50001009230009|001|4300001748|00200|CMZ0004|50|EA|380|KRW|19000|20140930|1300|
C|005186|2014|50001009230010|001|4300001748|00210|CMZ0006|30|EA|1155|KRW|34650|20140930|1300|
C|005186|2014|50001009240001|001|4300001751|00210|CMZ0002|60|EA|430|KRW|25800|20140930|1300|
C|005186|2014|50001009240002|001|4300001751|00220|CMZ0004|20|EA|380|KRW|7600|20140930|1300|
C|005186|2014|50001009240003|001|4300001752|00150|CMZ0001|12|EA|765|KRW|9180|20140930|1300|
C|005186|2014|50001009240004|001|4300001752|00160|CMZ0005|10|EA|750|KRW|7500|20140930|1300|
C|005186|2014|50001009240005|001|4300001753|00130|CMZ0001|10|EA|765|KRW|7650|20140930|1300|
C|005186|2014|50001009240006|001|4300001753|00140|CMZ0002|10|EA|430|KRW|4300|20140930|1300|
C|005186|2014|50001009240007|001|4300001753|00150|CMZ0005|10|EA|750|KRW|7500|20140930|1300|
C|005186|2014|50001009240008|001|4300001756|00210|CMZ0002|60|EA|430|KRW|25800|20140930|1300|
C|005186|2014|50001009250001|001|4300001753|00010|CMA0001|300|EA|240|KRW|72000|20140930|1300|
C|005186|2014|50001009250002|001|4300001753|00020|CMA0007|100|EA|270|KRW|27000|20140930|1300|
C|005186|2014|50001009250003|001|4300001753|00030|CMA0008|220|EA|690|KRW|151800|20140930|1300|
C|005186|2014|50001009250004|001|4300001753|00040|CMB0001|80|EA|655|KRW|52400|20140930|1300|
C|005186|2014|50001009250005|001|4300001753|00050|CMB0002|20|EA|2420|KRW|48400|20140930|1300|
C|005186|2014|50001009250006|001|4300001753|00060|CMB0003|20|EA|2420|KRW|48400|20140930|1300|
C|005186|2014|50001009250007|001|4300001753|00070|CMC0002|3|EA|9350|KRW|28050|20140930|1300|
C|005186|2014|50001009250008|001|4300001753|00080|CMC0005|30|EA|190|KRW|5700|20140930|1300|
C|005186|2014|50001009250009|001|4300001753|00090|CME0002|10|EA|2300|KRW|23000|20140930|1300|
C|005186|2014|50001009250010|001|4300001753|00100|CME0010|150|EA|285|KRW|42750|20140930|1300|
C|005186|2014|50001009250011|001|4300001755|00010|CMA0001|200|EA|240|KRW|48000|20140930|1300|
C|005186|2014|50001009250012|001|4300001755|00020|CMA0007|50|EA|270|KRW|13500|20140930|1300|
C|005186|2014|50001009250013|001|4300001755|00030|CMB0001|60|EA|655|KRW|39300|20140930|1300|
C|005186|2014|50001009250014|001|4300001755|00040|CMB0003|40|EA|2420|KRW|96800|20140930|1300|
C|005186|2014|50001009250015|001|4300001755|00050|CMB0010|100|EA|1100|KRW|110000|20140930|1300|
C|005186|2014|50001009250016|001|4300001755|00060|CMD0001|5|EA|9555|KRW|47775|20140930|1300|
C|005186|2014|50001009250017|001|4300001755|00090|CME0001|13|EA|4910|KRW|63830|20140930|1300|
C|005186|2014|50001009250018|001|4300001756|00010|CMA0001|400|EA|240|KRW|96000|20140930|1300|
C|005186|2014|50001009250019|001|4300001756|00020|CMA0007|300|EA|270|KRW|81000|20140930|1300|
C|005186|2014|50001009250020|001|4300001756|00030|CMA0015|50|EA|2830|KRW|141500|20140930|1300|
C|005186|2014|50001009250021|001|4300001756|00040|CMA0016|200|EA|2840|KRW|568000|20140930|1300|
C|005186|2014|50001009250022|001|4300001756|00050|CMB0010|480|EA|1100|KRW|528000|20140930|1300|
C|005186|2014|50001009250023|001|4300001756|00060|CMC0005|200|EA|190|KRW|38000|20140930|1300|
C|005186|2014|50001009250024|001|4300001756|00080|CME0004|5|EA|11550|KRW|57750|20140930|1300|
C|005186|2014|50001009250025|001|4300001756|00090|CME0005|10|EA|3465|KRW|34650|20140930|1300|
C|005186|2014|50001009250026|001|4300001756|00100|CME0008|20|EA|4410|KRW|88200|20140930|1300|
C|005186|2014|50001009250027|001|4300001756|00110|CME0010|200|EA|285|KRW|57000|20140930|1300|
C|005186|2014|50001009250028|001|4300001756|00190|CMH0007|5|EA|11700|KRW|58500|20140930|1300|
C|005186|2014|50001009250029|001|4300001758|00010|CMA0001|400|EA|240|KRW|96000|20140930|1300|
C|005186|2014|50001009250030|001|4300001758|00020|CMA0007|300|EA|270|KRW|81000|20140930|1300|
C|005186|2014|50001009250031|001|4300001758|00040|CMB0010|240|EA|1100|KRW|264000|20140930|1300|
C|005186|2014|50001009250032|001|4300001758|00050|CMC0003|50|EA|340|KRW|17000|20140930|1300|
C|005186|2014|50001009250033|001|4300001758|00060|CME0006|20|EA|3400|KRW|68000|20140930|1300|
C|005186|2014|50001009250034|001|4300001758|00070|CME0010|60|EA|285|KRW|17100|20140930|1300|
C|005186|2014|50001009250035|001|4300001759|00010|CMA0001|300|EA|240|KRW|72000|20140930|1300|
C|005186|2014|50001009250036|001|4300001759|00020|CMA0007|100|EA|270|KRW|27000|20140930|1300|
C|005186|2014|50001009250037|001|4300001759|00040|CMB0001|200|EA|655|KRW|131000|20140930|1300|
C|005186|2014|50001009250038|001|4300001759|00050|CMB0002|120|EA|2420|KRW|290400|20140930|1300|
C|005186|2014|50001009250039|001|4300001759|00060|CMC0005|50|EA|190|KRW|9500|20140930|1300|
C|005186|2014|50001009250040|001|4300001759|00070|CMD0001|5|EA|9555|KRW|47775|20140930|1300|
C|005186|2014|50001009250041|001|4300001759|00090|CME0001|20|EA|4910|KRW|98200|20140930|1300|
C|005186|2014|50001009250042|001|4300001759|00100|CME0010|200|EA|285|KRW|57000|20140930|1300|
