C|005186|2018|50004106390001|001|4300009899|00010|UHGC0134|2|EA|756000|KRW|1512000|20180330|1300|
C|005186|2018|50004106390002|001|4300009899|00020|UHDC0063|5|EA|304500|KRW|304500|20180330|1300|
C|005186|2018|50004106390003|001|4300009900|00010|UHGC0139|1|EA|561750|KRW|561750|20180330|1300|
C|005186|2018|50004106390004|001|4300009900|00020|UHGC0254|1|EA|800000|KRW|800000|20180330|1300|
C|005186|2018|50004106390005|001|4300009900|00030|UHFC0339|1|EA|92400|KRW|92400|20180330|1300|
C|005186|2018|50004106390006|001|4300009900|00040|UHFC0340|1|EA|118000|KRW|118000|20180330|1300|
C|005186|2018|50004106390007|001|4300009900|00050|UHFC0341|1|EA|172500|KRW|172500|20180330|1300|
C|005186|2018|50004106390008|001|4300009900|00060|UHFC0344|1|EA|63500|KRW|63500|20180330|1300|
C|005186|2018|50004106390009|001|4300009900|00070|UHFC0346|50|EA|99750|KRW|99750|20180330|1300|
C|005186|2018|50004106390010|001|4300009904|00010|UHGC0295|5|EA|180200|KRW|180200|20180330|1300|
C|005186|2018|50004106390011|001|4300009904|00020|UHDC0063|5|EA|304500|KRW|304500|20180330|1300|
C|005186|2018|50004106390012|001|4300009904|00030|UHGC0334|6|EA|102900|KRW|617400|20180330|1300|
C|005186|2018|50004106390013|001|4300009904|00040|UHFC0103|10|EA|481300|KRW|481300|20180330|1300|
C|005186|2018|50004106390014|001|4300009904|00050|UHCC0001|1|EA|257250|KRW|257250|20180330|1300|
C|005186|2018|50004106390015|001|4300009905|00010|UHAC0011|1|EA|695000|KRW|695000|20180330|1300|
C|005186|2018|50004106390016|001|4300009905|00020|UHNC0136|1|EA|947380|KRW|947380|20180330|1300|
C|005186|2018|50004106390017|001|4300009906|00010|UHCC0018|1|EA|922100|KRW|922100|20180330|1300|
C|005186|2018|50004106390018|001|4300009906|00020|UHGC0254|1|EA|800000|KRW|800000|20180330|1300|
C|005186|2018|50004106390019|001|4300009907|00010|UHNC0127|2|EA|406350|KRW|812700|20180330|1300|
C|005186|2018|50004106390020|001|4300009937|00030|UHDC0147|100|EA|37000|KRW|37000|20180330|1300|
C|005186|2018|50004106390021|001|4300009937|00040|UHFC0295|10|EA|170000|KRW|170000|20180330|1300|
C|005186|2018|50004106390022|001|4300009937|00050|UHGC0207|3|EA|90300|KRW|270900|20180330|1300|
C|005186|2018|50004106390023|001|4300009937|00110|UDBC0642|10|EA|1420|KRW|14200|20180330|1300|
C|005186|2018|50004106390024|001|4300009937|00120|UDBC0339|50|EA|1350|KRW|1350|20180330|1300|
C|005186|2018|50004106400001|001|4300009977|00080|CMC0005|30|EA|150|KRW|4500|20180330|1300|
C|005186|2018|50004106400002|001|4300009977|00090|CMB0002|100|EA|2100|KRW|210000|20180330|1300|
C|005186|2018|50004106400003|001|4300009977|00100|CMA0001|350|EA|151|KRW|52850|20180330|1300|
C|005186|2018|50004106400004|001|4300009977|00110|CMA0007|350|EA|151|KRW|52850|20180330|1300|
C|005186|2018|50004106410001|001|4300009973|00020|CMB0003|20|EA|2200|KRW|44000|20180330|1300|
C|005186|2018|50004106410002|001|4300009973|00040|CMB0001|40|EA|520|KRW|20800|20180330|1300|
C|005186|2018|50004106410003|001|4300009973|00060|CMA0007|100|EA|151|KRW|15100|20180330|1300|
C|005186|2018|50004106410004|001|4300009973|00070|CMA0001|150|EA|151|KRW|22650|20180330|1300|
C|005186|2018|50004106420001|001|4300009972|00040|CMA0008|20|EA|470|KRW|9400|20180330|1300|
C|005186|2018|50004106420002|001|4300009972|00060|CMA0017|100|EA|770|KRW|77000|20180330|1300|
C|005186|2018|50004106420003|001|4300009972|00070|CMA0007|220|EA|151|KRW|33220|20180330|1300|
C|005186|2018|50004106420004|001|4300009972|00090|CMA0001|400|EA|151|KRW|60400|20180330|1300|
C|005186|2018|50004106430001|001|4300009969|00010|CMA0017|20|EA|770|KRW|15400|20180330|1300|
C|005186|2018|50004106430002|001|4300009969|00020|CMA0001|80|EA|151|KRW|12080|20180330|1300|
C|005186|2018|50004106430003|001|4300009969|00030|CMA0007|80|EA|151|KRW|12080|20180330|1300|
C|005186|2018|50004106430004|001|4300009969|00040|CMB0003|80|EA|2200|KRW|176000|20180330|1300|
C|005186|2018|50004106430005|001|4300009969|00050|CMC0005|100|EA|150|KRW|15000|20180330|1300|
C|005186|2018|50004106440001|001|4300009957|00010|CMA0001|100|EA|151|KRW|15100|20180330|1300|
C|005186|2018|50004106440002|001|4300009957|00020|CMA0007|40|EA|151|KRW|6040|20180330|1300|
C|005186|2018|50004106440003|001|4300009957|00030|CMA0008|40|EA|470|KRW|18800|20180330|1300|
C|005186|2018|50004106440004|001|4300009957|00040|CMA0017|10|EA|770|KRW|7700|20180330|1300|
C|005186|2018|50004106450001|001|4300009978|00020|CMF0008|2|EA|1620|KRW|3240|20180330|1300|
C|005186|2018|50004106450002|001|4300009978|00030|CMC0002|3|EA|10300|KRW|30900|20180330|1300|
C|005186|2018|50004106450003|001|4300009978|00060|CMA0017|50|EA|770|KRW|38500|20180330|1300|
C|005186|2018|50004106450004|001|4300009978|00070|CMC0005|50|EA|150|KRW|7500|20180330|1300|
C|005186|2018|50004106450005|001|4300009978|00110|CMA0007|200|EA|151|KRW|30200|20180330|1300|
C|005186|2018|50004106450006|001|4300009978|00120|CMB0002|360|EA|2100|KRW|756000|20180330|1300|
C|005186|2018|50004106450007|001|4300009978|00130|CMA0001|600|EA|151|KRW|90600|20180330|1300|
C|005186|2018|50004106460001|001|4300009979|00010|CMZ0015|1|EA|11800|KRW|11800|20180330|1300|
C|005186|2018|50004106460002|001|4300009979|00060|CME0002|30|EA|1100|KRW|33000|20180330|1300|
C|005186|2018|50004106460003|001|4300009979|00090|CMB0003|100|EA|2200|KRW|220000|20180330|1300|
C|005186|2018|50004106460004|001|4300009979|00110|CMA0007|150|EA|151|KRW|22650|20180330|1300|
C|005186|2018|50004106460005|001|4300009979|00120|CMA0008|150|EA|470|KRW|70500|20180330|1300|
C|005186|2018|50004106460006|001|4300009979|00130|CMB0001|150|EA|520|KRW|78000|20180330|1300|
C|005186|2018|50004106460007|001|4300009979|00140|CMA0001|400|EA|151|KRW|60400|20180330|1300|
C|005186|2018|50004106470001|001|4300009981|00050|CMF0002|5|EA|860|KRW|4300|20180330|1300|
C|005186|2018|50004106470002|001|4300009981|00070|CMA0008|100|EA|470|KRW|47000|20180330|1300|
C|005186|2018|50004106470003|001|4300009981|00090|CMB0001|200|EA|520|KRW|104000|20180330|1300|
C|005186|2018|50004106470004|001|4300009981|00120|CMC0005|400|EA|150|KRW|60000|20180330|1300|
C|005186|2018|50004106470005|001|4300009981|00130|CMA0007|500|EA|151|KRW|75500|20180330|1300|
C|005186|2018|50004106470006|001|4300009981|00140|CMA0001|700|EA|151|KRW|105700|20180330|1300|
C|005186|2018|50004106490001|001|4300009976|00050|CMB0002|40|EA|2100|KRW|84000|20180330|1300|
C|005186|2018|50004106490002|001|4300009976|00060|CMB0003|40|EA|2200|KRW|88000|20180330|1300|
C|005186|2018|50004106490003|001|4300009976|00070|CMB0001|60|EA|520|KRW|31200|20180330|1300|
C|005186|2018|50004106490004|001|4300009976|00080|CMC0005|100|EA|150|KRW|15000|20180330|1300|
C|005186|2018|50004106490005|001|4300009976|00100|CMA0007|200|EA|151|KRW|30200|20180330|1300|
C|005186|2018|50004106490006|001|4300009976|00110|CMA0008|300|EA|470|KRW|141000|20180330|1300|
C|005186|2018|50004106490007|001|4300009976|00120|CMA0001|320|EA|151|KRW|48320|20180330|1300|
C|005186|2018|50004106500001|001|4300009947|00010|CMA0001|60|EA|151|KRW|9060|20180330|1300|
C|005186|2018|50004106500002|001|4300009947|00020|CMA0007|200|EA|151|KRW|30200|20180330|1300|
C|005186|2018|50004106500003|001|4300009947|00030|CMB0001|20|EA|520|KRW|10400|20180330|1300|
C|005186|2018|50004106500004|001|4300009947|00060|CMZ0032|3|EA|1300|KRW|3900|20180330|1300|
