C|005186|2015|50001796040001|001|4300003419|00010|UGBC1295|4|EA|121300|KRW|485200|20150831|1300|
C|005186|2015|50001796040002|001|4300003419|00020|UEBC0787|20|EA|850|KRW|17000|20150831|1300|
C|005186|2015|50001796040003|001|4300003419|00070|UDBC0675|10|EA|7550|KRW|75500|20150831|1300|
C|005186|2015|50001796040004|001|4300003419|00080|UDBC0670|30|EA|2120|KRW|63600|20150831|1300|
C|005186|2015|50001796040005|001|4300003419|00120|UEBC0359|10|EA|3810|KRW|38100|20150831|1300|
C|005186|2015|50001796040006|001|4300003419|00130|UEBC0736|1|EA|25940|KRW|25940|20150831|1300|
C|005186|2015|50001796040007|001|4300003419|00140|UAGC0193|100|EA|3255|KRW|325500|20150831|1300|
C|005186|2015|50001796040008|001|4300003419|00170|UEBC0175|2|EA|129940|KRW|259880|20150831|1300|
C|005186|2015|50001796060001|001|4300003407|00030|UGCC0630|2|EA|36750|KRW|73500|20150831|1300|
C|005186|2015|50001796070001|001|4300003400|00010|UCKC0043|1|EA|698000|KRW|698000|20150831|1300|
C|005186|2015|50001796070002|001|4300003400|00020|UAEC0029|40|EA|7500|KRW|300000|20150831|1300|
C|005186|2015|50001796070003|001|4300003400|00050|UAEC0095|1|EA|22630|KRW|22630|20150831|1300|
C|005186|2015|50001796070004|001|4300003400|00060|UGAC0091|1|EA|33920|KRW|33920|20150831|1300|
C|005186|2015|50001796070005|001|4300003400|00070|UHTC0246|50|EA|8470|KRW|423500|20150831|1300|
C|005186|2015|50001796070006|001|4300003400|00080|UJAC0067|10|EA|5560|KRW|55600|20150831|1300|
C|005186|2015|50001796070007|001|4300003400|00090|UJAC0068|10|EA|6070|KRW|60700|20150831|1300|
C|005186|2015|50001796070008|001|4300003403|00020|UALC0006|100|EA|1733|KRW|173300|20150831|1300|
C|005186|2015|50001796070009|001|4300003403|00030|UAEC0301|20|EA|11550|KRW|231000|20150831|1300|
C|005186|2015|50001796070010|001|4300003403|00040|UALC0061|100|EA|300|KRW|30000|20150831|1300|
C|005186|2015|50001796070011|001|4300003403|00050|UDBC0532|200|EA|190|KRW|38000|20150831|1300|
C|005186|2015|50001796070012|001|4300003403|00080|UKBC0010|2|EA|91480|KRW|182960|20150831|1300|
C|005186|2015|50001796070013|001|4300003404|00010|UGCC0582|20|EA|31050|KRW|621000|20150831|1300|
C|005186|2015|50001796070014|001|4300003404|00020|UAEC0056|5|EA|9000|KRW|45000|20150831|1300|
C|005186|2015|50001796070015|001|4300003404|00030|UAEC0014|2|EA|9000|KRW|18000|20150831|1300|
C|005186|2015|50001796070016|001|4300003404|00050|UJAC0121|1|EA|409500|KRW|409500|20150831|1300|
C|005186|2015|50001796080001|001|4300003401|00010|UHDC0235|20|EA|92500|KRW|1850000|20150831|1300|
C|005186|2015|50001796080002|001|4300003405|00010|UHHC0060|2|EA|412650|KRW|825300|20150831|1300|
C|005186|2015|50001796080003|001|4300003405|00020|UHTC0438|10|EA|34800|KRW|348000|20150831|1300|
C|005186|2015|50001796080004|001|4300003405|00030|UHHC0072|2|EA|412650|KRW|825300|20150831|1300|
C|005186|2015|50001796080005|001|4300003406|00010|UHHC0128|2|EA|220500|KRW|441000|20150831|1300|
C|005186|2015|50001796080006|001|4300003406|00020|UHFC0128|1|EA|525000|KRW|525000|20150831|1300|
C|005186|2015|50001796080007|001|4300003406|00030|UHGC0150|10|EA|31600|KRW|316000|20150831|1300|
C|005186|2015|50001796080008|001|4300003406|00040|UHTC0211|1|EA|522900|KRW|522900|20150831|1300|
C|005186|2015|50001796080009|001|4300003407|00010|UHGC0129|1|EA|612680|KRW|612680|20150831|1300|
C|005186|2015|50001796080010|001|4300003408|00010|UHTC0749|1|EA|1998000|KRW|1998000|20150831|1300|
C|005186|2015|50001796090001|001|4300003299|00010|UAGC0252|1|EA|67060|KRW|0|20150831|1300|
C|005186|2015|50001796090002|001|4300003299|00020|UIEC0025|2|EA|5040|KRW|0|20150831|1300|
C|005186|2015|50001796090003|001|4300003299|00030|UAEC0056|2|EA|9000|KRW|0|20150831|1300|
C|005186|2015|50001796090004|001|4300003299|00040|UAEC0114|2|EA|12290|KRW|0|20150831|1300|
C|005186|2015|50001796090005|001|4300003299|00050|UHTC0233|1|EA|29900|KRW|0|20150831|1300|
C|005186|2015|50001796090006|001|4300003299|00060|UAEC0034|2|EA|3470|KRW|0|20150831|1300|
C|005186|2015|50001796090007|001|4300003299|00070|UAEC0185|2|EA|89360|KRW|0|20150831|1300|
C|005186|2015|50001796090008|001|4300003299|00080|UAAC0020|2|EA|10000|KRW|0|20150831|1300|
C|005186|2015|50001796090009|001|4300003299|00090|UZZC0012|3|EA|7350|KRW|0|20150831|1300|
C|005186|2015|50001796200001|001|4300003378|00040|UGAC0077|1|EA|36610|KRW|36610|20150831|1300|
C|005186|2015|50001796200002|001|4300003379|00020|UAEC0299|5|EA|18900|KRW|94500|20150831|1300|
C|005186|2015|50001796210001|001|4300003410|00020|UHTC0449|10|EA|1900|KRW|19000|20150831|1300|
C|005186|2015|50001796210002|001|4300003410|00030|UFJC0009|4|EA|58940|KRW|235760|20150831|1300|
C|005186|2015|50001796210003|001|4300003410|00040|UHTC0526|10|EA|2100|KRW|21000|20150831|1300|
C|005186|2015|50001796210004|001|4300003410|00050|UHTC0527|10|EA|2100|KRW|21000|20150831|1300|
C|005186|2015|50001796210005|001|4300003410|00060|UHTC0548|40|EA|8470|KRW|338800|20150831|1300|
C|005186|2015|50001796210006|001|4300003410|00070|UHDC0186|200|EA|265|KRW|53000|20150831|1300|
C|005186|2015|50001796210007|001|4300003410|00080|UHDC0188|200|EA|265|KRW|53000|20150831|1300|
C|005186|2015|50001796210008|001|4300003410|00090|UHDC0189|200|EA|265|KRW|53000|20150831|1300|
C|005186|2015|50001796210009|001|4300003410|00100|UHGC0124|10|EA|22100|KRW|221000|20150831|1300|
C|005186|2015|50001796210010|001|4300003411|00010|UHFC0233|5|EA|11660|KRW|58300|20150831|1300|
C|005186|2015|50001796210011|001|4300003411|00020|UHFC0234|5|EA|12075|KRW|60375|20150831|1300|
C|005186|2015|50001796210012|001|4300003464|00060|UHTC0246|30|EA|8470|KRW|254100|20150831|1300|
C|005186|2015|50001796210013|001|4300003483|00150|KE030200|10|EA|15230|KRW|152300|20150831|1300|
C|005186|2015|50001796210014|001|4300003483|00160|KE030206|10|EA|16380|KRW|163800|20150831|1300|
