C|005186|2016|50002723590001|001|4300005486|00020|UHFC0345|50|EA|1270|KRW|63500|20160727|1300|
C|005186|2016|50002723590002|001|4300005486|00030|UHFC0346|25|EA|1995|KRW|49875|20160727|1300|
C|005186|2016|50002723590003|001|4300005486|00040|UHFC0347|10|EA|2630|KRW|26300|20160727|1300|
C|005186|2016|50002723590004|001|4300005486|00050|UHGC0129|1|EA|612680|KRW|612680|20160727|1300|
C|005186|2016|50002723590005|001|4300005486|00080|UHDC0171|2|EA|24780|KRW|49560|20160727|1300|
C|005186|2016|50002723590006|001|4300005486|00090|UHDC0176|2|EA|27720|KRW|55440|20160727|1300|
C|005186|2016|50002723590007|001|4300005487|00010|UHGC0134|2|EA|756000|KRW|1512000|20160727|1300|
C|005186|2016|50002723590008|001|4300005487|00020|UHFC0122|2|EA|135030|KRW|270060|20160727|1300|
C|005186|2016|50002723590009|001|4300005488|00010|UHHC0179|1|EA|693000|KRW|693000|20160727|1300|
C|005186|2016|50002723590010|001|4300005488|00020|UHTC0576|20|EA|34730|KRW|694600|20160727|1300|
C|005186|2016|50002723590011|001|4300005488|00030|UHTC0578|10|EA|5800|KRW|58000|20160727|1300|
C|005186|2016|50002723590012|001|4300005488|00040|UAJC0013|50|EA|3240|KRW|162000|20160727|1300|
C|005186|2016|50002723590013|001|4300005489|00010|UHTC0437|12|EA|34650|KRW|415800|20160727|1300|
C|005186|2016|50002723590014|001|4300005489|00020|UHHC0074|1|EA|1212750|KRW|1212750|20160727|1300|
C|005186|2016|50002723590015|001|4300005489|00030|UHFC0428|10|EA|3330|KRW|33300|20160727|1300|
C|005186|2016|50002723590016|001|4300005489|00040|UHTC0769|3|EA|83700|KRW|251100|20160727|1300|
C|005186|2016|50002723590017|001|4300005490|00010|UHHC0082|1|EA|955500|KRW|955500|20160727|1300|
C|005186|2016|50002723590018|001|4300005490|00020|UHGC0286|5|EA|139000|KRW|695000|20160727|1300|
C|005186|2016|50002723590019|001|4300005490|00030|UHFC0429|5|EA|55100|KRW|275500|20160727|1300|
C|005186|2016|50002723590020|001|4300005492|00010|UHGC0288|3|EA|166000|KRW|498000|20160727|1300|
C|005186|2016|50002723590021|001|4300005492|00020|UHGC0289|1|EA|645000|KRW|645000|20160727|1300|
C|005186|2016|50002723590022|001|4300005492|00030|UHGC0289|1|EA|645000|KRW|645000|20160727|1300|
C|005186|2016|50002723590023|001|4300005493|00010|UHHC0205|4|EA|371000|KRW|1484000|20160727|1300|
C|005186|2016|50002723590024|001|4300005495|00010|UHNC0096|1|EA|840000|KRW|840000|20160727|1300|
C|005186|2016|50002723590025|001|4300005497|00010|UGAC0083|14|EA|33500|KRW|469000|20160727|1300|
C|005186|2016|50002723590026|001|4300005497|00040|UHHC0071|1|EA|573300|KRW|573300|20160727|1300|
C|005186|2016|50002723590027|001|4300005497|00050|UHFC0336|1|EA|82950|KRW|82950|20160727|1300|
C|005186|2016|50002723590028|001|4300005497|00060|UHTC0438|3|EA|34800|KRW|104400|20160727|1300|
C|005186|2016|50002723590029|001|4300005547|00040|UHHC0060|2|EA|412650|KRW|825300|20160727|1300|
C|005186|2016|50002723590030|001|4300005600|00010|UHGC0294|5|EA|96460|KRW|482300|20160727|1300|
C|005186|2016|50002723590031|001|4300005600|00020|UHGC0053|5|EA|22940|KRW|114700|20160727|1300|
C|005186|2016|50002723590032|001|4300005600|00030|UHGC0153|10|EA|14000|KRW|140000|20160727|1300|
C|005186|2016|50002723590033|001|4300005600|00040|UHGC0032|10|EA|9450|KRW|94500|20160727|1300|
C|005186|2016|50002723590034|001|4300005600|00060|UHGC0107|2|EA|342100|KRW|684200|20160727|1300|
C|005186|2016|50002723590035|001|4300005601|00010|UHDC0043|1|EA|1982000|KRW|1982000|20160727|1300|
C|005186|2016|50002723590036|001|4300005602|00010|UHNC0005|1|EA|803160|KRW|803160|20160727|1300|
C|005186|2016|50002723590037|001|4300005602|00020|UHNC0016|1|EA|779100|KRW|779100|20160727|1300|
C|005186|2016|50002723590038|001|4300005602|00030|UHGC0161|3|EA|126000|KRW|378000|20160727|1300|
C|005186|2016|50002723700001|001|4300005546|00120|UAGC0064|1|EA|112630|KRW|112630|20160727|1300|
C|005186|2016|50002723710001|001|4300005498|00030|UGBC1420|2|EA|434000|KRW|868000|20160727|1300|
C|005186|2016|50002723710002|001|4300005499|00090|UGCC0436|2|EA|240000|KRW|480000|20160727|1300|
C|005186|2016|50002723720001|001|4300005604|00010|UAEC0366|2|EA|229400|KRW|458800|20160727|1300|
C|005186|2016|50002723720002|001|4300005605|00040|UCKC0048|1|EA|295000|KRW|295000|20160727|1300|
C|005186|2016|50002723720003|001|4300005624|00010|UDBC0223|200|EA|21|KRW|4200|20160727|1300|
C|005186|2016|50002723720004|001|4300005624|00020|UDBC0227|200|EA|21|KRW|4200|20160727|1300|
C|005186|2016|50002723720005|001|4300005624|00030|UDBC0229|200|EA|42|KRW|8400|20160727|1300|
C|005186|2016|50002723720006|001|4300005624|00040|UDBC0424|500|EA|72|KRW|36000|20160727|1300|
C|005186|2016|50002723720007|001|4300005624|00050|UDBC0426|500|EA|75|KRW|37500|20160727|1300|
C|005186|2016|50002723720008|001|4300005624|00060|UDBC0418|500|EA|68|KRW|34000|20160727|1300|
C|005186|2016|50002723720009|001|4300005624|00070|UDBC0592|300|EA|21|KRW|6300|20160727|1300|
C|005186|2016|50002723720010|001|4300005624|00080|UDBC0600|300|EA|40|KRW|12000|20160727|1300|
C|005186|2016|50002723720011|001|4300005624|00090|UDBC0614|300|EA|48|KRW|14400|20160727|1300|
C|005186|2016|50002723720012|001|4300005624|00100|UDBC0298|500|EA|11|KRW|5500|20160727|1300|
C|005186|2016|50002723720013|001|4300005624|00110|UDBC0738|500|EA|30|KRW|15000|20160727|1300|
C|005186|2016|50002723720014|001|4300005624|00120|UDBC0746|500|EA|9|KRW|4500|20160727|1300|
C|005186|2016|50002723720015|001|4300005624|00130|UDBC0654|300|EA|140|KRW|42000|20160727|1300|
C|005186|2016|50002723720016|001|4300005624|00140|UDBC0423|300|EA|75|KRW|22500|20160727|1300|
C|005186|2016|50002723720017|001|4300005624|00150|UDBC0644|100|EA|32|KRW|3200|20160727|1300|
C|005186|2016|50002723720018|001|4300005625|00010|UDBC0645|100|EA|38|KRW|3800|20160727|1300|
C|005186|2016|50002723720019|001|4300005625|00020|UDBC0647|100|EA|32|KRW|3200|20160727|1300|
C|005186|2016|50002723720020|001|4300005625|00030|UDBC0649|100|EA|40|KRW|4000|20160727|1300|
C|005186|2016|50002723720021|001|4300005625|00040|UDBC0655|50|EA|55|KRW|2750|20160727|1300|
C|005186|2016|50002723720022|001|4300005626|00010|UDBC0863|50|EA|55|KRW|2750|20160727|1300|
C|005186|2016|50002723720023|001|4300005626|00020|UDBC0890|50|EA|105|KRW|5250|20160727|1300|
C|005186|2016|50002723720024|001|4300005626|00030|UDBC0659|50|EA|108|KRW|5400|20160727|1300|
C|005186|2016|50002723720025|001|4300005626|00040|UDBC0661|50|EA|115|KRW|5750|20160727|1300|
C|005186|2016|50002723720026|001|4300005626|00050|UDBC0889|50|EA|160|KRW|8000|20160727|1300|
C|005186|2016|50002723720027|001|4300005626|00060|UICC0007|10|EA|1580|KRW|15800|20160727|1300|
C|005186|2016|50002723720028|001|4300005627|00030|UGAC0091|1|EA|33920|KRW|33920|20160727|1300|
C|005186|2016|50002723720029|001|4300005627|00050|UDBC0008|150|EA|8715|KRW|1307250|20160727|1300|
C|005186|2016|50002723720030|001|4300005627|00060|UAEC0221|1|EA|13860|KRW|13860|20160727|1300|
C|005186|2016|50002723720031|001|4300005627|00070|UDBC0475|10|EA|1960|KRW|19600|20160727|1300|
C|005186|2016|50002723720032|001|4300005627|00080|UDBC0338|10|EA|610|KRW|6100|20160727|1300|
C|005186|2016|50002723720033|001|4300005627|00090|UDBC0294|20|EA|95|KRW|1900|20160727|1300|
C|005186|2016|50002723720034|001|4300005627|00100|UDBC0712|20|EA|170|KRW|3400|20160727|1300|
C|005186|2016|50002723720035|001|4300005627|00110|UAEC0362|10|EA|2205|KRW|22050|20160727|1300|
C|005186|2016|50002723720036|001|4300005627|00120|UKBC0010|2|EA|91480|KRW|182960|20160727|1300|
C|005186|2016|50002723720037|001|4300005627|00130|UZZC0116|50|EA|3030|KRW|151500|20160727|1300|
C|005186|2016|50002723720038|001|4300005628|00020|UIEC0002|1|EA|825300|KRW|825300|20160727|1300|
C|005186|2016|50002723720039|001|4300005629|00020|UICC0051|4|EA|1050|KRW|4200|20160727|1300|
C|005186|2016|50002723720040|001|4300005629|00070|UDBC0008|150|EA|8715|KRW|1307250|20160727|1300|
C|005186|2016|50002723720041|001|4300005630|00020|UGCC0995|14|EA|38200|KRW|534800|20160727|1300|
C|005186|2016|50002723720042|001|4300005630|00030|UAEC0366|2|EA|229400|KRW|458800|20160727|1300|
C|005186|2016|50002723720043|001|4300005631|00020|UGBC1455|3|EA|286200|KRW|858600|20160727|1300|
C|005186|2016|50002723720044|001|4300005631|00040|UAJC0054|100|EA|270|KRW|27000|20160727|1300|
C|005186|2016|50002723720045|001|4300005631|00060|UGAC0053|2|EA|69880|KRW|139760|20160727|1300|
C|005186|2016|50002723720046|001|4300005632|00020|UGAC0056|3|EA|139760|KRW|419280|20160727|1300|
C|005186|2016|50002723720047|001|4300005633|00020|UGAC0056|2|EA|139760|KRW|279520|20160727|1300|
C|005186|2016|50002723720048|001|4300005634|00010|UGBC0864|1|EA|29200|KRW|29200|20160727|1300|
C|005186|2016|50002723720049|001|4300005634|00020|UGCC0245|5|EA|14740|KRW|73700|20160727|1300|
C|005186|2016|50002723720050|001|4300005635|00010|UZZC0121|1|EA|363150|KRW|363150|20160727|1300|
C|005186|2016|50002723720051|001|4300005635|00020|UAIC0034|1|EA|25230|KRW|25230|20160727|1300|
C|005186|2016|50002723720052|001|4300005638|00010|UGAC0053|1|EA|69880|KRW|69880|20160727|1300|
C|005186|2016|50002723720053|001|4300005639|00040|UAGC0055|10|EA|730|KRW|7300|20160727|1300|
C|005186|2016|50002723720054|001|4300005640|00020|UAEC0354|1|EA|464300|KRW|464300|20160727|1300|
C|005186|2016|50002723740001|001|4300005606|00010|CMA0001|200|EA|240|KRW|48000|20160727|1300|
C|005186|2016|50002723740002|001|4300005606|00020|CMA0007|600|EA|270|KRW|162000|20160727|1300|
C|005186|2016|50002723740003|001|4300005606|00030|CMA0017|30|EA|780|KRW|23400|20160727|1300|
C|005186|2016|50002723740004|001|4300005606|00040|CMB0010|200|EA|1100|KRW|220000|20160727|1300|
C|005186|2016|50002723740005|001|4300005606|00050|CMB0001|300|EA|655|KRW|196500|20160727|1300|
C|005186|2016|50002723740006|001|4300005606|00070|CMZ0032|40|EA|1970|KRW|78800|20160727|1300|
C|005186|2016|50002723740007|001|4300005606|00080|CMZ0006|5|EA|1155|KRW|5775|20160727|1300|
C|005186|2016|50002723740008|001|4300005606|00090|CMH0007|4|EA|11700|KRW|46800|20160727|1300|
C|005186|2016|50002723740009|001|4300005606|00100|CMZ0006|3|EA|1155|KRW|3465|20160727|1300|
C|005186|2016|50002723740010|001|4300005606|00110|CMZ0004|3|EA|380|KRW|1140|20160727|1300|
C|005186|2016|50002723740011|001|4300005608|00020|CMF0003|10|EA|1820|KRW|18200|20160727|1300|
C|005186|2016|50002723740012|001|4300005608|00040|CMC0005|40|EA|190|KRW|7600|20160727|1300|
C|005186|2016|50002723740013|001|4300005608|00060|CMA0001|60|EA|240|KRW|14400|20160727|1300|
C|005186|2016|50002723740014|001|4300005608|00070|CMA0007|60|EA|270|KRW|16200|20160727|1300|
C|005186|2016|50002723740015|001|4300005608|00080|CMA0008|20|EA|690|KRW|13800|20160727|1300|
C|005186|2016|50002723740016|001|4300005619|00010|CMA0001|30|EA|240|KRW|7200|20160727|1300|
C|005186|2016|50002723740017|001|4300005619|00020|CMA0007|60|EA|270|KRW|16200|20160727|1300|
C|005186|2016|50002723740018|001|4300005619|00030|CMB0010|50|EA|1100|KRW|55000|20160727|1300|
C|005186|2016|50002723740019|001|4300005619|00040|CMZ0014|1|EA|23300|KRW|23300|20160727|1300|
C|005186|2016|50002723740020|001|4300005619|00050|CMH0004|1|EA|760|KRW|760|20160727|1300|
C|005186|2016|50002723740021|001|4300005620|00010|CMA0001|100|EA|240|KRW|24000|20160727|1300|
C|005186|2016|50002723740022|001|4300005620|00020|CMA0007|40|EA|270|KRW|10800|20160727|1300|
C|005186|2016|50002723740023|001|4300005620|00030|CMA0008|40|EA|690|KRW|27600|20160727|1300|
C|005186|2016|50002723740024|001|4300005620|00040|CME0010|40|EA|285|KRW|11400|20160727|1300|
C|005186|2016|50002723740025|001|4300005620|00050|CME0001|10|EA|4910|KRW|49100|20160727|1300|
C|005186|2016|50002723740026|001|4300005621|00010|CMA0001|60|EA|240|KRW|14400|20160727|1300|
C|005186|2016|50002723740027|001|4300005621|00020|CMA0007|200|EA|270|KRW|54000|20160727|1300|
C|005186|2016|50002723740028|001|4300005621|00030|CMB0001|20|EA|655|KRW|13100|20160727|1300|
C|005186|2016|50002723740029|001|4300005621|00040|CMB0010|80|EA|1100|KRW|88000|20160727|1300|
C|005186|2016|50002723740030|001|4300005621|00050|CMZ0032|2|EA|1970|KRW|3940|20160727|1300|
C|005186|2016|50002723740031|001|4300005622|00010|CMA0001|540|EA|240|KRW|129600|20160727|1300|
C|005186|2016|50002723740032|001|4300005622|00020|CMA0007|50|EA|270|KRW|13500|20160727|1300|
C|005186|2016|50002723740033|001|4300005622|00030|CMA0017|10|EA|780|KRW|7800|20160727|1300|
C|005186|2016|50002723740034|001|4300005622|00040|CME0010|100|EA|285|KRW|28500|20160727|1300|
C|005186|2016|50002723740035|001|4300005622|00050|CME0013|2|EA|20300|KRW|40600|20160727|1300|
C|005186|2016|50002723740036|001|4300005622|00070|CMH0007|1|EA|11700|KRW|11700|20160727|1300|
C|005186|2016|50002723740037|001|4300005622|00080|CMA0006|30|EA|2270|KRW|68100|20160727|1300|
C|005186|2016|50002723750001|001|4300005605|00030|UGBC0913|10|EA|36225|KRW|362250|20160727|1300|
C|005186|2016|50002723750002|001|4300005625|00100|UGCC0926|2|EA|144000|KRW|288000|20160727|1300|
C|005186|2016|50002723770001|001|4300005607|00010|CME0003|20|EA|5400|KRW|108000|20160727|1300|
C|005186|2016|50002723770002|001|4300005607|00020|CMA0001|100|EA|240|KRW|24000|20160727|1300|
C|005186|2016|50002723770003|001|4300005607|00030|CMA0007|100|EA|270|KRW|27000|20160727|1300|
C|005186|2016|50002723770004|001|4300005607|00040|CMA0015|100|EA|2830|KRW|283000|20160727|1300|
C|005186|2016|50002723770005|001|4300005607|00050|CMB0001|240|EA|655|KRW|157200|20160727|1300|
C|005186|2016|50002723770006|001|4300005607|00060|CMB0002|120|EA|2420|KRW|290400|20160727|1300|
C|005186|2016|50002723770007|001|4300005607|00070|CMC0003|50|EA|340|KRW|17000|20160727|1300|
C|005186|2016|50002723770008|001|4300005607|00080|CMC0005|50|EA|190|KRW|9500|20160727|1300|
C|005186|2016|50002723770009|001|4300005607|00090|CMD0001|16|EA|9555|KRW|152880|20160727|1300|
C|005186|2016|50002723770010|001|4300005607|00110|CME0002|20|EA|2300|KRW|46000|20160727|1300|
C|005186|2016|50002723770011|001|4300005607|00120|CME0003|10|EA|5400|KRW|54000|20160727|1300|
C|005186|2016|50002723770012|001|4300005607|00130|CME0010|100|EA|285|KRW|28500|20160727|1300|
C|005186|2016|50002723770013|001|4300005607|00140|CMF0020|10|EA|700|KRW|7000|20160727|1300|
C|005186|2016|50002723770014|001|4300005607|00150|CMH0007|3|EA|11700|KRW|35100|20160727|1300|
C|005186|2016|50002723770015|001|4300005607|00160|CMZ0014|1|EA|23300|KRW|23300|20160727|1300|
C|005186|2016|50002723770016|001|4300005609|00010|CMA0001|50|EA|240|KRW|12000|20160727|1300|
C|005186|2016|50002723770017|001|4300005609|00020|CMA0002|3|EA|1530|KRW|4590|20160727|1300|
C|005186|2016|50002723770018|001|4300005609|00030|CMA0007|200|EA|270|KRW|54000|20160727|1300|
C|005186|2016|50002723770019|001|4300005609|00040|CMB0001|100|EA|655|KRW|65500|20160727|1300|
C|005186|2016|50002723770020|001|4300005609|00050|CMZ0009|10|EA|740|KRW|7400|20160727|1300|
C|005186|2016|50002723770021|001|4300005609|00060|CMZ0014|1|EA|23300|KRW|23300|20160727|1300|
C|005186|2016|50002723770022|001|4300005609|00070|CMZ0032|5|EA|1970|KRW|9850|20160727|1300|
C|005186|2016|50002723770023|001|4300005611|00010|CMA0001|250|EA|240|KRW|60000|20160727|1300|
C|005186|2016|50002723770024|001|4300005611|00020|CMA0007|100|EA|270|KRW|27000|20160727|1300|
C|005186|2016|50002723770025|001|4300005611|00030|CMA0016|30|EA|2840|KRW|85200|20160727|1300|
C|005186|2016|50002723770026|001|4300005611|00040|CMB0001|100|EA|655|KRW|65500|20160727|1300|
C|005186|2016|50002723770027|001|4300005611|00050|CMB0010|40|EA|1100|KRW|44000|20160727|1300|
C|005186|2016|50002723770028|001|4300005611|00060|CMD0001|5|EA|9555|KRW|47775|20160727|1300|
C|005186|2016|50002723770029|001|4300005611|00070|CMF0001|5|EA|1680|KRW|8400|20160727|1300|
C|005186|2016|50002723770030|001|4300005611|00090|CMF0020|5|EA|700|KRW|3500|20160727|1300|
C|005186|2016|50002723770031|001|4300005611|00100|CMZ0014|1|EA|23300|KRW|23300|20160727|1300|
C|005186|2016|50002723770032|001|4300005612|00010|CMA0001|500|EA|240|KRW|120000|20160727|1300|
C|005186|2016|50002723770033|001|4300005612|00020|CMA0007|200|EA|270|KRW|54000|20160727|1300|
C|005186|2016|50002723770034|001|4300005612|00030|CMA0008|200|EA|690|KRW|138000|20160727|1300|
C|005186|2016|50002723770035|001|4300005612|00040|CMA0016|150|EA|2840|KRW|426000|20160727|1300|
C|005186|2016|50002723770036|001|4300005612|00050|CMA0017|100|EA|780|KRW|78000|20160727|1300|
C|005186|2016|50002723770037|001|4300005612|00060|CMB0010|480|EA|1100|KRW|528000|20160727|1300|
C|005186|2016|50002723770038|001|4300005612|00080|CME0002|50|EA|2300|KRW|115000|20160727|1300|
C|005186|2016|50002723770039|001|4300005612|00090|CME0005|10|EA|3465|KRW|34650|20160727|1300|
C|005186|2016|50002723770040|001|4300005612|00100|CME0008|30|EA|4410|KRW|132300|20160727|1300|
C|005186|2016|50002723770041|001|4300005612|00110|CME0010|200|EA|285|KRW|57000|20160727|1300|
C|005186|2016|50002723770042|001|4300005612|00120|CMF0004|4|EA|22050|KRW|88200|20160727|1300|
C|005186|2016|50002723770043|001|4300005612|00140|CMF0008|10|EA|1785|KRW|17850|20160727|1300|
C|005186|2016|50002723770044|001|4300005612|00150|CMF0009|5|EA|5700|KRW|28500|20160727|1300|
C|005186|2016|50002723770045|001|4300005612|00160|CMF0021|5|EA|5400|KRW|27000|20160727|1300|
C|005186|2016|50002723770046|001|4300005612|00170|CMZ0004|10|EA|380|KRW|3800|20160727|1300|
C|005186|2016|50002723770047|001|4300005612|00180|CMZ0006|20|EA|1155|KRW|23100|20160727|1300|
C|005186|2016|50002723770048|001|4300005612|00190|CMZ0014|3|EA|23300|KRW|69900|20160727|1300|
C|005186|2016|50002723770049|001|4300005612|00200|CMZ0032|10|EA|1970|KRW|19700|20160727|1300|
C|005186|2016|50002723770050|001|4300005613|00010|CMA0001|600|EA|240|KRW|144000|20160727|1300|
C|005186|2016|50002723770051|001|4300005613|00020|CMA0006|20|EA|2270|KRW|45400|20160727|1300|
C|005186|2016|50002723770052|001|4300005613|00030|CMA0007|100|EA|270|KRW|27000|20160727|1300|
C|005186|2016|50002723770053|001|4300005613|00040|CMA0008|10|EA|690|KRW|6900|20160727|1300|
C|005186|2016|50002723770054|001|4300005613|00050|CMB0010|240|EA|1100|KRW|264000|20160727|1300|
C|005186|2016|50002723770055|001|4300005613|00070|CME0010|100|EA|285|KRW|28500|20160727|1300|
C|005186|2016|50002723770056|001|4300005613|00080|CMF0001|20|EA|1680|KRW|33600|20160727|1300|
C|005186|2016|50002723770057|001|4300005613|00090|CMF0004|5|EA|22050|KRW|110250|20160727|1300|
C|005186|2016|50002723770058|001|4300005613|00110|CMF0013|10|EA|760|KRW|7600|20160727|1300|
C|005186|2016|50002723770059|001|4300005613|00120|CMF0020|20|EA|700|KRW|14000|20160727|1300|
C|005186|2016|50002723770060|001|4300005613|00130|CMH0007|5|EA|11700|KRW|58500|20160727|1300|
C|005186|2016|50002723770061|001|4300005613|00140|CMZ0006|50|EA|1155|KRW|57750|20160727|1300|
C|005186|2016|50002723770062|001|4300005614|00010|CMA0001|500|EA|240|KRW|120000|20160727|1300|
C|005186|2016|50002723770063|001|4300005614|00020|CMA0007|400|EA|270|KRW|108000|20160727|1300|
C|005186|2016|50002723770064|001|4300005614|00030|CMA0008|200|EA|690|KRW|138000|20160727|1300|
C|005186|2016|50002723770065|001|4300005614|00040|CMB0001|200|EA|655|KRW|131000|20160727|1300|
C|005186|2016|50002723770066|001|4300005614|00050|CMB0010|500|EA|1100|KRW|550000|20160727|1300|
C|005186|2016|50002723770067|001|4300005614|00060|CMC0005|100|EA|190|KRW|19000|20160727|1300|
C|005186|2016|50002723770068|001|4300005614|00070|CMD0001|3|EA|9555|KRW|28665|20160727|1300|
C|005186|2016|50002723770069|001|4300005614|00080|CME0004|3|EA|11550|KRW|34650|20160727|1300|
C|005186|2016|50002723770070|001|4300005614|00090|CME0008|10|EA|4410|KRW|44100|20160727|1300|
C|005186|2016|50002723770071|001|4300005614|00100|CME0010|100|EA|285|KRW|28500|20160727|1300|
C|005186|2016|50002723770072|001|4300005614|00120|CMF0021|5|EA|5400|KRW|27000|20160727|1300|
C|005186|2016|50002723770073|001|4300005614|00130|CMH0007|3|EA|11700|KRW|35100|20160727|1300|
C|005186|2016|50002723770074|001|4300005614|00140|CMZ0006|50|EA|1155|KRW|57750|20160727|1300|
C|005186|2016|50002723770075|001|4300005615|00010|CMA0001|50|EA|240|KRW|12000|20160727|1300|
C|005186|2016|50002723770076|001|4300005615|00020|CMA0003|10|EA|950|KRW|9500|20160727|1300|
C|005186|2016|50002723770077|001|4300005615|00030|CMA0007|50|EA|270|KRW|13500|20160727|1300|
C|005186|2016|50002723770078|001|4300005615|00040|CMA0008|20|EA|690|KRW|13800|20160727|1300|
C|005186|2016|50002723770079|001|4300005615|00050|CMA0017|20|EA|780|KRW|15600|20160727|1300|
C|005186|2016|50002723770080|001|4300005615|00060|CMB0003|50|EA|2420|KRW|121000|20160727|1300|
C|005186|2016|50002723770081|001|4300005615|00070|CMF0004|2|EA|22050|KRW|44100|20160727|1300|
C|005186|2016|50002723770082|001|4300005615|00090|CMF0006|20|EA|11970|KRW|239400|20160727|1300|
C|005186|2016|50002723770083|001|4300005615|00100|CMH0007|2|EA|11700|KRW|23400|20160727|1300|
C|005186|2016|50002723770084|001|4300005615|00110|CMZ0005|30|EA|750|KRW|22500|20160727|1300|
C|005186|2016|50002723770085|001|4300005615|00120|CMZ0014|1|EA|23300|KRW|23300|20160727|1300|
C|005186|2016|50002723770086|001|4300005616|00010|CMA0001|500|EA|240|KRW|120000|20160727|1300|
C|005186|2016|50002723770087|001|4300005616|00020|CMA0005|10|EA|2470|KRW|24700|20160727|1300|
C|005186|2016|50002723770088|001|4300005616|00030|CMA0007|200|EA|270|KRW|54000|20160727|1300|
C|005186|2016|50002723770089|001|4300005616|00040|CMA0008|250|EA|690|KRW|172500|20160727|1300|
C|005186|2016|50002723770090|001|4300005616|00050|CMA0017|20|EA|780|KRW|15600|20160727|1300|
C|005186|2016|50002723770091|001|4300005616|00060|CMB0001|120|EA|655|KRW|78600|20160727|1300|
C|005186|2016|50002723770092|001|4300005616|00070|CMB0003|120|EA|2420|KRW|290400|20160727|1300|
C|005186|2016|50002723770093|001|4300005616|00080|CMB0010|140|EA|1100|KRW|154000|20160727|1300|
C|005186|2016|50002723770094|001|4300005616|00090|CMC0005|2|EA|190|KRW|380|20160727|1300|
C|005186|2016|50002723770095|001|4300005616|00110|CME0002|10|EA|2300|KRW|23000|20160727|1300|
C|005186|2016|50002723770096|001|4300005616|00120|CME0010|50|EA|285|KRW|14250|20160727|1300|
C|005186|2016|50002723770097|001|4300005616|00130|CMF0004|1|EA|22050|KRW|22050|20160727|1300|
C|005186|2016|50002723770098|001|4300005616|00150|CMF0006|5|EA|11970|KRW|59850|20160727|1300|
C|005186|2016|50002723770099|001|4300005616|00160|CMZ0001|50|EA|765|KRW|38250|20160727|1300|
C|005186|2016|50002723770100|001|4300005616|00170|CMZ0002|60|EA|430|KRW|25800|20160727|1300|
C|005186|2016|50002723770101|001|4300005616|00180|CMZ0014|1|EA|23300|KRW|23300|20160727|1300|
C|005186|2016|50002723770102|001|4300005617|00010|CMA0001|200|EA|240|KRW|48000|20160727|1300|
C|005186|2016|50002723770103|001|4300005617|00020|CMA0002|2|EA|1530|KRW|3060|20160727|1300|
C|005186|2016|50002723770104|001|4300005617|00030|CMA0007|250|EA|270|KRW|67500|20160727|1300|
C|005186|2016|50002723770105|001|4300005617|00040|CMA0016|10|EA|2840|KRW|28400|20160727|1300|
C|005186|2016|50002723770106|001|4300005617|00050|CMB0002|100|EA|2420|KRW|242000|20160727|1300|
C|005186|2016|50002723770107|001|4300005617|00060|CMB0010|10|EA|1100|KRW|11000|20160727|1300|
C|005186|2016|50002723770108|001|4300005617|00070|CMC0005|30|EA|190|KRW|5700|20160727|1300|
C|005186|2016|50002723770109|001|4300005617|00080|CMD0001|2|EA|9555|KRW|19110|20160727|1300|
C|005186|2016|50002723770110|001|4300005617|00100|CME0001|13|EA|4910|KRW|63830|20160727|1300|
C|005186|2016|50002723770111|001|4300005617|00110|CMF0001|3|EA|1680|KRW|5040|20160727|1300|
C|005186|2016|50002723770112|001|4300005617|00130|CMF0006|1|EA|11970|KRW|11970|20160727|1300|
C|005186|2016|50002723770113|001|4300005617|00140|CMF0021|2|EA|5400|KRW|10800|20160727|1300|
C|005186|2016|50002723770114|001|4300005617|00150|CMH0007|2|EA|11700|KRW|23400|20160727|1300|
C|005186|2016|50002723770115|001|4300005617|00160|CMZ0004|10|EA|380|KRW|3800|20160727|1300|
C|005186|2016|50002723770116|001|4300005617|00170|CMZ0005|10|EA|750|KRW|7500|20160727|1300|
C|005186|2016|50002723770117|001|4300005617|00180|CMZ0006|2|EA|1155|KRW|2310|20160727|1300|
C|005186|2016|50002723770118|001|4300005618|00010|CMZ0009|20|EA|740|KRW|14800|20160727|1300|
C|005186|2016|50002723770119|001|4300005618|00020|CMZ0001|10|EA|765|KRW|7650|20160727|1300|
C|005186|2016|50002723770120|001|4300005618|00030|CMZ0002|10|EA|430|KRW|4300|20160727|1300|
C|005186|2016|50002723770121|001|4300005618|00040|CMZ0004|20|EA|380|KRW|7600|20160727|1300|
C|005186|2016|50002723770122|001|4300005618|00050|CMB0010|60|EA|1100|KRW|66000|20160727|1300|
C|005186|2016|50002723770123|001|4300005618|00060|CMB0002|40|EA|2420|KRW|96800|20160727|1300|
C|005186|2016|50002723770124|001|4300005618|00070|CMB0003|40|EA|2420|KRW|96800|20160727|1300|
C|005186|2016|50002723770125|001|4300005618|00080|CMB0001|100|EA|655|KRW|65500|20160727|1300|
C|005186|2016|50002723770126|001|4300005618|00090|CMC0005|30|EA|190|KRW|5700|20160727|1300|
C|005186|2016|50002723770127|001|4300005618|00100|CMC0003|30|EA|340|KRW|10200|20160727|1300|
C|005186|2016|50002723770128|001|4300005618|00110|CME0008|5|EA|4410|KRW|22050|20160727|1300|
C|005186|2016|50002723770129|001|4300005618|00120|CME0010|300|EA|285|KRW|85500|20160727|1300|
C|005186|2016|50002723770130|001|4300005618|00130|CMA0001|240|EA|240|KRW|57600|20160727|1300|
C|005186|2016|50002723770131|001|4300005618|00140|CMA0007|140|EA|270|KRW|37800|20160727|1300|
C|005186|2016|50002723770132|001|4300005618|00150|CMA0008|200|EA|690|KRW|138000|20160727|1300|
C|005186|2016|50002723770133|001|4300005618|00170|CMF0001|5|EA|1680|KRW|8400|20160727|1300|
C|005186|2016|50002723770134|001|4300005618|00180|CMH0007|1|EA|11700|KRW|11700|20160727|1300|
C|005186|2016|50002723770135|001|4300005623|00010|CMA0001|700|EA|240|KRW|168000|20160727|1300|
C|005186|2016|50002723770136|001|4300005623|00020|CMA0007|400|EA|270|KRW|108000|20160727|1300|
C|005186|2016|50002723770137|001|4300005623|00030|CMA0008|50|EA|690|KRW|34500|20160727|1300|
C|005186|2016|50002723770138|001|4300005623|00040|CMA0017|50|EA|780|KRW|39000|20160727|1300|
C|005186|2016|50002723770139|001|4300005623|00050|CMB0001|60|EA|655|KRW|39300|20160727|1300|
C|005186|2016|50002723770140|001|4300005623|00060|CMB0002|120|EA|2420|KRW|290400|20160727|1300|
C|005186|2016|50002723770141|001|4300005623|00070|CMB0007|20|EA|925|KRW|18500|20160727|1300|
C|005186|2016|50002723770142|001|4300005623|00080|CMB0010|60|EA|1100|KRW|66000|20160727|1300|
C|005186|2016|50002723770143|001|4300005623|00090|CME0001|25|EA|4910|KRW|122750|20160727|1300|
C|005186|2016|50002723770144|001|4300005623|00100|CME0002|150|EA|2300|KRW|345000|20160727|1300|
C|005186|2016|50002723770145|001|4300005623|00110|CME0010|250|EA|285|KRW|71250|20160727|1300|
C|005186|2016|50002723770146|001|4300005623|00120|CMF0001|3|EA|1680|KRW|5040|20160727|1300|
C|005186|2016|50002723770147|001|4300005623|00140|CMF0006|1|EA|11970|KRW|11970|20160727|1300|
C|005186|2016|50002723770148|001|4300005623|00150|CMF0016|50|EA|470|KRW|23500|20160727|1300|
C|005186|2016|50002723770149|001|4300005623|00160|CMF0020|3|EA|700|KRW|2100|20160727|1300|
C|005186|2016|50002723770150|001|4300005623|00170|CMH0007|3|EA|11700|KRW|35100|20160727|1300|
C|005186|2016|50002723770151|001|4300005623|00180|CMZ0002|20|EA|430|KRW|8600|20160727|1300|
C|005186|2016|50002723770152|001|4300005623|00190|CMZ0004|20|EA|380|KRW|7600|20160727|1300|
C|005186|2016|50002723770153|001|4300005623|00200|CMZ0009|100|EA|740|KRW|74000|20160727|1300|
C|005186|2016|50002723780001|001|4300005622|00060|CMF0005|3|EA|20700|KRW|62100|20160727|1300|
C|005186|2016|50002723790001|001|4300005608|00050|CMF0005|2|EA|20700|KRW|41400|20160727|1300|
C|005186|2016|50002723800001|001|4300005611|00080|CMF0005|2|EA|20700|KRW|41400|20160727|1300|
C|005186|2016|50002723800002|001|4300005612|00130|CMF0005|10|EA|20700|KRW|207000|20160727|1300|
C|005186|2016|50002723800003|001|4300005613|00100|CMF0005|4|EA|20700|KRW|82800|20160727|1300|
C|005186|2016|50002723800004|001|4300005614|00110|CMF0005|3|EA|20700|KRW|62100|20160727|1300|
C|005186|2016|50002723800005|001|4300005615|00080|CMF0005|1|EA|20700|KRW|20700|20160727|1300|
C|005186|2016|50002723800006|001|4300005616|00140|CMF0005|10|EA|20700|KRW|207000|20160727|1300|
C|005186|2016|50002723800007|001|4300005617|00120|CMF0005|4|EA|20700|KRW|82800|20160727|1300|
C|005186|2016|50002723800008|001|4300005618|00160|CMF0005|2|EA|20700|KRW|41400|20160727|1300|
C|005186|2016|50002723810001|001|4300005638|00040|UGCC0919|4|EA|63600|KRW|254400|20160727|1300|
C|005186|2016|50002723810002|001|4300005638|00050|UGCC0842|2|EA|37000|KRW|74000|20160727|1300|
C|005186|2016|50002723810003|001|4300005638|00060|UGBC1502|30|EA|1149|KRW|34470|20160727|1300|
C|005186|2016|50002723810004|001|4300005638|00070|UGBC1503|30|EA|1275|KRW|38250|20160727|1300|
C|005186|2016|50002723810005|001|4300005638|00080|UGBC1504|30|EA|1444|KRW|43320|20160727|1300|
C|005186|2016|50002723810006|001|4300005639|00020|UZZC0124|2|EA|125000|KRW|250000|20160727|1300|
C|005186|2016|50002723810007|001|4300005641|00010|UGBC0787|30|EA|720|KRW|21600|20160727|1300|
C|005186|2016|50002723810008|001|4300005641|00020|UGBC0788|30|EA|920|KRW|27600|20160727|1300|
C|005186|2016|50002723810009|001|4300005641|00030|UGBC0789|30|EA|690|KRW|20700|20160727|1300|
C|005186|2016|50002723810010|001|4300005641|00040|UGBC0790|30|EA|1230|KRW|36900|20160727|1300|
C|005186|2016|50002723810011|001|4300005641|00050|UDBC0506|100|EA|103|KRW|10300|20160727|1300|
C|005186|2016|50002723820001|001|4300005506|00010|UEBC1143|100|EA|5390|KRW|539000|20160727|1300|
C|005186|2016|50002723820002|001|4300005604|00020|UHFC0146|2|EA|7350|KRW|14700|20160727|1300|
C|005186|2016|50002723820003|001|4300005604|00030|UHFC0147|1|EA|13650|KRW|13650|20160727|1300|
C|005186|2016|50002723820004|001|4300005604|00040|UEBC0311|1|EA|36420|KRW|36420|20160727|1300|
C|005186|2016|50002723820005|001|4300005604|00050|UEBC0392|1|EA|38850|KRW|38850|20160727|1300|
C|005186|2016|50002723820006|001|4300005625|00050|UGCC0503|1|EA|66200|KRW|66200|20160727|1300|
C|005186|2016|50002723820007|001|4300005625|00060|UGCC0504|1|EA|66200|KRW|66200|20160727|1300|
C|005186|2016|50002723820008|001|4300005625|00070|UGCC0499|1|EA|100700|KRW|100700|20160727|1300|
C|005186|2016|50002723820009|001|4300005625|00080|UGCC0500|1|EA|100700|KRW|100700|20160727|1300|
C|005186|2016|50002723820010|001|4300005625|00090|UAGC0193|100|EA|3255|KRW|325500|20160727|1300|
C|005186|2016|50002723820011|001|4300005625|00110|UDFC0019|10|EA|11550|KRW|115500|20160727|1300|
C|005186|2016|50002723820012|001|4300005626|00070|UICC0035|10|EA|4940|KRW|49400|20160727|1300|
C|005186|2016|50002723820013|001|4300005626|00080|UEBC1078|2|EA|22100|KRW|44200|20160727|1300|
C|005186|2016|50002723820014|001|4300005626|00090|UGCC0506|1|EA|24200|KRW|24200|20160727|1300|
C|005186|2016|50002723820015|001|4300005626|00100|UGCC0507|1|EA|24200|KRW|24200|20160727|1300|
C|005186|2016|50002723820016|001|4300005626|00110|UGCC0510|1|EA|41060|KRW|41060|20160727|1300|
C|005186|2016|50002723820017|001|4300005626|00120|UGCC0511|1|EA|41060|KRW|41060|20160727|1300|
C|005186|2016|50002723820018|001|4300005627|00010|UDFC0039|5|EA|9450|KRW|47250|20160727|1300|
C|005186|2016|50002723820019|001|4300005627|00020|UGCC0612|3|EA|3680|KRW|11040|20160727|1300|
C|005186|2016|50002723820020|001|4300005627|00140|UADC0067|3|EA|6620|KRW|19860|20160727|1300|
C|005186|2016|50002723820021|001|4300005627|00150|UEBC0115|10|EA|2000|KRW|20000|20160727|1300|
C|005186|2016|50002723820022|001|4300005629|00010|UEBC1085|10|EA|37000|KRW|370000|20160727|1300|
C|005186|2016|50002723820023|001|4300005629|00030|UICC0009|10|EA|1260|KRW|12600|20160727|1300|
C|005186|2016|50002723820024|001|4300005629|00060|UGCC0647|1|EA|70500|KRW|70500|20160727|1300|
C|005186|2016|50002723820025|001|4300005631|00010|UJAC0036|50|EA|14700|KRW|735000|20160727|1300|
C|005186|2016|50002723820026|001|4300005631|00030|UGCC1065|300|EA|230|KRW|69000|20160727|1300|
C|005186|2016|50002723820027|001|4300005632|00010|UGCC0894|300|EA|4220|KRW|1266000|20160727|1300|
C|005186|2016|50002723820028|001|4300005641|00060|UDDC0135|5|EA|18380|KRW|91900|20160727|1300|
C|005186|2016|50002723820029|001|4300005641|00080|UDDC0157|5|EA|25935|KRW|129675|20160727|1300|
C|005186|2016|50002723820030|001|4300005642|00020|UEBC1239|2|EA|166400|KRW|332800|20160727|1300|
C|005186|2016|50002723820031|001|4300005642|00030|UEBC0121|20|EA|2820|KRW|56400|20160727|1300|
C|005186|2016|50002723820032|001|4300005642|00040|UEAC0181|1|EA|78400|KRW|78400|20160727|1300|
C|005186|2016|50002723820033|001|4300005642|00050|UEAC0182|1|EA|378400|KRW|378400|20160727|1300|
C|005186|2016|50002723820034|001|4300005642|00060|UEAC0183|1|EA|72100|KRW|72100|20160727|1300|
C|005186|2016|50002723830001|001|4300005603|00010|UHFC0356|3|EA|50400|KRW|151200|20160727|1300|
C|005186|2016|50002723830002|001|4300005603|00020|UHGC0115|3|EA|28320|KRW|84960|20160727|1300|
C|005186|2016|50002723830003|001|4300005627|00040|UHFC0231|3|EA|2405|KRW|7215|20160727|1300|
C|005186|2016|50002723830004|001|4300005628|00010|UCKC0037|80|EA|14050|KRW|1124000|20160727|1300|
C|005186|2016|50002723830005|001|4300005630|00010|UHTC0267|3|EA|292950|KRW|878850|20160727|1300|
C|005186|2016|50002723830006|001|4300005633|00010|UHHC0197|100|EA|15400|KRW|1540000|20160727|1300|
C|005186|2016|50002723830007|001|4300005636|00020|UEAC0174|1|EA|816000|KRW|816000|20160727|1300|
C|005186|2016|50002723830008|001|4300005642|00010|UHGC0197|10|EA|36000|KRW|360000|20160727|1300|
C|005186|2016|50002723840001|001|4300005689|00020|CMA0002|120|EA|1530|KRW|183600|20160727|1300|
C|005186|2016|50002723840002|001|4300005689|00030|CMH0007|30|EA|11700|KRW|351000|20160727|1300|
C|005186|2016|50002723840003|001|4300005689|00040|CMF0001|10|EA|1680|KRW|16800|20160727|1300|
C|005186|2016|50002723840004|001|4300005689|00050|CMA0014|500|EA|380|KRW|190000|20160727|1300|
