C|005186|2014|50000832220001|001|4300001535|00010|CMB0001|60|EA|655|KRW|39300|20140630|1300|
C|005186|2014|50000832220002|001|4300001535|00020|CMB0010|120|EA|1100|KRW|132000|20140630|1300|
C|005186|2014|50000832220003|001|4300001535|00030|CMH0007|1|EA|11700|KRW|11700|20140630|1300|
C|005186|2014|50000832220004|001|4300001535|00040|CMF0004|6|EA|22050|KRW|132300|20140630|1300|
C|005186|2014|50000832220005|001|4300001535|00050|CMA0001|200|EA|240|KRW|48000|20140630|1300|
C|005186|2014|50000832220006|001|4300001535|00060|CMA0007|500|EA|270|KRW|135000|20140630|1300|
C|005186|2014|50000832220007|001|4300001535|00080|CMZ0032|40|EA|1970|KRW|78800|20140630|1300|
C|005186|2014|50000832230001|001|4300001528|00010|CMA0001|130|EA|240|KRW|31200|20140630|1300|
C|005186|2014|50000832230002|001|4300001528|00020|CMA0007|40|EA|270|KRW|10800|20140630|1300|
C|005186|2014|50000832230003|001|4300001528|00030|CMA0008|20|EA|690|KRW|13800|20140630|1300|
C|005186|2014|50000832230004|001|4300001528|00040|CMB0001|40|EA|655|KRW|26200|20140630|1300|
C|005186|2014|50000832240001|001|4300001516|00100|CMD0016|3|EA|30450|KRW|91350|20140630|1300|
C|005186|2014|50000832240002|001|4300001517|00120|CMD0016|1|EA|30450|KRW|30450|20140630|1300|
C|005186|2014|50000832240003|001|4300001523|00130|CMD0016|4|EA|30450|KRW|121800|20140630|1300|
C|005186|2014|50000832240004|001|4300001524|00300|CMD0016|2|EA|30450|KRW|60900|20140630|1300|
C|005186|2014|50000832240005|001|4300001525|00080|CMD0016|2|EA|30450|KRW|60900|20140630|1300|
C|005186|2014|50000832240006|001|4300001535|00090|CMD0016|5|EA|30450|KRW|152250|20140630|1300|
C|005186|2014|50000832250001|001|4300001515|00200|CMD0011|5|EA|24150|KRW|120750|20140630|1300|
C|005186|2014|50000832250002|001|4300001516|00090|CMD0011|5|EA|24150|KRW|120750|20140630|1300|
C|005186|2014|50000832250003|001|4300001517|00110|CMD0011|4|EA|24150|KRW|96600|20140630|1300|
C|005186|2014|50000832250004|001|4300001518|00080|CMD0011|6|EA|24150|KRW|144900|20140630|1300|
C|005186|2014|50000832250005|001|4300001519|00090|CMD0011|6|EA|24150|KRW|144900|20140630|1300|
C|005186|2014|50000832250006|001|4300001521|00180|CMD0011|7|EA|24150|KRW|169050|20140630|1300|
C|005186|2014|50000832250007|001|4300001523|00120|CMD0011|8|EA|24150|KRW|193200|20140630|1300|
C|005186|2014|50000832250008|001|4300001524|00290|CMD0011|8|EA|24150|KRW|193200|20140630|1300|
C|005186|2014|50000832250009|001|4300001525|00070|CMD0011|8|EA|24150|KRW|193200|20140630|1300|
C|005186|2014|50000832250010|001|4300001528|00050|CMD0011|1|EA|24150|KRW|24150|20140630|1300|
