C|005186|2013|50000485560001|001|4300000698|00050|UGBC0399|5|EA|90800|KRW|454000|20131230|1300|
C|005186|2013|50000485560002|001|4300000914|00010|UHGC0243|2|EA|400000|KRW|800000|20131230|1300|
C|005186|2013|50000485560003|001|4300000926|00020|UCIC0107|1|EA|336000|KRW|336000|20131230|1300|
C|005186|2013|50000485560004|001|4300000926|00030|UGBC0352|50|EA|370|KRW|18500|20131230|1300|
C|005186|2013|50000485560005|001|4300000926|00040|UGBC0354|30|EA|880|KRW|26400|20131230|1300|
C|005186|2013|50000485560006|001|4300000926|00050|UGBC0074|5|EA|3150|KRW|15750|20131230|1300|
C|005186|2013|50000485560007|001|4300000926|00060|UGBC0804|30|EA|3360|KRW|100800|20131230|1300|
C|005186|2013|50000485560008|001|4300000926|00070|UGBC0809|20|EA|4410|KRW|88200|20131230|1300|
C|005186|2013|50000485560009|001|4300000926|00080|UGBC0811|20|EA|6510|KRW|130200|20131230|1300|
C|005186|2013|50000485560010|001|4300000926|00090|UGBC1185|20|EA|780|KRW|15600|20131230|1300|
C|005186|2013|50000485560011|001|4300000926|00100|UGBC1186|20|EA|1170|KRW|23400|20131230|1300|
C|005186|2013|50000485560012|001|4300000926|00110|UGBC0233|20|EA|1370|KRW|27400|20131230|1300|
C|005186|2013|50000485560013|001|4300000926|00120|UGBC0376|10|EA|2520|KRW|25200|20131230|1300|
C|005186|2013|50000485560014|001|4300000930|00070|UHGC0183|8|EA|16800|KRW|134400|20131230|1300|
C|005186|2013|50000485560015|001|4300000964|00010|UEBC0451|10|EA|1520|KRW|15200|20131230|1300|
C|005186|2013|50000485560016|001|4300000964|00040|UAAC0032|5|EA|8798|KRW|43990|20131230|1300|
C|005186|2013|50000485560017|001|4300000964|00050|UDAC0011|1|EA|41260|KRW|41260|20131230|1300|
C|005186|2013|50000485560018|001|4300000964|00060|UAEC0034|1|EA|3470|KRW|3470|20131230|1300|
C|005186|2013|50000485560019|001|4300000964|00070|UAEC0035|1|EA|3470|KRW|3470|20131230|1300|
C|005186|2013|50000485560020|001|4300000964|00080|UFKC0046|15|EA|35260|KRW|528900|20131230|1300|
