C|005186|2014|50001081980001|001|4300001827|00010|CMA0001|400|EA|240|KRW|96000|20141105|1300|
C|005186|2014|50001081980002|001|4300001827|00020|CMA0007|200|EA|270|KRW|54000|20141105|1300|
C|005186|2014|50001081980003|001|4300001827|00030|CMA0008|200|EA|690|KRW|138000|20141105|1300|
C|005186|2014|50001081980004|001|4300001827|00040|CMA0016|100|EA|2840|KRW|284000|20141105|1300|
C|005186|2014|50001081980005|001|4300001827|00060|CMB0001|200|EA|655|KRW|131000|20141105|1300|
C|005186|2014|50001081980006|001|4300001827|00070|CMB0010|200|EA|1100|KRW|220000|20141105|1300|
C|005186|2014|50001081980007|001|4300001827|00080|CMC0005|200|EA|190|KRW|38000|20141105|1300|
C|005186|2014|50001081980008|001|4300001827|00090|CME0002|30|EA|2300|KRW|69000|20141105|1300|
C|005186|2014|50001081980009|001|4300001827|00100|CME0010|180|EA|285|KRW|51300|20141105|1300|
C|005186|2014|50001081980010|001|4300001827|00150|CMH0007|4|EA|11700|KRW|46800|20141105|1300|
C|005186|2014|50001081990001|001|4300001829|00010|CMA0001|400|EA|240|KRW|96000|20141105|1300|
C|005186|2014|50001081990002|001|4300001829|00020|CMA0005|30|EA|2470|KRW|74100|20141105|1300|
C|005186|2014|50001081990003|001|4300001829|00030|CMA0007|300|EA|270|KRW|81000|20141105|1300|
C|005186|2014|50001081990004|001|4300001829|00040|CMA0016|30|EA|2840|KRW|85200|20141105|1300|
C|005186|2014|50001081990005|001|4300001829|00060|CMB0001|20|EA|655|KRW|13100|20141105|1300|
C|005186|2014|50001081990006|001|4300001829|00070|CMB0002|20|EA|2420|KRW|48400|20141105|1300|
C|005186|2014|50001081990007|001|4300001829|00080|CMB0010|20|EA|1100|KRW|22000|20141105|1300|
C|005186|2014|50001081990008|001|4300001829|00090|CMC0002|2|EA|9350|KRW|18700|20141105|1300|
C|005186|2014|50001081990009|001|4300001829|00100|CME0001|18|EA|4910|KRW|88380|20141105|1300|
C|005186|2014|50001081990010|001|4300001829|00110|CME0002|80|EA|2300|KRW|184000|20141105|1300|
C|005186|2014|50001081990011|001|4300001829|00120|CME0010|100|EA|285|KRW|28500|20141105|1300|
C|005186|2014|50001081990012|001|4300001829|00140|CMH0007|2|EA|11700|KRW|23400|20141105|1300|
C|005186|2014|50001082000001|001|4300001830|00010|CMA0001|80|EA|240|KRW|19200|20141105|1300|
C|005186|2014|50001082000002|001|4300001830|00040|CMB0001|60|EA|655|KRW|39300|20141105|1300|
C|005186|2014|50001082000003|001|4300001830|00050|CMH0006|5|EA|400|KRW|2000|20141105|1300|
C|005186|2014|50001082010001|001|4300001802|00150|CMF0005|6|EA|20700|KRW|124200|20141105|1300|
