C|005186|2020|50005535520001|001|4300016263|00050|UAEC0429|4|EA|6260|KRW|12520|20200313|1300|
C|005186|2020|50005535520002|001|4300016263|00060|UAEC0430|4|EA|6460|KRW|12920|20200313|1300|
C|005186|2020|50005535520003|001|4300016263|00190|UJBC0006|20|EA|1000|KRW|20000|20200313|1300|
C|005186|2020|50005535520004|001|4300016317|00010|UFDC0003|30|EA|458400|KRW|458400|20200313|1300|
C|005186|2020|50005535520005|001|4300016322|00020|UAGC0307|5|EA|1940|KRW|9700|20200313|1300|
C|005186|2020|50005535520006|001|4300016323|00010|UJAC1550|6|EA|32600|KRW|195600|20200313|1300|
C|005186|2020|50005535520007|001|4300016324|00070|UHTC0870|3|EA|85800|KRW|257400|20200313|1300|
C|005186|2020|50005535520008|001|4300016325|00010|KP150400|200|EA|17000|KRW|34000|20200313|1300|
C|005186|2020|50005535530001|001|4300016263|00220|UALC0075|3000|EA|45000|KRW|135000|20200313|1300|
C|005186|2020|50005535530002|001|4300016264|00010|UAGC0558|1|EA|789750|KRW|789750|20200313|1300|
C|005186|2020|50005535530003|001|4300016264|00020|UCKC0035|15|EA|222600|KRW|667800|20200313|1300|
C|005186|2020|50005535530004|001|4300016265|00010|UCKC0037|100|EA|1405000|KRW|1405000|20200313|1300|
C|005186|2020|50005535530005|001|4300016316|00010|UHTC0438|10|EA|174000|KRW|348000|20200313|1300|
C|005186|2020|50005535530006|001|4300016316|00020|UHTC0403|5|EA|89400|KRW|447000|20200313|1300|
C|005186|2020|50005535530007|001|4300016316|00030|UHTC0243|5|EA|18900|KRW|94500|20200313|1300|
C|005186|2020|50005535550001|001|4300016309|00010|UEAC0184|5|EA|1897400|KRW|1897400|20200313|1300|
C|005186|2020|50005535550002|001|4300016310|00010|UHGC0137|2|EA|415800|KRW|831600|20200313|1300|
C|005186|2020|50005535550003|001|4300016310|00020|UGAC0007|10|EA|491400|KRW|491400|20200313|1300|
C|005186|2020|50005535550004|001|4300016310|00030|UHHC0039|50|M|1123500|KRW|1123500|20200313|1300|
C|005186|2020|50005535550005|001|4300016311|00010|UHGC0134|2|EA|756000|KRW|1512000|20200313|1300|
C|005186|2020|50005535550006|001|4300016312|00010|UHHC0039|50|M|1123500|KRW|1123500|20200313|1300|
C|005186|2020|50005535550007|001|4300016318|00010|UHTC0250|20|EA|887300|KRW|1774600|20200313|1300|
C|005186|2020|50005535550008|001|4300016319|00010|UHTC0249|3|EA|337050|KRW|1011150|20200313|1300|
C|005186|2020|50005535550009|001|4300016319|00020|UHEC0033|5|EA|510000|KRW|510000|20200313|1300|
C|005186|2020|50005535550010|001|4300016319|00030|UHGC0024|5|EA|380500|KRW|380500|20200313|1300|
C|005186|2020|50005535550011|001|4300016321|00010|UHNC0144|10|EA|74200|KRW|742000|20200313|1300|
C|005186|2020|50005535550012|001|4300016321|00020|UHDC0046|3|EA|212100|KRW|636300|20200313|1300|
C|005186|2020|50005535550013|001|4300016322|00010|UHNC0136|1|EA|947380|KRW|947380|20200313|1300|
C|005186|2020|50005535600001|001|4300016324|00010|UGCC0244|15|EA|9980|KRW|149700|20200313|1300|
C|005186|2020|50005535610001|001|4300016146|00020|UICC0052|2|EA|3050|KRW|6100|20200313|1300|
C|005186|2020|50005535610002|001|4300016248|00010|UAAC0035|3|EA|46540|KRW|139620|20200313|1300|
C|005186|2020|50005535610003|001|4300016324|00060|UEBC0139|10|EA|56050|KRW|112100|20200313|1300|
C|005186|2020|50005535610004|001|4300016351|00010|UZZC0077|1|EA|232050|KRW|232050|20200313|1300|
C|005186|2020|50005535660001|001|4300016302|00010|UGCC1683|10|EA|25200|KRW|252000|20200313|1300|
C|005186|2020|50005535660002|001|4300016302|00020|UGCC1684|10|EA|13130|KRW|131300|20200313|1300|
C|005186|2020|50005535660003|001|4300016302|00040|UCKC0172|4|EA|64580|KRW|258320|20200313|1300|
C|005186|2020|50005535660004|001|4300016302|00050|UEAC1150|6|EA|162500|KRW|975000|20200313|1300|
C|005186|2020|50005535660005|001|4300016302|00060|UEBC1681|20|EA|6930|KRW|138600|20200313|1300|
C|005186|2020|50005535660006|001|4300016302|00070|UEBC1682|10|EA|5510|KRW|55100|20200313|1300|
C|005186|2020|50005535660007|001|4300016303|00010|UEBC1683|10|EA|12600|KRW|126000|20200313|1300|
C|005186|2020|50005535660008|001|4300016303|00030|UEBC1684|1|EA|47250|KRW|47250|20200313|1300|
C|005186|2020|50005535660009|001|4300016303|00040|UEBC1685|1|EA|152250|KRW|152250|20200313|1300|
C|005186|2020|50005535660010|001|4300016303|00050|UEBC1686|1|EA|519750|KRW|519750|20200313|1300|
C|005186|2020|50005535660011|001|4300016303|00060|UEBC1687|10|EA|19900|KRW|199000|20200313|1300|
C|005186|2020|50005535660012|001|4300016303|00070|UEBC1688|1|EA|798000|KRW|798000|20200313|1300|
C|005186|2020|50005535660013|001|4300016304|00010|UEBC1689|2|EA|346500|KRW|693000|20200313|1300|
C|005186|2020|50005535660014|001|4300016304|00020|UEBC1690|4|EA|291900|KRW|1167600|20200313|1300|
C|005186|2020|50005535660015|001|4300016304|00040|UEBC1696|5|EA|10290|KRW|51450|20200313|1300|
C|005186|2020|50005535660016|001|4300016306|00010|UEBC1691|4|EA|115500|KRW|462000|20200313|1300|
C|005186|2020|50005535660017|001|4300016306|00020|UEBC1692|12|EA|58800|KRW|705600|20200313|1300|
C|005186|2020|50005535660018|001|4300016306|00030|UEBC1693|8|EA|98700|KRW|789600|20200313|1300|
C|005186|2020|50005535660019|001|4300016307|00030|UEBC1695|2|EA|6950|KRW|13900|20200313|1300|
C|005186|2020|50005535660020|001|4300016308|00020|UEAC1151|1|EA|291900|KRW|291900|20200313|1300|
C|005186|2020|50005535660021|001|4300016308|00030|UEBC1694|4|EA|50400|KRW|201600|20200313|1300|
C|005186|2020|50005535660022|001|4300016314|00010|UEAC1152|1|EA|882000|KRW|882000|20200313|1300|
C|005186|2020|50005535660023|001|4300016315|00010|UEBC1700|38|EA|52500|KRW|1995000|20200313|1300|
C|005186|2020|50005535660024|001|4300016320|00010|UEBC1700|22|EA|52500|KRW|1155000|20200313|1300|
C|005186|2020|50005535660025|001|4300016320|00020|UEBC1697|10|EA|32340|KRW|323400|20200313|1300|
C|005186|2020|50005535670001|001|4300016364|00020|UKEC0108|1|EA|137020|KRW|137020|20200313|1300|
