C|005186|2019|50005243290001|001|4300014610|00010|UGBC1757|10|EA|8400|KRW|84000|20191015|1300|
C|005186|2019|50005243290002|001|4300014654|00010|UGBC0205|10|EA|16420|KRW|164200|20191015|1300|
C|005186|2019|50005243290003|001|4300014654|00020|UGBC0162|5|EA|84000|KRW|84000|20191015|1300|
C|005186|2019|50005243290004|001|4300014654|00030|UGBC1074|5|EA|383250|KRW|383250|20191015|1300|
C|005186|2019|50005243290005|001|4300014654|00040|UGBC0520|20|EA|126000|KRW|252000|20191015|1300|
C|005186|2019|50005243290006|001|4300014654|00060|UGBC1038|40|EA|26300|KRW|105200|20191015|1300|
C|005186|2019|50005243290007|001|4300014657|00020|UCIC0204|3|EA|424000|KRW|1272000|20191015|1300|
C|005186|2019|50005243290008|001|4300014748|00050|UJBC0053|6|EA|10100|KRW|60600|20191015|1300|
C|005186|2019|50005243290009|001|4300014748|00100|UCHC0003|1|EA|100000|KRW|100000|20191015|1300|
C|005186|2019|50005243290010|001|4300014748|00110|UAEC0366|1|EA|229400|KRW|229400|20191015|1300|
C|005186|2019|50005243300001|001|4300014817|00150|UAGC0584|1|EA|120580|KRW|120580|20191015|1300|
C|005186|2019|50005243300002|001|4300014889|00030|UGBC0226|1|EA|222320|KRW|222320|20191015|1300|
C|005186|2019|50005243300003|001|4300014896|00040|UAGC0005|5|EA|16680|KRW|83400|20191015|1300|
C|005186|2019|50005243300004|001|4300014896|00050|UDBC0334|200|EA|6500|KRW|13000|20191015|1300|
C|005186|2019|50005243300005|001|4300014897|00020|UAGC0530|1|EA|61140|KRW|61140|20191015|1300|
C|005186|2019|50005243300006|001|4300014897|00030|UAGC0063|1|EA|40950|KRW|40950|20191015|1300|
C|005186|2019|50005243310001|001|4300014880|00010|UEBC1161|6|EA|290000|KRW|1740000|20191015|1300|
C|005186|2019|50005243310002|001|4300014881|00010|UEBC1415|1|EA|1900000|KRW|1900000|20191015|1300|
C|005186|2019|50005243310003|001|4300014882|00010|UEBC1415|1|EA|1900000|KRW|1900000|20191015|1300|
C|005186|2019|50005243310004|001|4300014883|00010|UCKC0127|1|EA|1348000|KRW|1348000|20191015|1300|
C|005186|2019|50005243310005|001|4300014884|00010|UCKC0127|1|EA|1348000|KRW|1348000|20191015|1300|
C|005186|2019|50005243310006|001|4300014886|00010|UEBC1415|1|EA|1900000|KRW|1900000|20191015|1300|
C|005186|2019|50005243310007|001|4300014887|00010|UEBC1415|1|EA|1900000|KRW|1900000|20191015|1300|
C|005186|2019|50005243310008|001|4300014889|00010|UEBC0006|8|EA|46250|KRW|370000|20191015|1300|
C|005186|2019|50005243310009|001|4300014896|00010|UEBC1146|4|EA|27200|KRW|108800|20191015|1300|
C|005186|2019|50005243310010|001|4300014896|00020|UEBC1023|2|EA|62400|KRW|124800|20191015|1300|
C|005186|2019|50005243310011|001|4300014896|00030|UEBC0018|4|EA|32290|KRW|129160|20191015|1300|
C|005186|2019|50005243310012|001|4300014896|00060|UEBC1177|8|EA|44500|KRW|356000|20191015|1300|
C|005186|2019|50005243310013|001|4300014897|00010|UADC0114|3|EA|109500|KRW|328500|20191015|1300|
C|005186|2019|50005243320001|001|4300014749|00070|UDBC0964|2|EA|39500|KRW|79000|20191015|1300|
C|005186|2019|50005243320002|001|4300014889|00020|UDEC0004|1|EA|546000|KRW|546000|20191015|1300|
C|005186|2019|50005243320003|001|4300014897|00050|UDDC0020|1|EA|130810|KRW|130810|20191015|1300|
