C|005186|2017|50003696340001|001|4300008400|00030|CMZ0002|40|EA|400|KRW|16000|20170915|1300|
C|005186|2017|50003696340002|001|4300008400|00040|CMZ0006|20|EA|1170|KRW|23400|20170915|1300|
C|005186|2017|50003696340003|001|4300008400|00050|CMZ0001|50|EA|760|KRW|38000|20170915|1300|
C|005186|2017|50003696350001|001|4300008390|00010|UZZC0110|1|EA|421600|KRW|421600|20170915|1300|
C|005186|2017|50003696360001|001|4300008379|00050|UHTC0603|20|EA|15300|KRW|306000|20170915|1300|
C|005186|2017|50003696370001|001|4300008479|00090|UAEC0299|2|EA|18900|KRW|37800|20170915|1300|
C|005186|2017|50003696370002|001|4300008479|00100|UAGC0104|1|EA|16530|KRW|16530|20170915|1300|
C|005186|2017|50003696370003|001|4300008485|00020|UJCC0063|1|EA|59850|KRW|59850|20170915|1300|
C|005186|2017|50003696370004|001|4300008488|00010|KH990100|2|EA|27220|KRW|54440|20170915|1300|
C|005186|2017|50003696370005|001|4300008488|00020|KH990101|2|EA|7250|KRW|14500|20170915|1300|
C|005186|2017|50003696370006|001|4300008488|00030|KP150400|100|EA|170|KRW|17000|20170915|1300|
C|005186|2017|50003696370007|001|4300008488|00140|KS990007|5|EA|51450|KRW|257250|20170915|1300|
C|005186|2017|50003696370008|001|4300008488|00170|KT020011|2|EA|10400|KRW|20800|20170915|1300|
C|005186|2017|50003696370009|001|4300008488|00180|KT020013|2|EA|13110|KRW|26220|20170915|1300|
C|005186|2017|50003696370010|001|4300008488|00190|KT020014|2|EA|14490|KRW|28980|20170915|1300|
C|005186|2017|50003696370011|001|4300008488|00200|KT020017|1|EA|18730|KRW|18730|20170915|1300|
C|005186|2017|50003696370012|001|4300008488|00210|KT020020|1|EA|27800|KRW|27800|20170915|1300|
C|005186|2017|50003696370013|001|4300008488|00220|KT020500|30|EA|3110|KRW|93300|20170915|1300|
C|005186|2017|50003696370014|001|4300008488|00230|KT020600|4|EA|14910|KRW|59640|20170915|1300|
C|005186|2017|50003696370015|001|4300008488|00240|KT020611|1|EA|28140|KRW|28140|20170915|1300|
C|005186|2017|50003696370016|001|4300008488|00250|KT020612|1|EA|44100|KRW|44100|20170915|1300|
C|005186|2017|50003696370017|001|4300008488|00260|KT990001|200|EA|510|KRW|102000|20170915|1300|
C|005186|2017|50003696370018|001|4300008488|00270|KT990010|190|EA|370|KRW|70300|20170915|1300|
C|005186|2017|50003696380001|001|4300008485|00010|UJBC0061|3|EA|68250|KRW|204750|20170915|1300|
