C|005186|2018|50004592150001|001|4300012048|00010|UAGC0075|1|EA|13270|KRW|13270|20181130|1300|
C|005186|2018|50004592150002|001|4300012048|00020|UAGC0076|1|EA|34930|KRW|34930|20181130|1300|
C|005186|2018|50004592150003|001|4300012048|00030|UAGC0373|1|EA|7480|KRW|7480|20181130|1300|
C|005186|2018|50004592150004|001|4300012048|00040|UAGC0072|1|EA|8340|KRW|8340|20181130|1300|
C|005186|2018|50004592150005|001|4300012048|00050|UAGC0375|1|EA|7880|KRW|7880|20181130|1300|
C|005186|2018|50004592150006|001|4300012048|00060|UAGC0377|1|EA|10500|KRW|10500|20181130|1300|
C|005186|2018|50004592150007|001|4300012048|00070|UAHC0009|1|EA|88200|KRW|88200|20181130|1300|
C|005186|2018|50004592150008|001|4300012055|00010|UAEC0034|2|EA|3470|KRW|6940|20181130|1300|
C|005186|2018|50004592150009|001|4300012055|00040|UAGC0252|2|EA|67060|KRW|134120|20181130|1300|
C|005186|2018|50004592150010|001|4300012055|00120|UAEC0139|1|EA|11150|KRW|11150|20181130|1300|
C|005186|2018|50004592150011|001|4300012055|00130|UAEC0056|2|EA|18000|KRW|18000|20181130|1300|
C|005186|2018|50004592150012|001|4300012062|00050|UGBC1695|1|EA|43210|KRW|43210|20181130|1300|
C|005186|2018|50004592160001|001|4300012039|00030|UAEC0252|2|EA|5220|KRW|10440|20181130|1300|
C|005186|2018|50004592160002|001|4300012039|00040|UAEC0037|5|EA|4520|KRW|22600|20181130|1300|
C|005186|2018|50004592160003|001|4300012039|00050|UAEC0038|5|EA|4520|KRW|22600|20181130|1300|
C|005186|2018|50004592160004|001|4300012047|00020|UAEC0330|1|EA|50240|KRW|50240|20181130|1300|
C|005186|2018|50004592160005|001|4300012047|00030|UAEC0136|2|EA|25200|KRW|50400|20181130|1300|
C|005186|2018|50004592160006|001|4300012047|00040|UAEC0268|2|EA|32340|KRW|32340|20181130|1300|
C|005186|2018|50004592160007|001|4300012047|00050|UAEC0269|2|EA|79400|KRW|79400|20181130|1300|
C|005186|2018|50004592160008|001|4300012047|00060|UAEC0134|2|EA|44950|KRW|89900|20181130|1300|
C|005186|2018|50004592160009|001|4300012055|00080|UKEC0091|20|EA|12700|KRW|25400|20181130|1300|
C|005186|2018|50004592160010|001|4300012055|00090|UAAC0029|20|EA|18900|KRW|37800|20181130|1300|
C|005186|2018|50004592160011|001|4300012055|00100|UAGC0323|10|EA|141800|KRW|141800|20181130|1300|
C|005186|2018|50004592160012|001|4300012055|00110|UADC0040|20|EA|78800|KRW|157600|20181130|1300|
