C|005186|2014|50000627820001|001|4300001226|00360|KE030011|13|EA|8190|KRW|106470|20140315|1300|
C|005186|2014|50000627820002|001|4300001226|00370|KE030122|6|EA|31500|KRW|189000|20140315|1300|
C|005186|2014|50000627820003|001|4300001226|00380|KE030123|6|EA|31500|KRW|189000|20140315|1300|
C|005186|2014|50000627820004|001|4300001226|00390|KE030200|4|EA|15230|KRW|60920|20140315|1300|
C|005186|2014|50000627820005|001|4300001226|00400|KE030208|1|EA|57230|KRW|57230|20140315|1300|
C|005186|2014|50000627820006|001|4300001226|00410|KE030211|1|EA|145740|KRW|145740|20140315|1300|
C|005186|2014|50000627820007|001|4300001226|00420|KE050109|20|EA|2140|KRW|42800|20140315|1300|
C|005186|2014|50000627820008|001|4300001226|00430|KE050201|2|EA|8460|KRW|16920|20140315|1300|
C|005186|2014|50000627820009|001|4300001226|00440|KE050207|1|EA|6930|KRW|6930|20140315|1300|
C|005186|2014|50000627820010|001|4300001226|00450|KE050213|1|EA|8440|KRW|8440|20140315|1300|
C|005186|2014|50000627820011|001|4300001226|00460|KE050301|1|EA|1160|KRW|1160|20140315|1300|
C|005186|2014|50000627820012|001|4300001226|00470|KE050502|1|EA|10000|KRW|10000|20140315|1300|
C|005186|2014|50000627820013|001|4300001226|00480|KE050801|3|EA|1900|KRW|5700|20140315|1300|
C|005186|2014|50000627820014|001|4300001226|00490|KE090106|7|EA|15370|KRW|107590|20140315|1300|
C|005186|2014|50000627820015|001|4300001226|00500|KE090116|2|EA|28040|KRW|56080|20140315|1300|
C|005186|2014|50000627820016|001|4300001226|00510|KE090163|1|EA|41480|KRW|41480|20140315|1300|
C|005186|2014|50000627820017|001|4300001226|00520|KE110100|5|EA|124000|KRW|620000|20140315|1300|
C|005186|2014|50000627820018|001|4300001226|00530|KE180203|30|EA|13650|KRW|409500|20140315|1300|
C|005186|2014|50000627820019|001|4300001226|00540|KE200113|1|EA|130000|KRW|130000|20140315|1300|
C|005186|2014|50000627820020|001|4300001226|00550|KE210001|1|EA|53030|KRW|53030|20140315|1300|
C|005186|2014|50000627820021|001|4300001226|00560|KE230001|20|EA|1030|KRW|20600|20140315|1300|
C|005186|2014|50000627820022|001|4300001226|00570|KE230003|100|EA|1870|KRW|187000|20140315|1300|
C|005186|2014|50000627820023|001|4300001226|00580|KE231001|19|EA|16150|KRW|306850|20140315|1300|
C|005186|2014|50000627820024|001|4300001226|00590|KE231100|30|EA|530|KRW|15900|20140315|1300|
C|005186|2014|50000627820025|001|4300001226|00600|KE231404|6|EA|1460|KRW|8760|20140315|1300|
C|005186|2014|50000627820026|001|4300001226|00610|KE231503|13|EA|1160|KRW|15080|20140315|1300|
C|005186|2014|50000627820027|001|4300001226|00620|KE270300|60|EA|470|KRW|28200|20140315|1300|
C|005186|2014|50000627820028|001|4300001226|00630|KE270302|4|EA|6900|KRW|27600|20140315|1300|
C|005186|2014|50000627820029|001|4300001226|00640|KE281401|8|EA|840|KRW|6720|20140315|1300|
C|005186|2014|50000627830001|001|4300001231|00020|UKGC0004|20|EA|5890|KRW|117800|20140315|1300|
C|005186|2014|50000627830002|001|4300001231|00030|UKGC0002|2|EA|7540|KRW|15080|20140315|1300|
C|005186|2014|50000627830003|001|4300001231|00040|UCAC0033|30|EA|11150|KRW|334500|20140315|1300|
C|005186|2014|50000627830004|001|4300001231|00110|UJBC0013|1|EA|11550|KRW|11550|20140315|1300|
C|005186|2014|50000627830005|001|4300001231|00120|UJBC0024|1|EA|1520|KRW|1520|20140315|1300|
C|005186|2014|50000627830006|001|4300001231|00170|UHTC0548|20|EA|8470|KRW|169400|20140315|1300|
C|005186|2014|50000627830007|001|4300001231|00180|UKEC0017|1|EA|61200|KRW|61200|20140315|1300|
