C|005186|2020|50005512980001|001|4300016101|00070|UAGC0023|50|EA|16600|KRW|83000|20200228|1300|
C|005186|2020|50005512980002|001|4300016101|00100|UAEC0105|2|EA|62740|KRW|125480|20200228|1300|
C|005186|2020|50005512980003|001|4300016104|00050|UAEC0476|2|EA|14760|KRW|29520|20200228|1300|
C|005186|2020|50005512980004|001|4300016188|00050|UDBC0062|20|EA|313|KRW|6260|20200228|1300|
C|005186|2020|50005512980005|001|4300016188|00060|UGBC1562|20|EA|88000|KRW|176000|20200228|1300|
C|005186|2020|50005512980006|001|4300016188|00100|UDEC0009|1|EA|211710|KRW|211710|20200228|1300|
C|005186|2020|50005512980007|001|4300016188|00160|UDBC0249|10|EA|58600|KRW|58600|20200228|1300|
C|005186|2020|50005512980008|001|4300016196|00010|UEBC1348|2|EA|5190|KRW|10380|20200228|1300|
C|005186|2020|50005512980009|001|4300016198|00020|UDBC1111|100|EA|400|KRW|4000|20200228|1300|
C|005186|2020|50005512990001|001|4300016139|00030|UAEC0452|20|EA|1680|KRW|33600|20200302|1300|
C|005186|2020|50005512990002|001|4300016139|00040|UAEC0055|2|EA|30760|KRW|30760|20200302|1300|
C|005186|2020|50005512990003|001|4300016139|00050|UKEC0091|20|EA|12700|KRW|25400|20200302|1300|
C|005186|2020|50005512990004|001|4300016139|00060|UAEC0238|1|EA|445260|KRW|445260|20200302|1300|
C|005186|2020|50005512990005|001|4300016139|00080|UAAC0001|50|EA|18900|KRW|94500|20200302|1300|
C|005186|2020|50005512990006|001|4300016140|00040|UAGC0525|5|EA|9600|KRW|48000|20200302|1300|
C|005186|2020|50005512990007|001|4300016141|00010|UAGC0471|20|EA|682500|KRW|1365000|20200302|1300|
C|005186|2020|50005514010001|001|4300016139|00030|UAEC0452|20|EA|1680|KRW|33600|20200228|1300|
C|005186|2020|50005514010002|001|4300016139|00040|UAEC0055|2|EA|30760|KRW|30760|20200228|1300|
C|005186|2020|50005514010003|001|4300016139|00050|UKEC0091|20|EA|12700|KRW|25400|20200228|1300|
C|005186|2020|50005514010004|001|4300016139|00060|UAEC0238|1|EA|445260|KRW|445260|20200228|1300|
C|005186|2020|50005514010005|001|4300016139|00080|UAAC0001|50|EA|18900|KRW|94500|20200228|1300|
C|005186|2020|50005514010006|001|4300016140|00040|UAGC0525|5|EA|9600|KRW|48000|20200228|1300|
C|005186|2020|50005514010007|001|4300016141|00010|UAGC0471|20|EA|682500|KRW|1365000|20200228|1300|
C|005186|2020|50005514020001|001|4300016153|00060|UGCC0794|5|EA|212500|KRW|1062500|20200228|1300|
C|005186|2020|50005514020002|001|4300016153|00070|UGCC1511|10|EA|26300|KRW|263000|20200228|1300|
C|005186|2020|50005514020003|001|4300016197|00010|UGCC1401|2|EA|853700|KRW|1707400|20200228|1300|
C|005186|2020|50005514020004|001|4300016197|00020|UGCC0037|10|EA|18400|KRW|184000|20200228|1300|
C|005186|2020|50005514020005|001|4300016198|00010|UGCC1401|2|EA|853700|KRW|1707400|20200228|1300|
