C|005186|2014|50000546470001|001|4300001084|00070|UAEC0268|1|EA|16170|KRW|16170|20140129|1300|
C|005186|2014|50000546470002|001|4300001084|00080|UAEC0270|1|EA|18800|KRW|18800|20140129|1300|
C|005186|2014|50000546470003|001|4300001084|00090|UAEC0271|1|EA|44950|KRW|44950|20140129|1300|
C|005186|2014|50000546470004|001|4300001084|00110|UGCC0391|2|EA|297900|KRW|595800|20140129|1300|
C|005186|2014|50000546470005|001|4300001084|00120|UGCC0746|1|EA|111520|KRW|111520|20140129|1300|
C|005186|2014|50000546470006|001|4300001084|00150|UGCC0206|50|EA|3490|KRW|174500|20140129|1300|
C|005186|2014|50000546470007|001|4300001084|00170|UJBC0031|20|EA|16630|KRW|332600|20140129|1300|
C|005186|2014|50000546470008|001|4300001084|00180|UAEC0275|1|EA|16430|KRW|16430|20140129|1300|
C|005186|2014|50000546470009|001|4300001084|00190|UAEC0276|1|EA|24780|KRW|24780|20140129|1300|
C|005186|2014|50000546470010|001|4300001086|00020|UAGC0034|3|EA|4530|KRW|13590|20140129|1300|
C|005186|2014|50000546470011|001|4300001086|00030|UGCC0848|4|EA|60000|KRW|240000|20140129|1300|
C|005186|2014|50000546470012|001|4300001086|00040|UDBC0877|70|EA|2030|KRW|142100|20140129|1300|
C|005186|2014|50000546470013|001|4300001086|00050|UGBC0463|2|EA|173250|KRW|346500|20140129|1300|
C|005186|2014|50000546470014|001|4300001086|00060|UAEC0134|2|EA|44950|KRW|89900|20140129|1300|
C|005186|2014|50000546470015|001|4300001086|00070|UAEC0135|2|EA|65100|KRW|130200|20140129|1300|
C|005186|2014|50000546470016|001|4300001086|00080|UAGC0091|1|EA|8890|KRW|8890|20140129|1300|
C|005186|2014|50000546470017|001|4300001086|00090|UCAC0040|4|EA|28350|KRW|113400|20140129|1300|
C|005186|2014|50000546470018|001|4300001086|00100|UGCC0630|2|EA|36750|KRW|73500|20140129|1300|
C|005186|2014|50000546470019|001|4300001087|00010|UKAC0041|1|EA|110500|KRW|110500|20140129|1300|
C|005186|2014|50000546470020|001|4300001087|00020|UAIC0036|1|EA|273700|KRW|273700|20140129|1300|
C|005186|2014|50000546470021|001|4300001087|00030|UDAC0269|50|EA|16110|KRW|805500|20140129|1300|
C|005186|2014|50000546470022|001|4300001087|00040|UDAC0266|100|EA|4840|KRW|484000|20140129|1300|
C|005186|2014|50000546470023|001|4300001087|00050|UKEC0091|20|EA|1270|KRW|25400|20140129|1300|
C|005186|2014|50000546470024|001|4300001087|00060|UAJC0082|2|EA|43400|KRW|86800|20140129|1300|
C|005186|2014|50000546470025|001|4300001087|00070|UCKC0106|1|EA|821000|KRW|821000|20140129|1300|
C|005186|2014|50000546470026|001|4300001087|00080|UFFC0043|20|EA|3850|KRW|77000|20140129|1300|
C|005186|2014|50000546470027|001|4300001087|00090|UGCC0751|2|EA|152640|KRW|305280|20140129|1300|
C|005186|2014|50000546470028|001|4300001087|00100|UKBC0010|1|EA|91480|KRW|91480|20140129|1300|
C|005186|2014|50000546470029|001|4300001087|00110|UICC0057|5|EA|17900|KRW|89500|20140129|1300|
C|005186|2014|50000546470030|001|4300001087|00120|UJAC0136|6|EA|115000|KRW|690000|20140129|1300|
C|005186|2014|50000546470031|001|4300001087|00130|UJAC0121|2|EA|409500|KRW|819000|20140129|1300|
C|005186|2014|50000546470032|001|4300001087|00140|UGAC0063|5|EA|62790|KRW|313950|20140129|1300|
C|005186|2014|50000546470033|001|4300001087|00150|UGCC0612|3|EA|3680|KRW|11040|20140129|1300|
C|005186|2014|50000546470034|001|4300001087|00160|UALC0062|50|EA|4536|KRW|226800|20140129|1300|
C|005186|2014|50000546470035|001|4300001087|00170|UGCC0568|2|EA|29000|KRW|58000|20140129|1300|
C|005186|2014|50000546470036|001|4300001087|00180|UGCC0718|50|EA|23200|KRW|1160000|20140129|1300|
C|005186|2014|50000546470037|001|4300001087|00190|UKEC0109|40|EA|1526|KRW|61040|20140129|1300|
C|005186|2014|50000546470038|001|4300001087|00200|UHTC0246|30|EA|8470|KRW|254100|20140129|1300|
C|005186|2014|50000546470039|001|4300001087|00210|UKCC0003|20|EA|4520|KRW|90400|20140129|1300|
C|005186|2014|50000546470040|001|4300001087|00220|UJBC0047|4|EA|9890|KRW|39560|20140129|1300|
C|005186|2014|50000546470041|001|4300001087|00230|UCAC0057|1|EA|191000|KRW|191000|20140129|1300|
C|005186|2014|50000546470042|001|4300001087|00240|UCAC0009|2|EA|17890|KRW|35780|20140129|1300|
C|005186|2014|50000546470043|001|4300001088|00010|UAGC0323|10|EA|14180|KRW|141800|20140129|1300|
C|005186|2014|50000546470044|001|4300001088|00020|UADC0091|20|EA|25230|KRW|504600|20140129|1300|
C|005186|2014|50000546470045|001|4300001088|00030|UAAC0001|20|EA|1890|KRW|37800|20140129|1300|
C|005186|2014|50000546470046|001|4300001088|00040|UDBC0532|100|EA|190|KRW|19000|20140129|1300|
C|005186|2014|50000546470047|001|4300001088|00050|UKBC0010|1|EA|91480|KRW|91480|20140129|1300|
C|005186|2014|50000546470048|001|4300001088|00070|UCAC0050|1|EA|258900|KRW|258900|20140129|1300|
C|005186|2014|50000546470049|001|4300001088|00080|UBBC0006|2|EA|103370|KRW|206740|20140129|1300|
C|005186|2014|50000546470050|001|4300001088|00100|UAGC0028|5|EA|24100|KRW|120500|20140129|1300|
C|005186|2014|50000546470051|001|4300001088|00110|UAEC0301|10|EA|11550|KRW|115500|20140129|1300|
C|005186|2014|50000546470052|001|4300001088|00120|UKBC0010|2|EA|91480|KRW|182960|20140129|1300|
C|005186|2014|50000546470053|001|4300001088|00130|UCAC0009|1|EA|17890|KRW|17890|20140129|1300|
C|005186|2014|50000546470054|001|4300001088|00140|UKGC0010|2|EA|27370|KRW|54740|20140129|1300|
C|005186|2014|50000546470055|001|4300001088|00150|UGCC0514|1|EA|28420|KRW|28420|20140129|1300|
C|005186|2014|50000546470056|001|4300001088|00170|UFKC0001|1|EA|104210|KRW|104210|20140129|1300|
C|005186|2014|50000546470057|001|4300001088|00180|UGBC0461|1|EA|22260|KRW|22260|20140129|1300|
C|005186|2014|50000546470058|001|4300001088|00220|UIEC0007|2|EA|7080|KRW|14160|20140129|1300|
C|005186|2014|50000546470059|001|4300001088|00230|UGBC0864|2|EA|29200|KRW|58400|20140129|1300|
C|005186|2014|50000546470060|001|4300001088|00240|UEBC0896|6|EA|21210|KRW|127260|20140129|1300|
C|005186|2014|50000546470061|001|4300001088|00250|UGBC0303|30|EA|310|KRW|9300|20140129|1300|
C|005186|2014|50000546470062|001|4300001088|00260|UCKC0052|1|EA|255150|KRW|255150|20140129|1300|
C|005186|2014|50000546470063|001|4300001088|00280|UDEC0032|1|EA|118970|KRW|118970|20140129|1300|
C|005186|2014|50000546470064|001|4300001088|00290|UAEC0319|1|EA|73470|KRW|73470|20140129|1300|
C|005186|2014|50000546470065|001|4300001088|00300|UAEC0074|1|EA|9110|KRW|9110|20140129|1300|
C|005186|2014|50000546470066|001|4300001088|00310|UAEC0079|2|EA|12075|KRW|24150|20140129|1300|
C|005186|2014|50000546470067|001|4300001088|00320|UAEC0069|1|EA|16310|KRW|16310|20140129|1300|
C|005186|2014|50000546470068|001|4300001088|00330|UADC0105|1|EA|28880|KRW|28880|20140129|1300|
