C|005186|2020|50005846730001|001|4300017485|00050|UEBC1501|4|EA|296000|KRW|592000|20200827|1300|
C|005186|2020|50005846730002|001|4300017485|00090|UAEC0310|5|EA|1580|KRW|7900|20200827|1300|
C|005186|2020|50005846730003|001|4300017485|00100|UAEC0431|1|EA|5230|KRW|5230|20200827|1300|
C|005186|2020|50005846730004|001|4300017485|00110|UADC0051|1|EA|5380|KRW|5380|20200827|1300|
C|005186|2020|50005846730005|001|4300017485|00120|UDCC0042|1|EA|493690|KRW|493690|20200827|1300|
C|005186|2020|50005846730006|001|4300017486|00010|UDEC0109|2|EA|344500|KRW|689000|20200827|1300|
C|005186|2020|50005846730007|001|4300017486|00020|UEBC1038|50|EA|56100|KRW|561000|20200827|1300|
C|005186|2020|50005846730008|001|4300017486|00030|UDBC0460|200|EA|10600|KRW|42400|20200827|1300|
C|005186|2020|50005846730009|001|4300017486|00040|UDAC0072|10|EA|850|KRW|8500|20200827|1300|
C|005186|2020|50005846730010|001|4300017487|00200|UEBC0042|5|EA|30280|KRW|151400|20200827|1300|
C|005186|2020|50005846730011|001|4300017487|00220|UEBC0279|5|EA|38000|KRW|38000|20200827|1300|
C|005186|2020|50005846730012|001|4300017487|00330|UAEC0050|2|EA|81900|KRW|163800|20200827|1300|
C|005186|2020|50005846730013|001|4300017487|00340|UDAC0347|30|EA|26500|KRW|79500|20200827|1300|
C|005186|2020|50005846730014|001|4300017488|00030|UDFC0057|10|EA|13860|KRW|138600|20200827|1300|
C|005186|2020|50005846730015|001|4300017488|00040|UDFC0202|30|EA|21100|KRW|63300|20200827|1300|
C|005186|2020|50005846730016|001|4300017488|00050|UGBC0790|20|EA|12300|KRW|24600|20200827|1300|
C|005186|2020|50005846730017|001|4300017488|00060|UGBC0797|50|EA|5000|KRW|25000|20200827|1300|
C|005186|2020|50005846730018|001|4300017488|00070|UGBC0791|50|EA|7600|KRW|38000|20200827|1300|
C|005186|2020|50005846730019|001|4300017488|00080|UGCC0206|50|EA|34900|KRW|174500|20200827|1300|
C|005186|2020|50005846730020|001|4300017488|00090|UGCC0221|50|EA|33900|KRW|169500|20200827|1300|
C|005186|2020|50005846730021|001|4300017488|00100|UGCC0222|50|EA|34700|KRW|173500|20200827|1300|
C|005186|2020|50005846730022|001|4300017488|00110|UGBC0744|50|EA|5200|KRW|26000|20200827|1300|
C|005186|2020|50005846730023|001|4300017488|00120|UGBC0745|50|EA|5600|KRW|28000|20200827|1300|
C|005186|2020|50005846730024|001|4300017488|00130|UGBC0748|50|EA|4520|KRW|22600|20200827|1300|
C|005186|2020|50005846730025|001|4300017488|00140|UGBC0749|50|EA|5200|KRW|26000|20200827|1300|
C|005186|2020|50005846730026|001|4300017488|00150|UGBC0758|50|EA|11130|KRW|55650|20200827|1300|
C|005186|2020|50005846730027|001|4300017488|00160|UGBC1750|50|EA|8700|KRW|43500|20200827|1300|
C|005186|2020|50005846730028|001|4300017488|00170|UGBC0765|50|EA|5100|KRW|25500|20200827|1300|
C|005186|2020|50005846730029|001|4300017488|00180|UGBC0766|30|EA|6500|KRW|19500|20200827|1300|
C|005186|2020|50005846730030|001|4300017488|00190|UGBC1235|30|EA|5900|KRW|17700|20200827|1300|
C|005186|2020|50005846730031|001|4300017488|00200|UGBC0768|20|EA|6090|KRW|12180|20200827|1300|
C|005186|2020|50005846730032|001|4300017488|00210|UGBC0773|20|EA|12180|KRW|24360|20200827|1300|
C|005186|2020|50005846730033|001|4300017488|00220|UGBC0780|30|EA|5700|KRW|17100|20200827|1300|
C|005186|2020|50005846730034|001|4300017488|00230|UGBC0781|30|EA|5800|KRW|17400|20200827|1300|
C|005186|2020|50005846730035|001|4300017488|00240|UGBC0789|50|EA|6900|KRW|34500|20200827|1300|
C|005186|2020|50005846730036|001|4300017502|00010|UEBC1146|5|EA|27200|KRW|136000|20200827|1300|
C|005186|2020|50005846730037|001|4300017502|00030|UEBC1510|10|EA|213400|KRW|1067000|20200827|1300|
C|005186|2020|50005846730038|001|4300017502|00050|UEBC0658|1|EA|55660|KRW|55660|20200827|1300|
C|005186|2020|50005846730039|001|4300017503|00010|UEBC0780|10|EA|20900|KRW|20900|20200827|1300|
C|005186|2020|50005846730040|001|4300017503|00020|UEBC0956|2|EA|65520|KRW|131040|20200827|1300|
C|005186|2020|50005846730041|001|4300017503|00030|UEBC0064|1|EA|181130|KRW|181130|20200827|1300|
C|005186|2020|50005846730042|001|4300017503|00090|UEAC1146|1|EA|1410000|KRW|1410000|20200827|1300|
C|005186|2020|50005846740001|001|4300017665|00080|UDAC0266|200|EA|484000|KRW|968000|20200827|1300|
C|005186|2020|50005846740002|001|4300017687|00030|UHHC0146|3|EA|131250|KRW|393750|20200827|1300|
C|005186|2020|50005846740003|001|4300017687|00040|UHTC0833|1|EA|79690|KRW|79690|20200827|1300|
C|005186|2020|50005846740004|001|4300017689|00030|UDBC0845|300|EA|27300|KRW|819000|20200827|1300|
C|005186|2020|50005846760001|001|4300017696|00020|KS061502|6|EA|2970|KRW|17820|20200827|1300|
C|005186|2020|50005846760002|001|4300017696|00030|KS061503|3|EA|3150|KRW|9450|20200827|1300|
C|005186|2020|50005846760003|001|4300017696|00040|KS061504|3|EA|4050|KRW|12150|20200827|1300|
C|005186|2020|50005846760004|001|4300017696|00050|KS061508|4|EA|10510|KRW|42040|20200827|1300|
C|005186|2020|50005846760005|001|4300017696|00060|KS066900|5|EA|1290|KRW|6450|20200827|1300|
C|005186|2020|50005846760006|001|4300017696|00070|KS066901|3|EA|1290|KRW|3870|20200827|1300|
C|005186|2020|50005846760007|001|4300017696|00080|KS066902|5|EA|1540|KRW|7700|20200827|1300|
C|005186|2020|50005846760008|001|4300017696|00090|KS066904|4|EA|2000|KRW|8000|20200827|1300|
C|005186|2020|50005846760009|001|4300017696|00100|KS067002|2|EA|1460|KRW|2920|20200827|1300|
C|005186|2020|50005846760010|001|4300017696|00110|KS067005|3|EA|2400|KRW|7200|20200827|1300|
C|005186|2020|50005846760011|001|4300017696|00120|KS067006|2|EA|3120|KRW|6240|20200827|1300|
C|005186|2020|50005846760012|001|4300017696|00130|KS067207|2|EA|5780|KRW|11560|20200827|1300|
C|005186|2020|50005846760013|001|4300017696|00140|KS067208|5|EA|7940|KRW|39700|20200827|1300|
C|005186|2020|50005846760014|001|4300017696|00150|KS080702|2|EA|19850|KRW|39700|20200827|1300|
C|005186|2020|50005846760015|001|4300017696|00160|KS080705|3|EA|18500|KRW|55500|20200827|1300|
C|005186|2020|50005846770001|001|4300017685|00010|UEBC0655|2|EA|144900|KRW|289800|20200827|1300|
C|005186|2020|50005846770002|001|4300017685|00030|UEBC0246|10|EA|5800|KRW|58000|20200827|1300|
C|005186|2020|50005846770003|001|4300017685|00040|UEBC0247|10|EA|36550|KRW|73100|20200827|1300|
C|005186|2020|50005846770004|001|4300017685|00060|UEBC0121|10|EA|28200|KRW|28200|20200827|1300|
C|005186|2020|50005846770005|001|4300017685|00070|UEBC0008|10|EA|5360|KRW|53600|20200827|1300|
C|005186|2020|50005846770006|001|4300017686|00020|UEBC1177|10|EA|44500|KRW|445000|20200827|1300|
C|005186|2020|50005846770007|001|4300017686|00030|UDAC0388|20|EA|9500|KRW|19000|20200827|1300|
C|005186|2020|50005846770008|001|4300017686|00040|UEBC0339|10|EA|26000|KRW|130000|20200827|1300|
C|005186|2020|50005846770009|001|4300017686|00050|UEBC0672|1|EA|10900|KRW|10900|20200827|1300|
C|005186|2020|50005846770010|001|4300017687|00060|UCGC0005|1|EA|1134000|KRW|1134000|20200827|1300|
C|005186|2020|50005846770011|001|4300017687|00070|UEBC1167|2|EA|46850|KRW|93700|20200827|1300|
C|005186|2020|50005846770012|001|4300017688|00010|UEBC0387|2|EA|12980|KRW|25960|20200827|1300|
C|005186|2020|50005846770013|001|4300017688|00020|UDAC0008|30|EA|25400|KRW|76200|20200827|1300|
C|005186|2020|50005846770014|001|4300017688|00040|UEBC1413|4|EA|79500|KRW|318000|20200827|1300|
C|005186|2020|50005846770015|001|4300017689|00010|UEBC0542|12|EA|60900|KRW|730800|20200827|1300|
C|005186|2020|50005846770016|001|4300017689|00020|UEBC0030|10|EA|12130|KRW|121300|20200827|1300|
C|005186|2020|50005846770017|001|4300017690|00010|UJAC0079|4|EA|52500|KRW|105000|20200827|1300|
C|005186|2020|50005846770018|001|4300017690|00020|UJAC0080|4|EA|60900|KRW|121800|20200827|1300|
C|005186|2020|50005846780001|001|4300017690|00040|UEBC0170|2|EA|705600|KRW|1411200|20200827|1300|
C|005186|2020|50005846780002|001|4300017692|00010|UEBC1076|20|EA|130000|KRW|260000|20200827|1300|
C|005186|2020|50005846780003|001|4300017692|00020|UDBC0223|200|EA|2100|KRW|4200|20200827|1300|
C|005186|2020|50005846780004|001|4300017692|00030|UEBC1114|2|EA|87980|KRW|175960|20200827|1300|
C|005186|2020|50005846780005|001|4300017692|00060|UEBC1394|2|EA|731400|KRW|1462800|20200827|1300|
C|005186|2020|50005846790001|001|4300017685|00020|UDDC3897|5|EA|159600|KRW|798000|20200827|1300|
C|005186|2020|50005846790002|001|4300017685|00080|UDEC0046|1|EA|18795|KRW|18795|20200827|1300|
C|005186|2020|50005846790003|001|4300017687|00090|UHFC0147|1|EA|13650|KRW|13650|20200827|1300|
C|005186|2020|50005846790004|001|4300017690|00030|UIDC0115|2|EA|102000|KRW|204000|20200827|1300|
C|005186|2020|50005846790005|001|4300017692|00040|UDBC0973|100|EA|1500|KRW|1500|20200827|1300|
C|005186|2020|50005846790006|001|4300017692|00050|UDBC0783|100|EA|2100|KRW|2100|20200827|1300|
C|005186|2020|50005846800001|001|4300017665|00050|UKEC0091|10|EA|12700|KRW|12700|20200827|1300|
C|005186|2020|50005846800002|001|4300017687|00010|UADC0078|2|EA|7670|KRW|15340|20200827|1300|
C|005186|2020|50005846800003|001|4300017687|00020|UADC0018|1|EA|17220|KRW|17220|20200827|1300|
C|005186|2020|50005846800004|001|4300017687|00050|UAGC0064|1|EA|112630|KRW|112630|20200827|1300|
C|005186|2020|50005846800005|001|4300017687|00080|UDFC0019|4|EA|11550|KRW|46200|20200827|1300|
C|005186|2020|50005847310001|001|4300017696|00010|KH990101|4|EA|7250|KRW|29000|20200827|1300|
C|005186|2020|50005847310002|001|4300017696|00170|KT020003|1|EA|5600|KRW|5600|20200827|1300|
C|005186|2020|50005847310003|001|4300017696|00180|KT020004|2|EA|5600|KRW|11200|20200827|1300|
C|005186|2020|50005847310004|001|4300017696|00190|KT020005|3|EA|5640|KRW|16920|20200827|1300|
C|005186|2020|50005847310005|001|4300017696|00200|KT020012|2|EA|13110|KRW|26220|20200827|1300|
C|005186|2020|50005847310006|001|4300017696|00210|KT020013|2|EA|13110|KRW|26220|20200827|1300|
C|005186|2020|50005847310007|001|4300017696|00220|KT020500|20|EA|31100|KRW|62200|20200827|1300|
C|005186|2020|50005847310008|001|4300017696|00230|KT020600|3|EA|14910|KRW|44730|20200827|1300|
C|005186|2020|50005847310009|001|4300017696|00240|KT020700|20|EA|2680|KRW|53600|20200827|1300|
C|005186|2020|50005847310010|001|4300017696|00250|KT080311|2|EA|72980|KRW|145960|20200827|1300|
C|005186|2020|50005847310011|001|4300017696|00260|KT080500|2|EA|26500|KRW|53000|20200827|1300|
C|005186|2020|50005847310012|001|4300017696|00270|KT080520|4|EA|2760|KRW|11040|20200827|1300|
C|005186|2020|50005847310013|001|4300017696|00280|KT990001|100|EA|5100|KRW|51000|20200827|1300|
C|005186|2020|50005847320001|001|4300017666|00030|UCIC0005|2|EA|882000|KRW|1764000|20200827|1300|
C|005186|2020|50005847320002|001|4300017667|00010|UGBC0814|20|EA|8190|KRW|163800|20200827|1300|
C|005186|2020|50005847320003|001|4300017667|00020|UGBC0568|40|EA|58800|KRW|117600|20200827|1300|
C|005186|2020|50005847320004|001|4300017667|00030|UGBC0243|40|EA|61000|KRW|122000|20200827|1300|
C|005186|2020|50005847320005|001|4300017667|00040|UGBC0065|30|EA|1890|KRW|56700|20200827|1300|
C|005186|2020|50005847320006|001|4300017667|00050|UGBC0067|20|EA|50400|KRW|50400|20200827|1300|
C|005186|2020|50005847320007|001|4300017667|00060|UGBC0257|40|EA|37000|KRW|74000|20200827|1300|
C|005186|2020|50005847320008|001|4300017667|00070|UGBC0382|10|EA|65100|KRW|65100|20200827|1300|
C|005186|2020|50005847320009|001|4300017667|00090|UDAC0313|20|EA|3580|KRW|71600|20200827|1300|
C|005186|2020|50005847320010|001|4300017733|00010|UCIC0114|1|EA|84000|KRW|84000|20200827|1300|
C|005186|2020|50005847330001|001|4300017754|00020|UJAC0050|2|EA|11030|KRW|22060|20200827|1300|
C|005186|2020|50005847330002|001|4300017754|00040|UGCC0613|4|EA|9450|KRW|37800|20200827|1300|
C|005186|2020|50005847330003|001|4300017754|00060|UICC0061|8|EA|4540|KRW|36320|20200827|1300|
C|005186|2020|50005847330004|001|4300017756|00010|UEBC0517|5|EA|6510|KRW|32550|20200827|1300|
C|005186|2020|50005847330005|001|4300017756|00060|UGCC0086|1|EA|97650|KRW|97650|20200827|1300|
