C|005186|2013|50000309120001|001|4300000542|00230|KE200200|2|EA|130200|KRW|260400|20130930|1300|
C|005186|2013|50000309120002|001|4300000542|00240|KE230003|100|EA|1870|KRW|187000|20130930|1300|
C|005186|2013|50000309120003|001|4300000542|00250|KE231001|24|EA|16150|KRW|387600|20130930|1300|
C|005186|2013|50000309120004|001|4300000542|00260|KE231100|30|EA|530|KRW|15900|20130930|1300|
C|005186|2013|50000309120005|001|4300000542|00270|KE231403|15|EA|1840|KRW|27600|20130930|1300|
C|005186|2013|50000309120006|001|4300000542|00280|KE270300|40|EA|470|KRW|18800|20130930|1300|
C|005186|2013|50000309120007|001|4300000542|00290|KE270302|6|EA|6900|KRW|41400|20130930|1300|
C|005186|2013|50000309120008|001|4300000542|00300|KE281401|12|EA|840|KRW|10080|20130930|1300|
C|005186|2013|50000309120009|001|4300000543|00210|KE180203|30|EA|13650|KRW|409500|20130930|1300|
C|005186|2013|50000309120010|001|4300000543|00220|KE190001|5|EA|6300|KRW|31500|20130930|1300|
C|005186|2013|50000309120011|001|4300000543|00230|KE190003|10|EA|29300|KRW|293000|20130930|1300|
C|005186|2013|50000309120012|001|4300000543|00240|KE200113|5|EA|130000|KRW|650000|20130930|1300|
C|005186|2013|50000309120013|001|4300000544|00010|KE030011|12|EA|8190|KRW|98280|20130930|1300|
C|005186|2013|50000309120014|001|4300000544|00020|KE030114|2|EA|63840|KRW|127680|20130930|1300|
C|005186|2013|50000309120015|001|4300000544|00030|KE030123|2|EA|31500|KRW|63000|20130930|1300|
C|005186|2013|50000309120016|001|4300000544|00040|KE030200|4|EA|15230|KRW|60920|20130930|1300|
C|005186|2013|50000309120017|001|4300000544|00050|KE030211|1|EA|145740|KRW|145740|20130930|1300|
C|005186|2013|50000309120018|001|4300000544|00060|KE090102|4|EA|15430|KRW|61720|20130930|1300|
C|005186|2013|50000309120019|001|4300000544|00070|KE090106|5|EA|15370|KRW|76850|20130930|1300|
C|005186|2013|50000309120020|001|4300000544|00080|KE090112|6|EA|16800|KRW|100800|20130930|1300|
C|005186|2013|50000309120021|001|4300000544|00090|KE090116|1|EA|28040|KRW|28040|20130930|1300|
C|005186|2013|50000309120022|001|4300000544|00100|KE090165|2|EA|165900|KRW|331800|20130930|1300|
C|005186|2013|50000309120023|001|4300000544|00110|KE110200|10|EA|65100|KRW|651000|20130930|1300|
C|005186|2013|50000309130001|001|4300000479|00140|UHFC0205|10|EA|9550|KRW|95500|20130930|1300|
C|005186|2013|50000309130002|001|4300000541|00010|UHGC0054|5|EA|16200|KRW|81000|20130930|1300|
C|005186|2013|50000309130003|001|4300000541|00020|UHGC0235|5|EA|22950|KRW|114750|20130930|1300|
C|005186|2013|50000309130004|001|4300000541|00030|UHFC0100|20|EA|13500|KRW|270000|20130930|1300|
C|005186|2013|50000309130005|001|4300000545|00090|UHTC0118|20|EA|19650|KRW|393000|20130930|1300|
C|005186|2013|50000309130006|001|4300000546|00050|UHTC0035|3|EA|60900|KRW|182700|20130930|1300|
C|005186|2013|50000309130007|001|4300000546|00060|UHNC0110|50|EA|770|KRW|38500|20130930|1300|
C|005186|2013|50000309130008|001|4300000546|00070|UHFC0233|5|EA|11660|KRW|58300|20130930|1300|
C|005186|2013|50000309130009|001|4300000568|00010|UHFC0059|30|EA|3680|KRW|110400|20130930|1300|
C|005186|2013|50000309130010|001|4300000568|00020|UHFC0060|10|EA|1530|KRW|15300|20130930|1300|
C|005186|2013|50000309130011|001|4300000568|00030|UHGC0057|3|EA|24200|KRW|72600|20130930|1300|
C|005186|2013|50000309140001|001|4300000517|00140|UGBC1349|50|EA|1100|KRW|55000|20130930|1300|
C|005186|2013|50000309140002|001|4300000517|00150|UGBC1350|50|EA|1760|KRW|88000|20130930|1300|
C|005186|2013|50000309140003|001|4300000546|00150|UAEC0067|1|EA|39480|KRW|39480|20130930|1300|
C|005186|2013|50000309140004|001|4300000546|00160|UEBC1030|3|EA|68100|KRW|204300|20130930|1300|
C|005186|2013|50000309140005|001|4300000546|00170|UJAC0072|4|EA|12600|KRW|50400|20130930|1300|
C|005186|2013|50000309140006|001|4300000546|00180|UJAC0073|4|EA|13130|KRW|52520|20130930|1300|
C|005186|2013|50000309140007|001|4300000546|00200|UEBC0038|4|EA|18310|KRW|73240|20130930|1300|
C|005186|2013|50000309140008|001|4300000546|00230|UCKC0072|2|EA|176400|KRW|352800|20130930|1300|
C|005186|2013|50000309140009|001|4300000546|00240|UEBC0363|10|EA|7670|KRW|76700|20130930|1300|
