C|005186|2020|50005834260001|001|4300017368|00010|UGCC0672|10|EA|31290|KRW|312900|20200821|1300|
C|005186|2020|50005834260002|001|4300017489|00010|UZZC0194|1|EA|81900|KRW|81900|20200821|1300|
C|005186|2020|50005834260003|001|4300017574|00020|UAJC0026|30|EA|4200|KRW|126000|20200821|1300|
C|005186|2020|50005834260004|001|4300017574|00030|UAJC0027|30|EA|44500|KRW|133500|20200821|1300|
C|005186|2020|50005834260005|001|4300017594|00060|UICC0061|1|EA|4540|KRW|4540|20200821|1300|
C|005186|2020|50005834260006|001|4300017595|00100|UDAC0256|1|EA|120870|KRW|120870|20200821|1300|
C|005186|2020|50005834260007|001|4300017596|00010|UGBC1447|20|EA|522000|KRW|1044000|20200821|1300|
C|005186|2020|50005834260008|001|4300017596|00020|UGBC1448|20|EA|337000|KRW|674000|20200821|1300|
C|005186|2020|50005834260009|001|4300017597|00010|UJBC0050|50|EA|36700|KRW|183500|20200821|1300|
C|005186|2020|50005834270001|001|4300017547|00010|UHTC0684|10|EA|35700|KRW|357000|20200821|1300|
C|005186|2020|50005834280001|001|4300017562|00010|UHTC0246|100|EA|169400|KRW|847000|20200821|1300|
C|005186|2020|50005834280002|001|4300017569|00010|UHHC0214|20|EA|762000|KRW|0|20200821|1300|
C|005186|2020|50005834280003|001|4300017570|00010|UHHC0211|50|EA|380000|KRW|0|20200821|1300|
C|005186|2020|50005834280004|001|4300017575|00020|UCKC0037|100|EA|1405000|KRW|1405000|20200821|1300|
C|005186|2020|50005834280005|001|4300017615|00010|UHFC0443|1|EA|1390000|KRW|1390000|20200821|1300|
