C|005186|2015|50001329840001|001|4300002169|00010|CMA0001|200|EA|240|KRW|48000|20150226|1300|
C|005186|2015|50001329840002|001|4300002169|00020|CMA0007|600|EA|270|KRW|162000|20150226|1300|
C|005186|2015|50001329840003|001|4300002169|00040|CMB0001|300|EA|655|KRW|196500|20150226|1300|
C|005186|2015|50001329840004|001|4300002169|00100|CMZ0006|5|EA|1155|KRW|5775|20150226|1300|
C|005186|2015|50001329840005|001|4300002169|00130|CMZ0006|3|EA|1155|KRW|3465|20150226|1300|
C|005186|2015|50001329840006|001|4300002169|00150|CMZ0004|3|EA|380|KRW|1140|20150226|1300|
C|005186|2015|50001329840007|001|4300002170|00020|CMA0003|4|EA|950|KRW|3800|20150226|1300|
C|005186|2015|50001329840008|001|4300002170|00030|CMA0007|50|EA|270|KRW|13500|20150226|1300|
C|005186|2015|50001329840009|001|4300002170|00090|CMZ0008|3|EA|578|KRW|1734|20150226|1300|
C|005186|2015|50001329840010|001|4300002170|00100|CMZ0009|5|EA|740|KRW|3700|20150226|1300|
C|005186|2015|50001329840011|001|4300002178|00160|CMF0013|20|EA|760|KRW|15200|20150226|1300|
C|005186|2015|50001329840012|001|4300002178|00170|CMH0007|3|EA|11700|KRW|35100|20150226|1300|
C|005186|2015|50001329840013|001|4300002178|00180|CMZ0014|2|EA|23300|KRW|46600|20150226|1300|
C|005186|2015|50001329840014|001|4300002185|00020|CMA0017|3|EA|780|KRW|2340|20150226|1300|
C|005186|2015|50001329840015|001|4300002185|00040|CMB0010|60|EA|1100|KRW|66000|20150226|1300|
C|005186|2015|50001329840016|001|4300002185|00050|CMH0006|5|EA|400|KRW|2000|20150226|1300|
C|005186|2015|50001329840017|001|4300002185|00060|CMZ0032|5|EA|1970|KRW|9850|20150226|1300|
C|005186|2015|50001329840018|001|4300002187|00020|CMF0008|5|EA|1785|KRW|8925|20150226|1300|
C|005186|2015|50001329840019|001|4300002189|00010|CMB0001|40|EA|655|KRW|26200|20150226|1300|
C|005186|2015|50001329840020|001|4300002189|00020|CMB0010|100|EA|1100|KRW|110000|20150226|1300|
C|005186|2015|50001329840021|001|4300002189|00050|CMA0001|100|EA|240|KRW|24000|20150226|1300|
C|005186|2015|50001329840022|001|4300002189|00060|CMA0007|500|EA|270|KRW|135000|20150226|1300|
C|005186|2015|50001329840023|001|4300002197|00010|CMB0001|40|EA|655|KRW|26200|20150226|1300|
C|005186|2015|50001329840024|001|4300002197|00020|CMA0007|20|EA|270|KRW|5400|20150226|1300|
C|005186|2015|50001329840025|001|4300002197|00030|CMA0001|20|EA|240|KRW|4800|20150226|1300|
C|005186|2015|50001329840026|001|4300002199|00010|CMF0002|10|EA|1100|KRW|11000|20150226|1300|
C|005186|2015|50001329840027|001|4300002205|00020|CMA0001|10|EA|240|KRW|2400|20150226|1300|
C|005186|2015|50001329840028|001|4300002228|00010|CMA0001|80|EA|240|KRW|19200|20150226|1300|
C|005186|2015|50001329840029|001|4300002228|00020|CMA0007|40|EA|270|KRW|10800|20150226|1300|
C|005186|2015|50001329840030|001|4300002228|00030|CMA0008|40|EA|690|KRW|27600|20150226|1300|
C|005186|2015|50001329840031|001|4300002228|00040|CMB0001|40|EA|655|KRW|26200|20150226|1300|
C|005186|2015|50001329840032|001|4300002228|00050|CME0010|40|EA|285|KRW|11400|20150226|1300|
C|005186|2015|50001329840033|001|4300002228|00090|CMC0003|10|EA|340|KRW|3400|20150226|1300|
C|005186|2015|50001329870001|001|4300002169|00060|CMD0016|7|EA|30450|KRW|213150|20150226|1300|
C|005186|2015|50001329870002|001|4300002187|00010|CMD0016|1|EA|30450|KRW|30450|20150226|1300|
C|005186|2015|50001329870003|001|4300002189|00090|CMD0016|6|EA|30450|KRW|182700|20150226|1300|
C|005186|2015|50001329870004|001|4300002190|00010|CMD0016|1|EA|30450|KRW|30450|20150226|1300|
C|005186|2015|50001329870005|001|4300002201|00020|CMD0016|1|EA|30450|KRW|30450|20150226|1300|
C|005186|2015|50001329870006|001|4300002205|00010|CMD0016|1|EA|30450|KRW|30450|20150226|1300|
C|005186|2015|50001329870007|001|4300002228|00080|CMD0016|3|EA|30450|KRW|91350|20150226|1300|
C|005186|2015|50001329880001|001|4300002190|00020|CMD0011|1|EA|24150|KRW|24150|20150226|1300|
C|005186|2015|50001329880002|001|4300002201|00010|CMD0011|2|EA|24150|KRW|48300|20150226|1300|
C|005186|2015|50001329890001|001|4300002228|00070|CMD0012|1|EA|29400|KRW|29400|20150226|1300|
