C|005186|2016|50003031620001|001|4300006314|00020|UGCC1060|2|EA|100500|KRW|201000|20161124|1300|
C|005186|2016|50003031620002|001|4300006326|00130|UGCC0780|2|EA|303000|KRW|606000|20161124|1300|
C|005186|2016|50003031620003|001|4300006326|00160|UGCC0355|4|EA|53550|KRW|214200|20161124|1300|
C|005186|2016|50003031620004|001|4300006326|00180|UGBC0898|5|EA|99750|KRW|498750|20161124|1300|
C|005186|2016|50003031620005|001|4300006326|00210|UGBC1514|5|EA|99500|KRW|497500|20161124|1300|
C|005186|2016|50003031620006|001|4300006330|00020|UZZC0044|20|EA|7980|KRW|159600|20161124|1300|
C|005186|2016|50003031620007|001|4300006330|00030|UICC0031|2|EA|14210|KRW|28420|20161124|1300|
C|005186|2016|50003031620008|001|4300006331|00010|UGCC0631|1|EA|71930|KRW|71930|20161124|1300|
C|005186|2016|50003031620009|001|4300006333|00050|UHTC0080|3|EA|182950|KRW|548850|20161124|1300|
C|005186|2016|50003031620010|001|4300006334|00010|UHTC0246|60|EA|8470|KRW|508200|20161124|1300|
C|005186|2016|50003031630001|001|4300006335|00010|UEBC0061|3|EA|619500|KRW|1858500|20161124|1300|
C|005186|2016|50003031630002|001|4300006335|00030|UICC0007|40|EA|1580|KRW|63200|20161124|1300|
C|005186|2016|50003031630003|001|4300006335|00040|UGBC0780|10|EA|570|KRW|5700|20161124|1300|
C|005186|2016|50003031630004|001|4300006335|00050|UEBC1244|4|EA|418000|KRW|1672000|20161124|1300|
C|005186|2016|50003031630005|001|4300006335|00060|UEBC1245|5|EA|9500|KRW|47500|20161124|1300|
C|005186|2016|50003031630006|001|4300006335|00070|UEBC1244|2|EA|418000|KRW|836000|20161124|1300|
C|005186|2016|50003031630007|001|4300006336|00010|UAGC0499|10|EA|19430|KRW|194300|20161124|1300|
C|005186|2016|50003031630008|001|4300006336|00020|UGCC0725|20|EA|44190|KRW|883800|20161124|1300|
C|005186|2016|50003031630009|001|4300006336|00030|UCIC0037|2|EA|144380|KRW|288760|20161124|1300|
C|005186|2016|50003031630010|001|4300006336|00040|UADC0066|10|EA|6620|KRW|66200|20161124|1300|
C|005186|2016|50003031630011|001|4300006336|00050|UAEC0445|1|EA|23640|KRW|23640|20161124|1300|
C|005186|2016|50003031630012|001|4300006336|00060|UAEC0041|1|EA|22110|KRW|22110|20161124|1300|
C|005186|2016|50003031630013|001|4300006336|00070|UAEC0250|2|EA|3930|KRW|7860|20161124|1300|
C|005186|2016|50003031630014|001|4300006336|00080|UAEC0249|2|EA|3450|KRW|6900|20161124|1300|
C|005186|2016|50003031630015|001|4300006336|00090|UAEC0246|2|EA|2920|KRW|5840|20161124|1300|
C|005186|2016|50003031630016|001|4300006336|00110|UAAC0033|1|EA|16480|KRW|16480|20161124|1300|
C|005186|2016|50003031630017|001|4300006336|00120|UAAC0010|1|EA|28320|KRW|28320|20161124|1300|
C|005186|2016|50003031630018|001|4300006336|00130|UADC0078|1|EA|7670|KRW|7670|20161124|1300|
C|005186|2016|50003031630019|001|4300006337|00010|UAEC0372|100|EA|13125|KRW|1312500|20161124|1300|
C|005186|2016|50003031630020|001|4300006337|00020|UDFC0019|5|EA|11550|KRW|57750|20161124|1300|
C|005186|2016|50003031630021|001|4300006337|00030|UKGC0006|40|EA|1370|KRW|54800|20161124|1300|
C|005186|2016|50003031630022|001|4300006337|00040|UAGC0003|30|EA|1820|KRW|54600|20161124|1300|
C|005186|2016|50003031630023|001|4300006337|00050|UAKC0012|3|EA|9080|KRW|27240|20161124|1300|
C|005186|2016|50003031630024|001|4300006337|00060|UAGC0455|3|EA|128000|KRW|384000|20161124|1300|
C|005186|2016|50003031630025|001|4300006337|00070|UAGC0492|3|EA|18020|KRW|54060|20161124|1300|
C|005186|2016|50003031630026|001|4300006337|00080|UGBC0586|20|EA|635|KRW|12700|20161124|1300|
C|005186|2016|50003031630027|001|4300006337|00090|UKBC0010|2|EA|91480|KRW|182960|20161124|1300|
C|005186|2016|50003031630028|001|4300006337|00110|UGCC0894|300|EA|4220|KRW|1266000|20161124|1300|
C|005186|2016|50003031630029|001|4300006337|00120|UCAC0009|2|EA|17890|KRW|35780|20161124|1300|
C|005186|2016|50003031640001|001|4300006367|00010|UAEC0248|2|EA|2770|KRW|5540|20161124|1300|
C|005186|2016|50003031640002|001|4300006367|00030|UEBC0066|2|EA|938700|KRW|1877400|20161124|1300|
C|005186|2016|50003031640003|001|4300006367|00040|UEBC0357|10|EA|2250|KRW|22500|20161124|1300|
C|005186|2016|50003031640004|001|4300006367|00050|UEBC0358|10|EA|2460|KRW|24600|20161124|1300|
C|005186|2016|50003031640005|001|4300006367|00060|UEBC0359|4|EA|3810|KRW|15240|20161124|1300|
C|005186|2016|50003031640006|001|4300006367|00070|UEBC0360|4|EA|4290|KRW|17160|20161124|1300|
C|005186|2016|50003031640007|001|4300006367|00080|UEBC0361|4|EA|5020|KRW|20080|20161124|1300|
C|005186|2016|50003031640008|001|4300006367|00090|UAEC0159|1|EA|239660|KRW|239660|20161124|1300|
C|005186|2016|50003031640009|001|4300006368|00010|UCCC0010|2|EA|271500|KRW|543000|20161124|1300|
C|005186|2016|50003031640010|001|4300006368|00020|UCCC0013|1|EA|401000|KRW|401000|20161124|1300|
C|005186|2016|50003031640011|001|4300006392|00010|UCHC0021|1|EA|15240|KRW|15240|20161124|1300|
C|005186|2016|50003031650001|001|4300006335|00020|UGCC1069|2|EA|165000|KRW|330000|20161124|1300|
C|005186|2016|50003031650002|001|4300006337|00100|UGCC1090|6|EA|71000|KRW|426000|20161124|1300|
