C|005186|2016|50003106480001|001|4300006526|00140|CMF0005|10|EA|18700|KRW|187000|20161223|1300|
C|005186|2016|50003106480002|001|4300006532|00080|CMF0005|4|EA|18700|KRW|74800|20161223|1300|
C|005186|2016|50003106480003|001|4300006533|00180|CMF0005|2|EA|18700|KRW|37400|20161223|1300|
C|005186|2016|50003106480004|001|4300006535|00080|CMF0005|2|EA|18700|KRW|37400|20161223|1300|
C|005186|2016|50003106480005|001|4300006536|00040|CMF0005|10|EA|18700|KRW|187000|20161223|1300|
C|005186|2016|50003106480006|001|4300006539|00060|CMF0005|3|EA|18700|KRW|56100|20161223|1300|
C|005186|2016|50003106480007|001|4300006543|00110|CMF0005|4|EA|18700|KRW|74800|20161223|1300|
C|005186|2016|50003106480008|001|4300006550|00060|CMF0005|3|EA|18700|KRW|56100|20161223|1300|
C|005186|2016|50003106490001|001|4300006549|00030|CMA0001|50|EA|151|KRW|7550|20161223|1300|
C|005186|2016|50003106490002|001|4300006549|00040|CMA0007|200|EA|151|KRW|30200|20161223|1300|
C|005186|2016|50003106500001|001|4300006549|00010|CMD0001|2|EA|8000|KRW|16000|20161223|1300|
C|005186|2016|50003106500002|001|4300006549|00020|CMA0028|3|EA|7350|KRW|22050|20161223|1300|
C|005186|2016|50003106500003|001|4300006549|00050|CMZ0009|10|EA|920|KRW|9200|20161223|1300|
C|005186|2016|50003106510001|001|4300006543|00010|CMA0001|400|EA|151|KRW|60400|20161223|1300|
C|005186|2016|50003106510002|001|4300006543|00020|CMA0007|200|EA|151|KRW|30200|20161223|1300|
C|005186|2016|50003106520001|001|4300006543|00050|CMC0005|200|EA|150|KRW|30000|20161223|1300|
C|005186|2016|50003106520002|001|4300006543|00080|CME0002|30|EA|1100|KRW|33000|20161223|1300|
C|005186|2016|50003106520003|001|4300006543|00090|CME0005|10|EA|2600|KRW|26000|20161223|1300|
C|005186|2016|50003106520004|001|4300006543|00100|CMF0004|4|EA|17000|KRW|68000|20161223|1300|
C|005186|2016|50003106530001|001|4300006529|00010|CMA0001|600|EA|151|KRW|90600|20161223|1300|
C|005186|2016|50003106530002|001|4300006529|00020|CMA0007|200|EA|151|KRW|30200|20161223|1300|
C|005186|2016|50003106530003|001|4300006529|00030|CMA0008|250|EA|470|KRW|117500|20161223|1300|
C|005186|2016|50003106530004|001|4300006529|00050|CMB0003|120|EA|2200|KRW|264000|20161223|1300|
