C|005186|2018|50004277330001|001|4300010737|00050|CMB0011|70|EA|2220|KRW|155400|20180628|1300|
C|005186|2018|50004277340001|001|4300010664|00010|CMF0005|2|EA|18700|KRW|37400|20180628|1300|
C|005186|2018|50004277340002|001|4300010667|00020|CMF0005|5|EA|18700|KRW|93500|20180628|1300|
C|005186|2018|50004277340003|001|4300010668|00010|CMF0005|2|EA|18700|KRW|37400|20180628|1300|
C|005186|2018|50004277340004|001|4300010669|00030|CMF0005|8|EA|18700|KRW|149600|20180628|1300|
C|005186|2018|50004277340005|001|4300010670|00010|CMF0005|2|EA|18700|KRW|37400|20180628|1300|
C|005186|2018|50004277340006|001|4300010715|00020|CMF0005|5|EA|18700|KRW|93500|20180628|1300|
C|005186|2018|50004277340007|001|4300010717|00080|CMF0005|3|EA|18700|KRW|56100|20180628|1300|
C|005186|2018|50004277340008|001|4300010719|00070|CMF0005|1|EA|18700|KRW|18700|20180628|1300|
C|005186|2018|50004277350001|001|4300010664|00030|CMB0010|20|EA|1280|KRW|25600|20180628|1300|
C|005186|2018|50004277350002|001|4300010668|00020|CME0001|5|EA|3300|KRW|16500|20180628|1300|
C|005186|2018|50004277350003|001|4300010668|00030|CME0006|5|EA|3080|KRW|15400|20180628|1300|
C|005186|2018|50004277350004|001|4300010668|00040|CMF0009|5|EA|4950|KRW|24750|20180628|1300|
C|005186|2018|50004277350005|001|4300010668|00060|CMA0016|200|EA|2140|KRW|428000|20180628|1300|
C|005186|2018|50004277350006|001|4300010668|00070|CME0010|200|EA|240|KRW|48000|20180628|1300|
C|005186|2018|50004277350007|001|4300010668|00110|CMB0010|480|EA|1280|KRW|614400|20180628|1300|
C|005186|2018|50004277350008|001|4300010668|00140|CMH0007|5|EA|11600|KRW|58000|20180628|1300|
C|005186|2018|50004277350009|001|4300010669|00010|CMF0006|1|EA|9500|KRW|9500|20180628|1300|
C|005186|2018|50004277350010|001|4300010669|00020|CMH0007|2|EA|11600|KRW|23200|20180628|1300|
C|005186|2018|50004277350011|001|4300010669|00040|CME0001|13|EA|3300|KRW|42900|20180628|1300|
C|005186|2018|50004277350012|001|4300010669|00050|CMA0015|20|EA|2520|KRW|50400|20180628|1300|
C|005186|2018|50004277350013|001|4300010670|00020|CMH0007|2|EA|11600|KRW|23200|20180628|1300|
C|005186|2018|50004277350014|001|4300010670|00090|CMB0010|60|EA|1280|KRW|76800|20180628|1300|
C|005186|2018|50004277350015|001|4300010670|00110|CME0010|100|EA|240|KRW|24000|20180628|1300|
C|005186|2018|50004277350016|001|4300010671|00030|CMZ0014|1|EA|19000|KRW|19000|20180628|1300|
C|005186|2018|50004277350017|001|4300010671|00050|CMF0009|5|EA|4950|KRW|24750|20180628|1300|
C|005186|2018|50004277350018|001|4300010671|00060|CMF0001|10|EA|1950|KRW|19500|20180628|1300|
C|005186|2018|50004277350019|001|4300010671|00090|CMB0010|100|EA|1280|KRW|128000|20180628|1300|
C|005186|2018|50004277350020|001|4300010674|00020|CME0010|60|EA|240|KRW|14400|20180628|1300|
C|005186|2018|50004277350021|001|4300010674|00040|CMB0010|240|EA|1280|KRW|307200|20180628|1300|
C|005186|2018|50004277350022|001|4300010675|00010|CMF0021|3|EA|3100|KRW|9300|20180628|1300|
C|005186|2018|50004277350023|001|4300010675|00020|CMA0005|20|EA|2000|KRW|40000|20180628|1300|
C|005186|2018|50004277350024|001|4300010675|00040|CMB0010|20|EA|1280|KRW|25600|20180628|1300|
C|005186|2018|50004277350025|001|4300010675|00050|CME0010|20|EA|240|KRW|4800|20180628|1300|
C|005186|2018|50004277350026|001|4300010715|00060|CMF0021|10|EA|3100|KRW|31000|20180628|1300|
C|005186|2018|50004277350027|001|4300010715|00070|CMH0007|10|EA|11600|KRW|116000|20180628|1300|
C|005186|2018|50004277350028|001|4300010715|00140|CMA0016|200|EA|2140|KRW|428000|20180628|1300|
C|005186|2018|50004277350029|001|4300010715|00160|CMB0010|360|EA|1280|KRW|460800|20180628|1300|
C|005186|2018|50004277350030|001|4300010738|00010|CMF0009|1|EA|4950|KRW|4950|20180628|1300|
C|005186|2018|50004277350031|001|4300010738|00030|CMH0007|2|EA|11600|KRW|23200|20180628|1300|
C|005186|2018|50004277350032|001|4300010738|00070|CME0001|28|EA|3300|KRW|92400|20180628|1300|
C|005186|2018|50004277350033|001|4300010738|00080|CMA0016|40|EA|2140|KRW|85600|20180628|1300|
C|005186|2018|50004277350034|001|4300010738|00100|CMB0010|60|EA|1280|KRW|76800|20180628|1300|
C|005186|2018|50004277350035|001|4300010738|00120|CME0010|100|EA|240|KRW|24000|20180628|1300|
C|005186|2018|50004277350036|001|4300010739|00050|CMA0015|100|EA|2520|KRW|252000|20180628|1300|
C|005186|2018|50004277350037|001|4300010739|00060|CME0010|100|EA|240|KRW|24000|20180628|1300|
C|005186|2018|50004277350038|001|4300010739|00070|CMA0016|150|EA|2140|KRW|321000|20180628|1300|
C|005186|2018|50004277360001|001|4300010667|00010|CMH0007|3|EA|11600|KRW|34800|20180628|1300|
C|005186|2018|50004277360002|001|4300010672|00020|CMB0010|85|EA|1280|KRW|108800|20180628|1300|
C|005186|2018|50004277360003|001|4300010713|00020|CMH0007|30|EA|11600|KRW|348000|20180628|1300|
C|005186|2018|50004277360004|001|4300010717|00040|CMA0015|10|EA|2520|KRW|25200|20180628|1300|
C|005186|2018|50004277360005|001|4300010717|00060|CME0001|10|EA|3300|KRW|33000|20180628|1300|
C|005186|2018|50004277360006|001|4300010719|00040|CMB0010|70|EA|1280|KRW|89600|20180628|1300|
C|005186|2018|50004277360007|001|4300010737|00060|CME0010|100|EA|240|KRW|24000|20180628|1300|
C|005186|2018|50004277360008|001|4300010737|00080|CMH0007|1|EA|11600|KRW|11600|20180628|1300|
C|005186|2018|50004277370001|001|4300010719|00010|CMA0001|60|EA|151|KRW|9060|20180628|1300|
C|005186|2018|50004277370002|001|4300010719|00020|CMA0007|200|EA|151|KRW|30200|20180628|1300|
C|005186|2018|50004277370003|001|4300010719|00030|CMB0001|20|EA|520|KRW|10400|20180628|1300|
C|005186|2018|50004277370004|001|4300010719|00050|CME0004|3|EA|7100|KRW|21300|20180628|1300|
C|005186|2018|50004277370005|001|4300010719|00060|CMF0002|1|EA|860|KRW|860|20180628|1300|
C|005186|2018|50004277370006|001|4300010719|00090|CMZ0032|3|EA|1300|KRW|3900|20180628|1300|
C|005186|2018|50004277380001|001|4300010668|00050|CMA0017|10|EA|770|KRW|7700|20180628|1300|
C|005186|2018|50004277380002|001|4300010668|00080|CMA0008|300|EA|470|KRW|141000|20180628|1300|
C|005186|2018|50004277380003|001|4300010668|00090|CMB0001|300|EA|520|KRW|156000|20180628|1300|
C|005186|2018|50004277380004|001|4300010668|00100|CMC0005|400|EA|150|KRW|60000|20180628|1300|
C|005186|2018|50004277380005|001|4300010668|00120|CMA0007|600|EA|151|KRW|90600|20180628|1300|
C|005186|2018|50004277380006|001|4300010668|00130|CMA0001|700|EA|151|KRW|105700|20180628|1300|
C|005186|2018|50004277390001|001|4300010674|00010|CMA0008|20|EA|470|KRW|9400|20180628|1300|
C|005186|2018|50004277390002|001|4300010674|00030|CMC0005|200|EA|150|KRW|30000|20180628|1300|
C|005186|2018|50004277390003|001|4300010674|00050|CMA0007|300|EA|151|KRW|45300|20180628|1300|
C|005186|2018|50004277390004|001|4300010674|00060|CMA0001|400|EA|151|KRW|60400|20180628|1300|
