C|005186|2019|50004723260001|001|4300012290|00030|UHTC0804|10|EA|583000|KRW|583000|20190131|1300|
C|005186|2019|50004723260002|001|4300012290|00040|UHEC0035|10|EA|14900|KRW|149000|20190131|1300|
C|005186|2019|50004723260003|001|4300012295|00020|UHEC0035|20|EA|14900|KRW|298000|20190131|1300|
C|005186|2019|50004723260004|001|4300012300|00030|UHTC0831|16|EA|62000|KRW|992000|20190131|1300|
C|005186|2019|50004723260005|001|4300012308|00010|UHTC0857|5|EA|63600|KRW|318000|20190131|1300|
C|005186|2019|50004723260006|001|4300012308|00020|UHTC0858|10|EA|63600|KRW|636000|20190131|1300|
C|005186|2019|50004723260007|001|4300012400|00160|UHTC0856|5|EA|63600|KRW|318000|20190131|1300|
C|005186|2019|50004723280001|001|4300012401|00070|UCIC0230|20|EA|29400|KRW|58800|20190131|1300|
C|005186|2019|50004723280002|001|4300012402|00160|UEBC1549|1|EA|113400|KRW|113400|20190131|1300|
C|005186|2019|50004723280003|001|4300012402|00180|UEBC1550|10|EA|5700|KRW|28500|20190131|1300|
C|005186|2019|50004723280004|001|4300012419|00140|KS990008|1|EA|39900|KRW|39900|20190131|1300|
C|005186|2019|50004723280005|001|4300012426|00010|UEBC1415|1|EA|1900000|KRW|1900000|20190131|1300|
C|005186|2019|50004723280006|001|4300012427|00020|UEBC1518|2|EA|675000|KRW|1350000|20190131|1300|
C|005186|2019|50004723280007|001|4300012428|00010|UEBC1518|2|EA|675000|KRW|1350000|20190131|1300|
C|005186|2019|50004723280008|001|4300012432|00010|UEBC0066|2|EA|938700|KRW|1877400|20190131|1300|
C|005186|2019|50004723280009|001|4300012433|00010|UEBC0066|2|EA|938700|KRW|1877400|20190131|1300|
C|005186|2019|50004723280010|001|4300012434|00010|UEBC1387|6|EA|292560|KRW|1755360|20190131|1300|
C|005186|2019|50004723280011|001|4300012439|00010|UEAC0117|2|EA|543900|KRW|1087800|20190131|1300|
C|005186|2019|50004723290001|001|4300012400|00010|UDFC0212|10|EA|39000|KRW|390000|20190131|1300|
C|005186|2019|50004723290002|001|4300012400|00020|UDFC0213|20|EA|7580|KRW|151600|20190131|1300|
C|005186|2019|50004723290003|001|4300012400|00030|UDFC0214|30|EA|2520|KRW|75600|20190131|1300|
C|005186|2019|50004723290004|001|4300012400|00040|UDFC0215|30|EA|2730|KRW|81900|20190131|1300|
C|005186|2019|50004724000001|001|4300012445|00010|UAEC0008|5|EA|27400|KRW|27400|20190131|1300|
C|005186|2019|50004724000002|001|4300012445|00020|UKEC0091|10|EA|12700|KRW|12700|20190131|1300|
C|005186|2019|50004724000003|001|4300012445|00030|UCIC0016|1|EA|37470|KRW|37470|20190131|1300|
C|005186|2019|50004724000004|001|4300012445|00060|UJCC0065|1|EA|17640|KRW|17640|20190131|1300|
C|005186|2019|50004724000005|001|4300012445|00090|UALC0020|1|EA|594820|KRW|594820|20190131|1300|
C|005186|2019|50004724000006|001|4300012446|00020|UAIC0013|1|EA|45680|KRW|45680|20190131|1300|
C|005186|2019|50004724000007|001|4300012446|00030|UDBC0455|100|EA|158|KRW|15800|20190131|1300|
C|005186|2019|50004724000008|001|4300012446|00050|UGAC0083|1|EA|33500|KRW|33500|20190131|1300|
C|005186|2019|50004724000009|001|4300012446|00070|UIEC0081|10|EA|20000|KRW|200000|20190131|1300|
C|005186|2019|50004724000010|001|4300012446|00080|UIEC0056|1|EA|38325|KRW|38325|20190131|1300|
C|005186|2019|50004724000011|001|4300012446|00090|UAIC0013|1|EA|45680|KRW|45680|20190131|1300|
C|005186|2019|50004724010001|001|4300012427|00010|UGCC0486|1|EA|189000|KRW|189000|20190131|1300|
C|005186|2019|50004724010002|001|4300012449|00090|UEBC0438|12|EA|40800|KRW|244800|20190131|1300|
C|005186|2019|50004724010003|001|4300012450|00030|UAGC0013|5|EA|11530|KRW|57650|20190131|1300|
C|005186|2019|50004724010004|001|4300012450|00040|UAGC0012|5|EA|17480|KRW|87400|20190131|1300|
C|005186|2019|50004724010005|001|4300012453|00140|UDBC0799|1|EA|12630|KRW|12630|20190131|1300|
C|005186|2019|50004724010006|001|4300012455|00040|UCHC0039|15|EA|114450|KRW|1716750|20190131|1300|
C|005186|2019|50004724010007|001|4300012459|00030|UDBC1092|100|EA|3500|KRW|35000|20190131|1300|
C|005186|2019|50004724010008|001|4300012460|00020|UEBC1556|8|EA|74760|KRW|149520|20190131|1300|
C|005186|2019|50004724020001|001|4300012408|00010|UHFC0437|5|EA|63600|KRW|63600|20190131|1300|
C|005186|2019|50004724020002|001|4300012408|00020|UHFC0438|5|EA|70490|KRW|70490|20190131|1300|
C|005186|2019|50004724020003|001|4300012408|00050|UDCC0001|10|EA|3780|KRW|37800|20190131|1300|
C|005186|2019|50004724020004|001|4300012423|00010|KE030011|4|EA|8190|KRW|32760|20190131|1300|
C|005186|2019|50004724020005|001|4300012423|00020|KE050201|2|EA|8460|KRW|16920|20190131|1300|
C|005186|2019|50004724020006|001|4300012423|00030|KE050207|1|EA|6930|KRW|6930|20190131|1300|
C|005186|2019|50004724020007|001|4300012423|00040|KE050502|1|EA|10000|KRW|10000|20190131|1300|
C|005186|2019|50004724020008|001|4300012423|00050|KE051050|1|EA|12600|KRW|12600|20190131|1300|
C|005186|2019|50004724020009|001|4300012423|00060|KE090106|3|EA|15370|KRW|46110|20190131|1300|
C|005186|2019|50004724020010|001|4300012423|00070|KE090112|2|EA|16800|KRW|33600|20190131|1300|
C|005186|2019|50004724020011|001|4300012423|00080|KE090116|2|EA|28040|KRW|56080|20190131|1300|
C|005186|2019|50004724020012|001|4300012423|00090|KE090136|1|EA|28980|KRW|28980|20190131|1300|
C|005186|2019|50004724020013|001|4300012423|00100|KE190003|10|EA|29300|KRW|293000|20190131|1300|
C|005186|2019|50004724020014|001|4300012423|00110|KE210006|1|EA|53030|KRW|53030|20190131|1300|
C|005186|2019|50004724020015|001|4300012423|00120|KE230003|125|EA|46750|KRW|233750|20190131|1300|
C|005186|2019|50004724020016|001|4300012423|00130|KE231406|12|EA|7140|KRW|85680|20190131|1300|
C|005186|2019|50004724020017|001|4300012423|00140|KE231503|4|EA|1160|KRW|4640|20190131|1300|
C|005186|2019|50004724020018|001|4300012423|00150|KE270300|20|EA|9400|KRW|9400|20190131|1300|
C|005186|2019|50004724020019|001|4300012423|00160|KE270302|4|EA|6900|KRW|27600|20190131|1300|
C|005186|2019|50004724020020|001|4300012440|00040|UHHC0211|50|EA|38000|KRW|1900000|20190131|1300|
C|005186|2019|50004724020021|001|4300012441|00010|UHHC0211|50|EA|38000|KRW|1900000|20190131|1300|
C|005186|2019|50004724030001|001|4300012408|00030|UDFC0003|30|EA|2220|KRW|66600|20190131|1300|
C|005186|2019|50004724030002|001|4300012408|00040|UDBC0642|15|EA|1420|KRW|21300|20190131|1300|
C|005186|2019|50004724030003|001|4300012429|00010|UHGC0016|1|EA|499800|KRW|499800|20190131|1300|
C|005186|2019|50004724030004|001|4300012429|00020|UHEC0041|2|EA|270000|KRW|540000|20190131|1300|
C|005186|2019|50004724030005|001|4300012429|00030|UHNC0134|1|EA|812640|KRW|812640|20190131|1300|
C|005186|2019|50004724030006|001|4300012430|00010|UHHC0017|3|EA|201600|KRW|604800|20190131|1300|
C|005186|2019|50004724030007|001|4300012430|00020|UHNC0117|1|EA|832700|KRW|832700|20190131|1300|
C|005186|2019|50004724030008|001|4300012437|00010|UHDC0021|10|EA|127050|KRW|1270500|20190131|1300|
C|005186|2019|50004724030009|001|4300012437|00020|UHAC0011|1|EA|695000|KRW|695000|20190131|1300|
C|005186|2019|50004724030010|001|4300012438|00010|UHBC0022|1|EA|430360|KRW|430360|20190131|1300|
C|005186|2019|50004724030011|001|4300012438|00020|UHGC0336|2|EA|347000|KRW|694000|20190131|1300|
C|005186|2019|50004724030012|001|4300012438|00030|UHGC0024|5|EA|380500|KRW|380500|20190131|1300|
C|005186|2019|50004724030013|001|4300012438|00040|UAEC0242|2|EA|3330|KRW|6660|20190131|1300|
C|005186|2019|50004724040001|001|4300012447|00010|UEBC1518|2|EA|675000|KRW|1350000|20190131|1300|
C|005186|2019|50004724040002|001|4300012448|00010|UEBC1518|2|EA|675000|KRW|1350000|20190131|1300|
C|005186|2019|50004724040003|001|4300012449|00010|UEBC1279|2|EA|146000|KRW|292000|20190131|1300|
C|005186|2019|50004724040004|001|4300012449|00030|UEBC0254|20|EA|12200|KRW|48800|20190131|1300|
C|005186|2019|50004724040005|001|4300012449|00050|UEBC1026|10|EA|31150|KRW|62300|20190131|1300|
C|005186|2019|50004724040006|001|4300012450|00010|UEBC0066|1|EA|938700|KRW|938700|20190131|1300|
C|005186|2019|50004724040007|001|4300012450|00020|UEBC1329|5|EA|673100|KRW|673100|20190131|1300|
C|005186|2019|50004724040008|001|4300012450|00050|UEBC1332|1|EA|63600|KRW|63600|20190131|1300|
C|005186|2019|50004724040009|001|4300012450|00060|UDCC0064|1|EA|171150|KRW|171150|20190131|1300|
C|005186|2019|50004724040010|001|4300012453|00010|UDCC0054|2|EA|84100|KRW|168200|20190131|1300|
C|005186|2019|50004724040011|001|4300012453|00040|UEBC1391|3|EA|15900|KRW|47700|20190131|1300|
C|005186|2019|50004724040012|001|4300012453|00050|UEBC0699|6|EA|4410|KRW|26460|20190131|1300|
C|005186|2019|50004724040013|001|4300012453|00060|UEBC0656|1|EA|58380|KRW|58380|20190131|1300|
C|005186|2019|50004724040014|001|4300012453|00070|UEBC0655|1|EA|144900|KRW|144900|20190131|1300|
C|005186|2019|50004724040015|001|4300012453|00080|UEBC1413|4|EA|79500|KRW|318000|20190131|1300|
C|005186|2019|50004724040016|001|4300012453|00090|UEBC0774|60|EA|10300|KRW|30900|20190131|1300|
C|005186|2019|50004724040017|001|4300012453|00100|UEBC1177|10|EA|44500|KRW|445000|20190131|1300|
C|005186|2019|50004724040018|001|4300012453|00160|UEBC0240|10|EA|16950|KRW|33900|20190131|1300|
