C|005186|2019|50005023560001|001|4300013912|00010|UFJC0014|3|EA|78750|KRW|236250|20190628|1300|
C|005186|2019|50005023560002|001|4300013912|00020|UHTC0211|1|EA|522900|KRW|522900|20190628|1300|
C|005186|2019|50005023560003|001|4300013912|00030|UHCC0013|2|EA|492450|KRW|984900|20190628|1300|
C|005186|2019|50005023560004|001|4300013913|00010|UHGC0134|2|EA|756000|KRW|1512000|20190628|1300|
C|005186|2019|50005023560005|001|4300013931|00010|UHGC0162|3|EA|126000|KRW|378000|20190628|1300|
C|005186|2019|50005023560006|001|4300013931|00020|UHHC0040|300|M|730800|KRW|730800|20190628|1300|
C|005186|2019|50005023560007|001|4300013932|00010|UHGC0049|5|EA|165000|KRW|165000|20190628|1300|
C|005186|2019|50005023560008|001|4300013932|00020|UHGC0357|1|EA|759000|KRW|759000|20190628|1300|
C|005186|2019|50005023570001|001|4300013937|00030|UFKC0145|1|EA|143400|KRW|143400|20190628|1300|
C|005186|2019|50005023570002|001|4300013938|00010|UHFC0390|1|EA|13580|KRW|13580|20190628|1300|
C|005186|2019|50005023570003|001|4300013939|00030|UGCC0537|2|EA|21000|KRW|42000|20190628|1300|
C|005186|2019|50005023570004|001|4300013950|00040|UKBC0057|9|EA|89000|KRW|801000|20190628|1300|
C|005186|2019|50005023570005|001|4300013951|00010|UJAC0043|28|EA|2100|KRW|58800|20190628|1300|
C|005186|2019|50005023580001|001|4300013711|00020|UHTC0863|1|EA|262500|KRW|262500|20190628|1300|
C|005186|2019|50005023580002|001|4300013846|00020|UHTC0863|1|EA|262500|KRW|0|20190628|1300|
C|005186|2019|50005023580003|001|4300013849|00030|UCKC0167|2|EA|127000|KRW|254000|20190628|1300|
C|005186|2019|50005023580004|001|4300013849|00040|UHTC0869|2|EA|455000|KRW|910000|20190628|1300|
C|005186|2019|50005023590001|001|4300013939|00040|UAEC0245|2|EA|3580|KRW|3580|20190628|1300|
C|005186|2019|50005023590002|001|4300013939|00050|UAEC0246|2|EA|5840|KRW|5840|20190628|1300|
C|005186|2019|50005023590003|001|4300013939|00060|UAEC0247|2|EA|5840|KRW|5840|20190628|1300|
C|005186|2019|50005023590004|001|4300013939|00070|UAEC0251|2|EA|4750|KRW|9500|20190628|1300|
C|005186|2019|50005023590005|001|4300013939|00080|UAEC0405|2|EA|4810|KRW|9620|20190628|1300|
C|005186|2019|50005023590006|001|4300013939|00090|UAEC0413|2|EA|11660|KRW|23320|20190628|1300|
C|005186|2019|50005023590007|001|4300013939|00100|UAEC0252|2|EA|5220|KRW|10440|20190628|1300|
C|005186|2019|50005023590008|001|4300013939|00110|UAEC0253|2|EA|17150|KRW|34300|20190628|1300|
C|005186|2019|50005023590009|001|4300013939|00120|UAJC0064|100|EA|18000|KRW|18000|20190628|1300|
C|005186|2019|50005023590010|001|4300013939|00130|UAJC0065|100|EA|18000|KRW|18000|20190628|1300|
C|005186|2019|50005023590011|001|4300013939|00140|UAJC0063|100|EA|18000|KRW|18000|20190628|1300|
C|005186|2019|50005023590012|001|4300013939|00150|UAJC0044|50|EA|13500|KRW|13500|20190628|1300|
C|005186|2019|50005023590013|001|4300013939|00160|UAJC0047|50|EA|4700|KRW|23500|20190628|1300|
C|005186|2019|50005023610001|001|4300013747|00030|UIEC0024|500|EA|24000|KRW|120000|20190628|1300|
C|005186|2019|50005023610002|001|4300013887|00060|UDCC0057|2|EA|213900|KRW|427800|20190628|1300|
C|005186|2019|50005023610003|001|4300013915|00060|UIDC0031|30|EA|18900|KRW|567000|20190628|1300|
C|005186|2019|50005023620001|001|4300013935|00010|UEBC0041|1|EA|24700|KRW|24700|20190628|1300|
C|005186|2019|50005023620002|001|4300013935|00020|UEBC0175|2|EA|129940|KRW|259880|20190628|1300|
C|005186|2019|50005023620003|001|4300013935|00030|UEBC0176|1|EA|112880|KRW|112880|20190628|1300|
C|005186|2019|50005023620004|001|4300013935|00060|UEBC1410|5|EA|127200|KRW|636000|20190628|1300|
C|005186|2019|50005023620005|001|4300013935|00070|UEBC1263|4|EA|39220|KRW|156880|20190628|1300|
C|005186|2019|50005023620006|001|4300013937|00020|UGCC0709|50|EA|23100|KRW|115500|20190628|1300|
C|005186|2019|50005023620007|001|4300013937|00040|UDBC0904|1|EA|340000|KRW|340000|20190628|1300|
C|005186|2019|50005023620008|001|4300013937|00050|UDBC0903|3|EA|211000|KRW|633000|20190628|1300|
C|005186|2019|50005023630001|001|4300013935|00050|UGBC0878|3|EA|78750|KRW|236250|20190628|1300|
C|005186|2019|50005023630002|001|4300013939|00020|UGBC1473|2|EA|138000|KRW|276000|20190628|1300|
