C|005186|2019|50005337380001|001|4300015323|00030|UEBC1636|60|EA|2420|KRW|145200|20191128|1300|
C|005186|2019|50005337380002|001|4300015371|00010|UDBC0709|22|EA|3680|KRW|80960|20191128|1300|
C|005186|2019|50005337380003|001|4300015371|00020|UICC0056|8|EA|57200|KRW|114400|20191128|1300|
C|005186|2019|50005337380004|001|4300015371|00080|UDAC0358|1|EA|75300|KRW|75300|20191128|1300|
C|005186|2019|50005337380005|001|4300015372|00010|UKBC0007|5|EA|87700|KRW|87700|20191128|1300|
C|005186|2019|50005337380006|001|4300015373|00030|UDAC0079|10|EA|21050|KRW|42100|20191128|1300|
C|005186|2019|50005337380007|001|4300015373|00040|UEBC1344|20|EA|20200|KRW|404000|20191128|1300|
C|005186|2019|50005337380008|001|4300015373|00050|UEBC1345|20|EA|20700|KRW|414000|20191128|1300|
C|005186|2019|50005337380009|001|4300015373|00060|UEBC0680|10|EA|58800|KRW|588000|20191128|1300|
C|005186|2019|50005337380010|001|4300015374|00010|UEBC1650|8|EA|175850|KRW|1406800|20191128|1300|
C|005186|2019|50005337380011|001|4300015374|00020|UDBC1123|100|EA|300|KRW|3000|20191128|1300|
C|005186|2019|50005337390001|001|4300015360|00020|UKCC0003|20|EA|4520|KRW|90400|20191128|1300|
C|005186|2019|50005337390002|001|4300015364|00110|UZZC0014|10|EA|4730|KRW|4730|20191128|1300|
C|005186|2019|50005337390003|001|4300015367|00090|UZZC0020|50|EA|33500|KRW|33500|20191128|1300|
C|005186|2019|50005337390004|001|4300015385|00040|UDBC0054|40|EA|25600|KRW|51200|20191128|1300|
C|005186|2019|50005337390005|001|4300015385|00050|UDBC0569|60|EA|27000|KRW|81000|20191128|1300|
C|005186|2019|50005337390006|001|4300015385|00060|UDBC0055|40|EA|28400|KRW|56800|20191128|1300|
C|005186|2019|50005337390007|001|4300015385|00070|UDBC0891|50|EA|13300|KRW|66500|20191128|1300|
C|005186|2019|50005337390008|001|4300015385|00080|UDBC0035|200|EA|30000|KRW|60000|20191128|1300|
C|005186|2019|50005337390009|001|4300015408|00010|UGBC1222|1|EA|54450|KRW|54450|20191128|1300|
C|005186|2019|50005337390010|001|4300015409|00060|UKDC0003|10|EA|70560|KRW|705600|20191128|1300|
C|005186|2019|50005337400001|001|4300015371|00040|UCKC0137|1|EA|60700|KRW|60700|20191128|1300|
C|005186|2019|50005337400002|001|4300015375|00010|UCGC0005|1|EA|1134000|KRW|1134000|20191128|1300|
C|005186|2019|50005337400003|001|4300015383|00020|UEBC1633|4|EA|72700|KRW|290800|20191128|1300|
C|005186|2019|50005337400004|001|4300015383|00030|UEBC1634|2|EA|173700|KRW|347400|20191128|1300|
C|005186|2019|50005337400005|001|4300015384|00050|UDBC1126|1|EA|166500|KRW|166500|20191128|1300|
C|005186|2019|50005337400006|001|4300015384|00060|UEAC1148|2|EA|190000|KRW|380000|20191128|1300|
C|005186|2019|50005337410001|001|4300015373|00010|UIDC0046|1|EA|69230|KRW|69230|20191128|1300|
C|005186|2019|50005337410002|001|4300015373|00070|UJCC0034|1|EA|16800|KRW|16800|20191128|1300|
C|005186|2019|50005337410003|001|4300015376|00010|UFGC0069|10|EA|7400|KRW|74000|20191128|1300|
C|005186|2019|50005337410004|001|4300015376|00020|UDAC0427|50|EA|630000|KRW|630000|20191128|1300|
C|005186|2019|50005337410005|001|4300015376|00030|UAEC0516|1|EA|16460|KRW|16460|20191128|1300|
C|005186|2019|50005337410006|001|4300015384|00020|UAEC0519|2|EA|10130|KRW|20260|20191128|1300|
C|005186|2019|50005337410007|001|4300015384|00030|UAEC0520|2|EA|10340|KRW|20680|20191128|1300|
C|005186|2019|50005337410008|001|4300015385|00030|UCHC0039|2|EA|114450|KRW|228900|20191128|1300|
C|005186|2019|50005337410009|001|4300015385|00090|UDBC0726|400|EA|1400|KRW|56000|20191128|1300|
C|005186|2019|50005337410010|001|4300015385|00100|UAGC0050|10|EA|22300|KRW|22300|20191128|1300|
