C|005186|2015|50001282650001|001|4300002031|00020|UHTC0697|6|EA|66200|KRW|397200|20150131|1300|
C|005186|2015|50001282660001|001|4300002011|00730|UHTC0094|1|EA|446250|KRW|446250|20150131|1300|
C|005186|2015|50001282660002|001|4300002025|00290|UGCC0812|2|EA|33160|KRW|66320|20150131|1300|
C|005186|2015|50001282660003|001|4300002025|00320|UGCC0275|1|EA|37700|KRW|37700|20150131|1300|
C|005186|2015|50001282660004|001|4300002025|00370|UGCC0290|1|EA|289800|KRW|289800|20150131|1300|
C|005186|2015|50001282660005|001|4300002025|00450|UGCC0765|1|EA|98300|KRW|98300|20150131|1300|
C|005186|2015|50001282660006|001|4300002025|00500|UGCC0913|2|EA|202000|KRW|404000|20150131|1300|
C|005186|2015|50001282660007|001|4300002025|00510|UGBC1156|5|EA|57250|KRW|286250|20150131|1300|
C|005186|2015|50001282660008|001|4300002025|00520|UGCC0317|1|EA|204440|KRW|204440|20150131|1300|
C|005186|2015|50001282660009|001|4300002041|00040|UGBC0880|5|EA|70560|KRW|352800|20150131|1300|
C|005186|2015|50001282660010|001|4300002041|00070|UGBC0912|10|EA|36225|KRW|362250|20150131|1300|
C|005186|2015|50001282660011|001|4300002044|00010|UGCC0847|2|EA|147870|KRW|295740|20150131|1300|
C|005186|2015|50001282670001|001|4300002011|00260|UGBC1409|5|EA|4300|KRW|21500|20150131|1300|
C|005186|2015|50001282670002|001|4300002011|00640|UGBC0609|5|EA|6400|KRW|32000|20150131|1300|
C|005186|2015|50001282670003|001|4300002011|00650|UGBC1232|5|EA|16900|KRW|84500|20150131|1300|
C|005186|2015|50001282670004|001|4300002025|00010|UCIC0035|1|EA|652700|KRW|652700|20150131|1300|
C|005186|2015|50001282670005|001|4300002025|00100|UGBC1409|5|EA|4300|KRW|21500|20150131|1300|
C|005186|2015|50001282670006|001|4300002025|00120|UGBC0279|3|EA|168000|KRW|504000|20150131|1300|
C|005186|2015|50001282670007|001|4300002025|00130|UGBC0200|20|EA|4100|KRW|82000|20150131|1300|
C|005186|2015|50001282670008|001|4300002025|00140|UGBC1279|1|EA|242500|KRW|242500|20150131|1300|
C|005186|2015|50001282670009|001|4300002025|00150|UGBC1370|2|EA|429000|KRW|858000|20150131|1300|
C|005186|2015|50001282670010|001|4300002025|00160|UGBC0544|5|EA|26250|KRW|131250|20150131|1300|
C|005186|2015|50001282670011|001|4300002025|00170|UGBC0074|5|EA|3150|KRW|15750|20150131|1300|
C|005186|2015|50001282670012|001|4300002025|00180|UGBC1278|1|EA|379000|KRW|379000|20150131|1300|
C|005186|2015|50001282670013|001|4300002025|00190|UGCC0264|1|EA|619500|KRW|619500|20150131|1300|
C|005186|2015|50001282670014|001|4300002025|00200|UFKC0131|1|EA|374000|KRW|374000|20150131|1300|
C|005186|2015|50001282670015|001|4300002025|00210|UGBC0646|2|EA|493500|KRW|987000|20150131|1300|
C|005186|2015|50001282670016|001|4300002025|00220|UGBC0646|1|EA|493500|KRW|493500|20150131|1300|
C|005186|2015|50001282670017|001|4300002025|00250|UCIC0102|1|EA|252000|KRW|252000|20150131|1300|
C|005186|2015|50001282670018|001|4300002025|00530|UCIC0033|1|EA|840000|KRW|840000|20150131|1300|
C|005186|2015|50001282670019|001|4300002025|00540|UGBC1356|5|EA|5940|KRW|29700|20150131|1300|
C|005186|2015|50001282670020|001|4300002025|00550|UGBC0127|10|EA|1010|KRW|10100|20150131|1300|
C|005186|2015|50001282670021|001|4300002025|00560|UCIC0042|2|EA|143100|KRW|286200|20150131|1300|
C|005186|2015|50001282670022|001|4300002025|00570|UCIC0116|2|EA|84300|KRW|168600|20150131|1300|
C|005186|2015|50001282670023|001|4300002029|00030|UCIC0061|1|EA|337890|KRW|337890|20150131|1300|
C|005186|2015|50001282670024|001|4300002041|00010|UGCC0731|2|EA|52640|KRW|105280|20150131|1300|
C|005186|2015|50001282670025|001|4300002041|00050|UGBC0519|1|EA|147000|KRW|147000|20150131|1300|
C|005186|2015|50001282670026|001|4300002041|00060|UGBC1346|1|EA|52700|KRW|52700|20150131|1300|
C|005186|2015|50001282670027|001|4300002041|00090|UGBC0160|10|EA|320|KRW|3200|20150131|1300|
C|005186|2015|50001282670028|001|4300002041|00100|UGBC0161|10|EA|420|KRW|4200|20150131|1300|
C|005186|2015|50001282670029|001|4300002041|00110|UGBC0827|5|EA|57750|KRW|288750|20150131|1300|
C|005186|2015|50001282680001|001|4300002068|00010|UDAC0294|11|EA|11700|KRW|128700|20150131|1300|
C|005186|2015|50001282680002|001|4300002068|00030|UGCC0279|5|EA|47300|KRW|236500|20150131|1300|
C|005186|2015|50001282680003|001|4300002068|00040|UGBC1284|15|EA|12630|KRW|189450|20150131|1300|
C|005186|2015|50001282690001|001|4300002068|00080|UHDC0066|5|EA|99750|KRW|498750|20150131|1300|
C|005186|2015|50001282690002|001|4300002068|00090|UHFC0360|3|EA|45675|KRW|137025|20150131|1300|
C|005186|2015|50001282690003|001|4300002069|00010|UHFC0399|1|EA|944000|KRW|944000|20150131|1300|
C|005186|2015|50001282690004|001|4300002069|00030|UHDC0059|5|EA|55650|KRW|278250|20150131|1300|
C|005186|2015|50001282690005|001|4300002069|00050|UHFC0336|2|EA|82950|KRW|165900|20150131|1300|
