C|005186|2019|50004859830001|001|4300013289|00010|KH990100|4|EA|27220|KRW|108880|20190411|1300|
C|005186|2019|50004859830002|001|4300013289|00020|KH990101|6|EA|7250|KRW|43500|20190411|1300|
C|005186|2019|50004859830003|001|4300013289|00040|KT020003|2|EA|5600|KRW|11200|20190411|1300|
C|005186|2019|50004859830004|001|4300013289|00050|KT020004|1|EA|5600|KRW|5600|20190411|1300|
C|005186|2019|50004859830005|001|4300013289|00060|KT020005|2|EA|5640|KRW|11280|20190411|1300|
C|005186|2019|50004859830006|001|4300013289|00070|KT020009|2|EA|8030|KRW|16060|20190411|1300|
C|005186|2019|50004859830007|001|4300013289|00080|KT020011|2|EA|10400|KRW|20800|20190411|1300|
C|005186|2019|50004859830008|001|4300013289|00090|KT020013|2|EA|13110|KRW|26220|20190411|1300|
C|005186|2019|50004859830009|001|4300013289|00100|KT020016|1|EA|18620|KRW|18620|20190411|1300|
C|005186|2019|50004859830010|001|4300013289|00110|KT020017|2|EA|18730|KRW|37460|20190411|1300|
C|005186|2019|50004859830011|001|4300013289|00120|KT020018|1|EA|22630|KRW|22630|20190411|1300|
C|005186|2019|50004859830012|001|4300013289|00130|KT020019|1|EA|23570|KRW|23570|20190411|1300|
C|005186|2019|50004859830013|001|4300013289|00140|KT020020|1|EA|27800|KRW|27800|20190411|1300|
C|005186|2019|50004859830014|001|4300013289|00150|KT020023|1|EA|32400|KRW|32400|20190411|1300|
C|005186|2019|50004859830015|001|4300013289|00160|KT020611|1|EA|28140|KRW|28140|20190411|1300|
C|005186|2019|50004859830016|001|4300013289|00170|KT020700|30|EA|2680|KRW|80400|20190411|1300|
C|005186|2019|50004859830017|001|4300013289|00180|KT020704|11|EA|610|KRW|6710|20190411|1300|
C|005186|2019|50004859830018|001|4300013289|00190|KT020705|3|EA|1390|KRW|4170|20190411|1300|
C|005186|2019|50004859830019|001|4300013289|00200|KT080311|1|EA|72980|KRW|72980|20190411|1300|
C|005186|2019|50004859830020|001|4300013289|00210|KT080520|7|EA|2760|KRW|19320|20190411|1300|
C|005186|2019|50004859830021|001|4300013289|00220|KT990010|40|EA|3700|KRW|14800|20190411|1300|
C|005186|2019|50004859840001|001|4300013280|00010|UAEC0508|3|EA|2110|KRW|6330|20190411|1300|
C|005186|2019|50004859840002|001|4300013284|00050|UEBC1039|3|EA|16840|KRW|50520|20190411|1300|
C|005186|2019|50004859840003|001|4300013284|00060|UEBC1512|6|EA|25310|KRW|151860|20190411|1300|
C|005186|2019|50004859840004|001|4300013284|00100|UDFC0106|10|EA|13700|KRW|13700|20190411|1300|
C|005186|2019|50004859840005|001|4300013284|00110|UDFC0107|10|EA|13700|KRW|13700|20190411|1300|
C|005186|2019|50004859840006|001|4300013284|00120|UDFC0108|10|EA|13700|KRW|13700|20190411|1300|
C|005186|2019|50004859840007|001|4300013284|00130|UDBC0777|10|EA|8070|KRW|80700|20190411|1300|
C|005186|2019|50004859840008|001|4300013284|00140|UDBC0707|10|EA|1880|KRW|18800|20190411|1300|
C|005186|2019|50004859840009|001|4300013284|00150|UEBC1352|6|EA|3870|KRW|23220|20190411|1300|
C|005186|2019|50004859840010|001|4300013284|00160|UDFC0171|20|EA|30000|KRW|30000|20190411|1300|
C|005186|2019|50004859840011|001|4300013295|00040|UDBC0763|1|EA|64742|KRW|64742|20190411|1300|
C|005186|2019|50004859840012|001|4300013295|00110|UEBC0159|4|EA|54600|KRW|218400|20190411|1300|
C|005186|2019|50004859840013|001|4300013296|00020|UDBC0783|100|EA|2100|KRW|2100|20190411|1300|
C|005186|2019|50004859840014|001|4300013296|00030|UAHC0046|1|EA|280350|KRW|280350|20190411|1300|
C|005186|2019|50004859840015|001|4300013296|00040|UAHC0045|1|EA|91350|KRW|91350|20190411|1300|
C|005186|2019|50004859850001|001|4300013196|00030|UGCC1512|10|EA|141750|KRW|283500|20190411|1300|
C|005186|2019|50004859850002|001|4300013281|00010|UJCC0060|300|EA|59000|KRW|177000|20190411|1300|
C|005186|2019|50004859850003|001|4300013281|00050|UAEC0047|2|EA|21000|KRW|42000|20190411|1300|
C|005186|2019|50004859850004|001|4300013285|00010|UKEC0091|30|EA|12700|KRW|38100|20190411|1300|
C|005186|2019|50004859850005|001|4300013285|00030|UCKC0025|5|EA|78500|KRW|78500|20190411|1300|
C|005186|2019|50004859850006|001|4300013285|00040|UAGC0030|6|EA|38720|KRW|116160|20190411|1300|
C|005186|2019|50004859850007|001|4300013285|00060|UAAC0035|3|EA|46540|KRW|139620|20190411|1300|
C|005186|2019|50004859850008|001|4300013285|00070|UAHC0025|20|EA|76600|KRW|153200|20190411|1300|
C|005186|2019|50004859850009|001|4300013285|00080|UAHC0038|20|EA|76600|KRW|153200|20190411|1300|
C|005186|2019|50004859850010|001|4300013286|00020|UHTC0771|1|EA|18600|KRW|18600|20190411|1300|
C|005186|2019|50004859850011|001|4300013293|00010|UAIC0024|1|EA|11690|KRW|11690|20190411|1300|
C|005186|2019|50004859860001|001|4300013195|00010|UGBC1743|20|EA|414750|KRW|1659000|20190411|1300|
C|005186|2019|50004859870001|001|4300013290|00010|KS061502|4|EA|2970|KRW|11880|20190411|1300|
C|005186|2019|50004859870002|001|4300013290|00020|KS061503|3|EA|3150|KRW|9450|20190411|1300|
C|005186|2019|50004859870003|001|4300013290|00030|KS066900|2|EA|1290|KRW|2580|20190411|1300|
C|005186|2019|50004859870004|001|4300013290|00040|KS066906|5|EA|2970|KRW|14850|20190411|1300|
C|005186|2019|50004859870005|001|4300013290|00050|KS067001|2|EA|1400|KRW|2800|20190411|1300|
C|005186|2019|50004859870006|001|4300013290|00060|KS067003|4|EA|1550|KRW|6200|20190411|1300|
C|005186|2019|50004859870007|001|4300013290|00070|KS067006|2|EA|3120|KRW|6240|20190411|1300|
C|005186|2019|50004859870008|001|4300013290|00080|KS067205|2|EA|3290|KRW|6580|20190411|1300|
C|005186|2019|50004859870009|001|4300013290|00090|KS067207|1|EA|5780|KRW|5780|20190411|1300|
C|005186|2019|50004859870010|001|4300013290|00100|KS067208|5|EA|7940|KRW|39700|20190411|1300|
C|005186|2019|50004859870011|001|4300013290|00110|KS067210|2|EA|14350|KRW|28700|20190411|1300|
C|005186|2019|50004859870012|001|4300013290|00120|KS080702|1|EA|19850|KRW|19850|20190411|1300|
C|005186|2019|50004859870013|001|4300013290|00130|KS080711|6|EA|32300|KRW|193800|20190411|1300|
C|005186|2019|50004859870014|001|4300013290|00140|KS990008|1|EA|39900|KRW|39900|20190411|1300|
C|005186|2019|50004859890001|001|4300013191|00010|UDAC0052|5|EA|1076250|KRW|1076250|20190411|1300|
C|005186|2019|50004859890002|001|4300013192|00010|UDBC0392|100|EA|19000|KRW|19000|20190411|1300|
C|005186|2019|50004859890003|001|4300013192|00020|UEBC1505|1|EA|454000|KRW|454000|20190411|1300|
C|005186|2019|50004859890004|001|4300013192|00030|UEBC1026|10|EA|31150|KRW|62300|20190411|1300|
C|005186|2019|50004859890005|001|4300013192|00040|UDDC0186|6|EA|32970|KRW|197820|20190411|1300|
C|005186|2019|50004859890006|001|4300013192|00050|UEBC0049|2|EA|266070|KRW|532140|20190411|1300|
C|005186|2019|50004859890007|001|4300013192|00060|UDBC0913|10|EA|42400|KRW|42400|20190411|1300|
C|005186|2019|50004859890008|001|4300013192|00070|UDAC0366|5|EA|625500|KRW|625500|20190411|1300|
C|005186|2019|50004859890009|001|4300013280|00020|UEBC0787|40|EA|17000|KRW|34000|20190411|1300|
C|005186|2019|50004859890010|001|4300013280|00040|UEBC0387|5|EA|64900|KRW|64900|20190411|1300|
C|005186|2019|50004859890011|001|4300013280|00050|UEBC0622|4|EA|18940|KRW|75760|20190411|1300|
C|005186|2019|50004859890012|001|4300013280|00060|UEBC0956|1|EA|65520|KRW|65520|20190411|1300|
C|005186|2019|50004859890013|001|4300013280|00100|UEBC1243|1|EA|255000|KRW|255000|20190411|1300|
C|005186|2019|50004859890014|001|4300013280|00110|UGBC1727|5|EA|21600|KRW|108000|20190411|1300|
C|005186|2019|50004859890015|001|4300013280|00120|UDBC0052|100|EA|17580|KRW|87900|20190411|1300|
C|005186|2019|50004859890016|001|4300013280|00130|UEBC1408|50|EA|4880|KRW|244000|20190411|1300|
C|005186|2019|50004859890017|001|4300013284|00010|UEBC1572|4|EA|35700|KRW|142800|20190411|1300|
C|005186|2019|50004859890018|001|4300013284|00020|UAEC0050|1|EA|81900|KRW|81900|20190411|1300|
C|005186|2019|50004859890019|001|4300013284|00030|UEBC0178|1|EA|72450|KRW|72450|20190411|1300|
C|005186|2019|50004859890020|001|4300013284|00070|UCIC0081|1|EA|496840|KRW|496840|20190411|1300|
C|005186|2019|50004859890021|001|4300013294|00030|UEBC1195|4|EA|66700|KRW|266800|20190411|1300|
C|005186|2019|50004859890022|001|4300013295|00010|UEAC0158|1|EA|440000|KRW|440000|20190411|1300|
C|005186|2019|50004859890023|001|4300013296|00010|UEAC1131|1|EA|878000|KRW|878000|20190411|1300|
C|005186|2019|50004859890024|001|4300013296|00060|UAJC0007|20|EA|7820|KRW|156400|20190411|1300|
C|005186|2019|50004859890025|001|4300013296|00070|UEBC1020|2|EA|6490|KRW|12980|20190411|1300|
C|005186|2019|50004859890026|001|4300013296|00080|UEBC0166|2|EA|12960|KRW|12960|20190411|1300|
C|005186|2019|50004860000001|001|4300013198|00010|UAGC0562|50|EA|58000|KRW|290000|20190411|1300|
C|005186|2019|50004860000002|001|4300013233|00010|UEBC1505|3|EA|454000|KRW|1362000|20190411|1300|
C|005186|2019|50004860000003|001|4300013286|00010|UEBC1161|6|EA|290000|KRW|1740000|20190411|1300|
C|005186|2019|50004860000004|001|4300013287|00020|UALC0033|10|EA|14700|KRW|14700|20190411|1300|
C|005186|2019|50004860000005|001|4300013292|00010|UEBC0061|3|EA|619500|KRW|1858500|20190411|1300|
C|005186|2019|50004860010001|001|4300013193|00060|UJAC0142|400|EA|316000|KRW|1264000|20190411|1300|
C|005186|2019|50004860010002|001|4300013234|00010|UBEC0007|4|EA|112200|KRW|448800|20190411|1300|
C|005186|2019|50004860010003|001|4300013281|00020|UJBC0009|40|EA|14700|KRW|588000|20190411|1300|
C|005186|2019|50004860010004|001|4300013284|00080|UJAC0072|2|EA|25200|KRW|25200|20190411|1300|
C|005186|2019|50004860010005|001|4300013284|00090|UJAC0073|2|EA|26260|KRW|26260|20190411|1300|
C|005186|2019|50004860020001|001|4300013289|00030|KS990007|4|EA|51450|KRW|205800|20190411|1300|
C|005186|2019|50004860030001|001|4300013294|00020|UEAC0169|1|EA|641000|KRW|641000|20190411|1300|
