C|005186|2020|50005980190001|001|4300018350|00010|UCGC0006|1|EA|1155000|KRW|1155000|20201031|1300|
C|005186|2020|50005980190002|001|4300018374|00020|UZZC0038|3|EA|12600|KRW|37800|20201031|1300|
C|005186|2020|50005980190003|001|4300018378|00010|UGCC0914|100|EA|635000|KRW|1270000|20201031|1300|
C|005186|2020|50005980190004|001|4300018381|00030|UDAC0251|2|EA|24300|KRW|48600|20201031|1300|
C|005186|2020|50005980190005|001|4300018381|00070|UAJC0024|1|EA|40850|KRW|40850|20201031|1300|
C|005186|2020|50005980190006|001|4300018407|00010|UEAC0168|1|EA|456000|KRW|456000|20201031|1300|
C|005186|2020|50005980190007|001|4300018407|00020|UGCC1832|2|EA|91350|KRW|182700|20201031|1300|
C|005186|2020|50005980190008|001|4300018407|00030|UCKC0177|1|EA|39900|KRW|39900|20201031|1300|
C|005186|2020|50005980190009|001|4300018407|00040|UCKC0178|1|EA|924000|KRW|924000|20201031|1300|
C|005186|2020|50005980190010|001|4300018408|00010|UEAC1176|1|EA|1447740|KRW|1447740|20201031|1300|
C|005186|2020|50005980190011|001|4300018409|00010|UEBC1799|1|EA|1801800|KRW|1801800|20201031|1300|
C|005186|2020|50005980190012|001|4300018410|00010|UEBC1800|2|EA|787500|KRW|1575000|20201031|1300|
C|005186|2020|50005980200001|001|4300018374|00010|UHTC0234|2|EA|47250|KRW|94500|20201031|1300|
C|005186|2020|50005980200002|001|4300018379|00030|UHTC0486|5|EA|46410|KRW|232050|20201031|1300|
C|005186|2020|50005980310001|001|4300018137|00100|UGBC0279|2|EA|168000|KRW|336000|20201031|1300|
C|005186|2020|50005980310002|001|4300018165|00010|UGBC1814|15|EA|9490|KRW|142350|20201031|1300|
C|005186|2020|50005980310003|001|4300018166|00010|UGBC1827|1|EA|1207500|KRW|1207500|20201031|1300|
C|005186|2020|50005980310004|001|4300018167|00010|UGBC1827|1|EA|1207500|KRW|1207500|20201031|1300|
C|005186|2020|50005980310005|001|4300018168|00010|UCIC0249|1|EA|997500|KRW|997500|20201031|1300|
C|005186|2020|50005980310006|001|4300018255|00010|UCIC0194|1|EA|1370000|KRW|1370000|20201031|1300|
C|005186|2020|50005980310007|001|4300018256|00040|UGBC1340|5|EA|17900|KRW|89500|20201031|1300|
C|005186|2020|50005980310008|001|4300018315|00010|UGBC0264|10|EA|27300|KRW|273000|20201031|1300|
C|005186|2020|50005980310009|001|4300018315|00020|UGBC1478|10|EA|6550|KRW|65500|20201031|1300|
C|005186|2020|50005980310010|001|4300018315|00030|UGBC0281|2|EA|141750|KRW|283500|20201031|1300|
C|005186|2020|50005980310011|001|4300018315|00040|UGBC0275|2|EA|126000|KRW|252000|20201031|1300|
C|005186|2020|50005980310012|001|4300018316|00010|UCIC0172|1|EA|1852000|KRW|1852000|20201031|1300|
C|005186|2020|50005980320001|001|4300018333|00010|UCIC0048|1|EA|526400|KRW|526400|20201031|1300|
C|005186|2020|50005980320002|001|4300018333|00020|UCIC0117|1|EA|84000|KRW|84000|20201031|1300|
C|005186|2020|50005980320003|001|4300018333|00030|UGBC1621|4|EA|328600|KRW|1314400|20201031|1300|
C|005186|2020|50005980320004|001|4300018334|00010|UGBC1621|6|EA|328600|KRW|1971600|20201031|1300|
C|005186|2020|50005980320005|001|4300018381|00010|UBCC0036|10|EA|52500|KRW|105000|20201031|1300|
C|005186|2020|50005980320006|001|4300018381|00020|UBCC0039|6|EA|37800|KRW|113400|20201031|1300|
C|005186|2020|50005980320007|001|4300018381|00050|UGBC1278|2|EA|379000|KRW|758000|20201031|1300|
C|005186|2020|50005980320008|001|4300018381|00060|UCIC0048|1|EA|526400|KRW|526400|20201031|1300|
C|005186|2020|50005980320009|001|4300018412|00030|UGBC1704|1|EA|259700|KRW|259700|20201031|1300|
C|005186|2020|50005980320010|001|4300018412|00040|UGBC0205|5|EA|16420|KRW|82100|20201031|1300|
