C|005186|2015|50001872270001|001|4300003516|00010|UZZC0097|2|EA|70760|KRW|141520|20150930|1300|
C|005186|2015|50001872270002|001|4300003516|00020|UAGC0323|10|EA|14180|KRW|141800|20150930|1300|
C|005186|2015|50001872270003|001|4300003516|00040|UKEC0091|20|EA|1270|KRW|25400|20150930|1300|
C|005186|2015|50001872270004|001|4300003516|00050|UAAC0001|20|EA|1890|KRW|37800|20150930|1300|
C|005186|2015|50001872270005|001|4300003516|00080|UZZC0148|50|EA|13200|KRW|660000|20150930|1300|
C|005186|2015|50001872270006|001|4300003518|00010|UEBC1225|5|EA|40700|KRW|203500|20150930|1300|
C|005186|2015|50001872270007|001|4300003518|00030|UAEC0127|1|EA|4540|KRW|4540|20150930|1300|
C|005186|2015|50001872270008|001|4300003518|00040|UAEC0114|1|EA|12290|KRW|12290|20150930|1300|
C|005186|2015|50001872270009|001|4300003518|00050|UAEC0014|1|EA|9000|KRW|9000|20150930|1300|
C|005186|2015|50001872270010|001|4300003518|00060|UAEC0146|3|EA|84210|KRW|252630|20150930|1300|
C|005186|2015|50001872270011|001|4300003518|00070|UKBC0010|2|EA|91480|KRW|182960|20150930|1300|
C|005186|2015|50001872270012|001|4300003518|00080|UZZC0097|3|EA|70760|KRW|212280|20150930|1300|
C|005186|2015|50001872270013|001|4300003518|00110|UAAC0023|1|EA|14070|KRW|14070|20150930|1300|
C|005186|2015|50001872270014|001|4300003518|00120|UAIC0034|2|EA|25230|KRW|50460|20150930|1300|
C|005186|2015|50001872270015|001|4300003518|00130|UGCC0242|10|EA|14180|KRW|141800|20150930|1300|
C|005186|2015|50001872270016|001|4300003519|00010|UCAC0010|3|EA|19690|KRW|59070|20150930|1300|
C|005186|2015|50001872270017|001|4300003519|00030|UKBC0010|3|EA|91480|KRW|274440|20150930|1300|
C|005186|2015|50001872270018|001|4300003519|00060|UAEC0049|1|EA|9900|KRW|9900|20150930|1300|
C|005186|2015|50001872270019|001|4300003519|00070|UAEC0078|2|EA|10530|KRW|21060|20150930|1300|
C|005186|2015|50001872270020|001|4300003519|00080|UAEC0037|4|EA|4520|KRW|18080|20150930|1300|
C|005186|2015|50001872270021|001|4300003519|00090|UAEC0038|4|EA|4520|KRW|18080|20150930|1300|
C|005186|2015|50001872270022|001|4300003519|00100|UKCC0003|20|EA|4520|KRW|90400|20150930|1300|
C|005186|2015|50001872270023|001|4300003519|00110|UAEC0191|1|EA|173250|KRW|173250|20150930|1300|
C|005186|2015|50001872270024|001|4300003520|00030|UAEC0212|2|EA|4100|KRW|8200|20150930|1300|
C|005186|2015|50001872270025|001|4300003520|00040|UAEC0213|2|EA|4100|KRW|8200|20150930|1300|
C|005186|2015|50001872280001|001|4300003515|00010|KE180203|30|EA|13650|KRW|409500|20150930|1300|
C|005186|2015|50001872280002|001|4300003516|00070|UCKC0035|15|EA|44520|KRW|667800|20150930|1300|
C|005186|2015|50001872280003|001|4300003519|00040|UHTC0233|5|EA|29900|KRW|149500|20150930|1300|
C|005186|2015|50001872280004|001|4300003519|00050|UHTC0246|20|EA|8470|KRW|169400|20150930|1300|
C|005186|2015|50001872280005|001|4300003520|00010|UHDC0114|30|EA|23940|KRW|718200|20150930|1300|
C|005186|2015|50001872280006|001|4300003520|00020|UHDC0115|30|EA|23940|KRW|718200|20150930|1300|
C|005186|2015|50001872280007|001|4300003527|00020|UHGC0139|3|EA|561750|KRW|1685250|20150930|1300|
C|005186|2015|50001872290001|001|4300003521|00010|UHFC0048|2|EA|22050|KRW|44100|20150930|1300|
C|005186|2015|50001872290002|001|4300003521|00020|UHGC0134|1|EA|756000|KRW|756000|20150930|1300|
C|005186|2015|50001872290003|001|4300003521|00030|UHGC0129|1|EA|612680|KRW|612680|20150930|1300|
C|005186|2015|50001872290004|001|4300003521|00040|UHFC0182|2|EA|103000|KRW|206000|20150930|1300|
C|005186|2015|50001872290005|001|4300003521|00050|UHFC0183|2|EA|103000|KRW|206000|20150930|1300|
C|005186|2015|50001872290006|001|4300003521|00060|UHFC0051|5|EA|20580|KRW|102900|20150930|1300|
C|005186|2015|50001872290007|001|4300003522|00010|UHCC0039|4|EA|395800|KRW|1583200|20150930|1300|
C|005186|2015|50001872290008|001|4300003522|00040|UHGC0188|5|EA|34650|KRW|173250|20150930|1300|
C|005186|2015|50001872290009|001|4300003523|00010|UHFC0019|20|EA|85050|KRW|1701000|20150930|1300|
C|005186|2015|50001872290010|001|4300003524|00010|UHDC0019|10|EA|36750|KRW|367500|20150930|1300|
C|005186|2015|50001872290011|001|4300003524|00020|UHNC0113|1|EA|772800|KRW|772800|20150930|1300|
C|005186|2015|50001872290012|001|4300003524|00030|UHFC0139|2|EA|198000|KRW|396000|20150930|1300|
C|005186|2015|50001872290013|001|4300003524|00040|UHNC0080|1|EA|286320|KRW|286320|20150930|1300|
C|005186|2015|50001872290014|001|4300003525|00010|UHFC0032|1|EA|998550|KRW|998550|20150930|1300|
C|005186|2015|50001872290015|001|4300003525|00020|UHFC0276|1|EA|452000|KRW|452000|20150930|1300|
C|005186|2015|50001872290016|001|4300003525|00030|UHNC0108|3|EA|92400|KRW|277200|20150930|1300|
C|005186|2015|50001872290017|001|4300003525|00040|UHFC0103|5|EA|48130|KRW|240650|20150930|1300|
C|005186|2015|50001872290018|001|4300003526|00030|UHHC0017|3|EA|201600|KRW|604800|20150930|1300|
C|005186|2015|50001872290019|001|4300003526|00040|UHNC0122|3|EA|195800|KRW|587400|20150930|1300|
C|005186|2015|50001872290020|001|4300003526|00050|UHOC0004|3|EA|20580|KRW|61740|20150930|1300|
