C|005186|2019|50005334070001|001|4300015030|00030|UDDC0046|10|EA|136000|KRW|272000|20191128|1300|
C|005186|2019|50005334080001|001|4300014456|00070|UJCC0043|10000|EA|210000|KRW|420000|20191128|1300|
C|005186|2019|50005334090001|001|4300015174|00010|UHHC0111|1|EA|702450|KRW|702450|20191128|1300|
C|005186|2019|50005334090002|001|4300015174|00020|UHTC0545|2|EA|150500|KRW|301000|20191128|1300|
C|005186|2019|50005334090003|001|4300015174|00030|UHTC0835|2|EA|440000|KRW|880000|20191128|1300|
C|005186|2019|50005334090004|001|4300015175|00010|UHTC0570|3|EA|71400|KRW|214200|20191128|1300|
C|005186|2019|50005334090005|001|4300015175|00020|UHTC0810|4|EA|76850|KRW|307400|20191128|1300|
C|005186|2019|50005334090006|001|4300015175|00030|UHFC0136|5|EA|54800|KRW|274000|20191128|1300|
C|005186|2019|50005334090007|001|4300015182|00010|UHHC0136|2|EA|96600|KRW|193200|20191128|1300|
C|005186|2019|50005334090008|001|4300015182|00020|UHGC0269|1|EA|416850|KRW|416850|20191128|1300|
C|005186|2019|50005334090009|001|4300015182|00030|UHGC0258|1|EA|1000000|KRW|1000000|20191128|1300|
C|005186|2019|50005334090010|001|4300015182|00040|UGCC0231|2|EA|298200|KRW|596400|20191128|1300|
C|005186|2019|50005334090011|001|4300015183|00010|UHHC0100|1|EA|495012|KRW|495012|20191128|1300|
C|005186|2019|50005334090012|001|4300015183|00020|UHHC0008|1|EA|1013800|KRW|1013800|20191128|1300|
C|005186|2019|50005334090013|001|4300015232|00010|UHDC0260|3|EA|660000|KRW|1980000|20191128|1300|
C|005186|2019|50005334090014|001|4300015233|00010|UHOC0003|3|EA|310800|KRW|932400|20191128|1300|
C|005186|2019|50005334090015|001|4300015234|00010|UHTC0250|20|EA|887300|KRW|1774600|20191128|1300|
