C|005186|2014|50000947130001|001|4300001671|00010|CMA0001|400|EA|240|KRW|96000|20140831|1300|
C|005186|2014|50000947130002|001|4300001671|00020|CMA0007|300|EA|270|KRW|81000|20140831|1300|
C|005186|2014|50000947130003|001|4300001671|00030|CMA0015|50|EA|2830|KRW|141500|20140831|1300|
C|005186|2014|50000947130004|001|4300001671|00040|CMA0016|200|EA|2840|KRW|568000|20140831|1300|
C|005186|2014|50000947130005|001|4300001671|00050|CMB0001|200|EA|655|KRW|131000|20140831|1300|
C|005186|2014|50000947130006|001|4300001671|00060|CMB0007|20|EA|925|KRW|18500|20140831|1300|
C|005186|2014|50000947130007|001|4300001671|00070|CMB0010|240|EA|1100|KRW|264000|20140831|1300|
C|005186|2014|50000947130008|001|4300001671|00080|CMC0005|200|EA|190|KRW|38000|20140831|1300|
C|005186|2014|50000947130009|001|4300001671|00100|CME0004|5|EA|11550|KRW|57750|20140831|1300|
C|005186|2014|50000947130010|001|4300001671|00110|CME0005|10|EA|3465|KRW|34650|20140831|1300|
C|005186|2014|50000947130011|001|4300001671|00120|CME0008|20|EA|4410|KRW|88200|20140831|1300|
C|005186|2014|50000947130012|001|4300001671|00130|CME0010|200|EA|285|KRW|57000|20140831|1300|
C|005186|2014|50000947130013|001|4300001672|00010|CMA0001|400|EA|240|KRW|96000|20140831|1300|
C|005186|2014|50000947130014|001|4300001672|00030|CMA0007|300|EA|270|KRW|81000|20140831|1300|
C|005186|2014|50000947130015|001|4300001672|00050|CMB0010|240|EA|1100|KRW|264000|20140831|1300|
C|005186|2014|50000947130016|001|4300001672|00060|CMC0003|50|EA|340|KRW|17000|20140831|1300|
C|005186|2014|50000947130017|001|4300001672|00070|CME0010|60|EA|285|KRW|17100|20140831|1300|
C|005186|2014|50000947140001|001|4300001659|00190|CMG0001|200|EA|1840|KRW|368000|20140831|1300|
C|005186|2014|50000947140002|001|4300001672|00120|CMG0001|20|EA|1840|KRW|36800|20140831|1300|
C|005186|2014|50000947150001|001|4300001654|00010|CMA0001|40|EA|240|KRW|9600|20140831|1300|
C|005186|2014|50000947150002|001|4300001659|00010|CMA0001|700|EA|240|KRW|168000|20140831|1300|
C|005186|2014|50000947150003|001|4300001659|00020|CMA0005|10|EA|2470|KRW|24700|20140831|1300|
C|005186|2014|50000947150004|001|4300001659|00030|CMA0007|200|EA|270|KRW|54000|20140831|1300|
C|005186|2014|50000947150005|001|4300001659|00040|CMA0008|250|EA|690|KRW|172500|20140831|1300|
C|005186|2014|50000947150006|001|4300001659|00060|CMB0001|80|EA|655|KRW|52400|20140831|1300|
C|005186|2014|50000947150007|001|4300001659|00070|CMB0003|80|EA|2420|KRW|193600|20140831|1300|
C|005186|2014|50000947150008|001|4300001659|00080|CMB0010|100|EA|1100|KRW|110000|20140831|1300|
C|005186|2014|50000947150009|001|4300001659|00090|CMC0005|200|EA|190|KRW|38000|20140831|1300|
C|005186|2014|50000947150010|001|4300001659|00120|CME0005|5|EA|3465|KRW|17325|20140831|1300|
C|005186|2014|50000947150011|001|4300001659|00130|CME0006|20|EA|3400|KRW|68000|20140831|1300|
C|005186|2014|50000947150012|001|4300001665|00010|CMA0001|200|EA|240|KRW|48000|20140831|1300|
C|005186|2014|50000947150013|001|4300001665|00020|CMA0007|250|EA|270|KRW|67500|20140831|1300|
C|005186|2014|50000947150014|001|4300001665|00030|CMA0008|20|EA|690|KRW|13800|20140831|1300|
C|005186|2014|50000947150015|001|4300001665|00040|CMA0016|20|EA|2840|KRW|56800|20140831|1300|
C|005186|2014|50000947150016|001|4300001665|00050|CMB0002|100|EA|2420|KRW|242000|20140831|1300|
C|005186|2014|50000947150017|001|4300001665|00060|CMC0005|10|EA|190|KRW|1900|20140831|1300|
C|005186|2014|50000947150018|001|4300001665|00070|CME0001|12|EA|4910|KRW|58920|20140831|1300|
C|005186|2014|50000947150019|001|4300001665|00080|CME0010|20|EA|285|KRW|5700|20140831|1300|
C|005186|2014|50000947150020|001|4300001666|00010|CMA0001|300|EA|240|KRW|72000|20140831|1300|
C|005186|2014|50000947150021|001|4300001666|00020|CMA0007|100|EA|270|KRW|27000|20140831|1300|
C|005186|2014|50000947150022|001|4300001666|00030|CMA0008|220|EA|690|KRW|151800|20140831|1300|
C|005186|2014|50000947150023|001|4300001666|00040|CMB0001|100|EA|655|KRW|65500|20140831|1300|
C|005186|2014|50000947150024|001|4300001666|00050|CMB0002|20|EA|2420|KRW|48400|20140831|1300|
C|005186|2014|50000947150025|001|4300001666|00060|CMB0003|20|EA|2420|KRW|48400|20140831|1300|
C|005186|2014|50000947150026|001|4300001666|00070|CMC0002|5|EA|9350|KRW|46750|20140831|1300|
C|005186|2014|50000947150027|001|4300001666|00080|CMC0005|30|EA|190|KRW|5700|20140831|1300|
C|005186|2014|50000947150028|001|4300001666|00090|CME0002|10|EA|2300|KRW|23000|20140831|1300|
C|005186|2014|50000947150029|001|4300001666|00100|CME0010|150|EA|285|KRW|42750|20140831|1300|
C|005186|2014|50000947160001|001|4300001648|00010|CMA0001|80|EA|240|KRW|19200|20140831|1300|
C|005186|2014|50000947160002|001|4300001648|00020|CMA0007|220|EA|270|KRW|59400|20140831|1300|
C|005186|2014|50000947160003|001|4300001648|00030|CMH0007|1|EA|11700|KRW|11700|20140831|1300|
C|005186|2014|50000947160004|001|4300001648|00040|CMB0001|20|EA|655|KRW|13100|20140831|1300|
C|005186|2014|50000947160005|001|4300001648|00050|CMB0010|80|EA|1100|KRW|88000|20140831|1300|
C|005186|2014|50000947160006|001|4300001648|00060|CME0004|3|EA|11550|KRW|34650|20140831|1300|
C|005186|2014|50000947160007|001|4300001648|00070|CMC0005|5|EA|190|KRW|950|20140831|1300|
C|005186|2014|50000947160008|001|4300001648|00090|CMZ0032|3|EA|1970|KRW|5910|20140831|1300|
C|005186|2014|50000947160009|001|4300001648|00100|CMF0003|2|EA|1820|KRW|3640|20140831|1300|
C|005186|2014|50000947160010|001|4300001651|00010|CMA0001|80|EA|240|KRW|19200|20140831|1300|
C|005186|2014|50000947160011|001|4300001651|00020|CMA0007|40|EA|270|KRW|10800|20140831|1300|
C|005186|2014|50000947160012|001|4300001651|00030|CMA0008|40|EA|690|KRW|27600|20140831|1300|
C|005186|2014|50000947160013|001|4300001651|00040|CMB0001|40|EA|655|KRW|26200|20140831|1300|
C|005186|2014|50000947160014|001|4300001651|00050|CMD0001|4|EA|9555|KRW|38220|20140831|1300|
C|005186|2014|50000947160015|001|4300001651|00060|CME0010|40|EA|285|KRW|11400|20140831|1300|
C|005186|2014|50000947160016|001|4300001651|00080|CMF0013|10|EA|760|KRW|7600|20140831|1300|
C|005186|2014|50000947160017|001|4300001651|00090|CMF0022|2|EA|5400|KRW|10800|20140831|1300|
C|005186|2014|50000947160018|001|4300001652|00010|CMA0001|320|EA|240|KRW|76800|20140831|1300|
C|005186|2014|50000947160019|001|4300001652|00020|CMA0007|30|EA|270|KRW|8100|20140831|1300|
C|005186|2014|50000947160020|001|4300001652|00030|CMA0017|10|EA|780|KRW|7800|20140831|1300|
C|005186|2014|50000947160021|001|4300001652|00040|CME0010|60|EA|285|KRW|17100|20140831|1300|
C|005186|2014|50000947160022|001|4300001652|00050|CME0013|2|EA|20300|KRW|40600|20140831|1300|
C|005186|2014|50000947160023|001|4300001652|00070|CMH0007|1|EA|11700|KRW|11700|20140831|1300|
C|005186|2014|50000947160024|001|4300001652|00080|CMD0010|2|EA|23000|KRW|46000|20140831|1300|
C|005186|2014|50000947160025|001|4300001653|00010|CMA0001|10|EA|240|KRW|2400|20140831|1300|
C|005186|2014|50000947160026|001|4300001653|00020|CMA0007|50|EA|270|KRW|13500|20140831|1300|
C|005186|2014|50000947160027|001|4300001653|00030|CMB0010|50|EA|1100|KRW|55000|20140831|1300|
C|005186|2014|50000947160028|001|4300001653|00040|CMZ0014|1|EA|23300|KRW|23300|20140831|1300|
C|005186|2014|50000947160029|001|4300001653|00050|CMG0001|2|EA|1840|KRW|3680|20140831|1300|
C|005186|2014|50000947170001|001|4300001662|00010|CMA0001|200|EA|240|KRW|48000|20140831|1300|
C|005186|2014|50000947170002|001|4300001662|00020|CMA0007|200|EA|270|KRW|54000|20140831|1300|
C|005186|2014|50000947170003|001|4300001662|00030|CME0005|60|EA|3465|KRW|207900|20140831|1300|
C|005186|2014|50000947170004|001|4300001662|00040|CMZ0001|120|EA|765|KRW|91800|20140831|1300|
C|005186|2014|50000947170005|001|4300001662|00050|CMF0003|10|EA|1820|KRW|18200|20140831|1300|
C|005186|2014|50000947180001|001|4300001650|00010|CMA0001|70|EA|240|KRW|16800|20140831|1300|
C|005186|2014|50000947180002|001|4300001650|00020|CMA0007|110|EA|270|KRW|29700|20140831|1300|
C|005186|2014|50000947180003|001|4300001650|00030|CMA0008|40|EA|690|KRW|27600|20140831|1300|
C|005186|2014|50000947180004|001|4300001650|00040|CMB0001|20|EA|655|KRW|13100|20140831|1300|
C|005186|2014|50000947180005|001|4300001650|00050|CMA0017|20|EA|780|KRW|15600|20140831|1300|
C|005186|2014|50000947180006|001|4300001650|00060|CMF0001|20|EA|1680|KRW|33600|20140831|1300|
C|005186|2014|50000947180007|001|4300001650|00070|CME0010|20|EA|285|KRW|5700|20140831|1300|
C|005186|2014|50000947180008|001|4300001650|00100|CME0001|20|EA|4910|KRW|98200|20140831|1300|
C|005186|2014|50000947180009|001|4300001676|00010|CMF0003|20|EA|1820|KRW|36400|20140831|1300|
C|005186|2014|50000947190001|001|4300001650|00090|CMD0016|2|EA|30450|KRW|60900|20140831|1300|
C|005186|2014|50000947190002|001|4300001658|00090|CMD0016|1|EA|30450|KRW|30450|20140831|1300|
C|005186|2014|50000947190003|001|4300001659|00100|CMD0011|4|EA|24150|KRW|96600|20140831|1300|
C|005186|2014|50000947190004|001|4300001659|00110|CMD0012|1|EA|29400|KRW|29400|20140831|1300|
C|005186|2014|50000947190005|001|4300001667|00080|CMD0016|6|EA|30450|KRW|182700|20140831|1300|
C|005186|2014|50000947190006|001|4300001671|00090|CMD0011|3|EA|24150|KRW|72450|20140831|1300|
C|005186|2014|50000947200001|001|4300001310|00050|CMD0011|3|EA|24150|KRW|72450|20140831|1300|
C|005186|2014|50000947210001|001|4300001648|00080|CMF0005|1|EA|20700|KRW|20700|20140831|1300|
C|005186|2014|50000947210002|001|4300001650|00080|CMF0005|2|EA|20700|KRW|41400|20140831|1300|
C|005186|2014|50000947210003|001|4300001651|00070|CMF0005|2|EA|20700|KRW|41400|20140831|1300|
C|005186|2014|50000947210004|001|4300001652|00060|CMF0005|3|EA|20700|KRW|62100|20140831|1300|
C|005186|2014|50000947210005|001|4300001656|00130|CMF0005|7|EA|20700|KRW|144900|20140831|1300|
C|005186|2014|50000947210006|001|4300001657|00130|CMF0005|2|EA|20700|KRW|41400|20140831|1300|
C|005186|2014|50000947210007|001|4300001659|00160|CMF0005|10|EA|20700|KRW|207000|20140831|1300|
C|005186|2014|50000947210008|001|4300001665|00090|CMF0005|3|EA|20700|KRW|62100|20140831|1300|
C|005186|2014|50000947210009|001|4300001669|00090|CMF0005|2|EA|20700|KRW|41400|20140831|1300|
C|005186|2014|50000947210010|001|4300001671|00150|CMF0005|5|EA|20700|KRW|103500|20140831|1300|
C|005186|2014|50000947210011|001|4300001672|00090|CMF0005|2|EA|20700|KRW|41400|20140831|1300|
C|005186|2014|50000947220001|001|4300001635|00010|CMD0016|1|EA|30450|KRW|30450|20140831|1300|
C|005186|2014|50000947230001|001|4300001636|00010|CMF0008|5|EA|1785|KRW|8925|20140831|1300|
C|005186|2014|50000947240001|001|4300001571|00100|CMF0005|3|EA|20700|KRW|62100|20140831|1300|
C|005186|2014|50000947240002|001|4300001577|00070|CMF0005|2|EA|20700|KRW|41400|20140831|1300|
C|005186|2014|50000947240003|001|4300001579|00170|CMF0005|5|EA|20700|KRW|103500|20140831|1300|
C|005186|2014|50000947240004|001|4300001581|00080|CMF0005|2|EA|20700|KRW|41400|20140831|1300|
C|005186|2014|50000947240005|001|4300001583|00070|CMF0005|5|EA|20700|KRW|103500|20140831|1300|
C|005186|2014|50000947240006|001|4300001598|00130|CMF0005|5|EA|20700|KRW|103500|20140831|1300|
C|005186|2014|50000947240007|001|4300001599|00130|CMF0005|2|EA|20700|KRW|41400|20140831|1300|
C|005186|2014|50000947240008|001|4300001601|00170|CMF0005|10|EA|20700|KRW|207000|20140831|1300|
C|005186|2014|50000947250001|001|4300001529|00020|CMD0011|1|EA|24150|KRW|24150|20140831|1300|
C|005186|2014|50000947260001|001|4300001543|00010|CMD0016|5|EA|30450|KRW|152250|20140831|1300|
C|005186|2014|50000947270001|001|4300001541|00100|CMD0013|1|EA|22460|KRW|22460|20140831|1300|
C|005186|2014|50000947280001|001|4300001541|00090|CMD0012|2|EA|29400|KRW|58800|20140831|1300|
C|005186|2014|50000947290001|001|4300001541|00080|CMD0016|4|EA|30450|KRW|121800|20140831|1300|
C|005186|2014|50000947290002|001|4300001544|00040|CMD0016|1|EA|30450|KRW|30450|20140831|1300|
C|005186|2014|50000947290003|001|4300001545|00010|CMD0016|2|EA|30450|KRW|60900|20140831|1300|
