C|005186|2016|50002227910001|001|4300004306|00010|UGBC1464|2|EA|954000|KRW|1908000|20160130|1300|
C|005186|2016|50002227910002|001|4300004310|00070|UGBC0287|30|EA|2210|KRW|66300|20160130|1300|
C|005186|2016|50002227910003|001|4300004312|00030|UGBC0661|1|EA|535500|KRW|535500|20160130|1300|
C|005186|2016|50002227910004|001|4300004356|00020|UGBC1464|1|EA|954000|KRW|954000|20160130|1300|
C|005186|2016|50002227910005|001|4300004362|00030|UGBC1398|10|EA|78500|KRW|785000|20160130|1300|
C|005186|2016|50002227920001|001|4300004362|00020|UGBC0342|2|EA|280350|KRW|560700|20160130|1300|
C|005186|2016|50002227920002|001|4300004365|00010|UGBC1004|3|EA|224700|KRW|674100|20160130|1300|
C|005186|2016|50002227920003|001|4300004367|00030|UDFC0072|10|EA|73690|KRW|736900|20160130|1300|
C|005186|2016|50002227930001|001|4300004350|00090|KS067209|1|EA|10720|KRW|10720|20160130|1300|
C|005186|2016|50002227930002|001|4300004365|00030|UEBC1154|10|EA|71000|KRW|710000|20160130|1300|
C|005186|2016|50002227930003|001|4300004365|00050|UDBC0679|4|EA|1690|KRW|6760|20160130|1300|
C|005186|2016|50002227930004|001|4300004366|00120|UEBC1129|6|EA|72900|KRW|437400|20160130|1300|
C|005186|2016|50002227930005|001|4300004366|00130|UEBC0625|4|EA|23560|KRW|94240|20160130|1300|
C|005186|2016|50002227930006|001|4300004366|00140|UEBC0858|1|EA|78750|KRW|78750|20160130|1300|
C|005186|2016|50002227930007|001|4300004367|00020|UEBC1110|10|EA|41500|KRW|415000|20160130|1300|
C|005186|2016|50002227930008|001|4300004367|00050|UDDC0157|4|EA|25935|KRW|103740|20160130|1300|
C|005186|2016|50002227930009|001|4300004369|00020|UGCC0267|3|EA|316000|KRW|948000|20160130|1300|
C|005186|2016|50002227930010|001|4300004371|00010|UEBC1090|100|EA|2000|KRW|200000|20160130|1300|
C|005186|2016|50002227930011|001|4300004371|00020|UEBC1093|50|EA|740|KRW|37000|20160130|1300|
C|005186|2016|50002227930012|001|4300004393|00030|UDBC0309|200|EA|158|KRW|31600|20160130|1300|
C|005186|2016|50002227930013|001|4300004393|00040|UDBC0404|500|EA|52|KRW|26000|20160130|1300|
C|005186|2016|50002227930014|001|4300004393|00060|UDBC0410|200|EA|90|KRW|18000|20160130|1300|
C|005186|2016|50002227930015|001|4300004393|00070|UDBC0412|200|EA|100|KRW|20000|20160130|1300|
C|005186|2016|50002227930016|001|4300004393|00080|UDBC0415|200|EA|137|KRW|27400|20160130|1300|
C|005186|2016|50002227930017|001|4300004393|00090|UDBC0419|500|EA|80|KRW|40000|20160130|1300|
C|005186|2016|50002227930018|001|4300004393|00100|UDBC0425|200|EA|85|KRW|17000|20160130|1300|
C|005186|2016|50002227930019|001|4300004393|00110|UDBC0427|200|EA|120|KRW|24000|20160130|1300|
C|005186|2016|50002227930020|001|4300004393|00120|UDBC0429|200|EA|159|KRW|31800|20160130|1300|
C|005186|2016|50002227930021|001|4300004393|00130|UDBC0386|100|EA|410|KRW|41000|20160130|1300|
C|005186|2016|50002227930022|001|4300004393|00140|UDBC0166|100|EA|514|KRW|51400|20160130|1300|
C|005186|2016|50002227930023|001|4300004393|00150|UDBC0366|500|EA|8|KRW|4000|20160130|1300|
C|005186|2016|50002227930024|001|4300004393|00200|UDBC0353|100|EA|95|KRW|9500|20160130|1300|
C|005186|2016|50002227930025|001|4300004393|00210|UDBC0317|500|EA|9|KRW|4500|20160130|1300|
C|005186|2016|50002227930026|001|4300004393|00240|UDBC0308|100|EA|46|KRW|4600|20160130|1300|
C|005186|2016|50002227940001|001|4300004432|00030|CMD0016|1|EA|30450|KRW|30450|20160130|1300|
C|005186|2016|50002227950001|001|4300004428|00010|CMD0016|1|EA|30450|KRW|30450|20160130|1300|
C|005186|2016|50002227950002|001|4300004428|00020|CMD0011|1|EA|24150|KRW|24150|20160130|1300|
C|005186|2016|50002227960001|001|4300004415|00060|CMD0016|10|EA|30450|KRW|304500|20160130|1300|
C|005186|2016|50002227960002|001|4300004415|00170|CMD0011|1|EA|24150|KRW|24150|20160130|1300|
