C|005186|2014|50001071690001|001|4300001806|00090|UGCC0894|200|EA|4220|KRW|844000|20141031|1300|
C|005186|2014|50001071690002|001|4300001806|00280|UDAC0052|5|EA|215250|KRW|1076250|20141031|1300|
C|005186|2014|50001071690003|001|4300001806|00290|UDAC0053|5|EA|196350|KRW|981750|20141031|1300|
C|005186|2014|50001071690004|001|4300001806|00310|UEBC0043|1|EA|112460|KRW|112460|20141031|1300|
C|005186|2014|50001071700001|001|4300001800|00400|KS990007|10|EA|51450|KRW|514500|20141031|1300|
C|005186|2014|50001071700002|001|4300001804|00060|UGCC0590|20|EA|31050|KRW|621000|20141031|1300|
C|005186|2014|50001071700003|001|4300001804|00100|UJAC0127|8|EA|3030|KRW|24240|20141031|1300|
C|005186|2014|50001071700004|001|4300001804|00380|UZZC0089|200|EA|200|KRW|40000|20141031|1300|
C|005186|2014|50001071700005|001|4300001806|00200|UKBC0014|1|EA|52500|KRW|52500|20141031|1300|
C|005186|2014|50001071700006|001|4300001806|00320|UAEC0389|2|EA|14400|KRW|28800|20141031|1300|
C|005186|2014|50001071700007|001|4300001806|00340|UAGC0136|20|EA|6980|KRW|139600|20141031|1300|
C|005186|2014|50001071700008|001|4300001806|00350|UAGC0441|10|EA|8020|KRW|80200|20141031|1300|
C|005186|2014|50001071700009|001|4300001806|00370|UADC0016|1|EA|12180|KRW|12180|20141031|1300|
C|005186|2014|50001071700010|001|4300001806|00380|UACC0023|2|EA|220500|KRW|441000|20141031|1300|
C|005186|2014|50001071700011|001|4300001806|00630|UZZC0079|4|EA|10500|KRW|42000|20141031|1300|
C|005186|2014|50001071710001|001|4300001806|00020|UEBC0473|9|EA|11510|KRW|103590|20141031|1300|
C|005186|2014|50001071710002|001|4300001806|00120|UJCC0017|5|EA|3990|KRW|19950|20141031|1300|
C|005186|2014|50001071710003|001|4300001806|00140|UJAC0028|8|EA|44840|KRW|358720|20141031|1300|
C|005186|2014|50001071710004|001|4300001806|00150|UJAC0029|12|EA|49350|KRW|592200|20141031|1300|
C|005186|2014|50001071710005|001|4300001806|00170|UJAC0052|1|EA|54600|KRW|54600|20141031|1300|
C|005186|2014|50001071710006|001|4300001806|00180|UJCC0043|5000|EA|70|KRW|350000|20141031|1300|
C|005186|2014|50001071710007|001|4300001806|00580|UFKC0125|10|EA|36750|KRW|367500|20141031|1300|
C|005186|2014|50001071710008|001|4300001806|00590|UFKC0127|10|EA|22310|KRW|223100|20141031|1300|
C|005186|2014|50001071710009|001|4300001806|00620|UEBC0433|4|EA|107000|KRW|428000|20141031|1300|
C|005186|2014|50001071730001|001|4300001806|00040|UDDC0266|4|EA|8090|KRW|32360|20141031|1300|
C|005186|2014|50001071730002|001|4300001806|00050|UAEC0143|2|EA|79800|KRW|159600|20141031|1300|
C|005186|2014|50001071730003|001|4300001806|00600|UGCC0737|1|EA|1769000|KRW|1769000|20141031|1300|
C|005186|2014|50001071730004|001|4300001806|00610|UAKC0025|5|EA|8000|KRW|40000|20141031|1300|
C|005186|2014|50001071730005|001|4300001806|00640|UAGC0323|10|EA|14180|KRW|141800|20141031|1300|
C|005186|2014|50001071730006|001|4300001806|00650|UKEC0091|20|EA|1270|KRW|25400|20141031|1300|
C|005186|2014|50001071730007|001|4300001806|00660|UAAC0001|20|EA|1890|KRW|37800|20141031|1300|
C|005186|2014|50001071730008|001|4300001806|00680|UAEC0095|3|EA|22630|KRW|67890|20141031|1300|
C|005186|2014|50001071740001|001|4300001806|00220|UGBC0748|50|EA|452|KRW|22600|20141031|1300|
C|005186|2014|50001071740002|001|4300001806|00230|UGBC0749|30|EA|520|KRW|15600|20141031|1300|
C|005186|2014|50001071740003|001|4300001806|00240|UGBC0751|20|EA|1370|KRW|27400|20141031|1300|
C|005186|2014|50001071740004|001|4300001806|00250|UGCC0088|1|EA|661500|KRW|661500|20141031|1300|
C|005186|2014|50001071740005|001|4300001806|00300|UJAC0054|1|EA|10290|KRW|10290|20141031|1300|
C|005186|2014|50001071740006|001|4300001806|00390|UGCC0220|20|EA|2289|KRW|45780|20141031|1300|
C|005186|2014|50001071740007|001|4300001806|00400|UGCC0206|50|EA|3490|KRW|174500|20141031|1300|
C|005186|2014|50001071740008|001|4300001806|00410|UGCC0207|20|EA|3630|KRW|72600|20141031|1300|
C|005186|2014|50001071740009|001|4300001806|00420|UGCC0208|20|EA|4180|KRW|83600|20141031|1300|
C|005186|2014|50001071740010|001|4300001806|00430|UGCC0209|20|EA|3290|KRW|65800|20141031|1300|
C|005186|2014|50001071740011|001|4300001806|00440|UGCC0210|20|EA|3290|KRW|65800|20141031|1300|
C|005186|2014|50001071740012|001|4300001806|00450|UGCC0211|20|EA|4000|KRW|80000|20141031|1300|
C|005186|2014|50001071740013|001|4300001806|00460|UGCC0212|20|EA|5670|KRW|113400|20141031|1300|
C|005186|2014|50001071740014|001|4300001806|00470|UGCC0213|20|EA|4220|KRW|84400|20141031|1300|
C|005186|2014|50001071740015|001|4300001806|00480|UGCC0214|20|EA|4600|KRW|92000|20141031|1300|
C|005186|2014|50001071740016|001|4300001806|00490|UGCC0215|20|EA|5970|KRW|119400|20141031|1300|
C|005186|2014|50001071740017|001|4300001806|00500|UGCC0216|20|EA|3580|KRW|71600|20141031|1300|
C|005186|2014|50001071740018|001|4300001806|00510|UGCC0226|20|EA|6650|KRW|133000|20141031|1300|
C|005186|2014|50001071740019|001|4300001806|00520|UGBC0757|20|EA|966|KRW|19320|20141031|1300|
C|005186|2014|50001071740020|001|4300001806|00530|UGBC0758|20|EA|1113|KRW|22260|20141031|1300|
C|005186|2014|50001071750001|001|4300001804|00220|UGBC0544|5|EA|26250|KRW|131250|20141031|1300|
C|005186|2014|50001071750002|001|4300001804|00230|UGBC1180|10|EA|10500|KRW|105000|20141031|1300|
C|005186|2014|50001071750003|001|4300001804|00240|UGBC1181|10|EA|14700|KRW|147000|20141031|1300|
C|005186|2014|50001071750004|001|4300001804|00250|UGBC1182|5|EA|23100|KRW|115500|20141031|1300|
C|005186|2014|50001071750005|001|4300001804|00260|UGBC1185|30|EA|780|KRW|23400|20141031|1300|
C|005186|2014|50001071750006|001|4300001804|00270|UGBC1186|20|EA|1170|KRW|23400|20141031|1300|
C|005186|2014|50001071750007|001|4300001804|00280|UGBC1323|20|EA|1260|KRW|25200|20141031|1300|
C|005186|2014|50001071750008|001|4300001804|00290|UGBC0555|20|EA|42000|KRW|840000|20141031|1300|
C|005186|2014|50001071750009|001|4300001804|00300|UGBC0556|10|EA|52500|KRW|525000|20141031|1300|
C|005186|2014|50001071750010|001|4300001804|00310|UGBC0557|5|EA|65100|KRW|325500|20141031|1300|
C|005186|2014|50001071750011|001|4300001804|00320|UGBC0658|10|EA|160650|KRW|1606500|20141031|1300|
C|005186|2014|50001071750012|001|4300001804|00330|UJCC0027|2|EA|100800|KRW|201600|20141031|1300|
C|005186|2014|50001071750013|001|4300001804|00340|UJCC0028|2|EA|100800|KRW|201600|20141031|1300|
C|005186|2014|50001071750014|001|4300001804|00350|UGBC0074|5|EA|3150|KRW|15750|20141031|1300|
C|005186|2014|50001071760001|001|4300001832|00060|UZZC0107|10|EA|35770|KRW|357700|20141031|1300|
C|005186|2014|50001071760002|001|4300001832|00090|UDAC0011|1|EA|41260|KRW|41260|20141031|1300|
C|005186|2014|50001071760003|001|4300001832|00100|UALC0106|50|EA|2625|KRW|131250|20141031|1300|
C|005186|2014|50001071760004|001|4300001832|00200|UJCC0014|500|EA|641|KRW|320500|20141031|1300|
C|005186|2014|50001071760005|001|4300001832|00430|UJAC0005|1|EA|49300|KRW|49300|20141031|1300|
C|005186|2014|50001071760006|001|4300001832|00440|UJAC0004|1|EA|7030|KRW|7030|20141031|1300|
C|005186|2014|50001071760007|001|4300001832|00450|UKEC0018|10|EA|1530|KRW|15300|20141031|1300|
C|005186|2014|50001071770001|001|4300001832|00150|UEBC0656|1|EA|58380|KRW|58380|20141031|1300|
C|005186|2014|50001071770002|001|4300001832|00160|UEBC0773|10|EA|1470|KRW|14700|20141031|1300|
C|005186|2014|50001071770003|001|4300001832|00250|UDBC0242|2|EA|104000|KRW|208000|20141031|1300|
C|005186|2014|50001071770004|001|4300001832|00260|UEBC0918|4|EA|15260|KRW|61040|20141031|1300|
C|005186|2014|50001071770005|001|4300001832|00270|UDBC0391|20|EA|370|KRW|7400|20141031|1300|
C|005186|2014|50001071770006|001|4300001832|00340|UEBC0731|3|EA|19110|KRW|57330|20141031|1300|
C|005186|2014|50001071770007|001|4300001832|00380|UEBC0072|2|EA|138940|KRW|277880|20141031|1300|
C|005186|2014|50001071770008|001|4300001832|00420|UEBC0799|2|EA|42320|KRW|84640|20141031|1300|
C|005186|2014|50001071770009|001|4300001832|00460|UEBC1025|10|EA|1710|KRW|17100|20141031|1300|
C|005186|2014|50001071770010|001|4300001832|00490|UDAC0053|5|EA|196350|KRW|981750|20141031|1300|
C|005186|2014|50001071770011|001|4300001832|00520|UEAC0141|2|EA|35200|KRW|70400|20141031|1300|
C|005186|2014|50001071770012|001|4300001832|00530|UDBC0244|5|EA|172200|KRW|861000|20141031|1300|
C|005186|2014|50001071770013|001|4300001832|00550|UEBC0153|50|EA|7590|KRW|379500|20141031|1300|
C|005186|2014|50001071770014|001|4300001832|00600|UDAC0250|2|EA|17900|KRW|35800|20141031|1300|
C|005186|2014|50001071780001|001|4300001806|00130|UGCC0197|3|EA|236840|KRW|710520|20141031|1300|
C|005186|2014|50001071780002|001|4300001806|00260|UGCC0003|10|EA|6830|KRW|68300|20141031|1300|
C|005186|2014|50001071780003|001|4300001806|00270|UGCC0001|10|EA|6320|KRW|63200|20141031|1300|
