C|005186|2020|50005564670001|001|4300016250|00050|UGCC0273|50|EA|26400|KRW|132000|20200327|1300|
C|005186|2020|50005564670002|001|4300016360|00420|UEBC0718|1|EA|16170|KRW|16170|20200327|1300|
C|005186|2020|50005564670003|001|4300016360|00430|UEBC1562|1|EA|46500|KRW|46500|20200327|1300|
C|005186|2020|50005564670004|001|4300016360|00440|UCKC0137|1|EA|60700|KRW|60700|20200327|1300|
C|005186|2020|50005564670005|001|4300016360|00450|UEBC1086|5|EA|45250|KRW|45250|20200327|1300|
C|005186|2020|50005564670006|001|4300016360|00460|UEBC0331|4|EA|14700|KRW|58800|20200327|1300|
C|005186|2020|50005564670007|001|4300016366|00010|UEBC1471|2|EA|323000|KRW|323000|20200327|1300|
C|005186|2020|50005564670008|001|4300016366|00020|UEBC1470|2|EA|460000|KRW|460000|20200327|1300|
C|005186|2020|50005564670009|001|4300016367|00010|UEBC0011|8|EA|133350|KRW|1066800|20200327|1300|
C|005186|2020|50005564670010|001|4300016367|00020|UEBC0661|3|EA|75690|KRW|227070|20200327|1300|
C|005186|2020|50005564670011|001|4300016371|00010|UEBC1415|1|EA|1900000|KRW|1900000|20200327|1300|
C|005186|2020|50005564670012|001|4300016372|00010|UEBC1079|5|EA|28700|KRW|143500|20200327|1300|
C|005186|2020|50005564670013|001|4300016372|00020|UDAC0053|5|EA|981750|KRW|981750|20200327|1300|
C|005186|2020|50005564670014|001|4300016372|00030|UEBC1125|3|EA|59500|KRW|178500|20200327|1300|
C|005186|2020|50005564670015|001|4300016372|00040|UEBC0223|10|EA|1300|KRW|13000|20200327|1300|
C|005186|2020|50005564670016|001|4300016372|00050|UEBC0260|5|EA|56050|KRW|56050|20200327|1300|
C|005186|2020|50005564670017|001|4300016372|00060|UEBC0246|5|EA|5800|KRW|29000|20200327|1300|
C|005186|2020|50005564670018|001|4300016372|00080|UEBC0358|10|EA|12300|KRW|24600|20200327|1300|
C|005186|2020|50005564670019|001|4300016372|00090|UEBC0526|12|EA|2040|KRW|24480|20200327|1300|
C|005186|2020|50005564670020|001|4300016372|00100|UEBC0718|1|EA|16170|KRW|16170|20200327|1300|
C|005186|2020|50005564670021|001|4300016373|00010|UEBC0071|1|EA|104800|KRW|104800|20200327|1300|
C|005186|2020|50005564670022|001|4300016373|00020|UEBC1413|1|EA|79500|KRW|79500|20200327|1300|
C|005186|2020|50005564670023|001|4300016373|00030|UEBC1076|10|EA|130000|KRW|130000|20200327|1300|
C|005186|2020|50005564670024|001|4300016373|00070|UAEC0183|1|EA|14530|KRW|14530|20200327|1300|
C|005186|2020|50005564670025|001|4300016373|00100|UDAC0307|10|EA|4770|KRW|47700|20200327|1300|
C|005186|2020|50005564670026|001|4300016373|00110|UEBC0662|3|EA|99320|KRW|297960|20200327|1300|
C|005186|2020|50005564670027|001|4300016373|00130|UEBC0832|16|EA|10500|KRW|168000|20200327|1300|
C|005186|2020|50005564670028|001|4300016374|00030|UEBC1164|2|EA|215000|KRW|430000|20200327|1300|
C|005186|2020|50005564670029|001|4300016374|00050|UAEC0331|1|EA|300300|KRW|300300|20200327|1300|
C|005186|2020|50005564680001|001|4300016361|00020|UDAC0012|300|EA|300000|KRW|900000|20200327|1300|
C|005186|2020|50005564680002|001|4300016362|00020|UEBC1085|40|EA|185000|KRW|1480000|20200327|1300|
C|005186|2020|50005564690001|001|4300016189|00010|UEAC0117|2|EA|543900|KRW|1087800|20200327|1300|
C|005186|2020|50005564690002|001|4300016189|00020|UEAC0168|2|EA|456000|KRW|912000|20200327|1300|
C|005186|2020|50005564700001|001|4300015985|00010|UGBC1246|1|EA|1821100|KRW|1821100|20200327|1300|
C|005186|2020|50005564700002|001|4300015986|00010|UGBC1268|1|EA|1050000|KRW|1050000|20200327|1300|
C|005186|2020|50005564700003|001|4300016324|00020|UGBC0531|30|EA|39900|KRW|119700|20200327|1300|
C|005186|2020|50005564700004|001|4300016324|00030|UGBC0553|30|EA|12600|KRW|378000|20200327|1300|
C|005186|2020|50005564700005|001|4300016324|00040|UCIC0051|2|EA|178500|KRW|357000|20200327|1300|
C|005186|2020|50005564700006|001|4300016324|00050|UGBC0436|10|EA|1890|KRW|18900|20200327|1300|
C|005186|2020|50005564700007|001|4300016342|00010|UBCC0044|3|EA|56900|KRW|170700|20200327|1300|
C|005186|2020|50005564700008|001|4300016367|00030|UCEC0012|3|EA|50400|KRW|151200|20200327|1300|
C|005186|2020|50005564910001|001|4300016376|00250|UDBC0801|500|EA|3000|KRW|3000|20200327|1300|
C|005186|2020|50005564910002|001|4300016376|00260|UDBC0319|500|EA|800|KRW|4000|20200327|1300|
C|005186|2020|50005564910003|001|4300016376|00270|UDBC0322|500|EA|1000|KRW|5000|20200327|1300|
C|005186|2020|50005564910004|001|4300016376|00280|UDBC0298|500|EA|1100|KRW|5500|20200327|1300|
C|005186|2020|50005564910005|001|4300016376|00290|UDBC0302|500|EA|3200|KRW|16000|20200327|1300|
C|005186|2020|50005564910006|001|4300016376|00300|UDBC0735|500|EA|800|KRW|4000|20200327|1300|
C|005186|2020|50005564910007|001|4300016376|00310|UDBC0740|500|EA|800|KRW|4000|20200327|1300|
C|005186|2020|50005564910008|001|4300016376|00320|UDBC0746|500|EA|900|KRW|4500|20200327|1300|
C|005186|2020|50005564910009|001|4300016376|00330|UDBC0714|500|EA|1700|KRW|8500|20200327|1300|
C|005186|2020|50005564910010|001|4300016376|00340|UDBC0718|500|EA|4300|KRW|21500|20200327|1300|
C|005186|2020|50005564910011|001|4300016376|00350|UDBC0366|500|EA|800|KRW|4000|20200327|1300|
C|005186|2020|50005564910012|001|4300016376|00360|UDBC0368|500|EA|2100|KRW|10500|20200327|1300|
C|005186|2020|50005564910013|001|4300016376|00370|UDBC0375|500|EA|1600|KRW|8000|20200327|1300|
C|005186|2020|50005564910014|001|4300016376|00380|UDBC0344|500|EA|4700|KRW|23500|20200327|1300|
C|005186|2020|50005564910015|001|4300016376|00390|UDBC0347|500|EA|5600|KRW|28000|20200327|1300|
C|005186|2020|50005564910016|001|4300016376|00400|UDBC0320|500|EA|2600|KRW|13000|20200327|1300|
C|005186|2020|50005564910017|001|4300016376|00410|UDBC0736|500|EA|2000|KRW|10000|20200327|1300|
C|005186|2020|50005564910018|001|4300016376|00420|UDBC0741|500|EA|1800|KRW|9000|20200327|1300|
C|005186|2020|50005564910019|001|4300016376|00430|UDBC0434|500|EA|22000|KRW|110000|20200327|1300|
C|005186|2020|50005564910020|001|4300016376|00440|UDBC0023|500|EA|16800|KRW|84000|20200327|1300|
C|005186|2020|50005564910021|001|4300016376|00450|UDBC0443|500|EA|18900|KRW|94500|20200327|1300|
C|005186|2020|50005564910022|001|4300016376|00460|UDBC0445|500|EA|21000|KRW|105000|20200327|1300|
C|005186|2020|50005564910023|001|4300016376|00470|UDBC0449|500|EA|27000|KRW|135000|20200327|1300|
C|005186|2020|50005564910024|001|4300016376|00480|UDBC0010|300|EA|33600|KRW|100800|20200327|1300|
C|005186|2020|50005564910025|001|4300016376|00490|UDBC0584|500|EA|7700|KRW|38500|20200327|1300|
C|005186|2020|50005564910026|001|4300016376|00500|UDBC0593|500|EA|7000|KRW|35000|20200327|1300|
C|005186|2020|50005564910027|001|4300016376|00510|UDBC0596|500|EA|7400|KRW|37000|20200327|1300|
C|005186|2020|50005564910028|001|4300016376|00520|UDBC0606|500|EA|14700|KRW|73500|20200327|1300|
C|005186|2020|50005564910029|001|4300016376|00530|UDBC0608|500|EA|27000|KRW|135000|20200327|1300|
C|005186|2020|50005564910030|001|4300016376|00540|UDBC0621|500|EA|17100|KRW|85500|20200327|1300|
C|005186|2020|50005564910031|001|4300016376|00550|UDBC0503|300|EA|29500|KRW|88500|20200327|1300|
C|005186|2020|50005564910032|001|4300016376|00560|UDBC0508|300|EA|46000|KRW|138000|20200327|1300|
C|005186|2020|50005564910033|001|4300016376|00570|UDBC0046|300|EA|34000|KRW|102000|20200327|1300|
C|005186|2020|50005564910034|001|4300016376|00580|UDBC0047|300|EA|53700|KRW|161100|20200327|1300|
C|005186|2020|50005564910035|001|4300016376|00590|UDBC0404|500|EA|5200|KRW|26000|20200327|1300|
C|005186|2020|50005564910036|001|4300016376|00600|UDBC0979|500|EA|5000|KRW|25000|20200327|1300|
C|005186|2020|50005564910037|001|4300016376|00610|UDBC0410|500|EA|9000|KRW|45000|20200327|1300|
C|005186|2020|50005564910038|001|4300016376|00620|UDBC0415|500|EA|13700|KRW|68500|20200327|1300|
C|005186|2020|50005564910039|001|4300016376|00630|UDBC0419|500|EA|8000|KRW|40000|20200327|1300|
C|005186|2020|50005564910040|001|4300016376|00640|UDBC0425|500|EA|8500|KRW|42500|20200327|1300|
C|005186|2020|50005564910041|001|4300016376|00650|UDBC0427|500|EA|12000|KRW|60000|20200327|1300|
C|005186|2020|50005564910042|001|4300016376|00660|UDBC0430|500|EA|13700|KRW|68500|20200327|1300|
C|005186|2020|50005564910043|001|4300016376|00670|UDBC0432|500|EA|19100|KRW|95500|20200327|1300|
C|005186|2020|50005564910044|001|4300016377|00010|UDBC0360|10|EA|235|KRW|2350|20200327|1300|
C|005186|2020|50005564910045|001|4300016377|00030|UEBC1213|5|EA|774000|KRW|774000|20200327|1300|
C|005186|2020|50005564910046|001|4300016377|00070|UDBC0399|20|EA|735|KRW|14700|20200327|1300|
C|005186|2020|50005564920001|001|4300016376|00010|UEBC0774|50|EA|5150|KRW|25750|20200327|1300|
C|005186|2020|50005564920002|001|4300016376|00020|UEBC0781|50|EA|6300|KRW|31500|20200327|1300|
C|005186|2020|50005564920003|001|4300016376|00030|UEBC0786|50|EA|15700|KRW|78500|20200327|1300|
C|005186|2020|50005564920004|001|4300016376|00040|UEBC0076|50|EA|18900|KRW|94500|20200327|1300|
C|005186|2020|50005564920005|001|4300016376|00050|UEBC0078|50|EA|19100|KRW|95500|20200327|1300|
C|005186|2020|50005564920006|001|4300016376|00060|UEBC0080|50|EA|27700|KRW|138500|20200327|1300|
C|005186|2020|50005564920007|001|4300016377|00050|UDFC0057|5|EA|13860|KRW|69300|20200327|1300|
C|005186|2020|50005564920008|001|4300016377|00060|UDFC0096|5|EA|6830|KRW|34150|20200327|1300|
C|005186|2020|50005564920009|001|4300016377|00080|UEBC0043|1|EA|112460|KRW|112460|20200327|1300|
C|005186|2020|50005564920010|001|4300016377|00100|UEBC1689|2|EA|346500|KRW|693000|20200327|1300|
C|005186|2020|50005564920011|001|4300016378|00050|UEBC0063|3|EA|144900|KRW|434700|20200327|1300|
C|005186|2020|50005564920012|001|4300016378|00060|UEBC0064|2|EA|181130|KRW|362260|20200327|1300|
C|005186|2020|50005564920013|001|4300016378|00070|UEBC0076|20|EA|18900|KRW|37800|20200327|1300|
C|005186|2020|50005564920014|001|4300016378|00080|UEBC0078|20|EA|19100|KRW|38200|20200327|1300|
C|005186|2020|50005564930001|001|4300016363|00020|UAGC0039|100|EA|84500|KRW|845000|20200327|1300|
C|005186|2020|50005564930002|001|4300016364|00040|UGCC0612|5|EA|3680|KRW|18400|20200327|1300|
C|005186|2020|50005564930003|001|4300016366|00030|UGBC1556|20|EA|5200|KRW|104000|20200327|1300|
C|005186|2020|50005564930004|001|4300016373|00090|UGCC0550|2|EA|19200|KRW|38400|20200327|1300|
C|005186|2020|50005564930005|001|4300016378|00010|UKGC0008|7|EA|2940|KRW|20580|20200327|1300|
C|005186|2020|50005564930006|001|4300016378|00020|UCHC0041|10|EA|23625|KRW|47250|20200327|1300|
C|005186|2020|50005564930007|001|4300016379|00020|UEBC0462|8|EA|4240|KRW|33920|20200327|1300|
C|005186|2020|50005564930008|001|4300016379|00030|UEBC0463|10|EA|6960|KRW|69600|20200327|1300|
C|005186|2020|50005564930009|001|4300016381|00030|UKCC0003|40|EA|4520|KRW|180800|20200327|1300|
C|005186|2020|50005564930010|001|4300016381|00040|UHTC0832|3|EA|38370|KRW|115110|20200327|1300|
C|005186|2020|50005564940001|001|4300016363|00010|UCKC0133|4|EA|1054000|KRW|1054000|20200327|1300|
C|005186|2020|50005564940002|001|4300016364|00010|UGCC0894|400|EA|300000|KRW|1200000|20200327|1300|
C|005186|2020|50005564940003|001|4300016375|00010|UCIC0189|2|EA|932000|KRW|1864000|20200327|1300|
C|005186|2020|50005564950001|001|4300016374|00040|UGBC1254|20|EA|4000|KRW|80000|20200327|1300|
C|005186|2020|50005564950002|001|4300016376|00070|UGBC0744|30|EA|5200|KRW|15600|20200327|1300|
C|005186|2020|50005564950003|001|4300016376|00080|UGBC0751|30|EA|13700|KRW|41100|20200327|1300|
C|005186|2020|50005564950004|001|4300016376|00090|UGBC0752|30|EA|6720|KRW|20160|20200327|1300|
C|005186|2020|50005564950005|001|4300016376|00100|UGBC0753|30|EA|7400|KRW|22200|20200327|1300|
C|005186|2020|50005564950006|001|4300016376|00110|UGBC0754|30|EA|9100|KRW|27300|20200327|1300|
C|005186|2020|50005564950007|001|4300016376|00120|UGBC0755|30|EA|10190|KRW|30570|20200327|1300|
C|005186|2020|50005564950008|001|4300016376|00130|UGBC0757|40|EA|9660|KRW|38640|20200327|1300|
C|005186|2020|50005564950009|001|4300016376|00140|UGBC0742|40|EA|8700|KRW|34800|20200327|1300|
C|005186|2020|50005564950010|001|4300016376|00150|UGBC0758|40|EA|11130|KRW|44520|20200327|1300|
C|005186|2020|50005564950011|001|4300016376|00160|UGBC0780|50|EA|5700|KRW|28500|20200327|1300|
C|005186|2020|50005564950012|001|4300016376|00170|UGBC0781|30|EA|5800|KRW|17400|20200327|1300|
C|005186|2020|50005564950013|001|4300016376|00180|UGBC0782|30|EA|7200|KRW|21600|20200327|1300|
C|005186|2020|50005564950014|001|4300016376|00190|UGBC0768|30|EA|6090|KRW|18270|20200327|1300|
C|005186|2020|50005564950015|001|4300016376|00200|UGBC0769|30|EA|8090|KRW|24270|20200327|1300|
C|005186|2020|50005564950016|001|4300016376|00210|UGBC0771|30|EA|8400|KRW|25200|20200327|1300|
C|005186|2020|50005564950017|001|4300016376|00220|UGBC0772|30|EA|9240|KRW|27720|20200327|1300|
C|005186|2020|50005564950018|001|4300016376|00230|UGBC0774|30|EA|11340|KRW|34020|20200327|1300|
C|005186|2020|50005564950019|001|4300016376|00240|UGBC0775|30|EA|11550|KRW|34650|20200327|1300|
C|005186|2020|50005564950020|001|4300016377|00040|UDFC0202|20|EA|21100|KRW|42200|20200327|1300|
C|005186|2020|50005564960001|001|4300016379|00060|UZZC0172|10|EA|47250|KRW|94500|20200327|1300|
C|005186|2020|50005564960002|001|4300016381|00050|UJCC0011|5|EA|810|KRW|4050|20200327|1300|
C|005186|2020|50005564960003|001|4300016381|00060|UJCC0012|5|EA|810|KRW|4050|20200327|1300|
C|005186|2020|50005564970001|001|4300016365|00010|UHDC0097|80|EA|137800|KRW|1102400|20200327|1300|
C|005186|2020|50005564970002|001|4300016365|00020|UHDC0061|100|EA|103000|KRW|1030000|20200327|1300|
C|005186|2020|50005564970003|001|4300016379|00070|UHFC0234|2|EA|12075|KRW|24150|20200327|1300|
C|005186|2020|50005564970004|001|4300016380|00010|UGCC0914|100|EA|635000|KRW|1270000|20200327|1300|
C|005186|2020|50005564970005|001|4300016382|00010|UHHC0211|50|EA|38000|KRW|1900000|20200327|1300|
C|005186|2020|50005564970006|001|4300016383|00010|UHHC0211|50|EA|38000|KRW|1900000|20200327|1300|
C|005186|2020|50005564970007|001|4300016384|00010|UHHC0211|50|EA|38000|KRW|1900000|20200327|1300|
C|005186|2020|50005564970008|001|4300016385|00010|UHHC0211|50|EA|38000|KRW|1900000|20200327|1300|
C|005186|2020|50005564980001|001|4300016344|00010|UHHC0042|1|EA|655200|KRW|655200|20200327|1300|
C|005186|2020|50005564980002|001|4300016344|00020|UHGC0289|2|EA|645000|KRW|1290000|20200327|1300|
C|005186|2020|50005564990001|001|4300016378|00030|UHTC0752|20|EA|37000|KRW|740000|20200327|1300|
C|005186|2020|50005564990002|001|4300016416|00020|UGCC0623|1|EA|35300|KRW|35300|20200327|1300|
C|005186|2020|50005564990003|001|4300016419|00020|UGCC0547|2|EA|124000|KRW|248000|20200327|1300|
C|005186|2020|50005564990004|001|4300016420|00010|UDBC0449|400|EA|27000|KRW|108000|20200327|1300|
C|005186|2020|50005564990005|001|4300016420|00050|UDBC0646|200|EA|4700|KRW|9400|20200327|1300|
C|005186|2020|50005564990006|001|4300016420|00070|UDBC0251|3|EA|7580|KRW|22740|20200327|1300|
C|005186|2020|50005564990007|001|4300016420|00100|UDBC0686|5|EA|3480|KRW|17400|20200327|1300|
C|005186|2020|50005564990008|001|4300016420|00170|UGBC0779|20|EA|4800|KRW|9600|20200327|1300|
C|005186|2020|50005564990009|001|4300016420|00190|UGBC1254|20|EA|4000|KRW|80000|20200327|1300|
C|005186|2020|50005565000001|001|4300016372|00070|UDDC0103|2|EA|17330|KRW|34660|20200327|1300|
C|005186|2020|50005565000002|001|4300016413|00020|UDFC0172|16|EA|21200|KRW|339200|20200327|1300|
C|005186|2020|50005565000003|001|4300016415|00010|UDAC0042|8|EA|5040|KRW|40320|20200327|1300|
C|005186|2020|50005565000004|001|4300016415|00020|UGAC0112|1|EA|1950000|KRW|1950000|20200327|1300|
