C|005186|2020|50005917820001|001|4300018078|00020|UEBC0018|10|EA|32290|KRW|322900|20200929|1300|
C|005186|2020|50005917820002|001|4300018078|00030|UKAC0056|50|EA|174000|KRW|870000|20200929|1300|
C|005186|2020|50005917820003|001|4300018078|00040|UEBC0021|10|EA|20550|KRW|205500|20200929|1300|
C|005186|2020|50005917820004|001|4300018078|00070|UEBC0382|10|EA|3810|KRW|38100|20200929|1300|
C|005186|2020|50005917820005|001|4300018078|00080|UEBC1115|10|EA|1910|KRW|19100|20200929|1300|
C|005186|2020|50005917820006|001|4300018078|00100|UDBC0555|50|EA|20500|KRW|20500|20200929|1300|
C|005186|2020|50005917820007|001|4300018079|00020|UGCC1116|30|EA|40300|KRW|1209000|20200929|1300|
C|005186|2020|50005917820008|001|4300018079|00040|UEBC1768|5|EA|3021|KRW|15105|20200929|1300|
C|005186|2020|50005917830001|001|4300018051|00020|UAEC0299|2|EA|18900|KRW|37800|20200929|1300|
C|005186|2020|50005917830002|001|4300018052|00010|UAEC0299|3|EA|18900|KRW|56700|20200929|1300|
C|005186|2020|50005917830003|001|4300018075|00020|UAEC0497|5|EA|14440|KRW|72200|20200929|1300|
C|005186|2020|50005917830004|001|4300018075|00040|UZZC0165|5|EA|115940|KRW|579700|20200929|1300|
C|005186|2020|50005917830005|001|4300018075|00050|UAEC0445|2|EA|23640|KRW|47280|20200929|1300|
C|005186|2020|50005917830006|001|4300018076|00140|UKEC0091|20|EA|12700|KRW|25400|20200929|1300|
C|005186|2020|50005917830007|001|4300018078|00060|UAGC0193|100|EA|162750|KRW|325500|20200929|1300|
C|005186|2020|50005917830008|001|4300018079|00010|UAGC0229|10|EA|9470|KRW|94700|20200929|1300|
C|005186|2020|50005917840001|001|4300018125|00030|KT990010|400|EA|3700|KRW|148000|20200929|1300|
C|005186|2020|50005917840002|001|4300018126|00010|UDCC0054|5|EA|84100|KRW|420500|20200929|1300|
C|005186|2020|50005917840003|001|4300018137|00010|UAGC0193|50|EA|162750|KRW|162750|20200929|1300|
C|005186|2020|50005917840004|001|4300018137|00020|UDFC0175|5|EA|35830|KRW|179150|20200929|1300|
C|005186|2020|50005917840005|001|4300018137|00030|UGCC0513|1|EA|80000|KRW|80000|20200929|1300|
C|005186|2020|50005917840006|001|4300018137|00090|UDCC0066|2|EA|80850|KRW|161700|20200929|1300|
