C|005186|2018|50004245080001|001|4300010522|00010|UDBC0169|200|EA|2400|KRW|4800|20180613|1300|
C|005186|2018|50004245080002|001|4300010522|00020|UDBC0460|200|EA|10600|KRW|42400|20180613|1300|
C|005186|2018|50004245080003|001|4300010522|00030|UEBC0175|2|EA|129940|KRW|259880|20180613|1300|
C|005186|2018|50004245080004|001|4300010522|00040|UEAC0001|2|EA|225750|KRW|451500|20180613|1300|
C|005186|2018|50004245080005|001|4300010522|00050|UGCC0266|3|EA|176850|KRW|530550|20180613|1300|
C|005186|2018|50004245080006|001|4300010523|00010|UEBC0250|5|EA|75600|KRW|378000|20180613|1300|
C|005186|2018|50004245080007|001|4300010523|00020|UEBC0371|5|EA|21450|KRW|21450|20180613|1300|
C|005186|2018|50004245080008|001|4300010523|00030|UEAC0120|1|EA|321470|KRW|321470|20180613|1300|
C|005186|2018|50004245080009|001|4300010579|00010|UEBC1129|6|EA|72900|KRW|437400|20180613|1300|
C|005186|2018|50004245080010|001|4300010579|00020|UDBC0845|50|EA|27300|KRW|136500|20180613|1300|
C|005186|2018|50004245080011|001|4300010583|00010|UEBC1339|5|EA|223700|KRW|1118500|20180613|1300|
C|005186|2018|50004245080012|001|4300010583|00020|UEBC1193|10|EA|8250|KRW|16500|20180613|1300|
C|005186|2018|50004245080013|001|4300010584|00030|UICC0007|20|EA|15800|KRW|31600|20180613|1300|
C|005186|2018|50004245080014|001|4300010584|00040|UICC0035|20|EA|49400|KRW|98800|20180613|1300|
C|005186|2018|50004245080015|001|4300010584|00050|UAGC0193|100|EA|162750|KRW|325500|20180613|1300|
C|005186|2018|50004245090001|001|4300010584|00010|UALC0129|100|EA|29400|KRW|294000|20180613|1300|
C|005186|2018|50004245090002|001|4300010585|00020|UEBC1076|150|EA|130000|KRW|1950000|20180613|1300|
C|005186|2018|50004245090003|001|4300010587|00010|UGCC0894|400|EA|300000|KRW|1200000|20180613|1300|
C|005186|2018|50004245090004|001|4300010591|00040|UEBC1141|5|EA|181500|KRW|181500|20180613|1300|
C|005186|2018|50004245090005|001|4300010591|00060|UEBC0076|20|EA|37800|KRW|37800|20180613|1300|
C|005186|2018|50004245090006|001|4300010591|00070|UEBC0078|20|EA|38200|KRW|38200|20180613|1300|
C|005186|2018|50004245090007|001|4300010591|00140|UEBC0063|2|EA|144900|KRW|289800|20180613|1300|
C|005186|2018|50004245090008|001|4300010591|00150|UEBC0064|2|EA|181130|KRW|362260|20180613|1300|
C|005186|2018|50004245090009|001|4300010591|00160|UEBC0358|10|EA|12300|KRW|24600|20180613|1300|
C|005186|2018|50004245090010|001|4300010592|00050|UAEC0233|1|EA|111830|KRW|111830|20180613|1300|
