C|005186|2017|50003613100001|001|4300008179|00010|UZZC0138|100|EA|2420|KRW|242000|20170814|1300|
C|005186|2017|50003613100002|001|4300008179|00050|UDDC0266|3|EA|8090|KRW|24270|20170814|1300|
C|005186|2017|50003613100003|001|4300008180|00040|UDEC0119|5|EA|147600|KRW|738000|20170814|1300|
C|005186|2017|50003613110001|001|4300008166|00040|UAHC0011|1|EA|72980|KRW|72980|20170814|1300|
C|005186|2017|50003613110002|001|4300008178|00040|UEBC1161|4|EA|290000|KRW|1160000|20170814|1300|
C|005186|2017|50003613110003|001|4300008179|00020|UEBC0649|2|EA|124740|KRW|249480|20170814|1300|
C|005186|2017|50003613110004|001|4300008183|00040|UDBC0103|200|EA|83|KRW|16600|20170814|1300|
C|005186|2017|50003613110005|001|4300008184|00030|UGCC0614|10|EA|7350|KRW|73500|20170814|1300|
C|005186|2017|50003613110006|001|4300008184|00050|UJCC0060|300|EA|590|KRW|177000|20170814|1300|
C|005186|2017|50003613110007|001|4300008184|00060|UZZC0106|5|EA|23150|KRW|115750|20170814|1300|
C|005186|2017|50003613110008|001|4300008184|00090|UDBC0452|100|EA|140|KRW|14000|20170814|1300|
C|005186|2017|50003613110009|001|4300008186|00010|UDFC0101|5|EA|16170|KRW|80850|20170814|1300|
C|005186|2017|50003613110010|001|4300008186|00020|UGCC0630|1|EA|36750|KRW|36750|20170814|1300|
C|005186|2017|50003613110011|001|4300008186|00030|UKBC0014|1|EA|52500|KRW|52500|20170814|1300|
C|005186|2017|50003613110012|001|4300008188|00020|UKEC0109|2|EA|1526|KRW|3052|20170814|1300|
C|005186|2017|50003613120001|001|4300008183|00020|UADC0137|1|EA|10420|KRW|10420|20170814|1300|
C|005186|2017|50003613120002|001|4300008183|00030|UAAC0014|2|EA|6820|KRW|13640|20170814|1300|
C|005186|2017|50003613120003|001|4300008183|00050|UAAC0032|10|EA|8798|KRW|87980|20170814|1300|
C|005186|2017|50003613120004|001|4300008183|00060|UHTC0771|3|EA|18600|KRW|55800|20170814|1300|
C|005186|2017|50003613120005|001|4300008184|00010|UGAC0053|2|EA|69880|KRW|139760|20170814|1300|
C|005186|2017|50003613120006|001|4300008184|00020|UGAC0056|3|EA|139760|KRW|419280|20170814|1300|
C|005186|2017|50003613120007|001|4300008184|00040|UIDC0087|4|EA|185260|KRW|741040|20170814|1300|
C|005186|2017|50003613120008|001|4300008184|00070|UAEC0244|20|EA|3140|KRW|62800|20170814|1300|
C|005186|2017|50003613120009|001|4300008184|00080|UAGC0187|1|EA|147000|KRW|147000|20170814|1300|
C|005186|2017|50003613120010|001|4300008188|00010|UGAC0053|2|EA|69880|KRW|139760|20170814|1300|
C|005186|2017|50003613130001|001|4300008183|00010|UGCC0894|600|EA|3000|KRW|1800000|20170814|1300|
C|005186|2017|50003613130002|001|4300008185|00010|UAEC0463|4|EA|168000|KRW|672000|20170814|1300|
C|005186|2017|50003613140001|001|4300008181|00020|CMB0001|200|EA|520|KRW|104000|20170814|1300|
C|005186|2017|50003613140002|001|4300008181|00030|CMG0001|30|EA|1290|KRW|38700|20170814|1300|
C|005186|2017|50003613150001|001|4300008182|00030|CMA0007|400|EA|151|KRW|60400|20170814|1300|
C|005186|2017|50003613150002|001|4300008182|00040|CMA0028|10|EA|7350|KRW|73500|20170814|1300|
C|005186|2017|50003613160001|001|4300008181|00040|CMD0016|5|EA|29000|KRW|145000|20170814|1300|
C|005186|2017|50003613160002|001|4300008181|00050|CMD0011|6|EA|24100|KRW|144600|20170814|1300|
C|005186|2017|50003613160003|001|4300008181|00060|CMD0012|3|EA|22000|KRW|66000|20170814|1300|
C|005186|2017|50003613160004|001|4300008182|00050|CMD0016|10|EA|29000|KRW|290000|20170814|1300|
C|005186|2017|50003613170001|001|4300008233|00010|UGAC0053|2|EA|69880|KRW|139760|20170814|1300|
C|005186|2017|50003613170002|001|4300008240|00010|KH990100|4|EA|27220|KRW|108880|20170814|1300|
C|005186|2017|50003613170003|001|4300008240|00020|KH990101|6|EA|7250|KRW|43500|20170814|1300|
C|005186|2017|50003613170004|001|4300008240|00040|KT020005|4|EA|5640|KRW|22560|20170814|1300|
C|005186|2017|50003613170005|001|4300008240|00050|KT020006|3|EA|6250|KRW|18750|20170814|1300|
C|005186|2017|50003613170006|001|4300008240|00070|KT020008|4|EA|8030|KRW|32120|20170814|1300|
C|005186|2017|50003613170007|001|4300008240|00090|KT020016|1|EA|18620|KRW|18620|20170814|1300|
C|005186|2017|50003613170008|001|4300008240|00100|KT020017|1|EA|18730|KRW|18730|20170814|1300|
C|005186|2017|50003613170009|001|4300008240|00110|KT020018|2|EA|22630|KRW|45260|20170814|1300|
C|005186|2017|50003613170010|001|4300008240|00120|KT020020|1|EA|27800|KRW|27800|20170814|1300|
C|005186|2017|50003613170011|001|4300008240|00130|KT020610|1|EA|29150|KRW|29150|20170814|1300|
C|005186|2017|50003613170012|001|4300008240|00140|KT020613|1|EA|49000|KRW|49000|20170814|1300|
C|005186|2017|50003613170013|001|4300008240|00150|KT020700|25|EA|2680|KRW|67000|20170814|1300|
C|005186|2017|50003613170014|001|4300008240|00160|KT080110|3|EA|25440|KRW|76320|20170814|1300|
C|005186|2017|50003613170015|001|4300008240|00170|KT080500|2|EA|26500|KRW|53000|20170814|1300|
C|005186|2017|50003613170016|001|4300008240|00180|KT990010|110|EA|370|KRW|40700|20170814|1300|
C|005186|2017|50003613180001|001|4300008166|00030|UCAC0043|1|EA|136500|KRW|136500|20170814|1300|
C|005186|2017|50003613180002|001|4300008186|00060|UGBC1246|1|EA|1821100|KRW|1821100|20170814|1300|
C|005186|2017|50003613180003|001|4300008187|00010|UGBC1053|2|EA|42000|KRW|84000|20170814|1300|
C|005186|2017|50003613180004|001|4300008187|00020|UGBC0080|5|EA|14700|KRW|73500|20170814|1300|
C|005186|2017|50003613180005|001|4300008187|00030|UGBC0042|3|EA|15440|KRW|46320|20170814|1300|
C|005186|2017|50003613180006|001|4300008187|00040|UGBC0616|3|EA|11550|KRW|34650|20170814|1300|
C|005186|2017|50003613180007|001|4300008187|00050|UGBC0199|5|EA|29400|KRW|147000|20170814|1300|
C|005186|2017|50003613180008|001|4300008187|00060|UCIC0031|1|EA|432640|KRW|432640|20170814|1300|
C|005186|2017|50003613180009|001|4300008187|00070|UCIC0107|1|EA|336000|KRW|336000|20170814|1300|
C|005186|2017|50003613190001|001|4300008180|00050|UGCC1086|10|EA|26500|KRW|265000|20170814|1300|
C|005186|2017|50003613190002|001|4300008240|00030|KP150400|200|EA|170|KRW|34000|20170814|1300|
