C|005186|2020|50005461900001|001|4300015880|00010|UHHC0213|50|EA|40000|KRW|2000000|20200205|1300|
C|005186|2020|50005461900002|001|4300015881|00010|UHHC0213|50|EA|40000|KRW|2000000|20200205|1300|
C|005186|2020|50005461900003|001|4300015882|00010|UHHC0211|50|EA|38000|KRW|1900000|20200205|1300|
C|005186|2020|50005461900004|001|4300015883|00010|UHGC0088|2|EA|498750|KRW|997500|20200205|1300|
C|005186|2020|50005461900005|001|4300015972|00010|UGCC1678|1|EA|724500|KRW|724500|20200205|1300|
C|005186|2020|50005461900006|001|4300015976|00010|UGCC1678|2|EA|724500|KRW|1449000|20200205|1300|
C|005186|2020|50005461900007|001|4300015981|00040|UGBC1694|1|EA|115500|KRW|115500|20200205|1300|
C|005186|2020|50005461900008|001|4300015981|00050|UGBC0882|1|EA|110250|KRW|110250|20200205|1300|
C|005186|2020|50005463410001|001|4300015963|00010|UHGC0134|2|EA|756000|KRW|1512000|20200205|1300|
C|005186|2020|50005463410002|001|4300015963|00020|UHFC0331|2|EA|83000|KRW|166000|20200205|1300|
C|005186|2020|50005463410003|001|4300015963|00030|UHFC0337|1|EA|104210|KRW|104210|20200205|1300|
C|005186|2020|50005463410004|001|4300015963|00040|UHGC0197|5|EA|180000|KRW|180000|20200205|1300|
C|005186|2020|50005463410005|001|4300015964|00010|UHHC0080|300|M|1011000|KRW|1011000|20200205|1300|
C|005186|2020|50005463410006|001|4300015964|00020|UHGC0294|10|EA|96460|KRW|964600|20200205|1300|
C|005186|2020|50005463410007|001|4300015965|00010|UHDC0260|3|EA|660000|KRW|1980000|20200205|1300|
