C|005186|2020|50005590030001|001|4300016484|00020|UCAC0057|1|EA|191000|KRW|191000|20200409|1300|
C|005186|2020|50005590030002|001|4300016535|00030|UAEC0483|1|EA|43960|KRW|43960|20200409|1300|
C|005186|2020|50005590030003|001|4300016535|00060|UGBC1632|2|EA|20600|KRW|41200|20200409|1300|
C|005186|2020|50005590030004|001|4300016535|00080|UAEC0312|3|EA|11790|KRW|35370|20200409|1300|
C|005186|2020|50005590030005|001|4300016537|00130|UHTC0870|3|EA|85800|KRW|257400|20200409|1300|
C|005186|2020|50005590030006|001|4300016560|00010|UAEC0071|1|EA|37110|KRW|37110|20200409|1300|
C|005186|2020|50005590030007|001|4300016560|00030|UAEC0199|3|EA|6370|KRW|19110|20200409|1300|
C|005186|2020|50005590030008|001|4300016560|00060|UDFC0197|10|EA|6330|KRW|63300|20200409|1300|
C|005186|2020|50005590030009|001|4300016560|00070|UAEC0030|2|EA|15750|KRW|31500|20200409|1300|
C|005186|2020|50005590030010|001|4300016560|00080|UCIC0078|10|EA|7160|KRW|71600|20200409|1300|
C|005186|2020|50005590030011|001|4300016560|00090|UAEC0095|3|EA|22630|KRW|67890|20200409|1300|
C|005186|2020|50005590030012|001|4300016560|00100|UAIC0020|3|EA|28100|KRW|84300|20200409|1300|
C|005186|2020|50005590030013|001|4300016560|00130|UAEC0081|2|EA|11580|KRW|23160|20200409|1300|
C|005186|2020|50005590030014|001|4300016560|00140|UABC0001|2|EA|34335|KRW|68670|20200409|1300|
C|005186|2020|50005590030015|001|4300016560|00150|UABC0036|30|EA|24700|KRW|74100|20200409|1300|
C|005186|2020|50005590030016|001|4300016561|00030|UKEC0091|10|EA|12700|KRW|12700|20200409|1300|
C|005186|2020|50005590030017|001|4300016564|00030|UKEC0116|20|EA|14300|KRW|28600|20200409|1300|
C|005186|2020|50005590030018|001|4300016564|00040|UHFC0145|1|EA|10080|KRW|10080|20200409|1300|
C|005186|2020|50005590030019|001|4300016564|00070|UDFC0197|20|EA|6330|KRW|126600|20200409|1300|
C|005186|2020|50005590030020|001|4300016566|00030|UGBC0465|100|EA|127000|KRW|127000|20200409|1300|
C|005186|2020|50005590030021|001|4300016567|00020|UAEC0462|5|EA|25090|KRW|125450|20200409|1300|
C|005186|2020|50005590030022|001|4300016567|00070|UAEC0025|6|EA|8900|KRW|53400|20200409|1300|
C|005186|2020|50005590030023|001|4300016567|00080|UAEC0249|4|EA|3450|KRW|13800|20200409|1300|
C|005186|2020|50005590040001|001|4300016536|00050|UDDC0131|10|EA|24360|KRW|243600|20200409|1300|
C|005186|2020|50005590040002|001|4300016537|00010|UDDC0133|10|EA|28245|KRW|282450|20200409|1300|
C|005186|2020|50005590040003|001|4300016537|00020|UDDC0136|5|EA|13545|KRW|67725|20200409|1300|
C|005186|2020|50005590040004|001|4300016537|00030|UDDC0132|5|EA|23835|KRW|119175|20200409|1300|
C|005186|2020|50005590040005|001|4300016537|00120|UIDC0121|1|EA|283500|KRW|283500|20200409|1300|
C|005186|2020|50005590050001|001|4300016556|00110|KP100301|1|EA|31200|KRW|31200|20200409|1300|
C|005186|2020|50005590050002|001|4300016556|00120|KT020003|2|EA|5600|KRW|11200|20200409|1300|
C|005186|2020|50005590050003|001|4300016556|00130|KT020006|2|EA|6250|KRW|12500|20200409|1300|
C|005186|2020|50005590050004|001|4300016556|00140|KT020009|3|EA|8030|KRW|24090|20200409|1300|
C|005186|2020|50005590050005|001|4300016556|00150|KT020011|2|EA|10400|KRW|20800|20200409|1300|
C|005186|2020|50005590050006|001|4300016556|00160|KT020012|1|EA|13110|KRW|13110|20200409|1300|
C|005186|2020|50005590050007|001|4300016556|00170|KT020013|2|EA|13110|KRW|26220|20200409|1300|
C|005186|2020|50005590050008|001|4300016556|00180|KT020019|1|EA|23570|KRW|23570|20200409|1300|
C|005186|2020|50005590050009|001|4300016556|00190|KT020020|1|EA|27800|KRW|27800|20200409|1300|
C|005186|2020|50005590050010|001|4300016556|00200|KT020023|1|EA|32400|KRW|32400|20200409|1300|
C|005186|2020|50005590050011|001|4300016556|00210|KT020500|20|EA|31100|KRW|62200|20200409|1300|
C|005186|2020|50005590050012|001|4300016556|00220|KT020600|1|EA|14910|KRW|14910|20200409|1300|
C|005186|2020|50005590050013|001|4300016556|00230|KT020612|1|EA|44100|KRW|44100|20200409|1300|
C|005186|2020|50005590050014|001|4300016556|00240|KT020700|19|EA|2680|KRW|50920|20200409|1300|
C|005186|2020|50005590050015|001|4300016556|00250|KT020702|14|EA|470|KRW|6580|20200409|1300|
C|005186|2020|50005590050016|001|4300016556|00260|KT080110|2|EA|25440|KRW|50880|20200409|1300|
C|005186|2020|50005590050017|001|4300016556|00270|KT080500|2|EA|26500|KRW|53000|20200409|1300|
C|005186|2020|50005590050018|001|4300016556|00280|KT990010|200|EA|3700|KRW|74000|20200409|1300|
C|005186|2020|50005590050019|001|4300016562|00090|UGCC0912|20|EA|27000|KRW|540000|20200409|1300|
C|005186|2020|50005590060001|001|4300016419|00010|UCIC0047|3|EA|189000|KRW|567000|20200409|1300|
C|005186|2020|50005590060002|001|4300016460|00010|UGBC1760|10|EA|57750|KRW|577500|20200409|1300|
C|005186|2020|50005590060003|001|4300016502|00010|UCIC0159|1|EA|779000|KRW|779000|20200409|1300|
C|005186|2020|50005590060004|001|4300016502|00020|UGBC0519|1|EA|147000|KRW|147000|20200409|1300|
C|005186|2020|50005590060005|001|4300016503|00010|UGBC1796|20|EA|15750|KRW|315000|20200409|1300|
C|005186|2020|50005590060006|001|4300016503|00020|UGBC1795|20|EA|2550|KRW|51000|20200409|1300|
C|005186|2020|50005590060007|001|4300016538|00030|UGBC0826|10|EA|50400|KRW|504000|20200409|1300|
C|005186|2020|50005590060008|001|4300016538|00050|UGBC0519|1|EA|147000|KRW|147000|20200409|1300|
