C|005186|2019|50004748690001|001|4300012464|00010|UHTC0792|2|EA|191000|KRW|382000|20190215|1300|
C|005186|2019|50004748690002|001|4300012475|00010|UCKC0086|5|EA|305200|KRW|1526000|20190215|1300|
C|005186|2019|50004748700001|001|4300012577|00040|UCIC0188|1|EA|635000|KRW|635000|20190215|1300|
C|005186|2019|50004748710001|001|4300012610|00080|UDFC0059|20|EA|8400|KRW|168000|20190215|1300|
C|005186|2019|50004748710002|001|4300012633|00010|UZZC0107|1|EA|35770|KRW|35770|20190215|1300|
C|005186|2019|50004748710003|001|4300012633|00020|UKBC0001|4|EA|208010|KRW|832040|20190215|1300|
C|005186|2019|50004748710004|001|4300012686|00020|UAEC0402|1|EA|125000|KRW|125000|20190215|1300|
C|005186|2019|50004748710005|001|4300012686|00100|UGBC0765|50|EA|5100|KRW|25500|20190215|1300|
C|005186|2019|50004748710006|001|4300012687|00020|UGCC0218|100|EA|28770|KRW|287700|20190215|1300|
C|005186|2019|50004748710007|001|4300012687|00070|UAGC0480|1|EA|506000|KRW|506000|20190215|1300|
C|005186|2019|50004748710008|001|4300012689|00010|UEBC0441|8|EA|29560|KRW|236480|20190215|1300|
C|005186|2019|50004748720001|001|4300012686|00090|UKEC0115|40|EA|61200|KRW|61200|20190215|1300|
C|005186|2019|50004748720002|001|4300012687|00040|UKEC0105|20|EA|6840|KRW|136800|20190215|1300|
C|005186|2019|50004748730001|001|4300012634|00010|UGBC0247|1|EA|54600|KRW|54600|20190215|1300|
C|005186|2019|50004748730002|001|4300012634|00020|UEBC0225|10|EA|14100|KRW|28200|20190215|1300|
C|005186|2019|50004748730003|001|4300012634|00030|UEBC0280|1|EA|19780|KRW|19780|20190215|1300|
C|005186|2019|50004748730004|001|4300012634|00040|UEBC1197|10|EA|21200|KRW|212000|20190215|1300|
C|005186|2019|50004748730005|001|4300012634|00050|UAGC0384|1|EA|486700|KRW|486700|20190215|1300|
C|005186|2019|50004748730006|001|4300012686|00030|UDEC0045|30|EA|6752|KRW|202560|20190215|1300|
C|005186|2019|50004748730007|001|4300012686|00060|UEBC1106|1|EA|267370|KRW|267370|20190215|1300|
C|005186|2019|50004748730008|001|4300012686|00070|UEBC0085|1|EA|14700|KRW|14700|20190215|1300|
C|005186|2019|50004748730009|001|4300012687|00010|UDFC0097|15|EA|6850|KRW|102750|20190215|1300|
C|005186|2019|50004748730010|001|4300012693|00010|UCIC0209|1|EA|1230000|KRW|1230000|20190215|1300|
C|005186|2019|50004748740001|001|4300012695|00010|UALC0134|5|EA|15000|KRW|75000|20190215|1300|
C|005186|2019|50004748740002|001|4300012695|00020|UALC0135|1|EA|25000|KRW|25000|20190215|1300|
C|005186|2019|50004748750001|001|4300012621|00010|UHTC0647|10|EA|305000|KRW|305000|20190215|1300|
C|005186|2019|50004748750002|001|4300012621|00020|UHTC0801|10|EA|848000|KRW|848000|20190215|1300|
C|005186|2019|50004748750003|001|4300012686|00040|UDDC0186|2|EA|32970|KRW|65940|20190215|1300|
C|005186|2019|50004748750004|001|4300012686|00050|UDDC0227|1|EA|49490|KRW|49490|20190215|1300|
C|005186|2019|50004748750005|001|4300012686|00080|UDDC0149|2|EA|39900|KRW|79800|20190215|1300|
C|005186|2019|50004748750006|001|4300012687|00030|UDDC0361|2|EA|61500|KRW|123000|20190215|1300|
C|005186|2019|50004748750007|001|4300012687|00050|UDDC0368|1|EA|193000|KRW|193000|20190215|1300|
C|005186|2019|50004748750008|001|4300012687|00060|UDDC0369|1|EA|97000|KRW|97000|20190215|1300|
C|005186|2019|50004748750009|001|4300012689|00020|UFFC0012|2|EA|31190|KRW|62380|20190215|1300|
C|005186|2019|50004748760001|001|4300012632|00010|UHTC0771|2|EA|18600|KRW|37200|20190215|1300|
C|005186|2019|50004748760002|001|4300012724|00010|UGCC1482|2|EA|394000|KRW|788000|20190215|1300|
C|005186|2019|50004748770001|001|4300012819|00010|UALC0119|4500|EA|10000|KRW|90000|20190215|1300|
C|005186|2019|50004748770002|001|4300012819|00020|UALC0118|5000|EA|55000|KRW|550000|20190215|1300|
