C|005186|2016|50002920100001|001|4300006053|00010|UALC0119|6000|EA|20|KRW|120000|20161013|1300|
C|005186|2016|50002920110001|001|4300006054|00090|CMD0011|6|EA|24100|KRW|144600|20161013|1300|
C|005186|2016|50002920110002|001|4300006057|00080|CMD0011|3|EA|24100|KRW|72300|20161013|1300|
C|005186|2016|50002920110003|001|4300006061|00060|CMD0011|1|EA|24100|KRW|24100|20161013|1300|
C|005186|2016|50002920110004|001|4300006063|00180|CMD0011|5|EA|24100|KRW|120500|20161013|1300|
C|005186|2016|50002920110005|001|4300006076|00090|CMD0011|6|EA|24100|KRW|144600|20161013|1300|
C|005186|2016|50002920120001|001|4300006057|00060|CMB0003|60|EA|2200|KRW|132000|20161013|1300|
C|005186|2016|50002920120002|001|4300006062|00060|CMZ0009|10|EA|920|KRW|9200|20161013|1300|
C|005186|2016|50002920120003|001|4300006062|00080|CMZ0032|5|EA|1300|KRW|6500|20161013|1300|
C|005186|2016|50002920120004|001|4300006062|00100|CMF0007|3|EA|1620|KRW|4860|20161013|1300|
C|005186|2016|50002920120005|001|4300006063|00200|CMF0003|5|EA|2020|KRW|10100|20161013|1300|
C|005186|2016|50002920120006|001|4300006063|00210|CMF0013|20|EA|940|KRW|18800|20161013|1300|
C|005186|2016|50002920120007|001|4300006064|00120|CMF0013|10|EA|940|KRW|9400|20161013|1300|
C|005186|2016|50002920120008|001|4300006065|00050|CMZ0032|2|EA|1300|KRW|2600|20161013|1300|
C|005186|2016|50002920120009|001|4300006066|00130|CMF0013|20|EA|940|KRW|18800|20161013|1300|
C|005186|2016|50002920120010|001|4300006066|00140|CMF0018|3|EA|4350|KRW|13050|20161013|1300|
C|005186|2016|50002920120011|001|4300006069|00080|CMD0010|4|EA|17000|KRW|68000|20161013|1300|
C|005186|2016|50002920120012|001|4300006073|00010|CMZ0009|20|EA|920|KRW|18400|20161013|1300|
C|005186|2016|50002920120013|001|4300006073|00060|CMB0002|40|EA|2100|KRW|84000|20161013|1300|
C|005186|2016|50002920120014|001|4300006073|00070|CMB0003|40|EA|2200|KRW|88000|20161013|1300|
C|005186|2016|50002920120015|001|4300006074|00050|CMB0002|100|EA|2100|KRW|210000|20161013|1300|
C|005186|2016|50002920120016|001|4300006075|00060|CMB0003|50|EA|2200|KRW|110000|20161013|1300|
C|005186|2016|50002920120017|001|4300006076|00060|CMB0002|120|EA|2100|KRW|252000|20161013|1300|
C|005186|2016|50002920120018|001|4300006076|00070|CMB0007|20|EA|760|KRW|15200|20161013|1300|
C|005186|2016|50002920120019|001|4300006076|00170|CMZ0009|100|EA|920|KRW|92000|20161013|1300|
C|005186|2016|50002920120020|001|4300006077|00060|CMZ0032|10|EA|1300|KRW|13000|20161013|1300|
C|005186|2016|50002920130001|001|4300006163|00010|CMA0007|200|EA|151|KRW|30200|20161013|1300|
C|005186|2016|50002920140001|001|4300006146|00020|UIEC0021|3|EA|2730|KRW|8190|20161013|1300|
C|005186|2016|50002920140002|001|4300006147|00030|UIDC0039|18|EA|48300|KRW|869400|20161013|1300|
C|005186|2016|50002920140003|001|4300006156|00020|UGCC0256|5|EA|11580|KRW|57900|20161013|1300|
C|005186|2016|50002920140004|001|4300006156|00030|UDBC0848|1|EA|24000|KRW|24000|20161013|1300|
C|005186|2016|50002920140005|001|4300006158|00020|UJCC0017|5|EA|3990|KRW|19950|20161013|1300|
C|005186|2016|50002920140006|001|4300006159|00170|KP150400|100|EA|170|KRW|17000|20161013|1300|
C|005186|2016|50002920140007|001|4300006159|00180|KS990007|5|EA|51450|KRW|257250|20161013|1300|
C|005186|2016|50002920140008|001|4300006166|00100|UEAC0006|3|EA|133560|KRW|400680|20161013|1300|
C|005186|2016|50002920140009|001|4300006166|00150|UEAC0171|1|EA|197000|KRW|197000|20161013|1300|
C|005186|2016|50002920140010|001|4300006167|00010|UDFC0143|100|EA|19470|KRW|1947000|20161013|1300|
C|005186|2016|50002920140011|001|4300006167|00020|UDFC0142|100|EA|2050|KRW|205000|20161013|1300|
C|005186|2016|50002920140012|001|4300006168|00010|UAEC0354|2|EA|464300|KRW|928600|20161013|1300|
C|005186|2016|50002920140013|001|4300006168|00020|UAEC0307|2|EA|2500|KRW|5000|20161013|1300|
C|005186|2016|50002920140014|001|4300006168|00030|UAEC0338|2|EA|3423|KRW|6846|20161013|1300|
C|005186|2016|50002920140015|001|4300006168|00040|UAEC0309|2|EA|1700|KRW|3400|20161013|1300|
C|005186|2016|50002920150001|001|4300006159|00160|KH990100|4|EA|27220|KRW|108880|20161013|1300|
C|005186|2016|50002920150002|001|4300006159|00190|KT020007|4|EA|6860|KRW|27440|20161013|1300|
C|005186|2016|50002920150003|001|4300006159|00200|KT020014|3|EA|14490|KRW|43470|20161013|1300|
C|005186|2016|50002920150004|001|4300006159|00210|KT020015|2|EA|15720|KRW|31440|20161013|1300|
C|005186|2016|50002920150005|001|4300006159|00220|KT020018|1|EA|22630|KRW|22630|20161013|1300|
C|005186|2016|50002920150006|001|4300006159|00230|KT020019|1|EA|23570|KRW|23570|20161013|1300|
C|005186|2016|50002920150007|001|4300006159|00240|KT020020|1|EA|27800|KRW|27800|20161013|1300|
C|005186|2016|50002920150008|001|4300006159|00250|KT020021|1|EA|28350|KRW|28350|20161013|1300|
C|005186|2016|50002920150009|001|4300006159|00260|KT020610|1|EA|29150|KRW|29150|20161013|1300|
C|005186|2016|50002920150010|001|4300006159|00270|KT020613|1|EA|49000|KRW|49000|20161013|1300|
C|005186|2016|50002920150011|001|4300006159|00280|KT020620|10|EA|290|KRW|2900|20161013|1300|
C|005186|2016|50002920150012|001|4300006159|00290|KT020700|10|EA|2680|KRW|26800|20161013|1300|
C|005186|2016|50002920150013|001|4300006159|00300|KT020704|20|EA|610|KRW|12200|20161013|1300|
C|005186|2016|50002920150014|001|4300006159|00310|KT080110|2|EA|25440|KRW|50880|20161013|1300|
C|005186|2016|50002920150015|001|4300006159|00320|KT080311|3|EA|72980|KRW|218940|20161013|1300|
C|005186|2016|50002920150016|001|4300006159|00330|KT080500|2|EA|26500|KRW|53000|20161013|1300|
C|005186|2016|50002920150017|001|4300006159|00340|KT990010|110|EA|370|KRW|40700|20161013|1300|
C|005186|2016|50002920150018|001|4300006159|00350|KT990030|4|EA|2630|KRW|10520|20161013|1300|
C|005186|2016|50002920150019|001|4300006166|00030|UAEC0209|7|EA|9100|KRW|63700|20161013|1300|
C|005186|2016|50002920150020|001|4300006166|00040|UAEC0210|7|EA|9100|KRW|63700|20161013|1300|
C|005186|2016|50002920150021|001|4300006166|00050|UAEC0030|7|EA|15750|KRW|110250|20161013|1300|
C|005186|2016|50002920150022|001|4300006166|00060|UAEC0055|7|EA|15380|KRW|107660|20161013|1300|
C|005186|2016|50002920150023|001|4300006166|00070|UAEC0076|2|EA|24210|KRW|48420|20161013|1300|
C|005186|2016|50002920150024|001|4300006166|00080|UAEC0018|2|EA|76850|KRW|153700|20161013|1300|
C|005186|2016|50002920150025|001|4300006166|00160|UAEC0203|1|EA|9430|KRW|9430|20161013|1300|
C|005186|2016|50002920150026|001|4300006166|00170|UAEC0204|1|EA|9430|KRW|9430|20161013|1300|
C|005186|2016|50002920150027|001|4300006166|00180|UADC0012|8|EA|1890|KRW|15120|20161013|1300|
C|005186|2016|50002920160001|001|4300006157|00050|UEBC0115|10|EA|2000|KRW|20000|20161013|1300|
C|005186|2016|50002920160002|001|4300006159|00010|KS061503|6|EA|3150|KRW|18900|20161013|1300|
C|005186|2016|50002920160003|001|4300006159|00020|KS061504|5|EA|4050|KRW|20250|20161013|1300|
C|005186|2016|50002920160004|001|4300006159|00030|KS061508|4|EA|10510|KRW|42040|20161013|1300|
C|005186|2016|50002920160005|001|4300006159|00040|KS066901|10|EA|1290|KRW|12900|20161013|1300|
C|005186|2016|50002920160006|001|4300006159|00050|KS066904|5|EA|2000|KRW|10000|20161013|1300|
C|005186|2016|50002920160007|001|4300006159|00060|KS066905|3|EA|2260|KRW|6780|20161013|1300|
C|005186|2016|50002920160008|001|4300006159|00070|KS066906|2|EA|2970|KRW|5940|20161013|1300|
C|005186|2016|50002920160009|001|4300006159|00080|KS067004|4|EA|2000|KRW|8000|20161013|1300|
C|005186|2016|50002920160010|001|4300006159|00090|KS067205|2|EA|3290|KRW|6580|20161013|1300|
C|005186|2016|50002920160011|001|4300006159|00100|KS067207|6|EA|5780|KRW|34680|20161013|1300|
C|005186|2016|50002920160012|001|4300006159|00110|KS067208|6|EA|7940|KRW|47640|20161013|1300|
C|005186|2016|50002920160013|001|4300006159|00120|KS067404|3|EA|3930|KRW|11790|20161013|1300|
C|005186|2016|50002920160014|001|4300006159|00130|KS080705|4|EA|18500|KRW|74000|20161013|1300|
C|005186|2016|50002920160015|001|4300006159|00140|KS080711|5|EA|32300|KRW|161500|20161013|1300|
C|005186|2016|50002920160016|001|4300006159|00150|KS080721|6|EA|71710|KRW|430260|20161013|1300|
C|005186|2016|50002920170001|001|4300006149|00100|UJCC0053|10|EA|42000|KRW|420000|20161013|1300|
C|005186|2016|50002920170002|001|4300006156|00010|UGBC1371|10|EA|66000|KRW|660000|20161013|1300|
C|005186|2016|50002920170003|001|4300006165|00020|UGBC1492|5|EA|84800|KRW|424000|20161013|1300|
C|005186|2016|50002920170004|001|4300006165|00030|UCIC0115|1|EA|168430|KRW|168430|20161013|1300|
C|005186|2016|50002920170005|001|4300006165|00040|UCIC0048|1|EA|526400|KRW|526400|20161013|1300|
C|005186|2016|50002920170006|001|4300006165|00050|UCIC0076|1|EA|726320|KRW|726320|20161013|1300|
C|005186|2016|50002920180001|001|4300006062|00120|CMA0028|1|EA|7350|KRW|7350|20161013|1300|
