C|005186|2014|50000772020001|001|4300001448|00010|CMA0001|80|EA|240|KRW|19200|20140531|1300|
C|005186|2014|50000772020002|001|4300001448|00020|CMA0008|80|EA|690|KRW|55200|20140531|1300|
C|005186|2014|50000772020003|001|4300001448|00030|CMB0001|50|EA|655|KRW|32750|20140531|1300|
C|005186|2014|50000772020004|001|4300001448|00040|CME0010|30|EA|285|KRW|8550|20140531|1300|
C|005186|2014|50000772020005|001|4300001448|00050|CMH0007|4|EA|11700|KRW|46800|20140531|1300|
C|005186|2014|50000772030001|001|4300001417|00010|CMB0001|60|EA|655|KRW|39300|20140531|1300|
C|005186|2014|50000772030002|001|4300001417|00020|CMB0010|80|EA|1100|KRW|88000|20140531|1300|
C|005186|2014|50000772030003|001|4300001417|00030|CMH0007|1|EA|11700|KRW|11700|20140531|1300|
C|005186|2014|50000772030004|001|4300001417|00040|CMF0004|5|EA|22050|KRW|110250|20140531|1300|
C|005186|2014|50000772030005|001|4300001417|00050|CMA0001|200|EA|240|KRW|48000|20140531|1300|
C|005186|2014|50000772030006|001|4300001417|00060|CMA0007|500|EA|270|KRW|135000|20140531|1300|
C|005186|2014|50000772030007|001|4300001417|00070|CMA0017|5|EA|780|KRW|3900|20140531|1300|
C|005186|2014|50000772040001|001|4300001408|00010|CMA0001|80|EA|240|KRW|19200|20140531|1300|
C|005186|2014|50000772040002|001|4300001408|00020|CMA0007|70|EA|270|KRW|18900|20140531|1300|
C|005186|2014|50000772040003|001|4300001408|00030|CMA0008|40|EA|690|KRW|27600|20140531|1300|
C|005186|2014|50000772040004|001|4300001408|00040|CMB0001|20|EA|655|KRW|13100|20140531|1300|
