C|005186|2014|50000947300001|001|4300001634|00210|UGBC0506|2|EA|346500|KRW|693000|20140831|1300|
C|005186|2014|50000947300002|001|4300001634|00220|UGBC1360|2|EA|212000|KRW|424000|20140831|1300|
C|005186|2014|50000947300003|001|4300001642|00010|UCIC0061|1|EA|337890|KRW|337890|20140831|1300|
C|005186|2014|50000947310001|001|4300001663|00060|UGCC0695|12|EA|28630|KRW|343560|20140831|1300|
C|005186|2014|50000947320001|001|4300001634|00010|UGCC0393|2|EA|72220|KRW|144440|20140831|1300|
C|005186|2014|50000947320002|001|4300001634|00020|UGCC0362|2|EA|152780|KRW|305560|20140831|1300|
C|005186|2014|50000947320003|001|4300001634|00040|UGAC0041|10|EA|19425|KRW|194250|20140831|1300|
C|005186|2014|50000947320004|001|4300001634|00050|UGCC0292|1|EA|41980|KRW|41980|20140831|1300|
C|005186|2014|50000947320005|001|4300001634|00080|UGCC0196|6|EA|137000|KRW|822000|20140831|1300|
C|005186|2014|50000947320006|001|4300001634|00110|UDAC0135|20|EA|5780|KRW|115600|20140831|1300|
C|005186|2014|50000947320007|001|4300001634|00120|UGCC0858|1|EA|67100|KRW|67100|20140831|1300|
C|005186|2014|50000947320008|001|4300001634|00160|UGCC0736|5|EA|156300|KRW|781500|20140831|1300|
C|005186|2014|50000947320009|001|4300001634|00230|UGCC0471|5|EA|110250|KRW|551250|20140831|1300|
C|005186|2014|50000947320010|001|4300001634|00290|UGBC0903|2|EA|129150|KRW|258300|20140831|1300|
C|005186|2014|50000947320011|001|4300001634|00330|UGCC0721|5|EA|6840|KRW|34200|20140831|1300|
C|005186|2014|50000947320012|001|4300001634|00340|UCGC0003|5|EA|7570|KRW|37850|20140831|1300|
C|005186|2014|50000947320013|001|4300001634|00350|UGCC0710|5|EA|30500|KRW|152500|20140831|1300|
C|005186|2014|50000947320014|001|4300001645|00050|UGBC1371|5|EA|66000|KRW|330000|20140831|1300|
C|005186|2014|50000947320015|001|4300001663|00330|UGCC0288|10|EA|378|KRW|3780|20140831|1300|
C|005186|2014|50000947330001|001|4300001647|00250|KH990100|4|EA|27220|KRW|108880|20140831|1300|
C|005186|2014|50000947330002|001|4300001647|00260|KH990101|6|EA|7250|KRW|43500|20140831|1300|
C|005186|2014|50000947330003|001|4300001647|00430|KS990007|3|EA|51450|KRW|154350|20140831|1300|
C|005186|2014|50000947330004|001|4300001647|00440|KT020004|4|EA|5600|KRW|22400|20140831|1300|
C|005186|2014|50000947330005|001|4300001647|00450|KT020006|5|EA|6250|KRW|31250|20140831|1300|
C|005186|2014|50000947330006|001|4300001647|00460|KT020010|2|EA|10190|KRW|20380|20140831|1300|
C|005186|2014|50000947330007|001|4300001647|00470|KT020011|4|EA|10400|KRW|41600|20140831|1300|
C|005186|2014|50000947330008|001|4300001647|00480|KT020014|2|EA|14490|KRW|28980|20140831|1300|
C|005186|2014|50000947330009|001|4300001647|00490|KT020015|2|EA|15720|KRW|31440|20140831|1300|
C|005186|2014|50000947330010|001|4300001647|00500|KT020019|1|EA|23570|KRW|23570|20140831|1300|
C|005186|2014|50000947330011|001|4300001647|00510|KT020500|20|EA|3110|KRW|62200|20140831|1300|
C|005186|2014|50000947330012|001|4300001647|00520|KT020610|2|EA|29150|KRW|58300|20140831|1300|
C|005186|2014|50000947330013|001|4300001647|00530|KT020611|2|EA|28140|KRW|56280|20140831|1300|
C|005186|2014|50000947330014|001|4300001647|00540|KT020700|17|EA|2680|KRW|45560|20140831|1300|
C|005186|2014|50000947330015|001|4300001647|00550|KT020704|28|EA|610|KRW|17080|20140831|1300|
C|005186|2014|50000947330016|001|4300001647|00560|KT080311|2|EA|72980|KRW|145960|20140831|1300|
C|005186|2014|50000947330017|001|4300001647|00570|KT080500|2|EA|26500|KRW|53000|20140831|1300|
C|005186|2014|50000947330018|001|4300001647|00580|KT080520|8|EA|2760|KRW|22080|20140831|1300|
C|005186|2014|50000947330019|001|4300001647|00590|KT990001|200|EA|510|KRW|102000|20140831|1300|
C|005186|2014|50000947330020|001|4300001647|00600|KT990010|200|EA|370|KRW|74000|20140831|1300|
C|005186|2014|50000947330021|001|4300001647|00610|KT991000|2|EA|1961|KRW|3922|20140831|1300|
C|005186|2014|50000947340001|001|4300001623|00220|UHTC0621|8|EA|46200|KRW|369600|20140831|1300|
C|005186|2014|50000947340002|001|4300001623|00230|UHTC0622|4|EA|51500|KRW|206000|20140831|1300|
C|005186|2014|50000947350001|001|4300001663|00020|UHTC0244|30|EA|3500|KRW|105000|20140831|1300|
C|005186|2014|50000947350002|001|4300001663|00030|UGAC0083|2|EA|33500|KRW|67000|20140831|1300|
C|005186|2014|50000947350003|001|4300001663|00040|UGAC0056|1|EA|139760|KRW|139760|20140831|1300|
C|005186|2014|50000947350004|001|4300001663|00120|UJBC0054|10|EA|10310|KRW|103100|20140831|1300|
C|005186|2014|50000947350005|001|4300001663|00160|UAEC0146|2|EA|84210|KRW|168420|20140831|1300|
C|005186|2014|50000947350006|001|4300001663|00170|UAIC0013|2|EA|45680|KRW|91360|20140831|1300|
C|005186|2014|50000947350007|001|4300001663|00260|UAEC0267|2|EA|6359|KRW|12718|20140831|1300|
C|005186|2014|50000947350008|001|4300001663|00270|UDFC0141|1|EA|68380|KRW|68380|20140831|1300|
C|005186|2014|50000947350009|001|4300001663|00280|UGBC0449|100|EA|1270|KRW|127000|20140831|1300|
C|005186|2014|50000947350010|001|4300001663|00300|UGCC0528|1|EA|499000|KRW|499000|20140831|1300|
C|005186|2014|50000947350011|001|4300001663|00310|UZZC0039|2|EA|710|KRW|1420|20140831|1300|
C|005186|2014|50000947350012|001|4300001663|00320|UGCC0466|2|EA|3550|KRW|7100|20140831|1300|
C|005186|2014|50000947350013|001|4300001663|00340|UGAC0053|1|EA|69880|KRW|69880|20140831|1300|
C|005186|2014|50000947360001|001|4300001645|00070|UCHC0017|1|EA|28420|KRW|28420|20140831|1300|
C|005186|2014|50000947360002|001|4300001647|00270|KP150400|1|EA|170|KRW|170|20140831|1300|
C|005186|2014|50000947360003|001|4300001663|00070|UALC0094|24|EA|62800|KRW|1507200|20140831|1300|
C|005186|2014|50000947360004|001|4300001663|00080|UALC0108|6|EA|91210|KRW|547260|20140831|1300|
C|005186|2014|50000947360005|001|4300001663|00090|UALC0109|12|EA|59800|KRW|717600|20140831|1300|
C|005186|2014|50000947360006|001|4300001663|00240|UCKC0038|60|EA|600|KRW|36000|20140831|1300|
C|005186|2014|50000947360007|001|4300001663|00250|UKGC0015|20|EA|2840|KRW|56800|20140831|1300|
C|005186|2014|50000947370001|001|4300001605|00030|UGBC0243|20|EA|3050|KRW|61000|20140831|1300|
C|005186|2014|50000947370002|001|4300001605|00040|UGBC0244|20|EA|3780|KRW|75600|20140831|1300|
C|005186|2014|50000947370003|001|4300001609|00100|UGBC1287|10|EA|11600|KRW|116000|20140831|1300|
C|005186|2014|50000947370004|001|4300001620|00270|UGBC0386|30|EA|1890|KRW|56700|20140831|1300|
C|005186|2014|50000947370005|001|4300001620|00280|UGBC0231|30|EA|830|KRW|24900|20140831|1300|
C|005186|2014|50000947370006|001|4300001620|00290|UGBC0245|10|EA|3780|KRW|37800|20140831|1300|
C|005186|2014|50000947370007|001|4300001620|00300|UGBC1370|2|EA|429000|KRW|858000|20140831|1300|
C|005186|2014|50000947380001|001|4300001663|00010|UZZC0107|1|EA|35770|KRW|35770|20140831|1300|
C|005186|2014|50000947380002|001|4300001663|00050|UZZC0138|10|EA|2420|KRW|24200|20140831|1300|
C|005186|2014|50000947380003|001|4300001663|00100|UJBC0046|12|EA|6070|KRW|72840|20140831|1300|
C|005186|2014|50000947380004|001|4300001663|00110|UJBC0047|8|EA|9890|KRW|79120|20140831|1300|
C|005186|2014|50000947380005|001|4300001663|00130|UKFC0002|2|EA|47600|KRW|95200|20140831|1300|
C|005186|2014|50000947380006|001|4300001663|00140|UCAC0029|20|EA|11150|KRW|223000|20140831|1300|
C|005186|2014|50000947380007|001|4300001663|00150|UKBC0010|2|EA|91480|KRW|182960|20140831|1300|
C|005186|2014|50000947390001|001|4300001634|00060|UCEC0035|1|EA|252730|KRW|252730|20140831|1300|
C|005186|2014|50000947390002|001|4300001634|00090|UAJC0057|10|EA|595|KRW|5950|20140831|1300|
C|005186|2014|50000947390003|001|4300001634|00100|UIDC0123|1|EA|147000|KRW|147000|20140831|1300|
C|005186|2014|50000947390004|001|4300001634|00130|UAHC0045|1|EA|91350|KRW|91350|20140831|1300|
C|005186|2014|50000947390005|001|4300001634|00140|UAHC0046|1|EA|280350|KRW|280350|20140831|1300|
C|005186|2014|50000947390006|001|4300001634|00150|UEAC0051|2|EA|424210|KRW|848420|20140831|1300|
C|005186|2014|50000947390007|001|4300001634|00170|UAGC0087|10|EA|1020|KRW|10200|20140831|1300|
C|005186|2014|50000947390008|001|4300001634|00260|UGBC1223|1|EA|871000|KRW|871000|20140831|1300|
C|005186|2014|50000947390009|001|4300001634|00270|UGCC0102|1|EA|642600|KRW|642600|20140831|1300|
C|005186|2014|50000947390010|001|4300001634|00300|UAEC0139|1|EA|11150|KRW|11150|20140831|1300|
C|005186|2014|50000947500001|001|4300001634|00240|UZZC0029|20|EA|11550|KRW|231000|20140831|1300|
C|005186|2014|50000947500002|001|4300001645|00010|UGBC0780|30|EA|570|KRW|17100|20140831|1300|
C|005186|2014|50000947500003|001|4300001645|00020|UGBC0781|30|EA|580|KRW|17400|20140831|1300|
C|005186|2014|50000947500004|001|4300001645|00030|UGBC0782|30|EA|720|KRW|21600|20140831|1300|
C|005186|2014|50000947500005|001|4300001645|00040|UGBC0783|30|EA|830|KRW|24900|20140831|1300|
