C|005186|2019|50004961980001|001|4300013636|00040|CMB0001|40|EA|520|KRW|20800|20190531|1300|
C|005186|2019|50004961980002|001|4300013636|00090|CMF0005|3|EA|18700|KRW|56100|20190531|1300|
C|005186|2019|50004961990001|001|4300013636|00060|CMD0001|1|EA|8000|KRW|8000|20190531|1300|
C|005186|2019|50004962300001|001|4300013701|00030|CMD0012|2|EA|22000|KRW|44000|20190531|1300|
C|005186|2019|50004962300002|001|4300013701|00100|CMB0011|120|EA|2220|KRW|266400|20190531|1300|
C|005186|2019|50004962300003|001|4300013701|00110|CMD0017|4|EA|23760|KRW|95040|20190531|1300|
C|005186|2019|50004962310001|001|4300013702|00010|CMA0028|2|EA|7350|KRW|14700|20190531|1300|
C|005186|2019|50004962310002|001|4300013702|00080|CMB0003|120|EA|2200|KRW|264000|20190531|1300|
C|005186|2019|50004962320001|001|4300013630|00030|CMF0005|2|EA|18700|KRW|37400|20190531|1300|
C|005186|2019|50004962320002|001|4300013630|00050|CMA0017|5|EA|770|KRW|3850|20190531|1300|
C|005186|2019|50004962320003|001|4300013630|00090|CMC0005|100|EA|150|KRW|15000|20190531|1300|
C|005186|2019|50004962320004|001|4300013630|00130|CMB0001|240|EA|520|KRW|124800|20190531|1300|
C|005186|2019|50004962330001|001|4300013640|00020|CMF0004|2|EA|17000|KRW|34000|20190531|1300|
C|005186|2019|50004962330002|001|4300013640|00030|CMD0011|5|EA|24100|KRW|120500|20190531|1300|
C|005186|2019|50004962330003|001|4300013640|00050|CMA0017|30|EA|770|KRW|23100|20190531|1300|
C|005186|2019|50004962330004|001|4300013640|00060|CMG0001|50|EA|1290|KRW|64500|20190531|1300|
C|005186|2019|50004962330005|001|4300013640|00070|CMB0003|60|EA|2200|KRW|132000|20190531|1300|
C|005186|2019|50004962330006|001|4300013640|00100|CMB0001|100|EA|520|KRW|52000|20190531|1300|
C|005186|2019|50004962340001|001|4300013633|00050|CMD0001|2|EA|8000|KRW|16000|20190531|1300|
C|005186|2019|50004962350001|001|4300013633|00030|CMD0011|2|EA|24100|KRW|48200|20190531|1300|
C|005186|2019|50004962350002|001|4300013633|00060|CMF0005|2|EA|18700|KRW|37400|20190531|1300|
