C|005186|2016|50002516540001|001|4300005056|00080|UAEC0078|2|EA|10530|KRW|21060|20160515|1300|
C|005186|2016|50002516540002|001|4300005057|00030|UAEC0431|2|EA|5230|KRW|10460|20160515|1300|
C|005186|2016|50002516540003|001|4300005057|00040|UAEC0436|2|EA|4800|KRW|9600|20160515|1300|
C|005186|2016|50002516540004|001|4300005057|00090|UDAC0334|10|EA|1060|KRW|10600|20160515|1300|
C|005186|2016|50002516540005|001|4300005067|00060|UDEC0032|1|EA|118970|KRW|118970|20160515|1300|
C|005186|2016|50002516540006|001|4300005071|00070|UCEC0012|5|EA|50400|KRW|252000|20160515|1300|
C|005186|2016|50002516540007|001|4300005073|00100|UDEC0102|2|EA|38200|KRW|76400|20160515|1300|
C|005186|2016|50002516540008|001|4300005074|00050|UDDC0260|1|EA|143330|KRW|143330|20160515|1300|
C|005186|2016|50002516540009|001|4300005076|00040|UDCC0026|5|EA|11700|KRW|58500|20160515|1300|
C|005186|2016|50002516540010|001|4300005076|00050|UDCC0025|5|EA|10400|KRW|52000|20160515|1300|
C|005186|2016|50002516540011|001|4300005076|00060|UDEC0002|10|EA|44100|KRW|441000|20160515|1300|
C|005186|2016|50002516540012|001|4300005076|00070|UDEC0053|10|EA|63000|KRW|630000|20160515|1300|
C|005186|2016|50002516540013|001|4300005076|00080|UDDC0070|10|EA|23835|KRW|238350|20160515|1300|
C|005186|2016|50002516540014|001|4300005076|00090|UDDC0069|10|EA|17330|KRW|173300|20160515|1300|
C|005186|2016|50002516540015|001|4300005077|00010|UDCC0028|5|EA|34650|KRW|173250|20160515|1300|
C|005186|2016|50002516540016|001|4300005077|00020|UDEC0005|10|EA|95150|KRW|951500|20160515|1300|
C|005186|2016|50002516550001|001|4300005067|00050|UJAC0074|4|EA|12740|KRW|50960|20160515|1300|
C|005186|2016|50002516550002|001|4300005068|00070|UAGC0023|20|EA|1660|KRW|33200|20160515|1300|
C|005186|2016|50002516550003|001|4300005073|00090|UHGC0177|1|EA|41800|KRW|41800|20160515|1300|
C|005186|2016|50002516550004|001|4300005073|00150|UIDC0041|2|EA|46850|KRW|93700|20160515|1300|
C|005186|2016|50002516550005|001|4300005075|00020|UJAC0081|2|EA|24070|KRW|48140|20160515|1300|
C|005186|2016|50002516550006|001|4300005075|00030|UJAC0082|2|EA|25410|KRW|50820|20160515|1300|
C|005186|2016|50002516550007|001|4300005081|00020|UALC0111|1|EA|323300|KRW|323300|20160515|1300|
C|005186|2016|50002516550008|001|4300005082|00010|UALC0093|6|EA|246700|KRW|1480200|20160515|1300|
C|005186|2016|50002516550009|001|4300005083|00040|UALC0110|1|EA|550400|KRW|550400|20160515|1300|
C|005186|2016|50002516550010|001|4300005089|00040|UICC0031|1|EA|14210|KRW|14210|20160515|1300|
C|005186|2016|50002516560001|001|4300005080|00040|UABC0049|10|EA|12390|KRW|123900|20160515|1300|
C|005186|2016|50002516560002|001|4300005080|00070|UAKC0027|15|EA|8190|KRW|122850|20160515|1300|
C|005186|2016|50002516560003|001|4300005080|00080|UFKC0125|5|EA|36750|KRW|183750|20160515|1300|
C|005186|2016|50002516560004|001|4300005080|00090|UFKC0127|5|EA|22310|KRW|111550|20160515|1300|
C|005186|2016|50002516560005|001|4300005081|00040|UAEC0366|1|EA|229400|KRW|229400|20160515|1300|
C|005186|2016|50002516560006|001|4300005082|00020|UAIC0032|1|EA|24300|KRW|24300|20160515|1300|
C|005186|2016|50002516560007|001|4300005082|00040|UAIC0035|3|EA|20780|KRW|62340|20160515|1300|
C|005186|2016|50002516560008|001|4300005082|00050|UAEC0095|1|EA|22630|KRW|22630|20160515|1300|
C|005186|2016|50002516560009|001|4300005082|00060|UAEC0093|1|EA|33260|KRW|33260|20160515|1300|
C|005186|2016|50002516560010|001|4300005082|00070|UAEC0078|1|EA|10530|KRW|10530|20160515|1300|
C|005186|2016|50002516560011|001|4300005082|00080|UAEC0079|1|EA|12075|KRW|12075|20160515|1300|
C|005186|2016|50002516560012|001|4300005082|00090|UAEC0028|1|EA|43370|KRW|43370|20160515|1300|
C|005186|2016|50002516560013|001|4300005082|00100|UAKC0021|3|EA|10200|KRW|30600|20160515|1300|
C|005186|2016|50002516560014|001|4300005082|00110|UAEC0114|1|EA|12290|KRW|12290|20160515|1300|
C|005186|2016|50002516560015|001|4300005082|00120|UAEC0015|1|EA|9830|KRW|9830|20160515|1300|
C|005186|2016|50002516560016|001|4300005082|00130|UAEC0197|1|EA|7270|KRW|7270|20160515|1300|
C|005186|2016|50002516560017|001|4300005082|00140|UAEC0198|1|EA|7270|KRW|7270|20160515|1300|
C|005186|2016|50002516560018|001|4300005082|00150|UAEC0058|1|EA|12350|KRW|12350|20160515|1300|
C|005186|2016|50002516560019|001|4300005082|00170|UGAC0065|1|EA|124800|KRW|124800|20160515|1300|
C|005186|2016|50002516560020|001|4300005083|00010|UZZC0128|2|EA|201000|KRW|402000|20160515|1300|
C|005186|2016|50002516560021|001|4300005083|00050|UAEC0249|30|EA|3450|KRW|103500|20160515|1300|
C|005186|2016|50002516560022|001|4300005083|00060|UAAC0015|5|EA|8790|KRW|43950|20160515|1300|
C|005186|2016|50002516560023|001|4300005084|00030|UZZC0030|100|EA|1520|KRW|152000|20160515|1300|
C|005186|2016|50002516560024|001|4300005084|00040|UAEC0095|1|EA|22630|KRW|22630|20160515|1300|
C|005186|2016|50002516560025|001|4300005084|00050|UAEC0227|1|EA|20060|KRW|20060|20160515|1300|
C|005186|2016|50002516560026|001|4300005084|00060|UAEC0078|1|EA|10530|KRW|10530|20160515|1300|
C|005186|2016|50002516560027|001|4300005084|00070|UAEC0079|1|EA|12075|KRW|12075|20160515|1300|
C|005186|2016|50002516560028|001|4300005084|00080|UAEC0069|1|EA|16310|KRW|16310|20160515|1300|
C|005186|2016|50002516560029|001|4300005084|00090|UAEC0238|1|EA|445260|KRW|445260|20160515|1300|
C|005186|2016|50002516560030|001|4300005084|00100|UABC0021|1|EA|14490|KRW|14490|20160515|1300|
C|005186|2016|50002516560031|001|4300005085|00020|UZZC0103|1|EA|1260000|KRW|1260000|20160515|1300|
C|005186|2016|50002516560032|001|4300005085|00030|UAGC0195|1|EA|20160|KRW|20160|20160515|1300|
C|005186|2016|50002516560033|001|4300005085|00040|UAHC0015|1|EA|36850|KRW|36850|20160515|1300|
C|005186|2016|50002516560034|001|4300005085|00060|UAGC0038|100|EA|2710|KRW|271000|20160515|1300|
C|005186|2016|50002516570001|001|4300005069|00040|UEAC0179|1|EA|279000|KRW|279000|20160515|1300|
C|005186|2016|50002516570002|001|4300005071|00010|UEAC0177|1|EA|629600|KRW|629600|20160515|1300|
C|005186|2016|50002516570003|001|4300005071|00020|UEAC0180|1|EA|137800|KRW|137800|20160515|1300|
C|005186|2016|50002516570004|001|4300005071|00030|UIDC0051|1|EA|185000|KRW|185000|20160515|1300|
C|005186|2016|50002516570005|001|4300005071|00040|UDBC0861|5|EA|5060|KRW|25300|20160515|1300|
C|005186|2016|50002516570006|001|4300005071|00060|UGCC0214|30|EA|4600|KRW|138000|20160515|1300|
C|005186|2016|50002516570007|001|4300005071|00100|UDBC0889|100|EA|160|KRW|16000|20160515|1300|
C|005186|2016|50002516570008|001|4300005073|00110|UDBC0403|500|EA|27|KRW|13500|20160515|1300|
C|005186|2016|50002516570009|001|4300005073|00120|UGBC1148|20|EA|3750|KRW|75000|20160515|1300|
C|005186|2016|50002516570010|001|4300005073|00130|UGBC1151|20|EA|4760|KRW|95200|20160515|1300|
C|005186|2016|50002516570011|001|4300005073|00140|UDBC0898|2|EA|7000|KRW|14000|20160515|1300|
C|005186|2016|50002516570012|001|4300005075|00040|UGCC0531|1|EA|175000|KRW|175000|20160515|1300|
C|005186|2016|50002516570013|001|4300005075|00060|UEAC0025|1|EA|175880|KRW|175880|20160515|1300|
C|005186|2016|50002516570014|001|4300005079|00030|UGCC1042|6|EA|66780|KRW|400680|20160515|1300|
C|005186|2016|50002516570015|001|4300005080|00020|UGBC1490|10|EA|4421|KRW|44210|20160515|1300|
C|005186|2016|50002516570016|001|4300005080|00030|UGBC1491|10|EA|5968|KRW|59680|20160515|1300|
C|005186|2016|50002516570017|001|4300005082|00030|UHTC0486|1|EA|46410|KRW|46410|20160515|1300|
C|005186|2016|50002516570018|001|4300005082|00160|UHFC0146|1|EA|7350|KRW|7350|20160515|1300|
C|005186|2016|50002516570019|001|4300005083|00070|UHTC0486|1|EA|46410|KRW|46410|20160515|1300|
C|005186|2016|50002516570020|001|4300005083|00080|UHTC0233|2|EA|29900|KRW|59800|20160515|1300|
C|005186|2016|50002516570021|001|4300005083|00090|UEBC0445|15|EA|3940|KRW|59100|20160515|1300|
C|005186|2016|50002516570022|001|4300005083|00100|UDBC0147|2000|EA|27|KRW|54000|20160515|1300|
C|005186|2016|50002516570023|001|4300005084|00020|UDBC0149|2000|EA|34|KRW|68000|20160515|1300|
C|005186|2016|50002516570024|001|4300005084|00110|UHFC0145|3|EA|10080|KRW|30240|20160515|1300|
C|005186|2016|50002516570025|001|4300005085|00010|UHGC0246|3|EA|21900|KRW|65700|20160515|1300|
C|005186|2016|50002516570026|001|4300005085|00050|UEBC0525|5|EA|1680|KRW|8400|20160515|1300|
C|005186|2016|50002516570027|001|4300005085|00070|UEBC0523|30|EA|3460|KRW|103800|20160515|1300|
C|005186|2016|50002516580001|001|4300005012|00060|CMD0016|5|EA|30450|KRW|152250|20160517|1300|
C|005186|2016|50002516590001|001|4300005010|00050|CMD0016|4|EA|30450|KRW|121800|20160515|1300|
C|005186|2016|50002516590002|001|4300005018|00120|CMD0016|2|EA|30450|KRW|60900|20160515|1300|
C|005186|2016|50002516700001|001|4300004999|00010|CMD0016|8|EA|30450|KRW|243600|20160515|1300|
C|005186|2016|50002516700002|001|4300004999|00020|CMD0011|1|EA|24150|KRW|24150|20160515|1300|
C|005186|2016|50002516710001|001|4300005000|00080|CMD0016|6|EA|30450|KRW|182700|20160515|1300|
C|005186|2016|50002516710002|001|4300005001|00050|CMD0016|6|EA|30450|KRW|182700|20160515|1300|
C|005186|2016|50002516710003|001|4300005004|00060|CMD0012|1|EA|29400|KRW|29400|20160515|1300|
C|005186|2016|50002516710004|001|4300005005|00100|CMD0011|6|EA|24150|KRW|144900|20160515|1300|
C|005186|2016|50002516710005|001|4300005006|00060|CMD0011|6|EA|24150|KRW|144900|20160515|1300|
C|005186|2016|50002516710006|001|4300005006|00070|CMD0016|2|EA|30450|KRW|60900|20160515|1300|
C|005186|2016|50002516710007|001|4300005007|00050|CMD0011|1|EA|24150|KRW|24150|20160515|1300|
C|005186|2016|50002516710008|001|4300005013|00180|CMD0011|5|EA|24150|KRW|120750|20160515|1300|
C|005186|2016|50002516710009|001|4300005013|00190|CMD0016|4|EA|30450|KRW|121800|20160515|1300|
C|005186|2016|50002516710010|001|4300005015|00060|CMD0011|5|EA|24150|KRW|120750|20160515|1300|
