C|005186|2019|50005046030001|001|4300013839|00020|UGBC0297|1|EA|1260000|KRW|1260000|20190709|1300|
C|005186|2019|50005046030002|001|4300013937|00080|UEAC0154|1|EA|567000|KRW|567000|20190709|1300|
C|005186|2019|50005046030003|001|4300013939|00010|UCIC0048|2|EA|526400|KRW|1052800|20190709|1300|
C|005186|2019|50005046040001|001|4300013935|00080|UDDC0254|1|EA|112455|KRW|112455|20190709|1300|
C|005186|2019|50005046040002|001|4300013935|00090|UDDC0246|1|EA|83790|KRW|83790|20190709|1300|
C|005186|2019|50005046040003|001|4300013937|00060|UDDC0152|2|EA|8925|KRW|17850|20190709|1300|
C|005186|2019|50005046050001|001|4300013935|00040|UIDC0044|1|EA|28500|KRW|28500|20190709|1300|
C|005186|2019|50005046050002|001|4300013937|00010|UIEC0016|1|EA|27300|KRW|27300|20190709|1300|
C|005186|2019|50005046050003|001|4300013937|00070|UDEC0054|1|EA|148050|KRW|148050|20190709|1300|
C|005186|2019|50005046050004|001|4300013947|00010|UHDC0100|50|EA|148500|KRW|148500|20190709|1300|
C|005186|2019|50005046050005|001|4300013947|00020|UHTC0806|1|EA|551200|KRW|551200|20190709|1300|
C|005186|2019|50005046050006|001|4300013947|00030|UHHC0080|300|M|1011000|KRW|1011000|20190709|1300|
C|005186|2019|50005046050007|001|4300013948|00010|UHHC0069|2|EA|412650|KRW|825300|20190709|1300|
C|005186|2019|50005046050008|001|4300013948|00020|UHHC0078|1|EA|573300|KRW|573300|20190709|1300|
C|005186|2019|50005046050009|001|4300013949|00010|UHGC0134|2|EA|756000|KRW|1512000|20190709|1300|
C|005186|2019|50005046050010|001|4300013950|00010|UFGC0056|60|EA|13600|KRW|816000|20190709|1300|
C|005186|2019|50005046050011|001|4300013950|00020|UFGC0047|10|EA|6350|KRW|63500|20190709|1300|
C|005186|2019|50005046050012|001|4300013950|00030|UFGC0035|20|EA|11077|KRW|221540|20190709|1300|
C|005186|2019|50005046050013|001|4300013984|00060|UGBC0748|30|EA|4520|KRW|13560|20190709|1300|
C|005186|2019|50005046050014|001|4300013984|00070|UGBC0749|30|EA|5200|KRW|15600|20190709|1300|
C|005186|2019|50005046050015|001|4300013984|00080|UGBC0780|30|EA|5700|KRW|17100|20190709|1300|
C|005186|2019|50005046050016|001|4300013984|00090|UDBC0443|200|EA|18900|KRW|37800|20190709|1300|
C|005186|2019|50005046050017|001|4300013992|00030|UGCC0244|15|EA|9980|KRW|149700|20190709|1300|
C|005186|2019|50005046050018|001|4300013992|00040|UGCC0257|15|EA|11550|KRW|173250|20190709|1300|
C|005186|2019|50005046060001|001|4300013982|00010|UGCC0579|2|EA|968600|KRW|1937200|20190709|1300|
