C|005186|2020|50005597870001|001|4300016560|00160|UAAC0035|3|EA|46540|KRW|139620|20200413|1300|
C|005186|2020|50005597870002|001|4300016564|00060|UIEC0035|20|EA|37800|KRW|756000|20200413|1300|
C|005186|2020|50005597870003|001|4300016566|00060|UAEC0137|3|EA|46950|KRW|140850|20200413|1300|
C|005186|2020|50005597870004|001|4300016574|00010|UBEC0007|4|EA|112200|KRW|448800|20200413|1300|
C|005186|2020|50005597880001|001|4300016567|00030|UBCC0057|5|EA|31300|KRW|156500|20200413|1300|
C|005186|2020|50005597890001|001|4300016509|00010|UHTC0657|5|EA|41000|KRW|205000|20200413|1300|
C|005186|2020|50005597890002|001|4300016509|00020|UHTC0889|8|EA|99800|KRW|798400|20200413|1300|
C|005186|2020|50005597890003|001|4300016509|00030|UHTC0890|8|EA|99800|KRW|798400|20200413|1300|
C|005186|2020|50005597890004|001|4300016509|00040|UHTC0892|10|EA|23100|KRW|231000|20200413|1300|
C|005186|2020|50005597890005|001|4300016510|00010|UHTC0855|6|EA|48150|KRW|288900|20200413|1300|
C|005186|2020|50005597890006|001|4300016510|00060|UHTC0764|20|EA|19000|KRW|380000|20200413|1300|
C|005186|2020|50005597890007|001|4300016511|00020|UHTC0857|10|EA|63600|KRW|636000|20200413|1300|
C|005186|2020|50005597890008|001|4300016511|00030|UHTC0614|10|EA|49400|KRW|494000|20200413|1300|
C|005186|2020|50005597890009|001|4300016512|00010|UHTC0695|40|EA|610000|KRW|1220000|20200413|1300|
C|005186|2020|50005597890010|001|4300016512|00020|UHTC0592|10|EA|51500|KRW|515000|20200413|1300|
C|005186|2020|50005597900001|001|4300016484|00030|UHTC0392|1|EA|698250|KRW|698250|20200413|1300|
C|005186|2020|50005597900002|001|4300016510|00020|UHGC0197|5|EA|180000|KRW|180000|20200413|1300|
C|005186|2020|50005597900003|001|4300016510|00030|UHGC0283|2|EA|105000|KRW|210000|20200413|1300|
C|005186|2020|50005597900004|001|4300016510|00040|UHGC0172|2|EA|132300|KRW|264600|20200413|1300|
C|005186|2020|50005597900005|001|4300016510|00050|UHTC0503|1|EA|489500|KRW|489500|20200413|1300|
C|005186|2020|50005597900006|001|4300016511|00010|UHTC0835|2|EA|440000|KRW|880000|20200413|1300|
C|005186|2020|50005597900007|001|4300016513|00010|KE270300|100|EA|9400|KRW|47000|20200413|1300|
C|005186|2020|50005597900008|001|4300016562|00020|UHFC0232|2|EA|9790|KRW|19580|20200413|1300|
C|005186|2020|50005597900009|001|4300016562|00030|UHFC0234|2|EA|12075|KRW|24150|20200413|1300|
C|005186|2020|50005597900010|001|4300016564|00010|UCKC0035|15|EA|222600|KRW|667800|20200413|1300|
C|005186|2020|50005597900011|001|4300016564|00020|UHFC0235|2|EA|12800|KRW|25600|20200413|1300|
C|005186|2020|50005597900012|001|4300016582|00010|UHFC0020|20|EA|86630|KRW|1732600|20200413|1300|
C|005186|2020|50005599110001|001|4300016576|00010|UHDC0043|1|EA|1982000|KRW|1982000|20200413|1300|
C|005186|2020|50005599110002|001|4300016577|00010|UHHC0205|2|EA|371000|KRW|742000|20200413|1300|
C|005186|2020|50005599110003|001|4300016577|00020|UHGC0246|10|EA|109500|KRW|219000|20200413|1300|
C|005186|2020|50005599110004|001|4300016577|00030|UHHC0071|1|EA|573300|KRW|573300|20200413|1300|
C|005186|2020|50005599110005|001|4300016577|00040|UHFC0314|2|EA|61690|KRW|123380|20200413|1300|
C|005186|2020|50005599110006|001|4300016577|00050|UHFC0259|3|EA|48300|KRW|144900|20200413|1300|
C|005186|2020|50005599110007|001|4300016578|00010|UHDC0254|2|EA|114480|KRW|228960|20200413|1300|
C|005186|2020|50005599110008|001|4300016578|00020|UHTC0802|30|EA|249100|KRW|1494600|20200413|1300|
C|005186|2020|50005599110009|001|4300016579|00010|UHGC0094|2|EA|499800|KRW|999600|20200413|1300|
C|005186|2020|50005599110010|001|4300016580|00010|UHFC0246|1|EA|1848000|KRW|1848000|20200413|1300|
C|005186|2020|50005599110011|001|4300016581|00010|UHTC0772|60|EA|466400|KRW|1399200|20200413|1300|
C|005186|2020|50005599110012|001|4300016583|00010|UHGC0134|2|EA|756000|KRW|1512000|20200413|1300|
C|005186|2020|50005599110013|001|4300016583|00020|UHTC0234|5|EA|236250|KRW|236250|20200413|1300|
C|005186|2020|50005599110014|001|4300016584|00010|UHNC0113|1|EA|772800|KRW|772800|20200413|1300|
C|005186|2020|50005599120001|001|4300016559|00010|KE030011|4|EA|8190|KRW|32760|20200413|1300|
C|005186|2020|50005599120002|001|4300016559|00020|KE030200|4|EA|15230|KRW|60920|20200413|1300|
C|005186|2020|50005599120003|001|4300016559|00030|KE030205|5|EA|31290|KRW|156450|20200413|1300|
C|005186|2020|50005599120004|001|4300016559|00040|KE050003|7|EA|1400|KRW|9800|20200413|1300|
C|005186|2020|50005599120005|001|4300016559|00050|KE050302|6|EA|1160|KRW|6960|20200413|1300|
C|005186|2020|50005599120006|001|4300016559|00060|KE090112|4|EA|16800|KRW|67200|20200413|1300|
C|005186|2020|50005599120007|001|4300016559|00070|KE090136|2|EA|28980|KRW|57960|20200413|1300|
C|005186|2020|50005599120008|001|4300016559|00080|KE110200|10|EA|65100|KRW|651000|20200413|1300|
C|005186|2020|50005599120009|001|4300016559|00090|KE200113|2|EA|130000|KRW|260000|20200413|1300|
C|005186|2020|50005599120010|001|4300016559|00100|KE231001|13|EA|16150|KRW|209950|20200413|1300|
C|005186|2020|50005599120011|001|4300016559|00110|KE231403|3|EA|1840|KRW|5520|20200413|1300|
C|005186|2020|50005599120012|001|4300016559|00120|KE270300|100|EA|9400|KRW|47000|20200413|1300|
C|005186|2020|50005599120013|001|4300016559|00130|KE270302|4|EA|6900|KRW|27600|20200413|1300|
C|005186|2020|50005599120014|001|4300016559|00140|KE281401|20|EA|840|KRW|16800|20200413|1300|
