C|005186|2017|50003789470001|001|4300008656|00010|UGCC0737|1|EA|1769000|KRW|1769000|20171031|1300|
C|005186|2017|50003789470002|001|4300008666|00010|UAGC0237|1|EA|395120|KRW|395120|20171031|1300|
C|005186|2017|50003789470003|001|4300008667|00020|UAEC0084|10|EA|2750|KRW|27500|20171031|1300|
C|005186|2017|50003789470004|001|4300008667|00030|UAEC0085|10|EA|3050|KRW|30500|20171031|1300|
C|005186|2017|50003789470005|001|4300008667|00040|UAEC0086|10|EA|3400|KRW|34000|20171031|1300|
C|005186|2017|50003789470006|001|4300008667|00110|UAGC0023|50|EA|1660|KRW|83000|20171031|1300|
C|005186|2017|50003789480001|001|4300008613|00010|UGBC1196|30|EA|520|KRW|15600|20171031|1300|
C|005186|2017|50003789480002|001|4300008613|00020|UGBC1198|30|EA|620|KRW|18600|20171031|1300|
C|005186|2017|50003789480003|001|4300008613|00030|UGBC0859|30|EA|670|KRW|20100|20171031|1300|
C|005186|2017|50003789480004|001|4300008613|00040|UGBC0861|20|EA|840|KRW|16800|20171031|1300|
C|005186|2017|50003789480005|001|4300008613|00050|UGBC0231|30|EA|830|KRW|24900|20171031|1300|
C|005186|2017|50003789480006|001|4300008613|00060|UGBC0232|20|EA|950|KRW|19000|20171031|1300|
C|005186|2017|50003789480007|001|4300008613|00070|UGBC0257|20|EA|1850|KRW|37000|20171031|1300|
C|005186|2017|50003789480008|001|4300008613|00080|UGBC0258|20|EA|2100|KRW|42000|20171031|1300|
C|005186|2017|50003789480009|001|4300008613|00090|UGBC0240|5|EA|26320|KRW|131600|20171031|1300|
C|005186|2017|50003789480010|001|4300008613|00100|UGBC0326|30|EA|1260|KRW|37800|20171031|1300|
C|005186|2017|50003789480011|001|4300008613|00110|UGBC0210|5|EA|5570|KRW|27850|20171031|1300|
C|005186|2017|50003789480012|001|4300008613|00120|UGBC0827|5|EA|57750|KRW|288750|20171031|1300|
C|005186|2017|50003789480013|001|4300008667|00050|UCEC0012|5|EA|50400|KRW|252000|20171031|1300|
C|005186|2017|50003789550001|001|4300008657|00030|UHGC0325|2|EA|237000|KRW|474000|20171031|1300|
C|005186|2017|50003789550002|001|4300008658|00020|UHGC0189|5|EA|31500|KRW|157500|20171031|1300|
C|005186|2017|50003789550003|001|4300008658|00030|UHTC0227|1|EA|234260|KRW|234260|20171031|1300|
C|005186|2017|50003789550004|001|4300008659|00020|UHNC0140|2|EA|190800|KRW|381600|20171031|1300|
C|005186|2017|50003789550005|001|4300008659|00030|UHGC0055|5|EA|17100|KRW|85500|20171031|1300|
C|005186|2017|50003789550006|001|4300008660|00010|UHNC0059|1|EA|445500|KRW|445500|20171031|1300|
C|005186|2017|50003789550007|001|4300008660|00020|UHCC0010|1|EA|1007000|KRW|1007000|20171031|1300|
C|005186|2017|50003789550008|001|4300008660|00030|UHTC0520|3|EA|140000|KRW|420000|20171031|1300|
C|005186|2017|50003789550009|001|4300008661|00010|UHGC0294|5|EA|96460|KRW|482300|20171031|1300|
C|005186|2017|50003789550010|001|4300008661|00020|UHGC0294|5|EA|96460|KRW|482300|20171031|1300|
C|005186|2017|50003789550011|001|4300008661|00030|UHHC0071|1|EA|573300|KRW|573300|20171031|1300|
C|005186|2017|50003789550012|001|4300008661|00040|UHHC0069|1|EA|412650|KRW|412650|20171031|1300|
C|005186|2017|50003789550013|001|4300008667|00070|UGCC0266|5|EA|176850|KRW|884250|20171031|1300|
C|005186|2017|50003789550014|001|4300008667|00080|UAGC0444|2|EA|13500|KRW|27000|20171031|1300|
C|005186|2017|50003789550015|001|4300008669|00010|UHNC0044|1|EA|397950|KRW|397950|20171031|1300|
C|005186|2017|50003789550016|001|4300008675|00090|UGBC0300|100|EA|500|KRW|50000|20171031|1300|
C|005186|2017|50003789550017|001|4300008676|00010|UDBC0346|20|EA|46|KRW|920|20171031|1300|
C|005186|2017|50003789550018|001|4300008677|00030|UGCC0063|10|EA|22600|KRW|226000|20171031|1300|
C|005186|2017|50003789550019|001|4300008677|00040|UGCC0062|10|EA|21000|KRW|210000|20171031|1300|
C|005186|2017|50003789550020|001|4300008677|00050|UDBC0339|200|EA|27|KRW|5400|20171031|1300|
C|005186|2017|50003789550021|001|4300008707|00030|UDBC0675|15|EA|7550|KRW|113250|20171031|1300|
C|005186|2017|50003789550022|001|4300008708|00050|UGBC1399|20|EA|1850|KRW|37000|20171031|1300|
C|005186|2017|50003789550023|001|4300008708|00060|UGBC1391|20|EA|2200|KRW|44000|20171031|1300|
C|005186|2017|50003789550024|001|4300008708|00070|UGBC1536|20|EA|4560|KRW|91200|20171031|1300|
C|005186|2017|50003789550025|001|4300008708|00080|UDBC0943|30|EA|573|KRW|17190|20171031|1300|
C|005186|2017|50003789550026|001|4300008710|00120|UGBC0853|5|EA|18850|KRW|94250|20171031|1300|
C|005186|2017|50003789550027|001|4300008710|00130|UGBC0854|5|EA|30975|KRW|154875|20171031|1300|
C|005186|2017|50003789550028|001|4300008710|00140|UGBC0855|5|EA|41160|KRW|205800|20171031|1300|
C|005186|2017|50003789550029|001|4300008715|00010|KP150400|3000|EA|170|KRW|510000|20171031|1300|
C|005186|2017|50003789550030|001|4300008715|00020|UAEC0299|2|EA|18900|KRW|37800|20171031|1300|
C|005186|2017|50003789550031|001|4300008715|00030|UZZC0089|500|EA|200|KRW|100000|20171031|1300|
C|005186|2017|50003789550032|001|4300008717|00010|KE030200|2|EA|15230|KRW|30460|20171031|1300|
C|005186|2017|50003789550033|001|4300008717|00020|KE030205|1|EA|31290|KRW|31290|20171031|1300|
C|005186|2017|50003789550034|001|4300008717|00030|KE030208|1|EA|57230|KRW|57230|20171031|1300|
C|005186|2017|50003789550035|001|4300008717|00110|KE110200|10|EA|65100|KRW|651000|20171031|1300|
C|005186|2017|50003789550036|001|4300008717|00130|KE231403|15|EA|1840|KRW|27600|20171031|1300|
C|005186|2017|50003789550037|001|4300008717|00140|KE270300|100|EA|470|KRW|47000|20171031|1300|
C|005186|2017|50003789550038|001|4300008719|00030|KE210001|2|EA|53030|KRW|106060|20171031|1300|
C|005186|2017|50003789550039|001|4300008721|00210|KE190003|15|EA|29300|KRW|439500|20171031|1300|
C|005186|2017|50003789580001|001|4300008673|00010|UKBC0052|2|EA|242500|KRW|485000|20171031|1300|
C|005186|2017|50003789580002|001|4300008673|00020|UDBC0836|10|EA|1910|KRW|19100|20171031|1300|
C|005186|2017|50003789580003|001|4300008673|00030|UDBC0242|3|EA|104000|KRW|312000|20171031|1300|
C|005186|2017|50003789580004|001|4300008673|00040|UDBC0765|1|EA|93450|KRW|93450|20171031|1300|
C|005186|2017|50003789580005|001|4300008675|00050|UDAC0213|4|EA|8820|KRW|35280|20171031|1300|
C|005186|2017|50003789580006|001|4300008675|00140|UEBC0029|4|EA|25240|KRW|100960|20171031|1300|
C|005186|2017|50003789580007|001|4300008676|00040|UEBC1166|10|EA|104000|KRW|1040000|20171031|1300|
C|005186|2017|50003789580008|001|4300008676|00050|UEBC1125|4|EA|59500|KRW|238000|20171031|1300|
C|005186|2017|50003789580009|001|4300008676|00060|UEBC1296|10|EA|3180|KRW|31800|20171031|1300|
C|005186|2017|50003789580010|001|4300008676|00070|UGCC0133|4|EA|18900|KRW|75600|20171031|1300|
C|005186|2017|50003789580011|001|4300008676|00080|UEBC1279|2|EA|146000|KRW|292000|20171031|1300|
C|005186|2017|50003789580012|001|4300008676|00090|UGCC0501|1|EA|38000|KRW|38000|20171031|1300|
C|005186|2017|50003789580013|001|4300008677|00010|UGCC0502|1|EA|38000|KRW|38000|20171031|1300|
C|005186|2017|50003789580014|001|4300008677|00020|UGCC0504|1|EA|66200|KRW|66200|20171031|1300|
C|005186|2017|50003789580015|001|4300008708|00010|UEBC1392|50|EA|26500|KRW|1325000|20171031|1300|
C|005186|2017|50003789580016|001|4300008708|00040|UEBC1389|6|EA|46640|KRW|279840|20171031|1300|
C|005186|2017|50003789580017|001|4300008710|00020|UEBC0661|1|EA|75690|KRW|75690|20171031|1300|
C|005186|2017|50003789580018|001|4300008710|00090|UGBC1240|10|EA|7680|KRW|76800|20171031|1300|
C|005186|2017|50003789580019|001|4300008710|00100|UGBC1242|20|EA|12300|KRW|246000|20171031|1300|
C|005186|2017|50003789580020|001|4300008711|00010|UDAC0052|5|EA|215250|KRW|1076250|20171031|1300|
C|005186|2017|50003789580021|001|4300008711|00020|UDAC0264|5|EA|50500|KRW|252500|20171031|1300|
C|005186|2017|50003789580022|001|4300008721|00010|KS061503|6|EA|3150|KRW|18900|20171031|1300|
C|005186|2017|50003789580023|001|4300008721|00020|KS061504|2|EA|4050|KRW|8100|20171031|1300|
C|005186|2017|50003789580024|001|4300008721|00030|KS066900|5|EA|1290|KRW|6450|20171031|1300|
C|005186|2017|50003789580025|001|4300008721|00040|KS066904|2|EA|2000|KRW|4000|20171031|1300|
C|005186|2017|50003789580026|001|4300008721|00050|KS067004|5|EA|2000|KRW|10000|20171031|1300|
C|005186|2017|50003789580027|001|4300008721|00060|KS067205|4|EA|3290|KRW|13160|20171031|1300|
C|005186|2017|50003789580028|001|4300008721|00070|KS080705|1|EA|18500|KRW|18500|20171031|1300|
C|005186|2017|50003789580029|001|4300008721|00080|KS080709|5|EA|24700|KRW|123500|20171031|1300|
C|005186|2017|50003789580030|001|4300008721|00090|KS080711|2|EA|32300|KRW|64600|20171031|1300|
C|005186|2017|50003789590001|001|4300008674|00090|UGCC1159|3|EA|108200|KRW|324600|20171031|1300|
C|005186|2017|50003789590002|001|4300008675|00010|UGCC1109|2|EA|57300|KRW|114600|20171031|1300|
C|005186|2017|50003789590003|001|4300008675|00020|UGCC0393|2|EA|72220|KRW|144440|20171031|1300|
C|005186|2017|50003789590004|001|4300008675|00060|UGCC1226|1|EA|56700|KRW|56700|20171031|1300|
C|005186|2017|50003789590005|001|4300008675|00110|UGCC0939|2|EA|63000|KRW|126000|20171031|1300|
C|005186|2017|50003789590006|001|4300008675|00120|UGBC1211|5|EA|99800|KRW|499000|20171031|1300|
C|005186|2017|50003789590007|001|4300008676|00030|UGCC1126|6|EA|33400|KRW|200400|20171031|1300|
C|005186|2017|50003789590008|001|4300008705|00010|UCIC0082|2|EA|516600|KRW|1033200|20171031|1300|
C|005186|2017|50003789590009|001|4300008705|00020|UGBC1424|5|EA|185000|KRW|925000|20171031|1300|
C|005186|2017|50003789590010|001|4300008707|00010|UGBC0883|5|EA|243600|KRW|1218000|20171031|1300|
C|005186|2017|50003789590011|001|4300008707|00020|UGBC1425|5|EA|127000|KRW|635000|20171031|1300|
C|005186|2017|50003789590012|001|4300008708|00020|UGCC1151|1|EA|51000|KRW|51000|20171031|1300|
C|005186|2017|50003789590013|001|4300008708|00030|UGBC1354|2|EA|46640|KRW|93280|20171031|1300|
C|005186|2017|50003789590014|001|4300008710|00070|UGCC1090|1|EA|71000|KRW|71000|20171031|1300|
C|005186|2017|50003789610001|001|4300008657|00010|UHFC0443|1|EA|1390000|KRW|1390000|20171031|1300|
C|005186|2017|50003789610002|001|4300008658|00010|UHGC0330|5|EA|257250|KRW|1286250|20171031|1300|
C|005186|2017|50003789610003|001|4300008658|00040|UHTC0442|5|EA|24700|KRW|123500|20171031|1300|
C|005186|2017|50003789610004|001|4300008659|00010|UHGC0331|5|EA|249900|KRW|1249500|20171031|1300|
C|005186|2017|50003789610005|001|4300008662|00010|UEAC0184|5|EA|379480|KRW|1897400|20171031|1300|
C|005186|2017|50003789610006|001|4300008669|00020|UHCC0017|1|EA|1081500|KRW|1081500|20171031|1300|
C|005186|2017|50003789610007|001|4300008677|00060|UEAC0118|1|EA|524000|KRW|524000|20171031|1300|
C|005186|2017|50003789610008|001|4300008679|00010|UHHC0201|60|EA|31580|KRW|1894800|20171031|1300|
C|005186|2017|50003789610009|001|4300008717|00040|KE050004|9|EA|1400|KRW|12600|20171031|1300|
C|005186|2017|50003789610010|001|4300008717|00050|KE050201|2|EA|8460|KRW|16920|20171031|1300|
C|005186|2017|50003789610011|001|4300008717|00060|KE050502|1|EA|10000|KRW|10000|20171031|1300|
C|005186|2017|50003789610012|001|4300008717|00070|KE051050|1|EA|12600|KRW|12600|20171031|1300|
C|005186|2017|50003789610013|001|4300008717|00080|KE090106|5|EA|15370|KRW|76850|20171031|1300|
C|005186|2017|50003789610014|001|4300008717|00090|KE090112|6|EA|16800|KRW|100800|20171031|1300|
C|005186|2017|50003789610015|001|4300008717|00100|KE090165|4|EA|165900|KRW|663600|20171031|1300|
C|005186|2017|50003789610016|001|4300008717|00120|KE230003|100|EA|1870|KRW|187000|20171031|1300|
C|005186|2017|50003789610017|001|4300008717|00150|KE281401|24|EA|840|KRW|20160|20171031|1300|
C|005186|2017|50003789610018|001|4300008719|00010|KE110100|10|EA|124000|KRW|1240000|20171031|1300|
C|005186|2017|50003789610019|001|4300008719|00020|KE180203|30|EA|13650|KRW|409500|20171031|1300|
C|005186|2017|50003789610020|001|4300008719|00040|KE231001|10|EA|16150|KRW|161500|20171031|1300|
C|005186|2017|50003789640001|001|4300008670|00030|UAIC0045|3|EA|32670|KRW|98010|20171031|1300|
C|005186|2017|50003789640002|001|4300008670|00040|UAIC0046|3|EA|23820|KRW|71460|20171031|1300|
C|005186|2017|50003789640003|001|4300008674|00080|UHTC0486|1|EA|46410|KRW|46410|20171031|1300|
C|005186|2017|50003789640004|001|4300008675|00130|UHTC0486|1|EA|46410|KRW|46410|20171031|1300|
C|005186|2017|50003789640005|001|4300008679|00020|UADC0138|2|EA|13860|KRW|27720|20171031|1300|
C|005186|2017|50003789640006|001|4300008721|00130|KH990100|4|EA|27220|KRW|108880|20171031|1300|
C|005186|2017|50003789640007|001|4300008721|00140|KH990101|6|EA|7250|KRW|43500|20171031|1300|
C|005186|2017|50003789640008|001|4300008721|00150|KP100301|3|EA|31200|KRW|93600|20171031|1300|
C|005186|2017|50003789640009|001|4300008721|00160|KP150400|100|EA|170|KRW|17000|20171031|1300|
C|005186|2017|50003789640010|001|4300008721|00170|KT020008|2|EA|8030|KRW|16060|20171031|1300|
C|005186|2017|50003789640011|001|4300008721|00180|KT020009|2|EA|8030|KRW|16060|20171031|1300|
C|005186|2017|50003789640012|001|4300008721|00190|KT020010|2|EA|10190|KRW|20380|20171031|1300|
C|005186|2017|50003789640013|001|4300008721|00200|KT020011|3|EA|10400|KRW|31200|20171031|1300|
C|005186|2017|50003789640014|001|4300008721|00220|KT020610|1|EA|29150|KRW|29150|20171031|1300|
C|005186|2017|50003789640015|001|4300008723|00010|KT020013|2|EA|13110|KRW|26220|20171031|1300|
C|005186|2017|50003789640016|001|4300008723|00020|KT020015|2|EA|15720|KRW|31440|20171031|1300|
C|005186|2017|50003789640017|001|4300008723|00030|KT020016|2|EA|18620|KRW|37240|20171031|1300|
C|005186|2017|50003789640018|001|4300008723|00040|KT020017|1|EA|18730|KRW|18730|20171031|1300|
C|005186|2017|50003789640019|001|4300008723|00050|KT020019|1|EA|23570|KRW|23570|20171031|1300|
C|005186|2017|50003789640020|001|4300008723|00060|KT020023|1|EA|32400|KRW|32400|20171031|1300|
C|005186|2017|50003789640021|001|4300008723|00070|KT020600|5|EA|14910|KRW|74550|20171031|1300|
C|005186|2017|50003789640022|001|4300008723|00080|KT020611|2|EA|28140|KRW|56280|20171031|1300|
C|005186|2017|50003789640023|001|4300008723|00090|KT020613|1|EA|49000|KRW|49000|20171031|1300|
C|005186|2017|50003789660001|001|4300008675|00030|UAGC0441|10|EA|8020|KRW|80200|20171031|1300|
C|005186|2017|50003789660002|001|4300008710|00010|UAHC0017|1|EA|332630|KRW|332630|20171031|1300|
C|005186|2017|50003789660003|001|4300008710|00080|UALC0032|30|EA|2950|KRW|88500|20171031|1300|
C|005186|2017|50003789660004|001|4300008721|00100|KT020702|28|EA|470|KRW|13160|20171031|1300|
C|005186|2017|50003789660005|001|4300008721|00110|KT020704|20|EA|610|KRW|12200|20171031|1300|
C|005186|2017|50003789660006|001|4300008721|00120|KT080300|25.000|KG|2770|KRW|69250|20171031|1300|
