C|005186|2020|50005436970001|001|4300015730|00010|KS061502|9|EA|2970|KRW|26730|20200121|1300|
C|005186|2020|50005436970002|001|4300015730|00020|KS066901|2|EA|1290|KRW|2580|20200121|1300|
C|005186|2020|50005436970003|001|4300015730|00030|KS066904|3|EA|2000|KRW|6000|20200121|1300|
C|005186|2020|50005436970004|001|4300015730|00040|KS067006|2|EA|3120|KRW|6240|20200121|1300|
C|005186|2020|50005436970005|001|4300015730|00050|KS067210|2|EA|14350|KRW|28700|20200121|1300|
C|005186|2020|50005436970006|001|4300015730|00060|KS080705|2|EA|18500|KRW|37000|20200121|1300|
C|005186|2020|50005436970007|001|4300015730|00070|KS080709|3|EA|24700|KRW|74100|20200121|1300|
C|005186|2020|50005436970008|001|4300015730|00080|KS080711|4|EA|32300|KRW|129200|20200121|1300|
C|005186|2020|50005436970009|001|4300015730|00090|KS080721|3|EA|71710|KRW|215130|20200121|1300|
C|005186|2020|50005436970010|001|4300015730|00100|KS990008|2|EA|39900|KRW|79800|20200121|1300|
C|005186|2020|50005436980001|001|4300015652|00010|UCIC0033|1|EA|840000|KRW|840000|20200121|1300|
C|005186|2020|50005436980002|001|4300015690|00010|UGBC1360|2|EA|212000|KRW|424000|20200121|1300|
C|005186|2020|50005436980003|001|4300015690|00020|UGBC0352|40|EA|7400|KRW|14800|20200121|1300|
C|005186|2020|50005436980004|001|4300015690|00030|UGBC0355|40|EA|530|KRW|21200|20200121|1300|
C|005186|2020|50005436980005|001|4300015690|00040|UGBC0015|20|EA|650|KRW|13000|20200121|1300|
C|005186|2020|50005436980006|001|4300015690|00050|UGBC0016|10|EA|910|KRW|9100|20200121|1300|
C|005186|2020|50005436980007|001|4300015690|00060|UGBC1196|30|EA|5200|KRW|15600|20200121|1300|
C|005186|2020|50005436980008|001|4300015690|00070|UGBC1198|20|EA|620|KRW|12400|20200121|1300|
C|005186|2020|50005436980009|001|4300015690|00080|UGBC0354|20|EA|880|KRW|17600|20200121|1300|
C|005186|2020|50005436980010|001|4300015690|00090|UGBC0375|20|EA|31600|KRW|31600|20200121|1300|
C|005186|2020|50005436980011|001|4300015690|00100|UGBC1168|20|EA|3990|KRW|79800|20200121|1300|
C|005186|2020|50005436980012|001|4300015690|00110|UGBC0536|10|EA|5460|KRW|54600|20200121|1300|
C|005186|2020|50005436980013|001|4300015690|00120|UGBC1169|10|EA|105000|KRW|105000|20200121|1300|
C|005186|2020|50005436990001|001|4300015746|00120|UCHC0023|4|EA|100000|KRW|400000|20200121|1300|
C|005186|2020|50005437000001|001|4300015732|00010|KT020005|2|EA|5640|KRW|11280|20200121|1300|
C|005186|2020|50005437000002|001|4300015732|00020|KT020012|1|EA|13110|KRW|13110|20200121|1300|
C|005186|2020|50005437000003|001|4300015732|00030|KT020013|2|EA|13110|KRW|26220|20200121|1300|
C|005186|2020|50005437000004|001|4300015732|00040|KT020500|20|EA|31100|KRW|62200|20200121|1300|
C|005186|2020|50005437000005|001|4300015732|00050|KT020600|3|EA|14910|KRW|44730|20200121|1300|
C|005186|2020|50005437000006|001|4300015732|00060|KT020611|1|EA|28140|KRW|28140|20200121|1300|
C|005186|2020|50005437000007|001|4300015732|00070|KT020612|1|EA|44100|KRW|44100|20200121|1300|
C|005186|2020|50005437000008|001|4300015732|00080|KT020613|2|EA|49000|KRW|98000|20200121|1300|
C|005186|2020|50005437000009|001|4300015732|00090|KT080311|2|EA|72980|KRW|145960|20200121|1300|
C|005186|2020|50005437000010|001|4300015732|00100|KT080371|37|EA|53|KRW|1961|20200121|1300|
C|005186|2020|50005437000011|001|4300015732|00110|KT080500|2|EA|26500|KRW|53000|20200121|1300|
C|005186|2020|50005437000012|001|4300015732|00120|KT080520|3|EA|2760|KRW|8280|20200121|1300|
C|005186|2020|50005437910001|001|4300015731|00010|KE030200|3|EA|15230|KRW|45690|20200121|1300|
C|005186|2020|50005437910002|001|4300015731|00020|KE030205|3|EA|31290|KRW|93870|20200121|1300|
C|005186|2020|50005437910003|001|4300015731|00030|KE050701|7|EA|2630|KRW|18410|20200121|1300|
C|005186|2020|50005437910004|001|4300015731|00050|KE090106|4|EA|15370|KRW|61480|20200121|1300|
C|005186|2020|50005437910005|001|4300015731|00060|KE090127|2|EA|34000|KRW|68000|20200121|1300|
C|005186|2020|50005437910006|001|4300015731|00070|KE190003|4|EA|29300|KRW|117200|20200121|1300|
C|005186|2020|50005437910007|001|4300015731|00080|KE231001|15|EA|16150|KRW|242250|20200121|1300|
C|005186|2020|50005437910008|001|4300015731|00090|KE270300|60|EA|9400|KRW|28200|20200121|1300|
C|005186|2020|50005437910009|001|4300015731|00100|KE270302|4|EA|6900|KRW|27600|20200121|1300|
C|005186|2020|50005437920001|001|4300015748|00010|UIEC0007|5|EA|7080|KRW|35400|20200121|1300|
C|005186|2020|50005437920002|001|4300015748|00020|UDBC0071|3|EA|14700|KRW|44100|20200121|1300|
C|005186|2020|50005437920003|001|4300015756|00040|UIDC0085|5|EA|111160|KRW|555800|20200121|1300|
C|005186|2020|50005437930001|001|4300015746|00010|UGBC0860|30|EA|1700|KRW|51000|20200121|1300|
C|005186|2020|50005437930002|001|4300015746|00030|UGBC0602|20|EA|3680|KRW|73600|20200121|1300|
C|005186|2020|50005437930003|001|4300015746|00040|UGBC0609|20|EA|6400|KRW|128000|20200121|1300|
C|005186|2020|50005437930004|001|4300015746|00050|UGBC0234|40|EA|44200|KRW|88400|20200121|1300|
C|005186|2020|50005437930005|001|4300015746|00060|UGBC0458|20|EA|3570|KRW|71400|20200121|1300|
C|005186|2020|50005437930006|001|4300015746|00070|UGBC0647|1|EA|385000|KRW|385000|20200121|1300|
C|005186|2020|50005437930007|001|4300015746|00090|UGBC1194|10|EA|8400|KRW|84000|20200121|1300|
C|005186|2020|50005437930008|001|4300015746|00100|UGBC0636|10|EA|13650|KRW|136500|20200121|1300|
C|005186|2020|50005437930009|001|4300015746|00110|UGBC0637|10|EA|17850|KRW|178500|20200121|1300|
C|005186|2020|50005437940001|001|4300015105|00040|UDDC0078|1|EA|99540|KRW|99540|20200121|1300|
C|005186|2020|50005437940002|001|4300015756|00010|UEAC0172|1|EA|700000|KRW|700000|20200121|1300|
C|005186|2020|50005437940003|001|4300015756|00020|UEBC0791|20|EA|27000|KRW|27000|20200121|1300|
C|005186|2020|50005437940004|001|4300015756|00030|UEBC1445|10|EA|7760|KRW|77600|20200121|1300|
C|005186|2020|50005437940005|001|4300015756|00050|UEBC0139|5|EA|56050|KRW|56050|20200121|1300|
C|005186|2020|50005437940006|001|4300015757|00010|UEBC0995|5|EA|67110|KRW|335550|20200121|1300|
C|005186|2020|50005437940007|001|4300015757|00020|UDAC0252|10|EA|31600|KRW|63200|20200121|1300|
C|005186|2020|50005437940008|001|4300015757|00030|UDEC0098|400|EA|168000|KRW|1344000|20200121|1300|
C|005186|2020|50005437950001|001|4300015813|00020|UGCC0488|1|EA|193200|KRW|193200|20200121|1300|
C|005186|2020|50005437950002|001|4300015813|00040|UAEC0299|7|EA|18900|KRW|132300|20200121|1300|
C|005186|2020|50005437950003|001|4300015813|00050|UGCC0528|1|EA|499000|KRW|499000|20200121|1300|
C|005186|2020|50005437950004|001|4300015814|00010|UHTC0833|2|EA|79690|KRW|159380|20200121|1300|
C|005186|2020|50005437950005|001|4300015814|00020|UAEC0145|4|EA|208420|KRW|833680|20200121|1300|
C|005186|2020|50005437950006|001|4300015814|00030|UAEC0146|5|EA|84210|KRW|421050|20200121|1300|
C|005186|2020|50005437950007|001|4300015814|00040|UIEC0083|20|EA|17790|KRW|355800|20200121|1300|
C|005186|2020|50005437950008|001|4300015814|00050|UEBC1073|10|EA|57850|KRW|115700|20200121|1300|
C|005186|2020|50005437950009|001|4300015815|00020|UDBC0297|100|EA|1300|KRW|1300|20200121|1300|
C|005186|2020|50005437950010|001|4300015815|00040|UEBC1613|10|EA|3300|KRW|33000|20200121|1300|
C|005186|2020|50005437950011|001|4300015815|00060|UGBC1762|5|EA|63000|KRW|315000|20200121|1300|
C|005186|2020|50005437950012|001|4300015816|00010|UGCC0098|2|EA|36230|KRW|72460|20200121|1300|
C|005186|2020|50005437950013|001|4300015816|00030|UDBC1093|1000|EA|2300|KRW|23000|20200121|1300|
C|005186|2020|50005437950014|001|4300015816|00040|UAEC0140|100|EA|20600|KRW|206000|20200121|1300|
C|005186|2020|50005437950015|001|4300015816|00050|UGBC0449|100|EA|25400|KRW|127000|20200121|1300|
C|005186|2020|50005437950016|001|4300015816|00070|UAEC0139|6|EA|11150|KRW|66900|20200121|1300|
C|005186|2020|50005437950017|001|4300015817|00010|UAEC0129|5|EA|97130|KRW|485650|20200121|1300|
C|005186|2020|50005437950018|001|4300015817|00020|UFGC0063|13|EA|10290|KRW|133770|20200121|1300|
C|005186|2020|50005437950019|001|4300015817|00050|UAEC0261|2|EA|3090|KRW|6180|20200121|1300|
C|005186|2020|50005437950020|001|4300015817|00060|UAKC0001|2|EA|6090|KRW|12180|20200121|1300|
C|005186|2020|50005437950021|001|4300015817|00090|UAEC0076|2|EA|24210|KRW|48420|20200121|1300|
C|005186|2020|50005437950022|001|4300015817|00100|UAEC0055|2|EA|30760|KRW|30760|20200121|1300|
C|005186|2020|50005437950023|001|4300015817|00130|UAEC0249|1|EA|3450|KRW|3450|20200121|1300|
C|005186|2020|50005437950024|001|4300015817|00140|UGCC1075|1|EA|185000|KRW|185000|20200121|1300|
C|005186|2020|50005437950025|001|4300015817|00150|UGCC1247|2|EA|250850|KRW|501700|20200121|1300|
C|005186|2020|50005437950026|001|4300015819|00010|UGCC0719|1|EA|862640|KRW|862640|20200121|1300|
C|005186|2020|50005437950027|001|4300015819|00020|UDBC0380|10|EA|440|KRW|4400|20200121|1300|
C|005186|2020|50005437960001|001|4300015803|00060|UGCC0206|40|EA|34900|KRW|139600|20200121|1300|
C|005186|2020|50005437960002|001|4300015803|00070|UGCC0209|30|EA|32900|KRW|98700|20200121|1300|
C|005186|2020|50005437960003|001|4300015803|00080|UGCC0210|30|EA|32900|KRW|98700|20200121|1300|
C|005186|2020|50005437960004|001|4300015803|00090|UGBC0765|40|EA|5100|KRW|20400|20200121|1300|
C|005186|2020|50005437960005|001|4300015803|00100|UGBC0770|20|EA|11550|KRW|23100|20200121|1300|
C|005186|2020|50005437960006|001|4300015803|00110|UGBC0773|20|EA|12180|KRW|24360|20200121|1300|
C|005186|2020|50005437960007|001|4300015803|00120|UGBC0748|30|EA|4520|KRW|13560|20200121|1300|
C|005186|2020|50005437960008|001|4300015803|00130|UGBC0749|30|EA|5200|KRW|15600|20200121|1300|
C|005186|2020|50005437960009|001|4300015803|00140|UGBC0750|30|EA|12900|KRW|38700|20200121|1300|
C|005186|2020|50005437960010|001|4300015803|00150|UGBC0753|20|EA|7400|KRW|14800|20200121|1300|
C|005186|2020|50005437960011|001|4300015803|00160|UGBC0781|30|EA|5800|KRW|17400|20200121|1300|
C|005186|2020|50005437960012|001|4300015803|00170|UGBC0782|30|EA|7200|KRW|21600|20200121|1300|
C|005186|2020|50005437960013|001|4300015803|00180|UGBC0783|20|EA|8300|KRW|16600|20200121|1300|
C|005186|2020|50005437960014|001|4300015803|00190|UGBC0792|20|EA|8400|KRW|16800|20200121|1300|
C|005186|2020|50005437960015|001|4300015803|00200|UGBC0793|20|EA|10300|KRW|20600|20200121|1300|
C|005186|2020|50005437960016|001|4300015803|00210|UGBC0794|20|EA|1380|KRW|27600|20200121|1300|
C|005186|2020|50005437960017|001|4300015803|00220|UGBC0787|20|EA|7200|KRW|14400|20200121|1300|
C|005186|2020|50005437960018|001|4300015803|00230|UGBC0788|20|EA|9200|KRW|18400|20200121|1300|
C|005186|2020|50005437960019|001|4300015803|00240|UGBC0790|20|EA|12300|KRW|24600|20200121|1300|
C|005186|2020|50005437960020|001|4300015803|00250|UGCC0214|20|EA|46000|KRW|92000|20200121|1300|
C|005186|2020|50005437960021|001|4300015803|00260|UGBC0786|20|EA|8500|KRW|17000|20200121|1300|
