C|005186|2019|50004890780001|001|4300013329|00010|UABC0026|1|EA|25790|KRW|25790|20190426|1300|
C|005186|2019|50004890780002|001|4300013329|00020|UADC0145|1|EA|70702|KRW|70702|20190426|1300|
C|005186|2019|50004890780003|001|4300013329|00030|UAEC0015|1|EA|9830|KRW|9830|20190426|1300|
C|005186|2019|50004890780004|001|4300013329|00040|UAEC0019|1|EA|158550|KRW|158550|20190426|1300|
C|005186|2019|50004890780005|001|4300013329|00050|UAEC0021|1|EA|32130|KRW|32130|20190426|1300|
C|005186|2019|50004890780006|001|4300013329|00060|UAEC0031|1|EA|10530|KRW|10530|20190426|1300|
C|005186|2019|50004890780007|001|4300013329|00070|UAEC0034|1|EA|3470|KRW|3470|20190426|1300|
C|005186|2019|50004890780008|001|4300013329|00080|UAEC0035|1|EA|3470|KRW|3470|20190426|1300|
C|005186|2019|50004890780009|001|4300013329|00090|UAEC0058|2|EA|24700|KRW|24700|20190426|1300|
C|005186|2019|50004890780010|001|4300013329|00100|UAEC0073|1|EA|5540|KRW|5540|20190426|1300|
C|005186|2019|50004890780011|001|4300013329|00110|UAEC0074|1|EA|9110|KRW|9110|20190426|1300|
C|005186|2019|50004890780012|001|4300013329|00120|UAEC0081|1|EA|11580|KRW|11580|20190426|1300|
C|005186|2019|50004890780013|001|4300013329|00130|UAEC0095|1|EA|22630|KRW|22630|20190426|1300|
C|005186|2019|50004890780014|001|4300013329|00140|UAEC0096|1|EA|29190|KRW|29190|20190426|1300|
C|005186|2019|50004890780015|001|4300013329|00150|UAEC0134|1|EA|44950|KRW|44950|20190426|1300|
C|005186|2019|50004890780016|001|4300013329|00160|UAEC0136|1|EA|25200|KRW|25200|20190426|1300|
C|005186|2019|50004890780017|001|4300013329|00170|UAEC0223|2|EA|4500|KRW|4500|20190426|1300|
C|005186|2019|50004890780018|001|4300013329|00180|UAEC0224|2|EA|4680|KRW|4680|20190426|1300|
C|005186|2019|50004890780019|001|4300013329|00190|UAEC0378|1|EA|91350|KRW|91350|20190426|1300|
C|005186|2019|50004890780020|001|4300013329|00200|UAEC0234|1|EA|61580|KRW|61580|20190426|1300|
C|005186|2019|50004890780021|001|4300013329|00210|UAEC0343|1|EA|5170|KRW|5170|20190426|1300|
C|005186|2019|50004890780022|001|4300013329|00220|UAEC0288|1|EA|5500|KRW|5500|20190426|1300|
C|005186|2019|50004890780023|001|4300013329|00230|UAEC0408|1|EA|6150|KRW|6150|20190426|1300|
C|005186|2019|50004890780024|001|4300013329|00240|UAEC0290|2|EA|12720|KRW|12720|20190426|1300|
C|005186|2019|50004890780025|001|4300013329|00250|UAEC0294|2|EA|16240|KRW|16240|20190426|1300|
C|005186|2019|50004890780026|001|4300013329|00260|UAEC0297|2|EA|26560|KRW|26560|20190426|1300|
C|005186|2019|50004890780027|001|4300013329|00270|UAEC0409|1|EA|11910|KRW|11910|20190426|1300|
C|005186|2019|50004890780028|001|4300013329|00280|UAEC0410|1|EA|19710|KRW|19710|20190426|1300|
C|005186|2019|50004890780029|001|4300013329|00290|UAEC0041|1|EA|22110|KRW|22110|20190426|1300|
C|005186|2019|50004890780030|001|4300013329|00300|UAEC0445|1|EA|23640|KRW|23640|20190426|1300|
C|005186|2019|50004890780031|001|4300013329|00310|UADC0078|1|EA|7670|KRW|7670|20190426|1300|
C|005186|2019|50004890780032|001|4300013329|00320|UICC0061|1|EA|4540|KRW|4540|20190426|1300|
C|005186|2019|50004890790001|001|4300013196|00010|UHTC0861|6|EA|95400|KRW|572400|20190426|1300|
C|005186|2019|50004890790002|001|4300013197|00010|UHTC0862|20|EA|90950|KRW|1819000|20190426|1300|
C|005186|2019|50004890790003|001|4300013236|00060|UGBC1645|2|EA|31500|KRW|63000|20190426|1300|
C|005186|2019|50004890790004|001|4300013280|00030|UGCC0971|1|EA|134000|KRW|134000|20190426|1300|
C|005186|2019|50004890790005|001|4300013281|00030|UABC0044|20|EA|110400|KRW|220800|20190426|1300|
C|005186|2019|50004890790006|001|4300013294|00010|UGCC1086|10|EA|26500|KRW|265000|20190426|1300|
C|005186|2019|50004890790007|001|4300013296|00090|UGCC1087|10|EA|33900|KRW|339000|20190426|1300|
C|005186|2019|50004890790008|001|4300013343|00010|UAHC0059|5|EA|38850|KRW|194250|20190426|1300|
C|005186|2019|50004890790009|001|4300013343|00020|UCKC0058|2|EA|343200|KRW|686400|20190426|1300|
C|005186|2019|50004890790010|001|4300013343|00030|UHTC0246|40|EA|169400|KRW|338800|20190426|1300|
C|005186|2019|50004890790011|001|4300013343|00050|UGBC1718|100|EA|34650|KRW|346500|20190426|1300|
C|005186|2019|50004890790012|001|4300013343|00060|UAEC0224|6|EA|4680|KRW|14040|20190426|1300|
C|005186|2019|50004890790013|001|4300013343|00070|UAEC0216|6|EA|5320|KRW|15960|20190426|1300|
C|005186|2019|50004890790014|001|4300013344|00020|UAEC0246|6|EA|5840|KRW|17520|20190426|1300|
C|005186|2019|50004890790015|001|4300013344|00030|UAKC0021|5|EA|10200|KRW|51000|20190426|1300|
C|005186|2019|50004890790016|001|4300013344|00040|UKBC0016|6|EA|10110|KRW|60660|20190426|1300|
C|005186|2019|50004890790017|001|4300013344|00050|UDAC0266|100|EA|484000|KRW|484000|20190426|1300|
C|005186|2019|50004890790018|001|4300013344|00060|UGCC0629|1|EA|32130|KRW|32130|20190426|1300|
C|005186|2019|50004890790019|001|4300013345|00010|UAEC0463|10|EA|840000|KRW|1680000|20190426|1300|
C|005186|2019|50004890800001|001|4300013285|00090|UFFC0012|20|EA|31190|KRW|623800|20190426|1300|
C|005186|2019|50004890800002|001|4300013287|00010|UIDC0087|1|EA|185260|KRW|185260|20190426|1300|
C|005186|2019|50004890800003|001|4300013293|00020|UDFC0118|2|EA|17870|KRW|35740|20190426|1300|
C|005186|2019|50004890800004|001|4300013293|00030|UDEC0049|1|EA|27510|KRW|27510|20190426|1300|
C|005186|2019|50004890800005|001|4300013330|00010|UFFC0034|1|EA|231660|KRW|231660|20190426|1300|
C|005186|2019|50004890800006|001|4300013343|00040|UFFC0012|10|EA|31190|KRW|311900|20190426|1300|
C|005186|2019|50004890800007|001|4300013353|00010|UFDC0003|60|EA|458400|KRW|916800|20190426|1300|
C|005186|2019|50004890800008|001|4300013356|00010|UFFC0031|2|EA|231000|KRW|462000|20190426|1300|
C|005186|2019|50004890800009|001|4300013356|00020|UFFC0004|1|EA|171190|KRW|171190|20190426|1300|
C|005186|2019|50004890800010|001|4300013356|00030|UFFC0014|1|EA|98900|KRW|98900|20190426|1300|
