C|005186|2018|50004106230001|001|4300009982|00020|CMF0004|7|EA|17000|KRW|119000|20180330|1300|
C|005186|2018|50004106240001|001|4300009822|00010|UEAC0142|1|EA|48000|KRW|48000|20180330|1300|
C|005186|2018|50004106240002|001|4300009874|00010|UICC0060|1|EA|11600|KRW|11600|20180330|1300|
C|005186|2018|50004106240003|001|4300009921|00030|UDBC0185|200|EA|9500|KRW|19000|20180330|1300|
C|005186|2018|50004106240004|001|4300009927|00010|UEBC1386|1|EA|1240000|KRW|1240000|20180330|1300|
C|005186|2018|50004106250001|001|4300009871|00020|UDBC1041|100|EA|37|KRW|3700|20180330|1300|
C|005186|2018|50004106250002|001|4300009872|00100|UGCC0629|1|EA|32130|KRW|32130|20180330|1300|
C|005186|2018|50004106250003|001|4300009897|00010|UDFC0175|2|EA|35830|KRW|71660|20180330|1300|
C|005186|2018|50004106250004|001|4300009903|00030|UDBC0671|10|EA|1790|KRW|17900|20180330|1300|
C|005186|2018|50004106250005|001|4300009945|00010|UGBC1410|1|EA|58300|KRW|58300|20180330|1300|
C|005186|2018|50004106260001|001|4300009887|00010|UJCC0058|1|EA|12630|KRW|12630|20180330|1300|
C|005186|2018|50004106260002|001|4300009887|00030|UAIC0012|2|EA|36610|KRW|73220|20180330|1300|
C|005186|2018|50004106260003|001|4300009887|00060|UGBC1435|2|EA|5350|KRW|10700|20180330|1300|
C|005186|2018|50004106260004|001|4300009887|00070|UGCC0026|1|EA|65100|KRW|65100|20180330|1300|
C|005186|2018|50004106260005|001|4300009887|00080|UGCC0027|1|EA|53570|KRW|53570|20180330|1300|
C|005186|2018|50004106260006|001|4300009888|00040|UGBC1342|10|EA|2630|KRW|26300|20180330|1300|
C|005186|2018|50004106260007|001|4300009889|00010|UGCC0995|28|EA|38200|KRW|1069600|20180330|1300|
C|005186|2018|50004106260008|001|4300009889|00020|UGBC1341|20|EA|1100|KRW|22000|20180330|1300|
C|005186|2018|50004106260009|001|4300009889|00120|UGCC0630|1|EA|36750|KRW|36750|20180330|1300|
C|005186|2018|50004106260010|001|4300009891|00020|UGCC0240|10|EA|16900|KRW|169000|20180330|1300|
C|005186|2018|50004106260011|001|4300009891|00050|UGCC0611|5|EA|9660|KRW|48300|20180330|1300|
C|005186|2018|50004106260012|001|4300009895|00030|UZZC0097|1|EA|70760|KRW|70760|20180330|1300|
C|005186|2018|50004106260013|001|4300009895|00040|UDBC0767|20|EA|190|KRW|3800|20180330|1300|
C|005186|2018|50004106260014|001|4300009896|00020|UGCC0506|2|EA|24200|KRW|48400|20180330|1300|
C|005186|2018|50004106260015|001|4300009896|00030|UGCC0510|2|EA|41060|KRW|82120|20180330|1300|
C|005186|2018|50004106260016|001|4300009921|00040|UFFC0012|1|EA|31190|KRW|31190|20180330|1300|
