C|005186|2013|50000175130001|001|4300000296|00070|UKEC0051|5|EA|71400|KRW|357000|20130715|1300|
C|005186|2013|50000175130002|001|4300000296|00080|UKEC0046|5|EA|73500|KRW|367500|20130715|1300|
C|005186|2013|50000175130003|001|4300000296|00090|UKEC0038|2|EA|27300|KRW|54600|20130715|1300|
C|005186|2013|50000175130004|001|4300000296|00140|UJAC0001|100|EA|890|KRW|89000|20130715|1300|
C|005186|2013|50000175130005|001|4300000296|00150|UJAC0002|100|EA|890|KRW|89000|20130715|1300|
C|005186|2013|50000175130006|001|4300000296|00180|UHFC0235|4|EA|12800|KRW|51200|20130715|1300|
C|005186|2013|50000175130007|001|4300000296|00190|UJAC0107|4|EA|24100|KRW|96400|20130715|1300|
C|005186|2013|50000175130008|001|4300000296|00210|UZZC0023|10|EA|3045|KRW|30450|20130715|1300|
C|005186|2013|50000175130009|001|4300000296|00260|UHTC0246|30|EA|8470|KRW|254100|20130715|1300|
C|005186|2013|50000175130010|001|4300000298|00010|UJAC0109|4|EA|25470|KRW|101880|20130715|1300|
C|005186|2013|50000175130011|001|4300000298|00020|UKBC0010|2|EA|91480|KRW|182960|20130715|1300|
C|005186|2013|50000175130012|001|4300000298|00030|UHTC0244|30|EA|3500|KRW|105000|20130715|1300|
C|005186|2013|50000175130013|001|4300000304|00030|UGCC0197|2|EA|236840|KRW|473680|20130715|1300|
C|005186|2013|50000175130014|001|4300000304|00040|UKEC0051|1|EA|71400|KRW|71400|20130715|1300|
C|005186|2013|50000175130015|001|4300000304|00050|UKEC0071|1|EA|105200|KRW|105200|20130715|1300|
C|005186|2013|50000175130016|001|4300000304|00060|UKEC0065|1|EA|28350|KRW|28350|20130715|1300|
C|005186|2013|50000175130017|001|4300000304|00070|UKEC0086|5|EA|2100|KRW|10500|20130715|1300|
C|005186|2013|50000175130018|001|4300000304|00080|UKEC0099|5|EA|1365|KRW|6825|20130715|1300|
C|005186|2013|50000175130019|001|4300000304|00090|UKEC0041|1|EA|73500|KRW|73500|20130715|1300|
C|005186|2013|50000175130020|001|4300000304|00100|UDBC0644|100|EA|32|KRW|3200|20130715|1300|
C|005186|2013|50000175130021|001|4300000304|00110|UDBC0783|20|EA|21|KRW|420|20130715|1300|
C|005186|2013|50000175130022|001|4300000304|00120|UDBC0330|10|EA|400|KRW|4000|20130715|1300|
C|005186|2013|50000175130023|001|4300000304|00130|UKGC0004|20|EA|5890|KRW|117800|20130715|1300|
C|005186|2013|50000175130024|001|4300000304|00140|UAGC0196|200|EA|379|KRW|75800|20130715|1300|
C|005186|2013|50000175130025|001|4300000304|00150|UGCC0073|12|EA|136500|KRW|1638000|20130715|1300|
C|005186|2013|50000175130026|001|4300000330|00010|UEBC0656|2|EA|58380|KRW|116760|20130715|1300|
C|005186|2013|50000175130027|001|4300000330|00020|UEBC0772|10|EA|2500|KRW|25000|20130715|1300|
C|005186|2013|50000175130028|001|4300000330|00030|UEBC0773|10|EA|1470|KRW|14700|20130715|1300|
C|005186|2013|50000175130029|001|4300000330|00040|UAIC0013|1|EA|45680|KRW|45680|20130715|1300|
C|005186|2013|50000175130030|001|4300000330|00050|UGCC0073|5|EA|136500|KRW|682500|20130715|1300|
C|005186|2013|50000175130031|001|4300000330|00070|UGBC0955|50|EA|3680|KRW|184000|20130715|1300|
C|005186|2013|50000175130032|001|4300000331|00010|UAEC0185|1|EA|89360|KRW|89360|20130715|1300|
C|005186|2013|50000175130033|001|4300000331|00020|UAEC0192|1|EA|186900|KRW|186900|20130715|1300|
C|005186|2013|50000175130034|001|4300000331|00030|UGCC0073|8|EA|136500|KRW|1092000|20130715|1300|
C|005186|2013|50000175130035|001|4300000331|00040|UKEC0071|2|EA|105200|KRW|210400|20130715|1300|
C|005186|2013|50000175130036|001|4300000331|00050|UKEC0051|1|EA|71400|KRW|71400|20130715|1300|
C|005186|2013|50000175130037|001|4300000331|00060|UKEC0088|5|EA|2000|KRW|10000|20130715|1300|
C|005186|2013|50000175130038|001|4300000331|00070|UKEC0077|1|EA|26250|KRW|26250|20130715|1300|
C|005186|2013|50000175130039|001|4300000331|00080|UALC0091|5|EA|31400|KRW|157000|20130715|1300|
C|005186|2013|50000175130040|001|4300000331|00090|UALC0110|2|EA|550400|KRW|1100800|20130715|1300|
C|005186|2013|50000175130041|001|4300000331|00100|UALC0108|3|EA|91210|KRW|273630|20130715|1300|
C|005186|2013|50000175140001|001|4300000300|00020|UJAC0074|2|EA|12740|KRW|25480|20130715|1300|
C|005186|2013|50000175140002|001|4300000300|00030|UJAC0072|2|EA|12600|KRW|25200|20130715|1300|
C|005186|2013|50000175140003|001|4300000300|00040|UDFC0113|10|EA|5040|KRW|50400|20130715|1300|
C|005186|2013|50000175140004|001|4300000300|00050|UGCC0021|1|EA|189530|KRW|189530|20130715|1300|
C|005186|2013|50000175140005|001|4300000300|00060|UGCC0022|1|EA|86630|KRW|86630|20130715|1300|
C|005186|2013|50000175140006|001|4300000300|00070|UHHC0138|3|EA|80850|KRW|242550|20130715|1300|
C|005186|2013|50000175140007|001|4300000302|00010|UEBC0472|6|EA|11180|KRW|67080|20130715|1300|
C|005186|2013|50000175140008|001|4300000302|00020|UCEC0012|5|EA|50400|KRW|252000|20130715|1300|
C|005186|2013|50000175140009|001|4300000302|00030|UJCC0053|5|EA|42000|KRW|210000|20130715|1300|
C|005186|2013|50000175140010|001|4300000302|00040|UEBC0735|1|EA|14330|KRW|14330|20130715|1300|
C|005186|2013|50000175140011|001|4300000302|00050|UDBC0656|150|EA|60|KRW|9000|20130715|1300|
C|005186|2013|50000175140012|001|4300000302|00060|UDDC0340|1|EA|151900|KRW|151900|20130715|1300|
C|005186|2013|50000175140013|001|4300000302|00070|UIDC0039|1|EA|48300|KRW|48300|20130715|1300|
C|005186|2013|50000175140014|001|4300000302|00080|UDDC0136|20|EA|13545|KRW|270900|20130715|1300|
C|005186|2013|50000175140015|001|4300000302|00090|UEBC0545|8|EA|66250|KRW|530000|20130715|1300|
C|005186|2013|50000175140016|001|4300000302|00100|UDBC0247|2|EA|430500|KRW|861000|20130715|1300|
C|005186|2013|50000175140017|001|4300000302|00110|UEBC0587|10|EA|10980|KRW|109800|20130715|1300|
C|005186|2013|50000175140018|001|4300000302|00120|UDDC0145|5|EA|79500|KRW|397500|20130715|1300|
C|005186|2013|50000175140019|001|4300000302|00130|UIDC0051|10|EA|185000|KRW|1850000|20130715|1300|
C|005186|2013|50000175140020|001|4300000302|00140|UEBC0655|2|EA|144900|KRW|289800|20130715|1300|
C|005186|2013|50000175140021|001|4300000302|00150|UADC0077|5|EA|5796|KRW|28980|20130715|1300|
C|005186|2013|50000175140022|001|4300000307|00010|UEBC0249|2|EA|25470|KRW|50940|20130715|1300|
C|005186|2013|50000175140023|001|4300000307|00020|UDDC0149|1|EA|39900|KRW|39900|20130715|1300|
C|005186|2013|50000175140024|001|4300000307|00030|UDAC0078|10|EA|4210|KRW|42100|20130715|1300|
C|005186|2013|50000175140025|001|4300000307|00040|UDDC0168|1|EA|35280|KRW|35280|20130715|1300|
C|005186|2013|50000175140026|001|4300000307|00050|UDDC0178|1|EA|384550|KRW|384550|20130715|1300|
C|005186|2013|50000175140027|001|4300000307|00060|UDDC0180|1|EA|15440|KRW|15440|20130715|1300|
C|005186|2013|50000175140028|001|4300000307|00070|UIDC0004|1|EA|424200|KRW|424200|20130715|1300|
C|005186|2013|50000175140029|001|4300000307|00090|UAJC0033|10|EA|6020|KRW|60200|20130715|1300|
C|005186|2013|50000175140030|001|4300000307|00100|UAGC0193|100|EA|3255|KRW|325500|20130715|1300|
C|005186|2013|50000175140031|001|4300000307|00140|UDAC0096|50|EA|2310|KRW|115500|20130715|1300|
C|005186|2013|50000175140032|001|4300000307|00150|UBCC0019|2|EA|48300|KRW|96600|20130715|1300|
C|005186|2013|50000175140033|001|4300000324|00060|UHHC0138|3|EA|80850|KRW|242550|20130715|1300|
C|005186|2013|50000175140034|001|4300000324|00070|UEBC0249|2|EA|25470|KRW|50940|20130715|1300|
C|005186|2013|50000175140035|001|4300000324|00100|UDDC0178|1|EA|384550|KRW|384550|20130715|1300|
C|005186|2013|50000175140036|001|4300000324|00120|UIDC0004|1|EA|424200|KRW|424200|20130715|1300|
C|005186|2013|50000175140037|001|4300000324|00130|UDDC0136|20|EA|13545|KRW|270900|20130715|1300|
C|005186|2013|50000175140038|001|4300000324|00140|UAJC0033|10|EA|6020|KRW|60200|20130715|1300|
C|005186|2013|50000175150001|001|4300000346|00010|UFGC0017|150|EA|3500|KRW|525000|20130715|1300|
