C|005186|2020|50005414430001|001|4300015679|00010|UHNC0043|1|EA|247000|KRW|247000|20200109|1300|
C|005186|2020|50005414430002|001|4300015679|00020|UHNC0044|2|EA|397950|KRW|795900|20200109|1300|
C|005186|2020|50005414430003|001|4300015679|00030|UHGC0289|1|EA|645000|KRW|645000|20200109|1300|
C|005186|2020|50005414430004|001|4300015679|00040|UHGC0360|3|EA|300000|KRW|300000|20200109|1300|
C|005186|2020|50005414430005|001|4300015680|00010|UHDC0002|5|EA|152250|KRW|761250|20200109|1300|
C|005186|2020|50005414430006|001|4300015680|00020|UHDC0233|10|EA|505000|KRW|505000|20200109|1300|
C|005186|2020|50005414430007|001|4300015680|00030|UHTC0548|30|EA|84700|KRW|254100|20200109|1300|
C|005186|2020|50005414430008|001|4300015680|00040|UHTC0570|6|EA|71400|KRW|428400|20200109|1300|
C|005186|2020|50005414430009|001|4300015681|00010|UHFC0356|3|EA|50400|KRW|151200|20200109|1300|
C|005186|2020|50005414430010|001|4300015681|00020|UHGC0134|2|EA|756000|KRW|1512000|20200109|1300|
C|005186|2020|50005414430011|001|4300015682|00010|UHTC0756|5|EA|83000|KRW|415000|20200109|1300|
C|005186|2020|50005414430012|001|4300015682|00020|UHDC0021|10|EA|127050|KRW|1270500|20200109|1300|
C|005186|2020|50005414440001|001|4300015687|00010|UCKC0161|1|EA|1260000|KRW|1260000|20200109|1300|
