D|005186|2018|50004362610001|001|4300010949|00020|CMH0007|2|EA|11600|KRW|23200|20180816|1300|50004360290001
D|005186|2018|50004362610002|001|4300010951|00010|CMF0001|2|EA|1950|KRW|3900|20180816|1300|50004360290002
D|005186|2018|50004362610003|001|4300010951|00030|CMF0020|5|EA|650|KRW|3250|20180816|1300|50004360290003
D|005186|2018|50004362610004|001|4300010951|00060|CME0001|30|EA|3300|KRW|99000|20180816|1300|50004360290004
D|005186|2018|50004362610005|001|4300010952|00010|CMZ0014|1|EA|19000|KRW|19000|20180816|1300|50004360290005
D|005186|2018|50004362610006|001|4300010959|00010|CMF0009|3|EA|4950|KRW|14850|20180816|1300|50004360290006
D|005186|2018|50004362610007|001|4300010960|00060|CMF0021|20|EA|3100|KRW|62000|20180816|1300|50004360290007
D|005186|2018|50004362610008|001|4300011139|00060|CME0001|20|EA|3300|KRW|66000|20180816|1300|50004360290008
D|005186|2018|50004362610009|001|4300011140|00010|CMF0006|1|EA|9500|KRW|9500|20180816|1300|50004360290009
D|005186|2018|50004362610010|001|4300011140|00020|CMH0007|2|EA|11600|KRW|23200|20180816|1300|50004360290010
D|005186|2018|50004362610011|001|4300011140|00040|CME0001|13|EA|3300|KRW|42900|20180816|1300|50004360290011
D|005186|2018|50004362610012|001|4300011144|00030|CMF0009|5|EA|4950|KRW|24750|20180816|1300|50004360290012
D|005186|2018|50004362610013|001|4300011144|00050|CMH0007|5|EA|11600|KRW|58000|20180816|1300|50004360290013
C|005186|2018|50004362630001|001|4300010957|00030|CMB0001|20|EA|520|KRW|10400|20180815|1300|
C|005186|2018|50004362640001|001|4300011141|00090|CMB0001|160|EA|520|KRW|83200|20180815|1300|
C|005186|2018|50004362650001|001|4300011144|00090|CMB0001|200|EA|520|KRW|104000|20180815|1300|
C|005186|2018|50004362660001|001|4300010954|00040|CMB0001|60|EA|520|KRW|31200|20180815|1300|
C|005186|2018|50004362670001|001|4300011139|00120|CMB0001|80|EA|520|KRW|41600|20180815|1300|
C|005186|2018|50004362680001|001|4300010949|00110|CMB0001|60|EA|520|KRW|31200|20180815|1300|
C|005186|2018|50004362690001|001|4300010952|00050|CMB0001|100|EA|520|KRW|52000|20180815|1300|
C|005186|2018|50004362800001|001|4300011142|00030|CMB0001|40|EA|520|KRW|20800|20180815|1300|
C|005186|2018|50004362810001|001|4300011143|00030|CMB0001|60|EA|520|KRW|31200|20180815|1300|
C|005186|2018|50004362820001|001|4300010949|00010|CMF0005|2|EA|18700|KRW|37400|20180815|1300|
C|005186|2018|50004362820002|001|4300010953|00080|CMF0005|5|EA|18700|KRW|93500|20180815|1300|
C|005186|2018|50004362820003|001|4300010954|00010|CMF0005|2|EA|18700|KRW|37400|20180815|1300|
C|005186|2018|50004362820004|001|4300010957|00080|CMF0005|1|EA|18700|KRW|18700|20180815|1300|
C|005186|2018|50004362820005|001|4300010958|00050|CMF0005|3|EA|18700|KRW|56100|20180815|1300|
C|005186|2018|50004362820006|001|4300011139|00030|CMF0005|6|EA|18700|KRW|112200|20180815|1300|
C|005186|2018|50004362820007|001|4300011140|00030|CMF0005|8|EA|18700|KRW|149600|20180815|1300|
C|005186|2018|50004362820008|001|4300011142|00050|CMF0005|3|EA|18700|KRW|56100|20180815|1300|
C|005186|2018|50004362820009|001|4300011144|00010|CMF0005|2|EA|18700|KRW|37400|20180815|1300|
C|005186|2018|50004362830001|001|4300010951|00020|CMF0002|2|EA|860|KRW|1720|20180815|1300|
C|005186|2018|50004362830002|001|4300010951|00050|CMZ0032|10|EA|1300|KRW|13000|20180815|1300|
C|005186|2018|50004362830003|001|4300010951|00110|CME0002|100|EA|1100|KRW|110000|20180815|1300|
C|005186|2018|50004362830004|001|4300010951|00130|CMA0007|200|EA|151|KRW|30200|20180815|1300|
C|005186|2018|50004362830005|001|4300010951|00140|CMA0001|600|EA|151|KRW|90600|20180815|1300|
C|005186|2018|50004362840001|001|4300011141|00040|CME0002|50|EA|1100|KRW|55000|20180815|1300|
C|005186|2018|50004362840002|001|4300011141|00050|CMF0008|50|EA|1620|KRW|81000|20180815|1300|
C|005186|2018|50004362840003|001|4300011141|00060|CMA0007|100|EA|151|KRW|15100|20180815|1300|
C|005186|2018|50004362840004|001|4300011141|00120|CMA0001|300|EA|151|KRW|45300|20180815|1300|
C|005186|2018|50004362850001|001|4300010959|00030|CMA0001|50|EA|151|KRW|7550|20180815|1300|
C|005186|2018|50004362850002|001|4300010959|00040|CMA0007|50|EA|151|KRW|7550|20180815|1300|
C|005186|2018|50004362860001|001|4300011144|00060|CMA0008|100|EA|470|KRW|47000|20180815|1300|
C|005186|2018|50004362860002|001|4300011144|00080|CMA0007|200|EA|151|KRW|30200|20180815|1300|
C|005186|2018|50004362860003|001|4300011144|00110|CMC0005|200|EA|150|KRW|30000|20180815|1300|
C|005186|2018|50004362860004|001|4300011144|00130|CMA0001|600|EA|151|KRW|90600|20180815|1300|
C|005186|2018|50004362870001|001|4300010960|00040|CME0002|20|EA|1100|KRW|22000|20180815|1300|
C|005186|2018|50004362870002|001|4300010960|00090|CMA0007|300|EA|151|KRW|45300|20180815|1300|
C|005186|2018|50004362870003|001|4300010960|00110|CMC0005|400|EA|150|KRW|60000|20180815|1300|
C|005186|2018|50004362870004|001|4300010960|00140|CMA0001|600|EA|151|KRW|90600|20180815|1300|
C|005186|2018|50004362880001|001|4300010954|00050|CMA0007|100|EA|151|KRW|15100|20180815|1300|
C|005186|2018|50004362880002|001|4300010954|00060|CMA0001|150|EA|151|KRW|22650|20180815|1300|
C|005186|2018|50004362890001|001|4300011139|00040|CMZ0032|6|EA|1300|KRW|7800|20180815|1300|
C|005186|2018|50004362890002|001|4300011139|00050|CMA0008|20|EA|470|KRW|9400|20180815|1300|
C|005186|2018|50004362890003|001|4300011139|00100|CMA0007|300|EA|151|KRW|45300|20180815|1300|
C|005186|2018|50004362890004|001|4300011139|00110|CMA0001|350|EA|151|KRW|52850|20180815|1300|
C|005186|2018|50004362900001|001|4300010961|00030|CMA0007|500|EA|151|KRW|75500|20180815|1300|
