C|005186|2019|50005081440001|001|4300012020|00020|UGBC0973|3|EA|246750|KRW|740250|20190726|1300|
C|005186|2019|50005081440002|001|4300014169|00010|UGCC0602|4|EA|195300|KRW|781200|20190726|1300|
C|005186|2019|50005081440003|001|4300014200|00010|UGBC1755|20|EA|102900|KRW|205800|20190726|1300|
C|005186|2019|50005081460001|001|4300013830|00010|UDEC0058|10|EA|190050|KRW|1900500|20190726|1300|
C|005186|2019|50005081460002|001|4300013853|00030|UIDC0080|1|EA|18650|KRW|18650|20190726|1300|
C|005186|2019|50005081460003|001|4300013868|00010|UDEC0058|10|EA|190050|KRW|1900500|20190726|1300|
C|005186|2019|50005081460004|001|4300013869|00010|UDCC0041|14|EA|110950|KRW|1553300|20190726|1300|
C|005186|2019|50005081460005|001|4300013988|00010|UDAC0269|50|EA|805500|KRW|805500|20190726|1300|
C|005186|2019|50005081470001|001|4300013980|00040|UEBC1316|3|EA|16960|KRW|50880|20190726|1300|
C|005186|2019|50005081470002|001|4300013980|00050|UDBC0670|20|EA|42400|KRW|42400|20190726|1300|
C|005186|2019|50005081470003|001|4300013980|00060|UDBC0050|30|EA|675|KRW|20250|20190726|1300|
C|005186|2019|50005081470004|001|4300014199|00010|UEBC1015|5|EA|103650|KRW|103650|20190726|1300|
C|005186|2019|50005081480001|001|4300014239|00010|UKCC0003|20|EA|4520|KRW|90400|20190726|1300|
C|005186|2019|50005081480002|001|4300014265|00030|UJCC0011|20|EA|810|KRW|16200|20190726|1300|
C|005186|2019|50005081490001|001|4300013981|00010|UGCC0148|2|EA|943950|KRW|1887900|20190726|1300|
C|005186|2019|50005081490002|001|4300013985|00010|UHFC0334|2|EA|83800|KRW|167600|20190726|1300|
C|005186|2019|50005081490003|001|4300013985|00020|UHFC0443|1|EA|1390000|KRW|1390000|20190726|1300|
C|005186|2019|50005081490004|001|4300013986|00010|UHNC0113|1|EA|772800|KRW|772800|20190726|1300|
C|005186|2019|50005081490005|001|4300013986|00020|UHGC0102|1|EA|642600|KRW|642600|20190726|1300|
C|005186|2019|50005081490006|001|4300013988|00020|UCKC0133|4|EA|1054000|KRW|1054000|20190726|1300|
C|005186|2019|50005081490007|001|4300013989|00020|UDAC0012|300|EA|300000|KRW|900000|20190726|1300|
C|005186|2019|50005081490008|001|4300014123|00040|UCKC0035|15|EA|222600|KRW|667800|20190726|1300|
C|005186|2019|50005081490009|001|4300014150|00010|UHTC0112|20|EA|1620|KRW|32400|20190726|1300|
C|005186|2019|50005081490010|001|4300014176|00060|UKBC0014|1|EA|52500|KRW|52500|20190726|1300|
C|005186|2019|50005081490011|001|4300014197|00010|KE090112|10|EA|16800|KRW|168000|20190726|1300|
C|005186|2019|50005081490012|001|4300014197|00020|KE210001|3|EA|53030|KRW|159090|20190726|1300|
C|005186|2019|50005081490013|001|4300014198|00100|UDBC0440|500|EA|8700|KRW|43500|20190726|1300|
C|005186|2019|50005081490014|001|4300014199|00140|UDBC0964|1|EA|39500|KRW|39500|20190726|1300|
C|005186|2019|50005081490015|001|4300014201|00010|UHTC0257|50|EA|8100|KRW|40500|20190726|1300|
C|005186|2019|50005081490016|001|4300014201|00020|UHTC0258|50|EA|8100|KRW|40500|20190726|1300|
C|005186|2019|50005081500001|001|4300013970|00010|UEBC1506|7|EA|246000|KRW|1722000|20190726|1300|
C|005186|2019|50005081500002|001|4300013980|00010|UDBC0804|3|EA|387200|KRW|1161600|20190726|1300|
C|005186|2019|50005081500003|001|4300013980|00100|UDBC0875|50|EA|11500|KRW|11500|20190726|1300|
C|005186|2019|50005081500004|001|4300014171|00050|UEBC0336|5|EA|6010|KRW|30050|20190726|1300|
C|005186|2019|50005081500005|001|4300014171|00060|UEBC1159|10|EA|673000|KRW|1346000|20190726|1300|
C|005186|2019|50005081500006|001|4300014172|00010|UEBC1166|10|EA|520000|KRW|1040000|20190726|1300|
C|005186|2019|50005081500007|001|4300014173|00010|UEBC0943|10|EA|174310|KRW|1743100|20190726|1300|
C|005186|2019|50005081500008|001|4300014173|00020|UEBC1426|3|EA|50800|KRW|152400|20190726|1300|
C|005186|2019|50005081500009|001|4300014198|00010|UDBC0366|300|EA|800|KRW|2400|20190726|1300|
C|005186|2019|50005081500010|001|4300014198|00020|UDBC0371|300|EA|800|KRW|2400|20190726|1300|
C|005186|2019|50005081500011|001|4300014198|00030|UDBC0375|300|EA|1600|KRW|4800|20190726|1300|
C|005186|2019|50005081500012|001|4300014198|00040|UDBC0344|300|EA|4700|KRW|14100|20190726|1300|
C|005186|2019|50005081500013|001|4300014198|00050|UDBC0347|300|EA|5600|KRW|16800|20190726|1300|
C|005186|2019|50005081500014|001|4300014198|00060|UDBC0353|300|EA|950|KRW|28500|20190726|1300|
C|005186|2019|50005081500015|001|4300014198|00070|UDBC0424|500|EA|7200|KRW|36000|20190726|1300|
C|005186|2019|50005081500016|001|4300014198|00080|UDBC0426|500|EA|7500|KRW|37500|20190726|1300|
C|005186|2019|50005081500017|001|4300014198|00090|UDBC0431|500|EA|9000|KRW|45000|20190726|1300|
C|005186|2019|50005081500018|001|4300014198|00110|UAEC0363|1|EA|376215|KRW|376215|20190726|1300|
C|005186|2019|50005081500019|001|4300014199|00030|UAGC0554|1|EA|99930|KRW|99930|20190726|1300|
C|005186|2019|50005081500020|001|4300014199|00050|UEBC0330|20|EA|15960|KRW|159600|20190726|1300|
C|005186|2019|50005081500021|001|4300014199|00060|UEBC1385|4|EA|6760|KRW|27040|20190726|1300|
C|005186|2019|50005081500022|001|4300014199|00070|UEBC1059|1|EA|606000|KRW|606000|20190726|1300|
C|005186|2019|50005081500023|001|4300014199|00150|UDBC1041|200|EA|3700|KRW|7400|20190726|1300|
C|005186|2019|50005081500024|001|4300014200|00020|UDAC0422|20|EA|30500|KRW|122000|20190726|1300|
C|005186|2019|50005081500025|001|4300014200|00030|UEBC1592|8|EA|29930|KRW|239440|20190726|1300|
C|005186|2019|50005081710001|001|4300014171|00040|UDDC0366|1|EA|188700|KRW|188700|20190726|1300|
C|005186|2019|50005081710002|001|4300014239|00020|UGCC0688|1|EA|22200|KRW|22200|20190726|1300|
C|005186|2019|50005081710003|001|4300014239|00030|UGBC0465|100|EA|127000|KRW|127000|20190726|1300|
C|005186|2019|50005081710004|001|4300014239|00100|UKBC0016|6|EA|10110|KRW|60660|20190726|1300|
C|005186|2019|50005081710005|001|4300014239|00110|UGCC1400|10|EA|29500|KRW|295000|20190726|1300|
C|005186|2019|50005081710006|001|4300014240|00050|UGBC0788|20|EA|9200|KRW|18400|20190726|1300|
C|005186|2019|50005081710007|001|4300014240|00060|UGBC0793|20|EA|10300|KRW|20600|20190726|1300|
C|005186|2019|50005081710008|001|4300014265|00040|UGCC0613|5|EA|9450|KRW|47250|20190726|1300|
C|005186|2019|50005081710009|001|4300014265|00060|UGCC0242|10|EA|14180|KRW|141800|20190726|1300|
C|005186|2019|50005081710010|001|4300014265|00090|UBEC0001|10|EA|189000|KRW|189000|20190726|1300|
C|005186|2019|50005081710011|001|4300014265|00120|UHGC0171|3|EA|12070|KRW|36210|20190726|1300|
C|005186|2019|50005081710012|001|4300014265|00150|UKFC0002|3|EA|47600|KRW|142800|20190726|1300|
C|005186|2019|50005081710013|001|4300014265|00160|UHTC0486|2|EA|46410|KRW|92820|20190726|1300|
C|005186|2019|50005081710014|001|4300014265|00170|UHTC0771|1|EA|18600|KRW|18600|20190726|1300|
C|005186|2019|50005081720001|001|4300014238|00010|UICC0060|12|EA|11600|KRW|139200|20190726|1300|
C|005186|2019|50005081730001|001|4300014199|00040|UIDC0086|3|EA|140000|KRW|420000|20190726|1300|
C|005186|2019|50005081730002|001|4300014262|00090|UGBC1741|1|EA|142000|KRW|142000|20190726|1300|
C|005186|2019|50005081730003|001|4300014263|00010|UALC0009|10|EA|101000|KRW|101000|20190726|1300|
C|005186|2019|50005081740001|001|4300014176|00010|UCIC0031|1|EA|432640|KRW|432640|20190726|1300|
C|005186|2019|50005081740002|001|4300014176|00020|UGBC1760|10|EA|57750|KRW|577500|20190726|1300|
C|005186|2019|50005081740003|001|4300014176|00030|UGBC1317|50|EA|6700|KRW|33500|20190726|1300|
C|005186|2019|50005081740004|001|4300014176|00040|UGBC0407|50|EA|6300|KRW|31500|20190726|1300|
