C|005186|2021|50006165220001|001|4300019276|00060|UIEC0007|2|EA|7080|KRW|14160|20210129|1300|
C|005186|2021|50006165230001|001|4300019290|00020|UJAC1547|10|EA|1270|KRW|12700|20210129|1300|
C|005186|2021|50006165230002|001|4300019353|00010|UJAC01445|2|EA|17430|KRW|34860|20210129|1300|
C|005186|2021|50006165230003|001|4300019353|00020|UDDC3910|5|EA|4100|KRW|20500|20210129|1300|
C|005186|2021|50006165230004|001|4300019353|00030|UDDC0226|5|EA|7250|KRW|36250|20210129|1300|
C|005186|2021|50006165230005|001|4300019353|00040|UDDC0232|5|EA|6720|KRW|33600|20210129|1300|
C|005186|2021|50006165230006|001|4300019353|00050|UDDC0014|5|EA|31770|KRW|158850|20210129|1300|
C|005186|2021|50006165230007|001|4300019353|00060|UDDC0015|5|EA|54180|KRW|270900|20210129|1300|
C|005186|2021|50006165230008|001|4300019353|00070|UDDC0108|5|EA|79800|KRW|399000|20210129|1300|
C|005186|2021|50006165230009|001|4300019353|00080|UDDC0320|2|EA|132900|KRW|265800|20210129|1300|
C|005186|2021|50006165230010|001|4300019353|00090|UDDC0289|1|EA|1760|KRW|1760|20210129|1300|
C|005186|2021|50006165230011|001|4300019353|00100|UDDC0293|3|EA|65380|KRW|196140|20210129|1300|
C|005186|2021|50006165230012|001|4300019353|00110|UDDC0342|6|EA|56840|KRW|341040|20210129|1300|
C|005186|2021|50006165240001|001|4300019276|00080|UGBC1064|10|EA|3570|KRW|35700|20210129|1300|
C|005186|2021|50006165240002|001|4300019276|00090|UGBC0193|10|EA|2630|KRW|26300|20210129|1300|
C|005186|2021|50006165240003|001|4300019276|00100|UGBC1065|5|EA|65100|KRW|325500|20210129|1300|
C|005186|2021|50006165240004|001|4300019277|00010|UGBC0011|40|EA|870|KRW|34800|20210129|1300|
C|005186|2021|50006165240005|001|4300019277|00020|UGBC0327|30|EA|2100|KRW|63000|20210129|1300|
C|005186|2021|50006165240006|001|4300019277|00030|UGBC0029|20|EA|1690|KRW|33800|20210129|1300|
C|005186|2021|50006165240007|001|4300019278|00010|UGBC1085|5|EA|12600|KRW|63000|20210129|1300|
C|005186|2021|50006165240008|001|4300019278|00020|UGBC0168|10|EA|1680|KRW|16800|20210129|1300|
C|005186|2021|50006165240009|001|4300019278|00030|UGBC0527|5|EA|73500|KRW|367500|20210129|1300|
C|005186|2021|50006165240010|001|4300019278|00040|UGBC0127|10|EA|1010|KRW|10100|20210129|1300|
C|005186|2021|50006165240011|001|4300019278|00050|UGBC0622|10|EA|1050|KRW|10500|20210129|1300|
C|005186|2021|50006165240012|001|4300019278|00060|UGBC0067|20|EA|2520|KRW|50400|20210129|1300|
C|005186|2021|50006165240013|001|4300019285|00010|UGBC0859|30|EA|670|KRW|20100|20210129|1300|
C|005186|2021|50006165240014|001|4300019285|00020|UGBC0352|30|EA|370|KRW|11100|20210129|1300|
C|005186|2021|50006165240015|001|4300019285|00030|UGBC1199|20|EA|870|KRW|17400|20210129|1300|
C|005186|2021|50006165240016|001|4300019285|00040|UGBC1615|20|EA|1520|KRW|30400|20210129|1300|
C|005186|2021|50006165250001|001|4300018852|00010|UGBC1246|1|EA|1821100|KRW|1821100|20210129|1300|
C|005186|2021|50006165250002|001|4300018853|00010|UGBC1417|1|EA|848000|KRW|848000|20210129|1300|
C|005186|2021|50006165250003|001|4300019196|00010|UCEC0012|5|EA|50400|KRW|252000|20210129|1300|
C|005186|2021|50006165250004|001|4300019274|00010|UGBC1541|10|EA|119000|KRW|1190000|20210129|1300|
C|005186|2021|50006165250005|001|4300019275|00010|UGBC1451|1|EA|527000|KRW|527000|20210129|1300|
C|005186|2021|50006165250006|001|4300019276|00030|UCEC0029|1|EA|67200|KRW|67200|20210129|1300|
C|005186|2021|50006165250007|001|4300019276|00040|UCEC0023|50|EA|3570|KRW|178500|20210129|1300|
C|005186|2021|50006165250008|001|4300019276|00050|UCEC0025|50|EA|4200|KRW|210000|20210129|1300|
C|005186|2021|50006165250009|001|4300019276|00070|UGBC0977|10|EA|260|KRW|2600|20210129|1300|
C|005186|2021|50006165250010|001|4300019277|00060|UCIC0137|20|EA|1580|KRW|31600|20210129|1300|
C|005186|2021|50006165250011|001|4300019277|00070|UJCC0028|1|EA|100800|KRW|100800|20210129|1300|
C|005186|2021|50006165250012|001|4300019277|00080|UGBC1371|10|EA|66000|KRW|660000|20210129|1300|
C|005186|2021|50006165250013|001|4300019277|00110|UGBC1796|10|EA|15750|KRW|157500|20210129|1300|
C|005186|2021|50006165250014|001|4300019278|00070|UCEC0041|30|EA|4740|KRW|142200|20210129|1300|
C|005186|2021|50006165250015|001|4300019285|00050|UAJC0047|20|EA|470|KRW|9400|20210129|1300|
C|005186|2021|50006165250016|001|4300019285|00060|UAJC0046|20|EA|470|KRW|9400|20210129|1300|
C|005186|2021|50006165250017|001|4300019288|00010|UCIC0030|2|EA|325500|KRW|651000|20210129|1300|
