C|005186|2015|50001513880001|001|4300002699|00010|CMA0001|50|EA|240|KRW|12000|20150515|1300|
C|005186|2015|50001513880002|001|4300002699|00020|CMA0007|50|EA|270|KRW|13500|20150515|1300|
C|005186|2015|50001513880003|001|4300002699|00030|CMA0008|40|EA|690|KRW|27600|20150515|1300|
C|005186|2015|50001513880004|001|4300002699|00040|CMA0016|5|EA|2840|KRW|14200|20150515|1300|
C|005186|2015|50001513880005|001|4300002699|00060|CMB0003|50|EA|2420|KRW|121000|20150515|1300|
C|005186|2015|50001513880006|001|4300002699|00070|CMB0010|40|EA|1100|KRW|44000|20150515|1300|
C|005186|2015|50001513880007|001|4300002699|00100|CME0001|11|EA|4910|KRW|54010|20150515|1300|
C|005186|2015|50001513880008|001|4300002699|00110|CME0006|3|EA|3400|KRW|10200|20150515|1300|
C|005186|2015|50001513880009|001|4300002699|00120|CME0010|10|EA|285|KRW|2850|20150515|1300|
C|005186|2015|50001513880010|001|4300002699|00180|CMZ0001|20|EA|765|KRW|15300|20150515|1300|
C|005186|2015|50001513880011|001|4300002699|00190|CMZ0004|10|EA|380|KRW|3800|20150515|1300|
C|005186|2015|50001513880012|001|4300002700|00010|CMA0001|500|EA|240|KRW|120000|20150515|1300|
C|005186|2015|50001513880013|001|4300002700|00020|CMA0005|10|EA|2470|KRW|24700|20150515|1300|
C|005186|2015|50001513880014|001|4300002700|00030|CMA0007|100|EA|270|KRW|27000|20150515|1300|
C|005186|2015|50001513880015|001|4300002700|00040|CMA0008|200|EA|690|KRW|138000|20150515|1300|
C|005186|2015|50001513880016|001|4300002700|00060|CMB0001|160|EA|655|KRW|104800|20150515|1300|
C|005186|2015|50001513880017|001|4300002700|00070|CMB0003|160|EA|2420|KRW|387200|20150515|1300|
C|005186|2015|50001513880018|001|4300002700|00080|CMB0010|150|EA|1100|KRW|165000|20150515|1300|
C|005186|2015|50001513880019|001|4300002700|00090|CMC0005|1|EA|190|KRW|190|20150515|1300|
C|005186|2015|50001513880020|001|4300002700|00110|CME0002|10|EA|2300|KRW|23000|20150515|1300|
C|005186|2015|50001513880021|001|4300002700|00120|CME0006|10|EA|3400|KRW|34000|20150515|1300|
C|005186|2015|50001513880022|001|4300002700|00130|CME0010|30|EA|285|KRW|8550|20150515|1300|
C|005186|2015|50001513880023|001|4300002700|00180|CMZ0004|20|EA|380|KRW|7600|20150515|1300|
C|005186|2015|50001513880024|001|4300002701|00010|CMA0001|600|EA|240|KRW|144000|20150515|1300|
C|005186|2015|50001513880025|001|4300002701|00020|CMA0007|300|EA|270|KRW|81000|20150515|1300|
C|005186|2015|50001513880026|001|4300002701|00030|CMA0008|300|EA|690|KRW|207000|20150515|1300|
C|005186|2015|50001513880027|001|4300002701|00040|CMA0016|80|EA|2840|KRW|227200|20150515|1300|
C|005186|2015|50001513880028|001|4300002701|00060|CMB0001|300|EA|655|KRW|196500|20150515|1300|
C|005186|2015|50001513880029|001|4300002701|00070|CMB0010|300|EA|1100|KRW|330000|20150515|1300|
C|005186|2015|50001513880030|001|4300002701|00080|CMC0005|200|EA|190|KRW|38000|20150515|1300|
C|005186|2015|50001513880031|001|4300002701|00090|CME0002|20|EA|2300|KRW|46000|20150515|1300|
C|005186|2015|50001513880032|001|4300002701|00100|CME0010|200|EA|285|KRW|57000|20150515|1300|
C|005186|2015|50001513880033|001|4300002701|00160|CMZ0001|120|EA|765|KRW|91800|20150515|1300|
C|005186|2015|50001513880034|001|4300002701|00170|CMZ0002|40|EA|430|KRW|17200|20150515|1300|
C|005186|2015|50001513880035|001|4300002701|00180|CMZ0004|30|EA|380|KRW|11400|20150515|1300|
C|005186|2015|50001513880036|001|4300002701|00190|CMZ0006|30|EA|1155|KRW|34650|20150515|1300|
C|005186|2015|50001513880037|001|4300002702|00010|CMA0001|500|EA|240|KRW|120000|20150515|1300|
C|005186|2015|50001513880038|001|4300002702|00020|CMA0005|40|EA|2470|KRW|98800|20150515|1300|
C|005186|2015|50001513880039|001|4300002702|00030|CMA0007|300|EA|270|KRW|81000|20150515|1300|
C|005186|2015|50001513880040|001|4300002702|00040|CMA0016|30|EA|2840|KRW|85200|20150515|1300|
C|005186|2015|50001513880041|001|4300002702|00060|CMB0001|40|EA|655|KRW|26200|20150515|1300|
C|005186|2015|50001513880042|001|4300002702|00070|CMB0002|100|EA|2420|KRW|242000|20150515|1300|
C|005186|2015|50001513880043|001|4300002702|00080|CMB0007|20|EA|925|KRW|18500|20150515|1300|
C|005186|2015|50001513880044|001|4300002702|00090|CMB0010|40|EA|1100|KRW|44000|20150515|1300|
C|005186|2015|50001513880045|001|4300002702|00100|CMC0002|10|EA|9350|KRW|93500|20150515|1300|
C|005186|2015|50001513880046|001|4300002702|00120|CME0001|19|EA|4910|KRW|93290|20150515|1300|
C|005186|2015|50001513880047|001|4300002702|00130|CME0002|70|EA|2300|KRW|161000|20150515|1300|
C|005186|2015|50001513880048|001|4300002702|00140|CME0010|100|EA|285|KRW|28500|20150515|1300|
C|005186|2015|50001513880049|001|4300002702|00170|CMZ0002|10|EA|430|KRW|4300|20150515|1300|
C|005186|2015|50001513880050|001|4300002702|00180|CMZ0004|20|EA|380|KRW|7600|20150515|1300|
C|005186|2015|50001513880051|001|4300002702|00190|CMZ0006|10|EA|1155|KRW|11550|20150515|1300|
C|005186|2015|50001513880052|001|4300002703|00010|CMA0001|400|EA|240|KRW|96000|20150515|1300|
C|005186|2015|50001513880053|001|4300002703|00020|CMA0006|20|EA|2270|KRW|45400|20150515|1300|
C|005186|2015|50001513880054|001|4300002703|00030|CMA0007|300|EA|270|KRW|81000|20150515|1300|
C|005186|2015|50001513880055|001|4300002703|00050|CMB0010|240|EA|1100|KRW|264000|20150515|1300|
C|005186|2015|50001513880056|001|4300002703|00060|CME0010|80|EA|285|KRW|22800|20150515|1300|
C|005186|2015|50001513880057|001|4300002704|00010|CMA0001|400|EA|240|KRW|96000|20150515|1300|
C|005186|2015|50001513880058|001|4300002704|00020|CMA0007|100|EA|270|KRW|27000|20150515|1300|
C|005186|2015|50001513880059|001|4300002704|00040|CMB0010|480|EA|1100|KRW|528000|20150515|1300|
C|005186|2015|50001513880060|001|4300002704|00050|CMC0003|50|EA|340|KRW|17000|20150515|1300|
C|005186|2015|50001513880061|001|4300002704|00060|CMC0005|200|EA|190|KRW|38000|20150515|1300|
C|005186|2015|50001513880062|001|4300002704|00090|CME0002|50|EA|2300|KRW|115000|20150515|1300|
C|005186|2015|50001513880063|001|4300002704|00140|CMZ0005|10|EA|750|KRW|7500|20150515|1300|
C|005186|2015|50001513880064|001|4300002704|00150|CMZ0006|20|EA|1155|KRW|23100|20150515|1300|
C|005186|2015|50001513880065|001|4300002705|00010|CMA0001|200|EA|240|KRW|48000|20150515|1300|
C|005186|2015|50001513880066|001|4300002705|00020|CMA0007|100|EA|270|KRW|27000|20150515|1300|
C|005186|2015|50001513880067|001|4300002705|00030|CMA0008|100|EA|690|KRW|69000|20150515|1300|
C|005186|2015|50001513880068|001|4300002705|00040|CMB0001|240|EA|655|KRW|157200|20150515|1300|
C|005186|2015|50001513880069|001|4300002705|00050|CMB0010|40|EA|1100|KRW|44000|20150515|1300|
C|005186|2015|50001513880070|001|4300002705|00060|CMC0005|50|EA|190|KRW|9500|20150515|1300|
C|005186|2015|50001513880071|001|4300002705|00090|CME0001|30|EA|4910|KRW|147300|20150515|1300|
C|005186|2015|50001513880072|001|4300002705|00100|CME0006|10|EA|3400|KRW|34000|20150515|1300|
C|005186|2015|50001513880073|001|4300002706|00020|CMZ0001|50|EA|765|KRW|38250|20150515|1300|
C|005186|2015|50001513880074|001|4300002706|00030|CMZ0002|10|EA|430|KRW|4300|20150515|1300|
C|005186|2015|50001513880075|001|4300002706|00040|CMB0010|80|EA|1100|KRW|88000|20150515|1300|
C|005186|2015|50001513880076|001|4300002706|00050|CMB0002|80|EA|2420|KRW|193600|20150515|1300|
C|005186|2015|50001513880077|001|4300002706|00060|CMB0003|80|EA|2420|KRW|193600|20150515|1300|
C|005186|2015|50001513880078|001|4300002706|00070|CMB0001|40|EA|655|KRW|26200|20150515|1300|
C|005186|2015|50001513880079|001|4300002706|00080|CMC0005|30|EA|190|KRW|5700|20150515|1300|
C|005186|2015|50001513880080|001|4300002706|00090|CMC0002|3|EA|9350|KRW|28050|20150515|1300|
C|005186|2015|50001513880081|001|4300002706|00100|CMC0007|2|EA|12100|KRW|24200|20150515|1300|
C|005186|2015|50001513880082|001|4300002706|00110|CME0010|50|EA|285|KRW|14250|20150515|1300|
C|005186|2015|50001513880083|001|4300002706|00120|CMA0001|200|EA|240|KRW|48000|20150515|1300|
C|005186|2015|50001513880084|001|4300002706|00130|CMA0007|100|EA|270|KRW|27000|20150515|1300|
C|005186|2015|50001513880085|001|4300002706|00140|CMA0008|200|EA|690|KRW|138000|20150515|1300|
C|005186|2015|50001513880086|001|4300002707|00010|CMA0001|200|EA|240|KRW|48000|20150515|1300|
C|005186|2015|50001513880087|001|4300002707|00020|CMA0007|250|EA|270|KRW|67500|20150515|1300|
C|005186|2015|50001513880088|001|4300002707|00030|CMA0008|20|EA|690|KRW|13800|20150515|1300|
C|005186|2015|50001513880089|001|4300002707|00040|CMA0016|20|EA|2840|KRW|56800|20150515|1300|
C|005186|2015|50001513880090|001|4300002707|00050|CMB0002|100|EA|2420|KRW|242000|20150515|1300|
C|005186|2015|50001513880091|001|4300002707|00060|CMC0005|10|EA|190|KRW|1900|20150515|1300|
C|005186|2015|50001513880092|001|4300002707|00070|CMD0001|5|EA|9555|KRW|47775|20150515|1300|
C|005186|2015|50001513880093|001|4300002707|00080|CME0001|12|EA|4910|KRW|58920|20150515|1300|
C|005186|2015|50001513880094|001|4300002707|00090|CME0010|20|EA|285|KRW|5700|20150515|1300|
C|005186|2015|50001513880095|001|4300002707|00150|CMZ0001|12|EA|765|KRW|9180|20150515|1300|
C|005186|2015|50001513880096|001|4300002707|00160|CMZ0004|10|EA|380|KRW|3800|20150515|1300|
C|005186|2015|50001513880097|001|4300002708|00010|CMA0001|100|EA|240|KRW|24000|20150515|1300|
C|005186|2015|50001513880098|001|4300002708|00030|CMA0007|100|EA|270|KRW|27000|20150515|1300|
C|005186|2015|50001513880099|001|4300002708|00040|CMA0008|100|EA|690|KRW|69000|20150515|1300|
C|005186|2015|50001513880100|001|4300002708|00060|CMB0007|200|EA|925|KRW|185000|20150515|1300|
C|005186|2015|50001513880101|001|4300002710|00010|CMA0001|200|EA|240|KRW|48000|20150515|1300|
C|005186|2015|50001513880102|001|4300002710|00020|CMA0007|50|EA|270|KRW|13500|20150515|1300|
C|005186|2015|50001513880103|001|4300002710|00030|CMA0016|30|EA|2840|KRW|85200|20150515|1300|
C|005186|2015|50001513880104|001|4300002710|00040|CMB0001|160|EA|655|KRW|104800|20150515|1300|
C|005186|2015|50001513880105|001|4300002710|00050|CMB0003|40|EA|2420|KRW|96800|20150515|1300|
C|005186|2015|50001513880106|001|4300002710|00060|CME0002|20|EA|2300|KRW|46000|20150515|1300|
