C|005186|2016|50002477390001|001|4300004938|00040|UGBC1451|1|EA|527000|KRW|527000|20160430|1300|
C|005186|2016|50002480000001|001|4300004973|00010|UFGC0017|80|EA|3500|KRW|280000|20160430|1300|
C|005186|2016|50002480010001|001|4300004912|00010|UALC0118|6000|EA|110|KRW|0|20160430|1300|
C|005186|2016|50002480010002|001|4300004912|00020|UALC0119|3000|EA|20|KRW|0|20160430|1300|
C|005186|2016|50002480020001|001|4300004937|00010|UGBC1337|1|EA|1263160|KRW|1263160|20160430|1300|
C|005186|2016|50002480020002|001|4300004937|00040|UCIC0042|1|EA|143100|KRW|143100|20160430|1300|
C|005186|2016|50002480020003|001|4300004937|00070|UGBC1196|30|EA|520|KRW|15600|20160430|1300|
C|005186|2016|50002480020004|001|4300004937|00080|UGBC1199|20|EA|870|KRW|17400|20160430|1300|
C|005186|2016|50002480020005|001|4300004937|00090|UGBC0027|30|EA|660|KRW|19800|20160430|1300|
C|005186|2016|50002480020006|001|4300004937|00100|UGBC0331|20|EA|1160|KRW|23200|20160430|1300|
C|005186|2016|50002480020007|001|4300004937|00110|UGBC0532|20|EA|3990|KRW|79800|20160430|1300|
C|005186|2016|50002480020008|001|4300004937|00120|UGBC0860|30|EA|1700|KRW|51000|20160430|1300|
C|005186|2016|50002480020009|001|4300004937|00130|UGBC0062|30|EA|1370|KRW|41100|20160430|1300|
C|005186|2016|50002480020010|001|4300004937|00140|UGBC1038|20|EA|2630|KRW|52600|20160430|1300|
C|005186|2016|50002480020011|001|4300004938|00010|UGBC0553|30|EA|12600|KRW|378000|20160430|1300|
C|005186|2016|50002480020012|001|4300004938|00020|UGBC0237|20|EA|13860|KRW|277200|20160430|1300|
C|005186|2016|50002480020013|001|4300004938|00030|UGBC0526|5|EA|37800|KRW|189000|20160430|1300|
C|005186|2016|50002480020014|001|4300004943|00010|UGBC0552|30|EA|12600|KRW|378000|20160430|1300|
C|005186|2016|50002480020015|001|4300004943|00020|UGBC0545|5|EA|50400|KRW|252000|20160430|1300|
C|005186|2016|50002480030001|001|4300005001|00110|CMF0005|10|EA|20700|KRW|207000|20160430|1300|
C|005186|2016|50002480030002|001|4300005002|00080|CMF0005|8|EA|20700|KRW|165600|20160430|1300|
C|005186|2016|50002480030003|001|4300005004|00080|CMF0005|2|EA|20700|KRW|41400|20160430|1300|
C|005186|2016|50002480030004|001|4300005005|00130|CMF0005|10|EA|20700|KRW|207000|20160430|1300|
C|005186|2016|50002480030005|001|4300005006|00120|CMF0005|1|EA|20700|KRW|20700|20160430|1300|
C|005186|2016|50002480030006|001|4300005013|00160|CMF0005|2|EA|20700|KRW|41400|20160430|1300|
C|005186|2016|50002480030007|001|4300005014|00130|CMF0005|10|EA|20700|KRW|207000|20160430|1300|
C|005186|2016|50002480040001|001|4300005008|00050|CMF0005|3|EA|20700|KRW|62100|20160430|1300|
C|005186|2016|50002480040002|001|4300005011|00060|CMF0005|3|EA|20700|KRW|62100|20160430|1300|
C|005186|2016|50002480050001|001|4300005031|00010|UJCC0043|5000|EA|42|KRW|210000|20160430|1300|
