C|005186|2018|50004586420001|001|4300012008|00120|CMD0016|2|EA|29000|KRW|58000|20181129|1300|
C|005186|2018|50004586430001|001|4300011996|00010|CMA0002|3|EA|1440|KRW|4320|20181129|1300|
C|005186|2018|50004586430002|001|4300011996|00030|CMA0007|300|EA|151|KRW|45300|20181129|1300|
C|005186|2018|50004586440001|001|4300011998|00030|CMD0016|2|EA|29000|KRW|58000|20181129|1300|
C|005186|2018|50004586450001|001|4300011998|00010|CMA0007|100|EA|151|KRW|15100|20181129|1300|
C|005186|2018|50004586470001|001|4300011999|00010|CMA0001|100|EA|151|KRW|15100|20181129|1300|
C|005186|2018|50004586470002|001|4300011999|00020|CMA0007|60|EA|151|KRW|9060|20181129|1300|
C|005186|2018|50004586470003|001|4300011999|00030|CMA0008|60|EA|470|KRW|28200|20181129|1300|
C|005186|2018|50004586470004|001|4300011999|00060|CMF0005|3|EA|18700|KRW|56100|20181129|1300|
C|005186|2018|50004586480001|001|4300011999|00070|CMF0015|10|EA|450|KRW|4500|20181129|1300|
C|005186|2018|50004586490001|001|4300011997|00050|CMD0011|6|EA|24100|KRW|144600|20181129|1300|
C|005186|2018|50004586500001|001|4300011997|00010|CMA0001|400|EA|151|KRW|60400|20181129|1300|
C|005186|2018|50004586500002|001|4300011997|00020|CMA0007|50|EA|151|KRW|7550|20181129|1300|
C|005186|2018|50004586500003|001|4300011997|00030|CMA0017|10|EA|770|KRW|7700|20181129|1300|
C|005186|2018|50004586500004|001|4300011997|00090|CME0013|2|EA|11880|KRW|23760|20181129|1300|
C|005186|2018|50004586500005|001|4300011997|00100|CMF0004|3|EA|17000|KRW|51000|20181129|1300|
C|005186|2018|50004586510001|001|4300012002|00010|CMD0011|4|EA|24100|KRW|96400|20181129|1300|
C|005186|2018|50004586510002|001|4300012002|00030|CMF0015|10|EA|450|KRW|4500|20181129|1300|
