C|005186|2019|50005020320001|001|4300013890|00050|CMB0010|130|EA|1280|KRW|166400|20190627|1300|
C|005186|2019|50005020320002|001|4300013891|00020|CMB0010|30|EA|1280|KRW|38400|20190627|1300|
C|005186|2019|50005020320003|001|4300013892|00020|CMB0010|65|EA|1280|KRW|83200|20190627|1300|
C|005186|2019|50005020320004|001|4300013893|00040|CMB0010|70|EA|1280|KRW|89600|20190627|1300|
C|005186|2019|50005020320005|001|4300013893|00060|CMH0007|1|EA|11600|KRW|11600|20190627|1300|
C|005186|2019|50005020320006|001|4300013893|00070|CMZ0014|1|EA|19000|KRW|19000|20190627|1300|
C|005186|2019|50005020320007|001|4300013894|00010|CMH0007|1|EA|11600|KRW|11600|20190627|1300|
C|005186|2019|50005020320008|001|4300013894|00050|CME0001|20|EA|3300|KRW|66000|20190627|1300|
C|005186|2019|50005020320009|001|4300013894|00060|CME0010|150|EA|240|KRW|36000|20190627|1300|
C|005186|2019|50005020320010|001|4300013894|00070|CME0013|2|EA|11880|KRW|23760|20190627|1300|
C|005186|2019|50005020320011|001|4300013894|00100|CMB0010|55|EA|1280|KRW|70400|20190627|1300|
C|005186|2019|50005020320012|001|4300013895|00060|CMB0010|40|EA|1280|KRW|51200|20190627|1300|
C|005186|2019|50005020320013|001|4300013895|00070|CME0001|12|EA|3300|KRW|39600|20190627|1300|
C|005186|2019|50005020320014|001|4300013895|00090|CME0010|60|EA|240|KRW|14400|20190627|1300|
C|005186|2019|50005020320015|001|4300013909|00010|CMB0010|135|EA|1280|KRW|172800|20190627|1300|
C|005186|2019|50005020330001|001|4300013899|00010|CMH0007|1|EA|11600|KRW|11600|20190627|1300|
C|005186|2019|50005020330002|001|4300013899|00060|CME0001|39|EA|3300|KRW|128700|20190627|1300|
C|005186|2019|50005020330003|001|4300013899|00070|CMA0005|50|EA|2000|KRW|100000|20190627|1300|
C|005186|2019|50005020330004|001|4300013899|00100|CMB0010|80|EA|1280|KRW|102400|20190627|1300|
C|005186|2019|50005020330005|001|4300013899|00150|CME0010|200|EA|240|KRW|48000|20190627|1300|
C|005186|2019|50005020330006|001|4300013900|00030|CMH0007|4|EA|11600|KRW|46400|20190627|1300|
C|005186|2019|50005020330007|001|4300013900|00050|CME0001|10|EA|3300|KRW|33000|20190627|1300|
C|005186|2019|50005020330008|001|4300013900|00070|CMF0001|10|EA|1950|KRW|19500|20190627|1300|
C|005186|2019|50005020330009|001|4300013900|00080|CMF0020|10|EA|650|KRW|6500|20190627|1300|
C|005186|2019|50005020330010|001|4300013900|00120|CME0010|200|EA|240|KRW|48000|20190627|1300|
C|005186|2019|50005020330011|001|4300013900|00130|CMA0016|200|EA|2140|KRW|428000|20190627|1300|
C|005186|2019|50005020330012|001|4300013900|00180|CMB0010|400|EA|1280|KRW|512000|20190627|1300|
C|005186|2019|50005020330013|001|4300013902|00010|CMZ0014|1|EA|19000|KRW|19000|20190627|1300|
C|005186|2019|50005020330014|001|4300013902|00030|CMF0001|10|EA|1950|KRW|19500|20190627|1300|
C|005186|2019|50005020330015|001|4300013902|00040|CME0010|30|EA|240|KRW|7200|20190627|1300|
C|005186|2019|50005020330016|001|4300013902|00050|CMA0005|50|EA|2000|KRW|100000|20190627|1300|
C|005186|2019|50005020330017|001|4300013902|00110|CMF0016|50|EA|380|KRW|19000|20190627|1300|
C|005186|2019|50005020330018|001|4300013903|00020|CMH0007|2|EA|11600|KRW|23200|20190627|1300|
C|005186|2019|50005020330019|001|4300013903|00050|CME0001|16|EA|3300|KRW|52800|20190627|1300|
C|005186|2019|50005020330020|001|4300013903|00060|CMA0016|20|EA|2140|KRW|42800|20190627|1300|
C|005186|2019|50005020330021|001|4300013904|00020|CMH0007|1|EA|11600|KRW|11600|20190627|1300|
C|005186|2019|50005020330022|001|4300013904|00080|CMB0010|40|EA|1280|KRW|51200|20190627|1300|
C|005186|2019|50005020330023|001|4300013904|00110|CME0010|50|EA|240|KRW|12000|20190627|1300|
C|005186|2019|50005020330024|001|4300013905|00020|CMF0013|10|EA|940|KRW|9400|20190627|1300|
C|005186|2019|50005020330025|001|4300013905|00030|CMF0001|10|EA|1950|KRW|19500|20190627|1300|
C|005186|2019|50005020330026|001|4300013905|00040|CMF0020|10|EA|650|KRW|6500|20190627|1300|
C|005186|2019|50005020330027|001|4300013905|00080|CME0010|200|EA|240|KRW|48000|20190627|1300|
C|005186|2019|50005020330028|001|4300013906|00010|CMH0007|1|EA|11600|KRW|11600|20190627|1300|
C|005186|2019|50005020330029|001|4300013906|00020|CMF0006|2|EA|9500|KRW|19000|20190627|1300|
C|005186|2019|50005020330030|001|4300013906|00040|CMF0001|5|EA|1950|KRW|9750|20190627|1300|
C|005186|2019|50005020330031|001|4300013906|00060|CMA0016|10|EA|2140|KRW|21400|20190627|1300|
C|005186|2019|50005020330032|001|4300013906|00070|CMB0010|20|EA|1280|KRW|25600|20190627|1300|
C|005186|2019|50005020330033|001|4300013906|00130|CMB0010|80|EA|1280|KRW|102400|20190627|1300|
C|005186|2019|50005020330034|001|4300013907|00070|CME0010|200|EA|240|KRW|48000|20190627|1300|
C|005186|2019|50005020330035|001|4300013907|00080|CMA0005|200|EA|2000|KRW|400000|20190627|1300|
C|005186|2019|50005020330036|001|4300013907|00100|CMB0010|700|EA|1280|KRW|896000|20190627|1300|
C|005186|2019|50005020330037|001|4300013908|00040|CMF0001|10|EA|1950|KRW|19500|20190627|1300|
C|005186|2019|50005020330038|001|4300013908|00060|CMF0009|10|EA|4950|KRW|49500|20190627|1300|
C|005186|2019|50005020330039|001|4300013908|00080|CMF0020|20|EA|650|KRW|13000|20190627|1300|
C|005186|2019|50005020330040|001|4300013908|00090|CME0010|80|EA|240|KRW|19200|20190627|1300|
C|005186|2019|50005020330041|001|4300013908|00120|CMB0010|240|EA|1280|KRW|307200|20190627|1300|
C|005186|2019|50005020330042|001|4300013911|00020|CMH0007|2|EA|11600|KRW|23200|20190627|1300|
C|005186|2019|50005020330043|001|4300013911|00050|CMF0006|30|EA|9500|KRW|285000|20190627|1300|
C|005186|2019|50005020330044|001|4300013911|00060|CMB0010|40|EA|1280|KRW|51200|20190627|1300|
