C|005186|2017|50003455960001|001|4300007597|00020|UEBC1279|4|EA|146000|KRW|584000|20170531|1300|
C|005186|2017|50003455960002|001|4300007597|00060|UABC0039|100|EA|1950|KRW|195000|20170531|1300|
C|005186|2017|50003455960003|001|4300007597|00100|UEBC0746|20|EA|1890|KRW|37800|20170531|1300|
C|005186|2017|50003455960004|001|4300007597|00110|UEBC0769|20|EA|1890|KRW|37800|20170531|1300|
C|005186|2017|50003455960005|001|4300007597|00120|UEBC0767|20|EA|1050|KRW|21000|20170531|1300|
C|005186|2017|50003455960006|001|4300007597|00130|UEBC0774|30|EA|515|KRW|15450|20170531|1300|
C|005186|2017|50003455960007|001|4300007597|00140|UEBC0775|30|EA|920|KRW|27600|20170531|1300|
C|005186|2017|50003455960008|001|4300007597|00150|UEBC0665|1|EA|165850|KRW|165850|20170531|1300|
C|005186|2017|50003455960009|001|4300007597|00170|UEBC1021|2|EA|28250|KRW|56500|20170531|1300|
C|005186|2017|50003455960010|001|4300007598|00010|UEBC0061|2|EA|619500|KRW|1239000|20170531|1300|
C|005186|2017|50003455960011|001|4300007599|00010|UEBC0170|2|EA|705600|KRW|1411200|20170531|1300|
C|005186|2017|50003455960012|001|4300007599|00040|UEBC1310|2|EA|11872|KRW|23744|20170531|1300|
C|005186|2017|50003455960013|001|4300007599|00080|UEBC1022|4|EA|57000|KRW|228000|20170531|1300|
C|005186|2017|50003455960014|001|4300007599|00090|UEBC1023|2|EA|62400|KRW|124800|20170531|1300|
C|005186|2017|50003455960015|001|4300007600|00010|UEBC0170|2|EA|705600|KRW|1411200|20170531|1300|
C|005186|2017|50003455960016|001|4300007600|00020|UEBC0608|1|EA|142100|KRW|142100|20170531|1300|
C|005186|2017|50003455960017|001|4300007600|00040|UDDC0103|4|EA|17330|KRW|69320|20170531|1300|
C|005186|2017|50003455960018|001|4300007601|00010|UEBC0020|5|EA|42810|KRW|214050|20170531|1300|
C|005186|2017|50003455960019|001|4300007601|00020|UDBC0692|5|EA|720|KRW|3600|20170531|1300|
C|005186|2017|50003455960020|001|4300007601|00030|UDBC0682|5|EA|990|KRW|4950|20170531|1300|
C|005186|2017|50003455960021|001|4300007601|00040|UDBC0686|5|EA|3480|KRW|17400|20170531|1300|
C|005186|2017|50003455960022|001|4300007601|00050|UAEC0354|1|EA|464300|KRW|464300|20170531|1300|
C|005186|2017|50003455960023|001|4300007601|00060|UEBC1161|2|EA|290000|KRW|580000|20170531|1300|
C|005186|2017|50003455960024|001|4300007602|00010|UGBC1507|50|EA|1540|KRW|77000|20170531|1300|
C|005186|2017|50003455960025|001|4300007602|00020|UEBC1189|2|EA|93200|KRW|186400|20170531|1300|
C|005186|2017|50003455960026|001|4300007602|00040|UEBC1166|10|EA|104000|KRW|1040000|20170531|1300|
C|005186|2017|50003455960027|001|4300007605|00010|UGCC1060|4|EA|100500|KRW|402000|20170531|1300|
C|005186|2017|50003455960028|001|4300007605|00020|UGCC1057|4|EA|285000|KRW|1140000|20170531|1300|
C|005186|2017|50003455960029|001|4300007605|00050|UAIC0013|1|EA|45680|KRW|45680|20170531|1300|
C|005186|2017|50003455960030|001|4300007605|00060|UAEC0293|3|EA|12080|KRW|36240|20170531|1300|
C|005186|2017|50003455960031|001|4300007606|00060|UAEC0048|1|EA|12600|KRW|12600|20170531|1300|
C|005186|2017|50003455960032|001|4300007606|00070|UAEC0138|1|EA|12600|KRW|12600|20170531|1300|
C|005186|2017|50003455960033|001|4300007607|00010|UGCC0894|400|EA|3000|KRW|1200000|20170531|1300|
C|005186|2017|50003455960034|001|4300007607|00030|UKEC0108|1|EA|137020|KRW|137020|20170531|1300|
C|005186|2017|50003455960035|001|4300007608|00010|UAGC0033|4|EA|122100|KRW|488400|20170531|1300|
C|005186|2017|50003455960036|001|4300007608|00040|UDAC0012|300|EA|3000|KRW|900000|20170531|1300|
C|005186|2017|50003455960037|001|4300007609|00020|UIEC0035|10|EA|37800|KRW|378000|20170531|1300|
C|005186|2017|50003455960038|001|4300007609|00030|UGCC0894|100|EA|3000|KRW|300000|20170531|1300|
C|005186|2017|50003455960039|001|4300007609|00040|UGBC1430|1|EA|384000|KRW|384000|20170531|1300|
C|005186|2017|50003455960040|001|4300007609|00050|UGCC1186|1|EA|64000|KRW|64000|20170531|1300|
C|005186|2017|50003455960041|001|4300007609|00060|UCIC0018|5|EA|8510|KRW|42550|20170531|1300|
C|005186|2017|50003455960042|001|4300007609|00090|UDBC0144|2000|EA|32|KRW|64000|20170531|1300|
C|005186|2017|50003455960043|001|4300007610|00010|UEBC0695|30|EA|33600|KRW|1008000|20170531|1300|
C|005186|2017|50003455960044|001|4300007610|00040|UGAC0065|1|EA|124800|KRW|124800|20170531|1300|
C|005186|2017|50003455960045|001|4300007634|00010|UEBC0781|30|EA|630|KRW|18900|20170531|1300|
C|005186|2017|50003455960046|001|4300007634|00020|UEBC0787|30|EA|850|KRW|25500|20170531|1300|
C|005186|2017|50003455960047|001|4300007634|00030|UEBC0786|30|EA|1570|KRW|47100|20170531|1300|
C|005186|2017|50003455960048|001|4300007634|00110|UEBC0925|5|EA|18000|KRW|90000|20170531|1300|
C|005186|2017|50003455960049|001|4300007634|00150|UKEC0105|20|EA|6840|KRW|136800|20170531|1300|
C|005186|2017|50003455960050|001|4300007634|00180|UEBC1026|10|EA|6230|KRW|62300|20170531|1300|
C|005186|2017|50003455960051|001|4300007634|00200|UKBC0006|1|EA|69830|KRW|69830|20170531|1300|
C|005186|2017|50003455960052|001|4300007634|00210|UDBC0403|500|EA|27|KRW|13500|20170531|1300|
C|005186|2017|50003455960053|001|4300007635|00010|UDAC0053|5|EA|196350|KRW|981750|20170531|1300|
C|005186|2017|50003455960054|001|4300007635|00020|UDAC0366|5|EA|125100|KRW|625500|20170531|1300|
C|005186|2017|50003455960055|001|4300007637|00020|UEBC0049|2|EA|266070|KRW|532140|20170531|1300|
C|005186|2017|50003455960056|001|4300007639|00010|UEBC1210|8|EA|146500|KRW|1172000|20170531|1300|
C|005186|2017|50003455960057|001|4300007640|00030|UEAC0167|1|EA|1038000|KRW|1038000|20170531|1300|
C|005186|2017|50003455960058|001|4300007644|00050|UDBC0977|50|EA|1960|KRW|98000|20170531|1300|
C|005186|2017|50003455970001|001|4300007605|00030|UJAC0081|2|EA|24070|KRW|48140|20170531|1300|
C|005186|2017|50003455970002|001|4300007605|00040|UJAC0082|2|EA|25410|KRW|50820|20170531|1300|
C|005186|2017|50003455970003|001|4300007605|00070|UAEC0082|1|EA|152640|KRW|152640|20170531|1300|
C|005186|2017|50003455970004|001|4300007607|00040|UDFC0101|5|EA|16170|KRW|80850|20170531|1300|
C|005186|2017|50003455970005|001|4300007634|00140|UHTC0233|2|EA|29900|KRW|59800|20170531|1300|
C|005186|2017|50003455980001|001|4300007597|00160|UKAC0054|30|EA|2502|KRW|75060|20170531|1300|
C|005186|2017|50003455980002|001|4300007644|00010|UGCC1217|2|EA|98600|KRW|197200|20170531|1300|
C|005186|2017|50003455990001|001|4300007607|00020|UHDC0074|40|EA|13650|KRW|546000|20170531|1300|
C|005186|2017|50003455990002|001|4300007609|00080|UALC0075|3000|EA|45|KRW|135000|20170531|1300|
C|005186|2017|50003455990003|001|4300007610|00020|UCKC0035|15|EA|44520|KRW|667800|20170531|1300|
C|005186|2017|50003455990004|001|4300007638|00010|UGCC0012|2|EA|880000|KRW|1760000|20170531|1300|
C|005186|2017|50003455990005|001|4300007641|00010|UHGC0269|2|EA|416850|KRW|833700|20170531|1300|
C|005186|2017|50003455990006|001|4300007641|00020|UHDC0186|30|EA|265|KRW|7950|20170531|1300|
C|005186|2017|50003455990007|001|4300007641|00030|UHDC0188|30|EA|265|KRW|7950|20170531|1300|
C|005186|2017|50003455990008|001|4300007641|00040|UHFC0112|1|EA|695310|KRW|695310|20170531|1300|
C|005186|2017|50003455990009|001|4300007641|00050|UHTC0029|30|EA|3050|KRW|91500|20170531|1300|
C|005186|2017|50003455990010|001|4300007641|00060|UHTC0733|30|EA|3060|KRW|91800|20170531|1300|
C|005186|2017|50003455990011|001|4300007643|00010|UHEC0033|10|EA|102000|KRW|1020000|20170531|1300|
C|005186|2017|50003456000001|001|4300007597|00010|UDCC0043|1|EA|204210|KRW|204210|20170531|1300|
C|005186|2017|50003456000002|001|4300007597|00040|UAJC0039|5|EA|7875|KRW|39375|20170531|1300|
C|005186|2017|50003456000003|001|4300007597|00050|UDDC0189|2|EA|85110|KRW|170220|20170531|1300|
C|005186|2017|50003456000004|001|4300007597|00090|UDDC0040|1|EA|149625|KRW|149625|20170531|1300|
C|005186|2017|50003456000005|001|4300007598|00020|UDDC0131|10|EA|24360|KRW|243600|20170531|1300|
C|005186|2017|50003456000006|001|4300007598|00030|UDDC0133|10|EA|28245|KRW|282450|20170531|1300|
C|005186|2017|50003456000007|001|4300007598|00040|UDDC0136|10|EA|13545|KRW|135450|20170531|1300|
C|005186|2017|50003456000008|001|4300007599|00030|UGBC1295|1|EA|121300|KRW|121300|20170531|1300|
C|005186|2017|50003456000009|001|4300007599|00050|UDCC0025|2|EA|10400|KRW|20800|20170531|1300|
C|005186|2017|50003456000010|001|4300007599|00060|UIDC0046|1|EA|69230|KRW|69230|20170531|1300|
C|005186|2017|50003456000011|001|4300007606|00010|UKEC0091|20|EA|1270|KRW|25400|20170531|1300|
C|005186|2017|50003456000012|001|4300007606|00020|UAAC0029|20|EA|1890|KRW|37800|20170531|1300|
C|005186|2017|50003456000013|001|4300007606|00030|UAGC0323|20|EA|14180|KRW|283600|20170531|1300|
C|005186|2017|50003456000014|001|4300007606|00040|UADC0040|10|EA|7880|KRW|78800|20170531|1300|
C|005186|2017|50003456000015|001|4300007608|00020|UHTC0197|1|EA|280670|KRW|280670|20170531|1300|
C|005186|2017|50003456000016|001|4300007609|00070|UGAC0052|4|EA|57170|KRW|228680|20170531|1300|
C|005186|2017|50003456000017|001|4300007610|00030|UAGC0379|3|EA|35700|KRW|107100|20170531|1300|
C|005186|2017|50003456000018|001|4300007634|00050|UAGC0170|10|EA|24830|KRW|248300|20170531|1300|
C|005186|2017|50003456000019|001|4300007634|00070|UAGC0172|5|EA|30380|KRW|151900|20170531|1300|
C|005186|2017|50003456000020|001|4300007634|00090|UAGC0168|5|EA|40770|KRW|203850|20170531|1300|
C|005186|2017|50003456000021|001|4300007634|00100|UAGC0169|5|EA|49430|KRW|247150|20170531|1300|
C|005186|2017|50003456000022|001|4300007634|00120|UDCC0033|1|EA|115500|KRW|115500|20170531|1300|
C|005186|2017|50003456000023|001|4300007634|00130|UDCC0034|1|EA|80850|KRW|80850|20170531|1300|
C|005186|2017|50003456000024|001|4300007634|00160|UDDC0002|1|EA|55650|KRW|55650|20170531|1300|
C|005186|2017|50003456000025|001|4300007634|00170|UDDC0266|5|EA|8090|KRW|40450|20170531|1300|
C|005186|2017|50003456000026|001|4300007639|00020|UADC0114|4|EA|109500|KRW|438000|20170531|1300|
C|005186|2017|50003456000027|001|4300007640|00010|UAGC0171|10|EA|24830|KRW|248300|20170531|1300|
C|005186|2017|50003456000028|001|4300007640|00020|UAGC0173|5|EA|30380|KRW|151900|20170531|1300|
C|005186|2017|50003456000029|001|4300007663|00060|UALC0027|2|EA|38160|KRW|76320|20170531|1300|
C|005186|2017|50003456000030|001|4300007665|00030|UKBC0035|2|EA|62910|KRW|125820|20170531|1300|
C|005186|2017|50003456010001|001|4300007644|00070|UACC0033|1|EA|125420|KRW|125420|20170531|1300|
C|005186|2017|50003456010002|001|4300007663|00010|KE050201|5|EA|8460|KRW|42300|20170531|1300|
C|005186|2017|50003456010003|001|4300007667|00010|UHNC0037|2|EA|461050|KRW|922100|20170531|1300|
C|005186|2017|50003456010004|001|4300007667|00020|UHCC0019|2|EA|310000|KRW|620000|20170531|1300|
C|005186|2017|50003456020001|001|4300007637|00010|UDEC0106|5|EA|230000|KRW|1150000|20170531|1300|
C|005186|2017|50003456020002|001|4300007651|00010|UCAC0304|2|EA|384800|KRW|769600|20170531|1300|
C|005186|2017|50003456030001|001|4300007636|00010|UCIC0068|1|EA|556500|KRW|556500|20170531|1300|
C|005186|2017|50003456030002|001|4300007650|00010|UGBC1614|30|EA|1130|KRW|33900|20170531|1300|
C|005186|2017|50003456030003|001|4300007650|00020|UGBC1615|30|EA|1520|KRW|45600|20170531|1300|
C|005186|2017|50003456030004|001|4300007650|00030|UGBC1616|30|EA|2240|KRW|67200|20170531|1300|
C|005186|2017|50003456030005|001|4300007650|00040|UGBC1617|20|EA|3370|KRW|67400|20170531|1300|
C|005186|2017|50003456030006|001|4300007650|00050|UGBC1618|20|EA|3710|KRW|74200|20170531|1300|
C|005186|2017|50003456030007|001|4300007650|00060|UGBC1619|10|EA|5110|KRW|51100|20170531|1300|
C|005186|2017|50003456030008|001|4300007650|00070|UGBC1620|1|EA|461100|KRW|461100|20170531|1300|
C|005186|2017|50003456030009|001|4300007650|00080|UGBC1622|1|EA|504600|KRW|504600|20170531|1300|
C|005186|2017|50003456030010|001|4300007650|00090|UBCC0062|5|EA|9500|KRW|47500|20170531|1300|
C|005186|2017|50003456030011|001|4300007650|00100|UCIC0211|1|EA|233200|KRW|233200|20170531|1300|
C|005186|2017|50003456030012|001|4300007650|00110|UGBC1625|1|EA|368900|KRW|368900|20170531|1300|
C|005186|2017|50003456030013|001|4300007657|00030|UCIC0212|3|EA|70000|KRW|210000|20170531|1300|
C|005186|2017|50003456030014|001|4300007657|00040|UGBC0297|1|EA|1260000|KRW|1260000|20170531|1300|
C|005186|2017|50003456030015|001|4300007665|00010|UGCC1081|5|EA|57000|KRW|285000|20170531|1300|
C|005186|2017|50003456030016|001|4300007665|00020|UGBC1371|10|EA|66000|KRW|660000|20170531|1300|
C|005186|2017|50003456030017|001|4300007668|00010|UGBC1621|2|EA|328600|KRW|657200|20170531|1300|
C|005186|2017|50003456030018|001|4300007668|00020|UGBC1623|2|EA|365700|KRW|731400|20170531|1300|
C|005186|2017|50003456040001|001|4300007597|00080|UDDC0266|9|EA|8090|KRW|72810|20170531|1300|
C|005186|2017|50003456050001|001|4300007602|00030|UDEC0055|2|EA|325500|KRW|651000|20170531|1300|
