C|005186|2014|50000971850001|001|4300001704|00080|CMF0005|1|EA|20700|KRW|20700|20140915|1300|
C|005186|2014|50000971850002|001|4300001707|00060|CMF0005|3|EA|20700|KRW|62100|20140915|1300|
C|005186|2014|50000971860001|001|4300001704|00010|CMA0001|80|EA|240|KRW|19200|20140915|1300|
C|005186|2014|50000971860002|001|4300001704|00020|CMA0007|220|EA|270|KRW|59400|20140915|1300|
C|005186|2014|50000971860003|001|4300001704|00030|CMH0007|1|EA|11700|KRW|11700|20140915|1300|
C|005186|2014|50000971860004|001|4300001704|00040|CMB0001|20|EA|655|KRW|13100|20140915|1300|
C|005186|2014|50000971860005|001|4300001704|00050|CMB0010|80|EA|1100|KRW|88000|20140915|1300|
C|005186|2014|50000971860006|001|4300001704|00060|CME0004|3|EA|11550|KRW|34650|20140915|1300|
C|005186|2014|50000971860007|001|4300001704|00070|CMC0003|5|EA|340|KRW|1700|20140915|1300|
C|005186|2014|50000971860008|001|4300001704|00100|CME0010|20|EA|285|KRW|5700|20140915|1300|
C|005186|2014|50000971860009|001|4300001704|00110|CMZ0032|3|EA|1970|KRW|5910|20140915|1300|
C|005186|2014|50000971860010|001|4300001707|00010|CMA0001|400|EA|240|KRW|96000|20140915|1300|
C|005186|2014|50000971860011|001|4300001707|00020|CMA0007|50|EA|270|KRW|13500|20140915|1300|
C|005186|2014|50000971860012|001|4300001707|00030|CMA0017|10|EA|780|KRW|7800|20140915|1300|
C|005186|2014|50000971860013|001|4300001707|00040|CME0010|60|EA|285|KRW|17100|20140915|1300|
C|005186|2014|50000971860014|001|4300001707|00050|CME0013|2|EA|20300|KRW|40600|20140915|1300|
C|005186|2014|50000971860015|001|4300001707|00070|CMH0007|1|EA|11700|KRW|11700|20140915|1300|
C|005186|2014|50000971870001|001|4300001682|00010|CMD0011|3|EA|24150|KRW|72450|20140915|1300|
C|005186|2014|50000971880001|001|4300001677|00010|CMD0012|1|EA|29400|KRW|29400|20140915|1300|
