C|005186|2021|50006121820001|001|4300019073|00010|UJCC0065|3|EA|17640|KRW|52920|20210108|1300|
C|005186|2021|50006121820002|001|4300019074|00040|UGCC1249|1|EA|159600|KRW|159600|20210108|1300|
C|005186|2021|50006121820003|001|4300019075|00030|UFFC0012|10|EA|31190|KRW|311900|20210108|1300|
C|005186|2021|50006121820004|001|4300019075|00060|UKEC0013|40|EA|15300|KRW|61200|20210108|1300|
C|005186|2021|50006121820005|001|4300019076|00010|UGCC0510|1|EA|41060|KRW|41060|20210108|1300|
C|005186|2021|50006121820006|001|4300019076|00020|UFFC0012|3|EA|31190|KRW|93570|20210108|1300|
C|005186|2021|50006121820007|001|4300019078|00020|UJBC0004|10|EA|43370|KRW|43370|20210108|1300|
C|005186|2021|50006121820008|001|4300019078|00030|UJBC0005|5|EA|73500|KRW|73500|20210108|1300|
C|005186|2021|50006121820009|001|4300019078|00040|UDBC0842|100|EA|19700|KRW|19700|20210108|1300|
C|005186|2021|50006121820010|001|4300019078|00050|UDBC0304|100|EA|3200|KRW|3200|20210108|1300|
C|005186|2021|50006121820011|001|4300019078|00070|UJCC0060|300|EA|59000|KRW|177000|20210108|1300|
C|005186|2021|50006121820012|001|4300019078|00080|UGBC1452|50|EA|850|KRW|42500|20210108|1300|
C|005186|2021|50006121830001|001|4300019073|00020|UEBC1505|3|EA|454000|KRW|1362000|20210108|1300|
C|005186|2021|50006121830002|001|4300019073|00050|UEBC0063|3|EA|144900|KRW|434700|20210108|1300|
C|005186|2021|50006121830003|001|4300019074|00010|UEBC0657|2|EA|181130|KRW|362260|20210108|1300|
C|005186|2021|50006121830004|001|4300019077|00010|UCKC0133|4|EA|1054000|KRW|1054000|20210108|1300|
C|005186|2021|50006121830005|001|4300019077|00020|UDAC0012|300|EA|300000|KRW|900000|20210108|1300|
C|005186|2021|50006121830006|001|4300019078|00010|UGCC0894|400|EA|300000|KRW|1200000|20210108|1300|
C|005186|2021|50006121830007|001|4300019100|00020|UEBC1841|3|EA|26250|KRW|78750|20210108|1300|
C|005186|2021|50006121830008|001|4300019100|00030|UCKC0180|2|EA|780150|KRW|1560300|20210108|1300|
C|005186|2021|50006121830009|001|4300019101|00020|UEBC1840|2|EA|56700|KRW|113400|20210108|1300|
C|005186|2021|50006121830010|001|4300019101|00040|UEBC1842|8|EA|430|KRW|3440|20210108|1300|
C|005186|2021|50006121830011|001|4300019101|00060|UDAC0457|100|EA|96|KRW|9600|20210108|1300|
C|005186|2021|50006121830012|001|4300019101|00070|UDAC0458|100|EA|107|KRW|10700|20210108|1300|
C|005186|2021|50006121840001|001|4300019075|00010|UHTC0486|1|EA|46410|KRW|46410|20210108|1300|
C|005186|2021|50006121840002|001|4300019075|00020|UHTC0870|1|EA|85800|KRW|85800|20210108|1300|
C|005186|2021|50006121840003|001|4300019075|00050|UKGC0008|7|EA|2940|KRW|20580|20210108|1300|
C|005186|2021|50006121840004|001|4300019078|00060|UGAC0077|2|EA|36610|KRW|73220|20210108|1300|
C|005186|2021|50006121850001|001|4300019140|00010|KE030011|6|EA|8190|KRW|49140|20210108|1300|
C|005186|2021|50006121850002|001|4300019140|00020|KE030205|3|EA|31290|KRW|93870|20210108|1300|
C|005186|2021|50006121850003|001|4300019140|00030|KE030209|1|EA|74450|KRW|74450|20210108|1300|
C|005186|2021|50006121850004|001|4300019140|00040|KE050301|6|EA|1160|KRW|6960|20210108|1300|
C|005186|2021|50006121850005|001|4300019140|00050|KE050801|11|EA|1900|KRW|20900|20210108|1300|
C|005186|2021|50006121850006|001|4300019140|00060|KE090112|7|EA|16800|KRW|117600|20210108|1300|
C|005186|2021|50006121850007|001|4300019140|00070|KE200113|7|EA|130000|KRW|910000|20210108|1300|
C|005186|2021|50006121850008|001|4300019140|00080|KE231001|20|EA|16150|KRW|323000|20210108|1300|
C|005186|2021|50006121850009|001|4300019140|00090|KE270300|80|EA|9400|KRW|37600|20210108|1300|
C|005186|2021|50006121850010|001|4300019140|00100|KE281401|17|EA|840|KRW|14280|20210108|1300|
C|005186|2021|50006121850011|001|4300019141|00010|KH990100|2|EA|27220|KRW|54440|20210108|1300|
C|005186|2021|50006121850012|001|4300019141|00020|KH990101|4|EA|7250|KRW|29000|20210108|1300|
C|005186|2021|50006121850013|001|4300019141|00030|KP150400|100|EA|17000|KRW|17000|20210108|1300|
C|005186|2021|50006121850014|001|4300019141|00090|KT020014|1|EA|14490|KRW|14490|20210108|1300|
C|005186|2021|50006121850015|001|4300019141|00100|KT020500|20|EA|31100|KRW|62200|20210108|1300|
C|005186|2021|50006121850016|001|4300019141|00110|KT020610|2|EA|29150|KRW|58300|20210108|1300|
C|005186|2021|50006121850017|001|4300019141|00120|KT020611|2|EA|28140|KRW|56280|20210108|1300|
C|005186|2021|50006121850018|001|4300019141|00130|KT020612|1|EA|44100|KRW|44100|20210108|1300|
C|005186|2021|50006121850019|001|4300019141|00140|KT020700|18|EA|2680|KRW|48240|20210108|1300|
C|005186|2021|50006121850020|001|4300019141|00150|KT080520|4|EA|2760|KRW|11040|20210108|1300|
C|005186|2021|50006121850021|001|4300019141|00160|KT990001|200|EA|5100|KRW|102000|20210108|1300|
C|005186|2021|50006121850022|001|4300019141|00170|KT990010|170|EA|3700|KRW|62900|20210108|1300|
C|005186|2021|50006121860001|001|4300018982|00010|UHGC0291|5|EA|118500|KRW|118500|20210108|1300|
C|005186|2021|50006121860002|001|4300018982|00020|UHFC0100|20|EA|135000|KRW|270000|20210108|1300|
C|005186|2021|50006121860003|001|4300018982|00030|UHFC0219|200|EA|20500|KRW|82000|20210108|1300|
C|005186|2021|50006121860004|001|4300018982|00040|UHFC0218|100|EA|12500|KRW|25000|20210108|1300|
C|005186|2021|50006121860005|001|4300018982|00050|UHFC0220|50|EA|14000|KRW|14000|20210108|1300|
C|005186|2021|50006121860006|001|4300018982|00060|UHGC0162|5|EA|126000|KRW|630000|20210108|1300|
C|005186|2021|50006121860007|001|4300018983|00010|UHGC0254|2|EA|800000|KRW|1600000|20210108|1300|
C|005186|2021|50006121860008|001|4300018984|00010|UHGC0055|10|EA|85500|KRW|171000|20210108|1300|
C|005186|2021|50006121860009|001|4300019000|00010|UHGC0188|5|EA|173250|KRW|173250|20210108|1300|
C|005186|2021|50006121860010|001|4300019000|00020|UHGC0189|5|EA|31500|KRW|157500|20210108|1300|
C|005186|2021|50006121860011|001|4300019000|00030|UHHC0082|1|EA|955500|KRW|955500|20210108|1300|
C|005186|2021|50006121860012|001|4300019000|00040|UHEC0014|2|EA|103950|KRW|207900|20210108|1300|
C|005186|2021|50006121860013|001|4300019000|00050|UHHC0100|1|EA|495012|KRW|495012|20210108|1300|
C|005186|2021|50006121860014|001|4300019001|00010|UHHC0078|1|EA|573300|KRW|573300|20210108|1300|
C|005186|2021|50006121860015|001|4300019001|00020|UHGC0093|1|EA|905300|KRW|905300|20210108|1300|
C|005186|2021|50006121860016|001|4300019001|00030|UHGC0094|1|EA|499800|KRW|499800|20210108|1300|
C|005186|2021|50006121860017|001|4300019066|00010|UHGC0060|5|EA|16910|KRW|84550|20210108|1300|
C|005186|2021|50006121860018|001|4300019066|00020|UHFC0205|20|EA|95500|KRW|191000|20210108|1300|
C|005186|2021|50006121860019|001|4300019066|00030|UHGC0232|5|EA|16200|KRW|81000|20210108|1300|
C|005186|2021|50006121860020|001|4300019066|00040|UFJC0025|2|EA|75000|KRW|150000|20210108|1300|
C|005186|2021|50006121860021|001|4300019066|00050|UHFC0356|5|EA|50400|KRW|252000|20210108|1300|
C|005186|2021|50006121860022|001|4300019066|00060|UHFC0370|5|EA|16317|KRW|81585|20210108|1300|
C|005186|2021|50006121860023|001|4300019066|00070|UHGC0157|3|EA|248430|KRW|745290|20210108|1300|
C|005186|2021|50006121860024|001|4300019066|00080|UHTC0294|1|EA|30000|KRW|30000|20210108|1300|
C|005186|2021|50006121860025|001|4300019067|00010|UHFC0150|20|EA|496000|KRW|992000|20210108|1300|
C|005186|2021|50006121860026|001|4300019067|00020|UHHC0100|1|EA|495012|KRW|495012|20210108|1300|
C|005186|2021|50006121860027|001|4300019068|00010|UHGC0024|10|EA|380500|KRW|761000|20210108|1300|
C|005186|2021|50006121860028|001|4300019068|00020|UHHC0017|3|EA|201600|KRW|604800|20210108|1300|
C|005186|2021|50006121870001|001|4300018866|00050|UCIC0244|1|EA|494000|KRW|494000|20210108|1300|
C|005186|2021|50006121870002|001|4300018971|00030|UHHC0164|2|EA|111830|KRW|223660|20210108|1300|
C|005186|2021|50006121870003|001|4300018976|00030|UHFC0194|2|EA|195300|KRW|390600|20210108|1300|
C|005186|2021|50006121870004|001|4300018977|00010|UHHC0211|50|EA|380000|KRW|1900000|20210108|1300|
C|005186|2021|50006121870005|001|4300018980|00020|UHHC0214|20|EA|762000|KRW|1524000|20210108|1300|
C|005186|2021|50006121870006|001|4300019075|00040|UHDC0107|50|EA|100000|KRW|100000|20210108|1300|
C|005186|2021|50006121870007|001|4300019076|00030|UHDC0097|100|EA|137800|KRW|1378000|20210108|1300|
C|005186|2021|50006121870008|001|4300019096|00010|UHGC0053|5|EA|114700|KRW|114700|20210108|1300|
C|005186|2021|50006121870009|001|4300019096|00020|UHGC0294|5|EA|96460|KRW|482300|20210108|1300|
C|005186|2021|50006121870010|001|4300019097|00010|UHGC0134|2|EA|756000|KRW|1512000|20210108|1300|
C|005186|2021|50006121870011|001|4300019097|00020|UHTC0418|2|EA|241500|KRW|483000|20210108|1300|
C|005186|2021|50006121870012|001|4300019098|00010|UHGC0225|5|EA|195790|KRW|978950|20210108|1300|
C|005186|2021|50006121870013|001|4300019098|00020|UHGC0245|5|EA|132640|KRW|663200|20210108|1300|
C|005186|2021|50006121870014|001|4300019099|00010|UEAC0184|5|EA|379480|KRW|1897400|20210108|1300|
C|005186|2021|50006121880001|001|4300018728|00020|UGCC1559|5|EA|202000|KRW|1010000|20210108|1300|
C|005186|2021|50006121880002|001|4300019101|00050|UGCC1872|8|EA|60900|KRW|487200|20210108|1300|
