C|005186|2015|50001552260001|001|4300002815|00010|UAGC0474|1|EA|570000|KRW|570000|20150529|1300|
C|005186|2015|50001552260002|001|4300002817|00010|UAIC0008|2|EA|88940|KRW|177880|20150529|1300|
C|005186|2015|50001552260003|001|4300002818|00010|UICC0031|1|EA|14210|KRW|14210|20150529|1300|
C|005186|2015|50001552260004|001|4300002818|00100|UABC0033|10|EA|10080|KRW|100800|20150529|1300|
C|005186|2015|50001552260005|001|4300002819|00020|UAGC0109|3|EA|1638|KRW|4914|20150529|1300|
C|005186|2015|50001552260006|001|4300002858|00030|UAGC0472|1|EA|382200|KRW|382200|20150529|1300|
C|005186|2015|50001552270001|001|4300002817|00030|KS064002|10|EA|3650|KRW|36500|20150529|1300|
C|005186|2015|50001552270002|001|4300002818|00020|UGCC0098|2|EA|36230|KRW|72460|20150529|1300|
C|005186|2015|50001552270003|001|4300002818|00030|UDFC0130|100|EA|9680|KRW|968000|20150529|1300|
C|005186|2015|50001552270004|001|4300002818|00040|UAEC0056|4|EA|9000|KRW|36000|20150529|1300|
C|005186|2015|50001552270005|001|4300002819|00050|UDBC0908|20|EA|22|KRW|440|20150529|1300|
C|005186|2015|50001552270006|001|4300002853|00030|UDFC0167|50|EA|2330|KRW|116500|20150529|1300|
C|005186|2015|50001552270007|001|4300002854|00040|UEBC1212|10|EA|26500|KRW|265000|20150529|1300|
C|005186|2015|50001552270008|001|4300002854|00060|UEBC1215|2|EA|25700|KRW|51400|20150529|1300|
C|005186|2015|50001552270009|001|4300002855|00010|UEBC1210|8|EA|146500|KRW|1172000|20150529|1300|
C|005186|2015|50001552270010|001|4300002856|00020|UDCC0053|6|EA|93800|KRW|562800|20150529|1300|
C|005186|2015|50001552270011|001|4300002857|00020|UEBC1216|2|EA|17800|KRW|35600|20150529|1300|
C|005186|2015|50001552270012|001|4300002857|00030|UDBC0913|5|EA|4240|KRW|21200|20150529|1300|
C|005186|2015|50001552270013|001|4300002858|00010|UEBC1214|4|EA|72000|KRW|288000|20150529|1300|
C|005186|2015|50001552270014|001|4300002858|00050|UAGC0473|2|EA|16065|KRW|32130|20150529|1300|
C|005186|2015|50001552270015|001|4300002858|00070|UEBC1219|4|EA|5540|KRW|22160|20150529|1300|
C|005186|2015|50001552270016|001|4300002859|00040|UEBC1221|2|EA|18500|KRW|37000|20150529|1300|
C|005186|2015|50001552280001|001|4300002815|00030|UHTC0757|8|EA|47700|KRW|381600|20150529|1300|
C|005186|2015|50001552280002|001|4300002815|00040|UHTC0761|5|EA|53000|KRW|265000|20150529|1300|
C|005186|2015|50001552280003|001|4300002839|00030|UHTC0765|5|EA|34000|KRW|170000|20150529|1300|
C|005186|2015|50001552280004|001|4300002839|00040|UHTC0655|5|EA|51500|KRW|257500|20150529|1300|
C|005186|2015|50001552280005|001|4300002853|00010|UHTC0744|5|EA|276000|KRW|1380000|20150529|1300|
