C|005186|2017|50003223160001|001|4300006944|00010|UIDC0039|2|EA|48300|KRW|96600|20170214|1300|
C|005186|2017|50003223160002|001|4300006946|00010|UEBC0966|1|EA|301350|KRW|301350|20170214|1300|
C|005186|2017|50003223160003|001|4300006946|00040|UEBC1344|10|EA|20200|KRW|202000|20170214|1300|
C|005186|2017|50003223160004|001|4300006946|00050|UEBC1345|10|EA|20700|KRW|207000|20170214|1300|
C|005186|2017|50003223160005|001|4300006946|00070|UGCC0073|2|EA|136500|KRW|273000|20170214|1300|
C|005186|2017|50003223160006|001|4300006946|00100|UEBC0374|2|EA|7670|KRW|15340|20170214|1300|
C|005186|2017|50003223160007|001|4300006946|00110|UDBC0776|2|EA|11660|KRW|23320|20170214|1300|
C|005186|2017|50003223160008|001|4300006946|00130|UGBC0348|20|EA|5100|KRW|102000|20170214|1300|
C|005186|2017|50003223160009|001|4300006947|00010|UEBC0065|3|EA|168000|KRW|504000|20170214|1300|
C|005186|2017|50003223160010|001|4300006947|00020|UEBC0297|4|EA|15790|KRW|63160|20170214|1300|
C|005186|2017|50003223160011|001|4300006948|00010|UEBC0061|3|EA|619500|KRW|1858500|20170214|1300|
