C|005186|2015|50001642570001|001|4300003032|00030|UAGC0064|1|EA|112630|KRW|112630|20150630|1300|
C|005186|2015|50001642570002|001|4300003032|00040|UHHC0140|1|EA|81690|KRW|81690|20150630|1300|
C|005186|2015|50001642570003|001|4300003032|00050|UAGC0037|1|EA|21210|KRW|21210|20150630|1300|
C|005186|2015|50001642570004|001|4300003032|00060|UAGC0004|10|EA|1820|KRW|18200|20150630|1300|
C|005186|2015|50001642570005|001|4300003032|00070|UABC0021|1|EA|14490|KRW|14490|20150630|1300|
C|005186|2015|50001642570006|001|4300003032|00080|UIEC0027|1|EA|5050|KRW|5050|20150630|1300|
C|005186|2015|50001642570007|001|4300003032|00090|UAKC0012|1|EA|9080|KRW|9080|20150630|1300|
C|005186|2015|50001642570008|001|4300003032|00100|UAEC0267|1|EA|6359|KRW|6359|20150630|1300|
C|005186|2015|50001642570009|001|4300003032|00110|UJAC0130|1|EA|60640|KRW|60640|20150630|1300|
C|005186|2015|50001642570010|001|4300003032|00120|UAEC0056|1|EA|9000|KRW|9000|20150630|1300|
C|005186|2015|50001642570011|001|4300003032|00130|UAEC0014|1|EA|9000|KRW|9000|20150630|1300|
C|005186|2015|50001642570012|001|4300003035|00010|UGCC0737|1|EA|1769000|KRW|1769000|20150630|1300|
C|005186|2015|50001642570013|001|4300003036|00030|UAEC0140|50|EA|2060|KRW|103000|20150630|1300|
C|005186|2015|50001642570014|001|4300003036|00060|UAEC0267|3|EA|6359|KRW|19077|20150630|1300|
C|005186|2015|50001642570015|001|4300003037|00020|UIDC0005|3|EA|436510|KRW|1309530|20150630|1300|
C|005186|2015|50001642570016|001|4300003037|00030|UHFC0336|2|EA|82950|KRW|165900|20150630|1300|
C|005186|2015|50001642570017|001|4300003038|00020|UKBC0024|4|EA|6620|KRW|26480|20150630|1300|
C|005186|2015|50001642570018|001|4300003038|00050|UAEC0373|4|EA|115500|KRW|462000|20150630|1300|
C|005186|2015|50001642570019|001|4300003038|00100|UDDC0360|3|EA|76000|KRW|228000|20150630|1300|
C|005186|2015|50001642570020|001|4300003039|00010|UHHC0072|2|EA|412650|KRW|825300|20150630|1300|
C|005186|2015|50001642570021|001|4300003039|00020|UHHC0071|1|EA|573300|KRW|573300|20150630|1300|
C|005186|2015|50001642570022|001|4300003039|00040|UAGC0193|100|EA|3255|KRW|325500|20150630|1300|
C|005186|2015|50001642570023|001|4300003041|00010|UHHC0073|200|M|7140|KRW|1428000|20150630|1300|
C|005186|2015|50001642570024|001|4300003041|00040|UDDC0045|5|EA|18900|KRW|94500|20150630|1300|
C|005186|2015|50001642570025|001|4300003044|00010|UGAC0057|3|EA|152250|KRW|456750|20150630|1300|
C|005186|2015|50001642570026|001|4300003045|00020|UHFC0394|10|EA|31050|KRW|310500|20150630|1300|
C|005186|2015|50001642570027|001|4300003045|00030|UHFC0075|20|EA|13630|KRW|272600|20150630|1300|
C|005186|2015|50001642570028|001|4300003046|00080|UHDC0193|5|EA|147000|KRW|735000|20150630|1300|
C|005186|2015|50001642570029|001|4300003046|00090|UHFC0295|10|EA|17000|KRW|170000|20150630|1300|
C|005186|2015|50001642580001|001|4300003028|00020|UHTC0510|1|EA|421080|KRW|421080|20150630|1300|
C|005186|2015|50001642580002|001|4300003036|00040|UKEC0022|5|EA|1530|KRW|7650|20150630|1300|
C|005186|2015|50001642580003|001|4300003043|00060|UCIC0017|1|EA|17050|KRW|17050|20150630|1300|
C|005186|2015|50001642580004|001|4300003045|00010|UAEC0372|100|EA|13125|KRW|1312500|20150630|1300|
C|005186|2015|50001642580005|001|4300003046|00010|UAEC0030|6|EA|15750|KRW|94500|20150630|1300|
C|005186|2015|50001642580006|001|4300003046|00020|UAEC0209|6|EA|9100|KRW|54600|20150630|1300|
C|005186|2015|50001642580007|001|4300003046|00030|UAEC0210|6|EA|9100|KRW|54600|20150630|1300|
C|005186|2015|50001642580008|001|4300003046|00040|UAEC0395|6|EA|1300|KRW|7800|20150630|1300|
C|005186|2015|50001642580009|001|4300003046|00050|UAEC0132|4|EA|9030|KRW|36120|20150630|1300|
C|005186|2015|50001642580010|001|4300003046|00060|UAEC0055|6|EA|15380|KRW|92280|20150630|1300|
C|005186|2015|50001642580011|001|4300003083|00020|UKGC0010|3|EA|27370|KRW|82110|20150630|1300|
C|005186|2015|50001642580012|001|4300003083|00090|UKCC0003|20|EA|4520|KRW|90400|20150630|1300|
C|005186|2015|50001642820001|001|4300002972|00030|UEBC0828|10|EA|8180|KRW|81800|20150630|1300|
C|005186|2015|50001642820002|001|4300002972|00070|UDBC0652|500|EA|130|KRW|65000|20150630|1300|
C|005186|2015|50001642820003|001|4300002973|00020|UDDC0185|2|EA|34545|KRW|69090|20150630|1300|
C|005186|2015|50001642820004|001|4300002973|00050|UEBC1193|10|EA|1650|KRW|16500|20150630|1300|
C|005186|2015|50001642820005|001|4300002975|00020|UEBC1046|12|EA|42900|KRW|514800|20150630|1300|
C|005186|2015|50001642820006|001|4300002975|00040|UEBC0355|1|EA|4730|KRW|4730|20150630|1300|
C|005186|2015|50001642820007|001|4300002975|00060|UEBC0923|2|EA|41370|KRW|82740|20150630|1300|
C|005186|2015|50001642820008|001|4300002976|00070|UCIC0016|2|EA|37470|KRW|74940|20150630|1300|
C|005186|2015|50001642820009|001|4300002979|00120|UEBC0601|4|EA|30300|KRW|121200|20150630|1300|
C|005186|2015|50001642820010|001|4300002980|00020|UEBC0916|2|EA|43110|KRW|86220|20150630|1300|
C|005186|2015|50001642820011|001|4300002980|00030|UDAC0077|2|EA|1060|KRW|2120|20150630|1300|
C|005186|2015|50001642820012|001|4300003047|00050|UDAC0225|200|EA|945|KRW|189000|20150630|1300|
C|005186|2015|50001642820013|001|4300003047|00080|UZZC0016|8|EA|33600|KRW|268800|20150630|1300|
C|005186|2015|50001642820014|001|4300003047|00090|UAEC0285|2|EA|7400|KRW|14800|20150630|1300|
C|005186|2015|50001642840001|001|4300003032|00020|UGCC0725|10|EA|44190|KRW|441900|20150630|1300|
C|005186|2015|50001642840002|001|4300003033|00010|UGCC0800|1|EA|1999000|KRW|1999000|20150630|1300|
C|005186|2015|50001642840003|001|4300003035|00020|UAEC0014|3|EA|9000|KRW|27000|20150630|1300|
C|005186|2015|50001642840004|001|4300003035|00030|UADC0081|2|EA|6720|KRW|13440|20150630|1300|
C|005186|2015|50001642840005|001|4300003035|00040|UAEC0079|1|EA|12075|KRW|12075|20150630|1300|
C|005186|2015|50001642840006|001|4300003036|00050|UGCC0894|100|EA|4220|KRW|422000|20150630|1300|
C|005186|2015|50001642840007|001|4300003037|00010|UDAC0012|100|EA|4220|KRW|422000|20150630|1300|
C|005186|2015|50001642840008|001|4300003038|00010|UDAC0224|1000|EA|630|KRW|630000|20150630|1300|
C|005186|2015|50001642840009|001|4300003043|00050|UCIC0016|1|EA|37470|KRW|37470|20150630|1300|
C|005186|2015|50001642840010|001|4300003044|00020|UAEC0357|100|EA|5790|KRW|579000|20150630|1300|
C|005186|2015|50001642840011|001|4300003044|00030|UAEC0414|100|EA|5830|KRW|583000|20150630|1300|
