C|005186|2020|50005437970001|001|4300015800|00010|UICC0010|20|EA|15800|KRW|31600|20200121|1300|
C|005186|2020|50005437970002|001|4300015800|00020|UICC0035|20|EA|4940|KRW|98800|20200121|1300|
C|005186|2020|50005437970003|001|4300015813|00030|UIEC0035|20|EA|37800|KRW|756000|20200121|1300|
C|005186|2020|50005437970004|001|4300015813|00060|UKGC0008|7|EA|2940|KRW|20580|20200121|1300|
C|005186|2020|50005437970005|001|4300015813|00070|UJBC0047|6|EA|9890|KRW|59340|20200121|1300|
C|005186|2020|50005437970006|001|4300015813|00080|UCHC0003|1|EA|100000|KRW|100000|20200121|1300|
C|005186|2020|50005437970007|001|4300015815|00070|UAEC0299|2|EA|18900|KRW|37800|20200121|1300|
C|005186|2020|50005437970008|001|4300015815|00080|UKGC0008|7|EA|2940|KRW|20580|20200121|1300|
C|005186|2020|50005437970009|001|4300015817|00030|UALC0049|18|EA|22100|KRW|397800|20200121|1300|
C|005186|2020|50005437970010|001|4300015817|00040|UALC0050|6|EA|2210|KRW|13260|20200121|1300|
C|005186|2020|50005437980001|001|4300015743|00010|UGAC0091|4|EA|33920|KRW|135680|20200121|1300|
C|005186|2020|50005437980002|001|4300015743|00020|UHTC0118|20|EA|393000|KRW|393000|20200121|1300|
C|005186|2020|50005437980003|001|4300015743|00030|UALC0029|10|EA|20580|KRW|205800|20200121|1300|
C|005186|2020|50005437980004|001|4300015743|00040|UHFC0273|1|EA|576850|KRW|576850|20200121|1300|
C|005186|2020|50005437980005|001|4300015743|00050|UHBC0022|1|EA|430360|KRW|430360|20200121|1300|
C|005186|2020|50005437980006|001|4300015743|00060|UHFC0109|20|EA|13000|KRW|26000|20200121|1300|
C|005186|2020|50005437980007|001|4300015743|00070|UHFC0347|30|EA|78900|KRW|78900|20200121|1300|
C|005186|2020|50005437980008|001|4300015743|00080|KE050207|5|EA|6930|KRW|34650|20200121|1300|
C|005186|2020|50005437980009|001|4300015744|00010|UHGC0331|5|EA|249900|KRW|1249500|20200121|1300|
C|005186|2020|50005437980010|001|4300015744|00020|UFJC0026|3|EA|244860|KRW|734580|20200121|1300|
C|005186|2020|50005437980011|001|4300015745|00010|UHGC0330|4|EA|257250|KRW|1029000|20200121|1300|
C|005186|2020|50005437980012|001|4300015745|00020|UHHC0063|1|EA|790650|KRW|790650|20200121|1300|
C|005186|2020|50005437980013|001|4300015749|00010|UHGC0323|5|EA|122500|KRW|122500|20200121|1300|
C|005186|2020|50005437980014|001|4300015749|00020|UHGC0151|10|EA|94700|KRW|94700|20200121|1300|
C|005186|2020|50005437980015|001|4300015749|00030|UHTC0173|5|EA|97350|KRW|97350|20200121|1300|
C|005186|2020|50005437980016|001|4300015749|00040|UHGC0308|5|EA|121370|KRW|121370|20200121|1300|
C|005186|2020|50005437980017|001|4300015749|00050|UHFC0100|10|EA|135000|KRW|135000|20200121|1300|
C|005186|2020|50005437980018|001|4300015749|00080|UHTC0726|10|EA|168500|KRW|168500|20200121|1300|
C|005186|2020|50005437980019|001|4300015751|00010|UHFC0273|1|EA|576850|KRW|576850|20200121|1300|
C|005186|2020|50005437980020|001|4300015751|00020|UHHC0039|50|M|1123500|KRW|1123500|20200121|1300|
C|005186|2020|50005437980021|001|4300015752|00010|UHEC0041|2|EA|270000|KRW|540000|20200121|1300|
C|005186|2020|50005437980022|001|4300015752|00020|UHHC0039|50|M|1123500|KRW|1123500|20200121|1300|
C|005186|2020|50005437990001|001|4300015813|00010|UDFC0172|3|EA|21200|KRW|63600|20200121|1300|
C|005186|2020|50005437990002|001|4300015815|00050|UAEC0115|60|EA|233400|KRW|466800|20200121|1300|
C|005186|2020|50005437990003|001|4300015816|00020|UGBC0456|14|EA|1790|KRW|25060|20200121|1300|
C|005186|2020|50005437990004|001|4300015816|00060|UGCC0894|400|EA|300000|KRW|1200000|20200121|1300|
C|005186|2020|50005437990005|001|4300015820|00010|UDAC0012|300|EA|300000|KRW|900000|20200121|1300|
C|005186|2020|50005438000001|001|4300015761|00010|UCKC0153|1|EA|1222000|KRW|1222000|20200121|1300|
C|005186|2020|50005438000002|001|4300015762|00010|UCKC0154|1|EA|1285000|KRW|1285000|20200121|1300|
C|005186|2020|50005438000003|001|4300015763|00010|UCKC0155|1|EA|1285000|KRW|1285000|20200121|1300|
C|005186|2020|50005438000004|001|4300015800|00030|UEBC0640|20|EA|82950|KRW|1659000|20200121|1300|
C|005186|2020|50005438000005|001|4300015803|00010|UGBC0754|30|EA|910|KRW|27300|20200121|1300|
C|005186|2020|50005438000006|001|4300015803|00020|UGCC0218|30|EA|28770|KRW|86310|20200121|1300|
C|005186|2020|50005438000007|001|4300015803|00030|UGCC0219|30|EA|3310|KRW|99300|20200121|1300|
C|005186|2020|50005438000008|001|4300015803|00040|UGBC0768|30|EA|6090|KRW|18270|20200121|1300|
C|005186|2020|50005438000009|001|4300015821|00010|UEBC1415|1|EA|1900000|KRW|1900000|20200121|1300|
C|005186|2020|50005438000010|001|4300015822|00010|UEBC1415|1|EA|1900000|KRW|1900000|20200121|1300|
C|005186|2020|50005438010001|001|4300015753|00010|UHNC0016|1|EA|779100|KRW|779100|20200121|1300|
C|005186|2020|50005438010002|001|4300015753|00020|UHNC0106|1|EA|760200|KRW|760200|20200121|1300|
C|005186|2020|50005438010003|001|4300015754|00010|UHNC0062|1|EA|1501500|KRW|1501500|20200121|1300|
C|005186|2020|50005438010004|001|4300015795|00010|UHNC0136|1|EA|947380|KRW|947380|20200121|1300|
C|005186|2020|50005438010005|001|4300015795|00020|UHFC0112|1|EA|695310|KRW|695310|20200121|1300|
C|005186|2020|50005438010006|001|4300015795|00030|UHFC0051|10|EA|20580|KRW|205800|20200121|1300|
C|005186|2020|50005438010007|001|4300015795|00040|UHDC0157|3|EA|8340|KRW|25020|20200121|1300|
C|005186|2020|50005438010008|001|4300015795|00050|UHFC0233|5|EA|11660|KRW|58300|20200121|1300|
C|005186|2020|50005438010009|001|4300015796|00010|UHGC0124|20|EA|221000|KRW|442000|20200121|1300|
C|005186|2020|50005438010010|001|4300015796|00020|UHTC0442|5|EA|123500|KRW|123500|20200121|1300|
C|005186|2020|50005438010011|001|4300015796|00030|UHGC0029|3|EA|29400|KRW|88200|20200121|1300|
C|005186|2020|50005438010012|001|4300015796|00040|UHGC0290|5|EA|127000|KRW|127000|20200121|1300|
C|005186|2020|50005438010013|001|4300015798|00010|UHTC0800|10|EA|795000|KRW|1590000|20200121|1300|
C|005186|2020|50005438020001|001|4300015747|00010|UBBC0009|2|EA|617400|KRW|617400|20200121|1300|
C|005186|2020|50005438020002|001|4300015815|00030|UGCC0242|6|EA|14180|KRW|85080|20200121|1300|
C|005186|2020|50005438020003|001|4300015816|00080|UJAC0072|6|EA|25200|KRW|75600|20200121|1300|
C|005186|2020|50005438020004|001|4300015816|00090|UJAC0073|6|EA|26260|KRW|78780|20200121|1300|
C|005186|2020|50005438020005|001|4300015817|00070|UJBC0004|20|EA|43370|KRW|86740|20200121|1300|
C|005186|2020|50005438030001|001|4300015803|00050|UDBC0048|100|EA|57000|KRW|57000|20200121|1300|
C|005186|2020|50005438030002|001|4300015817|00080|UDBC0297|100|EA|1300|KRW|1300|20200121|1300|
C|005186|2020|50005438040001|001|4300015748|00030|UGBC1604|5|EA|40300|KRW|201500|20200121|1300|
C|005186|2020|50005438040002|001|4300015748|00040|UGBC1605|5|EA|53000|KRW|265000|20200121|1300|
C|005186|2020|50005438040003|001|4300015748|00050|UGBC1606|5|EA|60500|KRW|302500|20200121|1300|
C|005186|2020|50005438040004|001|4300015818|00010|UGCC0914|100|EA|635000|KRW|1270000|20200121|1300|
C|005186|2020|50005438050001|001|4300015817|00110|UAEC0086|1|EA|3400|KRW|3400|20200121|1300|
C|005186|2020|50005438050002|001|4300015817|00120|UAEC0098|1|EA|23940|KRW|23940|20200121|1300|
C|005186|2020|50005438060001|001|4300015815|00010|UALC0033|24|EA|1470|KRW|35280|20200121|1300|
