C|005186|2020|50005478690001|001|4300015852|00010|UAGC0588|5|EA|318000|KRW|1590000|20200213|1300|
C|005186|2020|50005478700001|001|4300015987|00020|UZZC0029|20|EA|231000|KRW|231000|20200213|1300|
C|005186|2020|50005478710001|001|4300015989|00030|UDEC0106|5|EA|230000|KRW|1150000|20200213|1300|
C|005186|2020|50005478710002|001|4300015989|00070|UDDC0013|1|EA|13440|KRW|13440|20200213|1300|
C|005186|2020|50005478710003|001|4300015997|00040|UDEC0014|2|EA|58440|KRW|116880|20200213|1300|
C|005186|2020|50005478710004|001|4300015997|00050|UIDC0034|2|EA|331800|KRW|663600|20200213|1300|
C|005186|2020|50005478710005|001|4300015997|00060|UIDC0019|2|EA|55130|KRW|110260|20200213|1300|
C|005186|2020|50005478710006|001|4300015997|00070|UHTC0290|5|EA|59970|KRW|299850|20200213|1300|
C|005186|2020|50005478720001|001|4300015987|00010|UCCC0013|2|EA|401000|KRW|802000|20200213|1300|
C|005186|2020|50005478720002|001|4300015994|00030|UGBC1235|30|EA|5900|KRW|17700|20200213|1300|
C|005186|2020|50005478720003|001|4300015994|00040|UGBC0768|30|EA|6090|KRW|18270|20200213|1300|
C|005186|2020|50005478720004|001|4300015994|00050|UGBC0780|30|EA|5700|KRW|17100|20200213|1300|
C|005186|2020|50005478720005|001|4300015994|00060|UGBC0797|30|EA|5000|KRW|15000|20200213|1300|
C|005186|2020|50005478720006|001|4300015999|00010|UFKC0001|1|EA|104210|KRW|104210|20200213|1300|
C|005186|2020|50005478730001|001|4300015746|00020|UGBC0067|20|EA|50400|KRW|50400|20200213|1300|
C|005186|2020|50005478730002|001|4300015746|00080|UBCC0062|10|EA|9500|KRW|95000|20200213|1300|
C|005186|2020|50005478730003|001|4300015869|00020|UGBC1786|1|EA|52500|KRW|52500|20200213|1300|
C|005186|2020|50005478730004|001|4300015869|00030|UGBC1787|5|EA|126000|KRW|630000|20200213|1300|
C|005186|2020|50005478730005|001|4300015869|00040|UCIC0246|1|EA|610000|KRW|610000|20200213|1300|
C|005186|2020|50005478730006|001|4300015874|00050|UGBC0859|30|EA|6700|KRW|20100|20200213|1300|
C|005186|2020|50005478730007|001|4300015874|00080|UGBC0520|20|EA|126000|KRW|252000|20200213|1300|
C|005186|2020|50005478730008|001|4300015874|00090|UGBC0521|20|EA|147000|KRW|294000|20200213|1300|
C|005186|2020|50005478730009|001|4300015874|00100|UGBC0545|5|EA|252000|KRW|252000|20200213|1300|
C|005186|2020|50005478740001|001|4300015986|00020|UKBC0014|1|EA|52500|KRW|52500|20200213|1300|
C|005186|2020|50005478740002|001|4300015986|00050|UDBC0977|50|EA|19600|KRW|98000|20200213|1300|
C|005186|2020|50005478740003|001|4300015986|00060|UDBC0035|100|EA|30000|KRW|30000|20200213|1300|
C|005186|2020|50005478740004|001|4300015988|00030|UDBC1139|300|EA|46500|KRW|139500|20200213|1300|
C|005186|2020|50005478740005|001|4300015995|00030|UEAC0198|2|EA|116000|KRW|232000|20200213|1300|
C|005186|2020|50005478750001|001|4300015988|00010|UDBC1133|30|EA|37000|KRW|1110000|20200213|1300|
C|005186|2020|50005478750002|001|4300015988|00020|UEBC1676|2|EA|300000|KRW|600000|20200213|1300|
C|005186|2020|50005478750003|001|4300015989|00010|UDAC0342|10|EA|6350|KRW|12700|20200213|1300|
C|005186|2020|50005478750004|001|4300015989|00040|UEBC1413|2|EA|79500|KRW|159000|20200213|1300|
C|005186|2020|50005478750005|001|4300015989|00050|UEAC0025|1|EA|175880|KRW|175880|20200213|1300|
C|005186|2020|50005478750006|001|4300015989|00060|UEBC0090|2|EA|20480|KRW|40960|20200213|1300|
C|005186|2020|50005478750007|001|4300015992|00010|UCKC0102|1|EA|694800|KRW|694800|20200213|1300|
C|005186|2020|50005478750008|001|4300015992|00040|UEBC1405|5|EA|33600|KRW|168000|20200213|1300|
C|005186|2020|50005478750009|001|4300015994|00010|UEBC1477|4|EA|35800|KRW|143200|20200213|1300|
C|005186|2020|50005478750010|001|4300015994|00020|UEBC1476|10|EA|76000|KRW|380000|20200213|1300|
C|005186|2020|50005478750011|001|4300015995|00020|UEBC0741|1|EA|79170|KRW|79170|20200213|1300|
C|005186|2020|50005478750012|001|4300015996|00010|UEAC1125|1|EA|1790000|KRW|1790000|20200213|1300|
C|005186|2020|50005478750013|001|4300015997|00010|UEBC1038|30|EA|56100|KRW|336600|20200213|1300|
C|005186|2020|50005478750014|001|4300015997|00020|UAJC0024|1|EA|40850|KRW|40850|20200213|1300|
C|005186|2020|50005478750015|001|4300015997|00030|UDBC0349|300|EA|6000|KRW|18000|20200213|1300|
C|005186|2020|50005478750016|001|4300015997|00080|UEBC1232|20|EA|95400|KRW|95400|20200213|1300|
C|005186|2020|50005478750017|001|4300015998|00010|UEBC1506|5|EA|246000|KRW|1230000|20200213|1300|
C|005186|2020|50005478760001|001|4300015992|00020|UEBC0236|5|EA|1470|KRW|7350|20200213|1300|
C|005186|2020|50005478760002|001|4300015992|00030|UCKC0068|5|EA|42840|KRW|214200|20200213|1300|
C|005186|2020|50005478760003|001|4300015993|00010|UDAC0062|2|EA|76800|KRW|76800|20200213|1300|
C|005186|2020|50005478760004|001|4300015993|00020|UACC0013|2|EA|243600|KRW|487200|20200213|1300|
C|005186|2020|50005478760005|001|4300015993|00030|UDFC0020|13|EA|38010|KRW|494130|20200213|1300|
C|005186|2020|50005478760006|001|4300015993|00040|UDAC0061|5|EA|1050|KRW|5250|20200213|1300|
C|005186|2020|50005478770001|001|4300016042|00010|KE030011|4|EA|8190|KRW|32760|20200213|1300|
C|005186|2020|50005478770002|001|4300016042|00020|KE030205|4|EA|31290|KRW|125160|20200213|1300|
C|005186|2020|50005478770003|001|4300016042|00030|KE030211|1|EA|145740|KRW|145740|20200213|1300|
C|005186|2020|50005478770004|001|4300016042|00040|KE050003|7|EA|1400|KRW|9800|20200213|1300|
C|005186|2020|50005478770005|001|4300016042|00050|KE050004|6|EA|1400|KRW|8400|20200213|1300|
C|005186|2020|50005478770006|001|4300016042|00060|KE050302|7|EA|1160|KRW|8120|20200213|1300|
C|005186|2020|50005478770007|001|4300016042|00070|KE090101|3|EA|24680|KRW|74040|20200213|1300|
C|005186|2020|50005478770008|001|4300016042|00080|KE090165|1|EA|165900|KRW|165900|20200213|1300|
C|005186|2020|50005478770009|001|4300016042|00090|KE200113|1|EA|130000|KRW|130000|20200213|1300|
C|005186|2020|50005478770010|001|4300016042|00100|KE230003|125|EA|46750|KRW|233750|20200213|1300|
C|005186|2020|50005478770011|001|4300016042|00110|KE231403|5|EA|1840|KRW|9200|20200213|1300|
C|005186|2020|50005478770012|001|4300016042|00120|KE231406|7|EA|7140|KRW|49980|20200213|1300|
C|005186|2020|50005478770013|001|4300016042|00130|KE231503|6|EA|1160|KRW|6960|20200213|1300|
C|005186|2020|50005478770014|001|4300016042|00140|KE270302|4|EA|6900|KRW|27600|20200213|1300|
C|005186|2020|50005478770015|001|4300016042|00150|KE281401|21|EA|840|KRW|17640|20200213|1300|
C|005186|2020|50005478780001|001|4300015990|00010|UHTC0348|5|EA|259875|KRW|259875|20200213|1300|
C|005186|2020|50005478780002|001|4300015990|00020|UHTC0349|5|EA|250950|KRW|250950|20200213|1300|
C|005186|2020|50005478780003|001|4300015990|00030|UHGC0324|10|EA|34750|KRW|69500|20200213|1300|
C|005186|2020|50005478780004|001|4300015990|00040|UHHC0119|5|EA|34650|KRW|34650|20200213|1300|
C|005186|2020|50005478780005|001|4300015990|00050|UHGC0248|5|EA|73690|KRW|368450|20200213|1300|
C|005186|2020|50005478780006|001|4300015990|00060|UHGC0270|5|EA|35790|KRW|178950|20200213|1300|
C|005186|2020|50005478780007|001|4300015990|00070|UHFC0270|1|EA|825300|KRW|825300|20200213|1300|
C|005186|2020|50005478780008|001|4300015991|00010|UHGC0342|1|EA|1030000|KRW|1030000|20200213|1300|
C|005186|2020|50005478780009|001|4300015991|00020|UHGC0207|5|EA|90300|KRW|451500|20200213|1300|
C|005186|2020|50005478790001|001|4300015986|00030|UAEC0228|2|EA|3050|KRW|6100|20200213|1300|
C|005186|2020|50005478790002|001|4300015986|00040|UAEC0229|2|EA|3050|KRW|6100|20200213|1300|
C|005186|2020|50005478790003|001|4300015999|00020|UFJC0022|5|EA|119480|KRW|597400|20200213|1300|
C|005186|2020|50005478800001|001|4300016050|00020|UJCC0060|500|EA|59000|KRW|295000|20200213|1300|
C|005186|2020|50005478800002|001|4300016050|00030|UCKC0119|1|EA|241700|KRW|241700|20200213|1300|
C|005186|2020|50005478800003|001|4300016058|00010|UFGC0068|5|EA|24680|KRW|123400|20200213|1300|
C|005186|2020|50005478800004|001|4300016058|00030|UKEC0013|80|EA|15300|KRW|122400|20200213|1300|
C|005186|2020|50005478800005|001|4300016058|00040|UEBC0454|10|EA|1520|KRW|15200|20200213|1300|
C|005186|2020|50005478800006|001|4300016058|00090|UEBC1249|10|EA|1900|KRW|19000|20200213|1300|
C|005186|2020|50005478800007|001|4300016058|00120|UDBC0147|1000|EA|13500|KRW|27000|20200213|1300|
C|005186|2020|50005478800008|001|4300016058|00160|UKEC0011|10|EA|15200|KRW|15200|20200213|1300|
C|005186|2020|50005478800009|001|4300016058|00170|UFGC0068|1|EA|24680|KRW|24680|20200213|1300|
C|005186|2020|50005478800010|001|4300016059|00040|UEBC0477|10|EA|14000|KRW|28000|20200213|1300|
C|005186|2020|50005478800011|001|4300016059|00050|UEBC1104|10|EA|3010|KRW|30100|20200213|1300|
C|005186|2020|50005478800012|001|4300016059|00070|UEBC0890|10|EA|60500|KRW|121000|20200213|1300|
