C|005186|2013|50000488100001|001|4300000935|00100|CMD0012|1|EA|29400|KRW|29400|20131230|1300|
C|005186|2013|50000488100002|001|4300000936|00090|CMD0011|2|EA|24150|KRW|48300|20131230|1300|
C|005186|2013|50000488100003|001|4300000936|00100|CMD0012|4|EA|29400|KRW|117600|20131230|1300|
C|005186|2013|50000488100004|001|4300000936|00110|CMD0013|1|EA|22460|KRW|22460|20131230|1300|
C|005186|2013|50000488110001|001|4300000934|00010|CMA0001|140|EA|240|KRW|33600|20131230|1300|
C|005186|2013|50000488110002|001|4300000934|00020|CMA0007|90|EA|270|KRW|24300|20131230|1300|
C|005186|2013|50000488110003|001|4300000934|00030|CMA0008|20|EA|690|KRW|13800|20131230|1300|
C|005186|2013|50000488110004|001|4300000934|00040|CMB0001|100|EA|655|KRW|65500|20131230|1300|
C|005186|2013|50000488110005|001|4300000934|00050|CMA0016|20|EA|2840|KRW|56800|20131230|1300|
C|005186|2013|50000488120001|001|4300000857|00010|CMA0015|150|EA|2830|KRW|424500|20131230|1300|
C|005186|2013|50000488120002|001|4300000858|00010|CME0002|20|EA|2300|KRW|46000|20131230|1300|
C|005186|2013|50000488120003|001|4300000858|00020|CME0006|20|EA|3400|KRW|68000|20131230|1300|
C|005186|2013|50000488120004|001|4300000858|00030|CME0008|20|EA|4410|KRW|88200|20131230|1300|
C|005186|2013|50000488120005|001|4300000858|00040|CME0010|100|EA|285|KRW|28500|20131230|1300|
C|005186|2013|50000488120006|001|4300000858|00050|CMF0004|1|EA|22050|KRW|22050|20131230|1300|
C|005186|2013|50000488120007|001|4300000858|00070|CMF0006|3|EA|11970|KRW|35910|20131230|1300|
C|005186|2013|50000488120008|001|4300000858|00080|CMF0013|10|EA|760|KRW|7600|20131230|1300|
C|005186|2013|50000488120009|001|4300000858|00090|CMF0014|5|EA|630|KRW|3150|20131230|1300|
C|005186|2013|50000488120010|001|4300000858|00100|CMG0001|90|EA|1840|KRW|165600|20131230|1300|
C|005186|2013|50000488120011|001|4300000858|00110|CMH0006|5|EA|400|KRW|2000|20131230|1300|
C|005186|2013|50000488120012|001|4300000858|00120|CMZ0001|30|EA|765|KRW|22950|20131230|1300|
C|005186|2013|50000488120013|001|4300000858|00130|CMZ0002|30|EA|430|KRW|12900|20131230|1300|
C|005186|2013|50000488120014|001|4300000858|00140|CMZ0004|20|EA|380|KRW|7600|20131230|1300|
C|005186|2013|50000488120015|001|4300000858|00150|CMZ0005|20|EA|750|KRW|15000|20131230|1300|
C|005186|2013|50000488120016|001|4300000858|00160|CMZ0006|10|EA|1155|KRW|11550|20131230|1300|
C|005186|2013|50000488120017|001|4300000858|00170|CMZ0032|5|EA|1970|KRW|9850|20131230|1300|
C|005186|2013|50000488120018|001|4300000859|00010|CMD0001|6|EA|9555|KRW|57330|20131230|1300|
C|005186|2013|50000488120019|001|4300000859|00020|CMA0002|120|EA|1530|KRW|183600|20131230|1300|
C|005186|2013|50000488120020|001|4300000859|00030|CMA0001|100|EA|240|KRW|24000|20131230|1300|
C|005186|2013|50000488120021|001|4300000859|00040|CMH0007|30|EA|11700|KRW|351000|20131230|1300|
C|005186|2013|50000488120022|001|4300000859|00050|CMF0006|50|EA|11970|KRW|598500|20131230|1300|
C|005186|2013|50000488120023|001|4300000859|00060|CMF0007|2|EA|1780|KRW|3560|20131230|1300|
C|005186|2013|50000488120024|001|4300000859|00070|CMF0008|4|EA|1785|KRW|7140|20131230|1300|
C|005186|2013|50000488120025|001|4300000859|00080|CMF0003|20|EA|1820|KRW|36400|20131230|1300|
C|005186|2013|50000488120026|001|4300000859|00090|CMA0007|200|EA|270|KRW|54000|20131230|1300|
C|005186|2013|50000488130001|001|4300000870|00010|CMA0001|200|EA|240|KRW|48000|20131230|1300|
C|005186|2013|50000488130002|001|4300000870|00020|CMA0007|250|EA|270|KRW|67500|20131230|1300|
C|005186|2013|50000488130003|001|4300000870|00030|CMA0008|20|EA|690|KRW|13800|20131230|1300|
C|005186|2013|50000488130004|001|4300000870|00040|CMA0016|20|EA|2840|KRW|56800|20131230|1300|
C|005186|2013|50000488130005|001|4300000870|00050|CMB0001|100|EA|655|KRW|65500|20131230|1300|
C|005186|2013|50000488130006|001|4300000870|00060|CMB0010|20|EA|1100|KRW|22000|20131230|1300|
C|005186|2013|50000488130007|001|4300000870|00070|CMC0005|10|EA|190|KRW|1900|20131230|1300|
C|005186|2013|50000488130008|001|4300000870|00080|CME0001|12|EA|4910|KRW|58920|20131230|1300|
C|005186|2013|50000488130009|001|4300000870|00090|CME0002|10|EA|2300|KRW|23000|20131230|1300|
C|005186|2013|50000488130010|001|4300000870|00110|CMF0006|1|EA|11970|KRW|11970|20131230|1300|
C|005186|2013|50000488130011|001|4300000870|00120|CMF0009|2|EA|5700|KRW|11400|20131230|1300|
C|005186|2013|50000488130012|001|4300000870|00130|CMF0021|2|EA|5400|KRW|10800|20131230|1300|
C|005186|2013|50000488130013|001|4300000870|00140|CMH0007|3|EA|11700|KRW|35100|20131230|1300|
C|005186|2013|50000488130014|001|4300000870|00150|CMZ0002|20|EA|430|KRW|8600|20131230|1300|
C|005186|2013|50000488130015|001|4300000870|00160|CMZ0004|10|EA|380|KRW|3800|20131230|1300|
C|005186|2013|50000488130016|001|4300000870|00170|CMZ0005|10|EA|750|KRW|7500|20131230|1300|
C|005186|2013|50000488130017|001|4300000871|00010|CMA0001|300|EA|240|KRW|72000|20131230|1300|
C|005186|2013|50000488130018|001|4300000871|00020|CMA0007|100|EA|270|KRW|27000|20131230|1300|
C|005186|2013|50000488130019|001|4300000871|00030|CMA0008|140|EA|690|KRW|96600|20131230|1300|
C|005186|2013|50000488130020|001|4300000871|00040|CMB0001|300|EA|655|KRW|196500|20131230|1300|
C|005186|2013|50000488130021|001|4300000871|00050|CMB0003|100|EA|2420|KRW|242000|20131230|1300|
C|005186|2013|50000488130022|001|4300000871|00060|CMC0003|30|EA|340|KRW|10200|20131230|1300|
C|005186|2013|50000488130023|001|4300000871|00070|CMC0004|30|EA|980|KRW|29400|20131230|1300|
C|005186|2013|50000488130024|001|4300000871|00080|CMC0005|60|EA|190|KRW|11400|20131230|1300|
C|005186|2013|50000488130025|001|4300000871|00090|CMC0007|2|EA|12100|KRW|24200|20131230|1300|
C|005186|2013|50000488130026|001|4300000871|00110|CMZ0001|40|EA|765|KRW|30600|20131230|1300|
C|005186|2013|50000488130027|001|4300000871|00120|CMZ0004|10|EA|380|KRW|3800|20131230|1300|
C|005186|2013|50000488130028|001|4300000871|00130|CMZ0005|10|EA|750|KRW|7500|20131230|1300|
C|005186|2013|50000488130029|001|4300000871|00140|CMZ0014|2|EA|23300|KRW|46600|20131230|1300|
C|005186|2013|50000488130030|001|4300000905|00010|CMA0015|100|EA|2830|KRW|283000|20131230|1300|
