C|005186|2013|50000196240001|001|4300000276|00090|CMF0005|2|EA|20700|KRW|41400|20130726|1300|
C|005186|2013|50000196240002|001|4300000277|00080|CMF0005|3|EA|20700|KRW|62100|20130726|1300|
C|005186|2013|50000196240003|001|4300000279|00160|CMF0005|3|EA|20700|KRW|62100|20130726|1300|
C|005186|2013|50000196240004|001|4300000282|00200|CMF0005|10|EA|20700|KRW|207000|20130726|1300|
C|005186|2013|50000196240005|001|4300000285|00110|CMF0005|12|EA|20700|KRW|248400|20130726|1300|
C|005186|2013|50000196240006|001|4300000308|00100|CMF0005|8|EA|20700|KRW|165600|20130726|1300|
C|005186|2013|50000196250001|001|4300000326|00010|CMA0015|100|EA|2830|KRW|283000|20130726|1300|
C|005186|2013|50000196250002|001|4300000326|00020|CMA0016|150|EA|2840|KRW|426000|20130726|1300|
C|005186|2013|50000196260001|001|4300000313|00010|CMA0001|300|EA|240|KRW|72000|20130726|1300|
C|005186|2013|50000196260002|001|4300000313|00020|CMA0007|100|EA|270|KRW|27000|20130726|1300|
C|005186|2013|50000196260003|001|4300000313|00030|CMA0008|140|EA|690|KRW|96600|20130726|1300|
C|005186|2013|50000196260004|001|4300000313|00040|CMB0001|300|EA|655|KRW|196500|20130726|1300|
C|005186|2013|50000196260005|001|4300000313|00050|CMB0003|100|EA|2420|KRW|242000|20130726|1300|
C|005186|2013|50000196260006|001|4300000313|00060|CMC0003|30|EA|340|KRW|10200|20130726|1300|
C|005186|2013|50000196260007|001|4300000313|00070|CMC0005|60|EA|190|KRW|11400|20130726|1300|
C|005186|2013|50000196260008|001|4300000313|00080|CMC0007|2|EA|12100|KRW|24200|20130726|1300|
C|005186|2013|50000196260009|001|4300000313|00100|CMZ0001|40|EA|765|KRW|30600|20130726|1300|
C|005186|2013|50000196260010|001|4300000313|00110|CMZ0004|10|EA|380|KRW|3800|20130726|1300|
C|005186|2013|50000196260011|001|4300000313|00120|CMZ0005|10|EA|750|KRW|7500|20130726|1300|
C|005186|2013|50000196260012|001|4300000313|00130|CMZ0014|2|EA|23300|KRW|46600|20130726|1300|
C|005186|2013|50000196260013|001|4300000314|00010|CMA0001|200|EA|240|KRW|48000|20130726|1300|
C|005186|2013|50000196260014|001|4300000314|00020|CMA0007|50|EA|270|KRW|13500|20130726|1300|
C|005186|2013|50000196260015|001|4300000314|00030|CMB0001|100|EA|655|KRW|65500|20130726|1300|
C|005186|2013|50000196260016|001|4300000314|00040|CMB0003|20|EA|2420|KRW|48400|20130726|1300|
C|005186|2013|50000196260017|001|4300000314|00050|CMB0010|100|EA|1100|KRW|110000|20130726|1300|
C|005186|2013|50000196260018|001|4300000314|00060|CMC0005|100|EA|190|KRW|19000|20130726|1300|
C|005186|2013|50000196260019|001|4300000314|00090|CMF0004|1|EA|22050|KRW|22050|20130726|1300|
C|005186|2013|50000196260020|001|4300000314|00110|CMF0021|2|EA|5400|KRW|10800|20130726|1300|
C|005186|2013|50000196260021|001|4300000314|00120|CMH0007|1|EA|11700|KRW|11700|20130726|1300|
C|005186|2013|50000196260022|001|4300000314|00130|CMZ0014|1|EA|23300|KRW|23300|20130726|1300|
C|005186|2013|50000196260023|001|4300000315|00010|CMA0001|500|EA|240|KRW|120000|20130726|1300|
C|005186|2013|50000196260024|001|4300000315|00020|CMA0007|100|EA|270|KRW|27000|20130726|1300|
C|005186|2013|50000196260025|001|4300000315|00030|CMA0008|200|EA|690|KRW|138000|20130726|1300|
C|005186|2013|50000196260026|001|4300000315|00040|CMA0016|150|EA|2840|KRW|426000|20130726|1300|
C|005186|2013|50000196260027|001|4300000315|00050|CMA0017|20|EA|780|KRW|15600|20130726|1300|
C|005186|2013|50000196260028|001|4300000315|00060|CMB0001|100|EA|655|KRW|65500|20130726|1300|
C|005186|2013|50000196260029|001|4300000315|00070|CMB0010|400|EA|1100|KRW|440000|20130726|1300|
C|005186|2013|50000196260030|001|4300000315|00080|CMC0005|50|EA|190|KRW|9500|20130726|1300|
C|005186|2013|50000196260031|001|4300000315|00090|CMD0001|5|EA|9555|KRW|47775|20130726|1300|
C|005186|2013|50000196260032|001|4300000315|00110|CME0010|150|EA|285|KRW|42750|20130726|1300|
C|005186|2013|50000196260033|001|4300000315|00120|CMF0001|5|EA|1680|KRW|8400|20130726|1300|
C|005186|2013|50000196260034|001|4300000315|00130|CMF0004|3|EA|22050|KRW|66150|20130726|1300|
C|005186|2013|50000196260035|001|4300000315|00140|CMF0013|20|EA|760|KRW|15200|20130726|1300|
C|005186|2013|50000196260036|001|4300000315|00150|CMF0018|3|EA|5800|KRW|17400|20130726|1300|
C|005186|2013|50000196260037|001|4300000315|00160|CMF0021|5|EA|5400|KRW|27000|20130726|1300|
C|005186|2013|50000196260038|001|4300000315|00170|CMZ0006|10|EA|1155|KRW|11550|20130726|1300|
C|005186|2013|50000196260039|001|4300000315|00180|CMZ0005|10|EA|750|KRW|7500|20130726|1300|
C|005186|2013|50000196260040|001|4300000315|00190|CMZ0014|2|EA|23300|KRW|46600|20130726|1300|
C|005186|2013|50000196260041|001|4300000316|00010|CMA0001|200|EA|240|KRW|48000|20130726|1300|
C|005186|2013|50000196260042|001|4300000316|00020|CMA0004|100|EA|2780|KRW|278000|20130726|1300|
C|005186|2013|50000196260043|001|4300000316|00030|CMA0005|150|EA|2470|KRW|370500|20130726|1300|
C|005186|2013|50000196260044|001|4300000316|00040|CMA0007|100|EA|270|KRW|27000|20130726|1300|
C|005186|2013|50000196260045|001|4300000316|00050|CMB0001|300|EA|655|KRW|196500|20130726|1300|
C|005186|2013|50000196260046|001|4300000316|00060|CMB0002|100|EA|2420|KRW|242000|20130726|1300|
C|005186|2013|50000196260047|001|4300000316|00080|CME0001|20|EA|4910|KRW|98200|20130726|1300|
C|005186|2013|50000196260048|001|4300000316|00090|CME0006|20|EA|3400|KRW|68000|20130726|1300|
C|005186|2013|50000196260049|001|4300000316|00100|CME0008|20|EA|4410|KRW|88200|20130726|1300|
C|005186|2013|50000196260050|001|4300000316|00110|CME0010|50|EA|285|KRW|14250|20130726|1300|
C|005186|2013|50000196260051|001|4300000316|00120|CMZ0014|1|EA|23300|KRW|23300|20130726|1300|
