C|005186|2016|50002802540001|001|4300005856|00080|UEBC1316|6|EA|16960|KRW|101760|20160830|1300|
C|005186|2016|50002802540002|001|4300005858|00060|UDBC0946|50|EA|153|KRW|7650|20160830|1300|
C|005186|2016|50002802540003|001|4300005858|00090|UDBC0942|200|EA|59|KRW|11800|20160830|1300|
C|005186|2016|50002802540004|001|4300005859|00180|UEBC1319|6|EA|17808|KRW|106848|20160830|1300|
C|005186|2016|50002802540005|001|4300005864|00030|UDBC0950|200|EA|983|KRW|196600|20160830|1300|
C|005186|2016|50002802540006|001|4300005875|00010|UDAC0266|200|EA|4840|KRW|968000|20160830|1300|
C|005186|2016|50002802540007|001|4300005907|00010|UKBC0047|30|EA|25200|KRW|756000|20160830|1300|
C|005186|2016|50002802540008|001|4300005908|00020|UJAC0147|4|EA|19950|KRW|79800|20160830|1300|
C|005186|2016|50002802540009|001|4300005918|00030|UJAC0148|3|EA|110250|KRW|330750|20160830|1300|
C|005186|2016|50002802550001|001|4300005855|00010|UGCC1112|2|EA|217300|KRW|434600|20160830|1300|
C|005186|2016|50002802550002|001|4300005855|00020|UGCC1111|2|EA|34000|KRW|68000|20160830|1300|
C|005186|2016|50002802550003|001|4300005855|00030|UGCC1110|5|EA|51500|KRW|257500|20160830|1300|
C|005186|2016|50002802550004|001|4300005855|00040|UGCC1109|1|EA|57300|KRW|57300|20160830|1300|
C|005186|2016|50002802550005|001|4300005855|00050|UGCC1108|1|EA|48800|KRW|48800|20160830|1300|
C|005186|2016|50002802550006|001|4300005855|00060|UGCC1107|2|EA|77400|KRW|154800|20160830|1300|
C|005186|2016|50002802550007|001|4300005855|00070|UGCC1106|1|EA|96500|KRW|96500|20160830|1300|
C|005186|2016|50002802550008|001|4300005855|00080|UGCC1105|4|EA|81700|KRW|326800|20160830|1300|
C|005186|2016|50002802550009|001|4300005855|00090|UGCC1104|2|EA|155300|KRW|310600|20160830|1300|
C|005186|2016|50002802550010|001|4300005855|00100|UGCC1103|2|EA|89600|KRW|179200|20160830|1300|
C|005186|2016|50002802550011|001|4300005855|00110|UGCC1102|1|EA|61500|KRW|61500|20160830|1300|
C|005186|2016|50002802550012|001|4300005856|00010|UGCC1098|7|EA|67900|KRW|475300|20160830|1300|
C|005186|2016|50002802550013|001|4300005856|00020|UGCC1097|5|EA|8000|KRW|40000|20160830|1300|
C|005186|2016|50002802550014|001|4300005856|00030|UGCC1096|1|EA|48800|KRW|48800|20160830|1300|
C|005186|2016|50002802550015|001|4300005856|00050|UGBC1533|20|EA|3820|KRW|76400|20160830|1300|
C|005186|2016|50002802550016|001|4300005856|00060|UGBC1532|10|EA|36600|KRW|366000|20160830|1300|
C|005186|2016|50002802550017|001|4300005856|00070|UEBC1317|14|EA|8480|KRW|118720|20160830|1300|
C|005186|2016|50002802550018|001|4300005856|00090|UEBC1314|5|EA|15635|KRW|78175|20160830|1300|
C|005186|2016|50002802550019|001|4300005856|00100|UEBC1313|4|EA|16568|KRW|66272|20160830|1300|
C|005186|2016|50002802550020|001|4300005856|00110|UEBC1311|2|EA|10070|KRW|20140|20160830|1300|
C|005186|2016|50002802550021|001|4300005856|00120|UEBC1310|1|EA|11872|KRW|11872|20160830|1300|
C|005186|2016|50002802550022|001|4300005856|00130|UEBC1309|4|EA|23320|KRW|93280|20160830|1300|
C|005186|2016|50002802550023|001|4300005856|00140|UEBC1305|5|EA|48230|KRW|241150|20160830|1300|
C|005186|2016|50002802550024|001|4300005857|00010|UEBC1304|10|EA|9540|KRW|95400|20160830|1300|
C|005186|2016|50002802550025|001|4300005857|00020|UDFC0183|100|EA|2650|KRW|265000|20160830|1300|
C|005186|2016|50002802550026|001|4300005858|00030|UDBC0949|1|EA|205640|KRW|205640|20160830|1300|
C|005186|2016|50002802550027|001|4300005858|00040|UDBC0948|1|EA|392200|KRW|392200|20160830|1300|
C|005186|2016|50002802550028|001|4300005858|00050|UDBC0947|20|EA|572|KRW|11440|20160830|1300|
C|005186|2016|50002802550029|001|4300005858|00070|UDBC0944|20|EA|1007|KRW|20140|20160830|1300|
C|005186|2016|50002802550030|001|4300005858|00080|UDBC0943|20|EA|573|KRW|11460|20160830|1300|
C|005186|2016|50002802550031|001|4300005858|00100|UDAC0347|100|EA|2650|KRW|265000|20160830|1300|
C|005186|2016|50002802550032|001|4300005859|00110|UDAC0348|3|EA|7208|KRW|21624|20160830|1300|
C|005186|2016|50002802550033|001|4300005859|00120|UDBC0951|100|EA|16|KRW|1600|20160830|1300|
C|005186|2016|50002802550034|001|4300005859|00130|UDBC0952|100|EA|27|KRW|2700|20160830|1300|
C|005186|2016|50002802550035|001|4300005859|00140|UDBC0953|100|EA|43|KRW|4300|20160830|1300|
C|005186|2016|50002802550036|001|4300005859|00150|UCKC0121|2|EA|192150|KRW|384300|20160830|1300|
C|005186|2016|50002802550037|001|4300005859|00160|UEAC0190|4|EA|78228|KRW|312912|20160830|1300|
C|005186|2016|50002802550038|001|4300005859|00170|UEBC1318|10|EA|7717|KRW|77170|20160830|1300|
C|005186|2016|50002802550039|001|4300005859|00190|UEBC1321|2|EA|76766|KRW|153532|20160830|1300|
C|005186|2016|50002802550040|001|4300005859|00200|UEBC1322|10|EA|9010|KRW|90100|20160830|1300|
C|005186|2016|50002802550041|001|4300005859|00210|UGCC1113|2|EA|48800|KRW|97600|20160830|1300|
C|005186|2016|50002802550042|001|4300005869|00010|UEBC0514|10|EA|9040|KRW|90400|20160830|1300|
C|005186|2016|50002802550043|001|4300005869|00020|UEBC0061|2|EA|619500|KRW|1239000|20160830|1300|
C|005186|2016|50002802550044|001|4300005869|00030|UDFC0096|8|EA|6830|KRW|54640|20160830|1300|
C|005186|2016|50002802550045|001|4300005869|00040|UDFC0057|8|EA|13860|KRW|110880|20160830|1300|
C|005186|2016|50002802550046|001|4300005870|00010|UEBC0943|6|EA|174310|KRW|1045860|20160830|1300|
C|005186|2016|50002802550047|001|4300005870|00020|UEBC1276|2|EA|206700|KRW|413400|20160830|1300|
C|005186|2016|50002802550048|001|4300005871|00010|UGCC1029|2|EA|58300|KRW|116600|20160830|1300|
C|005186|2016|50002802550049|001|4300005877|00010|UGCC0894|400|EA|4220|KRW|1688000|20160830|1300|
C|005186|2016|50002802560001|001|4300005878|00040|UHFC0439|4|EA|10000|KRW|40000|20160830|1300|
C|005186|2016|50002802570001|001|4300005861|00020|UGBC1535|1|EA|284500|KRW|284500|20160830|1300|
C|005186|2016|50002802570002|001|4300005861|00030|UCIC0199|2|EA|63600|KRW|127200|20160830|1300|
C|005186|2016|50002802570003|001|4300005861|00040|UCIC0202|2|EA|47700|KRW|95400|20160830|1300|
C|005186|2016|50002802570004|001|4300005861|00050|UCIC0203|2|EA|15900|KRW|31800|20160830|1300|
C|005186|2016|50002802570005|001|4300005861|00060|UGBC1540|1|EA|86400|KRW|86400|20160830|1300|
C|005186|2016|50002802570006|001|4300005861|00070|UGBC1544|20|EA|2000|KRW|40000|20160830|1300|
C|005186|2016|50002802570007|001|4300005861|00080|UGBC1545|20|EA|3580|KRW|71600|20160830|1300|
C|005186|2016|50002802570008|001|4300005861|00090|UGBC1546|20|EA|1060|KRW|21200|20160830|1300|
C|005186|2016|50002802570009|001|4300005862|00010|UGBC1528|1|EA|1053000|KRW|1053000|20160830|1300|
C|005186|2016|50002802570010|001|4300005862|00020|UCIC0201|1|EA|720800|KRW|720800|20160830|1300|
C|005186|2016|50002802570011|001|4300005862|00030|UGBC1547|1|EA|79000|KRW|79000|20160830|1300|
C|005186|2016|50002802570012|001|4300005863|00010|UCIC0200|2|EA|318000|KRW|636000|20160830|1300|
C|005186|2016|50002802570013|001|4300005863|00020|UCIC0043|1|EA|389480|KRW|389480|20160830|1300|
C|005186|2016|50002802570014|001|4300005863|00060|UHGC0311|1|EA|436720|KRW|436720|20160830|1300|
C|005186|2016|50002802570015|001|4300005864|00010|UGBC1541|12|EA|119000|KRW|1428000|20160830|1300|
C|005186|2016|50002802570016|001|4300005866|00010|UCIC0061|1|EA|337890|KRW|337890|20160830|1300|
C|005186|2016|50002802570017|001|4300005867|00020|UHHC0136|2|EA|96600|KRW|193200|20160830|1300|
C|005186|2016|50002802570018|001|4300005867|00030|UHTC0387|2|EA|370|KRW|740|20160830|1300|
C|005186|2016|50002802570019|001|4300005867|00040|UHTC0454|3|EA|50920|KRW|152760|20160830|1300|
C|005186|2016|50002802570020|001|4300005867|00050|UEAC0184|3|EA|379480|KRW|1138440|20160830|1300|
C|005186|2016|50002802570021|001|4300005868|00010|UHNC0047|1|EA|401740|KRW|401740|20160830|1300|
C|005186|2016|50002802570022|001|4300005868|00020|UFHC0005|5|EA|27825|KRW|139125|20160830|1300|
C|005186|2016|50002802570023|001|4300005868|00030|UHGC0037|5|EA|19803|KRW|99015|20160830|1300|
C|005186|2016|50002802570024|001|4300005868|00040|UHFC0231|5|EA|2405|KRW|12025|20160830|1300|
C|005186|2016|50002802570025|001|4300005868|00050|UHFC0232|5|EA|9790|KRW|48950|20160830|1300|
C|005186|2016|50002802570026|001|4300005868|00060|UHFC0233|5|EA|11660|KRW|58300|20160830|1300|
C|005186|2016|50002802570027|001|4300005876|00010|UHHC0201|60|EA|31580|KRW|1894800|20160830|1300|
C|005186|2016|50002802570028|001|4300005900|00010|UHNC0064|1|EA|508500|KRW|508500|20160830|1300|
C|005186|2016|50002802570029|001|4300005901|00070|UDCC0031|1|EA|108150|KRW|108150|20160830|1300|
C|005186|2016|50002802570030|001|4300005901|00080|UDEC0035|2|EA|100800|KRW|201600|20160830|1300|
C|005186|2016|50002802570031|001|4300005911|00030|UCKC0037|80|EA|14050|KRW|1124000|20160830|1300|
C|005186|2016|50002802570032|001|4300005919|00010|UHDC0042|1|EA|500000|KRW|500000|20160830|1300|
C|005186|2016|50002802570033|001|4300005919|00020|UHTC0442|5|EA|24700|KRW|123500|20160830|1300|
C|005186|2016|50002802570034|001|4300005919|00050|UHTC0387|200|EA|370|KRW|74000|20160830|1300|
C|005186|2016|50002802570035|001|4300005939|00030|UHHC0145|2|EA|81690|KRW|163380|20160830|1300|
C|005186|2016|50002802570036|001|4300005939|00140|UHFC0033|1|EA|24150|KRW|24150|20160830|1300|
C|005186|2016|50002802570037|001|4300005940|00020|UHDC0116|80|EA|10290|KRW|823200|20160830|1300|
C|005186|2016|50002802570038|001|4300005941|00020|UHDC0074|40|EA|13650|KRW|546000|20160830|1300|
C|005186|2016|50002802570039|001|4300005942|00050|UHTC0233|5|EA|29900|KRW|149500|20160830|1300|
C|005186|2016|50002802570040|001|4300005942|00060|UHTC0246|60|EA|8470|KRW|508200|20160830|1300|
C|005186|2016|50002802570041|001|4300005944|00010|UHTC0027|20|EA|3050|KRW|61000|20160830|1300|
C|005186|2016|50002802570042|001|4300005944|00020|UHFC0033|1|EA|24150|KRW|24150|20160830|1300|
C|005186|2016|50002802570043|001|4300005944|00030|UHNC0100|10|EA|33600|KRW|336000|20160830|1300|
C|005186|2016|50002802570044|001|4300005944|00040|UHNC0136|1|EA|947380|KRW|947380|20160830|1300|
C|005186|2016|50002802570045|001|4300005944|00050|UHCC0016|1|EA|958650|KRW|958650|20160830|1300|
C|005186|2016|50002802580001|001|4300005837|00010|CMA0001|200|EA|151|KRW|30200|20160830|1300|
C|005186|2016|50002802580002|001|4300005837|00020|CMA0007|600|EA|151|KRW|90600|20160830|1300|
C|005186|2016|50002802580003|001|4300005837|00030|CMA0017|5|EA|770|KRW|3850|20160830|1300|
C|005186|2016|50002802580004|001|4300005837|00040|CMB0010|200|EA|1280|KRW|256000|20160830|1300|
C|005186|2016|50002802580005|001|4300005837|00050|CMB0001|300|EA|520|KRW|156000|20160830|1300|
C|005186|2016|50002802580006|001|4300005837|00060|CMZ0032|10|EA|1300|KRW|13000|20160830|1300|
C|005186|2016|50002802580007|001|4300005837|00070|CMZ0006|5|EA|1170|KRW|5850|20160830|1300|
C|005186|2016|50002802580008|001|4300005837|00090|CMZ0006|3|EA|1170|KRW|3510|20160830|1300|
C|005186|2016|50002802580009|001|4300005837|00100|CMZ0004|3|EA|220|KRW|660|20160830|1300|
C|005186|2016|50002802580010|001|4300005839|00010|CMA0001|60|EA|151|KRW|9060|20160830|1300|
C|005186|2016|50002802580011|001|4300005839|00020|CMA0007|200|EA|151|KRW|30200|20160830|1300|
C|005186|2016|50002802580012|001|4300005839|00030|CMB0001|20|EA|520|KRW|10400|20160830|1300|
C|005186|2016|50002802580013|001|4300005839|00040|CMB0010|80|EA|1280|KRW|102400|20160830|1300|
C|005186|2016|50002802580014|001|4300005839|00050|CMZ0032|2|EA|1300|KRW|2600|20160830|1300|
C|005186|2016|50002802580015|001|4300005848|00010|CMA0001|100|EA|151|KRW|15100|20160830|1300|
C|005186|2016|50002802580016|001|4300005848|00020|CMA0007|40|EA|151|KRW|6040|20160830|1300|
C|005186|2016|50002802580017|001|4300005848|00030|CMA0008|40|EA|470|KRW|18800|20160830|1300|
C|005186|2016|50002802580018|001|4300005848|00040|CME0010|40|EA|240|KRW|9600|20160830|1300|
C|005186|2016|50002802580019|001|4300005848|00050|CME0001|10|EA|3300|KRW|33000|20160830|1300|
C|005186|2016|50002802580020|001|4300005851|00010|CMA0001|30|EA|151|KRW|4530|20160830|1300|
C|005186|2016|50002802580021|001|4300005851|00020|CMA0007|60|EA|151|KRW|9060|20160830|1300|
C|005186|2016|50002802580022|001|4300005851|00030|CMB0010|50|EA|1280|KRW|64000|20160830|1300|
C|005186|2016|50002802580023|001|4300005851|00040|CMZ0007|20|EA|220|KRW|4400|20160830|1300|
C|005186|2016|50002802580024|001|4300005851|00050|CMZ0002|5|EA|400|KRW|2000|20160830|1300|
C|005186|2016|50002802580025|001|4300005851|00060|CMZ0004|3|EA|220|KRW|660|20160830|1300|
C|005186|2016|50002802580026|001|4300005852|00010|CMA0001|540|EA|151|KRW|81540|20160830|1300|
C|005186|2016|50002802580027|001|4300005852|00020|CMA0007|50|EA|151|KRW|7550|20160830|1300|
C|005186|2016|50002802580028|001|4300005852|00030|CMA0017|10|EA|770|KRW|7700|20160830|1300|
C|005186|2016|50002802580029|001|4300005852|00040|CME0010|100|EA|240|KRW|24000|20160830|1300|
C|005186|2016|50002802580030|001|4300005852|00050|CME0013|2|EA|11880|KRW|23760|20160830|1300|
C|005186|2016|50002802580031|001|4300005852|00080|CMA0006|30|EA|2970|KRW|89100|20160830|1300|
C|005186|2016|50002802580032|001|4300005866|00020|UFGC0024|5|EA|15120|KRW|75600|20160830|1300|
C|005186|2016|50002802580033|001|4300005866|00140|UGCC0631|1|EA|71930|KRW|71930|20160830|1300|
C|005186|2016|50002802580034|001|4300005867|00010|UGAC0057|3|EA|152250|KRW|456750|20160830|1300|
C|005186|2016|50002802580035|001|4300005872|00010|UGCC0588|1|EA|404300|KRW|404300|20160830|1300|
C|005186|2016|50002802580036|001|4300005879|00010|CMA0001|80|EA|151|KRW|12080|20160830|1300|
C|005186|2016|50002802580037|001|4300005879|00020|CMA0007|130|EA|151|KRW|19630|20160830|1300|
C|005186|2016|50002802580038|001|4300005879|00030|CMA0008|50|EA|470|KRW|23500|20160830|1300|
C|005186|2016|50002802580039|001|4300005879|00040|CMB0001|40|EA|520|KRW|20800|20160830|1300|
C|005186|2016|50002802580040|001|4300005879|00060|CMA0004|20|EA|2450|KRW|49000|20160830|1300|
C|005186|2016|50002802580041|001|4300005880|00010|UFGC0017|80|EA|3500|KRW|280000|20160830|1300|
C|005186|2016|50002802580042|001|4300005899|00010|CMF0007|3|EA|1620|KRW|4860|20160830|1300|
C|005186|2016|50002802580043|001|4300005899|00020|CMF0008|7|EA|1620|KRW|11340|20160830|1300|
C|005186|2016|50002802590001|001|4300005854|00010|UGAC0056|1|EA|139760|KRW|139760|20160830|1300|
C|005186|2016|50002802590002|001|4300005854|00020|UICC0027|1|EA|14210|KRW|14210|20160830|1300|
C|005186|2016|50002802590003|001|4300005857|00030|UDEC0118|1|EA|1333500|KRW|1333500|20160830|1300|
C|005186|2016|50002802590004|001|4300005873|00080|UZZC0097|2|EA|70760|KRW|141520|20160830|1300|
C|005186|2016|50002802590005|001|4300005873|00090|UGAC0056|2|EA|139760|KRW|279520|20160830|1300|
C|005186|2016|50002802590006|001|4300005873|00120|UGAC0053|3|EA|69880|KRW|209640|20160830|1300|
C|005186|2016|50002802590007|001|4300005874|00030|UALC0006|200|EA|1733|KRW|346600|20160830|1300|
C|005186|2016|50002802590008|001|4300005875|00020|UKAC0043|3|EA|262000|KRW|786000|20160830|1300|
C|005186|2016|50002802590009|001|4300005878|00010|UGAC0056|3|EA|139760|KRW|419280|20160830|1300|
C|005186|2016|50002802590010|001|4300005878|00070|UGAC0109|2|EA|157040|KRW|314080|20160830|1300|
C|005186|2016|50002802590011|001|4300005902|00080|UAGC0016|1|EA|38420|KRW|38420|20160830|1300|
C|005186|2016|50002802590012|001|4300005902|00090|UAEC0297|2|EA|15750|KRW|31500|20160830|1300|
C|005186|2016|50002802590013|001|4300005902|00100|UAEC0347|1|EA|21950|KRW|21950|20160830|1300|
C|005186|2016|50002802590014|001|4300005903|00020|UHHC0136|2|EA|96600|KRW|193200|20160830|1300|
C|005186|2016|50002802590015|001|4300005903|00040|UAGC0167|2|EA|122000|KRW|244000|20160830|1300|
C|005186|2016|50002802590016|001|4300005903|00050|UAGC0384|1|EA|486700|KRW|486700|20160830|1300|
C|005186|2016|50002802590017|001|4300005910|00050|UKFC0002|1|EA|47600|KRW|47600|20160830|1300|
C|005186|2016|50002802590018|001|4300005910|00060|UGCC0613|8|EA|9450|KRW|75600|20160830|1300|
C|005186|2016|50002802590019|001|4300005910|00070|UGCC0607|5|EA|9870|KRW|49350|20160830|1300|
C|005186|2016|50002802590020|001|4300005911|00010|UHHC0140|1|EA|81690|KRW|81690|20160830|1300|
C|005186|2016|50002802590021|001|4300005912|00010|UGCC0527|1|EA|1945650|KRW|1945650|20160830|1300|
C|005186|2016|50002802590022|001|4300005914|00030|UKBC0010|1|EA|91480|KRW|91480|20160830|1300|
C|005186|2016|50002802590023|001|4300005914|00040|UAAC0013|10|EA|6580|KRW|65800|20160830|1300|
C|005186|2016|50002802590024|001|4300005914|00050|UAAC0015|10|EA|8790|KRW|87900|20160830|1300|
C|005186|2016|50002802590025|001|4300005914|00070|UGCC0612|5|EA|3680|KRW|18400|20160830|1300|
C|005186|2016|50002802590026|001|4300005915|00020|UAEC0095|1|EA|22630|KRW|22630|20160830|1300|
C|005186|2016|50002802590027|001|4300005923|00020|UJCC0056|1|EA|45240|KRW|45240|20160830|1300|
C|005186|2016|50002802590028|001|4300005923|00030|UIEC0031|1|EA|272790|KRW|272790|20160830|1300|
C|005186|2016|50002802590029|001|4300005939|00010|UAGC0238|1|EA|173700|KRW|173700|20160830|1300|
C|005186|2016|50002802590030|001|4300005939|00120|UHTC0486|1|EA|46410|KRW|46410|20160830|1300|
C|005186|2016|50002802590031|001|4300005939|00150|UGBC0424|1|EA|3720|KRW|3720|20160830|1300|
C|005186|2016|50002802590032|001|4300005939|00160|UGAC0091|1|EA|33920|KRW|33920|20160830|1300|
C|005186|2016|50002802590033|001|4300005940|00030|UAEC0087|5|EA|3940|KRW|19700|20160830|1300|
C|005186|2016|50002802590034|001|4300005940|00040|UAIC0002|5|EA|3680|KRW|18400|20160830|1300|
C|005186|2016|50002802590035|001|4300005940|00050|UKCC0003|40|EA|4520|KRW|180800|20160830|1300|
C|005186|2016|50002802590036|001|4300005941|00030|UKBC0010|2|EA|91480|KRW|182960|20160830|1300|
C|005186|2016|50002802590037|001|4300005941|00040|UAAC0032|10|EA|8798|KRW|87980|20160830|1300|
C|005186|2016|50002802590038|001|4300005942|00020|UGCC0604|10|EA|9780|KRW|97800|20160830|1300|
C|005186|2016|50002802590039|001|4300005942|00040|UAGC0236|10|EA|3330|KRW|33300|20160830|1300|
C|005186|2016|50002802590040|001|4300005943|00010|UGCC0737|1|EA|1769000|KRW|1769000|20160830|1300|
C|005186|2016|50002802600001|001|4300005858|00110|UDAC0346|100|EA|1484|KRW|148400|20160830|1300|
C|005186|2016|50002802600002|001|4300005869|00050|UKBC0040|1|EA|231440|KRW|231440|20160830|1300|
C|005186|2016|50002802600003|001|4300005901|00090|UDDC0267|2|EA|202530|KRW|405060|20160830|1300|
C|005186|2016|50002802600004|001|4300005901|00100|UDDC0114|4|EA|65520|KRW|262080|20160830|1300|
C|005186|2016|50002802600005|001|4300005902|00010|UDDC0016|4|EA|103010|KRW|412040|20160830|1300|
C|005186|2016|50002802600006|001|4300005902|00020|UDDC0017|4|EA|133090|KRW|532360|20160830|1300|
C|005186|2016|50002802600007|001|4300005902|00070|UGCC0605|5|EA|11030|KRW|55150|20160830|1300|
C|005186|2016|50002802600008|001|4300005904|00010|UDEC0083|3|EA|404250|KRW|1212750|20160830|1300|
C|005186|2016|50002802600009|001|4300005909|00090|UAJC0088|1|EA|103880|KRW|103880|20160830|1300|
C|005186|2016|50002802600010|001|4300005915|00010|UKBC0007|10|EA|17540|KRW|175400|20160830|1300|
