C|005186|2018|50004624190001|001|4300012055|00060|UGCC0206|50|EA|34900|KRW|174500|20181214|1300|
C|005186|2018|50004624190002|001|4300012055|00070|UGCC0207|50|EA|36300|KRW|181500|20181214|1300|
C|005186|2018|50004624190003|001|4300012059|00150|UGCC0912|4|EA|27000|KRW|108000|20181214|1300|
C|005186|2018|50004624190004|001|4300012060|00020|UGCC0911|8|EA|51900|KRW|415200|20181214|1300|
C|005186|2018|50004624190005|001|4300012081|00020|UGCC0612|3|EA|3680|KRW|11040|20181214|1300|
C|005186|2018|50004624200001|001|4300011974|00010|UHNC0016|1|EA|779100|KRW|779100|20181214|1300|
C|005186|2018|50004624200002|001|4300011974|00020|UHGC0278|2|EA|300000|KRW|600000|20181214|1300|
C|005186|2018|50004624200003|001|4300011974|00030|UHFC0001|20|EA|34700|KRW|69400|20181214|1300|
C|005186|2018|50004624200004|001|4300011975|00010|UHGC0134|2|EA|756000|KRW|1512000|20181214|1300|
C|005186|2018|50004624200005|001|4300012043|00010|UHFC0117|2|EA|250950|KRW|501900|20181214|1300|
C|005186|2018|50004624200006|001|4300012043|00020|UHFC0118|2|EA|265020|KRW|530040|20181214|1300|
C|005186|2018|50004624200007|001|4300012043|00030|UHGC0254|1|EA|800000|KRW|800000|20181214|1300|
C|005186|2018|50004624200008|001|4300012044|00010|UHGC0347|2|EA|861000|KRW|1722000|20181214|1300|
C|005186|2018|50004624200009|001|4300012044|00030|UHGC0054|5|EA|81000|KRW|81000|20181214|1300|
C|005186|2018|50004624200010|001|4300012045|00010|UHGC0321|1|EA|318000|KRW|318000|20181214|1300|
C|005186|2018|50004624200011|001|4300012045|00020|UHNC0007|1|EA|346500|KRW|346500|20181214|1300|
C|005186|2018|50004624200012|001|4300012045|00030|UHGC0278|1|EA|300000|KRW|300000|20181214|1300|
C|005186|2018|50004624200013|001|4300012052|00020|UHGC0124|20|EA|221000|KRW|442000|20181214|1300|
C|005186|2018|50004624200014|001|4300012052|00030|UHNC0136|1|EA|947380|KRW|947380|20181214|1300|
C|005186|2018|50004624200015|001|4300012052|00040|UHHC0206|2|EA|116600|KRW|233200|20181214|1300|
C|005186|2018|50004624200016|001|4300012053|00010|UGAC0007|10|EA|491400|KRW|491400|20181214|1300|
C|005186|2018|50004624200017|001|4300012053|00020|UHFC0098|20|EA|150000|KRW|300000|20181214|1300|
C|005186|2018|50004624200018|001|4300012053|00030|UHHC0190|1|EA|221000|KRW|221000|20181214|1300|
C|005186|2018|50004624200019|001|4300012053|00050|UHTC0278|2|EA|8400|KRW|16800|20181214|1300|
C|005186|2018|50004624200020|001|4300012053|00060|UHTC0279|2|EA|8400|KRW|16800|20181214|1300|
C|005186|2018|50004624200021|001|4300012053|00070|UHNC0059|1|EA|445500|KRW|445500|20181214|1300|
C|005186|2018|50004624200022|001|4300012053|00080|UHNC0067|1|EA|244210|KRW|244210|20181214|1300|
C|005186|2018|50004624200023|001|4300012053|00090|UHNC0077|1|EA|140390|KRW|140390|20181214|1300|
C|005186|2018|50004624200024|001|4300012054|00010|UHTC0772|20|EA|466400|KRW|466400|20181214|1300|
C|005186|2018|50004624200025|001|4300012054|00020|UHFC0019|10|EA|850500|KRW|850500|20181214|1300|
C|005186|2018|50004624200026|001|4300012075|00010|UHTC0145|20|EA|850500|KRW|1701000|20181214|1300|
C|005186|2018|50004624210001|001|4300012023|00010|UHGC0347|2|EA|861000|KRW|1722000|20181214|1300|
C|005186|2018|50004624210002|001|4300012042|00010|UHDC0061|100|EA|103000|KRW|1030000|20181214|1300|
C|005186|2018|50004624210003|001|4300012056|00010|UCKC0035|15|EA|222600|KRW|667800|20181214|1300|
C|005186|2018|50004624210004|001|4300012056|00040|UHDC0091|20|EA|55790|KRW|1115800|20181214|1300|
C|005186|2018|50004624210005|001|4300012057|00010|UCKC0037|100|EA|1405000|KRW|1405000|20181214|1300|
C|005186|2018|50004624210006|001|4300012058|00010|UHDC0063|20|EA|304500|KRW|1218000|20181214|1300|
C|005186|2018|50004624210007|001|4300012059|00090|UALC0038|6|EA|248850|KRW|497700|20181214|1300|
C|005186|2018|50004624210008|001|4300012059|00100|UALC0075|3000|EA|45000|KRW|135000|20181214|1300|
C|005186|2018|50004624220001|001|4300012060|00010|UZZC0088|100|EA|14700|KRW|1470000|20181214|1300|
C|005186|2018|50004624230001|001|4300012047|00010|UIDC0086|5|EA|140000|KRW|700000|20181214|1300|
C|005186|2018|50004624230002|001|4300012052|00010|UHTC0587|20|EA|18400|KRW|368000|20181214|1300|
C|005186|2018|50004624230003|001|4300012062|00080|UDEC0011|3|EA|200000|KRW|600000|20181214|1300|
C|005186|2018|50004624230004|001|4300012062|00100|UDDC0323|2|EA|45500|KRW|91000|20181214|1300|
C|005186|2018|50004624230005|001|4300012062|00120|UICC0010|50|EA|15800|KRW|79000|20181214|1300|
C|005186|2018|50004624230006|001|4300012062|00130|UDCC0020|2|EA|62580|KRW|125160|20181214|1300|
C|005186|2018|50004624230007|001|4300012074|00010|UHTC0691|20|EA|357000|KRW|714000|20181214|1300|
C|005186|2018|50004624230008|001|4300012074|00020|UHDC0258|10|EA|158500|KRW|317000|20181214|1300|
