C|005186|2019|50005263860001|001|4300014911|00010|UGCC0672|10|EA|31290|KRW|312900|20191028|1300|
C|005186|2019|50005263860002|001|4300014911|00040|UDBC0051|100|EA|15000|KRW|75000|20191028|1300|
C|005186|2019|50005263860003|001|4300014911|00050|UDBC0034|100|EA|15600|KRW|15600|20191028|1300|
C|005186|2019|50005263860004|001|4300014914|00060|UDAC0024|1|EA|1040840|KRW|1040840|20191028|1300|
C|005186|2019|50005263860005|001|4300014914|00080|UEAC0049|2|EA|308390|KRW|616780|20191028|1300|
C|005186|2019|50005263860006|001|4300014926|00030|UKBC0047|12|EA|25200|KRW|302400|20191028|1300|
C|005186|2019|50005263860007|001|4300014926|00370|UDBC1111|200|EA|400|KRW|8000|20191028|1300|
C|005186|2019|50005263870001|001|4300014921|00010|UJBC0004|20|EA|43370|KRW|86740|20191028|1300|
C|005186|2019|50005263870002|001|4300014921|00020|UGBC0465|100|EA|127000|KRW|127000|20191028|1300|
C|005186|2019|50005263870003|001|4300014921|00040|UDBC0644|200|EA|3200|KRW|6400|20191028|1300|
C|005186|2019|50005263870004|001|4300014921|00050|UDBC0368|200|EA|2100|KRW|4200|20191028|1300|
C|005186|2019|50005263870005|001|4300014921|00060|UHTC0184|1|EA|33600|KRW|33600|20191028|1300|
C|005186|2019|50005263870006|001|4300014922|00120|UEBC1409|3|EA|35300|KRW|105900|20191028|1300|
C|005186|2019|50005263870007|001|4300014923|00010|UAGC0248|10|EA|199500|KRW|1995000|20191028|1300|
C|005186|2019|50005263870008|001|4300014924|00110|UFKC0108|1|EA|121050|KRW|121050|20191028|1300|
C|005186|2019|50005263870009|001|4300014924|00120|UEBC1473|15|EA|13200|KRW|198000|20191028|1300|
C|005186|2019|50005263870010|001|4300014924|00160|UHTC0184|1|EA|33600|KRW|33600|20191028|1300|
C|005186|2019|50005263880001|001|4300014911|00030|UGCC0140|5|EA|57750|KRW|288750|20191028|1300|
C|005186|2019|50005263880002|001|4300014914|00050|UGCC1097|10|EA|8000|KRW|80000|20191028|1300|
C|005186|2019|50005263880003|001|4300014920|00020|UGCC0914|100|EA|635000|KRW|1270000|20191028|1300|
C|005186|2019|50005263880004|001|4300014975|00010|UZZC0128|1|EA|201000|KRW|201000|20191028|1300|
C|005186|2019|50005263890001|001|4300014917|00040|UCHC0039|2|EA|114450|KRW|228900|20191028|1300|
C|005186|2019|50005263890002|001|4300014968|00010|UABC0050|20|EA|59200|KRW|59200|20191028|1300|
C|005186|2019|50005263890003|001|4300014972|00030|UAGC0239|1|EA|278250|KRW|278250|20191028|1300|
C|005186|2019|50005263890004|001|4300014973|00010|UFGC0007|20|EA|35180|KRW|703600|20191028|1300|
C|005186|2019|50005263890005|001|4300014974|00010|UABC0050|200|EA|59200|KRW|592000|20191028|1300|
C|005186|2019|50005263890006|001|4300014974|00020|UAEC0159|2|EA|239660|KRW|479320|20191028|1300|
C|005186|2019|50005263890007|001|4300014975|00020|UAEC0497|2|EA|14440|KRW|28880|20191028|1300|
C|005186|2019|50005263890008|001|4300014975|00070|UAEC0027|2|EA|22580|KRW|45160|20191028|1300|
C|005186|2019|50005263890009|001|4300014975|00080|UAEC0409|2|EA|11910|KRW|23820|20191028|1300|
C|005186|2019|50005263890010|001|4300014975|00090|UADC0159|1|EA|143500|KRW|143500|20191028|1300|
C|005186|2019|50005263890011|001|4300014977|00020|UAEC0096|4|EA|29190|KRW|116760|20191028|1300|
C|005186|2019|50005263890012|001|4300014977|00030|UAEC0042|4|EA|20370|KRW|81480|20191028|1300|
C|005186|2019|50005263890013|001|4300014977|00070|UGBC0768|50|EA|6090|KRW|30450|20191028|1300|
C|005186|2019|50005263890014|001|4300014977|00080|UAEC0005|15|EA|13100|KRW|39300|20191028|1300|
C|005186|2019|50005263890015|001|4300014977|00090|UAEC0006|5|EA|15750|KRW|15750|20191028|1300|
C|005186|2019|50005263890016|001|4300014977|00100|UAEC0007|10|EA|23150|KRW|46300|20191028|1300|
C|005186|2019|50005263890017|001|4300014977|00110|UAEC0245|8|EA|3580|KRW|14320|20191028|1300|
C|005186|2019|50005263890018|001|4300014977|00120|UAEC0246|8|EA|5840|KRW|23360|20191028|1300|
C|005186|2019|50005263890019|001|4300014977|00130|UAEC0249|8|EA|3450|KRW|27600|20191028|1300|
C|005186|2019|50005263890020|001|4300014977|00140|UAEC0250|8|EA|3930|KRW|31440|20191028|1300|
C|005186|2019|50005263890021|001|4300014977|00150|UAEC0069|2|EA|16310|KRW|32620|20191028|1300|
C|005186|2019|50005263900001|001|4300014966|00010|UHEC0033|5|EA|510000|KRW|510000|20191028|1300|
C|005186|2019|50005263900002|001|4300014966|00020|UHTC0800|5|EA|795000|KRW|795000|20191028|1300|
C|005186|2019|50005263900003|001|4300014966|00030|UHFC0231|5|EA|2405|KRW|12025|20191028|1300|
C|005186|2019|50005263900004|001|4300014966|00040|UHFC0232|5|EA|9790|KRW|48950|20191028|1300|
C|005186|2019|50005263900005|001|4300014966|00050|UHFC0234|3|EA|12075|KRW|36225|20191028|1300|
C|005186|2019|50005263900006|001|4300014966|00060|UHFC0109|10|EA|13000|KRW|13000|20191028|1300|
C|005186|2019|50005263900007|001|4300014966|00070|UHFC0151|10|EA|5050|KRW|50500|20191028|1300|
C|005186|2019|50005263900008|001|4300014967|00010|UHHC0130|1|EA|661500|KRW|661500|20191028|1300|
C|005186|2019|50005263900009|001|4300014967|00020|UHFC0377|5|EA|8630|KRW|43150|20191028|1300|
C|005186|2019|50005264110001|001|4300014891|00010|UHFC0410|105|EA|89500|KRW|1879500|20191028|1300|
C|005186|2019|50005264110002|001|4300014893|00010|UHTC0690|40|EA|258000|KRW|1032000|20191028|1300|
C|005186|2019|50005264110003|001|4300014895|00010|UHTC0865|5|EA|85600|KRW|428000|20191028|1300|
C|005186|2019|50005264110004|001|4300014922|00130|UJAC0151|12|EA|76940|KRW|461640|20191028|1300|
C|005186|2019|50005264110005|001|4300014925|00010|UZZC0189|100|EA|168600|KRW|1686000|20191028|1300|
C|005186|2019|50005264110006|001|4300014926|00280|UJAC0072|2|EA|25200|KRW|25200|20191028|1300|
C|005186|2019|50005264110007|001|4300014926|00290|UJAC0073|2|EA|26260|KRW|26260|20191028|1300|
C|005186|2019|50005264110008|001|4300014967|00030|UHTC0855|6|EA|48150|KRW|288900|20191028|1300|
C|005186|2019|50005264110009|001|4300014977|00160|UHGC0242|50|EA|173750|KRW|347500|20191028|1300|
