C|005186|2019|50004894970001|001|4300013364|00050|CMH0007|5|EA|11600|KRW|58000|20190429|1300|
C|005186|2019|50004894970002|001|4300013364|00060|CME0001|10|EA|3300|KRW|33000|20190429|1300|
C|005186|2019|50004894970003|001|4300013364|00080|CMF0001|10|EA|1950|KRW|19500|20190429|1300|
C|005186|2019|50004894970004|001|4300013364|00090|CMF0020|10|EA|650|KRW|6500|20190429|1300|
C|005186|2019|50004894970005|001|4300013364|00100|CME0010|100|EA|240|KRW|24000|20190429|1300|
C|005186|2019|50004894970006|001|4300013364|00120|CMA0016|200|EA|2140|KRW|428000|20190429|1300|
C|005186|2019|50004894970007|001|4300013364|00170|CMB0010|500|EA|1280|KRW|640000|20190429|1300|
C|005186|2019|50004894970008|001|4300013365|00040|CMH0007|20|EA|11600|KRW|232000|20190429|1300|
C|005186|2019|50004894970009|001|4300013365|00050|CMF0021|30|EA|3100|KRW|93000|20190429|1300|
C|005186|2019|50004894970010|001|4300013365|00060|CMA0005|150|EA|2000|KRW|300000|20190429|1300|
C|005186|2019|50004894970011|001|4300013365|00090|CMB0010|700|EA|1280|KRW|896000|20190429|1300|
C|005186|2019|50004894970012|001|4300013366|00010|CMH0007|1|EA|11600|KRW|11600|20190429|1300|
C|005186|2019|50004894970013|001|4300013366|00040|CME0001|39|EA|3300|KRW|128700|20190429|1300|
C|005186|2019|50004894970014|001|4300013366|00060|CMA0005|50|EA|2000|KRW|100000|20190429|1300|
C|005186|2019|50004894970015|001|4300013366|00110|CME0010|200|EA|240|KRW|48000|20190429|1300|
C|005186|2019|50004894970016|001|4300013366|00140|CMB0010|300|EA|1280|KRW|384000|20190429|1300|
C|005186|2019|50004894970017|001|4300013367|00040|CMB0010|10|EA|1280|KRW|12800|20190429|1300|
C|005186|2019|50004894970018|001|4300013367|00070|CMF0006|30|EA|9500|KRW|285000|20190429|1300|
C|005186|2019|50004894970019|001|4300013369|00010|CMZ0014|1|EA|19000|KRW|19000|20190429|1300|
C|005186|2019|50004894970020|001|4300013370|00020|CMF0006|1|EA|9500|KRW|9500|20190429|1300|
C|005186|2019|50004894970021|001|4300013370|00040|CMF0021|2|EA|3100|KRW|6200|20190429|1300|
C|005186|2019|50004894970022|001|4300013370|00050|CMH0007|2|EA|11600|KRW|23200|20190429|1300|
C|005186|2019|50004894970023|001|4300013370|00090|CME0001|16|EA|3300|KRW|52800|20190429|1300|
C|005186|2019|50004894970024|001|4300013370|00100|CMA0016|30|EA|2140|KRW|64200|20190429|1300|
C|005186|2019|50004894970025|001|4300013371|00030|CME0001|20|EA|3300|KRW|66000|20190429|1300|
C|005186|2019|50004894970026|001|4300013371|00060|CME0010|60|EA|240|KRW|14400|20190429|1300|
C|005186|2019|50004894970027|001|4300013371|00090|CMB0010|240|EA|1280|KRW|307200|20190429|1300|
C|005186|2019|50004894970028|001|4300013372|00020|CMH0007|1|EA|11600|KRW|11600|20190429|1300|
C|005186|2019|50004894970029|001|4300013372|00030|CMF0001|3|EA|1950|KRW|5850|20190429|1300|
C|005186|2019|50004894970030|001|4300013372|00040|CMF0013|20|EA|940|KRW|18800|20190429|1300|
C|005186|2019|50004894970031|001|4300013372|00060|CMB0010|40|EA|1280|KRW|51200|20190429|1300|
C|005186|2019|50004894970032|001|4300013372|00090|CME0010|50|EA|240|KRW|12000|20190429|1300|
C|005186|2019|50004894970033|001|4300013373|00020|CMH0007|1|EA|11600|KRW|11600|20190429|1300|
C|005186|2019|50004894970034|001|4300013373|00040|CME0001|10|EA|3300|KRW|33000|20190429|1300|
C|005186|2019|50004894970035|001|4300013373|00050|CMB0010|20|EA|1280|KRW|25600|20190429|1300|
C|005186|2019|50004894970036|001|4300013373|00070|CMA0016|20|EA|2140|KRW|42800|20190429|1300|
C|005186|2019|50004894970037|001|4300013374|00070|CME0001|50|EA|3300|KRW|165000|20190429|1300|
C|005186|2019|50004894970038|001|4300013374|00110|CME0010|500|EA|240|KRW|120000|20190429|1300|
C|005186|2019|50004894970039|001|4300013383|00010|CMF0001|1|EA|1950|KRW|1950|20190429|1300|
C|005186|2019|50004894970040|001|4300013383|00020|CMF0020|1|EA|650|KRW|650|20190429|1300|
C|005186|2019|50004894980001|001|4300013368|00030|CMB0010|40|EA|1280|KRW|51200|20190429|1300|
C|005186|2019|50004894980002|001|4300013375|00010|CMB0010|200|EA|1280|KRW|256000|20190429|1300|
C|005186|2019|50004894980003|001|4300013375|00070|CMB0010|100|EA|1280|KRW|128000|20190429|1300|
C|005186|2019|50004894980004|001|4300013376|00020|CMB0010|100|EA|1280|KRW|128000|20190429|1300|
C|005186|2019|50004894980005|001|4300013377|00040|CME0001|20|EA|3300|KRW|66000|20190429|1300|
C|005186|2019|50004894980006|001|4300013377|00050|CME0010|150|EA|240|KRW|36000|20190429|1300|
C|005186|2019|50004894980007|001|4300013378|00040|CMB0010|70|EA|1280|KRW|89600|20190429|1300|
C|005186|2019|50004894980008|001|4300013378|00060|CMZ0014|1|EA|19000|KRW|19000|20190429|1300|
C|005186|2019|50004894980009|001|4300013380|00040|CME0001|10|EA|3300|KRW|33000|20190429|1300|
C|005186|2019|50004894980010|001|4300013380|00050|CME0010|50|EA|240|KRW|12000|20190429|1300|
C|005186|2019|50004894980011|001|4300013381|00050|CMB0010|200|EA|1280|KRW|256000|20190429|1300|
