C|005186|2019|50004821390001|001|4300013092|00010|CMD0011|2|EA|24100|KRW|48200|20190322|1300|
C|005186|2019|50004821390002|001|4300013092|00020|CMD0001|3|EA|8000|KRW|24000|20190322|1300|
C|005186|2019|50004821390003|001|4300013092|00030|CMF0004|4|EA|17000|KRW|68000|20190322|1300|
C|005186|2019|50004821390004|001|4300013092|00050|CMD0017|6|EA|23760|KRW|142560|20190322|1300|
C|005186|2019|50004821390005|001|4300013092|00060|CMF0007|10|EA|1620|KRW|16200|20190322|1300|
C|005186|2019|50004821390006|001|4300013092|00070|CMF0008|10|EA|1620|KRW|16200|20190322|1300|
C|005186|2019|50004821390007|001|4300013092|00080|CMZ0032|10|EA|1300|KRW|13000|20190322|1300|
C|005186|2019|50004821390008|001|4300013092|00100|CME0005|24|EA|2600|KRW|62400|20190322|1300|
C|005186|2019|50004821390009|001|4300013092|00110|CME0002|100|EA|1100|KRW|110000|20190322|1300|
C|005186|2019|50004821390010|001|4300013092|00120|CMA0008|100|EA|470|KRW|47000|20190322|1300|
C|005186|2019|50004821390011|001|4300013092|00140|CMB0001|120|EA|520|KRW|62400|20190322|1300|
C|005186|2019|50004821390012|001|4300013092|00150|CMA0007|300|EA|151|KRW|45300|20190322|1300|
C|005186|2019|50004821390013|001|4300013092|00170|CMA0001|600|EA|151|KRW|90600|20190322|1300|
