C|005186|2019|50005386630001|001|4300015430|00020|UHFC0291|2|EA|31500|KRW|63000|20191223|1300|
C|005186|2019|50005386630002|001|4300015430|00030|UHGC0092|3|EA|500000|KRW|1500000|20191223|1300|
C|005186|2019|50005386630003|001|4300015431|00010|UHHC0109|1|EA|1036880|KRW|1036880|20191223|1300|
C|005186|2019|50005386630004|001|4300015431|00020|UHHC0014|1|EA|878960|KRW|878960|20191223|1300|
C|005186|2019|50005386630005|001|4300015432|00010|UHNC0053|1|EA|343350|KRW|343350|20191223|1300|
C|005186|2019|50005386630006|001|4300015432|00020|UHDC0067|5|EA|61950|KRW|309750|20191223|1300|
C|005186|2019|50005386630007|001|4300015432|00030|UHNC0065|1|EA|350000|KRW|350000|20191223|1300|
C|005186|2019|50005386630008|001|4300015432|00040|UHGC0237|2|EA|561000|KRW|1122000|20191223|1300|
C|005186|2019|50005386630009|001|4300015442|00050|UCKC0037|100|EA|1405000|KRW|1405000|20191223|1300|
C|005186|2019|50005386630010|001|4300015443|00010|UHDC0254|2|EA|114480|KRW|228960|20191223|1300|
C|005186|2019|50005386630011|001|4300015444|00010|UEAC0184|5|EA|1897400|KRW|1897400|20191223|1300|
C|005186|2019|50005386630012|001|4300015447|00010|UHNC0119|1|EA|1042000|KRW|1042000|20191223|1300|
C|005186|2019|50005386630013|001|4300015447|00020|UHNC0123|1|EA|496850|KRW|496850|20191223|1300|
C|005186|2019|50005386630014|001|4300015447|00030|UHGC0294|4|EA|96460|KRW|385840|20191223|1300|
C|005186|2019|50005386640001|001|4300015468|00010|KE030011|8|EA|8190|KRW|65520|20191223|1300|
C|005186|2019|50005386640002|001|4300015468|00020|KE030200|3|EA|15230|KRW|45690|20191223|1300|
C|005186|2019|50005386640003|001|4300015468|00030|KE050502|1|EA|10000|KRW|10000|20191223|1300|
C|005186|2019|50005386640004|001|4300015468|00040|KE090102|3|EA|15430|KRW|46290|20191223|1300|
C|005186|2019|50005386640005|001|4300015468|00050|KE090112|4|EA|16800|KRW|67200|20191223|1300|
C|005186|2019|50005386640006|001|4300015468|00060|KE110100|4|EA|124000|KRW|496000|20191223|1300|
C|005186|2019|50005386640007|001|4300015468|00070|KE110200|15|EA|65100|KRW|976500|20191223|1300|
C|005186|2019|50005386640008|001|4300015468|00080|KE190001|5|EA|6300|KRW|31500|20191223|1300|
C|005186|2019|50005386640009|001|4300015468|00090|KE230003|175|EA|46750|KRW|327250|20191223|1300|
C|005186|2019|50005386640010|001|4300015468|00100|KE231001|24|EA|16150|KRW|387600|20191223|1300|
C|005186|2019|50005386640011|001|4300015468|00110|KE231403|8|EA|1840|KRW|14720|20191223|1300|
C|005186|2019|50005386640012|001|4300015468|00120|KE231503|8|EA|1160|KRW|9280|20191223|1300|
C|005186|2019|50005386640013|001|4300015468|00130|KE281401|17|EA|840|KRW|14280|20191223|1300|
C|005186|2019|50005386640014|001|4300015503|00010|UHBC0024|1|EA|1950000|KRW|1950000|20191223|1300|
C|005186|2019|50005386640015|001|4300015504|00010|UHAC0010|1|EA|960000|KRW|960000|20191223|1300|
C|005186|2019|50005386640016|001|4300015504|00020|UHBC0021|1|EA|833000|KRW|833000|20191223|1300|
C|005186|2019|50005386640017|001|4300015505|00010|UHCC0013|2|EA|492450|KRW|984900|20191223|1300|
C|005186|2019|50005386640018|001|4300015506|00010|UHFC0245|1|EA|1350000|KRW|1350000|20191223|1300|
C|005186|2019|50005386650001|001|4300015502|00010|UAEC0148|2|EA|173420|KRW|346840|20191223|1300|
C|005186|2019|50005386650002|001|4300015502|00040|UAKC0001|5|EA|6090|KRW|30450|20191223|1300|
C|005186|2019|50005386650003|001|4300015502|00050|UAEC0139|5|EA|11150|KRW|55750|20191223|1300|
C|005186|2019|50005386650004|001|4300015502|00090|UAEC0014|6|EA|9000|KRW|54000|20191223|1300|
C|005186|2019|50005386650005|001|4300015502|00100|UAEC0058|6|EA|12350|KRW|74100|20191223|1300|
C|005186|2019|50005386660001|001|4300015469|00120|KH990100|4|EA|27220|KRW|108880|20191223|1300|
C|005186|2019|50005386660002|001|4300015469|00130|KH990101|6|EA|7250|KRW|43500|20191223|1300|
C|005186|2019|50005386660003|001|4300015469|00140|KP150400|100|EA|17000|KRW|17000|20191223|1300|
C|005186|2019|50005386660004|001|4300015469|00150|KT020005|2|EA|5640|KRW|11280|20191223|1300|
C|005186|2019|50005386660005|001|4300015469|00160|KT020009|3|EA|8030|KRW|24090|20191223|1300|
C|005186|2019|50005386660006|001|4300015469|00170|KT020014|1|EA|14490|KRW|14490|20191223|1300|
C|005186|2019|50005386660007|001|4300015469|00180|KT020019|1|EA|23570|KRW|23570|20191223|1300|
C|005186|2019|50005386660008|001|4300015469|00190|KT020020|1|EA|27800|KRW|27800|20191223|1300|
C|005186|2019|50005386660009|001|4300015469|00200|KT020610|2|EA|29150|KRW|58300|20191223|1300|
C|005186|2019|50005386660010|001|4300015469|00210|KT020612|1|EA|44100|KRW|44100|20191223|1300|
C|005186|2019|50005386660011|001|4300015469|00220|KT990001|200|EA|5100|KRW|102000|20191223|1300|
C|005186|2019|50005386660012|001|4300015469|00230|KT990010|70|EA|3700|KRW|25900|20191223|1300|
C|005186|2019|50005386660013|001|4300015473|00010|UCKC0062|2|EA|17110|KRW|34220|20191223|1300|
C|005186|2019|50005386660014|001|4300015497|00060|UAGC0441|10|EA|80200|KRW|80200|20191223|1300|
C|005186|2019|50005386670001|001|4300015502|00080|UAEC0267|6|EA|12718|KRW|38154|20191223|1300|
C|005186|2019|50005386670002|001|4300015502|00110|UAEC0343|5|EA|5170|KRW|25850|20191223|1300|
C|005186|2019|50005386670003|001|4300015502|00130|UAEC0408|10|EA|6150|KRW|61500|20191223|1300|
C|005186|2019|50005386670004|001|4300015502|00170|UAEC0297|4|EA|26560|KRW|53120|20191223|1300|
C|005186|2019|50005386670005|001|4300015507|00050|UGCC0139|5|EA|50400|KRW|252000|20191223|1300|
C|005186|2019|50005386680001|001|4300015429|00010|UHTC0592|20|EA|51500|KRW|1030000|20191223|1300|
C|005186|2019|50005386680002|001|4300015429|00020|UHTC0614|20|EA|49400|KRW|988000|20191223|1300|
C|005186|2019|50005386680003|001|4300015430|00010|UHTC0691|10|EA|357000|KRW|357000|20191223|1300|
C|005186|2019|50005386680004|001|4300015472|00020|UADC0159|2|EA|143500|KRW|287000|20191223|1300|
C|005186|2019|50005386680005|001|4300015502|00120|UAEC0289|5|EA|8960|KRW|44800|20191223|1300|
C|005186|2019|50005386680006|001|4300015502|00140|UAEC0291|5|EA|10330|KRW|51650|20191223|1300|
C|005186|2019|50005386680007|001|4300015502|00150|UAEC0293|10|EA|10860|KRW|108600|20191223|1300|
C|005186|2019|50005386680008|001|4300015502|00160|UAEC0295|10|EA|24880|KRW|124400|20191223|1300|
C|005186|2019|50005386690001|001|4300015507|00040|UDFC0166|10|EA|40200|KRW|402000|20191223|1300|
C|005186|2019|50005386700001|001|4300015105|00060|UDEC0015|1|EA|35910|KRW|35910|20191223|1300|
C|005186|2019|50005386700002|001|4300015469|00110|KS990008|1|EA|39900|KRW|39900|20191223|1300|
C|005186|2019|50005386700003|001|4300015564|00010|UADC0067|10|EA|66200|KRW|66200|20191223|1300|
C|005186|2019|50005386700004|001|4300015564|00080|UEBC0018|10|EA|32290|KRW|322900|20191223|1300|
C|005186|2019|50005386700005|001|4300015564|00090|UDAC0250|1|EA|17900|KRW|17900|20191223|1300|
C|005186|2019|50005386700006|001|4300015569|00010|UEBC0635|2|EA|96820|KRW|193640|20191223|1300|
C|005186|2019|50005386700007|001|4300015569|00020|UDBC0655|200|EA|5500|KRW|11000|20191223|1300|
C|005186|2019|50005386700008|001|4300015569|00070|UDBC0971|1|EA|151600|KRW|151600|20191223|1300|
C|005186|2019|50005386700009|001|4300015569|00080|UDBC0970|1|EA|367000|KRW|367000|20191223|1300|
C|005186|2019|50005386700010|001|4300015569|00090|UEBC0066|1|EA|938700|KRW|938700|20191223|1300|
C|005186|2019|50005386700011|001|4300015572|00010|UEBC1471|4|EA|323000|KRW|646000|20191223|1300|
C|005186|2019|50005386700012|001|4300015572|00020|UEBC1470|4|EA|460000|KRW|920000|20191223|1300|
C|005186|2019|50005386700013|001|4300015573|00010|UDAC0392|10|EA|63300|KRW|633000|20191223|1300|
C|005186|2019|50005386700014|001|4300015573|00020|UDAC0393|10|EA|147500|KRW|295000|20191223|1300|
C|005186|2019|50005386700015|001|4300015574|00060|UEBC1107|10|EA|6710|KRW|67100|20191223|1300|
C|005186|2019|50005386700016|001|4300015574|00080|UEBC0731|1|EA|19110|KRW|19110|20191223|1300|
C|005186|2019|50005386700017|001|4300015574|00090|UEBC1349|1|EA|57900|KRW|57900|20191223|1300|
C|005186|2019|50005386700018|001|4300015574|00100|UEBC1544|1|EA|38400|KRW|38400|20191223|1300|
C|005186|2019|50005386700019|001|4300015614|00020|UEBC0630|8|EA|58520|KRW|234080|20191223|1300|
C|005186|2019|50005386700020|001|4300015614|00030|UEBC0388|8|EA|14950|KRW|119600|20191223|1300|
C|005186|2019|50005386700021|001|4300015614|00040|UEBC0956|2|EA|65520|KRW|131040|20191223|1300|
C|005186|2019|50005386700022|001|4300015614|00050|UEBC1408|52|EA|4880|KRW|253760|20191223|1300|
C|005186|2019|50005387010001|001|4300015614|00010|UAGC0466|1|EA|17670|KRW|17670|20191223|1300|
C|005186|2019|50005387010002|001|4300015615|00010|UDFC0170|50|EA|60000|KRW|300000|20191223|1300|
C|005186|2019|50005387010003|001|4300015615|00020|UDFC0226|50|EA|53700|KRW|268500|20191223|1300|
C|005186|2019|50005387010004|001|4300015615|00030|UDFC0080|50|EA|48500|KRW|242500|20191223|1300|
C|005186|2019|50005387010005|001|4300015615|00040|UDFC0081|50|EA|48300|KRW|241500|20191223|1300|
C|005186|2019|50005387010006|001|4300015615|00050|UDFC0079|50|EA|46600|KRW|233000|20191223|1300|
C|005186|2019|50005387010007|001|4300015615|00060|UDFC0123|50|EA|38850|KRW|194250|20191223|1300|
C|005186|2019|50005387010008|001|4300015615|00070|UAJC0010|2|EA|45740|KRW|91480|20191223|1300|
C|005186|2019|50005387010009|001|4300015615|00080|UAJC0011|2|EA|45740|KRW|91480|20191223|1300|
C|005186|2019|50005387010010|001|4300015615|00090|UACC0032|2|EA|51650|KRW|103300|20191223|1300|
C|005186|2019|50005387010011|001|4300015615|00100|UAGC0310|1|EA|15750|KRW|15750|20191223|1300|
C|005186|2019|50005387010012|001|4300015615|00110|UAGC0314|1|EA|33730|KRW|33730|20191223|1300|
C|005186|2019|50005387010013|001|4300015616|00010|UABC0021|1|EA|14490|KRW|14490|20191223|1300|
C|005186|2019|50005387010014|001|4300015616|00020|UHTC0826|1|EA|150800|KRW|150800|20191223|1300|
C|005186|2019|50005387010015|001|4300015616|00030|UAEC0078|1|EA|10530|KRW|10530|20191223|1300|
C|005186|2019|50005387010016|001|4300015616|00040|UAEC0079|1|EA|12075|KRW|12075|20191223|1300|
C|005186|2019|50005387010017|001|4300015616|00050|UADC0018|1|EA|17220|KRW|17220|20191223|1300|
C|005186|2019|50005387010018|001|4300015616|00060|UAGC0450|1|EA|238000|KRW|238000|20191223|1300|
C|005186|2019|50005387010019|001|4300015616|00090|UAIC0002|1|EA|3680|KRW|3680|20191223|1300|
C|005186|2019|50005387020001|001|4300015507|00030|UCHC0039|2|EA|114450|KRW|228900|20191223|1300|
C|005186|2019|50005387020002|001|4300015564|00020|UDBC0437|20|EA|440|KRW|8800|20191223|1300|
C|005186|2019|50005387020003|001|4300015564|00030|UAEC0056|1|EA|9000|KRW|9000|20191223|1300|
C|005186|2019|50005387020004|001|4300015564|00040|UAEC0015|3|EA|9830|KRW|29490|20191223|1300|
C|005186|2019|50005387020005|001|4300015564|00050|UAEC0058|1|EA|12350|KRW|12350|20191223|1300|
C|005186|2019|50005387020006|001|4300015569|00040|UDAC0038|20|EA|2730|KRW|54600|20191223|1300|
C|005186|2019|50005387020007|001|4300015569|00050|UFGC0057|10|EA|4940|KRW|49400|20191223|1300|
C|005186|2019|50005387020008|001|4300015574|00070|UAEC0019|1|EA|158550|KRW|158550|20191223|1300|
C|005186|2019|50005387030001|001|4300015472|00010|UADC0033|2|EA|344500|KRW|689000|20191223|1300|
