C|005186|2017|50003591300001|001|4300008118|00080|UAGC0467|1|EA|4400|KRW|4400|20170728|1300|
C|005186|2017|50003591300002|001|4300008165|00010|UHFC0344|20|EA|63500|KRW|1270000|20170728|1300|
C|005186|2017|50003591300003|001|4300008165|00020|UHTC0726|10|EA|16850|KRW|168500|20170728|1300|
C|005186|2017|50003591300004|001|4300008166|00010|UGAC0053|1|EA|69880|KRW|69880|20170728|1300|
C|005186|2017|50003591300005|001|4300008166|00020|UHDC0124|5|EA|630|KRW|3150|20170728|1300|
C|005186|2017|50003591300006|001|4300008178|00010|UGAC0056|1|EA|139760|KRW|139760|20170728|1300|
C|005186|2017|50003591300007|001|4300008178|00020|UCIC0016|1|EA|37470|KRW|37470|20170728|1300|
C|005186|2017|50003591300008|001|4300008178|00030|UAEC0023|2|EA|17010|KRW|34020|20170728|1300|
C|005186|2017|50003591300009|001|4300008178|00050|UABC0021|2|EA|14490|KRW|28980|20170728|1300|
C|005186|2017|50003591300010|001|4300008178|00060|UAEC0095|1|EA|22630|KRW|22630|20170728|1300|
C|005186|2017|50003591300011|001|4300008178|00070|UAEC0096|1|EA|29190|KRW|29190|20170728|1300|
C|005186|2017|50003591300012|001|4300008178|00090|UCKC0107|1|EA|477000|KRW|477000|20170728|1300|
C|005186|2017|50003591300013|001|4300008178|00100|UHFC0234|4|EA|12075|KRW|48300|20170728|1300|
C|005186|2017|50003591300014|001|4300008179|00030|UZZC0148|50|EA|13200|KRW|660000|20170728|1300|
C|005186|2017|50003591300015|001|4300008179|00040|UKAC0025|10|EA|2520|KRW|25200|20170728|1300|
C|005186|2017|50003591300016|001|4300008180|00010|UDBC0989|100|EA|4750|KRW|475000|20170728|1300|
C|005186|2017|50003591300017|001|4300008180|00020|UGAC0053|1|EA|69880|KRW|69880|20170728|1300|
C|005186|2017|50003591300018|001|4300008180|00030|UDBC0767|50|EA|190|KRW|9500|20170728|1300|
C|005186|2017|50003591300019|001|4300008181|00010|CMB0010|200|EA|1280|KRW|256000|20170728|1300|
C|005186|2017|50003591300020|001|4300008182|00010|CMB0010|400|EA|1280|KRW|512000|20170728|1300|
C|005186|2017|50003591320001|001|4300008037|00010|UDAC0376|10|EA|95000|KRW|950000|20170728|1300|
C|005186|2017|50003591320002|001|4300008094|00020|UBCC0053|1|EA|51000|KRW|51000|20170728|1300|
C|005186|2017|50003591320003|001|4300008094|00030|UGBC1281|5|EA|19500|KRW|97500|20170728|1300|
C|005186|2017|50003591320004|001|4300008094|00040|UGBC1280|10|EA|2430|KRW|24300|20170728|1300|
C|005186|2017|50003591320005|001|4300008095|00040|UGBC1331|1|EA|215790|KRW|215790|20170728|1300|
C|005186|2017|50003591320006|001|4300008097|00010|UFKC0141|5|EA|53000|KRW|265000|20170728|1300|
C|005186|2017|50003591320007|001|4300008097|00020|UFKC0052|1|EA|49500|KRW|49500|20170728|1300|
C|005186|2017|50003591320008|001|4300008130|00020|UCIC0052|1|EA|947400|KRW|947400|20170728|1300|
C|005186|2017|50003591320009|001|4300008130|00030|UGBC0555|10|EA|42000|KRW|420000|20170728|1300|
C|005186|2017|50003591320010|001|4300008131|00010|UGBC0556|10|EA|52500|KRW|525000|20170728|1300|
C|005186|2017|50003591320011|001|4300008131|00020|UGBC0557|5|EA|65100|KRW|325500|20170728|1300|
C|005186|2017|50003591320012|001|4300008131|00030|UDAC0315|10|EA|5480|KRW|54800|20170728|1300|
