C|005186|2013|50000287610001|001|4300000490|00120|CMD0016|2|EA|30450|KRW|60900|20130915|1300|
C|005186|2013|50000287610002|001|4300000491|00100|CMD0016|10|EA|30450|KRW|304500|20130915|1300|
C|005186|2013|50000287610003|001|4300000498|00080|CMD0016|3|EA|30450|KRW|91350|20130915|1300|
C|005186|2013|50000287620001|001|4300000498|00010|CMA0001|400|EA|240|KRW|96000|20130915|1300|
C|005186|2013|50000287620002|001|4300000498|00020|CMA0007|100|EA|270|KRW|27000|20130915|1300|
C|005186|2013|50000287620003|001|4300000498|00030|CMA0015|100|EA|2830|KRW|283000|20130915|1300|
C|005186|2013|50000287620004|001|4300000498|00040|CMA0016|150|EA|2840|KRW|426000|20130915|1300|
C|005186|2013|50000287620005|001|4300000498|00050|CMB0001|200|EA|655|KRW|131000|20130915|1300|
C|005186|2013|50000287620006|001|4300000498|00060|CMB0002|100|EA|2420|KRW|242000|20130915|1300|
C|005186|2013|50000287620007|001|4300000498|00070|CMC0005|50|EA|190|KRW|9500|20130915|1300|
C|005186|2013|50000287620008|001|4300000498|00090|CME0001|20|EA|4910|KRW|98200|20130915|1300|
C|005186|2013|50000287620009|001|4300000498|00100|CME0008|20|EA|4410|KRW|88200|20130915|1300|
C|005186|2013|50000287620010|001|4300000498|00110|CME0010|100|EA|285|KRW|28500|20130915|1300|
C|005186|2013|50000287620011|001|4300000498|00120|CMZ0014|1|EA|23300|KRW|23300|20130915|1300|
C|005186|2013|50000287620012|001|4300000499|00010|CMA0001|200|EA|240|KRW|48000|20130915|1300|
C|005186|2013|50000287620013|001|4300000499|00020|CMA0005|100|EA|2470|KRW|247000|20130915|1300|
C|005186|2013|50000287620014|001|4300000499|00030|CMA0007|50|EA|270|KRW|13500|20130915|1300|
C|005186|2013|50000287620015|001|4300000499|00040|CMB0001|80|EA|655|KRW|52400|20130915|1300|
C|005186|2013|50000287620016|001|4300000499|00050|CMB0003|40|EA|2420|KRW|96800|20130915|1300|
C|005186|2013|50000287620017|001|4300000499|00060|CMB0010|100|EA|1100|KRW|110000|20130915|1300|
C|005186|2013|50000287620018|001|4300000499|00070|CMF0004|1|EA|22050|KRW|22050|20130915|1300|
C|005186|2013|50000287620019|001|4300000499|00090|CMF0009|2|EA|5700|KRW|11400|20130915|1300|
C|005186|2013|50000287620020|001|4300000499|00100|CMH0007|1|EA|11700|KRW|11700|20130915|1300|
C|005186|2013|50000287620021|001|4300000499|00110|CMZ0014|1|EA|23300|KRW|23300|20130915|1300|
C|005186|2013|50000287620022|001|4300000500|00010|CMA0001|600|EA|240|KRW|144000|20130915|1300|
C|005186|2013|50000287620023|001|4300000500|00020|CMA0007|200|EA|270|KRW|54000|20130915|1300|
C|005186|2013|50000287620024|001|4300000500|00030|CMA0008|100|EA|690|KRW|69000|20130915|1300|
C|005186|2013|50000287620025|001|4300000500|00040|CMA0016|200|EA|2840|KRW|568000|20130915|1300|
C|005186|2013|50000287620026|001|4300000500|00050|CMA0017|20|EA|780|KRW|15600|20130915|1300|
C|005186|2013|50000287620027|001|4300000500|00060|CMB0001|100|EA|655|KRW|65500|20130915|1300|
C|005186|2013|50000287620028|001|4300000500|00070|CMB0010|400|EA|1100|KRW|440000|20130915|1300|
C|005186|2013|50000287620029|001|4300000500|00080|CMC0005|100|EA|190|KRW|19000|20130915|1300|
C|005186|2013|50000287620030|001|4300000500|00090|CMC0007|3|EA|12100|KRW|36300|20130915|1300|
C|005186|2013|50000287620031|001|4300000500|00120|CME0002|50|EA|2300|KRW|115000|20130915|1300|
C|005186|2013|50000287620032|001|4300000500|00130|CME0005|1|EA|3465|KRW|3465|20130915|1300|
C|005186|2013|50000287620033|001|4300000500|00140|CME0008|20|EA|4410|KRW|88200|20130915|1300|
C|005186|2013|50000287620034|001|4300000500|00150|CME0010|100|EA|285|KRW|28500|20130915|1300|
C|005186|2013|50000287620035|001|4300000500|00160|CMF0001|5|EA|1680|KRW|8400|20130915|1300|
C|005186|2013|50000287620036|001|4300000500|00170|CMF0004|3|EA|22050|KRW|66150|20130915|1300|
C|005186|2013|50000287620037|001|4300000500|00190|CMF0013|10|EA|760|KRW|7600|20130915|1300|
C|005186|2013|50000287620038|001|4300000500|00200|CMF0018|5|EA|5800|KRW|29000|20130915|1300|
C|005186|2013|50000287620039|001|4300000500|00210|CMF0021|10|EA|5400|KRW|54000|20130915|1300|
C|005186|2013|50000287620040|001|4300000500|00220|CMF0022|5|EA|5400|KRW|27000|20130915|1300|
C|005186|2013|50000287620041|001|4300000500|00230|CMH0007|3|EA|11700|KRW|35100|20130915|1300|
C|005186|2013|50000287620042|001|4300000500|00240|CMZ0005|10|EA|750|KRW|7500|20130915|1300|
C|005186|2013|50000287620043|001|4300000500|00250|CMZ0006|10|EA|1155|KRW|11550|20130915|1300|
C|005186|2013|50000287620044|001|4300000500|00260|CMZ0014|2|EA|23300|KRW|46600|20130915|1300|
C|005186|2013|50000287620045|001|4300000501|00010|CMA0001|360|EA|240|KRW|86400|20130915|1300|
C|005186|2013|50000287620046|001|4300000501|00020|CMA0007|360|EA|270|KRW|97200|20130915|1300|
C|005186|2013|50000287620047|001|4300000501|00030|CMA0017|16|EA|780|KRW|12480|20130915|1300|
C|005186|2013|50000287620048|001|4300000501|00040|CMB0010|200|EA|1100|KRW|220000|20130915|1300|
C|005186|2013|50000287620049|001|4300000501|00050|CMC0005|50|EA|190|KRW|9500|20130915|1300|
C|005186|2013|50000287620050|001|4300000501|00060|CME0006|16|EA|3400|KRW|54400|20130915|1300|
C|005186|2013|50000287620051|001|4300000501|00070|CME0010|60|EA|285|KRW|17100|20130915|1300|
C|005186|2013|50000287620052|001|4300000501|00080|CMF0004|3|EA|22050|KRW|66150|20130915|1300|
C|005186|2013|50000287620053|001|4300000501|00100|CMF0013|10|EA|760|KRW|7600|20130915|1300|
C|005186|2013|50000287620054|001|4300000501|00110|CMF0017|50|EA|505|KRW|25250|20130915|1300|
C|005186|2013|50000287620055|001|4300000501|00120|CMH0007|3|EA|11700|KRW|35100|20130915|1300|
C|005186|2013|50000287620056|001|4300000501|00130|CMZ0004|100|EA|380|KRW|38000|20130915|1300|
C|005186|2013|50000287620057|001|4300000501|00140|CMZ0005|10|EA|750|KRW|7500|20130915|1300|
C|005186|2013|50000287630001|001|4300000492|00010|CMA0001|140|EA|240|KRW|33600|20130915|1300|
C|005186|2013|50000287630002|001|4300000492|00020|CMA0002|10|EA|1530|KRW|15300|20130915|1300|
C|005186|2013|50000287630003|001|4300000492|00030|CMA0007|130|EA|270|KRW|35100|20130915|1300|
C|005186|2013|50000287630004|001|4300000492|00040|CMA0008|30|EA|690|KRW|20700|20130915|1300|
C|005186|2013|50000287630005|001|4300000492|00050|CMA0016|10|EA|2840|KRW|28400|20130915|1300|
C|005186|2013|50000287630006|001|4300000492|00060|CMA0017|10|EA|780|KRW|7800|20130915|1300|
C|005186|2013|50000287630007|001|4300000492|00070|CMB0003|100|EA|2420|KRW|242000|20130915|1300|
C|005186|2013|50000287630008|001|4300000492|00080|CME0001|12|EA|4910|KRW|58920|20130915|1300|
C|005186|2013|50000287630009|001|4300000492|00090|CMF0006|20|EA|11970|KRW|239400|20130915|1300|
C|005186|2013|50000287630010|001|4300000492|00100|CMZ0002|20|EA|430|KRW|8600|20130915|1300|
C|005186|2013|50000287630011|001|4300000492|00110|CMZ0014|1|EA|23300|KRW|23300|20130915|1300|
C|005186|2013|50000287630012|001|4300000494|00010|CMA0001|600|EA|240|KRW|144000|20130915|1300|
C|005186|2013|50000287630013|001|4300000494|00020|CMA0005|20|EA|2470|KRW|49400|20130915|1300|
C|005186|2013|50000287630014|001|4300000494|00030|CMA0007|200|EA|270|KRW|54000|20130915|1300|
C|005186|2013|50000287630015|001|4300000494|00040|CMA0008|300|EA|690|KRW|207000|20130915|1300|
C|005186|2013|50000287630016|001|4300000494|00050|CMB0001|100|EA|655|KRW|65500|20130915|1300|
C|005186|2013|50000287630017|001|4300000494|00060|CMB0003|40|EA|2420|KRW|96800|20130915|1300|
C|005186|2013|50000287630018|001|4300000494|00070|CMB0010|140|EA|1100|KRW|154000|20130915|1300|
C|005186|2013|50000287630019|001|4300000494|00080|CMC0005|100|EA|190|KRW|19000|20130915|1300|
C|005186|2013|50000287630020|001|4300000494|00100|CME0002|20|EA|2300|KRW|46000|20130915|1300|
C|005186|2013|50000287630021|001|4300000494|00110|CME0006|20|EA|3400|KRW|68000|20130915|1300|
C|005186|2013|50000287630022|001|4300000494|00120|CME0008|20|EA|4410|KRW|88200|20130915|1300|
C|005186|2013|50000287630023|001|4300000494|00130|CME0010|100|EA|285|KRW|28500|20130915|1300|
C|005186|2013|50000287630024|001|4300000494|00140|CMF0004|1|EA|22050|KRW|22050|20130915|1300|
C|005186|2013|50000287630025|001|4300000494|00160|CMF0006|5|EA|11970|KRW|59850|20130915|1300|
C|005186|2013|50000287630026|001|4300000494|00170|CMF0013|10|EA|760|KRW|7600|20130915|1300|
C|005186|2013|50000287630027|001|4300000494|00180|CMF0014|5|EA|630|KRW|3150|20130915|1300|
C|005186|2013|50000287630028|001|4300000494|00190|CMG0001|3|EA|1840|KRW|5520|20130915|1300|
C|005186|2013|50000287630029|001|4300000495|00010|CMA0001|200|EA|240|KRW|48000|20130915|1300|
C|005186|2013|50000287630030|001|4300000495|00020|CMA0007|250|EA|270|KRW|67500|20130915|1300|
C|005186|2013|50000287630031|001|4300000495|00030|CMA0008|20|EA|690|KRW|13800|20130915|1300|
C|005186|2013|50000287630032|001|4300000495|00040|CMA0016|20|EA|2840|KRW|56800|20130915|1300|
C|005186|2013|50000287630033|001|4300000495|00050|CMB0002|100|EA|2420|KRW|242000|20130915|1300|
C|005186|2013|50000287630034|001|4300000495|00060|CMB0010|20|EA|1100|KRW|22000|20130915|1300|
C|005186|2013|50000287630035|001|4300000495|00070|CMC0005|10|EA|190|KRW|1900|20130915|1300|
C|005186|2013|50000287630036|001|4300000495|00080|CME0001|12|EA|4910|KRW|58920|20130915|1300|
C|005186|2013|50000287630037|001|4300000495|00090|CME0002|10|EA|2300|KRW|23000|20130915|1300|
C|005186|2013|50000287630038|001|4300000495|00110|CMF0006|1|EA|11970|KRW|11970|20130915|1300|
C|005186|2013|50000287630039|001|4300000495|00120|CMF0009|2|EA|5700|KRW|11400|20130915|1300|
C|005186|2013|50000287630040|001|4300000495|00130|CMF0021|2|EA|5400|KRW|10800|20130915|1300|
C|005186|2013|50000287630041|001|4300000495|00140|CMH0007|3|EA|11700|KRW|35100|20130915|1300|
C|005186|2013|50000287630042|001|4300000495|00150|CMZ0002|20|EA|430|KRW|8600|20130915|1300|
C|005186|2013|50000287630043|001|4300000495|00160|CMZ0004|10|EA|380|KRW|3800|20130915|1300|
C|005186|2013|50000287630044|001|4300000495|00170|CMZ0005|10|EA|750|KRW|7500|20130915|1300|
C|005186|2013|50000287640001|001|4300000489|00010|CMA0001|80|EA|240|KRW|19200|20130915|1300|
C|005186|2013|50000287640002|001|4300000489|00020|CMA0017|3|EA|780|KRW|2340|20130915|1300|
C|005186|2013|50000287640003|001|4300000489|00030|CMB0001|60|EA|655|KRW|39300|20130915|1300|
C|005186|2013|50000287640004|001|4300000489|00040|CMH0006|5|EA|400|KRW|2000|20130915|1300|
C|005186|2013|50000287640005|001|4300000489|00050|CMZ0032|5|EA|1970|KRW|9850|20130915|1300|
C|005186|2013|50000287640006|001|4300000490|00010|CMA0001|400|EA|240|KRW|96000|20130915|1300|
C|005186|2013|50000287640007|001|4300000490|00020|CMA0004|50|EA|2780|KRW|139000|20130915|1300|
C|005186|2013|50000287640008|001|4300000490|00030|CMA0005|100|EA|2470|KRW|247000|20130915|1300|
C|005186|2013|50000287640009|001|4300000490|00040|CMA0007|150|EA|270|KRW|40500|20130915|1300|
C|005186|2013|50000287640010|001|4300000490|00050|CMA0008|50|EA|690|KRW|34500|20130915|1300|
C|005186|2013|50000287640011|001|4300000490|00060|CMA0017|20|EA|780|KRW|15600|20130915|1300|
C|005186|2013|50000287640012|001|4300000490|00070|CMB0001|50|EA|655|KRW|32750|20130915|1300|
C|005186|2013|50000287640013|001|4300000490|00080|CMB0002|150|EA|2420|KRW|363000|20130915|1300|
C|005186|2013|50000287640014|001|4300000490|00090|CMC0003|50|EA|340|KRW|17000|20130915|1300|
C|005186|2013|50000287640015|001|4300000490|00100|CMC0005|50|EA|190|KRW|9500|20130915|1300|
C|005186|2013|50000287640016|001|4300000490|00130|CME0001|18|EA|4910|KRW|88380|20130915|1300|
C|005186|2013|50000287640017|001|4300000490|00140|CME0002|150|EA|2300|KRW|345000|20130915|1300|
C|005186|2013|50000287640018|001|4300000490|00150|CME0008|10|EA|4410|KRW|44100|20130915|1300|
C|005186|2013|50000287640019|001|4300000490|00160|CME0010|200|EA|285|KRW|57000|20130915|1300|
C|005186|2013|50000287640020|001|4300000490|00170|CMF0004|1|EA|22050|KRW|22050|20130915|1300|
C|005186|2013|50000287640021|001|4300000490|00190|CMH0007|5|EA|11700|KRW|58500|20130915|1300|
C|005186|2013|50000287640022|001|4300000490|00200|CMZ0001|10|EA|765|KRW|7650|20130915|1300|
C|005186|2013|50000287640023|001|4300000490|00210|CMZ0002|20|EA|430|KRW|8600|20130915|1300|
C|005186|2013|50000287640024|001|4300000490|00220|CMZ0004|10|EA|380|KRW|3800|20130915|1300|
C|005186|2013|50000287640025|001|4300000490|00230|CMZ0006|5|EA|1155|KRW|5775|20130915|1300|
C|005186|2013|50000287640026|001|4300000490|00240|CMZ0009|20|EA|740|KRW|14800|20130915|1300|
C|005186|2013|50000287640027|001|4300000491|00010|CMA0001|400|EA|240|KRW|96000|20130915|1300|
C|005186|2013|50000287640028|001|4300000491|00020|CMA0007|200|EA|270|KRW|54000|20130915|1300|
C|005186|2013|50000287640029|001|4300000491|00030|CMA0008|100|EA|690|KRW|69000|20130915|1300|
C|005186|2013|50000287640030|001|4300000491|00040|CMA0016|100|EA|2840|KRW|284000|20130915|1300|
C|005186|2013|50000287640031|001|4300000491|00050|CMA0017|10|EA|780|KRW|7800|20130915|1300|
C|005186|2013|50000287640032|001|4300000491|00060|CMB0001|200|EA|655|KRW|131000|20130915|1300|
C|005186|2013|50000287640033|001|4300000491|00070|CMB0010|200|EA|1100|KRW|220000|20130915|1300|
C|005186|2013|50000287640034|001|4300000491|00080|CMC0005|200|EA|190|KRW|38000|20130915|1300|
C|005186|2013|50000287640035|001|4300000491|00110|CME0002|30|EA|2300|KRW|69000|20130915|1300|
C|005186|2013|50000287640036|001|4300000491|00120|CME0010|180|EA|285|KRW|51300|20130915|1300|
C|005186|2013|50000287640037|001|4300000491|00130|CMF0001|10|EA|1680|KRW|16800|20130915|1300|
C|005186|2013|50000287640038|001|4300000491|00140|CMF0002|10|EA|1100|KRW|11000|20130915|1300|
C|005186|2013|50000287640039|001|4300000491|00160|CMF0014|2|EA|630|KRW|1260|20130915|1300|
C|005186|2013|50000287640040|001|4300000491|00170|CMF0020|10|EA|700|KRW|7000|20130915|1300|
C|005186|2013|50000287640041|001|4300000491|00180|CMH0007|4|EA|11700|KRW|46800|20130915|1300|
C|005186|2013|50000287640042|001|4300000491|00190|CMZ0001|40|EA|765|KRW|30600|20130915|1300|
C|005186|2013|50000287640043|001|4300000491|00200|CMZ0002|40|EA|430|KRW|17200|20130915|1300|
C|005186|2013|50000287640044|001|4300000491|00210|CMZ0004|50|EA|380|KRW|19000|20130915|1300|
C|005186|2013|50000287640045|001|4300000491|00220|CMZ0006|30|EA|1155|KRW|34650|20130915|1300|
C|005186|2013|50000287650001|001|4300000472|00010|CMA0016|100|EA|2840|KRW|284000|20130915|1300|
C|005186|2013|50000287660001|001|4300000520|00010|CMA0001|360|EA|240|KRW|86400|20130915|1300|
C|005186|2013|50000287660002|001|4300000520|00020|CMA0008|360|EA|690|KRW|248400|20130915|1300|
C|005186|2013|50000287660003|001|4300000520|00030|CMB0001|200|EA|655|KRW|131000|20130915|1300|
C|005186|2013|50000287660004|001|4300000520|00040|CMB0002|40|EA|2420|KRW|96800|20130915|1300|
C|005186|2013|50000287660005|001|4300000520|00050|CMB0003|20|EA|2420|KRW|48400|20130915|1300|
C|005186|2013|50000287660006|001|4300000520|00060|CMB0010|20|EA|1100|KRW|22000|20130915|1300|
C|005186|2013|50000287660007|001|4300000520|00070|CMC0002|3|EA|9350|KRW|28050|20130915|1300|
C|005186|2013|50000287660008|001|4300000520|00080|CMC0005|50|EA|190|KRW|9500|20130915|1300|
C|005186|2013|50000287660009|001|4300000520|00090|CMC0007|3|EA|12100|KRW|36300|20130915|1300|
C|005186|2013|50000287660010|001|4300000520|00100|CME0008|20|EA|4410|KRW|88200|20130915|1300|
C|005186|2013|50000287660011|001|4300000520|00110|CME0010|300|EA|285|KRW|85500|20130915|1300|
C|005186|2013|50000287660012|001|4300000520|00120|CMF0015|10|EA|500|KRW|5000|20130915|1300|
C|005186|2013|50000287660013|001|4300000520|00150|CMZ0002|10|EA|430|KRW|4300|20130915|1300|
C|005186|2013|50000287660014|001|4300000520|00160|CMZ0005|10|EA|750|KRW|7500|20130915|1300|
C|005186|2013|50000287660015|001|4300000520|00170|CMZ0006|10|EA|1155|KRW|11550|20130915|1300|
C|005186|2013|50000287660016|001|4300000520|00180|CMZ0009|100|EA|740|KRW|74000|20130915|1300|
C|005186|2013|50000287660017|001|4300000520|00190|CMZ0014|1|EA|23300|KRW|23300|20130915|1300|
C|005186|2013|50000287660018|001|4300000520|00200|CMA0005|10|EA|2470|KRW|24700|20130915|1300|
C|005186|2013|50000287660019|001|4300000520|00210|CMC0003|50|EA|340|KRW|17000|20130915|1300|
C|005186|2013|50000287660020|001|4300000520|00220|CME0002|10|EA|2300|KRW|23000|20130915|1300|
C|005186|2013|50000287660021|001|4300000520|00230|CMF0008|4|EA|1785|KRW|7140|20130915|1300|
C|005186|2013|50000287660022|001|4300000520|00240|CMF0014|10|EA|630|KRW|6300|20130915|1300|
C|005186|2013|50000287660023|001|4300000520|00250|CMH0004|50|EA|760|KRW|38000|20130915|1300|
C|005186|2013|50000287660024|001|4300000538|00010|CMA0015|200|EA|2830|KRW|566000|20130915|1300|
C|005186|2013|50000287660025|001|4300000540|00010|CME0010|60|EA|285|KRW|17100|20130915|1300|
C|005186|2013|50000287660026|001|4300000540|00020|CMA0001|200|EA|240|KRW|48000|20130915|1300|
C|005186|2013|50000287660027|001|4300000540|00030|CMA0008|200|EA|690|KRW|138000|20130915|1300|
C|005186|2013|50000287660028|001|4300000540|00040|CMB0007|120|EA|925|KRW|111000|20130915|1300|
C|005186|2013|50000287660029|001|4300000540|00050|CMC0005|120|EA|190|KRW|22800|20130915|1300|
C|005186|2013|50000287670001|001|4300000502|00010|CMA0001|80|EA|240|KRW|19200|20130915|1300|
C|005186|2013|50000287670002|001|4300000502|00020|CMA0007|220|EA|270|KRW|59400|20130915|1300|
C|005186|2013|50000287670003|001|4300000502|00030|CMH0007|1|EA|11700|KRW|11700|20130915|1300|
C|005186|2013|50000287670004|001|4300000502|00040|CMB0001|20|EA|655|KRW|13100|20130915|1300|
C|005186|2013|50000287670005|001|4300000502|00050|CMB0010|80|EA|1100|KRW|88000|20130915|1300|
C|005186|2013|50000287670006|001|4300000502|00090|CMH0007|1|EA|11700|KRW|11700|20130915|1300|
C|005186|2013|50000287670007|001|4300000502|00100|CMZ0032|2|EA|1970|KRW|3940|20130915|1300|
C|005186|2013|50000287670008|001|4300000503|00010|CMA0001|320|EA|240|KRW|76800|20130915|1300|
C|005186|2013|50000287670009|001|4300000503|00020|CMA0007|30|EA|270|KRW|8100|20130915|1300|
C|005186|2013|50000287670010|001|4300000503|00030|CMA0017|10|EA|780|KRW|7800|20130915|1300|
C|005186|2013|50000287670011|001|4300000503|00040|CMC0005|10|EA|190|KRW|1900|20130915|1300|
C|005186|2013|50000287670012|001|4300000503|00050|CME0010|60|EA|285|KRW|17100|20130915|1300|
C|005186|2013|50000287670013|001|4300000503|00060|CME0013|5|EA|20300|KRW|101500|20130915|1300|
C|005186|2013|50000287670014|001|4300000503|00080|CMF0015|10|EA|500|KRW|5000|20130915|1300|
C|005186|2013|50000287670015|001|4300000503|00090|CMH0007|1|EA|11700|KRW|11700|20130915|1300|
C|005186|2013|50000287670016|001|4300000503|00100|CMA0006|30|EA|2270|KRW|68100|20130915|1300|
C|005186|2013|50000287670017|001|4300000504|00010|CMA0001|80|EA|240|KRW|19200|20130915|1300|
C|005186|2013|50000287670018|001|4300000504|00020|CMA0007|40|EA|270|KRW|10800|20130915|1300|
C|005186|2013|50000287670019|001|4300000504|00030|CMA0008|40|EA|690|KRW|27600|20130915|1300|
C|005186|2013|50000287670020|001|4300000504|00040|CMA0017|5|EA|780|KRW|3900|20130915|1300|
C|005186|2013|50000287670021|001|4300000504|00050|CMB0001|40|EA|655|KRW|26200|20130915|1300|
C|005186|2013|50000287670022|001|4300000504|00060|CME0004|3|EA|11550|KRW|34650|20130915|1300|
C|005186|2013|50000287670023|001|4300000504|00070|CME0010|40|EA|285|KRW|11400|20130915|1300|
C|005186|2013|50000287670024|001|4300000505|00010|CMA0001|100|EA|240|KRW|24000|20130915|1300|
C|005186|2013|50000287670025|001|4300000505|00020|CMA0007|200|EA|270|KRW|54000|20130915|1300|
C|005186|2013|50000287670026|001|4300000505|00030|CMB0010|50|EA|1100|KRW|55000|20130915|1300|
