C|005186|2013|50000096330001|001|4300000112|00010|UHDC0193|3|EA|147000|KRW|441000|20130531|1300|
C|005186|2013|50000096330002|001|4300000112|00020|UHGC0134|1|EA|756000|KRW|756000|20130531|1300|
C|005186|2013|50000096330003|001|4300000112|00030|UHCC0014|1|EA|395790|KRW|395790|20130531|1300|
C|005186|2013|50000096330004|001|4300000119|00010|UICC0035|120|EA|4940|KRW|592800|20130531|1300|
C|005186|2013|50000096330005|001|4300000119|00020|UAEC0187|1|EA|79790|KRW|79790|20130531|1300|
C|005186|2013|50000096330006|001|4300000120|00010|UKEC0068|1|EA|105200|KRW|105200|20130531|1300|
C|005186|2013|50000096330007|001|4300000120|00020|UKEC0071|1|EA|105200|KRW|105200|20130531|1300|
C|005186|2013|50000096330008|001|4300000120|00030|UKEC0038|1|EA|27300|KRW|27300|20130531|1300|
C|005186|2013|50000096330009|001|4300000120|00040|UKEC0077|1|EA|26250|KRW|26250|20130531|1300|
C|005186|2013|50000096330010|001|4300000120|00050|UKEC0086|5|EA|2100|KRW|10500|20130531|1300|
C|005186|2013|50000096330011|001|4300000120|00060|UKEC0087|5|EA|1890|KRW|9450|20130531|1300|
C|005186|2013|50000096330012|001|4300000120|00070|UKEC0101|5|EA|2016|KRW|10080|20130531|1300|
C|005186|2013|50000096330013|001|4300000121|00010|UHHC0177|1|EA|121800|KRW|121800|20130531|1300|
C|005186|2013|50000096330014|001|4300000121|00020|UHTC0546|6|EA|45260|KRW|271560|20130531|1300|
C|005186|2013|50000096330015|001|4300000121|00030|UHHC0141|1|EA|80850|KRW|80850|20130531|1300|
C|005186|2013|50000096330016|001|4300000121|00040|UHDC0106|30|EA|1260|KRW|37800|20130531|1300|
C|005186|2013|50000096330017|001|4300000123|00010|UDBC0808|20|EA|460|KRW|9200|20130531|1300|
C|005186|2013|50000096330018|001|4300000123|00020|UEBC0381|5|EA|2460|KRW|12300|20130531|1300|
C|005186|2013|50000096330019|001|4300000123|00030|UDBC0785|1|EA|571300|KRW|571300|20130531|1300|
C|005186|2013|50000096330020|001|4300000123|00050|UIEC0004|1|EA|21290|KRW|21290|20130531|1300|
C|005186|2013|50000096330021|001|4300000123|00060|UKBC0014|1|EA|52500|KRW|52500|20130531|1300|
C|005186|2013|50000096330022|001|4300000123|00070|UEBC0560|2|EA|55970|KRW|111940|20130531|1300|
C|005186|2013|50000096330023|001|4300000123|00080|UCKC0082|1|EA|86300|KRW|86300|20130531|1300|
C|005186|2013|50000096330024|001|4300000123|00090|UEBC0888|2|EA|8750|KRW|17500|20130531|1300|
C|005186|2013|50000096330025|001|4300000123|00100|UGCC0307|2|EA|40950|KRW|81900|20130531|1300|
C|005186|2013|50000096330026|001|4300000123|00110|UGCC0503|1|EA|66200|KRW|66200|20130531|1300|
C|005186|2013|50000096330027|001|4300000123|00120|UGCC0504|1|EA|66200|KRW|66200|20130531|1300|
C|005186|2013|50000096330028|001|4300000123|00130|UGCC0499|1|EA|100700|KRW|100700|20130531|1300|
C|005186|2013|50000096330029|001|4300000123|00140|UGCC0500|1|EA|100700|KRW|100700|20130531|1300|
C|005186|2013|50000096330030|001|4300000124|00010|UHCC0017|1|EA|1081500|KRW|1081500|20130531|1300|
C|005186|2013|50000096330031|001|4300000125|00010|UIEC0018|1|EA|3580|KRW|3580|20130531|1300|
C|005186|2013|50000096330032|001|4300000137|00010|UHNC0058|1|EA|232050|KRW|232050|20130531|1300|
C|005186|2013|50000096330033|001|4300000137|00020|UHTC0504|5|EA|68220|KRW|341100|20130531|1300|
C|005186|2013|50000096330034|001|4300000138|00010|UCEC0026|1|EA|90950|KRW|90950|20130531|1300|
C|005186|2013|50000096330035|001|4300000138|00020|UCEC0027|1|EA|106320|KRW|106320|20130531|1300|
C|005186|2013|50000096330036|001|4300000139|00010|UHTC0414|1|EA|137900|KRW|137900|20130531|1300|
C|005186|2013|50000096330037|001|4300000139|00020|UHTC0418|1|EA|241500|KRW|241500|20130531|1300|
C|005186|2013|50000096330038|001|4300000139|00030|UHTC0517|1|EA|81060|KRW|81060|20130531|1300|
C|005186|2013|50000096330039|001|4300000139|00040|UHCC0017|1|EA|1081500|KRW|1081500|20130531|1300|
C|005186|2013|50000096330040|001|4300000140|00010|UEBC0942|2|EA|547000|KRW|1094000|20130531|1300|
C|005186|2013|50000096330041|001|4300000140|00020|UKBC0010|1|EA|91480|KRW|91480|20130531|1300|
C|005186|2013|50000096330042|001|4300000140|00030|UKBC0010|1|EA|91480|KRW|91480|20130531|1300|
C|005186|2013|50000096330043|001|4300000140|00040|UHFC0232|3|EA|9790|KRW|29370|20130531|1300|
C|005186|2013|50000096330044|001|4300000140|00050|UZZC0030|30|EA|1520|KRW|45600|20130531|1300|
C|005186|2013|50000096330045|001|4300000140|00060|UKEC0006|1|EA|44100|KRW|44100|20130531|1300|
C|005186|2013|50000096330046|001|4300000140|00070|UKEC0077|1|EA|26250|KRW|26250|20130531|1300|
C|005186|2013|50000096330047|001|4300000140|00080|UKEC0057|1|EA|21000|KRW|21000|20130531|1300|
C|005186|2013|50000096330048|001|4300000140|00090|UKEC0087|5|EA|1890|KRW|9450|20130531|1300|
C|005186|2013|50000096330049|001|4300000140|00100|UGCC0197|2|EA|236840|KRW|473680|20130531|1300|
C|005186|2013|50000096330050|001|4300000141|00010|UKEC0068|3|EA|105200|KRW|315600|20130531|1300|
C|005186|2013|50000096330051|001|4300000141|00020|UKEC0077|3|EA|26250|KRW|78750|20130531|1300|
C|005186|2013|50000096330052|001|4300000141|00030|UKEC0065|1|EA|28350|KRW|28350|20130531|1300|
C|005186|2013|50000096330053|001|4300000141|00040|UKEC0086|5|EA|2100|KRW|10500|20130531|1300|
C|005186|2013|50000096330054|001|4300000141|00050|UKEC0087|5|EA|1890|KRW|9450|20130531|1300|
C|005186|2013|50000096330055|001|4300000145|00010|UHGC0129|1|EA|612680|KRW|612680|20130531|1300|
C|005186|2013|50000096330056|001|4300000145|00020|UHGC0157|1|EA|248430|KRW|248430|20130531|1300|
C|005186|2013|50000096330057|001|4300000145|00030|UHGC0177|1|EA|41800|KRW|41800|20130531|1300|
C|005186|2013|50000096330058|001|4300000145|00040|UEBC0234|10|EA|1420|KRW|14200|20130531|1300|
C|005186|2013|50000096330059|001|4300000145|00050|UEBC0240|5|EA|3390|KRW|16950|20130531|1300|
C|005186|2013|50000096330060|001|4300000145|00060|UEBC0245|10|EA|4410|KRW|44100|20130531|1300|
C|005186|2013|50000096330061|001|4300000145|00070|UEBC0259|5|EA|6330|KRW|31650|20130531|1300|
C|005186|2013|50000096330062|001|4300000146|00010|UKEC0017|1|EA|61200|KRW|61200|20130531|1300|
C|005186|2013|50000096330063|001|4300000146|00020|UKBC0014|1|EA|52500|KRW|52500|20130531|1300|
C|005186|2013|50000096330064|001|4300000146|00030|UEAC0128|1|EA|1999900|KRW|1999900|20130531|1300|
C|005186|2013|50000096330065|001|4300000146|00040|UDCC0049|3|EA|450530|KRW|1351590|20130531|1300|
C|005186|2013|50000096330066|001|4300000146|00050|UDCC0041|3|EA|110950|KRW|332850|20130531|1300|
C|005186|2013|50000096330067|001|4300000146|00060|UDBC0403|300|EA|27|KRW|8100|20130531|1300|
C|005186|2013|50000096330068|001|4300000146|00070|UDBC0404|300|EA|52|KRW|15600|20130531|1300|
C|005186|2013|50000096330069|001|4300000146|00080|UGCC0503|1|EA|66200|KRW|66200|20130531|1300|
C|005186|2013|50000096330070|001|4300000146|00090|UGCC0504|1|EA|66200|KRW|66200|20130531|1300|
C|005186|2013|50000096330071|001|4300000146|00100|UDBC0675|25|EA|7550|KRW|188750|20130531|1300|
C|005186|2013|50000096330072|001|4300000146|00110|UEBC1105|4|EA|14310|KRW|57240|20130531|1300|
C|005186|2013|50000096330073|001|4300000146|00120|UDDC0136|20|EA|13545|KRW|270900|20130531|1300|
C|005186|2013|50000096330074|001|4300000146|00130|UDDC0140|20|EA|19430|KRW|388600|20130531|1300|
C|005186|2013|50000096330075|001|4300000146|00140|UDDC0176|4|EA|56010|KRW|224040|20130531|1300|
C|005186|2013|50000096330076|001|4300000147|00010|UFJC0010|3|EA|58940|KRW|176820|20130531|1300|
C|005186|2013|50000096330077|001|4300000147|00020|UHGC0150|5|EA|31600|KRW|158000|20130531|1300|
C|005186|2013|50000096330078|001|4300000147|00030|UHHC0017|2|EA|201600|KRW|403200|20130531|1300|
C|005186|2013|50000096330079|001|4300000147|00040|UHOC0004|2|EA|20580|KRW|41160|20130531|1300|
C|005186|2013|50000096330080|001|4300000148|00010|KS080709|2|EA|24700|KRW|49400|20130531|1300|
C|005186|2013|50000096330081|001|4300000148|00020|KS080711|1|EA|32300|KRW|32300|20130531|1300|
C|005186|2013|50000096330082|001|4300000148|00030|KS990007|4|EA|51450|KRW|205800|20130531|1300|
C|005186|2013|50000096330083|001|4300000148|00040|KT020008|5|EA|8030|KRW|40150|20130531|1300|
C|005186|2013|50000096330084|001|4300000148|00050|KT020010|3|EA|10190|KRW|30570|20130531|1300|
C|005186|2013|50000096330085|001|4300000148|00060|KT020011|2|EA|10400|KRW|20800|20130531|1300|
C|005186|2013|50000096330086|001|4300000148|00070|KT020012|2|EA|13110|KRW|26220|20130531|1300|
C|005186|2013|50000096330087|001|4300000148|00080|KT020013|2|EA|13110|KRW|26220|20130531|1300|
C|005186|2013|50000096330088|001|4300000148|00090|KT020015|3|EA|15720|KRW|47160|20130531|1300|
C|005186|2013|50000096330089|001|4300000148|00100|KT020500|30|EA|3110|KRW|93300|20130531|1300|
C|005186|2013|50000096330090|001|4300000148|00110|KT020610|1|EA|29150|KRW|29150|20130531|1300|
C|005186|2013|50000096330091|001|4300000148|00120|KT020700|10|EA|2680|KRW|26800|20130531|1300|
C|005186|2013|50000096330092|001|4300000148|00130|KT020704|50|EA|610|KRW|30500|20130531|1300|
C|005186|2013|50000096330093|001|4300000148|00140|KT080111|1|EA|24360|KRW|24360|20130531|1300|
C|005186|2013|50000096330094|001|4300000148|00150|KT080300|40.000|KG|2770|KRW|110800|20130531|1300|
C|005186|2013|50000096330095|001|4300000148|00160|KT080500|1|EA|26500|KRW|26500|20130531|1300|
C|005186|2013|50000096330096|001|4300000148|00170|KT990001|200|EA|510|KRW|102000|20130531|1300|
C|005186|2013|50000096330097|001|4300000150|00010|UJAC0103|2|EA|10500|KRW|21000|20130531|1300|
C|005186|2013|50000096330098|001|4300000150|00020|UJAC0101|2|EA|6620|KRW|13240|20130531|1300|
C|005186|2013|50000096330099|001|4300000150|00030|UKGC0015|2|EA|2840|KRW|5680|20130531|1300|
C|005186|2013|50000096330100|001|4300000150|00040|UKGC0016|2|EA|4740|KRW|9480|20130531|1300|
C|005186|2013|50000096330101|001|4300000150|00050|UKGC0017|2|EA|4260|KRW|8520|20130531|1300|
C|005186|2013|50000096330102|001|4300000150|00060|UEBC0361|10|EA|5020|KRW|50200|20130531|1300|
C|005186|2013|50000096330103|001|4300000150|00070|UDDC0297|1|EA|130770|KRW|130770|20130531|1300|
C|005186|2013|50000096330104|001|4300000150|00080|UEBC0885|4|EA|10479|KRW|41916|20130531|1300|
C|005186|2013|50000096330105|001|4300000150|00090|UEBC0108|2|EA|4820|KRW|9640|20130531|1300|
C|005186|2013|50000096330106|001|4300000152|00010|UKEC0071|3|EA|105200|KRW|315600|20130531|1300|
C|005186|2013|50000096330107|001|4300000152|00020|UKEC0068|3|EA|105200|KRW|315600|20130531|1300|
C|005186|2013|50000096330108|001|4300000152|00030|UKEC0065|1|EA|28350|KRW|28350|20130531|1300|
C|005186|2013|50000096330109|001|4300000152|00040|UKEC0077|2|EA|26250|KRW|52500|20130531|1300|
C|005186|2013|50000096330110|001|4300000152|00050|UKEC0086|5|EA|2100|KRW|10500|20130531|1300|
C|005186|2013|50000096330111|001|4300000152|00060|UKEC0087|5|EA|1890|KRW|9450|20130531|1300|
C|005186|2013|50000096330112|001|4300000152|00070|UKEC0101|5|EA|2016|KRW|10080|20130531|1300|
C|005186|2013|50000096330113|001|4300000152|00080|UFFC0037|6|EA|12640|KRW|75840|20130531|1300|
C|005186|2013|50000096330114|001|4300000152|00090|UFFC0038|10|EA|7820|KRW|78200|20130531|1300|
C|005186|2013|50000096330115|001|4300000154|00010|UHFC0259|3|EA|48300|KRW|144900|20130531|1300|
C|005186|2013|50000096330116|001|4300000154|00020|UHCC0014|1|EA|395790|KRW|395790|20130531|1300|
C|005186|2013|50000096330117|001|4300000156|00020|UKEC0056|1|EA|73500|KRW|73500|20130531|1300|
C|005186|2013|50000096330118|001|4300000156|00030|UKEC0057|4|EA|21000|KRW|84000|20130531|1300|
C|005186|2013|50000096330119|001|4300000156|00040|UKEC0086|5|EA|2100|KRW|10500|20130531|1300|
C|005186|2013|50000096330120|001|4300000156|00050|UKEC0087|5|EA|1890|KRW|9450|20130531|1300|
C|005186|2013|50000096330121|001|4300000156|00060|UKEC0099|5|EA|1365|KRW|6825|20130531|1300|
C|005186|2013|50000096330122|001|4300000156|00080|UKEC0008|2|EA|77700|KRW|155400|20130531|1300|
C|005186|2013|50000096330123|001|4300000157|00010|UKEC0052|1|EA|19950|KRW|19950|20130531|1300|
C|005186|2013|50000096330124|001|4300000157|00020|UKEC0100|5|EA|1586|KRW|7930|20130531|1300|
C|005186|2013|50000096330125|001|4300000157|00030|UKEC0079|1|EA|105200|KRW|105200|20130531|1300|
C|005186|2013|50000096330126|001|4300000157|00040|UKEC0033|1|EA|31500|KRW|31500|20130531|1300|
C|005186|2013|50000096330127|001|4300000160|00010|UFGC0013|6|EA|13650|KRW|81900|20130531|1300|
C|005186|2013|50000096330128|001|4300000160|00020|UFGC0015|6|EA|5670|KRW|34020|20130531|1300|
C|005186|2013|50000096330129|001|4300000160|00030|UICC0023|1|EA|3360|KRW|3360|20130531|1300|
C|005186|2013|50000096330130|001|4300000160|00040|UFGC0004|4|EA|10080|KRW|40320|20130531|1300|
C|005186|2013|50000096330131|001|4300000160|00050|UFFC0030|1|EA|23100|KRW|23100|20130531|1300|
C|005186|2013|50000096330132|001|4300000160|00060|UFGC0043|4|EA|56000|KRW|224000|20130531|1300|
C|005186|2013|50000096340001|001|4300000089|00010|UCIC0109|1|EA|220500|KRW|220500|20130531|1300|
C|005186|2013|50000096340002|001|4300000090|00030|UGAC0097|1|EA|346850|KRW|346850|20130531|1300|
C|005186|2013|50000096340003|001|4300000101|00010|UHFC0393|5|EA|3790|KRW|18950|20130531|1300|
C|005186|2013|50000096340004|001|4300000101|00040|UHFC0344|1|EA|63500|KRW|63500|20130531|1300|
C|005186|2013|50000096340005|001|4300000101|00050|UHGC0134|1|EA|756000|KRW|756000|20130531|1300|
C|005186|2013|50000096340006|001|4300000101|00060|UGAC0007|10|EA|49140|KRW|491400|20130531|1300|
C|005186|2013|50000096340007|001|4300000101|00070|UHGC0024|5|EA|76100|KRW|380500|20130531|1300|
C|005186|2013|50000096340008|001|4300000101|00080|UHFC0109|20|EA|1300|KRW|26000|20130531|1300|
C|005186|2013|50000096340009|001|4300000102|00010|UHTC0169|10|EA|2100|KRW|21000|20130531|1300|
C|005186|2013|50000096340010|001|4300000102|00020|UHTC0170|10|EA|2630|KRW|26300|20130531|1300|
C|005186|2013|50000096340011|001|4300000102|00040|UHTC0548|20|EA|8470|KRW|169400|20130531|1300|
C|005186|2013|50000096340012|001|4300000102|00050|UHTC0549|5|EA|145270|KRW|726350|20130531|1300|
C|005186|2013|50000096340013|001|4300000102|00060|UHTC0546|6|EA|45260|KRW|271560|20130531|1300|
C|005186|2013|50000096340014|001|4300000102|00070|UHTC0551|3|EA|205270|KRW|615810|20130531|1300|
C|005186|2013|50000096340015|001|4300000102|00080|UHTC0547|3|EA|34740|KRW|104220|20130531|1300|
C|005186|2013|50000096340016|001|4300000102|00090|UHCC0040|3|EA|10100|KRW|30300|20130531|1300|
C|005186|2013|50000096340017|001|4300000102|00100|UHTC0545|4|EA|150500|KRW|602000|20130531|1300|
C|005186|2013|50000096340018|001|4300000104|00010|UHFC0179|2|EA|13650|KRW|27300|20130531|1300|
C|005186|2013|50000096340019|001|4300000104|00030|UGBC0159|5|EA|77900|KRW|389500|20130531|1300|
C|005186|2013|50000096380001|001|4300000122|00010|UZZC0003|8|EA|27160|KRW|217280|20130531|1300|
C|005186|2013|50000096380002|001|4300000122|00020|UADC0110|1|EA|132410|KRW|132410|20130531|1300|
C|005186|2013|50000096380003|001|4300000122|00030|UJBC0046|10|EA|6070|KRW|60700|20130531|1300|
C|005186|2013|50000096380004|001|4300000122|00040|UJBC0047|10|EA|9890|KRW|98900|20130531|1300|
C|005186|2013|50000096380005|001|4300000122|00050|UADC0037|2|EA|612360|KRW|1224720|20130531|1300|
C|005186|2013|50000096380006|001|4300000122|00060|UIEC0043|1|EA|30400|KRW|30400|20130531|1300|
C|005186|2013|50000096380007|001|4300000122|00070|UAEC0019|1|EA|158550|KRW|158550|20130531|1300|
C|005186|2013|50000096380008|001|4300000122|00080|UHDC0086|20|EA|12600|KRW|252000|20130531|1300|
C|005186|2013|50000096380009|001|4300000122|00090|UHDC0080|20|EA|16380|KRW|327600|20130531|1300|
C|005186|2013|50000096380010|001|4300000122|00100|UHDC0081|20|EA|18900|KRW|378000|20130531|1300|
C|005186|2013|50000096380011|001|4300000122|00110|UAEC0145|2|EA|208420|KRW|416840|20130531|1300|
C|005186|2013|50000096380012|001|4300000122|00120|UAEC0146|3|EA|84210|KRW|252630|20130531|1300|
C|005186|2013|50000096380013|001|4300000122|00130|UHFC0266|20|EA|2600|KRW|52000|20130531|1300|
C|005186|2013|50000096380014|001|4300000122|00140|UHTC0082|50|EA|680|KRW|34000|20130531|1300|
C|005186|2013|50000096380015|001|4300000122|00150|UGAC0090|5|EA|24150|KRW|120750|20130531|1300|
C|005186|2013|50000096380016|001|4300000122|00160|UAEC0021|1|EA|32130|KRW|32130|20130531|1300|
C|005186|2013|50000096380017|001|4300000122|00170|UAEC0076|1|EA|24210|KRW|24210|20130531|1300|
C|005186|2013|50000096380018|001|4300000161|00010|UAGC0071|1|EA|213150|KRW|213150|20130531|1300|
C|005186|2013|50000096380019|001|4300000161|00020|UHTC0504|4|EA|68220|KRW|272880|20130531|1300|
C|005186|2013|50000096380020|001|4300000161|00030|UHTC0438|10|EA|34800|KRW|348000|20130531|1300|
C|005186|2013|50000096380021|001|4300000165|00010|UGAC0083|2|EA|33500|KRW|67000|20130531|1300|
C|005186|2013|50000096380022|001|4300000165|00020|UAIC0002|5|EA|3680|KRW|18400|20130531|1300|
C|005186|2013|50000096380023|001|4300000165|00030|UGAC0053|1|EA|69880|KRW|69880|20130531|1300|
C|005186|2013|50000096380024|001|4300000165|00040|UCKC0058|2|EA|343200|KRW|686400|20130531|1300|
C|005186|2013|50000096380025|001|4300000165|00050|UGBC0765|20|EA|510|KRW|10200|20130531|1300|
C|005186|2013|50000096380026|001|4300000165|00060|UAJC0007|20|EA|7820|KRW|156400|20130531|1300|
C|005186|2013|50000096380027|001|4300000165|00070|UKEC0068|3|EA|105200|KRW|315600|20130531|1300|
C|005186|2013|50000096380028|001|4300000165|00080|UIDC0144|11|EA|177240|KRW|1949640|20130531|1300|
C|005186|2013|50000096380029|001|4300000166|00010|KE030110|1|EA|38540|KRW|38540|20130531|1300|
C|005186|2013|50000096380030|001|4300000166|00020|KE030114|1|EA|63840|KRW|63840|20130531|1300|
C|005186|2013|50000096380031|001|4300000166|00030|KE030205|4|EA|31290|KRW|125160|20130531|1300|
C|005186|2013|50000096380032|001|4300000166|00040|KE030207|1|EA|41900|KRW|41900|20130531|1300|
C|005186|2013|50000096380033|001|4300000166|00050|KE030211|1|EA|145740|KRW|145740|20130531|1300|
C|005186|2013|50000096380034|001|4300000166|00060|KE050301|8|EA|1160|KRW|9280|20130531|1300|
C|005186|2013|50000096380035|001|4300000166|00070|KE050302|12|EA|1160|KRW|13920|20130531|1300|
C|005186|2013|50000096380036|001|4300000166|00080|KE050502|2|EA|10000|KRW|20000|20130531|1300|
C|005186|2013|50000096380037|001|4300000166|00090|KE090112|4|EA|16800|KRW|67200|20130531|1300|
C|005186|2013|50000096380038|001|4300000166|00100|KE090165|3|EA|165900|KRW|497700|20130531|1300|
C|005186|2013|50000096380039|001|4300000166|00140|KE180201|4|EA|62100|KRW|248400|20130531|1300|
C|005186|2013|50000096380040|001|4300000166|00150|KE180203|10|EA|13650|KRW|136500|20130531|1300|
C|005186|2013|50000096380041|001|4300000166|00160|KE190003|10|EA|29300|KRW|293000|20130531|1300|
C|005186|2013|50000096380042|001|4300000166|00170|KE200113|1|EA|130000|KRW|130000|20130531|1300|
C|005186|2013|50000096380043|001|4300000166|00180|KE210001|1|EA|53030|KRW|53030|20130531|1300|
C|005186|2013|50000096380044|001|4300000166|00190|KE230003|85|EA|1870|KRW|158950|20130531|1300|
C|005186|2013|50000096380045|001|4300000166|00200|KE231001|33|EA|16150|KRW|532950|20130531|1300|
