C|005186|2013|50000142210001|001|4300000189|00010|KE230001|20|EA|1030|KRW|20600|20130628|1300|
C|005186|2013|50000142210002|001|4300000220|00010|UKEC0065|1|EA|28350|KRW|28350|20130628|1300|
C|005186|2013|50000142210003|001|4300000220|00020|UKEC0068|3|EA|105200|KRW|315600|20130628|1300|
C|005186|2013|50000142210004|001|4300000220|00030|UKEC0086|5|EA|2100|KRW|10500|20130628|1300|
C|005186|2013|50000142210005|001|4300000239|00010|KE030011|9|EA|8190|KRW|73710|20130628|1300|
C|005186|2013|50000142210006|001|4300000239|00040|KE030123|3|EA|31500|KRW|94500|20130628|1300|
C|005186|2013|50000142210007|001|4300000239|00050|KE030205|3|EA|31290|KRW|93870|20130628|1300|
C|005186|2013|50000142210008|001|4300000239|00060|KE050302|13|EA|1160|KRW|15080|20130628|1300|
C|005186|2013|50000142210009|001|4300000239|00070|KE050801|20|EA|1900|KRW|38000|20130628|1300|
C|005186|2013|50000142210010|001|4300000239|00100|KE090165|4|EA|165900|KRW|663600|20130628|1300|
C|005186|2013|50000142210011|001|4300000239|00110|KE180203|15|EA|13650|KRW|204750|20130628|1300|
C|005186|2013|50000142210012|001|4300000239|00120|KE190003|20|EA|29300|KRW|586000|20130628|1300|
C|005186|2013|50000142210013|001|4300000239|00130|KE200113|2|EA|130000|KRW|260000|20130628|1300|
C|005186|2013|50000142210014|001|4300000239|00170|KE231100|30|EA|530|KRW|15900|20130628|1300|
C|005186|2013|50000142210015|001|4300000239|00180|KE231406|17|EA|7140|KRW|121380|20130628|1300|
C|005186|2013|50000142210016|001|4300000239|00190|KE270300|30|EA|470|KRW|14100|20130628|1300|
C|005186|2013|50000142210017|001|4300000239|00200|KE270302|9|EA|6900|KRW|62100|20130628|1300|
C|005186|2013|50000142210018|001|4300000239|00220|KS066900|8|EA|1290|KRW|10320|20130628|1300|
C|005186|2013|50000142210019|001|4300000239|00230|KS066904|4|EA|2000|KRW|8000|20130628|1300|
C|005186|2013|50000142210020|001|4300000239|00240|KS067001|5|EA|1400|KRW|7000|20130628|1300|
C|005186|2013|50000142210021|001|4300000239|00250|KS067002|6|EA|1460|KRW|8760|20130628|1300|
C|005186|2013|50000142210022|001|4300000239|00260|KS067003|4|EA|1550|KRW|6200|20130628|1300|
C|005186|2013|50000142210023|001|4300000239|00270|KS067004|5|EA|2000|KRW|10000|20130628|1300|
C|005186|2013|50000142210024|001|4300000239|00300|KS067204|2|EA|2570|KRW|5140|20130628|1300|
C|005186|2013|50000142210025|001|4300000239|00310|KS067205|2|EA|3290|KRW|6580|20130628|1300|
C|005186|2013|50000142210026|001|4300000239|00320|KS067206|3|EA|4480|KRW|13440|20130628|1300|
C|005186|2013|50000142210027|001|4300000239|00340|KT020002|1|EA|5600|KRW|5600|20130628|1300|
C|005186|2013|50000142210028|001|4300000239|00350|KT020005|4|EA|5640|KRW|22560|20130628|1300|
C|005186|2013|50000142210029|001|4300000239|00370|KT020600|4|EA|14910|KRW|59640|20130628|1300|
C|005186|2013|50000142210030|001|4300000239|00380|KT020611|1|EA|28140|KRW|28140|20130628|1300|
C|005186|2013|50000142210031|001|4300000239|00400|KT020700|10|EA|2680|KRW|26800|20130628|1300|
C|005186|2013|50000142210032|001|4300000239|00420|KT080110|3|EA|25440|KRW|76320|20130628|1300|
C|005186|2013|50000142210033|001|4300000239|00430|KT080111|1|EA|24360|KRW|24360|20130628|1300|
C|005186|2013|50000142210034|001|4300000239|00440|KT080311|2|EA|72980|KRW|145960|20130628|1300|
C|005186|2013|50000142210035|001|4300000239|00450|KT080350|1|EA|4720|KRW|4720|20130628|1300|
C|005186|2013|50000142210036|001|4300000239|00460|KT080520|5|EA|2760|KRW|13800|20130628|1300|
C|005186|2013|50000142210037|001|4300000240|00010|KE030110|2|EA|38540|KRW|77080|20130628|1300|
C|005186|2013|50000142210038|001|4300000240|00020|KE030122|3|EA|31500|KRW|94500|20130628|1300|
C|005186|2013|50000142210039|001|4300000240|00030|KE090106|4|EA|15370|KRW|61480|20130628|1300|
C|005186|2013|50000142210040|001|4300000240|00040|KE090136|1|EA|28980|KRW|28980|20130628|1300|
C|005186|2013|50000142210041|001|4300000240|00050|KE200200|1|EA|130200|KRW|130200|20130628|1300|
C|005186|2013|50000142210042|001|4300000240|00060|KE230003|125|EA|1870|KRW|233750|20130628|1300|
C|005186|2013|50000142210043|001|4300000240|00070|KE231001|29|EA|16150|KRW|468350|20130628|1300|
C|005186|2013|50000142210044|001|4300000240|00080|KS061506|2|EA|7850|KRW|15700|20130628|1300|
C|005186|2013|50000142210045|001|4300000240|00090|KS067005|3|EA|2400|KRW|7200|20130628|1300|
C|005186|2013|50000142210046|001|4300000240|00100|KS067007|3|EA|4100|KRW|12300|20130628|1300|
C|005186|2013|50000142210047|001|4300000240|00110|KS990007|6|EA|51450|KRW|308700|20130628|1300|
C|005186|2013|50000142210048|001|4300000240|00120|KT020015|2|EA|15720|KRW|31440|20130628|1300|
C|005186|2013|50000142210049|001|4300000240|00130|KT020613|1|EA|49000|KRW|49000|20130628|1300|
C|005186|2013|50000142210050|001|4300000240|00140|KT020704|30|EA|610|KRW|18300|20130628|1300|
C|005186|2013|50000142210051|001|4300000240|00150|KT990001|200|EA|510|KRW|102000|20130628|1300|
C|005186|2013|50000142210052|001|4300000240|00160|KT990010|150|EA|370|KRW|55500|20130628|1300|
C|005186|2013|50000142210053|001|4300000264|00010|UZZC0003|6|EA|27160|KRW|162960|20130628|1300|
C|005186|2013|50000142220001|001|4300000212|00010|UADC0031|1|EA|23100|KRW|23100|20130628|1300|
C|005186|2013|50000142220002|001|4300000212|00020|UADC0032|1|EA|14800|KRW|14800|20130628|1300|
C|005186|2013|50000142230001|001|4300000249|00010|UHTC0053|6|EA|75600|KRW|453600|20130628|1300|
C|005186|2013|50000142240001|001|4300000100|00010|UAEC0307|5|EA|2500|KRW|12500|20130628|1300|
C|005186|2013|50000142240002|001|4300000100|00020|UAEC0014|2|EA|9000|KRW|18000|20130628|1300|
C|005186|2013|50000142240003|001|4300000100|00030|UAEC0056|2|EA|9000|KRW|18000|20130628|1300|
C|005186|2013|50000142250001|001|4300000215|00010|UZZC0114|1000|EA|230|KRW|230000|20130628|1300|
C|005186|2013|50000142250002|001|4300000215|00020|UZZC0006|1000|EA|72|KRW|72000|20130628|1300|
C|005186|2013|50000142260001|001|4300000236|00010|UAJC0081|300|EA|210|KRW|63000|20130628|1300|
C|005186|2013|50000142260002|001|4300000236|00020|UEBC0820|10|EA|9810|KRW|98100|20130628|1300|
C|005186|2013|50000142260003|001|4300000236|00030|UDBC0053|10|EA|1150|KRW|11500|20130628|1300|
C|005186|2013|50000142260004|001|4300000236|00040|UDAC0053|7|EA|196350|KRW|1374450|20130628|1300|
C|005186|2013|50000142260005|001|4300000236|00050|UHTC0161|30|EA|420|KRW|12600|20130628|1300|
C|005186|2013|50000142260006|001|4300000236|00060|UDDC0043|6|EA|89040|KRW|534240|20130628|1300|
C|005186|2013|50000142260007|001|4300000236|00070|UGCC0293|2|EA|103950|KRW|207900|20130628|1300|
C|005186|2013|50000142260008|001|4300000236|00080|UAHC0017|1|EA|332630|KRW|332630|20130628|1300|
C|005186|2013|50000142260009|001|4300000236|00090|UDFC0018|1|EA|40950|KRW|40950|20130628|1300|
C|005186|2013|50000142260010|001|4300000236|00110|UEBC0297|4|EA|15790|KRW|63160|20130628|1300|
C|005186|2013|50000142260011|001|4300000236|00120|UAGC0193|100|EA|3255|KRW|325500|20130628|1300|
C|005186|2013|50000142260012|001|4300000236|00130|UEBC0365|4|EA|2250|KRW|9000|20130628|1300|
C|005186|2013|50000142260013|001|4300000236|00140|UEBC0617|4|EA|6220|KRW|24880|20130628|1300|
C|005186|2013|50000142270001|001|4300000218|00010|UAJC0081|20|EA|210|KRW|4200|20130628|1300|
C|005186|2013|50000142270002|001|4300000218|00020|UDDC0359|1|EA|47760|KRW|47760|20130628|1300|
C|005186|2013|50000142270003|001|4300000218|00030|UJAC0132|40|EA|17780|KRW|711200|20130628|1300|
C|005186|2013|50000142270004|001|4300000219|00010|UEBC0113|1|EA|16510|KRW|16510|20130628|1300|
C|005186|2013|50000142270005|001|4300000219|00020|UEBC0110|3|EA|8560|KRW|25680|20130628|1300|
C|005186|2013|50000142270006|001|4300000219|00030|UEBC0321|2|EA|82950|KRW|165900|20130628|1300|
C|005186|2013|50000142270007|001|4300000219|00070|UEBC0234|8|EA|1420|KRW|11360|20130628|1300|
C|005186|2013|50000142270008|001|4300000219|00080|UDCC0025|10|EA|10400|KRW|104000|20130628|1300|
C|005186|2013|50000142270009|001|4300000219|00090|UDDC0297|1|EA|130770|KRW|130770|20130628|1300|
C|005186|2013|50000142270010|001|4300000219|00100|UEBC0108|2|EA|4820|KRW|9640|20130628|1300|
C|005186|2013|50000142270011|001|4300000219|00110|UDBC0331|50|EA|2370|KRW|118500|20130628|1300|
C|005186|2013|50000142270012|001|4300000219|00120|UDBC0104|50|EA|180|KRW|9000|20130628|1300|
C|005186|2013|50000142270013|001|4300000219|00130|UICC0007|50|EA|1580|KRW|79000|20130628|1300|
C|005186|2013|50000142270014|001|4300000219|00140|UGBC0768|20|EA|609|KRW|12180|20130628|1300|
C|005186|2013|50000142270015|001|4300000219|00150|UEBC0030|10|EA|12130|KRW|121300|20130628|1300|
C|005186|2013|50000142270016|001|4300000220|00040|UEBC0221|1|EA|78450|KRW|78450|20130628|1300|
C|005186|2013|50000142270017|001|4300000221|00010|UEBC0231|2|EA|336000|KRW|672000|20130628|1300|
C|005186|2013|50000142270018|001|4300000221|00020|UEBC0250|1|EA|75600|KRW|75600|20130628|1300|
C|005186|2013|50000142280001|001|4300000210|00010|UKEC0051|10|EA|71400|KRW|714000|20130628|1300|
C|005186|2013|50000142280002|001|4300000210|00020|UKEC0038|5|EA|27300|KRW|136500|20130628|1300|
C|005186|2013|50000142280003|001|4300000210|00030|UKEC0097|20|EA|2625|KRW|52500|20130628|1300|
C|005186|2013|50000142280004|001|4300000210|00040|UKEC0087|20|EA|1890|KRW|37800|20130628|1300|
C|005186|2013|50000142280005|001|4300000210|00060|UKEC0001|20|EA|1360|KRW|27200|20130628|1300|
C|005186|2013|50000142280006|001|4300000210|00070|UKAC0044|5|EA|236700|KRW|1183500|20130628|1300|
C|005186|2013|50000142280007|001|4300000210|00080|UHTC0107|1|EA|12420|KRW|12420|20130628|1300|
C|005186|2013|50000142280008|001|4300000210|00090|UDBC0435|30|EA|580|KRW|17400|20130628|1300|
C|005186|2013|50000142280009|001|4300000210|00100|UICC0042|1|EA|5050|KRW|5050|20130628|1300|
C|005186|2013|50000142280010|001|4300000210|00110|UJBC0004|20|EA|4337|KRW|86740|20130628|1300|
C|005186|2013|50000142280011|001|4300000217|00010|UJCC0043|5000|EA|70|KRW|350000|20130628|1300|
C|005186|2013|50000142280012|001|4300000217|00020|UHTC0532|1|EA|13470|KRW|13470|20130628|1300|
C|005186|2013|50000142280013|001|4300000217|00030|UGCC0653|5|EA|36610|KRW|183050|20130628|1300|
C|005186|2013|50000142280014|001|4300000217|00040|UKBC0010|1|EA|91480|KRW|91480|20130628|1300|
C|005186|2013|50000142280015|001|4300000217|00050|UKBC0014|1|EA|52500|KRW|52500|20130628|1300|
C|005186|2013|50000142280016|001|4300000217|00060|UFFC0006|5|EA|6050|KRW|30250|20130628|1300|
C|005186|2013|50000142280017|001|4300000217|00070|UFFC0038|5|EA|7820|KRW|39100|20130628|1300|
C|005186|2013|50000142280018|001|4300000217|00080|UKEC0046|5|EA|73500|KRW|367500|20130628|1300|
C|005186|2013|50000142280019|001|4300000217|00090|UALC0104|5|EA|20140|KRW|100700|20130628|1300|
C|005186|2013|50000142280020|001|4300000217|00100|UGCC0025|1|EA|54600|KRW|54600|20130628|1300|
C|005186|2013|50000142280021|001|4300000217|00110|UGCC0582|30|EA|31050|KRW|931500|20130628|1300|
C|005186|2013|50000142280022|001|4300000217|00120|UCIC0016|2|EA|37470|KRW|74940|20130628|1300|
C|005186|2013|50000142280023|001|4300000217|00130|UKEC0046|5|EA|73500|KRW|367500|20130628|1300|
C|005186|2013|50000142280024|001|4300000217|00140|UKEC0038|3|EA|27300|KRW|81900|20130628|1300|
C|005186|2013|50000142280025|001|4300000217|00150|UALC0092|18|EA|18750|KRW|337500|20130628|1300|
C|005186|2013|50000142280026|001|4300000217|00160|UALC0094|24|EA|57200|KRW|1372800|20130628|1300|
C|005186|2013|50000142280027|001|4300000238|00010|UZZC0128|1|EA|201000|KRW|201000|20130628|1300|
C|005186|2013|50000142280028|001|4300000238|00020|UKBC0010|1|EA|91480|KRW|91480|20130628|1300|
C|005186|2013|50000142280029|001|4300000238|00030|UDBC0655|50|EA|55|KRW|2750|20130628|1300|
C|005186|2013|50000142280030|001|4300000238|00040|UGAC0056|2|EA|139760|KRW|279520|20130628|1300|
C|005186|2013|50000142280031|001|4300000238|00050|UZZC0079|4|EA|10500|KRW|42000|20130628|1300|
C|005186|2013|50000142280032|001|4300000238|00060|UZZC0025|50|EA|13200|KRW|660000|20130628|1300|
C|005186|2013|50000142280033|001|4300000238|00070|UKAC0025|10|EA|2520|KRW|25200|20130628|1300|
C|005186|2013|50000142280034|001|4300000238|00080|UAAC0010|1|EA|28320|KRW|28320|20130628|1300|
C|005186|2013|50000142280035|001|4300000238|00090|UKEC0068|3|EA|105200|KRW|315600|20130628|1300|
C|005186|2013|50000142280036|001|4300000238|00100|UKEC0065|1|EA|28350|KRW|28350|20130628|1300|
C|005186|2013|50000142280037|001|4300000238|00110|UKEC0086|5|EA|2100|KRW|10500|20130628|1300|
C|005186|2013|50000142280038|001|4300000238|00120|UKEC0101|5|EA|2016|KRW|10080|20130628|1300|
C|005186|2013|50000142280039|001|4300000238|00130|UKEC0051|10|EA|71400|KRW|714000|20130628|1300|
C|005186|2013|50000142280040|001|4300000238|00140|UKEC0038|3|EA|27300|KRW|81900|20130628|1300|
C|005186|2013|50000142280041|001|4300000245|00010|UALC0084|50|EA|4200|KRW|210000|20130628|1300|
C|005186|2013|50000142280042|001|4300000245|00020|UAEC0380|2|EA|163800|KRW|327600|20130628|1300|
C|005186|2013|50000142280043|001|4300000245|00030|UKAC0043|4|EA|262000|KRW|1048000|20130628|1300|
C|005186|2013|50000142280044|001|4300000245|00040|UGBC0465|150|EA|1270|KRW|190500|20130628|1300|
C|005186|2013|50000142280045|001|4300000245|00050|UDBC0370|500|EA|320|KRW|160000|20130628|1300|
C|005186|2013|50000142280046|001|4300000245|00060|UCKC0035|15|EA|44520|KRW|667800|20130628|1300|
C|005186|2013|50000142280047|001|4300000250|00010|UEBC0566|5|EA|176400|KRW|882000|20130628|1300|
C|005186|2013|50000142280048|001|4300000250|00020|UIEC0035|10|EA|37800|KRW|378000|20130628|1300|
C|005186|2013|50000142280049|001|4300000250|00030|UAAC0032|5|EA|8798|KRW|43990|20130628|1300|
C|005186|2013|50000142280050|001|4300000250|00040|UGBC0423|2|EA|2100|KRW|4200|20130628|1300|
C|005186|2013|50000142280051|001|4300000250|00050|UAEC0383|2|EA|6500|KRW|13000|20130628|1300|
C|005186|2013|50000142280052|001|4300000250|00060|UAEC0170|1|EA|12070|KRW|12070|20130628|1300|
C|005186|2013|50000142280053|001|4300000250|00070|UCKC0037|80|EA|14050|KRW|1124000|20130628|1300|
C|005186|2013|50000142280054|001|4300000250|00080|UKEC0091|10|EA|1270|KRW|12700|20130628|1300|
C|005186|2013|50000142280055|001|4300000250|00090|UCIC0037|3|EA|144380|KRW|433140|20130628|1300|
C|005186|2013|50000142280056|001|4300000250|00100|UDCC0009|2|EA|13850|KRW|27700|20130628|1300|
C|005186|2013|50000142280057|001|4300000250|00110|UKBC0010|1|EA|91480|KRW|91480|20130628|1300|
C|005186|2013|50000142280058|001|4300000250|00120|UGCC0099|3|EA|36300|KRW|108900|20130628|1300|
C|005186|2013|50000142280059|001|4300000250|00130|UAKC0012|5|EA|9080|KRW|45400|20130628|1300|
C|005186|2013|50000142280060|001|4300000250|00140|UJCC0003|10|EA|27400|KRW|274000|20130628|1300|
C|005186|2013|50000142280061|001|4300000250|00150|UJCC0004|10|EA|27400|KRW|274000|20130628|1300|
C|005186|2013|50000142280062|001|4300000271|00110|UALC0109|6|EA|54400|KRW|326400|20130628|1300|
C|005186|2013|50000142280063|001|4300000271|00130|UKEC0068|2|EA|105200|KRW|210400|20130628|1300|
C|005186|2013|50000142280064|001|4300000271|00140|UKEC0071|2|EA|105200|KRW|210400|20130628|1300|
