C|005186|2018|50004042290001|001|4300009751|00010|UFGC0039|2|EA|15050|KRW|30100|20180223|1300|
C|005186|2018|50004042290002|001|4300009751|00020|UFGC0058|6|EA|4000|KRW|24000|20180223|1300|
C|005186|2018|50004042290003|001|4300009752|00010|UFGC0039|1|EA|15050|KRW|15050|20180223|1300|
C|005186|2018|50004042300001|001|4300009766|00010|UCHC0015|10|EA|3040|KRW|30400|20180223|1300|
C|005186|2018|50004042300002|001|4300009766|00020|UCHC0017|1|EA|28420|KRW|28420|20180223|1300|
C|005186|2018|50004042300003|001|4300009767|00040|UGCC0850|5|EA|27750|KRW|138750|20180223|1300|
C|005186|2018|50004042310001|001|4300009731|00060|CMD0016|1|EA|29000|KRW|29000|20180226|1300|
C|005186|2018|50004042310002|001|4300009732|00070|CMD0011|3|EA|24100|KRW|72300|20180226|1300|
C|005186|2018|50004042310003|001|4300009732|00080|CMD0016|12|EA|29000|KRW|348000|20180226|1300|
C|005186|2018|50004042310004|001|4300009735|00050|CMD0016|6|EA|29000|KRW|174000|20180226|1300|
C|005186|2018|50004042310005|001|4300009738|00090|CMD0011|5|EA|24100|KRW|120500|20180226|1300|
C|005186|2018|50004042310006|001|4300009742|00030|CMD0011|1|EA|24100|KRW|24100|20180226|1300|
C|005186|2018|50004042310007|001|4300009743|00080|CMD0012|1|EA|22000|KRW|22000|20180226|1300|
C|005186|2018|50004042310008|001|4300009744|00070|CMD0016|1|EA|29000|KRW|29000|20180226|1300|
C|005186|2018|50004042310009|001|4300009745|00050|CMD0011|3|EA|24100|KRW|72300|20180226|1300|
C|005186|2018|50004042310010|001|4300009745|00070|CMD0012|1|EA|22000|KRW|22000|20180226|1300|
C|005186|2018|50004042310011|001|4300009747|00040|CMD0016|6|EA|29000|KRW|174000|20180226|1300|
C|005186|2018|50004042310012|001|4300009748|00010|CMD0016|4|EA|29000|KRW|116000|20180226|1300|
C|005186|2018|50004042310013|001|4300009750|00010|CMD0016|4|EA|29000|KRW|116000|20180226|1300|
C|005186|2018|50004042310014|001|4300009750|00020|CMD0017|1|EA|23760|KRW|23760|20180226|1300|
C|005186|2018|50004042310015|001|4300009750|00060|CMD0016|1|EA|29000|KRW|29000|20180226|1300|
C|005186|2018|50004042320001|001|4300009730|00020|CMB0001|100|EA|520|KRW|52000|20180226|1300|
C|005186|2018|50004042320002|001|4300009730|00030|CMZ0009|10|EA|920|KRW|9200|20180226|1300|
C|005186|2018|50004042320003|001|4300009730|00040|CMZ0032|10|EA|1300|KRW|13000|20180226|1300|
C|005186|2018|50004042320004|001|4300009730|00050|CMA0028|2|EA|7350|KRW|14700|20180226|1300|
