C|005186|2019|50005149440001|001|4300013971|00010|UADC0168|1|EA|786000|KRW|786000|20190830|1300|
C|005186|2019|50005149440002|001|4300013978|00010|UADC0033|2|EA|344500|KRW|689000|20190830|1300|
C|005186|2019|50005149450001|001|4300014331|00010|KS061502|6|EA|2970|KRW|17820|20190830|1300|
C|005186|2019|50005149450002|001|4300014331|00020|KS061503|3|EA|3150|KRW|9450|20190830|1300|
C|005186|2019|50005149450003|001|4300014331|00030|KS061506|4|EA|7850|KRW|31400|20190830|1300|
C|005186|2019|50005149450004|001|4300014331|00040|KS061508|2|EA|10510|KRW|21020|20190830|1300|
C|005186|2019|50005149450005|001|4300014331|00050|KS066903|5|EA|1540|KRW|7700|20190830|1300|
C|005186|2019|50005149450006|001|4300014331|00060|KS066904|2|EA|2000|KRW|4000|20190830|1300|
C|005186|2019|50005149450007|001|4300014331|00070|KS067002|5|EA|1460|KRW|7300|20190830|1300|
C|005186|2019|50005149450008|001|4300014331|00080|KS067207|4|EA|5780|KRW|23120|20190830|1300|
C|005186|2019|50005149450009|001|4300014331|00090|KS067208|5|EA|7940|KRW|39700|20190830|1300|
C|005186|2019|50005149450010|001|4300014331|00100|KS067210|2|EA|14350|KRW|28700|20190830|1300|
C|005186|2019|50005149450011|001|4300014331|00110|KS990008|1|EA|39900|KRW|39900|20190830|1300|
C|005186|2019|50005149450012|001|4300014331|00120|KS990009|1|EA|8820|KRW|8820|20190830|1300|
C|005186|2019|50005149460001|001|4300014385|00010|UAGC0557|1|EA|506500|KRW|506500|20190830|1300|
C|005186|2019|50005149460002|001|4300014385|00030|UAGC0003|40|EA|18200|KRW|72800|20190830|1300|
C|005186|2019|50005149460003|001|4300014385|00040|UAGC0025|2|EA|6060|KRW|12120|20190830|1300|
C|005186|2019|50005149460004|001|4300014410|00010|UHTC0821|1|EA|750000|KRW|750000|20190830|1300|
C|005186|2019|50005149460005|001|4300014414|00010|UAJC0026|20|EA|42000|KRW|84000|20190830|1300|
C|005186|2019|50005149470001|001|4300014460|00010|UALC0119|6000|EA|10000|KRW|120000|20190830|1300|
C|005186|2019|50005149470002|001|4300014460|00020|UALC0118|6000|EA|55000|KRW|660000|20190830|1300|
C|005186|2019|50005149480001|001|4300014406|00030|UDBC0115|100|EA|27700|KRW|27700|20190830|1300|
C|005186|2019|50005149480002|001|4300014406|00040|UDBC0117|100|EA|3900|KRW|39000|20190830|1300|
C|005186|2019|50005149480003|001|4300014406|00050|UDBC0349|200|EA|6000|KRW|12000|20190830|1300|
C|005186|2019|50005149480004|001|4300014406|00060|UEBC0494|3|EA|4770|KRW|14310|20190830|1300|
C|005186|2019|50005149480005|001|4300014411|00020|UDAC0012|300|EA|300000|KRW|900000|20190830|1300|
C|005186|2019|50005149480006|001|4300014455|00010|UJCC0065|1|EA|17640|KRW|17640|20190830|1300|
C|005186|2019|50005149490001|001|4300014383|00010|UDDC0176|5|EA|56010|KRW|280050|20190830|1300|
C|005186|2019|50005149490002|001|4300014383|00020|UEBC1160|10|EA|774000|KRW|1548000|20190830|1300|
C|005186|2019|50005149490003|001|4300014384|00010|UEBC1415|1|EA|1900000|KRW|1900000|20190830|1300|
C|005186|2019|50005149490004|001|4300014386|00010|UGCC1191|50|EA|8500|KRW|42500|20190830|1300|
C|005186|2019|50005149490005|001|4300014386|00020|UEBC1415|1|EA|1900000|KRW|1900000|20190830|1300|
C|005186|2019|50005149490006|001|4300014387|00010|UCKC0161|1|EA|1260000|KRW|1260000|20190830|1300|
C|005186|2019|50005149490007|001|4300014389|00050|UHFC0202|30|EA|99700|KRW|299100|20190830|1300|
C|005186|2019|50005149490008|001|4300014406|00010|UGBC1310|20|EA|9000|KRW|18000|20190830|1300|
C|005186|2019|50005149490009|001|4300014406|00020|UGBC1309|20|EA|14700|KRW|29400|20190830|1300|
C|005186|2019|50005149490010|001|4300014406|00070|UEBC0049|2|EA|266070|KRW|532140|20190830|1300|
C|005186|2019|50005149490011|001|4300014406|00080|UDBC0786|20|EA|47400|KRW|94800|20190830|1300|
C|005186|2019|50005149490012|001|4300014406|00090|UGCC0223|30|EA|46700|KRW|140100|20190830|1300|
C|005186|2019|50005149490013|001|4300014406|00100|UEBC0610|1|EA|145260|KRW|145260|20190830|1300|
C|005186|2019|50005149490014|001|4300014406|00130|UEBC0119|20|EA|21900|KRW|43800|20190830|1300|
C|005186|2019|50005149490015|001|4300014406|00140|UDBC1041|200|EA|3700|KRW|7400|20190830|1300|
C|005186|2019|50005149490016|001|4300014406|00150|UEBC1197|10|EA|21200|KRW|212000|20190830|1300|
C|005186|2019|50005149500001|001|4300014388|00010|UHHC0130|1|EA|661500|KRW|661500|20190830|1300|
C|005186|2019|50005149500002|001|4300014388|00020|UHOC0003|3|EA|310800|KRW|932400|20190830|1300|
C|005186|2019|50005149500003|001|4300014388|00030|UHGC0159|5|EA|50400|KRW|252000|20190830|1300|
C|005186|2019|50005149500004|001|4300014388|00040|UHFC0342|10|EA|45500|KRW|45500|20190830|1300|
C|005186|2019|50005149500005|001|4300014388|00050|UHDC0221|100|EA|19000|KRW|19000|20190830|1300|
C|005186|2019|50005149500006|001|4300014388|00060|UHDC0159|1|EA|26500|KRW|26500|20190830|1300|
C|005186|2019|50005149500007|001|4300014389|00010|UHGC0008|1|EA|798000|KRW|798000|20190830|1300|
C|005186|2019|50005149500008|001|4300014389|00020|UHHC0165|1|EA|81900|KRW|81900|20190830|1300|
C|005186|2019|50005149500009|001|4300014389|00030|UHHC0166|1|EA|81900|KRW|81900|20190830|1300|
C|005186|2019|50005149500010|001|4300014389|00040|UHTC0580|5|EA|144200|KRW|721000|20190830|1300|
C|005186|2019|50005149500011|001|4300014390|00010|UHAC0011|1|EA|695000|KRW|695000|20190830|1300|
C|005186|2019|50005149500012|001|4300014390|00020|UGAC0006|20|EA|600600|KRW|600600|20190830|1300|
C|005186|2019|50005149500013|001|4300014390|00030|UHDC0233|10|EA|505000|KRW|505000|20190830|1300|
C|005186|2019|50005149500014|001|4300014391|00010|UGAC0007|20|EA|491400|KRW|982800|20190830|1300|
C|005186|2019|50005149500015|001|4300014391|00020|UGCC0232|2|EA|300300|KRW|600600|20190830|1300|
C|005186|2019|50005149500016|001|4300014392|00010|UHHC0090|100|M|546000|KRW|546000|20190830|1300|
C|005186|2019|50005149500017|001|4300014407|00010|KE090116|3|EA|28040|KRW|84120|20190830|1300|
C|005186|2019|50005149500018|001|4300014408|00010|UHHC0211|50|EA|38000|KRW|1900000|20190830|1300|
C|005186|2019|50005149500019|001|4300014409|00010|UHHC0211|50|EA|38000|KRW|1900000|20190830|1300|
C|005186|2019|50005149710001|001|4300014412|00030|UFGC0050|20|EA|13700|KRW|274000|20190830|1300|
C|005186|2019|50005149710002|001|4300014414|00020|UFGC0049|50|EA|12650|KRW|632500|20190830|1300|
C|005186|2019|50005149710003|001|4300014414|00030|UFGC0024|5|EA|15120|KRW|75600|20190830|1300|
C|005186|2019|50005149720001|001|4300014275|00010|UCIC0048|3|EA|526400|KRW|1579200|20190830|1300|
C|005186|2019|50005149720002|001|4300014404|00010|UBCC0039|10|EA|37800|KRW|189000|20190830|1300|
C|005186|2019|50005149720003|001|4300014404|00020|UGBC0429|10|EA|5040|KRW|50400|20190830|1300|
C|005186|2019|50005149720004|001|4300014404|00030|UGBC0568|40|EA|58800|KRW|117600|20190830|1300|
C|005186|2019|50005149720005|001|4300014404|00040|UGBC1023|20|EA|7800|KRW|15600|20190830|1300|
C|005186|2019|50005149720006|001|4300014404|00050|UGBC0123|40|EA|5500|KRW|11000|20190830|1300|
C|005186|2019|50005149720007|001|4300014404|00060|UGBC0124|40|EA|6300|KRW|12600|20190830|1300|
C|005186|2019|50005149720008|001|4300014404|00070|UGBC0126|20|EA|8600|KRW|17200|20190830|1300|
C|005186|2019|50005149720009|001|4300014404|00080|UGBC0127|20|EA|10100|KRW|20200|20190830|1300|
C|005186|2019|50005149720010|001|4300014404|00090|UGBC0163|40|EA|6400|KRW|12800|20190830|1300|
C|005186|2019|50005149720011|001|4300014404|00100|UGBC0168|10|EA|16800|KRW|16800|20190830|1300|
C|005186|2019|50005149720012|001|4300014404|00110|UGBC0193|10|EA|13150|KRW|26300|20190830|1300|
C|005186|2019|50005149730001|001|4300014392|00020|UADC0018|2|EA|17220|KRW|34440|20190830|1300|
C|005186|2019|50005149730002|001|4300014406|00110|UCKC0137|1|EA|60700|KRW|60700|20190830|1300|
C|005186|2019|50005149730003|001|4300014406|00160|UDDC0343|1|EA|130900|KRW|130900|20190830|1300|
C|005186|2019|50005149730004|001|4300014412|00010|UGCC0894|400|EA|300000|KRW|1200000|20190830|1300|
C|005186|2019|50005149730005|001|4300014413|00020|UGCC0894|300|EA|300000|KRW|900000|20190830|1300|
C|005186|2019|50005149740001|001|4300014385|00020|UDFC0166|10|EA|40200|KRW|402000|20190830|1300|
C|005186|2019|50005149740002|001|4300014404|00130|UJAC0009|2|EA|12075|KRW|24150|20190830|1300|
C|005186|2019|50005149750001|001|4300014462|00010|UEBC0219|2|EA|505270|KRW|1010540|20190830|1300|
C|005186|2019|50005149750002|001|4300014462|00020|UEBC0352|2|EA|86100|KRW|172200|20190830|1300|
C|005186|2019|50005149750003|001|4300014466|00010|UEBC1038|100|EA|56100|KRW|1122000|20190830|1300|
C|005186|2019|50005149750004|001|4300014466|00020|UDBC0509|100|EA|12600|KRW|12600|20190830|1300|
C|005186|2019|50005149750005|001|4300014466|00040|UDBC0244|1|EA|172200|KRW|172200|20190830|1300|
C|005186|2019|50005149750006|001|4300014466|00050|UDBC0774|1|EA|110040|KRW|110040|20190830|1300|
C|005186|2019|50005149750007|001|4300014466|00080|UEBC0261|2|EA|16070|KRW|32140|20190830|1300|
C|005186|2019|50005149750008|001|4300014474|00010|UGCC0074|1|EA|348600|KRW|348600|20190830|1300|
C|005186|2019|50005149750009|001|4300014474|00020|UGCC0075|1|EA|383300|KRW|383300|20190830|1300|
C|005186|2019|50005149750010|001|4300014474|00030|UGBC1560|20|EA|73600|KRW|147200|20190830|1300|
C|005186|2019|50005149750011|001|4300014474|00040|UGBC1562|20|EA|88000|KRW|176000|20190830|1300|
C|005186|2019|50005149750012|001|4300014474|00050|UGBC1679|20|EA|93800|KRW|187600|20190830|1300|
C|005186|2019|50005149750013|001|4300014474|00060|UGBC1670|20|EA|9370|KRW|187400|20190830|1300|
C|005186|2019|50005149750014|001|4300014474|00070|UDBC0875|50|EA|11500|KRW|11500|20190830|1300|
C|005186|2019|50005149750015|001|4300014474|00080|UEBC0415|1|EA|86630|KRW|86630|20190830|1300|
C|005186|2019|50005149750016|001|4300014474|00090|UEBC1279|3|EA|146000|KRW|438000|20190830|1300|
C|005186|2019|50005149750017|001|4300014475|00010|UEBC1443|2|EA|302000|KRW|604000|20190830|1300|
C|005186|2019|50005149750018|001|4300014475|00020|UEBC0769|40|EA|37800|KRW|75600|20190830|1300|
C|005186|2019|50005149750019|001|4300014475|00030|UEBC0783|40|EA|12600|KRW|25200|20190830|1300|
C|005186|2019|50005149750020|001|4300014475|00040|UEBC0786|40|EA|31400|KRW|62800|20190830|1300|
C|005186|2019|50005149750021|001|4300014475|00050|UEBC0792|40|EA|52000|KRW|104000|20190830|1300|
C|005186|2019|50005149750022|001|4300014475|00060|UEBC0785|40|EA|29600|KRW|59200|20190830|1300|
C|005186|2019|50005149750023|001|4300014475|00070|UEBC0772|40|EA|50000|KRW|100000|20190830|1300|
C|005186|2019|50005149750024|001|4300014475|00080|UEBC1252|40|EA|62000|KRW|124000|20190830|1300|
C|005186|2019|50005149750025|001|4300014475|00150|UGCC0073|1|EA|136500|KRW|136500|20190830|1300|
C|005186|2019|50005149750026|001|4300014475|00160|UGCC0650|1|EA|277030|KRW|277030|20190830|1300|
C|005186|2019|50005149760001|001|4300014455|00030|UDBC0147|2000|EA|13500|KRW|54000|20190830|1300|
C|005186|2019|50005149760002|001|4300014455|00040|UDBC0144|2000|EA|16000|KRW|64000|20190830|1300|
C|005186|2019|50005149760003|001|4300014455|00050|UKGC0009|20|EA|2220|KRW|44400|20190830|1300|
C|005186|2019|50005149760004|001|4300014455|00060|UGCC0546|2|EA|115500|KRW|231000|20190830|1300|
C|005186|2019|50005149760005|001|4300014455|00100|UEBC1073|10|EA|57850|KRW|115700|20190830|1300|
C|005186|2019|50005149760006|001|4300014455|00110|UHTC0486|1|EA|46410|KRW|46410|20190830|1300|
C|005186|2019|50005149760007|001|4300014455|00120|UGAC0077|1|EA|36610|KRW|36610|20190830|1300|
C|005186|2019|50005149760008|001|4300014455|00140|UBCC0024|20|EA|4520|KRW|90400|20190830|1300|
C|005186|2019|50005149760009|001|4300014455|00150|UGBC1391|20|EA|22000|KRW|44000|20190830|1300|
C|005186|2019|50005149760010|001|4300014457|00010|UBCC0022|20|EA|47250|KRW|945000|20190830|1300|
C|005186|2019|50005149760011|001|4300014457|00030|UGCC0609|5|EA|11340|KRW|56700|20190830|1300|
C|005186|2019|50005149760012|001|4300014457|00040|UEBC0410|5|EA|33600|KRW|168000|20190830|1300|
C|005186|2019|50005149760013|001|4300014458|00010|UGCC0945|12|EA|39500|KRW|474000|20190830|1300|
C|005186|2019|50005149760014|001|4300014458|00020|UCKC0126|100|EA|610000|KRW|1220000|20190830|1300|
C|005186|2019|50005149760015|001|4300014466|00060|UHTC0833|2|EA|79690|KRW|159380|20190830|1300|
