C|005186|2014|50001135080001|001|4300001877|00540|UGCC0653|1|EA|36610|KRW|36610|20141128|1300|
C|005186|2014|50001135080002|001|4300001877|00550|UAIC0002|5|EA|3680|KRW|18400|20141128|1300|
C|005186|2014|50001135080003|001|4300001877|00580|UIEC0004|5|EA|21290|KRW|106450|20141128|1300|
C|005186|2014|50001135080004|001|4300001877|00640|UDEC0022|5|EA|9975|KRW|49875|20141128|1300|
C|005186|2014|50001135080005|001|4300001877|00950|UGBC1207|100|EA|910|KRW|91000|20141128|1300|
C|005186|2014|50001135080006|001|4300001877|01010|UGCC0607|5|EA|9870|KRW|49350|20141128|1300|
C|005186|2014|50001135090001|001|4300001877|00820|UDDC0131|10|EA|24360|KRW|243600|20141128|1300|
C|005186|2014|50001135090002|001|4300001877|00830|UDEC0035|2|EA|100800|KRW|201600|20141128|1300|
C|005186|2014|50001135090003|001|4300001877|00840|UDDC0218|5|EA|26570|KRW|132850|20141128|1300|
C|005186|2014|50001135090004|001|4300001877|00850|UDDC0223|5|EA|14700|KRW|73500|20141128|1300|
C|005186|2014|50001135090005|001|4300001878|00210|UAGC0061|2|EA|50930|KRW|101860|20141128|1300|
C|005186|2014|50001135090006|001|4300001878|00290|UDEC0106|8|EA|230000|KRW|1840000|20141128|1300|
C|005186|2014|50001135200001|001|4300001877|00560|UGCC0240|10|EA|16900|KRW|169000|20141128|1300|
C|005186|2014|50001135200002|001|4300001877|00970|UGAC0089|1|EA|33680|KRW|33680|20141128|1300|
C|005186|2014|50001135200003|001|4300001878|00020|UGCC0575|10|EA|9980|KRW|99800|20141128|1300|
C|005186|2014|50001135200004|001|4300001878|00120|UGAC0087|1|EA|31800|KRW|31800|20141128|1300|
C|005186|2014|50001135200005|001|4300001878|00130|UGAC0089|1|EA|33680|KRW|33680|20141128|1300|
C|005186|2014|50001135200006|001|4300001878|00140|UHTC0532|2|EA|13470|KRW|26940|20141128|1300|
C|005186|2014|50001135200007|001|4300001878|00180|UAGC0193|50|EA|3255|KRW|162750|20141128|1300|
C|005186|2014|50001135200008|001|4300001878|00190|UAAC0020|5|EA|10000|KRW|50000|20141128|1300|
C|005186|2014|50001135210001|001|4300001877|00200|KH990100|4|EA|27220|KRW|108880|20141128|1300|
C|005186|2014|50001135210002|001|4300001877|00210|KH990101|6|EA|7250|KRW|43500|20141128|1300|
C|005186|2014|50001135210003|001|4300001877|00320|KT020008|3|EA|8030|KRW|24090|20141128|1300|
C|005186|2014|50001135210004|001|4300001877|00330|KT020009|3|EA|8030|KRW|24090|20141128|1300|
C|005186|2014|50001135210005|001|4300001877|00340|KT020013|2|EA|13110|KRW|26220|20141128|1300|
C|005186|2014|50001135210006|001|4300001877|00350|KT020016|1|EA|18620|KRW|18620|20141128|1300|
C|005186|2014|50001135210007|001|4300001877|00360|KT020600|2|EA|14910|KRW|29820|20141128|1300|
C|005186|2014|50001135210008|001|4300001877|00370|KT020610|1|EA|29150|KRW|29150|20141128|1300|
C|005186|2014|50001135210009|001|4300001877|00380|KT020613|1|EA|49000|KRW|49000|20141128|1300|
C|005186|2014|50001135210010|001|4300001877|00390|KT020704|50|EA|610|KRW|30500|20141128|1300|
C|005186|2014|50001135210011|001|4300001877|00400|KT080300|20.000|KG|2770|KRW|55400|20141128|1300|
C|005186|2014|50001135210012|001|4300001877|00410|KT080311|1|EA|72980|KRW|72980|20141128|1300|
C|005186|2014|50001135210013|001|4300001877|00430|KT080370|5|EA|760|KRW|3800|20141128|1300|
C|005186|2014|50001135210014|001|4300001877|00440|KT080500|2|EA|26500|KRW|53000|20141128|1300|
C|005186|2014|50001135210015|001|4300001877|00450|KT080520|4|EA|2760|KRW|11040|20141128|1300|
C|005186|2014|50001135210016|001|4300001877|00460|KT990001|102|EA|510|KRW|52020|20141128|1300|
C|005186|2014|50001135210017|001|4300001877|00470|KT990010|80|EA|370|KRW|29600|20141128|1300|
C|005186|2014|50001135220001|001|4300001877|00220|KP150400|100|EA|170|KRW|17000|20141128|1300|
C|005186|2014|50001135220002|001|4300001877|00310|KS990007|6|EA|51450|KRW|308700|20141128|1300|
C|005186|2014|50001135220003|001|4300001877|00480|UICC0025|1|EA|16420|KRW|16420|20141128|1300|
C|005186|2014|50001135220004|001|4300001877|00530|UKBC0010|1|EA|91480|KRW|91480|20141128|1300|
C|005186|2014|50001135220005|001|4300001877|00600|UICC0011|4|EA|16210|KRW|64840|20141128|1300|
C|005186|2014|50001135220006|001|4300001877|00610|UICC0034|1|EA|23100|KRW|23100|20141128|1300|
C|005186|2014|50001135220007|001|4300001877|00630|UKBC0010|2|EA|91480|KRW|182960|20141128|1300|
C|005186|2014|50001135220008|001|4300001877|00660|UJBC0005|1|EA|14700|KRW|14700|20141128|1300|
C|005186|2014|50001135220009|001|4300001877|00670|UKGC0008|7|EA|2940|KRW|20580|20141128|1300|
C|005186|2014|50001135220010|001|4300001877|00810|UJBC0042|1|EA|75800|KRW|75800|20141128|1300|
C|005186|2014|50001135220011|001|4300001877|00930|UALC0073|1|EA|20160|KRW|20160|20141128|1300|
C|005186|2014|50001135220012|001|4300001877|00940|UJBC0004|20|EA|4337|KRW|86740|20141128|1300|
C|005186|2014|50001135220013|001|4300001877|01020|UKEC0022|40|EA|1530|KRW|61200|20141128|1300|
C|005186|2014|50001135220014|001|4300001877|01030|UZZC0107|2|EA|35770|KRW|71540|20141128|1300|
C|005186|2014|50001135220015|001|4300001878|00410|UZZC0089|400|EA|200|KRW|80000|20141128|1300|
C|005186|2014|50001135230001|001|4300001877|00860|UDEC0089|1|EA|164850|KRW|164850|20141128|1300|
C|005186|2014|50001135230002|001|4300001877|00870|UDEC0090|1|EA|220500|KRW|220500|20141128|1300|
C|005186|2014|50001135230003|001|4300001877|00880|UDEC0081|2|EA|274700|KRW|549400|20141128|1300|
C|005186|2014|50001135230004|001|4300001877|00890|UDEC0082|2|EA|330750|KRW|661500|20141128|1300|
C|005186|2014|50001135230005|001|4300001877|00900|UDEC0083|2|EA|404250|KRW|808500|20141128|1300|
C|005186|2014|50001135230006|001|4300001877|00910|UDEC0004|1|EA|546000|KRW|546000|20141128|1300|
C|005186|2014|50001135240001|001|4300001877|00770|UGCC0164|10|EA|99750|KRW|997500|20141128|1300|
C|005186|2014|50001135240002|001|4300001877|00780|UGBC0901|2|EA|135450|KRW|270900|20141128|1300|
C|005186|2014|50001135240003|001|4300001877|00790|UGCC0311|1|EA|59850|KRW|59850|20141128|1300|
C|005186|2014|50001135240004|001|4300001877|00920|UGCC0193|2|EA|99750|KRW|199500|20141128|1300|
C|005186|2014|50001135240005|001|4300001877|00990|UGCC0736|6|EA|156300|KRW|937800|20141128|1300|
C|005186|2014|50001135240006|001|4300001878|00200|UGCC0765|1|EA|98300|KRW|98300|20141128|1300|
C|005186|2014|50001135240007|001|4300001878|00250|UGCC0696|2|EA|94200|KRW|188400|20141128|1300|
C|005186|2014|50001135240008|001|4300001878|00340|UGCC0389|1|EA|51730|KRW|51730|20141128|1300|
C|005186|2014|50001135250001|001|4300001878|00010|UIEC0040|1|EA|3938|KRW|3938|20141128|1300|
C|005186|2014|50001135250002|001|4300001878|00350|UDDC0041|1|EA|1003700|KRW|1003700|20141128|1300|
C|005186|2014|50001135250003|001|4300001878|00370|UKBC0011|5|EA|4410|KRW|22050|20141128|1300|
C|005186|2014|50001135270001|001|4300001877|00230|KS061506|2|EA|7850|KRW|15700|20141128|1300|
C|005186|2014|50001135270002|001|4300001877|00240|KS064004|2|EA|16300|KRW|32600|20141128|1300|
C|005186|2014|50001135270003|001|4300001877|00250|KS066905|2|EA|2260|KRW|4520|20141128|1300|
C|005186|2014|50001135270004|001|4300001877|00260|KS067004|4|EA|2000|KRW|8000|20141128|1300|
C|005186|2014|50001135270005|001|4300001877|00270|KS067006|2|EA|3120|KRW|6240|20141128|1300|
C|005186|2014|50001135270006|001|4300001877|00280|KS067208|3|EA|7940|KRW|23820|20141128|1300|
C|005186|2014|50001135270007|001|4300001877|00290|KS067210|2|EA|14350|KRW|28700|20141128|1300|
C|005186|2014|50001135270008|001|4300001877|00300|KS080711|3|EA|32300|KRW|96900|20141128|1300|
C|005186|2014|50001135270009|001|4300001877|00420|KT080360|1|EA|5250|KRW|5250|20141128|1300|
C|005186|2014|50001135270010|001|4300001877|00490|UGBC0298|20|EA|510|KRW|10200|20141128|1300|
C|005186|2014|50001135270011|001|4300001877|00500|UDBC0168|20|EA|25|KRW|500|20141128|1300|
C|005186|2014|50001135270012|001|4300001877|00520|UDBC0592|1000|EA|21|KRW|21000|20141128|1300|
C|005186|2014|50001135270013|001|4300001877|00570|UEBC0897|6|EA|19700|KRW|118200|20141128|1300|
C|005186|2014|50001135270014|001|4300001877|00590|UDBC0652|100|EA|130|KRW|13000|20141128|1300|
C|005186|2014|50001135270015|001|4300001877|00620|UKBC0019|1|EA|150150|KRW|150150|20141128|1300|
C|005186|2014|50001135270016|001|4300001877|00800|UEBC0944|1000|EA|950|KRW|950000|20141128|1300|
C|005186|2014|50001135270017|001|4300001877|01000|UICC0007|10|EA|1580|KRW|15800|20141128|1300|
C|005186|2014|50001135270018|001|4300001878|00220|UEBC0363|10|EA|7670|KRW|76700|20141128|1300|
C|005186|2014|50001135270019|001|4300001878|00260|UEBC0665|1|EA|165850|KRW|165850|20141128|1300|
C|005186|2014|50001135270020|001|4300001878|00270|UDBC0842|20|EA|197|KRW|3940|20141128|1300|
C|005186|2014|50001135270021|001|4300001878|00280|UEBC0798|4|EA|24570|KRW|98280|20141128|1300|
C|005186|2014|50001135270022|001|4300001878|00300|UEBC0049|2|EA|266070|KRW|532140|20141128|1300|
C|005186|2014|50001135270023|001|4300001878|00310|UEBC0051|2|EA|271950|KRW|543900|20141128|1300|
C|005186|2014|50001135270024|001|4300001878|00320|UEBC0750|50|EA|1890|KRW|94500|20141128|1300|
C|005186|2014|50001135270025|001|4300001878|00330|UEBC0695|10|EA|33600|KRW|336000|20141128|1300|
C|005186|2014|50001135270026|001|4300001878|00360|UEBC1103|20|EA|9260|KRW|185200|20141128|1300|
C|005186|2014|50001135270027|001|4300001878|00380|UEBC0990|3|EA|38900|KRW|116700|20141128|1300|
C|005186|2014|50001135280001|001|4300001877|00960|UALC0108|12|EA|91210|KRW|1094520|20141128|1300|
C|005186|2014|50001135290001|001|4300001877|00650|UHTC0691|10|EA|35700|KRW|357000|20141128|1300|
C|005186|2014|50001135290002|001|4300001877|00980|UHTC0661|5|EA|56700|KRW|283500|20141128|1300|
C|005186|2014|50001135290003|001|4300001878|00170|UHTC0589|30|EA|20500|KRW|615000|20141128|1300|
C|005186|2014|50001135300001|001|4300001878|00030|UGBC0161|10|EA|420|KRW|4200|20141128|1300|
C|005186|2014|50001135300002|001|4300001878|00040|UGBC0165|10|EA|530|KRW|5300|20141128|1300|
C|005186|2014|50001135300003|001|4300001878|00050|UGBC0167|10|EA|860|KRW|8600|20141128|1300|
C|005186|2014|50001135300004|001|4300001878|00060|UGBC0208|5|EA|4410|KRW|22050|20141128|1300|
C|005186|2014|50001135300005|001|4300001878|00230|UCEC0012|5|EA|50400|KRW|252000|20141128|1300|
C|005186|2014|50001135300006|001|4300001878|00240|UJCC0053|10|EA|42000|KRW|420000|20141128|1300|
