C|005186|2013|50000484800001|001|4300000953|00010|UFGC0036|5|EA|4051|KRW|20255|20131230|1300|
C|005186|2013|50000484800002|001|4300000953|00020|UDFC0061|1|EA|27830|KRW|27830|20131230|1300|
C|005186|2013|50000484800003|001|4300000955|00010|UAHC0038|20|EA|7660|KRW|153200|20131230|1300|
C|005186|2013|50000484800004|001|4300000955|00020|UKAC0035|1|EA|229950|KRW|229950|20131230|1300|
C|005186|2013|50000484800005|001|4300000955|00030|UADC0095|8|EA|72730|KRW|581840|20131230|1300|
C|005186|2013|50000484800006|001|4300000957|00010|UEBC1128|2|EA|346000|KRW|692000|20131230|1300|
C|005186|2013|50000484800007|001|4300000957|00020|UAAC0009|1|EA|29700|KRW|29700|20131230|1300|
C|005186|2013|50000484800008|001|4300000957|00030|UKBC0007|6|EA|17540|KRW|105240|20131230|1300|
C|005186|2013|50000484800009|001|4300000957|00040|UEBC0566|5|EA|176400|KRW|882000|20131230|1300|
C|005186|2013|50000484800010|001|4300000957|00050|UAGC0028|2|EA|24100|KRW|48200|20131230|1300|
C|005186|2013|50000484800011|001|4300000957|00060|UAEC0171|10|EA|1780|KRW|17800|20131230|1300|
C|005186|2013|50000484800012|001|4300000957|00070|UAEC0172|10|EA|2200|KRW|22000|20131230|1300|
C|005186|2013|50000484800013|001|4300000957|00080|UICC0030|2|EA|7350|KRW|14700|20131230|1300|
C|005186|2013|50000484800014|001|4300000957|00090|UGCC0032|1|EA|36980|KRW|36980|20131230|1300|
C|005186|2013|50000484810001|001|4300000957|00100|UHFC0150|10|EA|49600|KRW|496000|20131230|1300|
C|005186|2013|50000484810002|001|4300000957|00110|UHHC0123|10|EA|19635|KRW|196350|20131230|1300|
C|005186|2013|50000484810003|001|4300000957|00120|UHNC0032|1|EA|293000|KRW|293000|20131230|1300|
C|005186|2013|50000484810004|001|4300000957|00130|UHNC0076|1|EA|350000|KRW|350000|20131230|1300|
C|005186|2013|50000484810005|001|4300000957|00140|UGAC0067|10|EA|41570|KRW|415700|20131230|1300|
C|005186|2013|50000484810006|001|4300000957|00150|UGAC0068|10|EA|33600|KRW|336000|20131230|1300|
C|005186|2013|50000484810007|001|4300000957|00160|UHHC0078|1|EA|573300|KRW|573300|20131230|1300|
C|005186|2013|50000484820001|001|4300000928|00160|UGBC1372|4|EA|131400|KRW|525600|20131230|1300|
C|005186|2013|50000484820002|001|4300000928|00170|UGBC1373|2|EA|145700|KRW|291400|20131230|1300|
C|005186|2013|50000484820003|001|4300000928|00180|UGBC1374|1|EA|89600|KRW|89600|20131230|1300|
C|005186|2013|50000484820004|001|4300000928|00190|UGBC1375|1|EA|112200|KRW|112200|20131230|1300|
C|005186|2013|50000484820005|001|4300000928|00200|UGCC0856|2|EA|112200|KRW|224400|20131230|1300|
C|005186|2013|50000484820006|001|4300000930|00020|UGBC0763|5|EA|2100|KRW|10500|20131230|1300|
C|005186|2013|50000484820007|001|4300000931|00050|UGCC0843|2|EA|227900|KRW|455800|20131230|1300|
C|005186|2013|50000484820008|001|4300000931|00060|UGCC0844|2|EA|91690|KRW|183380|20131230|1300|
C|005186|2013|50000484820009|001|4300000933|00010|UIDC0132|2|EA|126000|KRW|252000|20131230|1300|
C|005186|2013|50000484820010|001|4300000933|00020|UBBC0005|2|EA|308700|KRW|617400|20131230|1300|
C|005186|2013|50000484820011|001|4300000933|00030|UCAC0231|5|EA|21700|KRW|108500|20131230|1300|
C|005186|2013|50000484820012|001|4300000933|00040|UCAC0232|5|EA|41800|KRW|209000|20131230|1300|
C|005186|2013|50000484840001|001|4300000838|00040|UHGC0019|3|EA|248430|KRW|745290|20131230|1300|
C|005186|2013|50000484840002|001|4300000838|00050|UHBC0004|1|EA|523950|KRW|523950|20131230|1300|
C|005186|2013|50000484840003|001|4300000912|00010|UHGC0107|2|EA|342100|KRW|684200|20131230|1300|
C|005186|2013|50000484840004|001|4300000912|00020|UHNC0113|1|EA|772800|KRW|772800|20131230|1300|
C|005186|2013|50000484840005|001|4300000912|00030|UHGC0159|4|EA|50400|KRW|201600|20131230|1300|
C|005186|2013|50000484840006|001|4300000912|00040|UHGC0169|3|EA|50400|KRW|151200|20131230|1300|
C|005186|2013|50000484840007|001|4300000912|00060|UHGC0115|3|EA|28320|KRW|84960|20131230|1300|
C|005186|2013|50000484840008|001|4300000915|00010|KE030011|6|EA|8190|KRW|49140|20131230|1300|
C|005186|2013|50000484840009|001|4300000915|00020|KE030205|7|EA|31290|KRW|219030|20131230|1300|
C|005186|2013|50000484840010|001|4300000915|00030|KE030208|1|EA|57230|KRW|57230|20131230|1300|
C|005186|2013|50000484840011|001|4300000915|00040|KE030211|1|EA|145740|KRW|145740|20131230|1300|
C|005186|2013|50000484840012|001|4300000915|00050|KE050201|2|EA|8460|KRW|16920|20131230|1300|
C|005186|2013|50000484840013|001|4300000915|00060|KE050302|18|EA|1160|KRW|20880|20131230|1300|
C|005186|2013|50000484840014|001|4300000915|00070|KE050502|2|EA|10000|KRW|20000|20131230|1300|
C|005186|2013|50000484840015|001|4300000915|00080|KE050700|12|EA|2200|KRW|26400|20131230|1300|
C|005186|2013|50000484840016|001|4300000915|00090|KE050701|13|EA|2630|KRW|34190|20131230|1300|
C|005186|2013|50000484840017|001|4300000915|00100|KE050801|7|EA|1900|KRW|13300|20131230|1300|
C|005186|2013|50000484840018|001|4300000915|00110|KE090112|6|EA|16800|KRW|100800|20131230|1300|
C|005186|2013|50000484840019|001|4300000915|00120|KE090116|2|EA|28040|KRW|56080|20131230|1300|
C|005186|2013|50000484840020|001|4300000915|00130|KE090136|4|EA|28980|KRW|115920|20131230|1300|
C|005186|2013|50000484840021|001|4300000915|00140|KE090165|10|EA|165900|KRW|1659000|20131230|1300|
C|005186|2013|50000484840022|001|4300000915|00150|KE110100|4|EA|124000|KRW|496000|20131230|1300|
C|005186|2013|50000484840023|001|4300000915|00160|KE110200|10|EA|65100|KRW|651000|20131230|1300|
C|005186|2013|50000484840024|001|4300000915|00170|KE190001|6|EA|6300|KRW|37800|20131230|1300|
C|005186|2013|50000484840025|001|4300000915|00180|KE230003|129|EA|1870|KRW|241230|20131230|1300|
C|005186|2013|50000484840026|001|4300000915|00190|KE231001|38|EA|16150|KRW|613700|20131230|1300|
C|005186|2013|50000484840027|001|4300000915|00200|KE231200|5|EA|1580|KRW|7900|20131230|1300|
C|005186|2013|50000484840028|001|4300000915|00210|KE231406|16|EA|7140|KRW|114240|20131230|1300|
C|005186|2013|50000484840029|001|4300000915|00220|KE270300|80|EA|470|KRW|37600|20131230|1300|
C|005186|2013|50000484840030|001|4300000915|00230|KE281401|29|EA|840|KRW|24360|20131230|1300|
C|005186|2013|50000484840031|001|4300000915|00250|KS061502|10|EA|2970|KRW|29700|20131230|1300|
C|005186|2013|50000484840032|001|4300000915|00260|KS061503|10|EA|3150|KRW|31500|20131230|1300|
C|005186|2013|50000484840033|001|4300000915|00270|KS064002|2|EA|3650|KRW|7300|20131230|1300|
C|005186|2013|50000484840034|001|4300000915|00280|KS066901|10|EA|1290|KRW|12900|20131230|1300|
C|005186|2013|50000484840035|001|4300000915|00290|KS066904|2|EA|2000|KRW|4000|20131230|1300|
C|005186|2013|50000484840036|001|4300000915|00300|KS066905|3|EA|2260|KRW|6780|20131230|1300|
C|005186|2013|50000484840037|001|4300000915|00310|KS067001|4|EA|1400|KRW|5600|20131230|1300|
C|005186|2013|50000484840038|001|4300000915|00320|KS067004|2|EA|2000|KRW|4000|20131230|1300|
C|005186|2013|50000484840039|001|4300000915|00330|KS067007|3|EA|4100|KRW|12300|20131230|1300|
C|005186|2013|50000484840040|001|4300000915|00340|KS067207|2|EA|5780|KRW|11560|20131230|1300|
C|005186|2013|50000484840041|001|4300000915|00350|KS067208|2|EA|7940|KRW|15880|20131230|1300|
C|005186|2013|50000484840042|001|4300000915|00360|KS080702|1|EA|19850|KRW|19850|20131230|1300|
C|005186|2013|50000484840043|001|4300000915|00370|KS080705|3|EA|18500|KRW|55500|20131230|1300|
C|005186|2013|50000484840044|001|4300000915|00380|KS080721|2|EA|71710|KRW|143420|20131230|1300|
C|005186|2013|50000484840045|001|4300000915|00400|KS990009|3|EA|8820|KRW|26460|20131230|1300|
C|005186|2013|50000484840046|001|4300000915|00480|KT020020|1|EA|27800|KRW|27800|20131230|1300|
C|005186|2013|50000484840047|001|4300000915|00500|KT020700|10|EA|2680|KRW|26800|20131230|1300|
C|005186|2013|50000484840048|001|4300000915|00510|KT020704|20|EA|610|KRW|12200|20131230|1300|
C|005186|2013|50000484840049|001|4300000915|00530|KS061504|8|EA|4050|KRW|32400|20131230|1300|
C|005186|2013|50000484840050|001|4300000926|00130|UFJC0010|5|EA|58940|KRW|294700|20131230|1300|
C|005186|2013|50000484840051|001|4300000926|00140|UHFC0138|1|EA|165360|KRW|165360|20131230|1300|
C|005186|2013|50000484840052|001|4300000926|00150|UHAC0008|1|EA|893030|KRW|893030|20131230|1300|
C|005186|2013|50000484840053|001|4300000928|00020|UHGC0060|2|EA|16910|KRW|33820|20131230|1300|
C|005186|2013|50000484840054|001|4300000928|00030|UHTC0450|5|EA|3780|KRW|18900|20131230|1300|
C|005186|2013|50000484840055|001|4300000928|00050|UHDC0066|10|EA|99750|KRW|997500|20131230|1300|
C|005186|2013|50000484840056|001|4300000928|00060|UHGC0225|1|EA|195790|KRW|195790|20131230|1300|
C|005186|2013|50000484840057|001|4300000928|00070|UHGC0017|1|EA|504000|KRW|504000|20131230|1300|
C|005186|2013|50000484840058|001|4300000928|00100|UHTC0255|3|EA|6300|KRW|18900|20131230|1300|
