C|005186|2015|50001968780001|001|4300003737|00020|KS061506|2|EA|7850|KRW|15700|20151031|1300|
C|005186|2015|50001968780002|001|4300003737|00030|KS061508|4|EA|10510|KRW|42040|20151031|1300|
C|005186|2015|50001968780003|001|4300003737|00040|KS067004|4|EA|2000|KRW|8000|20151031|1300|
C|005186|2015|50001968780004|001|4300003737|00050|KS067006|3|EA|3120|KRW|9360|20151031|1300|
C|005186|2015|50001968780005|001|4300003737|00060|KS067404|4|EA|3930|KRW|15720|20151031|1300|
C|005186|2015|50001968780006|001|4300003737|00070|KS080711|3|EA|32300|KRW|96900|20151031|1300|
C|005186|2015|50001968780007|001|4300003798|00010|UKEC0017|1|EA|61200|KRW|61200|20151031|1300|
C|005186|2015|50001968780008|001|4300003798|00020|UKEC0021|40|EA|1520|KRW|60800|20151031|1300|
C|005186|2015|50001968780009|001|4300003798|00030|UKEC0013|40|EA|1530|KRW|61200|20151031|1300|
C|005186|2015|50001968780010|001|4300003798|00040|UAEC0133|2|EA|39630|KRW|79260|20151031|1300|
C|005186|2015|50001968780011|001|4300003798|00050|UAEC0134|2|EA|44950|KRW|89900|20151031|1300|
C|005186|2015|50001968780012|001|4300003798|00060|UAEC0135|2|EA|65100|KRW|130200|20151031|1300|
C|005186|2015|50001968780013|001|4300003811|00010|UICC0024|3|EA|6000|KRW|18000|20151031|1300|
C|005186|2015|50001968780014|001|4300003811|00020|UAEC0198|2|EA|7270|KRW|14540|20151031|1300|
C|005186|2015|50001968780015|001|4300003811|00030|UAEC0197|2|EA|7270|KRW|14540|20151031|1300|
C|005186|2015|50001968780016|001|4300003811|00040|UAEC0229|2|EA|3050|KRW|6100|20151031|1300|
C|005186|2015|50001968780017|001|4300003813|00010|UEBC1161|6|EA|290000|KRW|1740000|20151031|1300|
C|005186|2015|50001968780018|001|4300003814|00070|UJAC0001|300|EA|890|KRW|267000|20151031|1300|
C|005186|2015|50001968780019|001|4300003814|00080|UJAC0002|300|EA|890|KRW|267000|20151031|1300|
C|005186|2015|50001968780020|001|4300003816|00010|UEBC0063|1|EA|144900|KRW|144900|20151031|1300|
C|005186|2015|50001968780021|001|4300003816|00020|UAEC0249|20|EA|3450|KRW|69000|20151031|1300|
C|005186|2015|50001968780022|001|4300003817|00050|UDFC0164|50|EA|1155|KRW|57750|20151031|1300|
C|005186|2015|50001968780023|001|4300003818|00110|UKBC0010|2|EA|91480|KRW|182960|20151031|1300|
C|005186|2015|50001968780024|001|4300003823|00060|UAEC0028|2|EA|43370|KRW|86740|20151031|1300|
C|005186|2015|50001968780025|001|4300003823|00070|UAEC0426|2|EA|18375|KRW|36750|20151031|1300|
C|005186|2015|50001968780026|001|4300003823|00080|UAEC0364|2|EA|3160|KRW|6320|20151031|1300|
C|005186|2015|50001968780027|001|4300003824|00010|UDAC0012|200|EA|4220|KRW|844000|20151031|1300|
C|005186|2015|50001968780028|001|4300003824|00040|UEBC0155|100|EA|8230|KRW|823000|20151031|1300|
