C|005186|2015|50002143950001|001|4300004161|00090|UDDC0307|1|EA|253050|KRW|253050|20151231|1300|
C|005186|2015|50002143950002|001|4300004168|00030|UDFC0055|4|EA|13890|KRW|55560|20151231|1300|
C|005186|2015|50002143950003|001|4300004168|00060|UCIC0016|2|EA|37470|KRW|74940|20151231|1300|
C|005186|2015|50002143950004|001|4300004169|00020|UEBC0063|2|EA|144900|KRW|289800|20151231|1300|
C|005186|2015|50002143950005|001|4300004169|00030|UEBC0064|2|EA|181130|KRW|362260|20151231|1300|
C|005186|2015|50002143950006|001|4300004170|00010|UEBC0644|2|EA|938700|KRW|1877400|20151231|1300|
C|005186|2015|50002143950007|001|4300004172|00060|UGCC0021|2|EA|189530|KRW|379060|20151231|1300|
C|005186|2015|50002143950008|001|4300004173|00030|UCKC0050|5|EA|4700|KRW|23500|20151231|1300|
C|005186|2015|50002143950009|001|4300004173|00050|UDEC0098|100|EA|3360|KRW|336000|20151231|1300|
C|005186|2015|50002143950010|001|4300004177|00020|UIDC0134|1|EA|27160|KRW|27160|20151231|1300|
C|005186|2015|50002143950011|001|4300004177|00100|UZZC0105|2|EA|48400|KRW|96800|20151231|1300|
C|005186|2015|50002143950012|001|4300004181|00020|UAGC0373|5|EA|7480|KRW|37400|20151231|1300|
C|005186|2015|50002143960001|001|4300004153|00030|UEBC1250|2|EA|90100|KRW|180200|20151231|1300|
C|005186|2015|50002143960002|001|4300004153|00040|UEBC1251|2|EA|101800|KRW|203600|20151231|1300|
C|005186|2015|50002143960003|001|4300004154|00010|UCIC0191|2|EA|630700|KRW|1261400|20151231|1300|
C|005186|2015|50002143960004|001|4300004154|00040|UEBC1252|10|EA|3100|KRW|31000|20151231|1300|
C|005186|2015|50002143960005|001|4300004154|00060|UEBC1254|1|EA|296800|KRW|296800|20151231|1300|
C|005186|2015|50002143960006|001|4300004155|00010|UEBC1255|20|EA|4200|KRW|84000|20151231|1300|
C|005186|2015|50002143960007|001|4300004155|00020|UEBC1256|2|EA|28600|KRW|57200|20151231|1300|
C|005186|2015|50002143960008|001|4300004155|00090|UEBC1258|25|EA|48800|KRW|1220000|20151231|1300|
C|005186|2015|50002143960009|001|4300004156|00010|UCKC0116|4|EA|144200|KRW|576800|20151231|1300|
C|005186|2015|50002143960010|001|4300004156|00020|UCKC0117|2|EA|204600|KRW|409200|20151231|1300|
C|005186|2015|50002143960011|001|4300004156|00030|UEBC1259|4|EA|159000|KRW|636000|20151231|1300|
C|005186|2015|50002143960012|001|4300004156|00040|UEBC1260|4|EA|25400|KRW|101600|20151231|1300|
C|005186|2015|50002143960013|001|4300004159|00010|UDCC0041|6|EA|110950|KRW|665700|20151231|1300|
C|005186|2015|50002143960014|001|4300004159|00020|UEBC0542|4|EA|60900|KRW|243600|20151231|1300|
C|005186|2015|50002143960015|001|4300004159|00050|UAGC0058|4|EA|1190|KRW|4760|20151231|1300|
C|005186|2015|50002143960016|001|4300004159|00060|UEBC0250|2|EA|75600|KRW|151200|20151231|1300|
C|005186|2015|50002143960017|001|4300004159|00070|UDAC0059|4|EA|1480|KRW|5920|20151231|1300|
C|005186|2015|50002143960018|001|4300004159|00080|UDFC0014|1|EA|383250|KRW|383250|20151231|1300|
C|005186|2015|50002143960019|001|4300004160|00010|UDFC0016|1|EA|91350|KRW|91350|20151231|1300|
C|005186|2015|50002143960020|001|4300004160|00020|UEBC0364|4|EA|9430|KRW|37720|20151231|1300|
C|005186|2015|50002143960021|001|4300004160|00040|UDDC0129|30|EA|7560|KRW|226800|20151231|1300|
C|005186|2015|50002143960022|001|4300004160|00050|UDDC0334|10|EA|20900|KRW|209000|20151231|1300|
C|005186|2015|50002143960023|001|4300004161|00020|UEBC0798|5|EA|24570|KRW|122850|20151231|1300|
C|005186|2015|50002143960024|001|4300004161|00030|UDFC0106|10|EA|1370|KRW|13700|20151231|1300|
C|005186|2015|50002143960025|001|4300004161|00070|UDEC0047|1|EA|85680|KRW|85680|20151231|1300|
C|005186|2015|50002143960026|001|4300004161|00100|UEBC0247|3|EA|7310|KRW|21930|20151231|1300|
C|005186|2015|50002143960027|001|4300004161|00110|UEBC0043|1|EA|112460|KRW|112460|20151231|1300|
C|005186|2015|50002143960028|001|4300004161|00120|UEBC0587|4|EA|10980|KRW|43920|20151231|1300|
C|005186|2015|50002143960029|001|4300004161|00130|UDBC0772|2|EA|304790|KRW|609580|20151231|1300|
C|005186|2015|50002143960030|001|4300004162|00010|UDBC0770|2|EA|195486|KRW|390972|20151231|1300|
C|005186|2015|50002143960031|001|4300004162|00020|UHHC0136|2|EA|96600|KRW|193200|20151231|1300|
C|005186|2015|50002143960032|001|4300004162|00030|UDBC0804|2|EA|387200|KRW|774400|20151231|1300|
C|005186|2015|50002143960033|001|4300004162|00040|UDBC0805|2|EA|248000|KRW|496000|20151231|1300|
C|005186|2015|50002143960034|001|4300004163|00010|UEBC1129|3|EA|72900|KRW|218700|20151231|1300|
C|005186|2015|50002143960035|001|4300004163|00050|UEBC1247|20|EA|1600|KRW|32000|20151231|1300|
C|005186|2015|50002143960036|001|4300004163|00060|UDDC0323|3|EA|45500|KRW|136500|20151231|1300|
C|005186|2015|50002143960037|001|4300004163|00080|UAEC0315|5|EA|3850|KRW|19250|20151231|1300|
C|005186|2015|50002143960038|001|4300004163|00090|UAEC0316|3|EA|1312|KRW|3936|20151231|1300|
C|005186|2015|50002143960039|001|4300004163|00100|UAEC0317|3|EA|1523|KRW|4569|20151231|1300|
C|005186|2015|50002143960040|001|4300004163|00110|UEBC1196|2|EA|162000|KRW|324000|20151231|1300|
C|005186|2015|50002143960041|001|4300004165|00010|UEBC1165|6|EA|72500|KRW|435000|20151231|1300|
C|005186|2015|50002143960042|001|4300004165|00020|UEBC0035|4|EA|33600|KRW|134400|20151231|1300|
C|005186|2015|50002143960043|001|4300004165|00030|UDBC0169|100|EA|24|KRW|2400|20151231|1300|
C|005186|2015|50002143960044|001|4300004165|00040|UDBC0170|100|EA|27|KRW|2700|20151231|1300|
C|005186|2015|50002143960045|001|4300004165|00050|UDBC0644|100|EA|32|KRW|3200|20151231|1300|
C|005186|2015|50002143960046|001|4300004165|00060|UEBC1072|50|EA|5050|KRW|252500|20151231|1300|
C|005186|2015|50002143960047|001|4300004165|00070|UEBC1070|50|EA|4630|KRW|231500|20151231|1300|
C|005186|2015|50002143960048|001|4300004165|00080|UEBC1091|100|EA|420|KRW|42000|20151231|1300|
C|005186|2015|50002143960049|001|4300004165|00090|UEBC1069|100|EA|530|KRW|53000|20151231|1300|
C|005186|2015|50002143960050|001|4300004165|00100|UEBC1089|100|EA|2000|KRW|200000|20151231|1300|
C|005186|2015|50002143960051|001|4300004165|00130|UEBC1092|50|EA|2000|KRW|100000|20151231|1300|
C|005186|2015|50002143960052|001|4300004165|00140|UEBC0795|50|EA|6270|KRW|313500|20151231|1300|
C|005186|2015|50002143960053|001|4300004165|00150|UDFC0041|10|EA|1580|KRW|15800|20151231|1300|
C|005186|2015|50002143960054|001|4300004166|00010|UDBC0645|100|EA|38|KRW|3800|20151231|1300|
C|005186|2015|50002143960055|001|4300004166|00020|UDBC0648|100|EA|40|KRW|4000|20151231|1300|
C|005186|2015|50002143960056|001|4300004166|00030|UDBC0649|100|EA|40|KRW|4000|20151231|1300|
C|005186|2015|50002143960057|001|4300004166|00040|UDBC0657|100|EA|100|KRW|10000|20151231|1300|
C|005186|2015|50002143960058|001|4300004166|00050|UDBC0659|100|EA|108|KRW|10800|20151231|1300|
C|005186|2015|50002143960059|001|4300004166|00060|UDBC0651|100|EA|50|KRW|5000|20151231|1300|
C|005186|2015|50002143960060|001|4300004166|00070|UDBC0655|100|EA|55|KRW|5500|20151231|1300|
C|005186|2015|50002143960061|001|4300004166|00080|UDBC0827|100|EA|67|KRW|6700|20151231|1300|
C|005186|2015|50002143960062|001|4300004166|00090|UDBC0652|100|EA|130|KRW|13000|20151231|1300|
C|005186|2015|50002143960063|001|4300004166|00100|UDBC0654|100|EA|140|KRW|14000|20151231|1300|
C|005186|2015|50002143960064|001|4300004166|00150|UDDC0135|5|EA|18380|KRW|91900|20151231|1300|
C|005186|2015|50002143960065|001|4300004166|00160|UDDC0043|5|EA|89040|KRW|445200|20151231|1300|
C|005186|2015|50002143960066|001|4300004166|00170|UGAC0096|1|EA|862000|KRW|862000|20151231|1300|
