C|005186|2017|50003292540001|001|4300007083|00040|UDAC0175|2|EA|3150|KRW|6300|20170315|1300|
C|005186|2017|50003292540002|001|4300007095|00010|UIDC0005|2|EA|436510|KRW|873020|20170315|1300|
C|005186|2017|50003292540003|001|4300007116|00010|UHTC0548|30|EA|8470|KRW|254100|20170315|1300|
C|005186|2017|50003292540004|001|4300007120|00130|UDBC0330|2|EA|400|KRW|800|20170315|1300|
C|005186|2017|50003292540005|001|4300007120|00140|UDBC0899|1|EA|3040|KRW|3040|20170315|1300|
C|005186|2017|50003292540006|001|4300007120|00160|UKEC0108|1|EA|137020|KRW|137020|20170315|1300|
C|005186|2017|50003292540007|001|4300007120|00170|UGCC0891|1|EA|44200|KRW|44200|20170315|1300|
C|005186|2017|50003292540008|001|4300007120|00200|UGCC0614|5|EA|7350|KRW|36750|20170315|1300|
C|005186|2017|50003292540009|001|4300007120|00210|UKEC0108|1|EA|137020|KRW|137020|20170315|1300|
C|005186|2017|50003292550001|001|4300006980|00010|UDAC0347|700|EA|2650|KRW|1855000|20170315|1300|
C|005186|2017|50003292550002|001|4300007097|00020|UEBC0122|10|EA|3390|KRW|33900|20170315|1300|
C|005186|2017|50003292550003|001|4300007097|00030|UEBC0123|10|EA|4410|KRW|44100|20170315|1300|
C|005186|2017|50003292550004|001|4300007117|00010|UEBC0275|4|EA|7180|KRW|28720|20170315|1300|
C|005186|2017|50003292550005|001|4300007117|00020|UGCC0273|50|EA|2640|KRW|132000|20170315|1300|
C|005186|2017|50003292550006|001|4300007117|00040|UDFC0189|50|EA|3200|KRW|160000|20170315|1300|
C|005186|2017|50003292550007|001|4300007117|00070|UDDC0058|3|EA|49350|KRW|148050|20170315|1300|
C|005186|2017|50003292550008|001|4300007118|00010|UDAC0324|1|EA|63600|KRW|63600|20170315|1300|
C|005186|2017|50003292550009|001|4300007118|00020|UEBC0649|1|EA|124740|KRW|124740|20170315|1300|
C|005186|2017|50003292550010|001|4300007118|00030|UGBC1558|10|EA|5570|KRW|55700|20170315|1300|
C|005186|2017|50003292550011|001|4300007118|00040|UGBC1557|10|EA|4270|KRW|42700|20170315|1300|
C|005186|2017|50003292550012|001|4300007118|00050|UGBC1559|10|EA|5570|KRW|55700|20170315|1300|
C|005186|2017|50003292550013|001|4300007118|00060|UGBC1560|10|EA|7360|KRW|73600|20170315|1300|
C|005186|2017|50003292550014|001|4300007118|00070|UGBC1562|10|EA|8800|KRW|88000|20170315|1300|
C|005186|2017|50003292550015|001|4300007118|00080|UGBC1561|10|EA|10300|KRW|103000|20170315|1300|
C|005186|2017|50003292550016|001|4300007118|00090|UGBC1563|10|EA|11500|KRW|115000|20170315|1300|
C|005186|2017|50003292550017|001|4300007118|00100|UDFC0119|20|EA|2100|KRW|42000|20170315|1300|
C|005186|2017|50003292550018|001|4300007118|00110|UGCC0506|1|EA|24200|KRW|24200|20170315|1300|
C|005186|2017|50003292550019|001|4300007118|00120|UEBC0352|2|EA|86100|KRW|172200|20170315|1300|
C|005186|2017|50003292550020|001|4300007118|00150|UEBC0560|6|EA|55970|KRW|335820|20170315|1300|
C|005186|2017|50003292550021|001|4300007118|00200|UEBC0024|2|EA|68240|KRW|136480|20170315|1300|
C|005186|2017|50003292550022|001|4300007118|00220|UDBC0958|50|EA|303|KRW|15150|20170315|1300|
C|005186|2017|50003292550023|001|4300007118|00230|UDAC0352|10|EA|2120|KRW|21200|20170315|1300|
C|005186|2017|50003292550024|001|4300007118|00240|UEBC1336|2|EA|33630|KRW|67260|20170315|1300|
C|005186|2017|50003292550025|001|4300007118|00250|UEBC1337|2|EA|22910|KRW|45820|20170315|1300|
C|005186|2017|50003292550026|001|4300007118|00260|UDAC0353|2|EA|19000|KRW|38000|20170315|1300|
C|005186|2017|50003292550027|001|4300007118|00270|UDBC0911|6|EA|310|KRW|1860|20170315|1300|
C|005186|2017|50003292550028|001|4300007118|00280|UDBC0959|50|EA|954|KRW|47700|20170315|1300|
C|005186|2017|50003292550029|001|4300007118|00290|UEBC0990|1|EA|38900|KRW|38900|20170315|1300|
C|005186|2017|50003292550030|001|4300007119|00010|UEBC0017|12|EA|12130|KRW|145560|20170315|1300|
C|005186|2017|50003292550031|001|4300007119|00030|UEBC1290|2|EA|16500|KRW|33000|20170315|1300|
C|005186|2017|50003292550032|001|4300007119|00050|UEBC0304|1|EA|8670|KRW|8670|20170315|1300|
C|005186|2017|50003292550033|001|4300007119|00060|UDBC0421|12|EA|840|KRW|10080|20170315|1300|
C|005186|2017|50003292550034|001|4300007119|00070|UDAC0248|2|EA|1580|KRW|3160|20170315|1300|
C|005186|2017|50003292550035|001|4300007119|00080|UDAC0307|2|EA|4770|KRW|9540|20170315|1300|
C|005186|2017|50003292550036|001|4300007119|00090|UEBC1338|4|EA|88820|KRW|355280|20170315|1300|
C|005186|2017|50003292550037|001|4300007119|00100|UDAC0291|3|EA|1060|KRW|3180|20170315|1300|
C|005186|2017|50003292550038|001|4300007119|00120|UEBC0418|2|EA|20290|KRW|40580|20170315|1300|
C|005186|2017|50003292550039|001|4300007119|00130|UCKC0124|2|EA|116600|KRW|233200|20170315|1300|
C|005186|2017|50003292550040|001|4300007119|00140|UEBC1328|10|EA|2150|KRW|21500|20170315|1300|
C|005186|2017|50003292550041|001|4300007119|00150|UEBC1330|4|EA|9120|KRW|36480|20170315|1300|
C|005186|2017|50003292550042|001|4300007120|00090|UKBC0010|2|EA|91480|KRW|182960|20170315|1300|
C|005186|2017|50003292560001|001|4300007058|00020|UDAC0256|2|EA|120870|KRW|241740|20170315|1300|
C|005186|2017|50003292560002|001|4300007059|00060|UDBC0902|200|EA|32|KRW|6400|20170315|1300|
C|005186|2017|50003292560003|001|4300007059|00070|UDBC0401|200|EA|25|KRW|5000|20170315|1300|
C|005186|2017|50003292560004|001|4300007059|00140|UJAC0072|2|EA|12600|KRW|25200|20170315|1300|
C|005186|2017|50003292560005|001|4300007060|00020|UAGC0403|2|EA|39480|KRW|78960|20170315|1300|
C|005186|2017|50003292560006|001|4300007060|00030|UJAC0073|2|EA|13130|KRW|26260|20170315|1300|
C|005186|2017|50003292560007|001|4300007060|00070|UGCC0218|50|EA|2877|KRW|143850|20170315|1300|
C|005186|2017|50003292560008|001|4300007062|00050|UGCC0559|1|EA|15260|KRW|15260|20170315|1300|
C|005186|2017|50003292560009|001|4300007062|00110|UDBC0402|100|EA|53|KRW|5300|20170315|1300|
C|005186|2017|50003292560010|001|4300007088|00030|UAGC0038|50|EA|2710|KRW|135500|20170315|1300|
C|005186|2017|50003292560011|001|4300007090|00010|UEBC0879|5|EA|6200|KRW|31000|20170315|1300|
C|005186|2017|50003292560012|001|4300007091|00010|UFCC0002|3|EA|134030|KRW|402090|20170315|1300|
C|005186|2017|50003292560013|001|4300007091|00030|UKBC0010|1|EA|91480|KRW|91480|20170315|1300|
C|005186|2017|50003292560014|001|4300007091|00040|UEBC1033|6|EA|25050|KRW|150300|20170315|1300|
C|005186|2017|50003292560015|001|4300007092|00010|UAEC0366|2|EA|229400|KRW|458800|20170315|1300|
C|005186|2017|50003292560016|001|4300007092|00020|UKGC0008|7|EA|2940|KRW|20580|20170315|1300|
C|005186|2017|50003292560017|001|4300007092|00040|UAEC0056|2|EA|9000|KRW|18000|20170315|1300|
C|005186|2017|50003292560018|001|4300007092|00050|UAEC0197|2|EA|7270|KRW|14540|20170315|1300|
C|005186|2017|50003292560019|001|4300007092|00060|UAEC0198|2|EA|7270|KRW|14540|20170315|1300|
C|005186|2017|50003292560020|001|4300007092|00070|UAIC0019|1|EA|11900|KRW|11900|20170315|1300|
C|005186|2017|50003292560021|001|4300007092|00080|UAEC0079|1|EA|12075|KRW|12075|20170315|1300|
C|005186|2017|50003292560022|001|4300007093|00010|UAGC0028|10|EA|24100|KRW|241000|20170315|1300|
C|005186|2017|50003292560023|001|4300007093|00020|UZZC0097|1|EA|70760|KRW|70760|20170315|1300|
C|005186|2017|50003292560024|001|4300007093|00030|UGAC0065|1|EA|124800|KRW|124800|20170315|1300|
C|005186|2017|50003292560025|001|4300007093|00050|UDBC0842|50|EA|197|KRW|9850|20170315|1300|
C|005186|2017|50003292560026|001|4300007117|00050|UJAC0072|2|EA|12600|KRW|25200|20170315|1300|
C|005186|2017|50003292560027|001|4300007117|00060|UJAC0073|2|EA|13130|KRW|26260|20170315|1300|
C|005186|2017|50003292560028|001|4300007120|00020|UAGC0210|50|EA|370|KRW|18500|20170315|1300|
C|005186|2017|50003292560029|001|4300007120|00030|UAGC0204|50|EA|370|KRW|18500|20170315|1300|
C|005186|2017|50003292560030|001|4300007120|00040|UAGC0205|50|EA|370|KRW|18500|20170315|1300|
C|005186|2017|50003292560031|001|4300007120|00060|UAGC0207|50|EA|370|KRW|18500|20170315|1300|
C|005186|2017|50003292560032|001|4300007120|00070|UAGC0208|50|EA|370|KRW|18500|20170315|1300|
C|005186|2017|50003292560033|001|4300007120|00080|UAGC0209|100|EA|370|KRW|37000|20170315|1300|
C|005186|2017|50003292560034|001|4300007120|00100|UAEC0350|6|EA|6646|KRW|39876|20170315|1300|
C|005186|2017|50003292560035|001|4300007120|00110|UAEC0349|6|EA|6963|KRW|41778|20170315|1300|
C|005186|2017|50003292560036|001|4300007120|00120|UAEC0346|6|EA|8630|KRW|51780|20170315|1300|
C|005186|2017|50003292560037|001|4300007120|00190|UAAC0032|5|EA|8798|KRW|43990|20170315|1300|
C|005186|2017|50003292570001|001|4300007094|00010|UZZC0161|5|EA|300000|KRW|1500000|20170315|1300|
C|005186|2017|50003292580001|001|4300007059|00050|UDDC0005|1|EA|5670|KRW|5670|20170315|1300|
C|005186|2017|50003292580002|001|4300007059|00100|UDDC0359|2|EA|47760|KRW|95520|20170315|1300|
C|005186|2017|50003292580003|001|4300007060|00060|UDEC0035|1|EA|100800|KRW|100800|20170315|1300|
C|005186|2017|50003292580004|001|4300007062|00100|UIDC0087|2|EA|185260|KRW|370520|20170315|1300|
C|005186|2017|50003292580005|001|4300007092|00030|UHTC0486|2|EA|46410|KRW|92820|20170315|1300|
C|005186|2017|50003292580006|001|4300007120|00180|UFGC0048|3|EA|274000|KRW|822000|20170315|1300|
C|005186|2017|50003292590001|001|4300007058|00030|UAGC0193|100|EA|3255|KRW|325500|20170315|1300|
C|005186|2017|50003292590002|001|4300007058|00040|UEBC0759|10|EA|2310|KRW|23100|20170315|1300|
C|005186|2017|50003292590003|001|4300007058|00050|UAGC0440|10|EA|5570|KRW|55700|20170315|1300|
C|005186|2017|50003292590004|001|4300007059|00010|UAGC0136|10|EA|6980|KRW|69800|20170315|1300|
C|005186|2017|50003292590005|001|4300007059|00020|UAGC0441|10|EA|8020|KRW|80200|20170315|1300|
C|005186|2017|50003292590006|001|4300007059|00030|UAGC0438|10|EA|10730|KRW|107300|20170315|1300|
C|005186|2017|50003292590007|001|4300007059|00040|UAGC0142|10|EA|14640|KRW|146400|20170315|1300|
C|005186|2017|50003292590008|001|4300007059|00080|UEBC0919|10|EA|18010|KRW|180100|20170315|1300|
C|005186|2017|50003292590009|001|4300007059|00090|UDCC0040|1|EA|239470|KRW|239470|20170315|1300|
C|005186|2017|50003292590010|001|4300007059|00110|UDDC0131|10|EA|24360|KRW|243600|20170315|1300|
C|005186|2017|50003292590011|001|4300007059|00150|UEBC1159|5|EA|134600|KRW|673000|20170315|1300|
C|005186|2017|50003292590012|001|4300007060|00010|UEBC1265|5|EA|265000|KRW|1325000|20170315|1300|
C|005186|2017|50003292590013|001|4300007060|00040|UEBC0649|1|EA|124740|KRW|124740|20170315|1300|
C|005186|2017|50003292590014|001|4300007060|00050|UEBC0178|2|EA|72450|KRW|144900|20170315|1300|
C|005186|2017|50003292590015|001|4300007061|00010|UEBC0561|1|EA|185260|KRW|185260|20170315|1300|
C|005186|2017|50003292590016|001|4300007062|00090|UEBC1167|1|EA|46850|KRW|46850|20170315|1300|
C|005186|2017|50003292590017|001|4300007117|00030|UAGC0193|100|EA|3255|KRW|325500|20170315|1300|
C|005186|2017|50003292590018|001|4300007118|00130|UAGC0310|1|EA|15750|KRW|15750|20170315|1300|
C|005186|2017|50003292590019|001|4300007118|00140|UIDC0092|1|EA|1530|KRW|1530|20170315|1300|
C|005186|2017|50003292590020|001|4300007118|00160|UGBC1568|30|EA|2000|KRW|60000|20170315|1300|
C|005186|2017|50003292590021|001|4300007118|00170|UGBC1569|20|EA|3160|KRW|63200|20170315|1300|
C|005186|2017|50003292590022|001|4300007118|00180|UGBC1566|30|EA|1790|KRW|53700|20170315|1300|
C|005186|2017|50003292590023|001|4300007118|00190|UGBC1567|10|EA|2430|KRW|24300|20170315|1300|
C|005186|2017|50003292590024|001|4300007118|00210|UAEC0457|2|EA|1260|KRW|2520|20170315|1300|
C|005186|2017|50003292590025|001|4300007119|00020|UAJC0040|2|EA|44840|KRW|89680|20170315|1300|
C|005186|2017|50003292590026|001|4300007119|00040|UAEC0445|1|EA|23640|KRW|23640|20170315|1300|
C|005186|2017|50003292590027|001|4300007119|00110|UAGC0193|100|EA|3255|KRW|325500|20170315|1300|
C|005186|2017|50003292590028|001|4300007119|00160|UDEC0016|4|EA|9470|KRW|37880|20170315|1300|
C|005186|2017|50003292600001|001|4300007088|00010|UDAC0012|300|EA|4220|KRW|1266000|20170315|1300|
C|005186|2017|50003292600002|001|4300007088|00020|UAEC0357|100|EA|5790|KRW|579000|20170315|1300|
C|005186|2017|50003292600003|001|4300007089|00010|UAEC0372|100|EA|13125|KRW|1312500|20170315|1300|
C|005186|2017|50003292600004|001|4300007089|00020|UAEC0414|100|EA|5830|KRW|583000|20170315|1300|
C|005186|2017|50003292600005|001|4300007090|00020|UGCC0894|300|EA|4220|KRW|1266000|20170315|1300|
C|005186|2017|50003292600006|001|4300007090|00030|UDEC0098|100|EA|3360|KRW|336000|20170315|1300|
C|005186|2017|50003292600007|001|4300007092|00090|UEBC0064|2|EA|181130|KRW|362260|20170315|1300|
C|005186|2017|50003292600008|001|4300007092|00100|UGBC0955|50|EA|3680|KRW|184000|20170315|1300|
C|005186|2017|50003292620001|001|4300007022|00040|UHTC0739|3|EA|400000|KRW|1200000|20170315|1300|
C|005186|2017|50003292640001|001|4300007081|00010|UCIC0076|1|EA|726320|KRW|726320|20170315|1300|
C|005186|2017|50003292640002|001|4300007081|00020|UCIC0068|1|EA|556500|KRW|556500|20170315|1300|
C|005186|2017|50003292640003|001|4300007083|00030|UBCC0039|5|EA|18900|KRW|94500|20170315|1300|
C|005186|2017|50003292640004|001|4300007084|00020|UGBC1459|1|EA|211000|KRW|211000|20170315|1300|
C|005186|2017|50003292640005|001|4300007084|00030|UCIC0042|2|EA|143100|KRW|286200|20170315|1300|
C|005186|2017|50003292640006|001|4300007084|00040|UCIC0116|2|EA|84300|KRW|168600|20170315|1300|
C|005186|2017|50003292650001|001|4300007059|00120|UGCC0866|2|EA|27500|KRW|55000|20170315|1300|
C|005186|2017|50003292650002|001|4300007061|00020|UGBC0094|2|EA|890000|KRW|1780000|20170315|1300|
C|005186|2017|50003292650003|001|4300007062|00010|UGCC0690|2|EA|44750|KRW|89500|20170315|1300|
C|005186|2017|50003292650004|001|4300007062|00020|UGCC1067|2|EA|202000|KRW|404000|20170315|1300|
C|005186|2017|50003292650005|001|4300007062|00030|UGCC1041|3|EA|119780|KRW|359340|20170315|1300|
C|005186|2017|50003292650006|001|4300007062|00040|UGCC0295|1|EA|61950|KRW|61950|20170315|1300|
C|005186|2017|50003292650007|001|4300007062|00060|UGCC1184|4|EA|83300|KRW|333200|20170315|1300|
C|005186|2017|50003292650008|001|4300007062|00070|UGCC1175|2|EA|47200|KRW|94400|20170315|1300|
C|005186|2017|50003292650009|001|4300007062|00080|UGCC1139|2|EA|51400|KRW|102800|20170315|1300|
C|005186|2017|50003292650010|001|4300007082|00010|UHGC0294|5|EA|96460|KRW|482300|20170315|1300|
C|005186|2017|50003292650011|001|4300007082|00020|UHGC0012|3|EA|66150|KRW|198450|20170315|1300|
C|005186|2017|50003292650012|001|4300007082|00030|UHGC0312|3|EA|38902|KRW|116706|20170315|1300|
C|005186|2017|50003292650013|001|4300007082|00040|UHFC0356|3|EA|50400|KRW|151200|20170315|1300|
C|005186|2017|50003292650014|001|4300007082|00050|UHGC0188|5|EA|34650|KRW|173250|20170315|1300|
C|005186|2017|50003292650015|001|4300007082|00060|UHTC0403|4|EA|89400|KRW|357600|20170315|1300|
C|005186|2017|50003292650016|001|4300007082|00070|UHTC0287|4|EA|16200|KRW|64800|20170315|1300|
C|005186|2017|50003292650017|001|4300007091|00020|UCKC0037|80|EA|14050|KRW|1124000|20170315|1300|
C|005186|2017|50003292650018|001|4300007091|00050|UHHC0164|2|EA|111830|KRW|223660|20170315|1300|
C|005186|2017|50003292650019|001|4300007093|00040|UCKC0035|15|EA|44520|KRW|667800|20170315|1300|
C|005186|2017|50003292650020|001|4300007096|00010|UHGC0254|1|EA|800000|KRW|800000|20170315|1300|
C|005186|2017|50003292650021|001|4300007096|00020|UHFC0438|5|EA|14098|KRW|70490|20170315|1300|
C|005186|2017|50003292650022|001|4300007096|00030|UHFC0437|5|EA|12720|KRW|63600|20170315|1300|
C|005186|2017|50003292650023|001|4300007096|00040|UHFC0049|2|EA|22050|KRW|44100|20170315|1300|
C|005186|2017|50003292650024|001|4300007096|00050|UGAC0102|2|EA|32700|KRW|65400|20170315|1300|
C|005186|2017|50003292650025|001|4300007096|00060|UHFC0327|1|EA|315000|KRW|315000|20170315|1300|
C|005186|2017|50003292650026|001|4300007097|00010|UHHC0014|1|EA|878960|KRW|878960|20170315|1300|
C|005186|2017|50003292650027|001|4300007120|00150|UGCC0730|50|EA|5260|KRW|263000|20170315|1300|
