C|005186|2021|50006204760001|001|4300019286|00010|UHDC0071|5|EA|117600|KRW|588000|20210218|1300|
C|005186|2021|50006204760002|001|4300019286|00020|UHFC0015|5|EA|92700|KRW|463500|20210218|1300|
C|005186|2021|50006204760003|001|4300019286|00030|UHTC0189|1|EA|255150|KRW|255150|20210218|1300|
C|005186|2021|50006204760004|001|4300019286|00040|UHTC0031|2|EA|239000|KRW|478000|20210218|1300|
C|005186|2021|50006204760005|001|4300019287|00010|UHFC0246|1|EA|1848000|KRW|1848000|20210218|1300|
C|005186|2021|50006204760006|001|4300019339|00010|UHNC0046|2|EA|246750|KRW|493500|20210218|1300|
C|005186|2021|50006204760007|001|4300019339|00020|UHNC0144|20|EA|74200|KRW|1484000|20210218|1300|
C|005186|2021|50006204760008|001|4300019340|00010|UHNC0136|1|EA|947380|KRW|947380|20210218|1300|
C|005186|2021|50006204760009|001|4300019340|00020|UHNC0142|2|EA|185500|KRW|371000|20210218|1300|
C|005186|2021|50006204760010|001|4300019340|00030|UHBC0018|1|EA|547400|KRW|547400|20210218|1300|
C|005186|2021|50006204760011|001|4300019341|00010|UHDC0041|20|EA|65100|KRW|1302000|20210218|1300|
C|005186|2021|50006204760012|001|4300019341|00020|UHFC0408|30|EA|2530|KRW|75900|20210218|1300|
C|005186|2021|50006204760013|001|4300019341|00030|UHTC0227|2|EA|234260|KRW|468520|20210218|1300|
C|005186|2021|50006204760014|001|4300019342|00010|UHNC0105|2|EA|484000|KRW|968000|20210218|1300|
C|005186|2021|50006204760015|001|4300019342|00020|UHOC0003|2|EA|310800|KRW|621600|20210218|1300|
C|005186|2021|50006204760016|001|4300019363|00010|UHGC0131|1|EA|606900|KRW|606900|20210218|1300|
C|005186|2021|50006204760017|001|4300019363|00020|UGAC0007|10|EA|49140|KRW|491400|20210218|1300|
C|005186|2021|50006204760018|001|4300019363|00030|UHGC0124|20|EA|22100|KRW|442000|20210218|1300|
C|005186|2021|50006204760019|001|4300019363|00040|UHTC0827|10|EA|10540|KRW|105400|20210218|1300|
C|005186|2021|50006204760020|001|4300019363|00050|UHFC0447|5|EA|18980|KRW|94900|20210218|1300|
C|005186|2021|50006204760021|001|4300019364|00010|UHDC0066|10|EA|99750|KRW|997500|20210218|1300|
C|005186|2021|50006204760022|001|4300019364|00020|UHFC0164|100|EA|210|KRW|21000|20210218|1300|
C|005186|2021|50006204760023|001|4300019364|00030|UHCC0039|2|EA|395800|KRW|791600|20210218|1300|
C|005186|2021|50006204760024|001|4300019365|00010|UHDC0260|2|EA|660000|KRW|1320000|20210218|1300|
C|005186|2021|50006204760025|001|4300019365|00020|UHFC0338|1|EA|141750|KRW|141750|20210218|1300|
C|005186|2021|50006204760026|001|4300019365|00030|UHFC0347|30|EA|2630|KRW|78900|20210218|1300|
C|005186|2021|50006204760027|001|4300019365|00040|UHFC0291|2|EA|31500|KRW|63000|20210218|1300|
C|005186|2021|50006204770001|001|4300019405|00010|UGCC0914|100|EA|12700|KRW|1270000|20210218|1300|
C|005186|2021|50006204770002|001|4300019412|00020|UCHC0027|2|EA|68500|KRW|137000|20210218|1300|
C|005186|2021|50006204770003|001|4300019484|00010|UHFC0148|20|EA|27700|KRW|554000|20210218|1300|
C|005186|2021|50006204780001|001|4300019499|00060|UAGC0023|50|EA|1660|KRW|83000|20210218|1300|
C|005186|2021|50006204790001|001|4300019494|00010|KS061503|8|EA|3150|KRW|25200|20210218|1300|
C|005186|2021|50006204790002|001|4300019494|00020|KS061506|4|EA|7850|KRW|31400|20210218|1300|
C|005186|2021|50006204790003|001|4300019494|00030|KS061508|4|EA|10510|KRW|42040|20210218|1300|
C|005186|2021|50006204790004|001|4300019494|00040|KS066900|5|EA|1290|KRW|6450|20210218|1300|
C|005186|2021|50006204790005|001|4300019494|00050|KS067007|2|EA|4100|KRW|8200|20210218|1300|
C|005186|2021|50006204790006|001|4300019494|00060|KS067205|5|EA|3290|KRW|16450|20210218|1300|
C|005186|2021|50006204790007|001|4300019494|00070|KS067206|2|EA|4480|KRW|8960|20210218|1300|
C|005186|2021|50006204790008|001|4300019494|00080|KS080705|4|EA|18500|KRW|74000|20210218|1300|
C|005186|2021|50006204790009|001|4300019494|00090|KS080711|6|EA|32300|KRW|193800|20210218|1300|
C|005186|2021|50006204800001|001|4300019499|00020|UEBC1728|2|EA|39690|KRW|79380|20210218|1300|
C|005186|2021|50006204800002|001|4300019499|00040|UEBC1114|2|EA|87980|KRW|175960|20210218|1300|
C|005186|2021|50006204800003|001|4300019499|00050|UEBC0724|1|EA|19110|KRW|19110|20210218|1300|
C|005186|2021|50006204800004|001|4300019499|00080|UKAC0016|1|EA|35700|KRW|35700|20210218|1300|
C|005186|2021|50006204800005|001|4300019499|00090|UEBC0956|1|EA|65520|KRW|65520|20210218|1300|
C|005186|2021|50006204800006|001|4300019500|00030|UDAC0384|50|EA|3170|KRW|158500|20210218|1300|
C|005186|2021|50006204800007|001|4300019500|00040|UEBC0311|10|EA|36420|KRW|364200|20210218|1300|
C|005186|2021|50006204800008|001|4300019500|00050|UEBC0392|6|EA|38850|KRW|233100|20210218|1300|
C|005186|2021|50006204800009|001|4300019500|00060|UDAC0264|10|EA|50500|KRW|505000|20210218|1300|
C|005186|2021|50006204800010|001|4300019501|00010|UKBC0049|200|EA|7420|KRW|1484000|20210218|1300|
C|005186|2021|50006204800011|001|4300019502|00010|UEBC1065|20|EA|4160|KRW|83200|20210218|1300|
C|005186|2021|50006204800012|001|4300019502|00020|UEBC1485|4|EA|51100|KRW|204400|20210218|1300|
C|005186|2021|50006204800013|001|4300019502|00030|UEBC1279|3|EA|146000|KRW|438000|20210218|1300|
C|005186|2021|50006204800014|001|4300019503|00010|UEBC0630|4|EA|29260|KRW|117040|20210218|1300|
C|005186|2021|50006204800015|001|4300019503|00020|UEBC1451|4|EA|179000|KRW|716000|20210218|1300|
C|005186|2021|50006204800016|001|4300019503|00050|UDDC0176|5|EA|56010|KRW|280050|20210218|1300|
C|005186|2021|50006204800017|001|4300019503|00060|UGCC0073|1|EA|136500|KRW|136500|20210218|1300|
C|005186|2021|50006204800018|001|4300019503|00080|UEBC0169|10|EA|15230|KRW|152300|20210218|1300|
C|005186|2021|50006204800019|001|4300019503|00090|UDAC0377|1|EA|8480|KRW|8480|20210218|1300|
C|005186|2021|50006204800020|001|4300019503|00100|UEBC1310|5|EA|11872|KRW|59360|20210218|1300|
C|005186|2021|50006204800021|001|4300019504|00020|UEAC1122|1|EA|1135000|KRW|1135000|20210218|1300|
C|005186|2021|50006204800022|001|4300019505|00080|UGCC0507|1|EA|24200|KRW|24200|20210218|1300|
C|005186|2021|50006204800023|001|4300019505|00090|UDBC0646|300|EA|47|KRW|14100|20210218|1300|
C|005186|2021|50006204800024|001|4300019505|00100|UDBC1021|300|EA|32|KRW|9600|20210218|1300|
C|005186|2021|50006204800025|001|4300019505|00110|UDBC1022|300|EA|53|KRW|15900|20210218|1300|
C|005186|2021|50006204800026|001|4300019505|00120|UDBC0827|200|EA|67|KRW|13400|20210218|1300|
C|005186|2021|50006204800027|001|4300019505|00130|UDBC0954|200|EA|48|KRW|9600|20210218|1300|
C|005186|2021|50006204800028|001|4300019505|00140|UDBC0933|200|EA|55|KRW|11000|20210218|1300|
C|005186|2021|50006204800029|001|4300019505|00150|UDBC0658|200|EA|280|KRW|56000|20210218|1300|
C|005186|2021|50006204800030|001|4300019505|00160|UDBC0660|200|EA|265|KRW|53000|20210218|1300|
C|005186|2021|50006204800031|001|4300019505|00170|UDBC1018|100|EA|116|KRW|11600|20210218|1300|
C|005186|2021|50006204800032|001|4300019507|00010|UDBC0404|500|EA|52|KRW|26000|20210218|1300|
C|005186|2021|50006204800033|001|4300019507|00020|UDBC0406|500|EA|73|KRW|36500|20210218|1300|
C|005186|2021|50006204800034|001|4300019507|00030|UDBC0419|300|EA|80|KRW|24000|20210218|1300|
C|005186|2021|50006204800035|001|4300019507|00040|UDBC0423|300|EA|75|KRW|22500|20210218|1300|
C|005186|2021|50006204800036|001|4300019507|00050|UDBC0425|300|EA|85|KRW|25500|20210218|1300|
C|005186|2021|50006204800037|001|4300019507|00060|UDBC0429|300|EA|159|KRW|47700|20210218|1300|
C|005186|2021|50006204800038|001|4300019507|00070|UDBC0434|300|EA|220|KRW|66000|20210218|1300|
C|005186|2021|50006204800039|001|4300019507|00080|UDBC1090|200|EA|40|KRW|8000|20210218|1300|
C|005186|2021|50006204800040|001|4300019507|00090|UDBC0582|500|EA|63|KRW|31500|20210218|1300|
C|005186|2021|50006204800041|001|4300019507|00100|UDBC0585|500|EA|80|KRW|40000|20210218|1300|
C|005186|2021|50006204800042|001|4300019507|00110|UDBC0586|500|EA|95|KRW|47500|20210218|1300|
C|005186|2021|50006204800043|001|4300019507|00120|UDBC0057|500|EA|155|KRW|77500|20210218|1300|
C|005186|2021|50006204800044|001|4300019507|00130|UDBC0593|500|EA|70|KRW|35000|20210218|1300|
C|005186|2021|50006204800045|001|4300019507|00140|UDBC0058|500|EA|82|KRW|41000|20210218|1300|
C|005186|2021|50006204800046|001|4300019507|00150|UDBC0059|500|EA|82|KRW|41000|20210218|1300|
C|005186|2021|50006204800047|001|4300019507|00160|UDBC0060|500|EA|106|KRW|53000|20210218|1300|
C|005186|2021|50006204800048|001|4300019507|00170|UDBC0618|300|EA|160|KRW|48000|20210218|1300|
C|005186|2021|50006204800049|001|4300019507|00180|UDBC0061|100|EA|226|KRW|22600|20210218|1300|
C|005186|2021|50006204800050|001|4300019507|00190|UDBC0951|500|EA|16|KRW|8000|20210218|1300|
C|005186|2021|50006204800051|001|4300019507|00200|UDBC0223|1000|EA|21|KRW|21000|20210218|1300|
C|005186|2021|50006204800052|001|4300019507|00210|UDBC0227|500|EA|21|KRW|10500|20210218|1300|
C|005186|2021|50006204800053|001|4300019507|00220|UDBC0953|500|EA|43|KRW|21500|20210218|1300|
C|005186|2021|50006204800054|001|4300019507|00230|UDBC0216|200|EA|38|KRW|7600|20210218|1300|
C|005186|2021|50006204800055|001|4300019507|00240|UDBC1002|200|EA|56|KRW|11200|20210218|1300|
C|005186|2021|50006204800056|001|4300019507|00250|UDBC1005|300|EA|105|KRW|31500|20210218|1300|
C|005186|2021|50006204800057|001|4300019507|00260|UDBC0231|500|EA|53|KRW|26500|20210218|1300|
C|005186|2021|50006204800058|001|4300019507|00270|UDBC1008|500|EA|98|KRW|49000|20210218|1300|
C|005186|2021|50006204800059|001|4300019507|00280|UEBC0775|50|EA|920|KRW|46000|20210218|1300|
C|005186|2021|50006204800060|001|4300019507|00290|UEBC0782|50|EA|1055|KRW|52750|20210218|1300|
C|005186|2021|50006204800061|001|4300019507|00300|UEBC0789|50|EA|2450|KRW|122500|20210218|1300|
C|005186|2021|50006204800062|001|4300019507|00310|UEBC1232|50|EA|4770|KRW|238500|20210218|1300|
C|005186|2021|50006204800063|001|4300019507|00320|UEBC0769|50|EA|1890|KRW|94500|20210218|1300|
C|005186|2021|50006204800064|001|4300019508|00010|UKBC0049|200|EA|7420|KRW|1484000|20210218|1300|
C|005186|2021|50006204800065|001|4300019509|00010|UEBC1707|1|EA|735000|KRW|735000|20210218|1300|
C|005186|2021|50006204800066|001|4300019509|00030|UDDC0260|1|EA|143330|KRW|143330|20210218|1300|
C|005186|2021|50006204800067|001|4300019510|00010|UDBC0735|500|EA|8|KRW|4000|20210218|1300|
C|005186|2021|50006204800068|001|4300019510|00020|UDBC0746|500|EA|9|KRW|4500|20210218|1300|
C|005186|2021|50006204800069|001|4300019510|00030|UDBC1111|300|EA|40|KRW|12000|20210218|1300|
C|005186|2021|50006204800070|001|4300019510|00040|UDBC1125|300|EA|50|KRW|15000|20210218|1300|
C|005186|2021|50006204800071|001|4300019510|00050|UDBC0917|300|EA|27|KRW|8100|20210218|1300|
C|005186|2021|50006204800072|001|4300019510|00060|UDBC0645|300|EA|38|KRW|11400|20210218|1300|
C|005186|2021|50006204800073|001|4300019510|00070|UDBC1009|300|EA|26|KRW|7800|20210218|1300|
C|005186|2021|50006204800074|001|4300019510|00080|UDBC1010|300|EA|28|KRW|8400|20210218|1300|
C|005186|2021|50006204800075|001|4300019510|00090|UDBC0647|200|EA|32|KRW|6400|20210218|1300|
C|005186|2021|50006204800076|001|4300019510|00100|UDBC0649|200|EA|40|KRW|8000|20210218|1300|
C|005186|2021|50006204800077|001|4300019510|00110|UDBC1012|200|EA|37|KRW|7400|20210218|1300|
C|005186|2021|50006204800078|001|4300019510|00120|UDBC0651|100|EA|50|KRW|5000|20210218|1300|
C|005186|2021|50006204800079|001|4300019510|00130|UDBC0655|100|EA|55|KRW|5500|20210218|1300|
C|005186|2021|50006204800080|001|4300019510|00140|UDBC0656|100|EA|60|KRW|6000|20210218|1300|
C|005186|2021|50006204800081|001|4300019510|00150|UDBC0720|300|EA|59|KRW|17700|20210218|1300|
C|005186|2021|50006204800082|001|4300019510|00160|UDBC0424|300|EA|72|KRW|21600|20210218|1300|
C|005186|2021|50006204800083|001|4300019510|00170|UDBC0426|300|EA|75|KRW|22500|20210218|1300|
C|005186|2021|50006204800084|001|4300019510|00180|UDBC0428|300|EA|82|KRW|24600|20210218|1300|
C|005186|2021|50006204800085|001|4300019510|00190|UDBC0440|300|EA|87|KRW|26100|20210218|1300|
C|005186|2021|50006204800086|001|4300019510|00200|UDBC0392|100|EA|190|KRW|19000|20210218|1300|
C|005186|2021|50006204800087|001|4300019510|00210|UDBC0394|100|EA|210|KRW|21000|20210218|1300|
C|005186|2021|50006204800088|001|4300019510|00220|UDBC1155|500|EA|40|KRW|20000|20210218|1300|
C|005186|2021|50006204800089|001|4300019510|00230|UDBC0594|300|EA|34|KRW|10200|20210218|1300|
C|005186|2021|50006204800090|001|4300019510|00240|UDBC0598|300|EA|34|KRW|10200|20210218|1300|
C|005186|2021|50006204800091|001|4300019510|00250|UDBC0623|200|EA|80|KRW|16000|20210218|1300|
C|005186|2021|50006204800092|001|4300019510|00260|UDBC1069|200|EA|110|KRW|22000|20210218|1300|
C|005186|2021|50006204800093|001|4300019510|00270|UDBC0879|400|EA|95|KRW|38000|20210218|1300|
C|005186|2021|50006204800094|001|4300019510|00280|UDBC0512|200|EA|250|KRW|50000|20210218|1300|
C|005186|2021|50006204800095|001|4300019510|00290|UDBC0802|500|EA|11|KRW|5500|20210218|1300|
C|005186|2021|50006204800096|001|4300019510|00300|UDBC0317|500|EA|9|KRW|4500|20210218|1300|
C|005186|2021|50006204800097|001|4300019510|00310|UDBC0322|500|EA|10|KRW|5000|20210218|1300|
C|005186|2021|50006204800098|001|4300019510|00320|UDBC0041|200|EA|279|KRW|55800|20210218|1300|
C|005186|2021|50006204800099|001|4300019510|00330|UDBC0499|200|EA|285|KRW|57000|20210218|1300|
C|005186|2021|50006204800100|001|4300019510|00340|UDBC0501|200|EA|296|KRW|59200|20210218|1300|
C|005186|2021|50006204800101|001|4300019510|00350|UDBC0530|100|EA|380|KRW|38000|20210218|1300|
C|005186|2021|50006204800102|001|4300019510|00360|UDBC0537|100|EA|580|KRW|58000|20210218|1300|
C|005186|2021|50006204800103|001|4300019510|00370|UDBC0130|500|EA|140|KRW|70000|20210218|1300|
C|005186|2021|50006204800104|001|4300019510|00380|UDBC0372|500|EA|30|KRW|15000|20210218|1300|
C|005186|2021|50006204800105|001|4300019510|00390|UDBC0376|500|EA|58|KRW|29000|20210218|1300|
C|005186|2021|50006204800106|001|4300019510|00400|UDBC0033|200|EA|119|KRW|23800|20210218|1300|
C|005186|2021|50006204800107|001|4300019510|00410|UDBC0035|50|EA|300|KRW|15000|20210218|1300|
C|005186|2021|50006204800108|001|4300019510|00420|UDBC0320|1000|EA|26|KRW|26000|20210218|1300|
C|005186|2021|50006204800109|001|4300019510|00430|UDBC0323|500|EA|40|KRW|20000|20210218|1300|
C|005186|2021|50006204800110|001|4300019510|00440|UDBC0299|300|EA|53|KRW|15900|20210218|1300|
C|005186|2021|50006204800111|001|4300019510|00450|UDBC0303|300|EA|84|KRW|25200|20210218|1300|
C|005186|2021|50006204800112|001|4300019510|00460|UDBC0076|500|EA|19|KRW|9500|20210218|1300|
C|005186|2021|50006204800113|001|4300019510|00470|UDBC0077|500|EA|23|KRW|11500|20210218|1300|
C|005186|2021|50006204800114|001|4300019510|00480|UDBC0078|500|EA|31|KRW|15500|20210218|1300|
C|005186|2021|50006204800115|001|4300019510|00490|UDBC0072|300|EA|48|KRW|14400|20210218|1300|
