C|005186|2013|50000399700001|001|4300000713|00080|UZZC0139|1|EA|484000|KRW|484000|20131115|1300|
C|005186|2013|50000399710001|001|4300000681|00200|UALC0093|12|EA|224600|KRW|2695200|20131115|1300|
C|005186|2013|50000399710002|001|4300000727|00010|UBCC0049|10|EA|5050|KRW|50500|20131115|1300|
C|005186|2013|50000399710003|001|4300000727|00030|UEBC0625|10|EA|23560|KRW|235600|20131115|1300|
C|005186|2013|50000399710004|001|4300000727|00040|UDBC0842|100|EA|197|KRW|19700|20131115|1300|
C|005186|2013|50000399710005|001|4300000727|00050|UDBC0808|100|EA|460|KRW|46000|20131115|1300|
C|005186|2013|50000399710006|001|4300000727|00060|UDBC0764|100|EA|490|KRW|49000|20131115|1300|
C|005186|2013|50000399710007|001|4300000727|00080|UDBC0843|100|EA|680|KRW|68000|20131115|1300|
C|005186|2013|50000399710008|001|4300000749|00010|UGBC0422|2|EA|4410|KRW|8820|20131115|1300|
C|005186|2013|50000399710009|001|4300000749|00020|UAEC0316|2|EA|1312|KRW|2624|20131115|1300|
C|005186|2013|50000399710010|001|4300000749|00030|UAEC0317|2|EA|1523|KRW|3046|20131115|1300|
C|005186|2013|50000399710011|001|4300000749|00040|UAEC0338|2|EA|3423|KRW|6846|20131115|1300|
C|005186|2013|50000399710012|001|4300000749|00050|UAEC0047|1|EA|21000|KRW|21000|20131115|1300|
C|005186|2013|50000399710013|001|4300000749|00160|UZZC0016|8|EA|33600|KRW|268800|20131115|1300|
C|005186|2013|50000399720001|001|4300000681|00210|UALC0094|24|EA|57200|KRW|1372800|20131115|1300|
