C|005186|2014|50001142940001|001|4300001908|00010|CMA0001|80|EA|240|KRW|19200|20141203|1300|
C|005186|2014|50001142940002|001|4300001908|00020|CMA0007|220|EA|270|KRW|59400|20141203|1300|
C|005186|2014|50001142940003|001|4300001908|00030|CMH0007|1|EA|11700|KRW|11700|20141203|1300|
C|005186|2014|50001142940004|001|4300001908|00040|CMB0001|20|EA|655|KRW|13100|20141203|1300|
C|005186|2014|50001142940005|001|4300001908|00050|CMB0010|80|EA|1100|KRW|88000|20141203|1300|
C|005186|2014|50001142940006|001|4300001908|00060|CME0004|3|EA|11550|KRW|34650|20141203|1300|
C|005186|2014|50001142940007|001|4300001908|00070|CMC0003|5|EA|340|KRW|1700|20141203|1300|
C|005186|2014|50001142940008|001|4300001908|00090|CME0010|20|EA|285|KRW|5700|20141203|1300|
C|005186|2014|50001142940009|001|4300001908|00100|CMZ0032|3|EA|1970|KRW|5910|20141203|1300|
C|005186|2014|50001142940010|001|4300001908|00110|CMF0002|1|EA|1100|KRW|1100|20141203|1300|
C|005186|2014|50001142940011|001|4300001908|00120|CMF0003|2|EA|1820|KRW|3640|20141203|1300|
C|005186|2014|50001142940012|001|4300001909|00010|CMA0001|600|EA|240|KRW|144000|20141203|1300|
C|005186|2014|50001142940013|001|4300001909|00020|CMA0007|50|EA|270|KRW|13500|20141203|1300|
C|005186|2014|50001142940014|001|4300001909|00030|CMA0017|10|EA|780|KRW|7800|20141203|1300|
C|005186|2014|50001142940015|001|4300001909|00040|CME0010|150|EA|285|KRW|42750|20141203|1300|
C|005186|2014|50001142940016|001|4300001909|00050|CME0013|2|EA|20300|KRW|40600|20141203|1300|
C|005186|2014|50001142940017|001|4300001909|00070|CMH0007|1|EA|11700|KRW|11700|20141203|1300|
C|005186|2014|50001142940018|001|4300001910|00010|CMA0001|80|EA|240|KRW|19200|20141203|1300|
C|005186|2014|50001142940019|001|4300001910|00020|CMA0007|40|EA|270|KRW|10800|20141203|1300|
C|005186|2014|50001142940020|001|4300001910|00030|CMA0008|40|EA|690|KRW|27600|20141203|1300|
C|005186|2014|50001142940021|001|4300001910|00040|CMB0001|40|EA|655|KRW|26200|20141203|1300|
C|005186|2014|50001142940022|001|4300001910|00050|CMF0022|2|EA|5400|KRW|10800|20141203|1300|
C|005186|2014|50001142940023|001|4300001910|00060|CME0010|40|EA|285|KRW|11400|20141203|1300|
C|005186|2014|50001142940024|001|4300001910|00080|CMF0013|10|EA|760|KRW|7600|20141203|1300|
C|005186|2014|50001142940025|001|4300001910|00090|CMA0017|5|EA|780|KRW|3900|20141203|1300|
C|005186|2014|50001142940026|001|4300001910|00100|CMC0003|10|EA|340|KRW|3400|20141203|1300|
C|005186|2014|50001142940027|001|4300001911|00010|CMA0001|10|EA|240|KRW|2400|20141203|1300|
C|005186|2014|50001142940028|001|4300001911|00020|CMA0007|50|EA|270|KRW|13500|20141203|1300|
C|005186|2014|50001142940029|001|4300001911|00030|CMB0010|50|EA|1100|KRW|55000|20141203|1300|
C|005186|2014|50001142940030|001|4300001911|00040|CMZ0014|2|EA|23300|KRW|46600|20141203|1300|
C|005186|2014|50001142950001|001|4300001893|00180|CMZ0004|10|EA|380|KRW|3800|20141203|1300|
C|005186|2014|50001142950002|001|4300001893|00190|CMZ0006|5|EA|1155|KRW|5775|20141203|1300|
C|005186|2014|50001142950003|001|4300001894|00160|CMZ0001|120|EA|765|KRW|91800|20141203|1300|
C|005186|2014|50001142950004|001|4300001894|00170|CMZ0002|40|EA|430|KRW|17200|20141203|1300|
C|005186|2014|50001142950005|001|4300001894|00180|CMZ0004|50|EA|380|KRW|19000|20141203|1300|
C|005186|2014|50001142950006|001|4300001896|00170|CMZ0006|30|EA|1155|KRW|34650|20141203|1300|
C|005186|2014|50001142950007|001|4300001897|00150|CMZ0006|5|EA|1155|KRW|5775|20141203|1300|
C|005186|2014|50001142950008|001|4300001898|00140|CMZ0001|12|EA|765|KRW|9180|20141203|1300|
C|005186|2014|50001142950009|001|4300001898|00150|CMZ0005|10|EA|750|KRW|7500|20141203|1300|
C|005186|2014|50001142950010|001|4300001899|00130|CMZ0001|10|EA|765|KRW|7650|20141203|1300|
C|005186|2014|50001142950011|001|4300001899|00140|CMZ0002|10|EA|430|KRW|4300|20141203|1300|
C|005186|2014|50001142950012|001|4300001899|00150|CMZ0006|10|EA|1155|KRW|11550|20141203|1300|
C|005186|2014|50001142950013|001|4300001904|00120|CMZ0004|50|EA|380|KRW|19000|20141203|1300|
C|005186|2014|50001142950014|001|4300001904|00130|CMZ0006|10|EA|1155|KRW|11550|20141203|1300|
C|005186|2014|50001142950015|001|4300001906|00210|CMZ0002|60|EA|430|KRW|25800|20141203|1300|
C|005186|2014|50001142960001|001|4300001895|00050|CMG0001|5|EA|1840|KRW|9200|20141203|1300|
C|005186|2014|50001142960002|001|4300001897|00140|CMG0001|100|EA|1840|KRW|184000|20141203|1300|
C|005186|2014|50001142960003|001|4300001907|00010|CMA0001|90|EA|240|KRW|21600|20141203|1300|
C|005186|2014|50001142960004|001|4300001907|00020|CMA0007|70|EA|270|KRW|18900|20141203|1300|
C|005186|2014|50001142960005|001|4300001907|00030|CMA0008|20|EA|690|KRW|13800|20141203|1300|
C|005186|2014|50001142960006|001|4300001907|00040|CMB0001|20|EA|655|KRW|13100|20141203|1300|
