C|005186|2017|50003556840001|001|4300007916|00010|UGCC0073|2|EA|136500|KRW|273000|20170714|1300|
C|005186|2017|50003556840002|001|4300007916|00040|UGCC0894|400|EA|3000|KRW|1200000|20170714|1300|
C|005186|2017|50003556840003|001|4300007917|00010|UEBC0155|200|EA|8230|KRW|1646000|20170714|1300|
C|005186|2017|50003556840004|001|4300007920|00010|UEBC0773|10|EA|1470|KRW|14700|20170714|1300|
C|005186|2017|50003556840005|001|4300007920|00020|UEBC0772|10|EA|2500|KRW|25000|20170714|1300|
C|005186|2017|50003556840006|001|4300007920|00040|UEBC0326|4|EA|10300|KRW|41200|20170714|1300|
C|005186|2017|50003556840007|001|4300007920|00050|UDBC0115|100|EA|277|KRW|27700|20170714|1300|
C|005186|2017|50003556840008|001|4300007920|00060|UEBC0544|3|EA|49350|KRW|148050|20170714|1300|
C|005186|2017|50003556840009|001|4300007920|00070|UDBC0905|100|EA|305|KRW|30500|20170714|1300|
C|005186|2017|50003556840010|001|4300007920|00080|UDBC0349|100|EA|60|KRW|6000|20170714|1300|
C|005186|2017|50003556840011|001|4300007920|00100|UDDC0131|10|EA|24360|KRW|243600|20170714|1300|
C|005186|2017|50003556840012|001|4300007920|00110|UDDC0136|10|EA|13545|KRW|135450|20170714|1300|
C|005186|2017|50003556840013|001|4300007920|00120|UDDC0134|10|EA|10227|KRW|102270|20170714|1300|
C|005186|2017|50003556840014|001|4300007920|00130|UIDC0086|1|EA|140000|KRW|140000|20170714|1300|
C|005186|2017|50003556840015|001|4300007921|00010|UDAC0366|1|EA|125100|KRW|125100|20170714|1300|
C|005186|2017|50003556840016|001|4300007921|00040|UDAC0053|5|EA|196350|KRW|981750|20170714|1300|
C|005186|2017|50003556840017|001|4300007921|00050|UIDC0112|2|EA|21210|KRW|42420|20170714|1300|
C|005186|2017|50003556840018|001|4300007921|00060|UDEC0062|10|EA|44100|KRW|441000|20170714|1300|
C|005186|2017|50003556840019|001|4300007921|00070|UDBC0670|30|EA|2120|KRW|63600|20170714|1300|
C|005186|2017|50003556840020|001|4300007921|00080|UDBC0831|30|EA|1350|KRW|40500|20170714|1300|
C|005186|2017|50003556840021|001|4300007921|00090|UDBC0944|10|EA|1007|KRW|10070|20170714|1300|
C|005186|2017|50003556840022|001|4300007921|00100|UDBC0641|5|EA|3370|KRW|16850|20170714|1300|
C|005186|2017|50003556840023|001|4300007921|00110|UEBC0656|1|EA|58380|KRW|58380|20170714|1300|
C|005186|2017|50003556840024|001|4300007922|00010|UDEC0065|10|EA|63000|KRW|630000|20170714|1300|
C|005186|2017|50003556840025|001|4300007922|00040|UDAC0052|5|EA|215250|KRW|1076250|20170714|1300|
C|005186|2017|50003556850001|001|4300007859|00010|UGCC0265|5|EA|157890|KRW|789450|20170714|1300|
C|005186|2017|50003556860001|001|4300007910|00010|UHHC0060|2|EA|412650|KRW|825300|20170714|1300|
C|005186|2017|50003556860002|001|4300007910|00020|UHFC0183|1|EA|103000|KRW|103000|20170714|1300|
C|005186|2017|50003556860003|001|4300007910|00030|UDBC0329|200|EA|220|KRW|44000|20170714|1300|
C|005186|2017|50003556860004|001|4300007924|00010|UHNC0082|2|EA|285600|KRW|571200|20170714|1300|
C|005186|2017|50003556860005|001|4300007924|00020|UHNC0070|2|EA|435750|KRW|871500|20170714|1300|
C|005186|2017|50003556860006|001|4300007924|00030|UHNC0127|1|EA|406350|KRW|406350|20170714|1300|
C|005186|2017|50003556860007|001|4300007925|00010|UHGC0107|2|EA|342100|KRW|684200|20170714|1300|
C|005186|2017|50003556860008|001|4300007925|00020|UHFC0124|2|EA|23630|KRW|47260|20170714|1300|
C|005186|2017|50003556860009|001|4300007925|00030|UHFC0122|2|EA|135030|KRW|270060|20170714|1300|
C|005186|2017|50003556860010|001|4300007925|00040|UFJC0010|5|EA|58940|KRW|294700|20170714|1300|
C|005186|2017|50003556860011|001|4300007925|00050|UHTC0047|5|EA|132500|KRW|662500|20170714|1300|
C|005186|2017|50003556860012|001|4300007926|00010|UHGC0134|2|EA|756000|KRW|1512000|20170714|1300|
C|005186|2017|50003556860013|001|4300007926|00020|UHFC0311|2|EA|72630|KRW|145260|20170714|1300|
C|005186|2017|50003556860014|001|4300007927|00010|UHHC0075|1|EA|1212750|KRW|1212750|20170714|1300|
C|005186|2017|50003556860015|001|4300007928|00010|UHHC0075|1|EA|1212750|KRW|1212750|20170714|1300|
C|005186|2017|50003556870001|001|4300007965|00030|UGCC1045|10|EA|2226|KRW|22260|20170714|1300|
C|005186|2017|50003556870002|001|4300007966|00010|UGCC0718|80|EA|23200|KRW|1856000|20170714|1300|
C|005186|2017|50003556870003|001|4300007966|00020|UCHC0018|1|EA|11040|KRW|11040|20170714|1300|
C|005186|2017|50003556870004|001|4300007967|00070|UEBC0483|10|EA|3140|KRW|31400|20170714|1300|
C|005186|2017|50003556870005|001|4300007970|00020|UGBC1430|1|EA|384000|KRW|384000|20170714|1300|
C|005186|2017|50003556870006|001|4300007976|00010|KP100301|1|EA|31200|KRW|31200|20170714|1300|
C|005186|2017|50003556870007|001|4300007990|00010|UDBC0611|50|EA|30|KRW|1500|20170714|1300|
C|005186|2017|50003556870008|001|4300007990|00030|UDBC0617|50|EA|50|KRW|2500|20170714|1300|
C|005186|2017|50003556870009|001|4300007990|00040|UDBC0500|50|EA|86|KRW|4300|20170714|1300|
C|005186|2017|50003556870010|001|4300007990|00050|UDBC0502|50|EA|90|KRW|4500|20170714|1300|
C|005186|2017|50003556870011|001|4300007990|00060|UDBC0525|30|EA|100|KRW|3000|20170714|1300|
C|005186|2017|50003556870012|001|4300007990|00070|UDBC0527|50|EA|127|KRW|6350|20170714|1300|
C|005186|2017|50003556870013|001|4300007990|00080|UDBC0529|30|EA|143|KRW|4290|20170714|1300|
C|005186|2017|50003556870014|001|4300007990|00090|UDBC0536|30|EA|170|KRW|5100|20170714|1300|
C|005186|2017|50003556870015|001|4300007990|00100|UDBC0547|20|EA|190|KRW|3800|20170714|1300|
C|005186|2017|50003556870016|001|4300007990|00120|UDBC0551|30|EA|283|KRW|8490|20170714|1300|
C|005186|2017|50003556870017|001|4300007990|00130|UDBC0552|30|EA|298|KRW|8940|20170714|1300|
C|005186|2017|50003556870018|001|4300007990|00140|UDBC0366|500|EA|8|KRW|4000|20170714|1300|
C|005186|2017|50003556870019|001|4300007990|00150|UDBC0368|500|EA|21|KRW|10500|20170714|1300|
C|005186|2017|50003556870020|001|4300007990|00160|UDBC0342|100|EA|38|KRW|3800|20170714|1300|
C|005186|2017|50003556870021|001|4300007990|00170|UDBC0347|100|EA|56|KRW|5600|20170714|1300|
C|005186|2017|50003556870022|001|4300007990|00180|UDBC0350|50|EA|80|KRW|4000|20170714|1300|
C|005186|2017|50003556870023|001|4300007990|00190|UDBC0352|50|EA|109|KRW|5450|20170714|1300|
C|005186|2017|50003556870024|001|4300007990|00200|UDBC0737|500|EA|16|KRW|8000|20170714|1300|
C|005186|2017|50003556870025|001|4300007990|00230|UDBC0717|100|EA|20|KRW|2000|20170714|1300|
C|005186|2017|50003556870026|001|4300007990|00240|UDBC0724|50|EA|135|KRW|6750|20170714|1300|
C|005186|2017|50003556870027|001|4300007990|00250|UDBC0319|500|EA|8|KRW|4000|20170714|1300|
C|005186|2017|50003556870028|001|4300007990|00260|UDBC0322|500|EA|10|KRW|5000|20170714|1300|
C|005186|2017|50003556870029|001|4300007990|00270|UDBC0298|100|EA|11|KRW|1100|20170714|1300|
C|005186|2017|50003556870030|001|4300007990|00280|UDBC0302|100|EA|32|KRW|3200|20170714|1300|
C|005186|2017|50003556870031|001|4300007990|00290|UDBC0403|100|EA|27|KRW|2700|20170714|1300|
C|005186|2017|50003556870032|001|4300007990|00300|UDBC0444|100|EA|100|KRW|10000|20170714|1300|
C|005186|2017|50003556870033|001|4300007990|00310|UDBC0401|100|EA|25|KRW|2500|20170714|1300|
C|005186|2017|50003556870034|001|4300007990|00320|UDBC0956|100|EA|21|KRW|2100|20170714|1300|
C|005186|2017|50003556870035|001|4300007990|00350|UDBC0229|100|EA|42|KRW|4200|20170714|1300|
C|005186|2017|50003556870036|001|4300007990|00360|UDBC0216|100|EA|38|KRW|3800|20170714|1300|
C|005186|2017|50003556870037|001|4300007990|00370|UDBC0224|130|EA|38|KRW|4940|20170714|1300|
C|005186|2017|50003556870038|001|4300007990|00380|UDBC0225|100|EA|63|KRW|6300|20170714|1300|
C|005186|2017|50003556870039|001|4300007990|00390|UDBC0228|50|EA|63|KRW|3150|20170714|1300|
C|005186|2017|50003556870040|001|4300007990|00400|UDBC0217|50|EA|160|KRW|8000|20170714|1300|
C|005186|2017|50003556870041|001|4300007990|00410|UDBC0218|50|EA|210|KRW|10500|20170714|1300|
C|005186|2017|50003556870042|001|4300007998|00020|UEAC0167|1|EA|1038000|KRW|1038000|20170714|1300|
C|005186|2017|50003556880001|001|4300007958|00010|UDEC0049|2|EA|27510|KRW|55020|20170714|1300|
C|005186|2017|50003556880002|001|4300007958|00020|UEBC0090|2|EA|20480|KRW|40960|20170714|1300|
C|005186|2017|50003556880003|001|4300007958|00030|UAGC0193|100|EA|3255|KRW|325500|20170714|1300|
C|005186|2017|50003556880004|001|4300007958|00040|UEBC0007|10|EA|58800|KRW|588000|20170714|1300|
C|005186|2017|50003556880005|001|4300007958|00050|UEBC0329|5|EA|14750|KRW|73750|20170714|1300|
C|005186|2017|50003556880006|001|4300007958|00080|UAGC0136|10|EA|6980|KRW|69800|20170714|1300|
C|005186|2017|50003556880007|001|4300007958|00090|UAGC0441|10|EA|8020|KRW|80200|20170714|1300|
C|005186|2017|50003556880008|001|4300007958|00100|UAGC0144|5|EA|18710|KRW|93550|20170714|1300|
C|005186|2017|50003556880009|001|4300007959|00010|UEAC0167|1|EA|1038000|KRW|1038000|20170714|1300|
C|005186|2017|50003556880010|001|4300007959|00020|UEAC0155|1|EA|155000|KRW|155000|20170714|1300|
C|005186|2017|50003556880011|001|4300007959|00030|UIDC0029|11|EA|16800|KRW|184800|20170714|1300|
C|005186|2017|50003556880012|001|4300007959|00040|UEBC0049|2|EA|266070|KRW|532140|20170714|1300|
C|005186|2017|50003556880013|001|4300007959|00050|UEBC0021|2|EA|20550|KRW|41100|20170714|1300|
C|005186|2017|50003556880014|001|4300007967|00030|UCGC0001|10|EA|6760|KRW|67600|20170714|1300|
C|005186|2017|50003556880015|001|4300007967|00040|UEBC0290|20|EA|45360|KRW|907200|20170714|1300|
C|005186|2017|50003556880016|001|4300007967|00050|UCKC0119|2|EA|241700|KRW|483400|20170714|1300|
C|005186|2017|50003556880017|001|4300007967|00060|UDAC0224|500|EA|630|KRW|315000|20170714|1300|
C|005186|2017|50003556880018|001|4300007968|00010|UDBC0008|200|EA|8715|KRW|1743000|20170714|1300|
C|005186|2017|50003556880019|001|4300007968|00020|UEBC0788|20|EA|3550|KRW|71000|20170714|1300|
C|005186|2017|50003556880020|001|4300007972|00010|UEAC0167|1|EA|1038000|KRW|1038000|20170714|1300|
C|005186|2017|50003556880021|001|4300007976|00020|KS061508|4|EA|10510|KRW|42040|20170714|1300|
C|005186|2017|50003556880022|001|4300007976|00030|KS066900|3|EA|1290|KRW|3870|20170714|1300|
C|005186|2017|50003556880023|001|4300007976|00040|KS066904|3|EA|2000|KRW|6000|20170714|1300|
C|005186|2017|50003556880024|001|4300007976|00050|KS067004|3|EA|2000|KRW|6000|20170714|1300|
C|005186|2017|50003556880025|001|4300007976|00060|KS067006|3|EA|3120|KRW|9360|20170714|1300|
C|005186|2017|50003556880026|001|4300007976|00070|KS080705|5|EA|18500|KRW|92500|20170714|1300|
C|005186|2017|50003556880027|001|4300007976|00080|KS080709|1|EA|24700|KRW|24700|20170714|1300|
C|005186|2017|50003556880028|001|4300007976|00090|KS080711|2|EA|32300|KRW|64600|20170714|1300|
C|005186|2017|50003556880029|001|4300007991|00020|UCKC0092|2|EA|183170|KRW|366340|20170714|1300|
C|005186|2017|50003556880030|001|4300007998|00010|UDAC0273|3|EA|73650|KRW|220950|20170714|1300|
C|005186|2017|50003556890001|001|4300007958|00070|UGCC0388|2|EA|46730|KRW|93460|20170714|1300|
C|005186|2017|50003556890002|001|4300007961|00020|UGCC0636|3|EA|44520|KRW|133560|20170714|1300|
C|005186|2017|50003556890003|001|4300007967|00010|UAEC0198|1|EA|7270|KRW|7270|20170714|1300|
C|005186|2017|50003556890004|001|4300007967|00020|UAEC0197|1|EA|7270|KRW|7270|20170714|1300|
C|005186|2017|50003556890005|001|4300007968|00030|UHTC0778|3|EA|46480|KRW|139440|20170714|1300|
C|005186|2017|50003556890006|001|4300007969|00020|UADC0156|2|EA|16800|KRW|33600|20170714|1300|
C|005186|2017|50003556890007|001|4300007970|00030|UAIC0013|3|EA|45680|KRW|137040|20170714|1300|
C|005186|2017|50003556890008|001|4300007971|00010|UAGC0003|40|EA|1820|KRW|72800|20170714|1300|
C|005186|2017|50003556890009|001|4300007976|00100|KS990007|6|EA|51450|KRW|308700|20170714|1300|
C|005186|2017|50003556890010|001|4300007976|00110|KT020003|2|EA|5600|KRW|11200|20170714|1300|
C|005186|2017|50003556890011|001|4300007976|00130|KT020009|4|EA|8030|KRW|32120|20170714|1300|
C|005186|2017|50003556890012|001|4300007976|00140|KT020010|2|EA|10190|KRW|20380|20170714|1300|
C|005186|2017|50003556890013|001|4300007976|00150|KT020011|2|EA|10400|KRW|20800|20170714|1300|
C|005186|2017|50003556890014|001|4300007976|00160|KT020012|2|EA|13110|KRW|26220|20170714|1300|
C|005186|2017|50003556890015|001|4300007976|00170|KT020016|1|EA|18620|KRW|18620|20170714|1300|
C|005186|2017|50003556890016|001|4300007976|00180|KT020017|1|EA|18730|KRW|18730|20170714|1300|
C|005186|2017|50003556890017|001|4300007976|00190|KT020019|1|EA|23570|KRW|23570|20170714|1300|
C|005186|2017|50003556890018|001|4300007976|00200|KT020500|20|EA|3110|KRW|62200|20170714|1300|
C|005186|2017|50003556890019|001|4300007976|00210|KT020610|1|EA|29150|KRW|29150|20170714|1300|
C|005186|2017|50003556890020|001|4300007976|00220|KT020700|10|EA|2680|KRW|26800|20170714|1300|
C|005186|2017|50003556890021|001|4300007976|00230|KT020702|50|EA|470|KRW|23500|20170714|1300|
C|005186|2017|50003556890022|001|4300007976|00240|KT020704|23|EA|610|KRW|14030|20170714|1300|
C|005186|2017|50003556890023|001|4300007976|00250|KT080300|20.000|KG|2770|KRW|55400|20170714|1300|
C|005186|2017|50003556890024|001|4300007976|00260|KT080311|3|EA|72980|KRW|218940|20170714|1300|
C|005186|2017|50003556890025|001|4300007976|00270|KT080371|90|EA|53|KRW|4770|20170714|1300|
C|005186|2017|50003556890026|001|4300007977|00010|KT020004|2|EA|5600|KRW|11200|20170714|1300|
C|005186|2017|50003556890027|001|4300007978|00010|UAAC0034|1|EA|69560|KRW|69560|20170714|1300|
C|005186|2017|50003556900001|001|4300007969|00010|UHDC0063|30|EA|60900|KRW|1827000|20170714|1300|
C|005186|2017|50003556900002|001|4300007970|00010|UCKC0037|80|EA|14050|KRW|1124000|20170714|1300|
C|005186|2017|50003556900003|001|4300007974|00010|KE030011|7|EA|8190|KRW|57330|20170714|1300|
C|005186|2017|50003556900004|001|4300007974|00020|KE030116|1|EA|157500|KRW|157500|20170714|1300|
C|005186|2017|50003556900005|001|4300007974|00030|KE030122|2|EA|31500|KRW|63000|20170714|1300|
C|005186|2017|50003556900006|001|4300007974|00040|KE030123|5|EA|31500|KRW|157500|20170714|1300|
C|005186|2017|50003556900007|001|4300007974|00050|KE030200|2|EA|15230|KRW|30460|20170714|1300|
C|005186|2017|50003556900008|001|4300007974|00060|KE030205|1|EA|31290|KRW|31290|20170714|1300|
C|005186|2017|50003556900009|001|4300007974|00070|KE030206|2|EA|16380|KRW|32760|20170714|1300|
C|005186|2017|50003556900010|001|4300007974|00080|KE030207|1|EA|41900|KRW|41900|20170714|1300|
C|005186|2017|50003556900011|001|4300007974|00090|KE030208|1|EA|57230|KRW|57230|20170714|1300|
C|005186|2017|50003556900012|001|4300007974|00100|KE030211|1|EA|145740|KRW|145740|20170714|1300|
C|005186|2017|50003556900013|001|4300007974|00110|KE050004|10|EA|1400|KRW|14000|20170714|1300|
C|005186|2017|50003556900014|001|4300007974|00120|KE050207|1|EA|6930|KRW|6930|20170714|1300|
C|005186|2017|50003556900015|001|4300007974|00130|KE050302|10|EA|1160|KRW|11600|20170714|1300|
C|005186|2017|50003556900016|001|4300007974|00140|KE050502|2|EA|10000|KRW|20000|20170714|1300|
C|005186|2017|50003556900017|001|4300007974|00150|KE050700|9|EA|2200|KRW|19800|20170714|1300|
C|005186|2017|50003556900018|001|4300007974|00160|KE050701|7|EA|2630|KRW|18410|20170714|1300|
C|005186|2017|50003556900019|001|4300007974|00170|KE050801|7|EA|1900|KRW|13300|20170714|1300|
C|005186|2017|50003556900020|001|4300007974|00180|KE051050|1|EA|12600|KRW|12600|20170714|1300|
C|005186|2017|50003556900021|001|4300007974|00190|KE090106|5|EA|15370|KRW|76850|20170714|1300|
C|005186|2017|50003556900022|001|4300007974|00200|KE090112|4|EA|16800|KRW|67200|20170714|1300|
C|005186|2017|50003556900023|001|4300007974|00210|KE090116|1|EA|28040|KRW|28040|20170714|1300|
C|005186|2017|50003556900024|001|4300007974|00220|KE090127|3|EA|34000|KRW|102000|20170714|1300|
C|005186|2017|50003556900025|001|4300007974|00230|KE190003|3|EA|29300|KRW|87900|20170714|1300|
C|005186|2017|50003556900026|001|4300007974|00240|KE200116|2|EA|130200|KRW|260400|20170714|1300|
C|005186|2017|50003556900027|001|4300007974|00250|KE210001|4|EA|53030|KRW|212120|20170714|1300|
C|005186|2017|50003556900028|001|4300007974|00260|KE230003|124|EA|1870|KRW|231880|20170714|1300|
C|005186|2017|50003556900029|001|4300007974|00270|KE270302|4|EA|6900|KRW|27600|20170714|1300|
C|005186|2017|50003556900030|001|4300007974|00280|KE281401|12|EA|840|KRW|10080|20170714|1300|
C|005186|2017|50003556900031|001|4300007977|00020|KE110100|8|EA|124000|KRW|992000|20170714|1300|
C|005186|2017|50003556900032|001|4300007977|00030|KE231001|16|EA|16150|KRW|258400|20170714|1300|
C|005186|2017|50003556900033|001|4300007977|00040|KE231200|4|EA|1580|KRW|6320|20170714|1300|
C|005186|2017|50003556900034|001|4300007977|00050|KE231406|20|EA|7140|KRW|142800|20170714|1300|
C|005186|2017|50003556900035|001|4300007977|00060|KE231503|8|EA|1160|KRW|9280|20170714|1300|
C|005186|2017|50003556900036|001|4300007977|00070|KE270300|80|EA|470|KRW|37600|20170714|1300|
C|005186|2017|50003556900037|001|4300007991|00010|UHGC0059|5|EA|18950|KRW|94750|20170714|1300|
C|005186|2017|50003556900038|001|4300007991|00040|UHFC0277|3|EA|12600|KRW|37800|20170714|1300|
C|005186|2017|50003556900039|001|4300007991|00050|UHGC0051|5|EA|26570|KRW|132850|20170714|1300|
C|005186|2017|50003556900040|001|4300007991|00060|UHFC0181|1|EA|34650|KRW|34650|20170714|1300|
C|005186|2017|50003556900041|001|4300007992|00010|UEAC0184|5|EA|379480|KRW|1897400|20170714|1300|
C|005186|2017|50003556900042|001|4300007992|00020|UHGC0060|4|EA|16910|KRW|67640|20170714|1300|
C|005186|2017|50003556900043|001|4300007993|00010|UHHC0036|3|EA|517860|KRW|1553580|20170714|1300|
C|005186|2017|50003556900044|001|4300007993|00020|UHDC0159|2|EA|26500|KRW|53000|20170714|1300|
C|005186|2017|50003556900045|001|4300007993|00030|UHGC0076|5|EA|54900|KRW|274500|20170714|1300|
C|005186|2017|50003556900046|001|4300007994|00010|UHNC0132|2|EA|188430|KRW|376860|20170714|1300|
C|005186|2017|50003556900047|001|4300007994|00020|UHNC0057|1|EA|816270|KRW|816270|20170714|1300|
C|005186|2017|50003556900048|001|4300007994|00030|UHFC0042|100|EA|5040|KRW|504000|20170714|1300|
