C|005186|2019|50004855210001|001|4300013180|00010|UHTC0772|60|EA|466400|KRW|1399200|20190409|1300|
C|005186|2019|50004855210002|001|4300013180|00020|UHGC0124|20|EA|221000|KRW|442000|20190409|1300|
C|005186|2019|50004855210003|001|4300013181|00010|UHNC0074|2|EA|397950|KRW|795900|20190409|1300|
C|005186|2019|50004855210004|001|4300013181|00020|UHEC0041|2|EA|270000|KRW|540000|20190409|1300|
C|005186|2019|50004855210005|001|4300013181|00030|UHGC0291|10|EA|118500|KRW|237000|20190409|1300|
C|005186|2019|50004855210006|001|4300013181|00040|UHHC0119|10|EA|34650|KRW|69300|20190409|1300|
C|005186|2019|50004855210007|001|4300013181|00050|UHGC0324|10|EA|34750|KRW|69500|20190409|1300|
C|005186|2019|50004855210008|001|4300013181|00060|UHHC0208|5|EA|77910|KRW|77910|20190409|1300|
C|005186|2019|50004855210009|001|4300013181|00070|UHGC0238|5|EA|144750|KRW|144750|20190409|1300|
C|005186|2019|50004855210010|001|4300013182|00010|UHGC0134|2|EA|756000|KRW|1512000|20190409|1300|
C|005186|2019|50004855210011|001|4300013187|00010|UHGC0294|10|EA|96460|KRW|964600|20190409|1300|
C|005186|2019|50004855210012|001|4300013187|00020|UHDC0147|100|EA|37000|KRW|37000|20190409|1300|
C|005186|2019|50004855210013|001|4300013187|00030|UHFC0336|2|EA|82950|KRW|165900|20190409|1300|
C|005186|2019|50004855210014|001|4300013187|00040|UHFC0337|1|EA|104210|KRW|104210|20190409|1300|
C|005186|2019|50004855210015|001|4300013188|00010|UHHC0014|1|EA|878960|KRW|878960|20190409|1300|
C|005186|2019|50004855210016|001|4300013188|00020|UHGC0154|4|EA|69300|KRW|138600|20190409|1300|
C|005186|2019|50004855210017|001|4300013190|00010|UHFC0321|1|EA|123900|KRW|123900|20190409|1300|
C|005186|2019|50004855210018|001|4300013190|00020|UHNC0064|1|EA|508500|KRW|508500|20190409|1300|
C|005186|2019|50004855210019|001|4300013190|00030|UHFC0042|20|EA|100800|KRW|100800|20190409|1300|
C|005186|2019|50004855210020|001|4300013190|00040|UHGC0340|5|EA|110000|KRW|110000|20190409|1300|
C|005186|2019|50004855220001|001|4300013160|00050|UCAC0308|1|EA|575000|KRW|575000|20190409|1300|
C|005186|2019|50004855220002|001|4300013173|00010|UFKC0132|1|EA|493000|KRW|493000|20190409|1300|
C|005186|2019|50004855220003|001|4300013173|00020|UFKC0132|2|EA|493000|KRW|986000|20190409|1300|
C|005186|2019|50004855220004|001|4300013174|00010|UFKC0131|1|EA|374000|KRW|374000|20190409|1300|
C|005186|2019|50004855220005|001|4300013174|00020|UFKC0131|1|EA|374000|KRW|374000|20190409|1300|
C|005186|2019|50004855220006|001|4300013236|00010|UGCC0918|2|EA|71600|KRW|143200|20190409|1300|
C|005186|2019|50004855220007|001|4300013236|00020|UGCC0919|2|EA|63600|KRW|127200|20190409|1300|
C|005186|2019|50004855220008|001|4300013236|00030|UGCC1251|2|EA|69500|KRW|139000|20190409|1300|
C|005186|2019|50004855220009|001|4300013236|00040|UGCC1252|2|EA|66400|KRW|132800|20190409|1300|
C|005186|2019|50004855220010|001|4300013239|00010|UKBC0014|1|EA|52500|KRW|52500|20190409|1300|
C|005186|2019|50004855230001|001|4300013191|00020|UEBC0438|4|EA|40800|KRW|81600|20190409|1300|
C|005186|2019|50004855230002|001|4300013191|00030|UAGC0476|5|EA|77595|KRW|77595|20190409|1300|
C|005186|2019|50004855230003|001|4300013191|00040|UAGC0489|6|EA|24570|KRW|147420|20190409|1300|
C|005186|2019|50004855230004|001|4300013191|00050|UAGC0490|5|EA|33980|KRW|169900|20190409|1300|
C|005186|2019|50004855230005|001|4300013191|00060|UAGC0221|5|EA|52800|KRW|264000|20190409|1300|
C|005186|2019|50004855230006|001|4300013280|00090|UKEC0117|10|EA|18850|KRW|188500|20190409|1300|
C|005186|2019|50004855230007|001|4300013295|00020|UAEC0037|1|EA|4520|KRW|4520|20190409|1300|
C|005186|2019|50004855230008|001|4300013295|00030|UAEC0038|1|EA|4520|KRW|4520|20190409|1300|
C|005186|2019|50004855230009|001|4300013295|00050|UAGC0064|1|EA|112630|KRW|112630|20190409|1300|
C|005186|2019|50004855230010|001|4300013295|00060|UAEC0163|1|EA|33810|KRW|33810|20190409|1300|
C|005186|2019|50004855230011|001|4300013295|00070|UAEC0138|1|EA|12600|KRW|12600|20190409|1300|
C|005186|2019|50004855230012|001|4300013295|00080|UAEC0389|1|EA|14400|KRW|14400|20190409|1300|
C|005186|2019|50004855230013|001|4300013295|00090|UAEC0373|4|EA|115500|KRW|462000|20190409|1300|
C|005186|2019|50004855230014|001|4300013295|00100|UADC0115|4|EA|104730|KRW|418920|20190409|1300|
C|005186|2019|50004855230015|001|4300013295|00120|UADC0108|2|EA|5040|KRW|5040|20190409|1300|
