C|005186|2020|50005722130001|001|4300017067|00030|UEBC1008|20|EA|231000|KRW|231000|20200619|1300|
C|005186|2020|50005722130002|001|4300017067|00060|UDBC0953|100|EA|4300|KRW|4300|20200619|1300|
C|005186|2020|50005722130003|001|4300017067|00080|UAEC0411|10|EA|6890|KRW|68900|20200619|1300|
C|005186|2020|50005722130004|001|4300017069|00090|UDAC0226|500|EA|94500|KRW|472500|20200619|1300|
C|005186|2020|50005722130005|001|4300017071|00020|UBBC0006|1|EA|103370|KRW|103370|20200619|1300|
C|005186|2020|50005722130006|001|4300017086|00020|UDBC1097|200|EA|100000|KRW|200000|20200619|1300|
C|005186|2020|50005722130007|001|4300017092|00010|UCHC0042|10|EA|53550|KRW|107100|20200619|1300|
C|005186|2020|50005722130008|001|4300017093|00010|UGCC0513|1|EA|80000|KRW|80000|20200619|1300|
C|005186|2020|50005722130009|001|4300017106|00020|UDBC0069|10|EA|20420|KRW|204200|20200619|1300|
C|005186|2020|50005722130010|001|4300017106|00030|UDBC0880|100|EA|47000|KRW|47000|20200619|1300|
C|005186|2020|50005722130011|001|4300017107|00020|UDDC0157|10|EA|25935|KRW|259350|20200619|1300|
C|005186|2020|50005722130012|001|4300017107|00090|UDBC0454|50|EA|2000|KRW|10000|20200619|1300|
C|005186|2020|50005722140001|001|4300017095|00010|UEAC0140|2|EA|47700|KRW|95400|20200619|1300|
C|005186|2020|50005722140002|001|4300017105|00020|UEBC1091|4|EA|420|KRW|1680|20200619|1300|
C|005186|2020|50005722140003|001|4300017105|00030|UEBC0567|2|EA|53290|KRW|106580|20200619|1300|
C|005186|2020|50005722140004|001|4300017105|00040|UEBC0640|20|EA|82950|KRW|1659000|20200619|1300|
C|005186|2020|50005722140005|001|4300017106|00010|UCKC0156|1|EA|990000|KRW|990000|20200619|1300|
C|005186|2020|50005722140006|001|4300017107|00010|UDBC0864|20|EA|5100|KRW|10200|20200619|1300|
C|005186|2020|50005722140007|001|4300017107|00030|UEBC0371|10|EA|21450|KRW|42900|20200619|1300|
C|005186|2020|50005722140008|001|4300017107|00040|UDAC0101|50|EA|3200|KRW|16000|20200619|1300|
C|005186|2020|50005722140009|001|4300017107|00050|UDAC0111|50|EA|3200|KRW|16000|20200619|1300|
C|005186|2020|50005722150001|001|4300017087|00010|UFFC0056|1|EA|40000|KRW|40000|20200619|1300|
C|005186|2020|50005722150002|001|4300017104|00010|UBEC0008|3|EA|164780|KRW|494340|20200619|1300|
C|005186|2020|50005722150003|001|4300017123|00010|UHTC0486|2|EA|46410|KRW|92820|20200619|1300|
C|005186|2020|50005722150004|001|4300017123|00020|UGBC1293|20|EA|248000|KRW|496000|20200619|1300|
C|005186|2020|50005722150005|001|4300017123|00030|UGBC1652|20|EA|22130|KRW|442600|20200619|1300|
C|005186|2020|50005722150006|001|4300017123|00050|UKGC0008|7|EA|2940|KRW|20580|20200619|1300|
C|005186|2020|50005722150007|001|4300017123|00060|UZZC0123|30|EA|189300|KRW|189300|20200619|1300|
C|005186|2020|50005722150008|001|4300017123|00080|UGAC0053|1|EA|69880|KRW|69880|20200619|1300|
C|005186|2020|50005722150009|001|4300017123|00090|UHTC0778|10|EA|46480|KRW|464800|20200619|1300|
C|005186|2020|50005722150010|001|4300017126|00030|UGAC0056|4|EA|139760|KRW|559040|20200619|1300|
C|005186|2020|50005722150011|001|4300017126|00060|UJCC0060|500|EA|59000|KRW|295000|20200619|1300|
C|005186|2020|50005722160001|001|4300017126|00040|UDAC0389|100|EA|197500|KRW|395000|20200619|1300|
C|005186|2020|50005722170001|001|4300017191|00010|UACC0037|1|EA|367500|KRW|367500|20200619|1300|
C|005186|2020|50005722180001|001|4300017074|00010|UHTC0694|5|EA|1235000|KRW|1235000|20200619|1300|
C|005186|2020|50005722180002|001|4300017074|00020|UHTC0831|12|EA|62000|KRW|744000|20200619|1300|
C|005186|2020|50005722180003|001|4300017075|00010|UHTC0744|3|EA|276000|KRW|828000|20200619|1300|
C|005186|2020|50005722180004|001|4300017075|00020|UHTC0763|10|EA|36000|KRW|360000|20200619|1300|
C|005186|2020|50005722180005|001|4300017075|00030|UHTC0691|20|EA|357000|KRW|714000|20200619|1300|
C|005186|2020|50005722180006|001|4300017076|00010|UHTC0767|10|EA|34000|KRW|340000|20200619|1300|
C|005186|2020|50005722180007|001|4300017076|00020|UHTC0830|23|EA|68500|KRW|1575500|20200619|1300|
C|005186|2020|50005722180008|001|4300017077|00010|UHTC0888|5|EA|101650|KRW|508250|20200619|1300|
C|005186|2020|50005722180009|001|4300017109|00030|UHTC0691|20|EA|357000|KRW|714000|20200619|1300|
C|005186|2020|50005722190001|001|4300017067|00020|UHFC0178|3|EA|122000|KRW|366000|20200619|1300|
C|005186|2020|50005722190002|001|4300017091|00010|UGCC0139|10|EA|50400|KRW|504000|20200619|1300|
C|005186|2020|50005722190003|001|4300017091|00020|UGBC1604|10|EA|40300|KRW|403000|20200619|1300|
C|005186|2020|50005722190004|001|4300017093|00020|UGBC0759|30|EA|45200|KRW|135600|20200619|1300|
C|005186|2020|50005722190005|001|4300017093|00030|UGBC0777|30|EA|49400|KRW|148200|20200619|1300|
C|005186|2020|50005722190006|001|4300017107|00060|UCIC0082|2|EA|516600|KRW|1033200|20200619|1300|
C|005186|2020|50005722200001|001|4300017070|00050|UJCC0043|10000|EA|210000|KRW|420000|20200619|1300|
C|005186|2020|50005722410001|001|4300017091|00110|UAEC0437|3|EA|11870|KRW|35610|20200619|1300|
C|005186|2020|50005722410002|001|4300017105|00050|UDBC0673|10|EA|13650|KRW|136500|20200619|1300|
C|005186|2020|50005722410003|001|4300017107|00070|UAEC0039|2|EA|5050|KRW|10100|20200619|1300|
C|005186|2020|50005722410004|001|4300017107|00080|UAEC0139|1|EA|11150|KRW|11150|20200619|1300|
C|005186|2020|50005722410005|001|4300017120|00010|UAEC0238|1|EA|445260|KRW|445260|20200619|1300|
C|005186|2020|50005722410006|001|4300017126|00010|UDAC0346|100|EA|74200|KRW|148400|20200619|1300|
C|005186|2020|50005722420001|001|4300017123|00040|UAIC0002|3|EA|3680|KRW|11040|20200619|1300|
C|005186|2020|50005722420002|001|4300017123|00070|UGCC0613|5|EA|9450|KRW|47250|20200619|1300|
C|005186|2020|50005722420003|001|4300017126|00020|UAEC0424|2|EA|6174|KRW|12348|20200619|1300|
C|005186|2020|50005722420004|001|4300017126|00050|UAGC0434|1|EA|227360|KRW|227360|20200619|1300|
C|005186|2020|50005722420005|001|4300017126|00070|UAEC0244|50|EA|31400|KRW|157000|20200619|1300|
