C|005186|2014|50001167420001|001|4300001933|00010|UHTC0289|1|EA|28300|KRW|28300|20141215|1300|
C|005186|2014|50001167420002|001|4300001933|00020|UBBC0006|2|EA|103370|KRW|206740|20141215|1300|
C|005186|2014|50001167420003|001|4300001933|00040|UAEC0329|1|EA|31320|KRW|31320|20141215|1300|
C|005186|2014|50001167420004|001|4300001933|00050|UAEC0261|4|EA|3090|KRW|12360|20141215|1300|
C|005186|2014|50001167420005|001|4300001933|00060|UAEC0246|2|EA|2920|KRW|5840|20141215|1300|
C|005186|2014|50001167420006|001|4300001933|00070|UAEC0079|2|EA|12075|KRW|24150|20141215|1300|
C|005186|2014|50001167420007|001|4300001933|00080|UAEC0095|2|EA|22630|KRW|45260|20141215|1300|
C|005186|2014|50001167420008|001|4300001933|00100|UAEC0114|2|EA|12290|KRW|24580|20141215|1300|
C|005186|2014|50001167420009|001|4300001933|00110|UAAC0020|2|EA|10000|KRW|20000|20141215|1300|
C|005186|2014|50001167420010|001|4300001933|00120|UAGC0044|4|EA|15260|KRW|61040|20141215|1300|
C|005186|2014|50001167420011|001|4300001933|00130|UKBC0010|1|EA|91480|KRW|91480|20141215|1300|
C|005186|2014|50001167420012|001|4300001933|00150|UHTC0246|20|EA|8470|KRW|169400|20141215|1300|
C|005186|2014|50001167420013|001|4300001933|00160|UGAC0083|2|EA|33500|KRW|67000|20141215|1300|
C|005186|2014|50001167420014|001|4300001933|00170|UKEC0091|10|EA|1270|KRW|12700|20141215|1300|
C|005186|2014|50001167420015|001|4300001933|00180|UGCC0737|1|EA|1769000|KRW|1769000|20141215|1300|
C|005186|2014|50001167420016|001|4300001933|00350|UICC0030|1|EA|7350|KRW|7350|20141215|1300|
C|005186|2014|50001167420017|001|4300001933|00360|UAHC0025|50|EA|7660|KRW|383000|20141215|1300|
C|005186|2014|50001167420018|001|4300001933|00390|UCKC0053|1|EA|412650|KRW|412650|20141215|1300|
C|005186|2014|50001167420019|001|4300001933|00400|UAEC0301|2|EA|11550|KRW|23100|20141215|1300|
C|005186|2014|50001167420020|001|4300001933|00410|UAEC0198|2|EA|7270|KRW|14540|20141215|1300|
C|005186|2014|50001167420021|001|4300001933|00420|UAEC0095|1|EA|22630|KRW|22630|20141215|1300|
C|005186|2014|50001167420022|001|4300001933|00440|UGCC0589|2|EA|606400|KRW|1212800|20141215|1300|
C|005186|2014|50001167420023|001|4300001933|00450|UGCC0088|1|EA|661500|KRW|661500|20141215|1300|
C|005186|2014|50001167420024|001|4300001933|00460|UGCC0653|10|EA|36610|KRW|366100|20141215|1300|
C|005186|2014|50001167420025|001|4300001933|00510|UKBC0010|1|EA|91480|KRW|91480|20141215|1300|
C|005186|2014|50001167420026|001|4300001933|00690|UGCC0901|20|EA|12720|KRW|254400|20141215|1300|
C|005186|2014|50001167420027|001|4300001933|00700|UDEC0115|3|EA|14400|KRW|43200|20141215|1300|
C|005186|2014|50001167420028|001|4300001933|00710|UKEC0115|40|EA|1530|KRW|61200|20141215|1300|
C|005186|2014|50001167420029|001|4300001933|00720|UGCC0909|5|EA|6390|KRW|31950|20141215|1300|
C|005186|2014|50001167420030|001|4300001933|00750|UEBC1181|3|EA|2480|KRW|7440|20141215|1300|
C|005186|2014|50001167420031|001|4300001933|00800|UEBC1183|3|EA|19600|KRW|58800|20141215|1300|
C|005186|2014|50001167420032|001|4300001933|00840|UDBC0897|3500|EA|130|KRW|455000|20141215|1300|
C|005186|2014|50001167420033|001|4300001933|00860|UEBC1202|6|EA|3850|KRW|23100|20141215|1300|
C|005186|2014|50001167430001|001|4300001933|00190|UKEC0020|5|EA|1530|KRW|7650|20141215|1300|
C|005186|2014|50001167430002|001|4300001933|00320|UFGC0017|60|EA|3500|KRW|210000|20141215|1300|
C|005186|2014|50001167430003|001|4300001933|00330|UFGC0046|5|EA|237000|KRW|1185000|20141215|1300|
C|005186|2014|50001167430004|001|4300001933|00340|UFGC0047|3|EA|6350|KRW|19050|20141215|1300|
C|005186|2014|50001167430005|001|4300001933|00370|UJAC0132|2|EA|17780|KRW|35560|20141215|1300|
C|005186|2014|50001167430006|001|4300001933|00660|UHTC0449|20|EA|1900|KRW|38000|20141215|1300|
C|005186|2014|50001167430007|001|4300001933|00770|UJAC0142|500|EA|3160|KRW|1580000|20141215|1300|
C|005186|2014|50001167450001|001|4300001933|00300|UDDC0211|13|EA|58800|KRW|764400|20141215|1300|
C|005186|2014|50001167450002|001|4300001933|00530|UAGC0253|1|EA|150840|KRW|150840|20141215|1300|
C|005186|2014|50001167450003|001|4300001933|00550|UJBC0040|4|EA|75600|KRW|302400|20141215|1300|
C|005186|2014|50001167450004|001|4300001933|00560|UGBC0780|50|EA|570|KRW|28500|20141215|1300|
C|005186|2014|50001167450005|001|4300001933|00570|UGBC0781|50|EA|580|KRW|29000|20141215|1300|
C|005186|2014|50001167450006|001|4300001933|00580|UGBC0782|20|EA|720|KRW|14400|20141215|1300|
C|005186|2014|50001167450007|001|4300001933|00590|UGBC0783|20|EA|830|KRW|16600|20141215|1300|
C|005186|2014|50001167450008|001|4300001933|00600|UGCC0506|1|EA|24200|KRW|24200|20141215|1300|
C|005186|2014|50001167450009|001|4300001933|00610|UGCC0507|1|EA|24200|KRW|24200|20141215|1300|
C|005186|2014|50001167450010|001|4300001933|00620|UGCC0510|1|EA|41060|KRW|41060|20141215|1300|
C|005186|2014|50001167450011|001|4300001933|00630|UGCC0511|1|EA|41060|KRW|41060|20141215|1300|
C|005186|2014|50001167450012|001|4300001933|00640|UGCC0503|1|EA|66200|KRW|66200|20141215|1300|
C|005186|2014|50001167450013|001|4300001933|00650|UGCC0504|1|EA|66200|KRW|66200|20141215|1300|
C|005186|2014|50001167480001|001|4300001916|00200|UKEC0017|1|EA|61200|KRW|61200|20141215|1300|
C|005186|2014|50001167480002|001|4300001916|00210|UZZC0120|10|EA|33000|KRW|330000|20141215|1300|
C|005186|2014|50001167480003|001|4300001916|00230|UAGC0443|1|EA|109500|KRW|109500|20141215|1300|
C|005186|2014|50001167480004|001|4300001916|00250|UAEC0268|1|EA|16170|KRW|16170|20141215|1300|
C|005186|2014|50001167480005|001|4300001916|00260|UAEC0270|1|EA|18800|KRW|18800|20141215|1300|
C|005186|2014|50001167480006|001|4300001916|00270|UAEC0334|3|EA|7140|KRW|21420|20141215|1300|
C|005186|2014|50001167480007|001|4300001916|00280|UAEC0008|3|EA|5480|KRW|16440|20141215|1300|
C|005186|2014|50001167480008|001|4300001916|00310|UGBC0272|2|EA|863000|KRW|1726000|20141215|1300|
C|005186|2014|50001167480009|001|4300001916|00340|UDDC0136|10|EA|13545|KRW|135450|20141215|1300|
C|005186|2014|50001167490001|001|4300001916|00070|UAGC0379|3|EA|35700|KRW|107100|20141215|1300|
C|005186|2014|50001167490002|001|4300001916|00180|UAEC0299|5|EA|18900|KRW|94500|20141215|1300|
C|005186|2014|50001167490003|001|4300001916|00520|UAGC0063|1|EA|40950|KRW|40950|20141215|1300|
C|005186|2014|50001167490004|001|4300001916|00670|UAHC0017|1|EA|332630|KRW|332630|20141215|1300|
C|005186|2014|50001167490005|001|4300001916|00710|UDDC0146|4|EA|78800|KRW|315200|20141215|1300|
C|005186|2014|50001167490006|001|4300001916|00730|UDDC0051|1|EA|70560|KRW|70560|20141215|1300|
C|005186|2014|50001167490007|001|4300001916|00770|UDDC0189|1|EA|85110|KRW|85110|20141215|1300|
C|005186|2014|50001167490008|001|4300001933|00090|UAEC0234|2|EA|61580|KRW|123160|20141215|1300|
C|005186|2014|50001167490009|001|4300001933|00210|UEBC0665|1|EA|165850|KRW|165850|20141215|1300|
C|005186|2014|50001167490010|001|4300001933|00220|UEBC0044|2|EA|71660|KRW|143320|20141215|1300|
C|005186|2014|50001167490011|001|4300001933|00230|UEBC0007|4|EA|58800|KRW|235200|20141215|1300|
C|005186|2014|50001167490012|001|4300001933|00240|UEBC0244|10|EA|3530|KRW|35300|20141215|1300|
C|005186|2014|50001167490013|001|4300001933|00250|UEBC0249|5|EA|25470|KRW|127350|20141215|1300|
C|005186|2014|50001167490014|001|4300001933|00260|UDAC0079|10|EA|4210|KRW|42100|20141215|1300|
C|005186|2014|50001167490015|001|4300001933|00270|UDAC0078|5|EA|4210|KRW|21050|20141215|1300|
C|005186|2014|50001167490016|001|4300001933|00280|UDAC0251|5|EA|24300|KRW|121500|20141215|1300|
C|005186|2014|50001167490017|001|4300001933|00290|UDAC0250|5|EA|17900|KRW|89500|20141215|1300|
C|005186|2014|50001167490018|001|4300001933|00310|UDDC0343|2|EA|130900|KRW|261800|20141215|1300|
C|005186|2014|50001167490019|001|4300001933|00380|UAIC0002|10|EA|3680|KRW|36800|20141215|1300|
C|005186|2014|50001167490020|001|4300001933|00430|UAEC0027|4|EA|22580|KRW|90320|20141215|1300|
C|005186|2014|50001167490021|001|4300001933|00540|UEAC0021|1|EA|66400|KRW|66400|20141215|1300|
C|005186|2014|50001167490022|001|4300001933|00760|UDFC0164|100|EA|1155|KRW|115500|20141215|1300|
C|005186|2014|50001167490023|001|4300001933|00850|UEBC1201|1|EA|30500|KRW|30500|20141215|1300|
C|005186|2014|50001167500001|001|4300001916|00060|UKBC0010|1|EA|91480|KRW|91480|20141215|1300|
C|005186|2014|50001167500002|001|4300001916|00150|UAEC0329|2|EA|31320|KRW|62640|20141215|1300|
C|005186|2014|50001167500003|001|4300001916|00290|UKEC0109|40|EA|1526|KRW|61040|20141215|1300|
C|005186|2014|50001167500004|001|4300001916|00300|UZZC0128|2|EA|201000|KRW|402000|20141215|1300|
C|005186|2014|50001167500005|001|4300001916|00320|UKBC0028|3|EA|6580|KRW|19740|20141215|1300|
C|005186|2014|50001167500006|001|4300001916|00510|UADC0128|2|EA|13540|KRW|27080|20141215|1300|
C|005186|2014|50001167500007|001|4300001916|00530|UEBC0874|1|EA|44300|KRW|44300|20141215|1300|
C|005186|2014|50001167500008|001|4300001916|00540|UGCC0378|2|EA|86940|KRW|173880|20141215|1300|
C|005186|2014|50001167500009|001|4300001916|00550|UAGC0395|4|EA|22150|KRW|88600|20141215|1300|
C|005186|2014|50001167500010|001|4300001916|00580|UGCC0412|2|EA|30000|KRW|60000|20141215|1300|
C|005186|2014|50001167500011|001|4300001916|00590|UGCC0415|2|EA|63060|KRW|126120|20141215|1300|
C|005186|2014|50001167500012|001|4300001916|00600|UGCC0386|2|EA|48210|KRW|96420|20141215|1300|
C|005186|2014|50001167500013|001|4300001916|00620|UGCC0766|1|EA|98400|KRW|98400|20141215|1300|
C|005186|2014|50001167500014|001|4300001916|00630|UDBC0646|100|EA|47|KRW|4700|20141215|1300|
C|005186|2014|50001167500015|001|4300001916|00680|UDDC0018|1|EA|203910|KRW|203910|20141215|1300|
C|005186|2014|50001167500016|001|4300001916|00690|UDDC0019|1|EA|181020|KRW|181020|20141215|1300|
C|005186|2014|50001167500017|001|4300001916|00720|UADC0022|2|EA|29480|KRW|58960|20141215|1300|
C|005186|2014|50001167500018|001|4300001932|00490|UGCC0918|2|EA|71600|KRW|143200|20141215|1300|
C|005186|2014|50001167500019|001|4300001932|00500|UGCC0919|3|EA|63600|KRW|190800|20141215|1300|
C|005186|2014|50001167510001|001|4300001932|00060|UEAC0163|1|EA|442110|KRW|442110|20141215|1300|
C|005186|2014|50001167510002|001|4300001932|00070|UCIC0184|1|EA|41060|KRW|41060|20141215|1300|
C|005186|2014|50001167510003|001|4300001932|00190|UHTC0725|5|EA|1060|KRW|5300|20141215|1300|
C|005186|2014|50001167510004|001|4300001932|00450|UGCC0910|3|EA|337000|KRW|1011000|20141215|1300|
C|005186|2014|50001167510005|001|4300001933|00200|UGAC0041|10|EA|19425|KRW|194250|20141215|1300|
C|005186|2014|50001167510006|001|4300001933|00520|UGCC0693|1|EA|38950|KRW|38950|20141215|1300|
C|005186|2014|50001167510007|001|4300001933|00740|UGCC0914|30|EA|12700|KRW|381000|20141215|1300|
C|005186|2014|50001167510008|001|4300001933|00810|UGCC0923|50|EA|4240|KRW|212000|20141215|1300|
C|005186|2014|50001167510009|001|4300001933|00820|UGCC0924|50|EA|4240|KRW|212000|20141215|1300|
C|005186|2014|50001167510010|001|4300001933|00830|UGCC0925|50|EA|4550|KRW|227500|20141215|1300|
C|005186|2014|50001167520001|001|4300001916|00090|UALC0023|5|EA|22260|KRW|111300|20141215|1300|
C|005186|2014|50001167520002|001|4300001916|00100|UALC0024|5|EA|26500|KRW|132500|20141215|1300|
C|005186|2014|50001167520003|001|4300001916|00110|UALC0088|5|EA|38160|KRW|190800|20141215|1300|
C|005186|2014|50001167520004|001|4300001916|00120|UALC0026|5|EA|26500|KRW|132500|20141215|1300|
C|005186|2014|50001167520005|001|4300001916|00130|UALC0099|5|EA|38160|KRW|190800|20141215|1300|
C|005186|2014|50001167520006|001|4300001916|00170|UZZC0033|2|EA|41700|KRW|83400|20141215|1300|
C|005186|2014|50001167520007|001|4300001916|00220|UHTC0197|1|EA|280670|KRW|280670|20141215|1300|
C|005186|2014|50001167520008|001|4300001916|00330|UFFC0041|25|EA|31400|KRW|785000|20141215|1300|
C|005186|2014|50001167520009|001|4300001916|00350|UJAC0069|4|EA|9576|KRW|38304|20141215|1300|
C|005186|2014|50001167530001|001|4300001916|00010|UBEC0003|3|EA|166430|KRW|499290|20141215|1300|
C|005186|2014|50001167530002|001|4300001916|00160|UALC0099|3|EA|38160|KRW|114480|20141215|1300|
C|005186|2014|50001167530003|001|4300001916|00500|UICC0038|2|EA|4520|KRW|9040|20141215|1300|
C|005186|2014|50001167530004|001|4300001932|00510|UCHC0027|2|EA|68500|KRW|137000|20141215|1300|
