C|005186|2015|50001870160001|001|4300003489|00010|KS061502|4|EA|2970|KRW|11880|20150930|1300|
C|005186|2015|50001870160002|001|4300003489|00020|KS061504|6|EA|4050|KRW|24300|20150930|1300|
C|005186|2015|50001870160003|001|4300003489|00030|KS066904|5|EA|2000|KRW|10000|20150930|1300|
C|005186|2015|50001870160004|001|4300003489|00040|KS066905|4|EA|2260|KRW|9040|20150930|1300|
C|005186|2015|50001870160005|001|4300003489|00050|KS067205|2|EA|3290|KRW|6580|20150930|1300|
C|005186|2015|50001870160006|001|4300003489|00060|KS067210|2|EA|14350|KRW|28700|20150930|1300|
C|005186|2015|50001870160007|001|4300003489|00070|KS080702|2|EA|19850|KRW|39700|20150930|1300|
C|005186|2015|50001870170001|001|4300003456|00010|UHFC0147|1|EA|13650|KRW|13650|20150930|1300|
C|005186|2015|50001870170002|001|4300003491|00110|UHTC0105|1|EA|23100|KRW|23100|20150930|1300|
C|005186|2015|50001870170003|001|4300003506|00160|UGCC0535|5|EA|13690|KRW|68450|20150930|1300|
C|005186|2015|50001870170004|001|4300003506|00170|UGCC0708|2|EA|28000|KRW|56000|20150930|1300|
C|005186|2015|50001870170005|001|4300003509|00090|UHTC0548|5|EA|8470|KRW|42350|20150930|1300|
C|005186|2015|50001872140001|001|4300003506|00130|UGCC0776|1|EA|334600|KRW|334600|20150930|1300|
C|005186|2015|50001872140002|001|4300003509|00020|UGBC1424|2|EA|185000|KRW|370000|20150930|1300|
C|005186|2015|50001872140003|001|4300003509|00030|UGCC0921|3|EA|289000|KRW|867000|20150930|1300|
C|005186|2015|50001872150001|001|4300003491|00070|UGBC0159|2|EA|77900|KRW|155800|20150930|1300|
C|005186|2015|50001872150002|001|4300003491|00080|UGBC0201|2|EA|38850|KRW|77700|20150930|1300|
C|005186|2015|50001872160001|001|4300003469|00010|UEAC0135|2|EA|519700|KRW|1039400|20150930|1300|
C|005186|2015|50001872170001|001|4300003486|00010|UGBC0159|3|EA|77900|KRW|233700|20150930|1300|
C|005186|2015|50001872170002|001|4300003491|00040|UGBC0830|100|EA|160|KRW|16000|20150930|1300|
C|005186|2015|50001872170003|001|4300003491|00050|UGBC0834|50|EA|210|KRW|10500|20150930|1300|
C|005186|2015|50001872170004|001|4300003491|00060|UGBC0262|5|EA|79800|KRW|399000|20150930|1300|
C|005186|2015|50001872170005|001|4300003492|00010|UGBC1168|20|EA|3990|KRW|79800|20150930|1300|
C|005186|2015|50001872170006|001|4300003492|00020|UGBC1169|20|EA|10500|KRW|210000|20150930|1300|
C|005186|2015|50001872170007|001|4300003492|00030|UGBC0520|20|EA|12600|KRW|252000|20150930|1300|
C|005186|2015|50001872170008|001|4300003492|00040|UGBC0521|20|EA|14700|KRW|294000|20150930|1300|
C|005186|2015|50001872170009|001|4300003492|00050|UGBC0523|10|EA|21000|KRW|210000|20150930|1300|
C|005186|2015|50001872170010|001|4300003492|00060|UGBC0545|5|EA|50400|KRW|252000|20150930|1300|
C|005186|2015|50001872170011|001|4300003492|00070|UGBC0234|30|EA|2210|KRW|66300|20150930|1300|
C|005186|2015|50001872170012|001|4300003492|00080|UGBC0235|20|EA|2950|KRW|59000|20150930|1300|
C|005186|2015|50001872170013|001|4300003492|00090|UGBC0458|20|EA|3570|KRW|71400|20150930|1300|
C|005186|2015|50001872170014|001|4300003492|00100|UGBC0277|2|EA|157500|KRW|315000|20150930|1300|
C|005186|2015|50001872170015|001|4300003511|00020|UGBC0832|100|EA|160|KRW|16000|20150930|1300|
C|005186|2015|50001872170016|001|4300003511|00030|UGBC0833|50|EA|160|KRW|8000|20150930|1300|
C|005186|2015|50001872190001|001|4300003522|00020|UAEC0330|2|EA|50240|KRW|100480|20150930|1300|
C|005186|2015|50001872190002|001|4300003522|00030|UAEC0387|3|EA|5470|KRW|16410|20150930|1300|
C|005186|2015|50001872200001|001|4300003529|00020|UDDC0306|1|EA|46030|KRW|46030|20150930|1300|
C|005186|2015|50001872200002|001|4300003529|00090|UGBC1295|2|EA|121300|KRW|242600|20150930|1300|
C|005186|2015|50001872200003|001|4300003529|00100|UAEC0234|2|EA|61580|KRW|123160|20150930|1300|
C|005186|2015|50001872200004|001|4300003529|00110|UAEC0269|2|EA|39700|KRW|79400|20150930|1300|
C|005186|2015|50001872200005|001|4300003529|00120|UAEC0271|2|EA|44950|KRW|89900|20150930|1300|
C|005186|2015|50001872200006|001|4300003529|00130|UAEC0135|2|EA|65100|KRW|130200|20150930|1300|
C|005186|2015|50001872210001|001|4300003516|00030|UADC0040|20|EA|7880|KRW|157600|20150930|1300|
C|005186|2015|50001872210002|001|4300003518|00020|UAGC0379|3|EA|35700|KRW|107100|20150930|1300|
C|005186|2015|50001872210003|001|4300003518|00150|UADC0067|10|EA|6620|KRW|66200|20150930|1300|
C|005186|2015|50001872210004|001|4300003518|00160|UADC0065|10|EA|5460|KRW|54600|20150930|1300|
C|005186|2015|50001872210005|001|4300003519|00120|UAGC0203|1|EA|160650|KRW|160650|20150930|1300|
C|005186|2015|50001872220001|001|4300003506|00010|UDBC0020|200|EA|100|KRW|20000|20150930|1300|
C|005186|2015|50001872220002|001|4300003506|00020|UDBC0319|500|EA|8|KRW|4000|20150930|1300|
C|005186|2015|50001872220003|001|4300003506|00030|UDBC0322|500|EA|10|KRW|5000|20150930|1300|
C|005186|2015|50001872220004|001|4300003506|00040|UDBC0320|500|EA|26|KRW|13000|20150930|1300|
C|005186|2015|50001872220005|001|4300003506|00050|UDBC0746|500|EA|9|KRW|4500|20150930|1300|
C|005186|2015|50001872220006|001|4300003506|00060|UDBC0720|500|EA|59|KRW|29500|20150930|1300|
C|005186|2015|50001872220007|001|4300003506|00070|UDBC0617|200|EA|50|KRW|10000|20150930|1300|
C|005186|2015|50001872220008|001|4300003506|00080|UDBC0527|200|EA|127|KRW|25400|20150930|1300|
C|005186|2015|50001872220009|001|4300003506|00090|UDBC0501|100|EA|296|KRW|29600|20150930|1300|
C|005186|2015|50001872220010|001|4300003506|00100|UDBC0505|100|EA|310|KRW|31000|20150930|1300|
C|005186|2015|50001872220011|001|4300003506|00110|UEBC0767|20|EA|1050|KRW|21000|20150930|1300|
C|005186|2015|50001872220012|001|4300003506|00120|UEBC0774|20|EA|515|KRW|10300|20150930|1300|
C|005186|2015|50001872220013|001|4300003506|00140|UGBC0854|5|EA|30975|KRW|154875|20150930|1300|
C|005186|2015|50001872220014|001|4300003506|00150|UGBC1276|5|EA|25600|KRW|128000|20150930|1300|
C|005186|2015|50001872220015|001|4300003506|00180|UDAC0006|20|EA|1155|KRW|23100|20150930|1300|
C|005186|2015|50001872220016|001|4300003506|00190|UEBC0006|8|EA|46250|KRW|370000|20150930|1300|
C|005186|2015|50001872220017|001|4300003506|00200|UEBC0007|8|EA|58800|KRW|470400|20150930|1300|
C|005186|2015|50001872220018|001|4300003506|00210|UEBC1207|1|EA|104000|KRW|104000|20150930|1300|
C|005186|2015|50001872220019|001|4300003509|00010|UEBC0769|20|EA|1890|KRW|37800|20150930|1300|
C|005186|2015|50001872220020|001|4300003509|00040|UKEC0018|40|EA|1530|KRW|61200|20150930|1300|
C|005186|2015|50001872220021|001|4300003509|00050|UKEC0010|40|EA|1530|KRW|61200|20150930|1300|
C|005186|2015|50001872220022|001|4300003509|00060|UKBC0010|1|EA|91480|KRW|91480|20150930|1300|
C|005186|2015|50001872220023|001|4300003509|00070|UKBC0014|1|EA|52500|KRW|52500|20150930|1300|
C|005186|2015|50001872220024|001|4300003509|00080|UKBC0007|5|EA|17540|KRW|87700|20150930|1300|
C|005186|2015|50001872220025|001|4300003509|00100|UEBC0359|10|EA|3810|KRW|38100|20150930|1300|
C|005186|2015|50001872220026|001|4300003509|00110|UDDC0295|1|EA|254710|KRW|254710|20150930|1300|
