C|005186|2019|50005057970001|001|4300013866|00070|UFAC0002|10|EA|18900|KRW|189000|20190715|1300|
C|005186|2019|50005057970002|001|4300014032|00040|UGCC1558|2|EA|67200|KRW|134400|20190715|1300|
C|005186|2019|50005057970003|001|4300014033|00030|UGBC1762|2|EA|63000|KRW|126000|20190715|1300|
C|005186|2019|50005057980001|001|4300014025|00010|KS061502|9|EA|2970|KRW|26730|20190715|1300|
C|005186|2019|50005057980002|001|4300014025|00020|KS061503|14|EA|3150|KRW|44100|20190715|1300|
C|005186|2019|50005057980003|001|4300014025|00030|KS061504|4|EA|4050|KRW|16200|20190715|1300|
C|005186|2019|50005057980004|001|4300014025|00040|KS061505|2|EA|6230|KRW|12460|20190715|1300|
C|005186|2019|50005057980005|001|4300014025|00050|KS061506|3|EA|7850|KRW|23550|20190715|1300|
C|005186|2019|50005057980006|001|4300014025|00060|KS066901|2|EA|1290|KRW|2580|20190715|1300|
C|005186|2019|50005057980007|001|4300014025|00070|KS066904|4|EA|2000|KRW|8000|20190715|1300|
C|005186|2019|50005057980008|001|4300014025|00080|KS067001|2|EA|1400|KRW|2800|20190715|1300|
C|005186|2019|50005057980009|001|4300014025|00090|KS067003|2|EA|1550|KRW|3100|20190715|1300|
C|005186|2019|50005057980010|001|4300014025|00100|KS067204|3|EA|2570|KRW|7710|20190715|1300|
C|005186|2019|50005057980011|001|4300014025|00110|KS080702|1|EA|19850|KRW|19850|20190715|1300|
C|005186|2019|50005057980012|001|4300014025|00120|KS990008|1|EA|39900|KRW|39900|20190715|1300|
C|005186|2019|50005057980013|001|4300014035|00020|UEBC1596|8|EA|102250|KRW|818000|20190715|1300|
C|005186|2019|50005057980014|001|4300014035|00030|UEBC1597|1|EA|71400|KRW|71400|20190715|1300|
C|005186|2019|50005057980015|001|4300014036|00010|UCKC0168|2|EA|195300|KRW|390600|20190715|1300|
C|005186|2019|50005057980016|001|4300014036|00020|UCKC0169|2|EA|38850|KRW|77700|20190715|1300|
C|005186|2019|50005057990001|001|4300014027|00010|UALC0119|6000|EA|10000|KRW|120000|20190715|1300|
C|005186|2019|50005057990002|001|4300014027|00020|UALC0118|6000|EA|55000|KRW|660000|20190715|1300|
C|005186|2019|50005058000001|001|4300014067|00070|UDBC0652|200|EA|13000|KRW|26000|20190715|1300|
C|005186|2019|50005058000002|001|4300014067|00080|UDBC1101|100|EA|88200|KRW|882000|20190715|1300|
C|005186|2019|50005058000003|001|4300014067|00160|UGAC0056|1|EA|139760|KRW|139760|20190715|1300|
C|005186|2019|50005058000004|001|4300014069|00020|UCKC0021|5|EA|48900|KRW|48900|20190715|1300|
C|005186|2019|50005058000005|001|4300014079|00020|UDBC1111|100|EA|400|KRW|4000|20190715|1300|
C|005186|2019|50005058000006|001|4300014093|00060|UDBC0842|200|EA|19700|KRW|39400|20190715|1300|
C|005186|2019|50005058000007|001|4300014093|00070|UDBC0304|200|EA|3200|KRW|6400|20190715|1300|
C|005186|2019|50005058010001|001|4300014077|00050|UEBC1604|1|EA|49670|KRW|49670|20190715|1300|
C|005186|2019|50005058010002|001|4300014099|00010|UEAC0128|1|EA|1999900|KRW|1999900|20190715|1300|
C|005186|2019|50005058020001|001|4300013992|00050|UGBC1501|2|EA|452000|KRW|904000|20190715|1300|
C|005186|2019|50005058020002|001|4300014032|00020|UGBC1757|10|EA|8400|KRW|84000|20190715|1300|
C|005186|2019|50005058020003|001|4300014032|00050|UGBC1760|3|EA|57750|KRW|173250|20190715|1300|
C|005186|2019|50005058020004|001|4300014032|00070|UGBC1767|1|EA|71000|KRW|71000|20190715|1300|
C|005186|2019|50005058020005|001|4300014032|00080|UGCC1563|10|EA|56700|KRW|567000|20190715|1300|
C|005186|2019|50005058020006|001|4300014082|00040|UGBC0067|20|EA|50400|KRW|50400|20190715|1300|
C|005186|2019|50005058020007|001|4300014082|00050|UGBC0252|20|EA|42000|KRW|42000|20190715|1300|
C|005186|2019|50005058020008|001|4300014082|00060|UGBC0721|20|EA|3150|KRW|63000|20190715|1300|
C|005186|2019|50005058020009|001|4300014082|00070|UGBC0820|10|EA|210000|KRW|210000|20190715|1300|
C|005186|2019|50005058020010|001|4300014082|00080|UGBC0257|40|EA|37000|KRW|74000|20190715|1300|
C|005186|2019|50005058020011|001|4300014082|00090|UGBC0258|20|EA|42000|KRW|42000|20190715|1300|
C|005186|2019|50005058020012|001|4300014082|00100|UGBC0231|40|EA|16600|KRW|33200|20190715|1300|
C|005186|2019|50005058020013|001|4300014082|00110|UGBC1615|30|EA|15200|KRW|45600|20190715|1300|
C|005186|2019|50005058020014|001|4300014082|00120|UGBC0352|40|EA|7400|KRW|14800|20190715|1300|
C|005186|2019|50005058020015|001|4300014082|00130|UGBC1196|30|EA|5200|KRW|15600|20190715|1300|
C|005186|2019|50005058020016|001|4300014082|00140|UGBC1199|20|EA|8700|KRW|17400|20190715|1300|
C|005186|2019|50005058020017|001|4300014113|00040|UCIC0107|1|EA|336000|KRW|336000|20190715|1300|
C|005186|2019|50005058030001|001|4300014075|00020|UCIC0242|1|EA|626000|KRW|626000|20190715|1300|
C|005186|2019|50005058030002|001|4300014076|00010|UGAC0114|1|EA|530250|KRW|530250|20190715|1300|
C|005186|2019|50005058030003|001|4300014076|00020|UGAC0115|1|EA|567000|KRW|567000|20190715|1300|
C|005186|2019|50005058030004|001|4300014076|00030|UGAC0116|1|EA|504000|KRW|504000|20190715|1300|
C|005186|2019|50005058030005|001|4300014077|00020|UEBC1601|3|EA|7370|KRW|22110|20190715|1300|
C|005186|2019|50005058030006|001|4300014077|00030|UEAC1143|3|EA|389030|KRW|1167090|20190715|1300|
C|005186|2019|50005058030007|001|4300014077|00040|UEBC1603|2|EA|14560|KRW|29120|20190715|1300|
C|005186|2019|50005058030008|001|4300014078|00010|UCKC0170|10|EA|41000|KRW|410000|20190715|1300|
C|005186|2019|50005058030009|001|4300014078|00060|UEBC1605|2|EA|14500|KRW|29000|20190715|1300|
C|005186|2019|50005058030010|001|4300014089|00010|UEBC0060|2|EA|680400|KRW|1360800|20190715|1300|
C|005186|2019|50005058030011|001|4300014098|00010|UEBC0664|11|EA|168000|KRW|1848000|20190715|1300|
C|005186|2019|50005058030012|001|4300014103|00010|UEBC1600|2|EA|38850|KRW|77700|20190715|1300|
C|005186|2019|50005058040001|001|4300014067|00170|UEBC0357|10|EA|11250|KRW|22500|20190715|1300|
C|005186|2019|50005058040002|001|4300014067|00180|UEBC0358|10|EA|12300|KRW|24600|20190715|1300|
C|005186|2019|50005058040003|001|4300014069|00010|UDAC0120|1|EA|367500|KRW|367500|20190715|1300|
C|005186|2019|50005058040004|001|4300014069|00060|UEBC0159|2|EA|54600|KRW|109200|20190715|1300|
C|005186|2019|50005058040005|001|4300014072|00020|UEAC1118|3|EA|34500|KRW|103500|20190715|1300|
C|005186|2019|50005058040006|001|4300014072|00030|UEAC1119|3|EA|27900|KRW|83700|20190715|1300|
C|005186|2019|50005058040007|001|4300014083|00010|UCKC0161|1|EA|1260000|KRW|1260000|20190715|1300|
C|005186|2019|50005058040008|001|4300014091|00010|UEBC0664|10|EA|168000|KRW|1680000|20190715|1300|
C|005186|2019|50005058040009|001|4300014091|00020|UEBC0794|40|EA|60600|KRW|121200|20190715|1300|
C|005186|2019|50005058040010|001|4300014100|00040|UEBC0895|5|EA|25200|KRW|126000|20190715|1300|
C|005186|2019|50005058040011|001|4300014104|00080|UEBC1164|2|EA|215000|KRW|430000|20190715|1300|
C|005186|2019|50005058040012|001|4300014104|00090|UEBC1542|10|EA|1580|KRW|15800|20190715|1300|
C|005186|2019|50005058040013|001|4300014104|00100|UEBC1016|5|EA|4130|KRW|20650|20190715|1300|
C|005186|2019|50005058040014|001|4300014104|00110|UDAC0342|10|EA|6350|KRW|12700|20190715|1300|
C|005186|2019|50005058040015|001|4300014105|00010|UDBC0951|300|EA|1600|KRW|4800|20190715|1300|
C|005186|2019|50005058040016|001|4300014105|00020|UDBC1001|300|EA|2800|KRW|8400|20190715|1300|
C|005186|2019|50005058040017|001|4300014105|00030|UDBC0223|300|EA|2100|KRW|6300|20190715|1300|
C|005186|2019|50005058040018|001|4300014105|00040|UDBC0227|300|EA|2100|KRW|6300|20190715|1300|
C|005186|2019|50005058040019|001|4300014105|00050|UDBC0224|300|EA|3800|KRW|11400|20190715|1300|
C|005186|2019|50005058040020|001|4300014105|00060|UDBC0228|300|EA|6300|KRW|18900|20190715|1300|
C|005186|2019|50005058040021|001|4300014105|00070|UDBC0218|300|EA|21000|KRW|63000|20190715|1300|
C|005186|2019|50005058040022|001|4300014105|00090|UDBC0902|300|EA|3200|KRW|9600|20190715|1300|
C|005186|2019|50005058050001|001|4300014024|00010|KE030200|4|EA|15230|KRW|60920|20190715|1300|
C|005186|2019|50005058050002|001|4300014024|00020|KE030205|4|EA|31290|KRW|125160|20190715|1300|
C|005186|2019|50005058050003|001|4300014024|00030|KE030209|1|EA|74450|KRW|74450|20190715|1300|
C|005186|2019|50005058050004|001|4300014024|00040|KE050302|11|EA|1160|KRW|12760|20190715|1300|
C|005186|2019|50005058050005|001|4300014024|00050|KE050701|4|EA|2630|KRW|10520|20190715|1300|
C|005186|2019|50005058050006|001|4300014024|00060|KE050801|7|EA|1900|KRW|13300|20190715|1300|
C|005186|2019|50005058050007|001|4300014024|00070|KE090127|1|EA|34000|KRW|34000|20190715|1300|
C|005186|2019|50005058050008|001|4300014024|00080|KE180203|15|EA|13650|KRW|204750|20190715|1300|
C|005186|2019|50005058050009|001|4300014024|00090|KE190003|3|EA|29300|KRW|87900|20190715|1300|
C|005186|2019|50005058050010|001|4300014024|00100|KE230003|125|EA|46750|KRW|233750|20190715|1300|
C|005186|2019|50005058050011|001|4300014024|00110|KE231001|12|EA|16150|KRW|193800|20190715|1300|
C|005186|2019|50005058050012|001|4300014024|00120|KE231300|1|EA|19030|KRW|19030|20190715|1300|
C|005186|2019|50005058050013|001|4300014024|00130|KE231406|15|EA|7140|KRW|107100|20190715|1300|
C|005186|2019|50005058050014|001|4300014024|00140|KE270300|60|EA|9400|KRW|28200|20190715|1300|
C|005186|2019|50005058050015|001|4300014024|00150|KE270302|4|EA|6900|KRW|27600|20190715|1300|
C|005186|2019|50005058050016|001|4300014051|00010|KE030200|6|EA|15230|KRW|91380|20190715|1300|
C|005186|2019|50005058050017|001|4300014051|00020|KE280401|5|EA|20800|KRW|104000|20190715|1300|
C|005186|2019|50005058060001|001|4300014032|00030|UHGC0358|2|EA|345600|KRW|691200|20190715|1300|
C|005186|2019|50005058060002|001|4300014037|00010|UHGC0236|2|EA|932700|KRW|1865400|20190715|1300|
C|005186|2019|50005058060003|001|4300014072|00010|UHDC0074|40|EA|136500|KRW|546000|20190715|1300|
C|005186|2019|50005058060004|001|4300014072|00040|UHGC0197|10|EA|180000|KRW|360000|20190715|1300|
C|005186|2019|50005058060005|001|4300014072|00050|UHFC0329|50|EA|199500|KRW|199500|20190715|1300|
C|005186|2019|50005058060006|001|4300014072|00060|UFJC0010|5|EA|58940|KRW|294700|20190715|1300|
C|005186|2019|50005058060007|001|4300014072|00070|UHGC0295|10|EA|180200|KRW|360400|20190715|1300|
C|005186|2019|50005058060008|001|4300014073|00010|UHGC0327|20|EA|74200|KRW|296800|20190715|1300|
C|005186|2019|50005058060009|001|4300014073|00020|UHGC0269|2|EA|416850|KRW|833700|20190715|1300|
C|005186|2019|50005058060010|001|4300014073|00030|UHDC0063|5|EA|304500|KRW|304500|20190715|1300|
C|005186|2019|50005058060011|001|4300014073|00040|UHTC0548|10|EA|84700|KRW|84700|20190715|1300|
C|005186|2019|50005058060012|001|4300014074|00020|UHNC0074|2|EA|397950|KRW|795900|20190715|1300|
C|005186|2019|50005058070001|001|4300014104|00010|UDCC0054|2|EA|84100|KRW|168200|20190715|1300|
C|005186|2019|50005058070002|001|4300014104|00020|UDBC0675|10|EA|75500|KRW|75500|20190715|1300|
C|005186|2019|50005058070003|001|4300014104|00030|UDBC0031|30|EA|7500|KRW|22500|20190715|1300|
C|005186|2019|50005058070004|001|4300014104|00040|UDEC0014|1|EA|58440|KRW|58440|20190715|1300|
C|005186|2019|50005058070005|001|4300014104|00070|UDEC0043|2|EA|30450|KRW|60900|20190715|1300|
C|005186|2019|50005058070006|001|4300014105|00120|UGCC0220|50|EA|22890|KRW|114450|20190715|1300|
C|005186|2019|50005058070007|001|4300014105|00130|UGCC0206|30|EA|34900|KRW|104700|20190715|1300|
C|005186|2019|50005058070008|001|4300014105|00140|UGCC0214|20|EA|46000|KRW|92000|20190715|1300|
C|005186|2019|50005058070009|001|4300014106|00010|UHHC0078|1|EA|573300|KRW|573300|20190715|1300|
C|005186|2019|50005058070010|001|4300014106|00020|UHTC0871|2|EA|533930|KRW|1067860|20190715|1300|
C|005186|2019|50005058070011|001|4300014106|00030|UHTC0872|5|EA|58850|KRW|294250|20190715|1300|
C|005186|2019|50005058070012|001|4300014107|00040|UHGC0359|3|EA|10260|KRW|30780|20190715|1300|
C|005186|2019|50005058070013|001|4300014107|00050|UHDC0261|5|EA|35640|KRW|178200|20190715|1300|
C|005186|2019|50005058070014|001|4300014107|00060|UHGC0360|3|EA|300000|KRW|300000|20190715|1300|
C|005186|2019|50005058070015|001|4300014108|00020|UHTC0520|2|EA|140000|KRW|280000|20190715|1300|
C|005186|2019|50005058070016|001|4300014109|00010|UHGC0361|3|EA|720000|KRW|720000|20190715|1300|
C|005186|2019|50005058070017|001|4300014109|00020|UHDC0019|20|EA|367500|KRW|735000|20190715|1300|
C|005186|2019|50005058070018|001|4300014109|00030|UHFC0164|100|EA|21000|KRW|21000|20190715|1300|
C|005186|2019|50005058070019|001|4300014110|00010|UHGC0254|2|EA|800000|KRW|1600000|20190715|1300|
C|005186|2019|50005058070020|001|4300014111|00010|UHDC0093|5|EA|693000|KRW|693000|20190715|1300|
C|005186|2019|50005058070021|001|4300014111|00020|UHGC0023|5|EA|74800|KRW|74800|20190715|1300|
C|005186|2019|50005058070022|001|4300014111|00030|UHHC0078|1|EA|573300|KRW|573300|20190715|1300|
C|005186|2019|50005058070023|001|4300014111|00040|UHFC0336|2|EA|82950|KRW|165900|20190715|1300|
C|005186|2019|50005058070024|001|4300014112|00010|UHCC0018|1|EA|922100|KRW|922100|20190715|1300|
C|005186|2019|50005058070025|001|4300014112|00020|UHGC0246|10|EA|109500|KRW|219000|20190715|1300|
C|005186|2019|50005058070026|001|4300014112|00030|UHGC0277|1|EA|605270|KRW|605270|20190715|1300|
C|005186|2019|50005058080001|001|4300014067|00010|UFAC0002|5|EA|18900|KRW|94500|20190715|1300|
C|005186|2019|50005058080002|001|4300014067|00020|UKGC0008|7|EA|2940|KRW|20580|20190715|1300|
C|005186|2019|50005058080003|001|4300014067|00030|UAIC0002|10|EA|18400|KRW|36800|20190715|1300|
C|005186|2019|50005058080004|001|4300014067|00060|UAAC0029|40|EA|18900|KRW|75600|20190715|1300|
C|005186|2019|50005058080005|001|4300014069|00030|UZZC0172|5|EA|47250|KRW|47250|20190715|1300|
C|005186|2019|50005058080006|001|4300014069|00070|UZZC0172|10|EA|47250|KRW|94500|20190715|1300|
C|005186|2019|50005058080007|001|4300014081|00010|UALC0136|3|EA|200000|KRW|600000|20190715|1300|
C|005186|2019|50005058080008|001|4300014090|00010|UIDC0085|17|EA|111160|KRW|1889720|20190715|1300|
C|005186|2019|50005058080009|001|4300014091|00030|UIDC0085|1|EA|111160|KRW|111160|20190715|1300|
C|005186|2019|50005058080010|001|4300014092|00010|UHHC0013|90|M|20580|KRW|1852200|20190715|1300|
C|005186|2019|50005058080011|001|4300014093|00040|UFAC0002|2|EA|18900|KRW|37800|20190715|1300|
C|005186|2019|50005058080012|001|4300014093|00050|UKGC0008|2|EA|2940|KRW|5880|20190715|1300|
C|005186|2019|50005058080013|001|4300014097|00010|KE280401|5|EA|20800|KRW|104000|20190715|1300|
C|005186|2019|50005058080014|001|4300014100|00010|UIDC0141|1|EA|232280|KRW|232280|20190715|1300|
C|005186|2019|50005058080015|001|4300014113|00020|UHFC0177|5|EA|47250|KRW|236250|20190715|1300|
C|005186|2019|50005058090001|001|4300014026|00020|KH990101|6|EA|7250|KRW|43500|20190715|1300|
C|005186|2019|50005058090002|001|4300014026|00030|KP150400|100|EA|17000|KRW|17000|20190715|1300|
C|005186|2019|50005058090003|001|4300014031|00010|UJBC0065|2|EA|118050|KRW|236100|20190715|1300|
C|005186|2019|50005058090004|001|4300014034|00010|UKGC0029|5|EA|16800|KRW|84000|20190715|1300|
C|005186|2019|50005058090005|001|4300014071|00010|UGCC1555|4|EA|352800|KRW|1411200|20190715|1300|
C|005186|2019|50005058090006|001|4300014075|00010|UGCC1556|1|EA|735000|KRW|735000|20190715|1300|
C|005186|2019|50005058090007|001|4300014078|00020|UGBC1764|30|EA|16500|KRW|49500|20190715|1300|
C|005186|2019|50005058090008|001|4300014078|00030|UGBC1765|30|EA|6300|KRW|18900|20190715|1300|
C|005186|2019|50005058090009|001|4300014078|00050|UGBC1766|20|EA|74400|KRW|148800|20190715|1300|
C|005186|2019|50005058090010|001|4300014082|00150|UGBC1380|2|EA|72500|KRW|145000|20190715|1300|
C|005186|2019|50005058100001|001|4300014067|00120|UAAC0022|5|EA|49850|KRW|49850|20190715|1300|
C|005186|2019|50005058100002|001|4300014067|00140|UGCC0026|1|EA|65100|KRW|65100|20190715|1300|
C|005186|2019|50005058100003|001|4300014067|00150|UGCC0032|1|EA|36980|KRW|36980|20190715|1300|
C|005186|2019|50005058100004|001|4300014080|00020|UGBC1763|5|EA|2500|KRW|12500|20190715|1300|
C|005186|2019|50005058100005|001|4300014080|00040|UGBC1768|20|EA|45200|KRW|45200|20190715|1300|
C|005186|2019|50005058100006|001|4300014080|00050|UGBC1769|20|EA|42600|KRW|42600|20190715|1300|
