C|005186|2014|50000569730001|001|4300001112|00020|UHGC0235|20|EA|22950|KRW|459000|20140214|1300|
C|005186|2014|50000569730002|001|4300001119|00100|UHGC0260|3|EA|208000|KRW|624000|20140214|1300|
C|005186|2014|50000569730003|001|4300001119|00110|UHGC0261|5|EA|63000|KRW|315000|20140214|1300|
C|005186|2014|50000569730004|001|4300001122|00010|UHNC0123|1|EA|496850|KRW|496850|20140214|1300|
C|005186|2014|50000569730005|001|4300001122|00020|UHTC0349|10|EA|50190|KRW|501900|20140214|1300|
C|005186|2014|50000569730006|001|4300001122|00030|UHFC0150|5|EA|49600|KRW|248000|20140214|1300|
C|005186|2014|50000569730007|001|4300001122|00040|UHHC0116|9|EA|215250|KRW|1937250|20140214|1300|
C|005186|2014|50000569730008|001|4300001122|00050|UHFC0330|1|EA|16800|KRW|16800|20140214|1300|
C|005186|2014|50000569730009|001|4300001122|00060|UHNC0032|2|EA|293000|KRW|586000|20140214|1300|
C|005186|2014|50000569730010|001|4300001122|00070|UHFC0132|3|EA|23630|KRW|70890|20140214|1300|
C|005186|2014|50000569730011|001|4300001122|00080|UHGC0197|5|EA|36000|KRW|180000|20140214|1300|
C|005186|2014|50000569730012|001|4300001122|00090|UHFC0302|20|EA|23800|KRW|476000|20140214|1300|
C|005186|2014|50000569730013|001|4300001122|00100|UHNC0126|1|EA|400000|KRW|400000|20140214|1300|
C|005186|2014|50000569730014|001|4300001122|00110|UGAC0007|9|EA|49140|KRW|442260|20140214|1300|
C|005186|2014|50000569730015|001|4300001122|00120|UHFC0327|1|EA|315000|KRW|315000|20140214|1300|
C|005186|2014|50000569730016|001|4300001122|00130|UHGC0235|30|EA|22950|KRW|688500|20140214|1300|
C|005186|2014|50000569730017|001|4300001123|00010|UHFC0137|3|EA|40500|KRW|121500|20140214|1300|
C|005186|2014|50000569730018|001|4300001123|00020|UHFC0330|9|EA|16800|KRW|151200|20140214|1300|
C|005186|2014|50000569740001|001|4300000913|00010|UHGC0128|1|EA|510300|KRW|510300|20140214|1300|
C|005186|2014|50000569750001|001|4300001132|00170|UZZC0110|1|EA|390000|KRW|390000|20140214|1300|
C|005186|2014|50000569760001|001|4300001059|00020|UDCC0033|3|EA|115500|KRW|346500|20140214|1300|
C|005186|2014|50000569760002|001|4300001059|00030|UDCC0034|2|EA|80850|KRW|161700|20140214|1300|
C|005186|2014|50000569760003|001|4300001059|00040|UDEC0004|1|EA|546000|KRW|546000|20140214|1300|
C|005186|2014|50000569760004|001|4300001059|00050|UDEC0083|1|EA|404250|KRW|404250|20140214|1300|
C|005186|2014|50000569760005|001|4300001062|00130|UDEC0082|1|EA|330750|KRW|330750|20140214|1300|
C|005186|2014|50000569760006|001|4300001062|00140|UDEC0081|1|EA|274700|KRW|274700|20140214|1300|
C|005186|2014|50000569760007|001|4300001062|00150|UDEC0080|20|EA|44100|KRW|882000|20140214|1300|
C|005186|2014|50000569760008|001|4300001062|00160|UDEC0085|10|EA|63660|KRW|636600|20140214|1300|
C|005186|2014|50000569760009|001|4300001084|00030|UDCC0029|5|EA|51450|KRW|257250|20140214|1300|
C|005186|2014|50000569760010|001|4300001104|00010|UHTC0155|16|EA|83000|KRW|1328000|20140214|1300|
C|005186|2014|50000569760011|001|4300001104|00020|UHTC0156|6|EA|102900|KRW|617400|20140214|1300|
C|005186|2014|50000569760012|001|4300001104|00030|UHFC0075|20|EA|13630|KRW|272600|20140214|1300|
C|005186|2014|50000569760013|001|4300001104|00040|UHHC0001|1|EA|155400|KRW|155400|20140214|1300|
C|005186|2014|50000569760014|001|4300001104|00050|UHHC0002|1|EA|228900|KRW|228900|20140214|1300|
C|005186|2014|50000569760015|001|4300001104|00060|UHTC0278|3|EA|8400|KRW|25200|20140214|1300|
C|005186|2014|50000569760016|001|4300001104|00070|UHFC0049|2|EA|22050|KRW|44100|20140214|1300|
C|005186|2014|50000569760017|001|4300001104|00080|UHFC0296|10|EA|17000|KRW|170000|20140214|1300|
C|005186|2014|50000569760018|001|4300001104|00090|UHFC0394|10|EA|31050|KRW|310500|20140214|1300|
C|005186|2014|50000569760019|001|4300001104|00100|UHTC0177|10|EA|7360|KRW|73600|20140214|1300|
C|005186|2014|50000569760020|001|4300001104|00140|UHFC0223|1|EA|23960|KRW|23960|20140214|1300|
C|005186|2014|50000569760021|001|4300001104|00230|UHHC0063|1|EA|790650|KRW|790650|20140214|1300|
C|005186|2014|50000569760022|001|4300001113|00010|UKBC0010|1|EA|91480|KRW|91480|20140214|1300|
C|005186|2014|50000569770001|001|4300001101|00010|UAEC0230|1|EA|8610|KRW|8610|20140214|1300|
C|005186|2014|50000569770002|001|4300001101|00020|UADC0034|1|EA|197400|KRW|197400|20140214|1300|
C|005186|2014|50000569770003|001|4300001101|00030|UADC0159|3|EA|296800|KRW|890400|20140214|1300|
C|005186|2014|50000569770004|001|4300001101|00050|UEBC1010|1|EA|14620|KRW|14620|20140214|1300|
C|005186|2014|50000569770005|001|4300001101|00060|UEBC1059|1|EA|606000|KRW|606000|20140214|1300|
C|005186|2014|50000569770006|001|4300001101|00080|UGBC0111|5|EA|294000|KRW|1470000|20140214|1300|
C|005186|2014|50000569770007|001|4300001101|00090|UGBC0112|5|EA|231000|KRW|1155000|20140214|1300|
C|005186|2014|50000569770008|001|4300001101|00100|UEBC0608|1|EA|142100|KRW|142100|20140214|1300|
C|005186|2014|50000569770009|001|4300001101|00110|UEBC0600|1|EA|237300|KRW|237300|20140214|1300|
C|005186|2014|50000569770010|001|4300001101|00130|UEBC1122|5|EA|3020|KRW|15100|20140214|1300|
C|005186|2014|50000569770011|001|4300001101|00140|UKBC0006|1|EA|69830|KRW|69830|20140214|1300|
C|005186|2014|50000569770012|001|4300001101|00150|UHTC0239|5|EA|15750|KRW|78750|20140214|1300|
C|005186|2014|50000569770013|001|4300001101|00160|UHTC0309|3|EA|2630|KRW|7890|20140214|1300|
C|005186|2014|50000569770014|001|4300001101|00180|UDBC0542|50|EA|274|KRW|13700|20140214|1300|
C|005186|2014|50000569770015|001|4300001104|00130|UGAC0083|1|EA|33500|KRW|33500|20140214|1300|
C|005186|2014|50000569770016|001|4300001104|00160|UCAC0291|1|EA|648000|KRW|648000|20140214|1300|
C|005186|2014|50000569770017|001|4300001104|00170|UHTC0569|1|EA|208400|KRW|208400|20140214|1300|
C|005186|2014|50000569770018|001|4300001104|00180|UAEC0396|2|EA|43000|KRW|86000|20140214|1300|
C|005186|2014|50000569770019|001|4300001104|00190|UAEC0394|6|EA|1300|KRW|7800|20140214|1300|
C|005186|2014|50000569770020|001|4300001104|00200|UAEC0395|6|EA|1300|KRW|7800|20140214|1300|
C|005186|2014|50000569770021|001|4300001104|00210|UHDC0205|4|EA|73500|KRW|294000|20140214|1300|
C|005186|2014|50000569770022|001|4300001104|00220|UGAC0078|2|EA|32750|KRW|65500|20140214|1300|
C|005186|2014|50000569780001|001|4300000837|00100|UEAC0152|1|EA|715000|KRW|715000|20140214|1300|
C|005186|2014|50000569780002|001|4300000994|00040|UKBC0010|1|EA|91480|KRW|91480|20140214|1300|
C|005186|2014|50000569780003|001|4300000994|00070|UEBC0792|10|EA|2600|KRW|26000|20140214|1300|
C|005186|2014|50000569780004|001|4300000994|00080|UEBC0793|10|EA|1350|KRW|13500|20140214|1300|
C|005186|2014|50000569780005|001|4300000994|00090|UAEC0095|2|EA|22630|KRW|45260|20140214|1300|
C|005186|2014|50000569780006|001|4300000994|00100|UAEC0007|2|EA|4630|KRW|9260|20140214|1300|
C|005186|2014|50000569780007|001|4300000994|00110|UAEC0009|2|EA|6050|KRW|12100|20140214|1300|
C|005186|2014|50000569780008|001|4300000994|00120|UAEC0010|2|EA|6360|KRW|12720|20140214|1300|
C|005186|2014|50000569780009|001|4300000994|00130|UAEC0004|2|EA|9450|KRW|18900|20140214|1300|
C|005186|2014|50000569790001|001|4300001062|00120|UDDC0176|5|EA|56010|KRW|280050|20140214|1300|
C|005186|2014|50000569790002|001|4300001084|00020|UAGC0193|100|EA|3255|KRW|325500|20140214|1300|
C|005186|2014|50000569790003|001|4300001084|00040|UEBC0040|1|EA|59540|KRW|59540|20140214|1300|
C|005186|2014|50000569790004|001|4300001084|00050|UALC0032|50|EA|2950|KRW|147500|20140214|1300|
C|005186|2014|50000569790005|001|4300001084|00130|UDAC0111|50|EA|320|KRW|16000|20140214|1300|
C|005186|2014|50000569790006|001|4300001084|00140|UDAC0101|50|EA|320|KRW|16000|20140214|1300|
C|005186|2014|50000569790007|001|4300001088|00060|UAJC0040|1|EA|44840|KRW|44840|20140214|1300|
C|005186|2014|50000569790008|001|4300001088|00090|UEBC1085|10|EA|37000|KRW|370000|20140214|1300|
