C|005186|2016|50002726490001|001|4300005606|00060|CMD0016|2|EA|30450|KRW|60900|20160728|1300|
C|005186|2016|50002726700001|001|4300005621|00060|CMD0016|2|EA|30450|KRW|60900|20160728|1300|
C|005186|2016|50002726700002|001|4300005621|00070|CMD0011|1|EA|24150|KRW|24150|20160728|1300|
C|005186|2016|50002726710001|001|4300005608|00010|CMD0016|1|EA|30450|KRW|30450|20160728|1300|
C|005186|2016|50002726710002|001|4300005608|00030|CMD0016|1|EA|30450|KRW|30450|20160728|1300|
C|005186|2016|50002726720001|001|4300005607|00100|CMD0016|8|EA|30450|KRW|243600|20160728|1300|
C|005186|2016|50002726720002|001|4300005612|00070|CMD0016|6|EA|30450|KRW|182700|20160728|1300|
C|005186|2016|50002726720003|001|4300005613|00060|CMD0011|1|EA|24150|KRW|24150|20160728|1300|
C|005186|2016|50002726720004|001|4300005615|00130|CMD0011|2|EA|24150|KRW|48300|20160728|1300|
C|005186|2016|50002726720005|001|4300005616|00100|CMD0011|3|EA|24150|KRW|72450|20160728|1300|
C|005186|2016|50002726720006|001|4300005617|00090|CMD0011|3|EA|24150|KRW|72450|20160728|1300|
C|005186|2016|50002726720007|001|4300005623|00130|CMF0005|10|EA|20700|KRW|207000|20160728|1300|
C|005186|2016|50002726720008|001|4300005623|00210|CMD0011|16|EA|24150|KRW|386400|20160728|1300|
