C|005186|2015|50001550670001|001|4300002789|00010|UDEC0004|2|EA|546000|KRW|1092000|20150529|1300|
C|005186|2015|50001550670002|001|4300002789|00020|UHTC0744|3|EA|276000|KRW|828000|20150529|1300|
C|005186|2015|50001550670003|001|4300002791|00010|UHTC0744|5|EA|276000|KRW|1380000|20150529|1300|
C|005186|2015|50001550670004|001|4300002820|00020|UJAC01444|1|EA|52185|KRW|52185|20150529|1300|
C|005186|2015|50001550670005|001|4300002820|00060|UDBC0912|50|EA|620|KRW|31000|20150529|1300|
C|005186|2015|50001550670006|001|4300002820|00070|UAEC0427|2|EA|3738|KRW|7476|20150529|1300|
C|005186|2015|50001550670007|001|4300002820|00080|UAEC0428|2|EA|4095|KRW|8190|20150529|1300|
C|005186|2015|50001550670008|001|4300002820|00090|UAEC0421|2|EA|4778|KRW|9556|20150529|1300|
C|005186|2015|50001550670009|001|4300002820|00100|UAEC0422|2|EA|5187|KRW|10374|20150529|1300|
C|005186|2015|50001550670010|001|4300002820|00110|UAEC0423|2|EA|11550|KRW|23100|20150529|1300|
C|005186|2015|50001550670011|001|4300002821|00020|UHTC0759|5|EA|47700|KRW|238500|20150529|1300|
C|005186|2015|50001550670012|001|4300002821|00030|UHTC0763|5|EA|36000|KRW|180000|20150529|1300|
C|005186|2015|50001550670013|001|4300002822|00010|UHTC0760|8|EA|47700|KRW|381600|20150529|1300|
C|005186|2015|50001550670014|001|4300002822|00020|UHTC0764|5|EA|19000|KRW|95000|20150529|1300|
C|005186|2015|50001550670015|001|4300002822|00050|UHTC0689|10|EA|41000|KRW|410000|20150529|1300|
C|005186|2015|50001550680001|001|4300002854|00030|UEAC0168|1|EA|456000|KRW|456000|20150529|1300|
C|005186|2015|50001550680002|001|4300002855|00020|UEAC0169|1|EA|641000|KRW|641000|20150529|1300|
C|005186|2015|50001550680003|001|4300002858|00020|UEAC0172|1|EA|700000|KRW|700000|20150529|1300|
C|005186|2015|50001550690001|001|4300002818|00050|UKBC0010|1|EA|91480|KRW|91480|20150529|1300|
C|005186|2015|50001550690002|001|4300002818|00060|UDBC0044|600|EA|381|KRW|228600|20150529|1300|
C|005186|2015|50001550690003|001|4300002818|00070|UDBC0033|600|EA|119|KRW|71400|20150529|1300|
C|005186|2015|50001550690004|001|4300002818|00080|UDBC0072|1200|EA|48|KRW|57600|20150529|1300|
C|005186|2015|50001550690005|001|4300002818|00090|UFGC0019|15|EA|14440|KRW|216600|20150529|1300|
C|005186|2015|50001550690006|001|4300002818|00110|UGCC0240|6|EA|16900|KRW|101400|20150529|1300|
C|005186|2015|50001550690007|001|4300002819|00010|UGCC0845|6|EA|26500|KRW|159000|20150529|1300|
C|005186|2015|50001550690008|001|4300002819|00030|UFFC0023|3|EA|9600|KRW|28800|20150529|1300|
C|005186|2015|50001550690009|001|4300002819|00040|UFGC0023|2|EA|16150|KRW|32300|20150529|1300|
C|005186|2015|50001550690010|001|4300002839|00020|UEAC0167|1|EA|1038000|KRW|1038000|20150529|1300|
C|005186|2015|50001550690011|001|4300002853|00040|UEBC1209|4|EA|27600|KRW|110400|20150529|1300|
C|005186|2015|50001550690012|001|4300002856|00010|UEBC1213|5|EA|154800|KRW|774000|20150529|1300|
C|005186|2015|50001550690013|001|4300002857|00010|UCKC0114|2|EA|943000|KRW|1886000|20150529|1300|
C|005186|2015|50001550690014|001|4300002858|00090|UKAC0051|20|EA|2680|KRW|53600|20150529|1300|
C|005186|2015|50001550690015|001|4300002858|00100|UKAC0052|20|EA|3300|KRW|66000|20150529|1300|
C|005186|2015|50001550690016|001|4300002859|00030|UGBC1440|20|EA|1330|KRW|26600|20150529|1300|
C|005186|2015|50001550800001|001|4300002853|00020|UGBC1425|3|EA|127000|KRW|381000|20150529|1300|
C|005186|2015|50001550800002|001|4300002854|00010|UGBC1426|2|EA|243000|KRW|486000|20150529|1300|
C|005186|2015|50001550800003|001|4300002854|00020|UGBC1427|4|EA|127000|KRW|508000|20150529|1300|
C|005186|2015|50001550800004|001|4300002854|00050|UGCC0947|1|EA|143000|KRW|143000|20150529|1300|
C|005186|2015|50001550800005|001|4300002855|00030|UGCC0944|1|EA|48000|KRW|48000|20150529|1300|
C|005186|2015|50001550800006|001|4300002856|00030|UGCC0943|1|EA|641500|KRW|641500|20150529|1300|
C|005186|2015|50001550800007|001|4300002858|00040|UGBC1438|1|EA|130400|KRW|130400|20150529|1300|
C|005186|2015|50001550800008|001|4300002858|00060|UGCC0954|4|EA|40300|KRW|161200|20150529|1300|
C|005186|2015|50001550800009|001|4300002858|00080|UGCC0955|1|EA|102300|KRW|102300|20150529|1300|
C|005186|2015|50001550800010|001|4300002859|00010|UCIC0189|1|EA|932000|KRW|932000|20150529|1300|
C|005186|2015|50001550800011|001|4300002859|00050|UGCC0993|2|EA|68400|KRW|136800|20150529|1300|
C|005186|2015|50001550810001|001|4300002723|00030|UHDC0061|50|EA|10300|KRW|515000|20150529|1300|
C|005186|2015|50001550810002|001|4300002725|00010|UHHC0197|100|EA|15400|KRW|1540000|20150529|1300|
C|005186|2015|50001550810003|001|4300002729|00010|KE030011|4|EA|8190|KRW|32760|20150529|1300|
C|005186|2015|50001550810004|001|4300002729|00020|KE030122|2|EA|31500|KRW|63000|20150529|1300|
C|005186|2015|50001550810005|001|4300002729|00030|KE030123|3|EA|31500|KRW|94500|20150529|1300|
C|005186|2015|50001550810006|001|4300002729|00040|KE030200|6|EA|15230|KRW|91380|20150529|1300|
C|005186|2015|50001550810007|001|4300002729|00050|KE030211|1|EA|145740|KRW|145740|20150529|1300|
C|005186|2015|50001550810008|001|4300002729|00060|KE050207|1|EA|6930|KRW|6930|20150529|1300|
C|005186|2015|50001550810009|001|4300002729|00070|KE050213|4|EA|8440|KRW|33760|20150529|1300|
C|005186|2015|50001550810010|001|4300002729|00080|KE050304|9|EA|2600|KRW|23400|20150529|1300|
C|005186|2015|50001550810011|001|4300002729|00090|KE050502|1|EA|10000|KRW|10000|20150529|1300|
C|005186|2015|50001550810012|001|4300002729|00100|KE090112|6|EA|16800|KRW|100800|20150529|1300|
C|005186|2015|50001550810013|001|4300002729|00110|KE090116|2|EA|28040|KRW|56080|20150529|1300|
C|005186|2015|50001550810014|001|4300002729|00120|KE090127|1|EA|34000|KRW|34000|20150529|1300|
C|005186|2015|50001550810015|001|4300002729|00130|KE090165|2|EA|165900|KRW|331800|20150529|1300|
C|005186|2015|50001550810016|001|4300002729|00140|KE110100|4|EA|124000|KRW|496000|20150529|1300|
C|005186|2015|50001550810017|001|4300002729|00150|KE110200|6|EA|65100|KRW|390600|20150529|1300|
C|005186|2015|50001550810018|001|4300002814|00010|UHEC0033|9|EA|102000|KRW|918000|20150529|1300|
C|005186|2015|50001550810019|001|4300002814|00020|UHAC0009|1|EA|527000|KRW|527000|20150529|1300|
C|005186|2015|50001550810020|001|4300002814|00030|UHGC0281|1|EA|490000|KRW|490000|20150529|1300|
C|005186|2015|50001550810021|001|4300002815|00020|UHTC0756|5|EA|83000|KRW|415000|20150529|1300|
C|005186|2015|50001550810022|001|4300002815|00050|UHDC0245|3|EA|62500|KRW|187500|20150529|1300|
C|005186|2015|50001550810023|001|4300002859|00020|UEAC0174|1|EA|816000|KRW|816000|20150529|1300|
C|005186|2015|50001550820001|001|4300002727|00030|UGAC0078|10|EA|32750|KRW|327500|20150529|1300|
C|005186|2015|50001550820002|001|4300002727|00040|UHTC0576|10|EA|34730|KRW|347300|20150529|1300|
C|005186|2015|50001550820003|001|4300002727|00050|UHTC0565|10|EA|22100|KRW|221000|20150529|1300|
C|005186|2015|50001550820004|001|4300002727|00060|UHTC0566|10|EA|12630|KRW|126300|20150529|1300|
C|005186|2015|50001550820005|001|4300002727|00070|UHTC0577|10|EA|16840|KRW|168400|20150529|1300|
C|005186|2015|50001550820006|001|4300002727|00080|UHNC0032|1|EA|293000|KRW|293000|20150529|1300|
C|005186|2015|50001550820007|001|4300002787|00030|UHTC0579|10|EA|3500|KRW|35000|20150529|1300|
C|005186|2015|50001550820008|001|4300002787|00040|UHGC0150|5|EA|31600|KRW|158000|20150529|1300|
C|005186|2015|50001550820009|001|4300002787|00050|UFHC0005|5|EA|27825|KRW|139125|20150529|1300|
C|005186|2015|50001550820010|001|4300002788|00050|UHTC0578|10|EA|5800|KRW|58000|20150529|1300|
C|005186|2015|50001550820011|001|4300002788|00060|UHTC0750|2|EA|79500|KRW|159000|20150529|1300|
C|005186|2015|50001550820012|001|4300002788|00070|UHEC0030|1|EA|115000|KRW|115000|20150529|1300|
C|005186|2015|50001550820013|001|4300002788|00080|UHEC0031|2|EA|101000|KRW|202000|20150529|1300|
C|005186|2015|50001550820014|001|4300002788|00090|UHDC0242|2|EA|144000|KRW|288000|20150529|1300|
C|005186|2015|50001550820015|001|4300002790|00010|UHTC0047|10|EA|132500|KRW|1325000|20150529|1300|
C|005186|2015|50001550820016|001|4300002790|00020|UHEC0028|10|EA|48500|KRW|485000|20150529|1300|
C|005186|2015|50001550820017|001|4300002791|00020|UHEC0029|2|EA|144000|KRW|288000|20150529|1300|
C|005186|2015|50001550820018|001|4300002791|00030|UHNC0137|1|EA|185000|KRW|185000|20150529|1300|
C|005186|2015|50001550820019|001|4300002791|00040|UHGC0279|5|EA|21200|KRW|106000|20150529|1300|
C|005186|2015|50001550820020|001|4300002792|00010|UHNC0138|3|EA|165000|KRW|495000|20150529|1300|
C|005186|2015|50001550820021|001|4300002792|00020|UHNC0139|3|EA|150000|KRW|450000|20150529|1300|
C|005186|2015|50001550820022|001|4300002792|00040|UFJC0025|2|EA|75000|KRW|150000|20150529|1300|
C|005186|2015|50001550820023|001|4300002792|00050|UHDC0241|40|EA|3000|KRW|120000|20150529|1300|
C|005186|2015|50001550820024|001|4300002793|00020|UHTC0746|20|EA|55000|KRW|1100000|20150529|1300|
C|005186|2015|50001550820025|001|4300002794|00030|UHEC0032|6|EA|81600|KRW|489600|20150529|1300|
C|005186|2015|50001550820026|001|4300002795|00020|UHFC0423|1|EA|58300|KRW|58300|20150529|1300|
C|005186|2015|50001550820027|001|4300002795|00030|UHDC0243|2|EA|50000|KRW|100000|20150529|1300|
C|005186|2015|50001550820028|001|4300002795|00040|UHDC0244|3|EA|60500|KRW|181500|20150529|1300|
C|005186|2015|50001550820029|001|4300002795|00050|UHGC0280|2|EA|35500|KRW|71000|20150529|1300|
C|005186|2015|50001550820030|001|4300002795|00070|UHBC0020|1|EA|382000|KRW|382000|20150529|1300|
C|005186|2015|50001550820031|001|4300002795|00080|UHGC0282|1|EA|750000|KRW|750000|20150529|1300|
C|005186|2015|50001550820032|001|4300002821|00010|UHEC0033|13|EA|102000|KRW|1326000|20150529|1300|
C|005186|2015|50001550820033|001|4300002822|00030|UHGC0284|2|EA|302000|KRW|604000|20150529|1300|
