C|005186|2018|50004247090001|001|4300010451|00010|CMF0005|2|EA|18700|KRW|37400|20180614|1300|
C|005186|2018|50004247090002|001|4300010455|00030|CMF0005|8|EA|18700|KRW|149600|20180614|1300|
C|005186|2018|50004247090003|001|4300010456|00010|CMF0005|2|EA|18700|KRW|37400|20180614|1300|
C|005186|2018|50004247090004|001|4300010460|00010|CMF0005|2|EA|18700|KRW|37400|20180614|1300|
C|005186|2018|50004247090005|001|4300010463|00120|CMF0005|3|EA|18700|KRW|56100|20180614|1300|
C|005186|2018|50004247090006|001|4300010465|00060|CMF0005|1|EA|18700|KRW|18700|20180614|1300|
C|005186|2018|50004247090007|001|4300010466|00030|CMF0005|10|EA|18700|KRW|187000|20180614|1300|
C|005186|2018|50004247090008|001|4300010493|00030|CMF0005|6|EA|18700|KRW|112200|20180614|1300|
C|005186|2018|50004247090009|001|4300010503|00030|CMF0005|3|EA|18700|KRW|56100|20180614|1300|
C|005186|2018|50004247100001|001|4300010458|00030|CMA0017|30|EA|770|KRW|23100|20180614|1300|
C|005186|2018|50004247100002|001|4300010458|00040|CMA0001|70|EA|151|KRW|10570|20180614|1300|
C|005186|2018|50004247100003|001|4300010458|00050|CMA0007|70|EA|151|KRW|10570|20180614|1300|
C|005186|2018|50004247100004|001|4300010458|00060|CMB0003|70|EA|2200|KRW|154000|20180614|1300|
C|005186|2018|50004247100005|001|4300010458|00070|CMC0005|100|EA|150|KRW|15000|20180614|1300|
C|005186|2018|50004247110001|001|4300010460|00030|CMF0015|10|EA|450|KRW|4500|20180614|1300|
C|005186|2018|50004247110002|001|4300010460|00040|CMZ0009|20|EA|920|KRW|18400|20180614|1300|
C|005186|2018|50004247110003|001|4300010460|00060|CMB0002|40|EA|2100|KRW|84000|20180614|1300|
C|005186|2018|50004247110004|001|4300010460|00070|CMB0003|40|EA|2200|KRW|88000|20180614|1300|
C|005186|2018|50004247110005|001|4300010460|00080|CMC0005|50|EA|150|KRW|7500|20180614|1300|
C|005186|2018|50004247110006|001|4300010460|00100|CMB0001|60|EA|520|KRW|31200|20180614|1300|
C|005186|2018|50004247110007|001|4300010460|00120|CMA0007|150|EA|151|KRW|22650|20180614|1300|
C|005186|2018|50004247110008|001|4300010460|00130|CMA0008|150|EA|470|KRW|70500|20180614|1300|
C|005186|2018|50004247110009|001|4300010460|00140|CMA0001|200|EA|151|KRW|30200|20180614|1300|
C|005186|2018|50004247120001|001|4300010463|00010|CMA0001|100|EA|151|KRW|15100|20180614|1300|
C|005186|2018|50004247120002|001|4300010463|00020|CMA0007|40|EA|151|KRW|6040|20180614|1300|
C|005186|2018|50004247120003|001|4300010463|00030|CMA0008|40|EA|470|KRW|18800|20180614|1300|
C|005186|2018|50004247120004|001|4300010463|00050|CMB0001|60|EA|520|KRW|31200|20180614|1300|
C|005186|2018|50004247120005|001|4300010463|00100|CME0005|4|EA|2600|KRW|10400|20180614|1300|
C|005186|2018|50004247130001|001|4300010464|00010|CMA0001|600|EA|151|KRW|90600|20180614|1300|
C|005186|2018|50004247130002|001|4300010464|00020|CMA0007|50|EA|151|KRW|7550|20180614|1300|
C|005186|2018|50004247130003|001|4300010464|00030|CMA0017|10|EA|770|KRW|7700|20180614|1300|
C|005186|2018|50004247130004|001|4300010464|00040|CMB0011|70|EA|2220|KRW|155400|20180614|1300|
C|005186|2018|50004247130005|001|4300010464|00080|CME0013|2|EA|11880|KRW|23760|20180614|1300|
C|005186|2018|50004247140001|001|4300010493|00020|CMF0004|5|EA|17000|KRW|85000|20180614|1300|
C|005186|2018|50004247140002|001|4300010493|00060|CME0002|20|EA|1100|KRW|22000|20180614|1300|
C|005186|2018|50004247140003|001|4300010493|00070|CMB0002|40|EA|2100|KRW|84000|20180614|1300|
C|005186|2018|50004247140004|001|4300010493|00080|CMB0003|40|EA|2200|KRW|88000|20180614|1300|
C|005186|2018|50004247140005|001|4300010493|00090|CMA0003|50|EA|1150|KRW|57500|20180614|1300|
C|005186|2018|50004247140006|001|4300010493|00110|CMA0007|200|EA|151|KRW|30200|20180614|1300|
C|005186|2018|50004247140007|001|4300010493|00130|CMB0001|200|EA|520|KRW|104000|20180614|1300|
C|005186|2018|50004247140008|001|4300010493|00150|CMC0005|300|EA|150|KRW|45000|20180614|1300|
C|005186|2018|50004247140009|001|4300010493|00170|CMA0001|400|EA|151|KRW|60400|20180614|1300|
C|005186|2018|50004247150001|001|4300010503|00040|CMA0028|10|EA|7350|KRW|73500|20180614|1300|
C|005186|2018|50004247150002|001|4300010503|00050|CMA0007|200|EA|151|KRW|30200|20180614|1300|
C|005186|2018|50004247160001|001|4300010465|00010|CMA0001|60|EA|151|KRW|9060|20180614|1300|
C|005186|2018|50004247160002|001|4300010465|00020|CMA0007|200|EA|151|KRW|30200|20180614|1300|
C|005186|2018|50004247160003|001|4300010465|00030|CMB0001|20|EA|520|KRW|10400|20180614|1300|
C|005186|2018|50004247160004|001|4300010465|00080|CMZ0032|3|EA|1300|KRW|3900|20180614|1300|
C|005186|2018|50004247170001|001|4300010493|00040|CME0008|10|EA|1950|KRW|19500|20180614|1300|
