C|005186|2018|50004590890001|001|4300011836|00030|UJCC0043|10000|EA|210000|KRW|420000|20181130|1300|
C|005186|2018|50004590890002|001|4300011938|00010|UGCC0088|1|EA|661500|KRW|661500|20181130|1300|
C|005186|2018|50004590900001|001|4300011821|00010|UHTC0835|3|EA|440000|KRW|1320000|20181130|1300|
C|005186|2018|50004590900002|001|4300011821|00020|UHGC0289|1|EA|645000|KRW|645000|20181130|1300|
C|005186|2018|50004590900003|001|4300011836|00040|UCKC0035|20|EA|222600|KRW|890400|20181130|1300|
C|005186|2018|50004590900004|001|4300011840|00010|UHHC0211|50|EA|38000|KRW|1900000|20181130|1300|
C|005186|2018|50004590900005|001|4300011841|00010|UHHC0211|50|EA|38000|KRW|1900000|20181130|1300|
C|005186|2018|50004590900006|001|4300011842|00040|UHHC0164|3|EA|111830|KRW|335490|20181130|1300|
C|005186|2018|50004590900007|001|4300011842|00060|UCKC0037|100|EA|1405000|KRW|1405000|20181130|1300|
C|005186|2018|50004590900008|001|4300011844|00010|UHTC0251|450|EA|42500|KRW|382500|20181130|1300|
C|005186|2018|50004590910001|001|4300011825|00010|UHTC0410|1|EA|138100|KRW|138100|20181130|1300|
C|005186|2018|50004590910002|001|4300011825|00020|UHNC0134|1|EA|812640|KRW|812640|20181130|1300|
C|005186|2018|50004590910003|001|4300011825|00030|UHFC0150|10|EA|496000|KRW|496000|20181130|1300|
C|005186|2018|50004590910004|001|4300011825|00040|UHGC0338|1|EA|175000|KRW|175000|20181130|1300|
C|005186|2018|50004590910005|001|4300011825|00050|UHFC0437|5|EA|63600|KRW|63600|20181130|1300|
C|005186|2018|50004590910006|001|4300011825|00060|UHFC0438|5|EA|70490|KRW|70490|20181130|1300|
C|005186|2018|50004590910007|001|4300011825|00070|UHTC0726|10|EA|168500|KRW|168500|20181130|1300|
C|005186|2018|50004590910008|001|4300011826|00010|UHTC0211|1|EA|522900|KRW|522900|20181130|1300|
C|005186|2018|50004590910009|001|4300011826|00020|UHGC0331|3|EA|249900|KRW|749700|20181130|1300|
C|005186|2018|50004590910010|001|4300011826|00030|UHHC0208|5|EA|77910|KRW|77910|20181130|1300|
C|005186|2018|50004590910011|001|4300011826|00040|UHFC0118|2|EA|265020|KRW|530040|20181130|1300|
C|005186|2018|50004590910012|001|4300011827|00010|UHDC0074|120|EA|136500|KRW|1638000|20181130|1300|
C|005186|2018|50004590910013|001|4300011827|00020|UHFC0100|20|EA|135000|KRW|270000|20181130|1300|
C|005186|2018|50004590910014|001|4300011831|00020|UHDC0146|100|EA|32000|KRW|32000|20181130|1300|
C|005186|2018|50004590910015|001|4300011831|00030|UHFC0115|1|EA|145740|KRW|145740|20181130|1300|
C|005186|2018|50004590910016|001|4300011832|00010|UHGC0329|3|EA|91160|KRW|273480|20181130|1300|
C|005186|2018|50004590910017|001|4300011832|00020|UHFC0298|10|EA|168000|KRW|168000|20181130|1300|
C|005186|2018|50004590910018|001|4300011832|00030|UHHC0071|1|EA|573300|KRW|573300|20181130|1300|
C|005186|2018|50004590910019|001|4300011832|00040|UHTC0278|2|EA|8400|KRW|16800|20181130|1300|
C|005186|2018|50004590910020|001|4300011832|00050|UHTC0279|2|EA|8400|KRW|16800|20181130|1300|
C|005186|2018|50004590910021|001|4300011832|00060|UHFC0336|2|EA|82950|KRW|165900|20181130|1300|
C|005186|2018|50004590910022|001|4300011832|00070|UHTC0399|10|EA|18900|KRW|18900|20181130|1300|
