C|005186|2014|50001003180001|001|4300001717|00340|KT020019|1|EA|23570|KRW|23570|20140930|1300|
C|005186|2014|50001003180002|001|4300001717|00360|KT020500|20|EA|3110|KRW|62200|20140930|1300|
C|005186|2014|50001003180003|001|4300001717|00370|KT020600|2|EA|14910|KRW|29820|20140930|1300|
C|005186|2014|50001003180004|001|4300001717|00390|KT020612|1|EA|44100|KRW|44100|20140930|1300|
C|005186|2014|50001003180005|001|4300001717|00400|KT020613|1|EA|49000|KRW|49000|20140930|1300|
C|005186|2014|50001003180006|001|4300001717|00420|KT080300|20.000|KG|2770|KRW|55400|20140930|1300|
C|005186|2014|50001003180007|001|4300001717|00440|KT080520|5|EA|2760|KRW|13800|20140930|1300|
C|005186|2014|50001003180008|001|4300001717|00450|KT990001|200|EA|510|KRW|102000|20140930|1300|
C|005186|2014|50001003180009|001|4300001717|00460|KT990010|200|EA|370|KRW|74000|20140930|1300|
C|005186|2014|50001003190001|001|4300001741|00330|UGCC0012|1|EA|880000|KRW|880000|20140930|1300|
C|005186|2014|50001003190002|001|4300001741|00770|UHGC0236|1|EA|932700|KRW|932700|20140930|1300|
C|005186|2014|50001003190003|001|4300001741|00780|UHGC0237|1|EA|561000|KRW|561000|20140930|1300|
C|005186|2014|50001003190004|001|4300001741|00830|UHGC0134|1|EA|756000|KRW|756000|20140930|1300|
C|005186|2014|50001003190005|001|4300001741|00860|KE050801|10|EA|1900|KRW|19000|20140930|1300|
C|005186|2014|50001003190006|001|4300001741|00880|UHHC0120|1|EA|332325|KRW|332325|20140930|1300|
C|005186|2014|50001003190007|001|4300001741|00890|UHHC0121|1|EA|227850|KRW|227850|20140930|1300|
C|005186|2014|50001003190008|001|4300001741|00900|UHHC0071|1|EA|573300|KRW|573300|20140930|1300|
C|005186|2014|50001003190009|001|4300001741|00910|UHHC0072|1|EA|412650|KRW|412650|20140930|1300|
C|005186|2014|50001003190010|001|4300001741|00930|UHHC0165|1|EA|81900|KRW|81900|20140930|1300|
C|005186|2014|50001003190011|001|4300001741|00940|UHHC0166|1|EA|81900|KRW|81900|20140930|1300|
C|005186|2014|50001003190012|001|4300001741|00950|UHCC0043|1|EA|341000|KRW|341000|20140930|1300|
C|005186|2014|50001003190013|001|4300001741|00960|UHFC0399|1|EA|944000|KRW|944000|20140930|1300|
