C|005186|2018|50003955700001|001|4300009433|00040|UFKC0145|1|EA|143400|KRW|143400|20180115|1300|
C|005186|2018|50003955710001|001|4300009437|00030|UBBC0006|1|EA|103370|KRW|103370|20180115|1300|
C|005186|2018|50003955710002|001|4300009477|00010|UDEC0054|3|EA|148050|KRW|444150|20180115|1300|
C|005186|2018|50003955710003|001|4300009477|00020|UDEC0058|3|EA|190050|KRW|570150|20180115|1300|
C|005186|2018|50003955710004|001|4300009477|00030|UDEC0061|3|EA|262500|KRW|787500|20180115|1300|
C|005186|2018|50003955710005|001|4300009489|00010|UKBC0016|1|EA|10110|KRW|10110|20180115|1300|
C|005186|2018|50003955710006|001|4300009489|00020|UFGC0059|2|EA|73190|KRW|146380|20180115|1300|
C|005186|2018|50003955710007|001|4300009496|00050|UKDC0002|2|EA|26300|KRW|52600|20180115|1300|
C|005186|2018|50003955720001|001|4300009437|00020|UZZC0124|2|EA|125000|KRW|250000|20180115|1300|
C|005186|2018|50003955720002|001|4300009481|00020|UGCC0931|1|EA|44550|KRW|44550|20180115|1300|
C|005186|2018|50003955720003|001|4300009481|00050|UGCC0951|1|EA|50500|KRW|50500|20180115|1300|
C|005186|2018|50003955720004|001|4300009481|00060|UGCC0071|1|EA|73500|KRW|73500|20180115|1300|
C|005186|2018|50003955730001|001|4300009474|00010|UDBC0446|200|EA|108|KRW|21600|20180115|1300|
C|005186|2018|50003955730002|001|4300009474|00020|UDBC0447|200|EA|114|KRW|22800|20180115|1300|
C|005186|2018|50003955730003|001|4300009474|00030|UDBC0450|300|EA|156|KRW|46800|20180115|1300|
C|005186|2018|50003955730004|001|4300009474|00040|UDBC0384|200|EA|143|KRW|28600|20180115|1300|
C|005186|2018|50003955730005|001|4300009474|00050|UDBC0388|200|EA|210|KRW|42000|20180115|1300|
C|005186|2018|50003955730006|001|4300009474|00060|UDBC0389|200|EA|230|KRW|46000|20180115|1300|
C|005186|2018|50003955730007|001|4300009474|00070|UDBC0996|200|EA|265|KRW|53000|20180115|1300|
C|005186|2018|50003955730008|001|4300009474|00090|UDBC0401|200|EA|25|KRW|5000|20180115|1300|
C|005186|2018|50003955730009|001|4300009474|00100|UDBC0997|200|EA|26|KRW|5200|20180115|1300|
C|005186|2018|50003955730010|001|4300009474|00110|UDBC0998|200|EA|29|KRW|5800|20180115|1300|
C|005186|2018|50003955730011|001|4300009474|00120|UDBC0999|200|EA|33|KRW|6600|20180115|1300|
C|005186|2018|50003955730012|001|4300009474|00130|UDBC0644|100|EA|32|KRW|3200|20180115|1300|
C|005186|2018|50003955730013|001|4300009474|00140|UDBC0646|100|EA|47|KRW|4700|20180115|1300|
C|005186|2018|50003955730014|001|4300009474|00150|UDBC1009|100|EA|26|KRW|2600|20180115|1300|
C|005186|2018|50003955730015|001|4300009474|00160|UDBC0735|500|EA|8|KRW|4000|20180115|1300|
C|005186|2018|50003955730016|001|4300009474|00170|UDBC0740|500|EA|8|KRW|4000|20180115|1300|
C|005186|2018|50003955730017|001|4300009474|00180|UDBC0746|500|EA|9|KRW|4500|20180115|1300|
C|005186|2018|50003955730018|001|4300009474|00190|UDBC0741|500|EA|18|KRW|9000|20180115|1300|
C|005186|2018|50003955730019|001|4300009474|00200|UDBC0719|300|EA|19|KRW|5700|20180115|1300|
C|005186|2018|50003955730020|001|4300009474|00210|UDBC0722|200|EA|30|KRW|6000|20180115|1300|
C|005186|2018|50003955730021|001|4300009474|00220|UDBC0725|200|EA|42|KRW|8400|20180115|1300|
C|005186|2018|50003955730022|001|4300009474|00230|UDBC0298|500|EA|11|KRW|5500|20180115|1300|
C|005186|2018|50003955730023|001|4300009474|00240|UDBC0403|300|EA|27|KRW|8100|20180115|1300|
C|005186|2018|50003955730024|001|4300009474|00250|UDBC0405|300|EA|27|KRW|8100|20180115|1300|
C|005186|2018|50003955730025|001|4300009474|00260|UDBC0407|300|EA|30|KRW|9000|20180115|1300|
C|005186|2018|50003955730026|001|4300009474|00270|UDBC0424|300|EA|72|KRW|21600|20180115|1300|
C|005186|2018|50003955730027|001|4300009474|00280|UDBC0426|300|EA|75|KRW|22500|20180115|1300|
C|005186|2018|50003955730028|001|4300009474|00290|UDBC0766|300|EA|93|KRW|27900|20180115|1300|
C|005186|2018|50003955730029|001|4300009474|00300|UDBC0800|200|EA|65|KRW|13000|20180115|1300|
C|005186|2018|50003955730030|001|4300009475|00010|UDBC0794|300|EA|77|KRW|23100|20180115|1300|
C|005186|2018|50003955730031|001|4300009475|00020|UDBC0525|200|EA|100|KRW|20000|20180115|1300|
C|005186|2018|50003955730032|001|4300009475|00030|UDBC0529|200|EA|143|KRW|28600|20180115|1300|
C|005186|2018|50003955730033|001|4300009475|00040|UDBC0531|200|EA|148|KRW|29600|20180115|1300|
C|005186|2018|50003955730034|001|4300009475|00050|UDBC0534|200|EA|157|KRW|31400|20180115|1300|
C|005186|2018|50003955730035|001|4300009475|00060|UDBC0547|100|EA|190|KRW|19000|20180115|1300|
C|005186|2018|50003955730036|001|4300009475|00070|UDBC0558|100|EA|269|KRW|26900|20180115|1300|
C|005186|2018|50003955730037|001|4300009475|00080|UDBC0559|100|EA|277|KRW|27700|20180115|1300|
C|005186|2018|50003955730038|001|4300009475|00090|UDBC0564|100|EA|347|KRW|34700|20180115|1300|
C|005186|2018|50003955730039|001|4300009475|00100|UDBC0366|500|EA|8|KRW|4000|20180115|1300|
C|005186|2018|50003955730040|001|4300009475|00110|UDBC0368|500|EA|21|KRW|10500|20180115|1300|
C|005186|2018|50003955730041|001|4300009475|00120|UDBC0375|500|EA|16|KRW|8000|20180115|1300|
C|005186|2018|50003955730042|001|4300009475|00130|UDBC0344|300|EA|47|KRW|14100|20180115|1300|
C|005186|2018|50003955730043|001|4300009475|00140|UDBC0347|300|EA|56|KRW|16800|20180115|1300|
C|005186|2018|50003955730044|001|4300009475|00150|UDBC0353|300|EA|95|KRW|28500|20180115|1300|
C|005186|2018|50003955730045|001|4300009475|00160|UDBC0394|100|EA|210|KRW|21000|20180115|1300|
C|005186|2018|50003955730046|001|4300009479|00030|UEBC0371|10|EA|4290|KRW|42900|20180115|1300|
C|005186|2018|50003955730047|001|4300009479|00040|UEBC1110|10|EA|41500|KRW|415000|20180115|1300|
C|005186|2018|50003955740001|001|4300009473|00010|KS061503|6|EA|3150|KRW|18900|20180115|1300|
C|005186|2018|50003955740002|001|4300009473|00020|KS061504|4|EA|4050|KRW|16200|20180115|1300|
C|005186|2018|50003955740003|001|4300009473|00030|KS061506|2|EA|7850|KRW|15700|20180115|1300|
C|005186|2018|50003955740004|001|4300009473|00040|KS066901|4|EA|1290|KRW|5160|20180115|1300|
C|005186|2018|50003955740005|001|4300009473|00050|KS066902|2|EA|1540|KRW|3080|20180115|1300|
C|005186|2018|50003955740006|001|4300009473|00060|KS067001|3|EA|1400|KRW|4200|20180115|1300|
C|005186|2018|50003955740007|001|4300009473|00070|KS067210|2|EA|14350|KRW|28700|20180115|1300|
C|005186|2018|50003955740008|001|4300009473|00080|KS080705|20|EA|18500|KRW|370000|20180115|1300|
C|005186|2018|50003955740009|001|4300009473|00090|KS080709|2|EA|24700|KRW|49400|20180115|1300|
C|005186|2018|50003955740010|001|4300009473|00100|KS080711|4|EA|32300|KRW|129200|20180115|1300|
C|005186|2018|50003955750001|001|4300009477|00040|UDDC0158|5|EA|34545|KRW|172725|20180115|1300|
C|005186|2018|50003955750002|001|4300009479|00020|UDDC0176|5|EA|56010|KRW|280050|20180115|1300|
