C|005186|2017|50003455540001|001|4300007597|00030|UGCC0410|2|EA|32630|KRW|65260|20170531|1300|
C|005186|2017|50003455540002|001|4300007600|00030|UGCC0434|2|EA|156500|KRW|313000|20170531|1300|
C|005186|2017|50003455540003|001|4300007608|00030|UGBC1411|10|EA|26500|KRW|265000|20170531|1300|
C|005186|2017|50003455540004|001|4300007634|00040|UGCC0340|2|EA|81900|KRW|163800|20170531|1300|
C|005186|2017|50003455540005|001|4300007634|00190|UGCC0121|1|EA|25500|KRW|25500|20170531|1300|
C|005186|2017|50003455540006|001|4300007635|00030|UDAC0129|20|EA|8630|KRW|172600|20170531|1300|
C|005186|2017|50003455540007|001|4300007644|00020|UGBC1604|2|EA|40300|KRW|80600|20170531|1300|
C|005186|2017|50003455540008|001|4300007644|00030|UGBC1605|2|EA|53000|KRW|106000|20170531|1300|
C|005186|2017|50003455540009|001|4300007644|00040|UGBC1606|2|EA|60500|KRW|121000|20170531|1300|
C|005186|2017|50003455540010|001|4300007644|00060|UGCC1225|2|EA|13800|KRW|27600|20170531|1300|
C|005186|2017|50003455540011|001|4300007663|00050|UGBC1626|2|EA|42400|KRW|84800|20170531|1300|
C|005186|2017|50003455550001|001|4300007627|00030|CMA0001|500|EA|151|KRW|75500|20170531|1300|
C|005186|2017|50003455550002|001|4300007627|00040|CMA0028|20|EA|7350|KRW|147000|20170531|1300|
C|005186|2017|50003455550003|001|4300007627|00050|CMA0007|800|EA|151|KRW|120800|20170531|1300|
C|005186|2017|50003455560001|001|4300007626|00020|CMF0007|2|EA|1620|KRW|3240|20170531|1300|
C|005186|2017|50003455560002|001|4300007626|00030|CMF0008|2|EA|1620|KRW|3240|20170531|1300|
C|005186|2017|50003455570001|001|4300007625|00010|CME0005|24|EA|2600|KRW|62400|20170531|1300|
C|005186|2017|50003455580001|001|4300007624|00010|CMA0007|80|EA|151|KRW|12080|20170531|1300|
C|005186|2017|50003455590001|001|4300007623|00010|CMA0001|100|EA|151|KRW|15100|20170531|1300|
C|005186|2017|50003455590002|001|4300007623|00020|CMA0007|40|EA|151|KRW|6040|20170531|1300|
C|005186|2017|50003455590003|001|4300007623|00030|CMA0008|40|EA|470|KRW|18800|20170531|1300|
C|005186|2017|50003455600001|001|4300007622|00010|CMA0001|600|EA|151|KRW|90600|20170531|1300|
C|005186|2017|50003455600002|001|4300007622|00020|CMA0007|50|EA|151|KRW|7550|20170531|1300|
C|005186|2017|50003455600003|001|4300007622|00030|CMA0017|10|EA|770|KRW|7700|20170531|1300|
C|005186|2017|50003455600004|001|4300007622|00050|CME0013|2|EA|11880|KRW|23760|20170531|1300|
C|005186|2017|50003455610001|001|4300007621|00020|CMH0006|10|EA|460|KRW|4600|20170531|1300|
C|005186|2017|50003455610002|001|4300007621|00030|CMA0001|60|EA|151|KRW|9060|20170531|1300|
C|005186|2017|50003455610003|001|4300007621|00040|CMA0007|200|EA|151|KRW|30200|20170531|1300|
C|005186|2017|50003455610004|001|4300007621|00050|CMB0001|20|EA|520|KRW|10400|20170531|1300|
C|005186|2017|50003455610005|001|4300007621|00070|CMZ0032|3|EA|1300|KRW|3900|20170531|1300|
C|005186|2017|50003455620001|001|4300007620|00010|CMA0001|800|EA|151|KRW|120800|20170531|1300|
C|005186|2017|50003455620002|001|4300007620|00030|CMA0007|400|EA|151|KRW|60400|20170531|1300|
C|005186|2017|50003455620003|001|4300007620|00040|CMA0008|50|EA|470|KRW|23500|20170531|1300|
C|005186|2017|50003455620004|001|4300007620|00060|CMA0017|50|EA|770|KRW|38500|20170531|1300|
C|005186|2017|50003455620005|001|4300007620|00070|CMB0001|60|EA|520|KRW|31200|20170531|1300|
C|005186|2017|50003455620006|001|4300007620|00080|CMB0002|120|EA|2100|KRW|252000|20170531|1300|
C|005186|2017|50003455620007|001|4300007620|00090|CMB0007|20|EA|760|KRW|15200|20170531|1300|
C|005186|2017|50003455620008|001|4300007620|00120|CME0002|100|EA|1100|KRW|110000|20170531|1300|
C|005186|2017|50003455620009|001|4300007620|00190|CMZ0002|20|EA|400|KRW|8000|20170531|1300|
C|005186|2017|50003455620010|001|4300007620|00200|CMZ0004|20|EA|220|KRW|4400|20170531|1300|
C|005186|2017|50003455620011|001|4300007620|00210|CMZ0005|10|EA|810|KRW|8100|20170531|1300|
C|005186|2017|50003455630001|001|4300007619|00010|CMA0001|600|EA|151|KRW|90600|20170531|1300|
C|005186|2017|50003455630002|001|4300007619|00020|CMA0007|400|EA|151|KRW|60400|20170531|1300|
C|005186|2017|50003455630003|001|4300007619|00030|CMA0008|300|EA|470|KRW|141000|20170531|1300|
C|005186|2017|50003455630004|001|4300007619|00050|CMB0001|100|EA|520|KRW|52000|20170531|1300|
C|005186|2017|50003455630005|001|4300007619|00070|CMC0005|100|EA|150|KRW|15000|20170531|1300|
C|005186|2017|50003455630006|001|4300007619|00090|CME0002|5|EA|1100|KRW|5500|20170531|1300|
C|005186|2017|50003455630007|001|4300007619|00110|CMF0004|3|EA|17000|KRW|51000|20170531|1300|
C|005186|2017|50003455630008|001|4300007619|00140|CMZ0004|100|EA|220|KRW|22000|20170531|1300|
C|005186|2017|50003455640001|001|4300007618|00010|CMA0001|150|EA|151|KRW|22650|20170531|1300|
C|005186|2017|50003455640002|001|4300007618|00020|CMA0007|100|EA|151|KRW|15100|20170531|1300|
C|005186|2017|50003455640003|001|4300007618|00030|CMB0001|100|EA|520|KRW|52000|20170531|1300|
C|005186|2017|50003455640004|001|4300007618|00040|CMB0003|40|EA|2200|KRW|88000|20170531|1300|
C|005186|2017|50003455640005|001|4300007618|00060|CMD0001|4|EA|8000|KRW|32000|20170531|1300|
C|005186|2017|50003455650001|001|4300007617|00010|CMA0001|500|EA|151|KRW|75500|20170531|1300|
C|005186|2017|50003455650002|001|4300007617|00030|CMA0007|200|EA|151|KRW|30200|20170531|1300|
C|005186|2017|50003455650003|001|4300007617|00040|CMA0008|150|EA|470|KRW|70500|20170531|1300|
C|005186|2017|50003455650004|001|4300007617|00050|CMB0001|60|EA|520|KRW|31200|20170531|1300|
C|005186|2017|50003455650005|001|4300007617|00080|CME0002|10|EA|1100|KRW|11000|20170531|1300|
C|005186|2017|50003455650006|001|4300007617|00090|CMF0004|2|EA|17000|KRW|34000|20170531|1300|
C|005186|2017|50003455660001|001|4300007616|00010|CMA0001|80|EA|151|KRW|12080|20170531|1300|
C|005186|2017|50003455660002|001|4300007616|00020|CMA0007|80|EA|151|KRW|12080|20170531|1300|
C|005186|2017|50003455660003|001|4300007616|00030|CMA0008|50|EA|470|KRW|23500|20170531|1300|
C|005186|2017|50003455660004|001|4300007616|00040|CMB0003|30|EA|2200|KRW|66000|20170531|1300|
C|005186|2017|50003455660005|001|4300007616|00050|CME0004|3|EA|7100|KRW|21300|20170531|1300|
C|005186|2017|50003455660006|001|4300007616|00080|CMZ0005|10|EA|810|KRW|8100|20170531|1300|
C|005186|2017|50003455670001|001|4300007615|00010|CMZ0002|10|EA|400|KRW|4000|20170531|1300|
C|005186|2017|50003455670002|001|4300007615|00040|CMB0002|40|EA|2100|KRW|84000|20170531|1300|
C|005186|2017|50003455670003|001|4300007615|00050|CMB0003|40|EA|2200|KRW|88000|20170531|1300|
C|005186|2017|50003455670004|001|4300007615|00060|CMB0001|60|EA|520|KRW|31200|20170531|1300|
C|005186|2017|50003455670005|001|4300007615|00070|CMC0005|30|EA|150|KRW|4500|20170531|1300|
C|005186|2017|50003455670006|001|4300007615|00110|CMA0001|180|EA|151|KRW|27180|20170531|1300|
C|005186|2017|50003455670007|001|4300007615|00120|CMA0007|100|EA|151|KRW|15100|20170531|1300|
C|005186|2017|50003455670008|001|4300007615|00130|CMA0008|100|EA|470|KRW|47000|20170531|1300|
C|005186|2017|50003455680001|001|4300007614|00010|CMA0001|500|EA|151|KRW|75500|20170531|1300|
C|005186|2017|50003455680002|001|4300007614|00020|CMA0007|400|EA|151|KRW|60400|20170531|1300|
C|005186|2017|50003455680003|001|4300007614|00050|CMC0005|200|EA|150|KRW|30000|20170531|1300|
C|005186|2017|50003455680004|001|4300007614|00070|CME0002|20|EA|1100|KRW|22000|20170531|1300|
C|005186|2017|50003455680005|001|4300007614|00100|CMF0004|4|EA|17000|KRW|68000|20170531|1300|
C|005186|2017|50003455680006|001|4300007614|00130|CMZ0002|20|EA|400|KRW|8000|20170531|1300|
C|005186|2017|50003455690001|001|4300007613|00010|CMA0001|200|EA|151|KRW|30200|20170531|1300|
C|005186|2017|50003455690002|001|4300007613|00020|CMA0007|250|EA|151|KRW|37750|20170531|1300|
C|005186|2017|50003455690003|001|4300007613|00040|CMB0002|100|EA|2100|KRW|210000|20170531|1300|
C|005186|2017|50003455690004|001|4300007613|00050|CMC0005|30|EA|150|KRW|4500|20170531|1300|
C|005186|2017|50003455690005|001|4300007613|00130|CMZ0004|10|EA|220|KRW|2200|20170531|1300|
C|005186|2017|50003455690006|001|4300007613|00140|CMZ0005|10|EA|810|KRW|8100|20170531|1300|
C|005186|2017|50003455700001|001|4300007612|00010|CMA0001|300|EA|151|KRW|45300|20170531|1300|
C|005186|2017|50003455700002|001|4300007612|00020|CMA0007|200|EA|151|KRW|30200|20170531|1300|
C|005186|2017|50003455700003|001|4300007612|00030|CMA0008|100|EA|470|KRW|47000|20170531|1300|
C|005186|2017|50003455700004|001|4300007612|00050|CMB0001|240|EA|520|KRW|124800|20170531|1300|
C|005186|2017|50003455700005|001|4300007612|00080|CMZ0008|2|EA|920|KRW|1840|20170531|1300|
C|005186|2017|50003455710001|001|4300007611|00010|CMA0001|400|EA|151|KRW|60400|20170531|1300|
C|005186|2017|50003455710002|001|4300007611|00020|CMA0007|200|EA|151|KRW|30200|20170531|1300|
C|005186|2017|50003455710003|001|4300007611|00040|CMC0005|200|EA|150|KRW|30000|20170531|1300|
C|005186|2017|50003455710004|001|4300007611|00080|CMF0003|10|EA|2020|KRW|20200|20170531|1300|
C|005186|2017|50003455710005|001|4300007611|00090|CMF0004|5|EA|17000|KRW|85000|20170531|1300|
C|005186|2017|50003455710006|001|4300007611|00120|CMZ0004|10|EA|220|KRW|2200|20170531|1300|
C|005186|2017|50003455720001|001|4300007379|00030|UJCC0043|10000|EA|42|KRW|420000|20170531|1300|
C|005186|2017|50003455730001|001|4300007612|00060|CMD0017|8|EA|23760|KRW|190080|20170531|1300|
C|005186|2017|50003455730002|001|4300007613|00060|CMD0011|2|EA|24100|KRW|48200|20170531|1300|
C|005186|2017|50003455730003|001|4300007614|00060|CMD0017|4|EA|23760|KRW|95040|20170531|1300|
C|005186|2017|50003455730004|001|4300007617|00070|CMD0011|3|EA|24100|KRW|72300|20170531|1300|
C|005186|2017|50003455730005|001|4300007624|00030|CMD0016|2|EA|29000|KRW|58000|20170531|1300|
C|005186|2017|50003455730006|001|4300007625|00020|CMD0016|2|EA|29000|KRW|58000|20170531|1300|
C|005186|2017|50003455730007|001|4300007626|00010|CMD0016|4|EA|29000|KRW|116000|20170531|1300|
C|005186|2017|50003455740001|001|4300007611|00050|CME0008|20|EA|1950|KRW|39000|20170531|1300|
