C|005186|2015|50001778400001|001|4300003374|00010|UAEC0058|3|EA|12350|KRW|37050|20150827|1300|
C|005186|2015|50001778400002|001|4300003374|00020|UKEC0115|40|EA|1530|KRW|61200|20150827|1300|
C|005186|2015|50001778400003|001|4300003374|00030|UAJC0028|20|EA|5570|KRW|111400|20150827|1300|
C|005186|2015|50001778400004|001|4300003374|00040|UAIC0002|10|EA|3680|KRW|36800|20150827|1300|
C|005186|2015|50001778400005|001|4300003374|00050|UGCC0829|1|EA|30320|KRW|30320|20150827|1300|
C|005186|2015|50001778400006|001|4300003374|00060|UAEC0041|2|EA|22110|KRW|44220|20150827|1300|
C|005186|2015|50001778400007|001|4300003374|00070|UAGC0350|2|EA|66880|KRW|133760|20150827|1300|
C|005186|2015|50001778400008|001|4300003374|00080|UAGC0064|1|EA|112630|KRW|112630|20150827|1300|
C|005186|2015|50001778400009|001|4300003374|00090|UADC0106|4|EA|2310|KRW|9240|20150827|1300|
C|005186|2015|50001778400010|001|4300003374|00100|UIDC0058|1|EA|127000|KRW|127000|20150827|1300|
C|005186|2015|50001778400011|001|4300003374|00110|UZZC0046|1|EA|444210|KRW|444210|20150827|1300|
C|005186|2015|50001778400012|001|4300003374|00120|UJBC0024|10|EA|1520|KRW|15200|20150827|1300|
C|005186|2015|50001778400013|001|4300003374|00130|UAIC0035|2|EA|20780|KRW|41560|20150827|1300|
C|005186|2015|50001778400014|001|4300003374|00140|UZZC0033|2|EA|41700|KRW|83400|20150827|1300|
C|005186|2015|50001778400015|001|4300003374|00150|UAGC0064|1|EA|112630|KRW|112630|20150827|1300|
C|005186|2015|50001778400016|001|4300003374|00160|UKBC0010|2|EA|91480|KRW|182960|20150827|1300|
C|005186|2015|50001778410001|001|4300003368|00020|UHNC0132|3|EA|188430|KRW|565290|20150827|1300|
C|005186|2015|50001778410002|001|4300003368|00030|UHHC0122|10|EA|14280|KRW|142800|20150827|1300|
C|005186|2015|50001778410003|001|4300003368|00040|UGBC0559|100|EA|260|KRW|26000|20150827|1300|
C|005186|2015|50001778410004|001|4300003368|00050|UHGC0079|2|EA|99750|KRW|199500|20150827|1300|
C|005186|2015|50001778410005|001|4300003370|00010|UHGC0269|3|EA|416850|KRW|1250550|20150827|1300|
C|005186|2015|50001778410006|001|4300003370|00020|UGAC0068|8|EA|33600|KRW|268800|20150827|1300|
C|005186|2015|50001778410007|001|4300003371|00010|UHCC0010|1|EA|1007000|KRW|1007000|20150827|1300|
C|005186|2015|50001778410008|001|4300003371|00020|UHFC0112|1|EA|695310|KRW|695310|20150827|1300|
C|005186|2015|50001778420001|001|4300003363|00010|KE030110|1|EA|38540|KRW|38540|20150827|1300|
C|005186|2015|50001778420002|001|4300003363|00020|KE030114|2|EA|63840|KRW|127680|20150827|1300|
C|005186|2015|50001778420003|001|4300003363|00030|KE030123|2|EA|31500|KRW|63000|20150827|1300|
C|005186|2015|50001778420004|001|4300003363|00040|KE030206|2|EA|16380|KRW|32760|20150827|1300|
C|005186|2015|50001778420005|001|4300003363|00050|KE050003|13|EA|1400|KRW|18200|20150827|1300|
C|005186|2015|50001778420006|001|4300003363|00060|KE050213|2|EA|8440|KRW|16880|20150827|1300|
C|005186|2015|50001778420007|001|4300003363|00070|KE050700|7|EA|2200|KRW|15400|20150827|1300|
C|005186|2015|50001778420008|001|4300003363|00080|KE090116|1|EA|28040|KRW|28040|20150827|1300|
C|005186|2015|50001778420009|001|4300003363|00090|KE090136|2|EA|28980|KRW|57960|20150827|1300|
C|005186|2015|50001778420010|001|4300003363|00100|KE090163|1|EA|41480|KRW|41480|20150827|1300|
C|005186|2015|50001778420011|001|4300003363|00110|KE090165|2|EA|165900|KRW|331800|20150827|1300|
C|005186|2015|50001778420012|001|4300003363|00120|KE230003|120|EA|1870|KRW|224400|20150827|1300|
C|005186|2015|50001778420013|001|4300003363|00130|KE231001|27|EA|16150|KRW|436050|20150827|1300|
C|005186|2015|50001778420014|001|4300003363|00140|KE231403|10|EA|1840|KRW|18400|20150827|1300|
C|005186|2015|50001778420015|001|4300003363|00150|KE231406|19|EA|7140|KRW|135660|20150827|1300|
C|005186|2015|50001778420016|001|4300003363|00160|KE231503|18|EA|1160|KRW|20880|20150827|1300|
C|005186|2015|50001778420017|001|4300003363|00170|KE270300|40|EA|470|KRW|18800|20150827|1300|
C|005186|2015|50001778420018|001|4300003363|00180|KE270302|3|EA|6900|KRW|20700|20150827|1300|
C|005186|2015|50001778420019|001|4300003363|00190|KE280401|10|EA|20800|KRW|208000|20150827|1300|
C|005186|2015|50001778420020|001|4300003363|00200|KE281401|50|EA|840|KRW|42000|20150827|1300|
C|005186|2015|50001778430001|001|4300003378|00010|UJAC0028|12|EA|44840|KRW|538080|20150827|1300|
C|005186|2015|50001778430002|001|4300003378|00020|UJAC0029|12|EA|49350|KRW|592200|20150827|1300|
C|005186|2015|50001778430003|001|4300003378|00030|UJAC0026|12|EA|42320|KRW|507840|20150827|1300|
C|005186|2015|50001778430004|001|4300003378|00050|UKEC0020|5|EA|1530|KRW|7650|20150827|1300|
C|005186|2015|50001778430005|001|4300003379|00010|UKGC0008|2|EA|2940|KRW|5880|20150827|1300|
C|005186|2015|50001778430006|001|4300003379|00030|UKAC0048|3|EA|347200|KRW|1041600|20150827|1300|
C|005186|2015|50001778430007|001|4300003379|00040|UKAC0011|1|EA|117495|KRW|117495|20150827|1300|
C|005186|2015|50001778430008|001|4300003379|00050|UZZC0107|15|EA|35770|KRW|536550|20150827|1300|
C|005186|2015|50001778440001|001|4300003300|00020|UGCC0840|1|EA|1084000|KRW|1084000|20150827|1300|
C|005186|2015|50001778440002|001|4300003300|00030|UZZC0141|1|EA|187000|KRW|187000|20150827|1300|
C|005186|2015|50001778450001|001|4300003389|00010|CMA0001|100|EA|240|KRW|24000|20150827|1300|
C|005186|2015|50001778450002|001|4300003389|00020|CMA0007|60|EA|270|KRW|16200|20150827|1300|
C|005186|2015|50001778450003|001|4300003389|00030|CMB0010|50|EA|1100|KRW|55000|20150827|1300|
C|005186|2015|50001778450004|001|4300003389|00040|CMZ0014|1|EA|23300|KRW|23300|20150827|1300|
C|005186|2015|50001778450005|001|4300003389|00050|CMA0002|2|EA|1530|KRW|3060|20150827|1300|
C|005186|2015|50001778450006|001|4300003389|00060|CMZ0007|20|EA|330|KRW|6600|20150827|1300|
C|005186|2015|50001778450007|001|4300003390|00010|CMA0001|700|EA|240|KRW|168000|20150827|1300|
C|005186|2015|50001778450008|001|4300003390|00020|CMA0007|70|EA|270|KRW|18900|20150827|1300|
C|005186|2015|50001778450009|001|4300003390|00030|CMA0017|10|EA|780|KRW|7800|20150827|1300|
C|005186|2015|50001778450010|001|4300003390|00040|CME0010|200|EA|285|KRW|57000|20150827|1300|
C|005186|2015|50001778450011|001|4300003390|00050|CME0013|2|EA|20300|KRW|40600|20150827|1300|
C|005186|2015|50001778450012|001|4300003390|00070|CMH0007|1|EA|11700|KRW|11700|20150827|1300|
C|005186|2015|50001778450013|001|4300003391|00010|CMA0001|100|EA|240|KRW|24000|20150827|1300|
C|005186|2015|50001778450014|001|4300003391|00020|CMA0007|40|EA|270|KRW|10800|20150827|1300|
C|005186|2015|50001778450015|001|4300003391|00030|CMA0008|40|EA|690|KRW|27600|20150827|1300|
C|005186|2015|50001778450016|001|4300003391|00040|CME0010|60|EA|285|KRW|17100|20150827|1300|
C|005186|2015|50001778450017|001|4300003391|00050|CMA0017|5|EA|780|KRW|3900|20150827|1300|
C|005186|2015|50001778450018|001|4300003391|00060|CMZ0004|10|EA|380|KRW|3800|20150827|1300|
C|005186|2015|50001778450019|001|4300003391|00070|CMZ0005|10|EA|750|KRW|7500|20150827|1300|
C|005186|2015|50001778450020|001|4300003391|00080|CMH0007|2|EA|11700|KRW|23400|20150827|1300|
C|005186|2015|50001778450021|001|4300003391|00090|CME0008|10|EA|4410|KRW|44100|20150827|1300|
C|005186|2015|50001778450022|001|4300003392|00010|CMA0001|150|EA|240|KRW|36000|20150827|1300|
C|005186|2015|50001778450023|001|4300003392|00020|CMA0007|300|EA|270|KRW|81000|20150827|1300|
C|005186|2015|50001778450024|001|4300003392|00030|CMB0001|30|EA|655|KRW|19650|20150827|1300|
C|005186|2015|50001778450025|001|4300003392|00040|CMB0010|80|EA|1100|KRW|88000|20150827|1300|
C|005186|2015|50001778450026|001|4300003392|00050|CMC0003|10|EA|340|KRW|3400|20150827|1300|
C|005186|2015|50001778450027|001|4300003392|00060|CME0010|10|EA|285|KRW|2850|20150827|1300|
C|005186|2015|50001778450028|001|4300003392|00070|CMZ0032|3|EA|1970|KRW|5910|20150827|1300|
