C|005186|2021|50006120200001|001|4300018712|00010|UDBC0848|5|EA|24000|KRW|120000|20210108|1300|
C|005186|2021|50006121810001|001|4300019073|00030|UAEC0053|5|EA|8925|KRW|44625|20210108|1300|
C|005186|2021|50006121810002|001|4300019073|00040|UAEC0337|5|EA|9072|KRW|45360|20210108|1300|
C|005186|2021|50006121810003|001|4300019074|00020|UAEC0145|4|EA|208420|KRW|833680|20210108|1300|
C|005186|2021|50006121810004|001|4300019074|00030|UAEC0146|5|EA|84210|KRW|421050|20210108|1300|
C|005186|2021|50006121810005|001|4300019074|00050|UAAC0003|5|EA|24150|KRW|120750|20210108|1300|
C|005186|2021|50006121810006|001|4300019075|00070|UAGC0447|1|EA|398000|KRW|398000|20210108|1300|
C|005186|2021|50006121810007|001|4300019096|00030|UAEC0394|5|EA|1300|KRW|6500|20210108|1300|
C|005186|2021|50006121810008|001|4300019096|00040|UAEC0395|5|EA|1300|KRW|6500|20210108|1300|
C|005186|2021|50006121810009|001|4300019096|00050|UAEC0387|10|EA|5470|KRW|54700|20210108|1300|
C|005186|2021|50006121810010|001|4300019100|00010|UGBC1828|3|EA|87150|KRW|261450|20210108|1300|
C|005186|2021|50006121810011|001|4300019101|00030|UDDC3915|1|EA|150200|KRW|150200|20210108|1300|
