C|005186|2020|50005802890001|001|4300017460|00010|UHHC0016|1|EA|1477350|KRW|1477350|20200730|1300|
C|005186|2020|50005802890002|001|4300017461|00010|UHFC0245|1|EA|1350000|KRW|1350000|20200730|1300|
C|005186|2020|50005802890003|001|4300017463|00010|UHGC0027|10|EA|134740|KRW|1347400|20200730|1300|
C|005186|2020|50005802890004|001|4300017491|00010|UHGC0005|1|EA|1879000|KRW|1879000|20200730|1300|
C|005186|2020|50005802890005|001|4300017492|00010|UHHC0082|2|EA|955500|KRW|1911000|20200730|1300|
C|005186|2020|50005802890006|001|4300017495|00020|UHGC0296|2|EA|159000|KRW|318000|20200730|1300|
C|005186|2020|50005802900001|001|4300017496|00010|UHAC0010|1|EA|960000|KRW|960000|20200730|1300|
C|005186|2020|50005802900002|001|4300017496|00020|UHBC0023|1|EA|565000|KRW|565000|20200730|1300|
C|005186|2020|50005802900003|001|4300017497|00010|UHAC0008|1|EA|893030|KRW|893030|20200730|1300|
C|005186|2020|50005802900004|001|4300017497|00020|UHGC0124|20|EA|221000|KRW|442000|20200730|1300|
C|005186|2020|50005802900005|001|4300017498|00010|UHHC0205|2|EA|371000|KRW|742000|20200730|1300|
C|005186|2020|50005802900006|001|4300017498|00020|UHNC0096|1|EA|840000|KRW|840000|20200730|1300|
C|005186|2020|50005802900007|001|4300017498|00030|UHTC0121|10|EA|336000|KRW|336000|20200730|1300|
C|005186|2020|50005802900008|001|4300017499|00010|UHTC0124|10|EA|202125|KRW|404250|20200730|1300|
C|005186|2020|50005802900009|001|4300017499|00020|UHTC0348|10|EA|259875|KRW|519750|20200730|1300|
C|005186|2020|50005802900010|001|4300017499|00030|UHTC0349|10|EA|250950|KRW|501900|20200730|1300|
C|005186|2020|50005802900011|001|4300017499|00040|UCKC0013|1|EA|418000|KRW|418000|20200730|1300|
C|005186|2020|50005802910001|001|4300017494|00010|UDAC0073|10|EA|740|KRW|7400|20200730|1300|
C|005186|2020|50005802910002|001|4300017494|00020|UDAC0255|10|EA|735|KRW|7350|20200730|1300|
C|005186|2020|50005802910003|001|4300017494|00090|UGCC0244|15|EA|9980|KRW|149700|20200730|1300|
