C|005186|2015|50001778520001|001|4300003382|00020|CMA0008|150|EA|690|KRW|103500|20150827|1300|
C|005186|2015|50001778520002|001|4300003384|00010|CMA0001|200|EA|240|KRW|48000|20150827|1300|
C|005186|2015|50001778520003|001|4300003385|00010|CMA0001|150|EA|240|KRW|36000|20150827|1300|
C|005186|2015|50001778520004|001|4300003386|00010|CMA0001|400|EA|240|KRW|96000|20150827|1300|
C|005186|2015|50001778520005|001|4300003386|00020|CMA0007|300|EA|270|KRW|81000|20150827|1300|
C|005186|2015|50001778520006|001|4300003386|00040|CMB0010|240|EA|1100|KRW|264000|20150827|1300|
C|005186|2015|50001778520007|001|4300003387|00010|CMA0001|600|EA|240|KRW|144000|20150827|1300|
C|005186|2015|50001778520008|001|4300003387|00020|CMA0007|300|EA|270|KRW|81000|20150827|1300|
C|005186|2015|50001778520009|001|4300003387|00030|CMA0008|300|EA|690|KRW|207000|20150827|1300|
C|005186|2015|50001778520010|001|4300003387|00050|CMB0001|300|EA|655|KRW|196500|20150827|1300|
C|005186|2015|50001778520011|001|4300003387|00060|CMB0010|300|EA|1100|KRW|330000|20150827|1300|
C|005186|2015|50001778520012|001|4300003387|00070|CMC0005|300|EA|190|KRW|57000|20150827|1300|
C|005186|2015|50001778520013|001|4300003388|00010|CMA0001|600|EA|240|KRW|144000|20150827|1300|
C|005186|2015|50001778520014|001|4300003388|00020|CMA0007|150|EA|270|KRW|40500|20150827|1300|
C|005186|2015|50001778520015|001|4300003388|00030|CMA0008|200|EA|690|KRW|138000|20150827|1300|
C|005186|2015|50001778520016|001|4300003388|00050|CMB0003|160|EA|2420|KRW|387200|20150827|1300|
C|005186|2015|50001778520017|001|4300003393|00010|CMA0001|200|EA|240|KRW|48000|20150827|1300|
C|005186|2015|50001778520018|001|4300003393|00020|CMA0007|250|EA|270|KRW|67500|20150827|1300|
C|005186|2015|50001778520019|001|4300003394|00010|CMA0001|300|EA|240|KRW|72000|20150827|1300|
C|005186|2015|50001778520020|001|4300003395|00010|CMA0001|600|EA|240|KRW|144000|20150827|1300|
C|005186|2015|50001778520021|001|4300003395|00030|CMA0007|150|EA|270|KRW|40500|20150827|1300|
C|005186|2015|50001778520022|001|4300003395|00150|CME0010|200|EA|285|KRW|57000|20150827|1300|
C|005186|2015|50001778520023|001|4300003396|00010|CMA0001|150|EA|240|KRW|36000|20150827|1300|
C|005186|2015|50001778520024|001|4300003397|00010|CMA0001|500|EA|240|KRW|120000|20150827|1300|
C|005186|2015|50001778520025|001|4300003397|00020|CMA0007|150|EA|270|KRW|40500|20150827|1300|
C|005186|2015|50001778520026|001|4300003397|00030|CMA0008|150|EA|690|KRW|103500|20150827|1300|
C|005186|2015|50001778520027|001|4300003397|00070|CMB0010|480|EA|1100|KRW|528000|20150827|1300|
C|005186|2015|50001778520028|001|4300003397|00090|CMC0005|200|EA|190|KRW|38000|20150827|1300|
C|005186|2015|50001778520029|001|4300003397|00140|CME0010|200|EA|285|KRW|57000|20150827|1300|
C|005186|2015|50001778520030|001|4300003399|00120|CMA0001|200|EA|240|KRW|48000|20150827|1300|
