C|005186|2019|50004667600001|001|4300012168|00020|CMA0017|2|EA|770|KRW|1540|20190107|1300|
C|005186|2019|50004667600002|001|4300012168|00050|CMA0002|10|EA|1440|KRW|14400|20190107|1300|
C|005186|2019|50004667600003|001|4300012168|00070|CMC0005|30|EA|150|KRW|4500|20190107|1300|
C|005186|2019|50004667600004|001|4300012168|00090|CMB0002|190|EA|2100|KRW|399000|20190107|1300|
C|005186|2019|50004667600005|001|4300012168|00100|CMA0001|350|EA|151|KRW|52850|20190107|1300|
C|005186|2019|50004667600006|001|4300012168|00110|CMA0007|350|EA|151|KRW|52850|20190107|1300|
C|005186|2019|50004667610001|001|4300012196|00010|CMA0001|80|EA|151|KRW|12080|20190107|1300|
C|005186|2019|50004667610002|001|4300012196|00020|CMA0007|80|EA|151|KRW|12080|20190107|1300|
C|005186|2019|50004667610003|001|4300012196|00030|CMB0001|20|EA|520|KRW|10400|20190107|1300|
C|005186|2019|50004667610004|001|4300012196|00050|CMB0002|20|EA|2100|KRW|42000|20190107|1300|
C|005186|2019|50004667610005|001|4300012196|00060|CMD0011|2|EA|24100|KRW|48200|20190107|1300|
C|005186|2019|50004667620001|001|4300012194|00010|CMD0016|8|EA|29000|KRW|232000|20190107|1300|
C|005186|2019|50004667620002|001|4300012194|00020|CMD0011|29|EA|24100|KRW|698900|20190107|1300|
C|005186|2019|50004667630001|001|4300012243|00010|CMA0001|50|EA|151|KRW|7550|20190107|1300|
C|005186|2019|50004667630002|001|4300012243|00020|CMA0007|60|EA|151|KRW|9060|20190107|1300|
C|005186|2019|50004667630003|001|4300012243|00030|CMD0016|20|EA|29000|KRW|580000|20190107|1300|
C|005186|2019|50004667640001|001|4300012285|00020|CME0005|48|EA|2600|KRW|124800|20190107|1300|
