C|005186|2015|50001456280001|001|4300002509|00010|UDEC0058|6|EA|190050|KRW|1140300|20150415|1300|
C|005186|2015|50001456280002|001|4300002535|00070|UJBC0045|3|EA|121800|KRW|365400|20150415|1300|
C|005186|2015|50001456280003|001|4300002539|00060|UDDC0046|10|EA|27200|KRW|272000|20150415|1300|
C|005186|2015|50001456280004|001|4300002540|00010|UDDC0261|3|EA|159970|KRW|479910|20150415|1300|
C|005186|2015|50001456280005|001|4300002540|00020|UDDC0365|9|EA|73000|KRW|657000|20150415|1300|
C|005186|2015|50001456280006|001|4300002540|00030|UDDC0364|6|EA|104300|KRW|625800|20150415|1300|
C|005186|2015|50001456280007|001|4300002541|00010|UDDC0343|3|EA|130900|KRW|392700|20150415|1300|
C|005186|2015|50001456280008|001|4300002541|00020|UDDC0052|3|EA|209630|KRW|628890|20150415|1300|
C|005186|2015|50001456280009|001|4300002542|00020|UDEC0045|30|EA|6752|KRW|202560|20150415|1300|
C|005186|2015|50001456280010|001|4300002542|00030|UCIC0017|1|EA|17050|KRW|17050|20150415|1300|
C|005186|2015|50001456280011|001|4300002542|00130|UAEC0139|1|EA|11150|KRW|11150|20150415|1300|
C|005186|2015|50001456280012|001|4300002542|00140|UJAC0011|1|EA|9100|KRW|9100|20150415|1300|
C|005186|2015|50001456280013|001|4300002543|00060|UJAC0072|4|EA|12600|KRW|50400|20150415|1300|
C|005186|2015|50001456280014|001|4300002543|00070|UJAC0073|4|EA|13130|KRW|52520|20150415|1300|
C|005186|2015|50001456280015|001|4300002544|00030|UAGC0198|1|EA|189480|KRW|189480|20150415|1300|
C|005186|2015|50001456280016|001|4300002544|00040|UAGC0200|10|EA|1160|KRW|11600|20150415|1300|
C|005186|2015|50001456280017|001|4300002544|00050|UGCC0613|10|EA|9450|KRW|94500|20150415|1300|
C|005186|2015|50001456280018|001|4300002544|00060|UAAC0015|10|EA|8790|KRW|87900|20150415|1300|
C|005186|2015|50001456280019|001|4300002544|00070|UGAC0065|1|EA|124800|KRW|124800|20150415|1300|
C|005186|2015|50001456280020|001|4300002546|00020|UAEC0074|2|EA|9110|KRW|18220|20150415|1300|
C|005186|2015|50001456280021|001|4300002546|00030|UJAC0104|2|EA|12290|KRW|24580|20150415|1300|
C|005186|2015|50001456280022|001|4300002546|00040|UJAC0105|2|EA|14805|KRW|29610|20150415|1300|
C|005186|2015|50001456280023|001|4300002546|00060|UAHC0025|100|EA|7660|KRW|766000|20150415|1300|
C|005186|2015|50001456280024|001|4300002547|00010|UGCC0737|1|EA|1769000|KRW|1769000|20150415|1300|
C|005186|2015|50001456280025|001|4300002547|00020|UAGC0455|1|EA|128000|KRW|128000|20150415|1300|
C|005186|2015|50001456280026|001|4300002547|00030|UAGC0037|1|EA|21210|KRW|21210|20150415|1300|
C|005186|2015|50001456280027|001|4300002548|00040|UAGC0003|10|EA|1820|KRW|18200|20150415|1300|
C|005186|2015|50001456280028|001|4300002548|00050|UAKC0012|1|EA|9080|KRW|9080|20150415|1300|
C|005186|2015|50001456280029|001|4300002548|00060|UIEC0028|2|EA|6160|KRW|12320|20150415|1300|
C|005186|2015|50001456280030|001|4300002548|00090|UAEC0224|2|EA|2340|KRW|4680|20150415|1300|
C|005186|2015|50001456280031|001|4300002548|00100|UAEC0245|2|EA|1790|KRW|3580|20150415|1300|
C|005186|2015|50001456280032|001|4300002548|00110|UAEC0332|2|EA|2320|KRW|4640|20150415|1300|
C|005186|2015|50001456280033|001|4300002548|00130|UAEC0029|50|EA|7500|KRW|375000|20150415|1300|
C|005186|2015|50001456280034|001|4300002548|00140|UAEC0095|2|EA|22630|KRW|45260|20150415|1300|
C|005186|2015|50001456280035|001|4300002549|00020|UAEC0267|5|EA|6359|KRW|31795|20150415|1300|
C|005186|2015|50001456280036|001|4300002549|00030|UKBC0010|1|EA|91480|KRW|91480|20150415|1300|
C|005186|2015|50001456280037|001|4300002549|00040|UAGC0241|1|EA|220000|KRW|220000|20150415|1300|
C|005186|2015|50001456280038|001|4300002550|00030|UAEC0074|2|EA|9110|KRW|18220|20150415|1300|
C|005186|2015|50001456290001|001|4300002511|00130|UHFC0340|3|EA|118000|KRW|354000|20150415|1300|
C|005186|2015|50001456290002|001|4300002511|00140|UHFC0342|10|EA|4550|KRW|45500|20150415|1300|
