C|005186|2014|50000831670001|001|4300001514|00130|CMF0005|5|EA|20700|KRW|103500|20140630|1300|
C|005186|2014|50000831670002|001|4300001515|00130|CMF0005|2|EA|20700|KRW|41400|20140630|1300|
C|005186|2014|50000831670003|001|4300001517|00160|CMF0005|10|EA|20700|KRW|207000|20140630|1300|
C|005186|2014|50000831670004|001|4300001518|00110|CMF0005|3|EA|20700|KRW|62100|20140630|1300|
C|005186|2014|50000831670005|001|4300001519|00070|CMF0005|2|EA|20700|KRW|41400|20140630|1300|
C|005186|2014|50000831670006|001|4300001523|00080|CMF0005|2|EA|20700|KRW|41400|20140630|1300|
C|005186|2014|50000831670007|001|4300001524|00150|CMF0005|5|EA|20700|KRW|103500|20140630|1300|
C|005186|2014|50000831670008|001|4300001535|00070|CMF0005|5|EA|20700|KRW|103500|20140630|1300|
C|005186|2014|50000831680001|001|4300001512|00010|CMD0001|6|EA|9555|KRW|57330|20140630|1300|
C|005186|2014|50000831680002|001|4300001512|00020|CMA0002|110|EA|1530|KRW|168300|20140630|1300|
C|005186|2014|50000831680003|001|4300001512|00030|CMA0001|50|EA|240|KRW|12000|20140630|1300|
C|005186|2014|50000831680004|001|4300001512|00040|CMH0007|30|EA|11700|KRW|351000|20140630|1300|
C|005186|2014|50000831680005|001|4300001512|00050|CMF0006|50|EA|11970|KRW|598500|20140630|1300|
C|005186|2014|50000831680006|001|4300001512|00060|CMA0014|100|EA|380|KRW|38000|20140630|1300|
C|005186|2014|50000831680007|001|4300001512|00070|CMF0001|3|EA|1680|KRW|5040|20140630|1300|
C|005186|2014|50000831680008|001|4300001512|00080|CMF0007|3|EA|1780|KRW|5340|20140630|1300|
C|005186|2014|50000831680009|001|4300001512|00090|CMF0008|3|EA|1785|KRW|5355|20140630|1300|
