C|005186|2017|50003588010001|001|4300008005|00030|UHTC0819|10|EA|34500|KRW|345000|20170727|1300|
C|005186|2017|50003588010002|001|4300008011|00010|UHTC0780|20|EA|42400|KRW|848000|20170727|1300|
C|005186|2017|50003588010003|001|4300008011|00020|UHTC0748|10|EA|57300|KRW|573000|20170727|1300|
C|005186|2017|50003588010004|001|4300008112|00050|UAJC0091|1|EA|42160|KRW|42160|20170727|1300|
C|005186|2017|50003588010005|001|4300008113|00040|UDBC0987|50|EA|130|KRW|6500|20170727|1300|
C|005186|2017|50003588010006|001|4300008118|00060|UDDC0391|10|EA|8440|KRW|84400|20170727|1300|
C|005186|2017|50003588010007|001|4300008118|00070|UGBC1637|40|EA|3700|KRW|148000|20170727|1300|
C|005186|2017|50003588010008|001|4300008133|00020|UEBC1396|4|EA|4870|KRW|19480|20170727|1300|
C|005186|2017|50003588010009|001|4300008134|00070|UDBC0980|200|EA|60|KRW|12000|20170727|1300|
C|005186|2017|50003588010010|001|4300008150|00050|UDBC0981|30|EA|870|KRW|26100|20170727|1300|
C|005186|2017|50003588020001|001|4300008096|00010|UHTC0348|10|EA|51975|KRW|519750|20170727|1300|
C|005186|2017|50003588020002|001|4300008096|00020|UHTC0349|10|EA|50190|KRW|501900|20170727|1300|
C|005186|2017|50003588020003|001|4300008096|00030|UHNC0059|1|EA|445500|KRW|445500|20170727|1300|
C|005186|2017|50003588020004|001|4300008096|00040|UHBC0022|1|EA|430360|KRW|430360|20170727|1300|
C|005186|2017|50003588020005|001|4300008114|00010|UHTC0281|1|EA|123900|KRW|123900|20170727|1300|
C|005186|2017|50003588020006|001|4300008114|00020|UHFC0099|10|EA|13500|KRW|135000|20170727|1300|
C|005186|2017|50003588020007|001|4300008114|00030|UHGC0042|5|EA|18900|KRW|94500|20170727|1300|
C|005186|2017|50003588020008|001|4300008114|00040|UHDC0052|3|EA|91880|KRW|275640|20170727|1300|
C|005186|2017|50003588020009|001|4300008114|00050|UHGC0027|5|EA|134740|KRW|673700|20170727|1300|
C|005186|2017|50003588020010|001|4300008114|00060|UHDC0093|5|EA|138600|KRW|693000|20170727|1300|
C|005186|2017|50003588020011|001|4300008115|00010|UHNC0113|1|EA|772800|KRW|772800|20170727|1300|
C|005186|2017|50003588020012|001|4300008115|00020|UHGC0197|5|EA|36000|KRW|180000|20170727|1300|
C|005186|2017|50003588020013|001|4300008115|00030|UHHC0071|1|EA|573300|KRW|573300|20170727|1300|
C|005186|2017|50003588020014|001|4300008115|00070|UHGC0053|5|EA|22940|KRW|114700|20170727|1300|
C|005186|2017|50003588020015|001|4300008115|00080|UHGC0010|1|EA|50520|KRW|50520|20170727|1300|
C|005186|2017|50003588020016|001|4300008116|00010|UHGC0016|1|EA|499800|KRW|499800|20170727|1300|
C|005186|2017|50003588020017|001|4300008116|00020|UHFC0336|4|EA|82950|KRW|331800|20170727|1300|
C|005186|2017|50003588020018|001|4300008116|00030|UHNC0109|50|EA|650|KRW|32500|20170727|1300|
C|005186|2017|50003588020019|001|4300008116|00040|UHGC0269|2|EA|416850|KRW|833700|20170727|1300|
C|005186|2017|50003588020020|001|4300008119|00010|UHFC0032|1|EA|998550|KRW|998550|20170727|1300|
C|005186|2017|50003588020021|001|4300008119|00020|UHGC0254|1|EA|800000|KRW|800000|20170727|1300|
C|005186|2017|50003588020022|001|4300008120|00010|UHTC0806|1|EA|551200|KRW|551200|20170727|1300|
C|005186|2017|50003588020023|001|4300008120|00020|UHNC0047|1|EA|401740|KRW|401740|20170727|1300|
C|005186|2017|50003588020024|001|4300008120|00030|UHTC0211|1|EA|522900|KRW|522900|20170727|1300|
C|005186|2017|50003588020025|001|4300008120|00040|UHHC0136|1|EA|96600|KRW|96600|20170727|1300|
C|005186|2017|50003588020026|001|4300008149|00010|UHGC0294|10|EA|96460|KRW|964600|20170727|1300|
C|005186|2017|50003588020027|001|4300008149|00020|UHFC0231|5|EA|2405|KRW|12025|20170727|1300|
C|005186|2017|50003588020028|001|4300008149|00030|UHFC0232|5|EA|9790|KRW|48950|20170727|1300|
C|005186|2017|50003588020029|001|4300008149|00040|UHGC0150|10|EA|31600|KRW|316000|20170727|1300|
C|005186|2017|50003588020030|001|4300008149|00050|UHFC0344|10|EA|63500|KRW|635000|20170727|1300|
C|005186|2017|50003588020031|001|4300008150|00030|UHFC0344|20|EA|63500|KRW|1270000|20170727|1300|
C|005186|2017|50003588020032|001|4300008150|00040|UHFC0186|1|EA|138600|KRW|138600|20170727|1300|
C|005186|2017|50003588020033|001|4300008150|00060|UHTC0825|3|EA|72000|KRW|216000|20170727|1300|
C|005186|2017|50003588020034|001|4300008151|00010|UHFC0443|1|EA|1390000|KRW|1390000|20170727|1300|
C|005186|2017|50003588020035|001|4300008151|00020|UHHC0051|1|EA|99860|KRW|99860|20170727|1300|
C|005186|2017|50003588020036|001|4300008151|00030|UHHC0053|2|EA|99860|KRW|199720|20170727|1300|
C|005186|2017|50003588020037|001|4300008151|00040|UHFC0336|2|EA|82950|KRW|165900|20170727|1300|
C|005186|2017|50003588020038|001|4300008151|00050|UHFC0337|1|EA|104210|KRW|104210|20170727|1300|
C|005186|2017|50003588020039|001|4300008152|00010|UHNC0109|100|EA|650|KRW|65000|20170727|1300|
C|005186|2017|50003588020040|001|4300008152|00020|UHFC0164|100|EA|210|KRW|21000|20170727|1300|
C|005186|2017|50003588020041|001|4300008152|00030|UHHC0100|2|EA|495012|KRW|990024|20170727|1300|
C|005186|2017|50003588020042|001|4300008152|00040|UHTC0772|25|EA|23320|KRW|583000|20170727|1300|
C|005186|2017|50003588030001|001|4300008021|00010|UFGC0017|100|EA|3500|KRW|350000|20170727|1300|
C|005186|2017|50003588030002|001|4300008087|00030|UEAC1120|2|EA|544000|KRW|1088000|20170727|1300|
C|005186|2017|50003588030003|001|4300008112|00040|UGBC1635|5|EA|100000|KRW|500000|20170727|1300|
C|005186|2017|50003588030004|001|4300008118|00040|UAHC0062|2|EA|42940|KRW|85880|20170727|1300|
C|005186|2017|50003588030005|001|4300008130|00010|UCAC0069|1|EA|20200|KRW|20200|20170727|1300|
C|005186|2017|50003588030006|001|4300008134|00080|UGBC1627|30|EA|3480|KRW|104400|20170727|1300|
C|005186|2017|50003588030007|001|4300008134|00090|UGBC1628|30|EA|3710|KRW|111300|20170727|1300|
C|005186|2017|50003588030008|001|4300008134|00100|UGBC1629|30|EA|6220|KRW|186600|20170727|1300|
C|005186|2017|50003588030009|001|4300008134|00110|UGBC1630|30|EA|6850|KRW|205500|20170727|1300|
C|005186|2017|50003588030010|001|4300008134|00150|UDDC0389|2|EA|36750|KRW|73500|20170727|1300|
C|005186|2017|50003588030011|001|4300008135|00010|UEAC1122|1|EA|1135000|KRW|1135000|20170727|1300|
C|005186|2017|50003588040001|001|4300008088|00040|UGCC1227|10|EA|76000|KRW|760000|20170727|1300|
C|005186|2017|50003588050001|001|4300008087|00050|UGBC1633|4|EA|45400|KRW|181600|20170727|1300|
C|005186|2017|50003588050002|001|4300008088|00050|UDEC0120|1|EA|252000|KRW|252000|20170727|1300|
C|005186|2017|50003588050003|001|4300008090|00060|UKEC0108|1|EA|137020|KRW|137020|20170727|1300|
C|005186|2017|50003588050004|001|4300008112|00010|UDBC0983|1|EA|42400|KRW|42400|20170727|1300|
C|005186|2017|50003588050005|001|4300008112|00020|UDBC0985|1|EA|5520|KRW|5520|20170727|1300|
C|005186|2017|50003588050006|001|4300008112|00030|UDBC0986|1|EA|3180|KRW|3180|20170727|1300|
C|005186|2017|50003588050007|001|4300008112|00090|UAJC0092|4|EA|7590|KRW|30360|20170727|1300|
C|005186|2017|50003588050008|001|4300008112|00100|UAJC0093|4|EA|8010|KRW|32040|20170727|1300|
C|005186|2017|50003588050009|001|4300008112|00110|UAJC0094|4|EA|8330|KRW|33320|20170727|1300|
C|005186|2017|50003588050010|001|4300008112|00120|UAJC0095|4|EA|8430|KRW|33720|20170727|1300|
C|005186|2017|50003588050011|001|4300008113|00010|UAEC0466|5|EA|27400|KRW|137000|20170727|1300|
C|005186|2017|50003588050012|001|4300008113|00030|UEBC1394|2|EA|731400|KRW|1462800|20170727|1300|
C|005186|2017|50003588050013|001|4300008113|00050|UDDC0390|1|EA|180300|KRW|180300|20170727|1300|
C|005186|2017|50003588050014|001|4300008115|00040|UEBC0237|10|EA|2130|KRW|21300|20170727|1300|
C|005186|2017|50003588050015|001|4300008115|00050|UEBC0238|10|EA|3800|KRW|38000|20170727|1300|
C|005186|2017|50003588050016|001|4300008115|00060|UEBC0247|5|EA|7310|KRW|36550|20170727|1300|
C|005186|2017|50003588050017|001|4300008118|00010|UDFC0195|20|EA|2120|KRW|42400|20170727|1300|
C|005186|2017|50003588050018|001|4300008118|00030|UAEC0399|2|EA|175000|KRW|350000|20170727|1300|
C|005186|2017|50003588050019|001|4300008132|00010|UDBC0984|1|EA|8480|KRW|8480|20170727|1300|
C|005186|2017|50003588050020|001|4300008132|00030|UEAC1121|2|EA|233200|KRW|466400|20170727|1300|
C|005186|2017|50003588050021|001|4300008132|00060|UEBC1395|2|EA|13400|KRW|26800|20170727|1300|
C|005186|2017|50003588050022|001|4300008133|00010|UEBC1394|2|EA|731400|KRW|1462800|20170727|1300|
C|005186|2017|50003588050023|001|4300008134|00010|UEBC1380|4|EA|47700|KRW|190800|20170727|1300|
C|005186|2017|50003588050024|001|4300008134|00020|UAEC0464|10|EA|530|KRW|5300|20170727|1300|
C|005186|2017|50003588050025|001|4300008134|00030|UAEC0465|10|EA|4110|KRW|41100|20170727|1300|
C|005186|2017|50003588050026|001|4300008134|00040|UEBC1381|1|EA|50880|KRW|50880|20170727|1300|
C|005186|2017|50003588050027|001|4300008134|00050|UEBC1382|2|EA|80140|KRW|160280|20170727|1300|
C|005186|2017|50003588050028|001|4300008134|00060|UDBC0979|500|EA|50|KRW|25000|20170727|1300|
C|005186|2017|50003588050029|001|4300008134|00120|UEBC1383|12|EA|21200|KRW|254400|20170727|1300|
C|005186|2017|50003588050030|001|4300008134|00130|UEBC1384|10|EA|26500|KRW|265000|20170727|1300|
C|005186|2017|50003588050031|001|4300008134|00140|UEBC1385|32|EA|6760|KRW|216320|20170727|1300|
C|005186|2017|50003588050032|001|4300008150|00010|UAGC0272|10|EA|1550|KRW|15500|20170727|1300|
C|005186|2017|50003588050033|001|4300008150|00020|UAGC0286|10|EA|2625|KRW|26250|20170727|1300|
C|005186|2017|50003588050034|001|4300008150|00070|UEAC0109|2|EA|143330|KRW|286660|20170727|1300|
C|005186|2017|50003588050035|001|4300008182|00020|CMH0007|2|EA|11600|KRW|23200|20170727|1300|
