C|005186|2015|50001333260001|001|4300002222|00010|UDAC0306|1|EA|1350000|KRW|1350000|20150227|1300|
C|005186|2015|50001333270001|001|4300002210|00010|UCIC0151|1|EA|1192000|KRW|1192000|20150227|1300|
C|005186|2015|50001333270002|001|4300002211|00080|UGCC0390|2|EA|41800|KRW|83600|20150227|1300|
C|005186|2015|50001333280001|001|4300002212|00070|UGCC0396|2|EA|54200|KRW|108400|20150227|1300|
C|005186|2015|50001333290001|001|4300002211|00030|UDBC0883|30|EA|35|KRW|1050|20150227|1300|
C|005186|2015|50001333290002|001|4300002211|00040|UEBC0919|5|EA|18010|KRW|90050|20150227|1300|
C|005186|2015|50001333290003|001|4300002211|00050|UEBC0029|2|EA|25240|KRW|50480|20150227|1300|
C|005186|2015|50001333290004|001|4300002211|00060|UEBC0629|4|EA|23950|KRW|95800|20150227|1300|
C|005186|2015|50001333290005|001|4300002211|00070|UBCC0048|5|EA|28730|KRW|143650|20150227|1300|
C|005186|2015|50001333300001|001|4300002138|00010|KE231001|24|EA|16150|KRW|387600|20150227|1300|
C|005186|2015|50001333300002|001|4300002138|00020|KE270302|4|EA|6900|KRW|27600|20150227|1300|
C|005186|2015|50001333300003|001|4300002138|00110|UHDC0136|200|EA|990|KRW|198000|20150227|1300|
C|005186|2015|50001333300004|001|4300002138|00120|UHDC0137|200|EA|987|KRW|197400|20150227|1300|
C|005186|2015|50001333300005|001|4300002167|00020|KE030011|4|EA|8190|KRW|32760|20150227|1300|
C|005186|2015|50001333300006|001|4300002167|00030|KE030200|2|EA|15230|KRW|30460|20150227|1300|
C|005186|2015|50001333300007|001|4300002167|00040|KE050201|1|EA|8460|KRW|8460|20150227|1300|
C|005186|2015|50001333300008|001|4300002167|00050|KE050302|8|EA|1160|KRW|9280|20150227|1300|
C|005186|2015|50001333300009|001|4300002167|00060|KE050502|1|EA|10000|KRW|10000|20150227|1300|
C|005186|2015|50001333300010|001|4300002167|00070|KE050801|5|EA|1900|KRW|9500|20150227|1300|
C|005186|2015|50001333300011|001|4300002167|00080|KE090101|3|EA|24680|KRW|74040|20150227|1300|
C|005186|2015|50001333300012|001|4300002167|00090|KE090116|3|EA|28040|KRW|84120|20150227|1300|
C|005186|2015|50001333300013|001|4300002167|00100|KE090165|2|EA|165900|KRW|331800|20150227|1300|
C|005186|2015|50001333300014|001|4300002167|00110|KE110100|10|EA|124000|KRW|1240000|20150227|1300|
C|005186|2015|50001333300015|001|4300002211|00010|UHDC0229|3|EA|40510|KRW|121530|20150227|1300|
C|005186|2015|50001333300016|001|4300002221|00010|UHTC0660|5|EA|41000|KRW|205000|20150227|1300|
C|005186|2015|50001333300017|001|4300002221|00020|UHTC0657|5|EA|41000|KRW|205000|20150227|1300|
C|005186|2015|50001333300018|001|4300002221|00030|UHHC0024|1|EA|93975|KRW|93975|20150227|1300|
C|005186|2015|50001333300019|001|4300002221|00040|UHHC0025|1|EA|93975|KRW|93975|20150227|1300|
C|005186|2015|50001333300020|001|4300002221|00050|UHHC0162|1|EA|111830|KRW|111830|20150227|1300|
C|005186|2015|50001333300021|001|4300002221|00060|UHHC0163|1|EA|111830|KRW|111830|20150227|1300|
C|005186|2015|50001333300022|001|4300002221|00070|UHHC0164|1|EA|111830|KRW|111830|20150227|1300|
C|005186|2015|50001333300023|001|4300002221|00080|UHHC0140|1|EA|81690|KRW|81690|20150227|1300|
C|005186|2015|50001333300024|001|4300002221|00090|UHHC0057|1|EA|255150|KRW|255150|20150227|1300|
C|005186|2015|50001333300025|001|4300002221|00110|UHGC0055|5|EA|17100|KRW|85500|20150227|1300|
C|005186|2015|50001333300026|001|4300002221|00120|UHTC0465|30|EA|13890|KRW|416700|20150227|1300|
C|005186|2015|50001333310001|001|4300002251|00080|UKCC0003|20|EA|4520|KRW|90400|20150227|1300|
C|005186|2015|50001333310002|001|4300002251|00290|UKCC0003|4|EA|4520|KRW|18080|20150227|1300|
C|005186|2015|50001333320001|001|4300002235|00020|UFKC0124|3|EA|40990|KRW|122970|20150227|1300|
C|005186|2015|50001333320002|001|4300002235|00200|UJBC0004|20|EA|4337|KRW|86740|20150227|1300|
C|005186|2015|50001333320003|001|4300002235|00210|UJBC0005|10|EA|14700|KRW|147000|20150227|1300|
C|005186|2015|50001333320004|001|4300002236|00080|UFGC0007|2|EA|35180|KRW|70360|20150227|1300|
C|005186|2015|50001333320005|001|4300002257|00030|UALC0094|24|EA|62800|KRW|1507200|20150227|1300|
C|005186|2015|50001333320006|001|4300002259|00010|UALC0093|6|EA|246700|KRW|1480200|20150227|1300|
C|005186|2015|50001333330001|001|4300002211|00020|UDCC0049|3|EA|450530|KRW|1351590|20150227|1300|
