C|005186|2019|50005243340001|001|4300014897|00040|UHFC0178|5|EA|122000|KRW|610000|20191015|1300|
C|005186|2019|50005243360001|001|4300014748|00040|UZZC0162|30|EA|295100|KRW|885300|20191015|1300|
C|005186|2019|50005243360002|001|4300014748|00080|UZZC0163|10|EA|295100|KRW|295100|20191015|1300|
C|005186|2019|50005243360003|001|4300014915|00010|UAGC0025|1|EA|6060|KRW|6060|20191015|1300|
C|005186|2019|50005243360004|001|4300014920|00030|UGCC0582|20|EA|310500|KRW|621000|20191015|1300|
C|005186|2019|50005243400001|001|4300014813|00010|UHTC0246|100|EA|169400|KRW|847000|20191015|1300|
C|005186|2019|50005243400002|001|4300014813|00020|UHTC0548|30|EA|84700|KRW|254100|20191015|1300|
C|005186|2019|50005243400003|001|4300014817|00110|UHGC0362|4|EA|60900|KRW|243600|20191015|1300|
C|005186|2019|50005243400004|001|4300014821|00010|UHDC0245|10|EA|312500|KRW|625000|20191015|1300|
C|005186|2019|50005243400005|001|4300014821|00020|UHGC0150|10|EA|316000|KRW|316000|20191015|1300|
C|005186|2019|50005243400006|001|4300014821|00030|UHGC0277|2|EA|605270|KRW|1210540|20191015|1300|
C|005186|2019|50005243400007|001|4300014892|00010|UHEC0033|10|EA|510000|KRW|1020000|20191015|1300|
C|005186|2019|50005243400008|001|4300014892|00020|UGAC0078|18|EA|32750|KRW|589500|20191015|1300|
C|005186|2019|50005243400009|001|4300014892|00030|UHDC0145|30|EA|3780|KRW|113400|20191015|1300|
C|005186|2019|50005243400010|001|4300014892|00040|UHDC0099|30|EA|3150|KRW|94500|20191015|1300|
C|005186|2019|50005243400011|001|4300014892|00050|UHDC0107|50|EA|100000|KRW|100000|20191015|1300|
C|005186|2019|50005243400012|001|4300014893|00020|UHFC0019|10|EA|850500|KRW|850500|20191015|1300|
C|005186|2019|50005243400013|001|4300014894|00010|UHHC0013|90|M|20580|KRW|1852200|20191015|1300|
C|005186|2019|50005243400014|001|4300014895|00020|UHGC0137|2|EA|415800|KRW|831600|20191015|1300|
C|005186|2019|50005243450001|001|4300014755|00010|UHTC0835|3|EA|440000|KRW|1320000|20191015|1300|
C|005186|2019|50005243450002|001|4300014820|00010|UHHC0060|2|EA|412650|KRW|825300|20191015|1300|
C|005186|2019|50005243450003|001|4300014877|00010|KE030011|3|EA|8190|KRW|24570|20191015|1300|
C|005186|2019|50005243450004|001|4300014877|00020|KE030205|2|EA|31290|KRW|62580|20191015|1300|
C|005186|2019|50005243450005|001|4300014877|00030|KE050207|1|EA|6930|KRW|6930|20191015|1300|
C|005186|2019|50005243450006|001|4300014877|00040|KE050502|1|EA|10000|KRW|10000|20191015|1300|
C|005186|2019|50005243450007|001|4300014877|00050|KE090101|3|EA|24680|KRW|74040|20191015|1300|
C|005186|2019|50005243450008|001|4300014877|00060|KE110100|3|EA|124000|KRW|372000|20191015|1300|
C|005186|2019|50005243450009|001|4300014877|00070|KE190003|9|EA|29300|KRW|263700|20191015|1300|
C|005186|2019|50005243450010|001|4300014877|00080|KE200113|2|EA|130000|KRW|260000|20191015|1300|
C|005186|2019|50005243450011|001|4300014877|00090|KE210001|2|EA|53030|KRW|106060|20191015|1300|
C|005186|2019|50005243450012|001|4300014877|00100|KE230003|150|EA|46750|KRW|280500|20191015|1300|
C|005186|2019|50005243450013|001|4300014877|00110|KE231001|11|EA|16150|KRW|177650|20191015|1300|
C|005186|2019|50005243450014|001|4300014877|00120|KE270302|3|EA|6900|KRW|20700|20191015|1300|
C|005186|2019|50005243450015|001|4300014877|00130|KE280401|5|EA|20800|KRW|104000|20191015|1300|
C|005186|2019|50005243450016|001|4300014885|00010|UHNC0062|1|EA|1501500|KRW|1501500|20191015|1300|
C|005186|2019|50005243450017|001|4300014888|00010|UHTC0835|4|EA|440000|KRW|1760000|20191015|1300|
C|005186|2019|50005243450018|001|4300014908|00010|KE050303|10|EA|2600|KRW|26000|20191015|1300|
C|005186|2019|50005243450019|001|4300014908|00020|KE050304|10|EA|2600|KRW|26000|20191015|1300|
C|005186|2019|50005243460001|001|4300014927|00010|UHGC0238|5|EA|144750|KRW|144750|20191015|1300|
C|005186|2019|50005243460002|001|4300014927|00030|UHTC0800|10|EA|795000|KRW|1590000|20191015|1300|
C|005186|2019|50005243460003|001|4300014928|00010|UHDC0093|5|EA|693000|KRW|693000|20191015|1300|
C|005186|2019|50005243460004|001|4300014928|00020|UHGC0114|2|EA|257000|KRW|514000|20191015|1300|
C|005186|2019|50005243460005|001|4300014929|00010|UHHC0200|200|EA|1720000|KRW|1720000|20191015|1300|
C|005186|2019|50005243460006|001|4300014930|00010|UHNC0113|1|EA|772800|KRW|772800|20191015|1300|
C|005186|2019|50005243460007|001|4300014930|00020|UHCC0013|1|EA|492450|KRW|492450|20191015|1300|
C|005186|2019|50005243460008|001|4300014930|00030|UFJC0032|2|EA|313500|KRW|627000|20191015|1300|
C|005186|2019|50005243460009|001|4300014931|00010|UIEC0036|1|EA|157900|KRW|157900|20191015|1300|
C|005186|2019|50005243460010|001|4300014931|00020|UHNC0113|1|EA|772800|KRW|772800|20191015|1300|
C|005186|2019|50005243460011|001|4300014931|00030|UHTC0440|5|EA|411000|KRW|411000|20191015|1300|
C|005186|2019|50005243460012|001|4300014931|00040|UHTC0802|10|EA|249100|KRW|498200|20191015|1300|
C|005186|2019|50005243460013|001|4300014932|00010|UHGC0134|2|EA|756000|KRW|1512000|20191015|1300|
C|005186|2019|50005243460014|001|4300014932|00020|UHTC0772|20|EA|466400|KRW|466400|20191015|1300|
C|005186|2019|50005243460015|001|4300014933|00010|UHFC0273|1|EA|576850|KRW|576850|20191015|1300|
C|005186|2019|50005243460016|001|4300014933|00020|UHGC0107|2|EA|342100|KRW|684200|20191015|1300|
C|005186|2019|50005243460017|001|4300014933|00030|UHGC0325|3|EA|237000|KRW|711000|20191015|1300|
C|005186|2019|50005243460018|001|4300014934|00010|UHHC0040|300|M|730800|KRW|730800|20191015|1300|
C|005186|2019|50005243470001|001|4300014896|00070|UCKC0138|200|EA|475000|KRW|950000|20191015|1300|
C|005186|2019|50005243470002|001|4300014921|00030|UGCC0894|400|EA|300000|KRW|1200000|20191015|1300|
C|005186|2019|50005243470003|001|4300014922|00100|UADC0040|20|EA|78800|KRW|157600|20191015|1300|
C|005186|2019|50005243480001|001|4300014919|00010|UAEC0154|5|EA|186950|KRW|934750|20191015|1300|
C|005186|2019|50005243480002|001|4300014919|00020|UGCC0611|5|EA|9660|KRW|48300|20191015|1300|
C|005186|2019|50005243480003|001|4300014920|00010|UAAC0014|4|EA|6820|KRW|27280|20191015|1300|
C|005186|2019|50005243480004|001|4300014922|00010|UGCC1013|20|EA|29000|KRW|58000|20191015|1300|
C|005186|2019|50005243480005|001|4300014922|00020|UGCC1398|5|EA|18970|KRW|94850|20191015|1300|
C|005186|2019|50005243480006|001|4300014922|00060|UHTC0486|1|EA|46410|KRW|46410|20191015|1300|
C|005186|2019|50005243480007|001|4300014922|00070|UKEC0091|20|EA|12700|KRW|25400|20191015|1300|
C|005186|2019|50005243480008|001|4300014922|00080|UAAC0029|40|EA|18900|KRW|75600|20191015|1300|
C|005186|2019|50005243480009|001|4300014922|00090|UAGC0323|10|EA|141800|KRW|141800|20191015|1300|
C|005186|2019|50005243480010|001|4300014922|00140|UAIC0041|1|EA|4935|KRW|4935|20191015|1300|
C|005186|2019|50005243480011|001|4300014922|00150|UAIC0002|5|EA|18400|KRW|18400|20191015|1300|
C|005186|2019|50005243480012|001|4300014922|00160|UADC0156|2|EA|16800|KRW|33600|20191015|1300|
C|005186|2019|50005243480013|001|4300014922|00170|UABC0050|40|EA|59200|KRW|118400|20191015|1300|
C|005186|2019|50005243480014|001|4300014924|00030|UGCC0506|1|EA|24200|KRW|24200|20191015|1300|
C|005186|2019|50005243480015|001|4300014924|00040|UGCC0507|1|EA|24200|KRW|24200|20191015|1300|
C|005186|2019|50005243480016|001|4300014924|00050|UGCC0510|1|EA|41060|KRW|41060|20191015|1300|
C|005186|2019|50005243480017|001|4300014924|00060|UGCC0511|1|EA|41060|KRW|41060|20191015|1300|
C|005186|2019|50005243480018|001|4300014924|00070|UGCC0503|1|EA|66200|KRW|66200|20191015|1300|
C|005186|2019|50005243480019|001|4300014924|00080|UGCC0504|1|EA|66200|KRW|66200|20191015|1300|
C|005186|2019|50005243480020|001|4300014924|00090|UGCC0499|1|EA|100700|KRW|100700|20191015|1300|
C|005186|2019|50005243480021|001|4300014924|00100|UGCC0500|1|EA|100700|KRW|100700|20191015|1300|
C|005186|2019|50005243480022|001|4300014924|00130|UAAC0012|5|EA|28875|KRW|28875|20191015|1300|
C|005186|2019|50005243480023|001|4300014924|00140|UGCC0613|2|EA|9450|KRW|18900|20191015|1300|
C|005186|2019|50005243480024|001|4300014924|00150|UAEC0083|6|EA|2640|KRW|15840|20191015|1300|
C|005186|2019|50005243480025|001|4300014924|00170|UAIC0008|2|EA|88940|KRW|177880|20191015|1300|
C|005186|2019|50005243490001|001|4300014832|00010|UJCC0056|1|EA|45240|KRW|45240|20191015|1300|
C|005186|2019|50005243490002|001|4300014878|00120|KS990007|3|EA|51450|KRW|154350|20191015|1300|
C|005186|2019|50005243490003|001|4300014907|00010|KH990100|4|EA|27220|KRW|108880|20191015|1300|
C|005186|2019|50005243490004|001|4300014907|00020|KH990101|6|EA|7250|KRW|43500|20191015|1300|
C|005186|2019|50005243490005|001|4300014907|00030|KT020004|1|EA|5600|KRW|5600|20191015|1300|
C|005186|2019|50005243490006|001|4300014907|00040|KT020005|2|EA|5640|KRW|11280|20191015|1300|
C|005186|2019|50005243490007|001|4300014907|00050|KT020006|2|EA|6250|KRW|12500|20191015|1300|
C|005186|2019|50005243490008|001|4300014907|00060|KT020011|1|EA|10400|KRW|10400|20191015|1300|
C|005186|2019|50005243490009|001|4300014907|00070|KT020012|1|EA|13110|KRW|13110|20191015|1300|
C|005186|2019|50005243490010|001|4300014907|00080|KT020013|1|EA|13110|KRW|13110|20191015|1300|
C|005186|2019|50005243490011|001|4300014907|00090|KT020014|1|EA|14490|KRW|14490|20191015|1300|
C|005186|2019|50005243490012|001|4300014907|00100|KT020018|1|EA|22630|KRW|22630|20191015|1300|
C|005186|2019|50005243490013|001|4300014907|00110|KT020500|20|EA|31100|KRW|62200|20191015|1300|
C|005186|2019|50005243490014|001|4300014907|00120|KT020612|1|EA|44100|KRW|44100|20191015|1300|
C|005186|2019|50005243490015|001|4300014907|00130|KT020700|16|EA|2680|KRW|42880|20191015|1300|
C|005186|2019|50005243490016|001|4300014907|00140|KT080300|20.000|KG|13850|KRW|55400|20191015|1300|
C|005186|2019|50005243490017|001|4300014907|00150|KT080370|25|EA|760|KRW|19000|20191015|1300|
C|005186|2019|50005243490018|001|4300014907|00160|KT080500|1|EA|26500|KRW|26500|20191015|1300|
C|005186|2019|50005243490019|001|4300014907|00170|KT990001|300|EA|5100|KRW|153000|20191015|1300|
C|005186|2019|50005243510001|001|4300014913|00060|UDBC0401|300|EA|2500|KRW|7500|20191016|1300|
C|005186|2019|50005243510002|001|4300014913|00070|UDBC0805|1|EA|248000|KRW|248000|20191016|1300|
C|005186|2019|50005243510003|001|4300014914|00010|UGBC1295|1|EA|121300|KRW|121300|20191016|1300|
C|005186|2019|50005243510004|001|4300014914|00020|UEBC0336|5|EA|6010|KRW|30050|20191016|1300|
C|005186|2019|50005243510005|001|4300014914|00030|UDAC0077|10|EA|5300|KRW|10600|20191016|1300|
C|005186|2019|50005243510006|001|4300014914|00040|UDAC0369|10|EA|101000|KRW|101000|20191016|1300|
C|005186|2019|50005243510007|001|4300014914|00070|UEBC0828|10|EA|40900|KRW|81800|20191016|1300|
C|005186|2019|50005243510008|001|4300014926|00040|UGBC1235|20|EA|5900|KRW|11800|20191016|1300|
C|005186|2019|50005243510009|001|4300014926|00050|UGBC0768|20|EA|6090|KRW|12180|20191016|1300|
C|005186|2019|50005243510010|001|4300014926|00060|UGBC0769|20|EA|8090|KRW|16180|20191016|1300|
C|005186|2019|50005243510011|001|4300014926|00070|UGBC0770|20|EA|11550|KRW|23100|20191016|1300|
C|005186|2019|50005243510012|001|4300014926|00080|UGBC0780|40|EA|5700|KRW|22800|20191016|1300|
C|005186|2019|50005243510013|001|4300014926|00090|UEBC0077|20|EA|61400|KRW|61400|20191016|1300|
C|005186|2019|50005243510014|001|4300014926|00100|UEBC0075|20|EA|52500|KRW|52500|20191016|1300|
C|005186|2019|50005243510015|001|4300014926|00110|UDBC0802|500|EA|5500|KRW|5500|20191016|1300|
C|005186|2019|50005243510016|001|4300014926|00120|UDBC0373|500|EA|1100|KRW|11000|20191016|1300|
C|005186|2019|50005243510017|001|4300014926|00130|UDBC0377|500|EA|2300|KRW|11500|20191016|1300|
C|005186|2019|50005243510018|001|4300014926|00140|UDBC0346|300|EA|4600|KRW|13800|20191016|1300|
C|005186|2019|50005243510019|001|4300014926|00150|UDBC0349|200|EA|6000|KRW|12000|20191016|1300|
C|005186|2019|50005243510020|001|4300014926|00160|UDBC0355|100|EA|1300|KRW|13000|20191016|1300|
C|005186|2019|50005243510021|001|4300014926|00170|UDBC0367|500|EA|2100|KRW|10500|20191016|1300|
C|005186|2019|50005243510022|001|4300014926|00180|UDBC0037|500|EA|2800|KRW|14000|20191016|1300|
C|005186|2019|50005243510023|001|4300014926|00190|UDBC0376|500|EA|5800|KRW|29000|20191016|1300|
C|005186|2019|50005243510024|001|4300014926|00200|UDBC0033|300|EA|11900|KRW|35700|20191016|1300|
C|005186|2019|50005243510025|001|4300014926|00210|UDBC0034|300|EA|15600|KRW|46800|20191016|1300|
C|005186|2019|50005243510026|001|4300014926|00220|UDBC0405|300|EA|2700|KRW|8100|20191016|1300|
C|005186|2019|50005243510027|001|4300014926|00230|UDBC0422|300|EA|6900|KRW|20700|20191016|1300|
C|005186|2019|50005243510028|001|4300014926|00240|UDBC0440|300|EA|8700|KRW|26100|20191016|1300|
C|005186|2019|50005243510029|001|4300014926|00250|UDBC0444|200|EA|10000|KRW|20000|20191016|1300|
C|005186|2019|50005243510030|001|4300014926|00260|UDBC1069|100|EA|1100|KRW|11000|20191016|1300|
C|005186|2019|50005243510031|001|4300014926|00270|UDAC0342|5|EA|6350|KRW|6350|20191016|1300|
C|005186|2019|50005243510032|001|4300014926|00360|UEBC0787|20|EA|17000|KRW|17000|20191016|1300|
C|005186|2019|50005243520001|001|4300014878|00010|KS061504|2|EA|4050|KRW|8100|20191016|1300|
C|005186|2019|50005243520002|001|4300014878|00020|KS061506|5|EA|7850|KRW|39250|20191016|1300|
C|005186|2019|50005243520003|001|4300014878|00030|KS066902|2|EA|1540|KRW|3080|20191016|1300|
C|005186|2019|50005243520004|001|4300014878|00040|KS067005|2|EA|2400|KRW|4800|20191016|1300|
C|005186|2019|50005243520005|001|4300014878|00050|KS067006|2|EA|3120|KRW|6240|20191016|1300|
C|005186|2019|50005243520006|001|4300014878|00060|KS067207|3|EA|5780|KRW|17340|20191016|1300|
C|005186|2019|50005243520007|001|4300014878|00070|KS067208|3|EA|7940|KRW|23820|20191016|1300|
C|005186|2019|50005243520008|001|4300014878|00080|KS067210|1|EA|14350|KRW|14350|20191016|1300|
C|005186|2019|50005243520009|001|4300014878|00090|KS080702|2|EA|19850|KRW|39700|20191016|1300|
C|005186|2019|50005243520010|001|4300014878|00100|KS080705|6|EA|18500|KRW|111000|20191016|1300|
C|005186|2019|50005243520011|001|4300014878|00110|KS080709|3|EA|24700|KRW|74100|20191016|1300|
C|005186|2019|50005243520012|001|4300014913|00040|UHFC0375|1|EA|60000|KRW|60000|20191016|1300|
C|005186|2019|50005243520013|001|4300014924|00010|UEAC0097|4|EA|144900|KRW|579600|20191016|1300|
C|005186|2019|50005243520014|001|4300014924|00020|UEAC0188|4|EA|68500|KRW|274000|20191016|1300|
