C|005186|2018|50004487200001|001|4300011597|00010|UHHC0202|40|EA|1621200|KRW|1621200|20181015|1300|
C|005186|2018|50004487200002|001|4300011613|00010|UHHC0211|50|EA|38000|KRW|1900000|20181015|1300|
C|005186|2018|50004487200003|001|4300011614|00010|UHHC0211|50|EA|38000|KRW|1900000|20181015|1300|
C|005186|2018|50004487200004|001|4300011627|00010|UHGC0351|5|EA|104860|KRW|524300|20181015|1300|
C|005186|2018|50004487200005|001|4300011627|00020|UHNC0109|100|EA|65000|KRW|65000|20181015|1300|
C|005186|2018|50004487200006|001|4300011627|00030|UHFC0344|1|EA|63500|KRW|63500|20181015|1300|
C|005186|2018|50004487200007|001|4300011628|00010|UHGC0134|2|EA|756000|KRW|1512000|20181015|1300|
C|005186|2018|50004487200008|001|4300011629|00010|UHDC0074|50|EA|136500|KRW|682500|20181015|1300|
C|005186|2018|50004487200009|001|4300011629|00020|UHFC0273|1|EA|576850|KRW|576850|20181015|1300|
C|005186|2018|50004487200010|001|4300011629|00030|UHTC0517|3|EA|81060|KRW|243180|20181015|1300|
C|005186|2018|50004487200011|001|4300011630|00010|UHHC0029|200|M|1459600|KRW|1459600|20181015|1300|
C|005186|2018|50004487200012|001|4300011630|00020|UHHC0021|1|EA|111825|KRW|111825|20181015|1300|
C|005186|2018|50004487200013|001|4300011630|00030|UHHC0022|1|EA|111825|KRW|111825|20181015|1300|
C|005186|2018|50004487200014|001|4300011631|00010|UHHC0069|1|EA|412650|KRW|412650|20181015|1300|
C|005186|2018|50004487200015|001|4300011631|00020|UHHC0070|1|EA|573300|KRW|573300|20181015|1300|
C|005186|2018|50004487210001|001|4300011602|00010|UHTC0246|60|EA|169400|KRW|508200|20181015|1300|
C|005186|2018|50004487210002|001|4300011602|00080|UGAC0091|1|EA|33920|KRW|33920|20181015|1300|
C|005186|2018|50004487210003|001|4300011602|00100|UHTC0486|1|EA|46410|KRW|46410|20181015|1300|
C|005186|2018|50004487210004|001|4300011636|00060|UGCC0265|6|EA|157890|KRW|947340|20181015|1300|
C|005186|2018|50004487210005|001|4300011682|00010|UHTC0431|4|EA|2000|KRW|8000|20181015|1300|
C|005186|2018|50004487220001|001|4300011594|00040|UIDC0043|1|EA|23100|KRW|23100|20181015|1300|
C|005186|2018|50004487220002|001|4300011603|00010|UIEC0048|1|EA|908250|KRW|908250|20181015|1300|
C|005186|2018|50004487220003|001|4300011626|00010|UFGC0027|10|EA|7060|KRW|70600|20181015|1300|
C|005186|2018|50004487220004|001|4300011675|00010|UAEC0354|1|EA|464300|KRW|464300|20181015|1300|
C|005186|2018|50004487220005|001|4300011675|00030|UADC0077|5|EA|5796|KRW|28980|20181015|1300|
C|005186|2018|50004487220006|001|4300011680|00010|UABC0016|50|EA|75600|KRW|756000|20181015|1300|
C|005186|2018|50004487220007|001|4300011682|00020|UJBC0004|20|EA|43370|KRW|86740|20181015|1300|
C|005186|2018|50004487220008|001|4300011682|00030|UAHC0063|50|EA|384500|KRW|384500|20181015|1300|
C|005186|2018|50004487220009|001|4300011682|00040|UAEC0047|1|EA|21000|KRW|21000|20181015|1300|
C|005186|2018|50004487230001|001|4300011666|00010|KH990100|4|EA|27220|KRW|108880|20181015|1300|
C|005186|2018|50004487230002|001|4300011666|00020|KH990101|6|EA|7250|KRW|43500|20181015|1300|
C|005186|2018|50004487230003|001|4300011666|00030|KP150400|200|EA|17000|KRW|34000|20181015|1300|
C|005186|2018|50004487230004|001|4300011666|00040|KT020008|2|EA|8030|KRW|16060|20181015|1300|
C|005186|2018|50004487230005|001|4300011666|00050|KT020021|1|EA|28350|KRW|28350|20181015|1300|
C|005186|2018|50004487230006|001|4300011666|00060|KT020610|1|EA|29150|KRW|29150|20181015|1300|
C|005186|2018|50004487230007|001|4300011666|00070|KT020611|1|EA|28140|KRW|28140|20181015|1300|
C|005186|2018|50004487230008|001|4300011666|00080|KT020612|1|EA|44100|KRW|44100|20181015|1300|
C|005186|2018|50004487230009|001|4300011666|00090|KT020613|1|EA|49000|KRW|49000|20181015|1300|
C|005186|2018|50004487230010|001|4300011666|00100|KT020700|10|EA|2680|KRW|26800|20181015|1300|
C|005186|2018|50004487230011|001|4300011666|00110|KT020704|8|EA|610|KRW|4880|20181015|1300|
C|005186|2018|50004487230012|001|4300011666|00120|KT080110|2|EA|25440|KRW|50880|20181015|1300|
C|005186|2018|50004487230013|001|4300011666|00130|KT080500|1|EA|26500|KRW|26500|20181015|1300|
C|005186|2018|50004487230014|001|4300011666|00140|KT080520|3|EA|2760|KRW|8280|20181015|1300|
C|005186|2018|50004487230015|001|4300011666|00150|KT990001|200|EA|5100|KRW|102000|20181015|1300|
C|005186|2018|50004487230016|001|4300011666|00160|KT990010|200|EA|3700|KRW|74000|20181015|1300|
C|005186|2018|50004487240001|001|4300011665|00010|KS064002|8|EA|3650|KRW|29200|20181015|1300|
C|005186|2018|50004487240002|001|4300011665|00020|KS061502|2|EA|2970|KRW|5940|20181015|1300|
C|005186|2018|50004487240003|001|4300011665|00030|KS061503|8|EA|3150|KRW|25200|20181015|1300|
C|005186|2018|50004487240004|001|4300011665|00040|KS061504|2|EA|4050|KRW|8100|20181015|1300|
C|005186|2018|50004487240005|001|4300011665|00050|KS061505|4|EA|6230|KRW|24920|20181015|1300|
C|005186|2018|50004487240006|001|4300011665|00060|KS061506|3|EA|7850|KRW|23550|20181015|1300|
C|005186|2018|50004487240007|001|4300011665|00070|KS061508|3|EA|10510|KRW|31530|20181015|1300|
C|005186|2018|50004487240008|001|4300011665|00080|KS066900|2|EA|1290|KRW|2580|20181015|1300|
C|005186|2018|50004487240009|001|4300011665|00090|KS080705|6|EA|18500|KRW|111000|20181015|1300|
C|005186|2018|50004487240010|001|4300011665|00100|KS080711|3|EA|32300|KRW|96900|20181015|1300|
C|005186|2018|50004487240011|001|4300011665|00110|KS990008|1|EA|39900|KRW|39900|20181015|1300|
C|005186|2018|50004487250001|001|4300011473|00040|UDDC3894|10|EA|16800|KRW|168000|20181015|1300|
C|005186|2018|50004487250002|001|4300011674|00010|UEBC1485|10|EA|102200|KRW|511000|20181015|1300|
C|005186|2018|50004487250003|001|4300011675|00020|UEAC0137|2|EA|519900|KRW|1039800|20181015|1300|
C|005186|2018|50004487250004|001|4300011676|00010|UEAC1127|1|EA|1370000|KRW|1370000|20181015|1300|
C|005186|2018|50004487250005|001|4300011679|00020|UEBC1030|10|EA|68100|KRW|681000|20181015|1300|
C|005186|2018|50004487250006|001|4300011679|00040|UDAC0356|10|EA|6360|KRW|12720|20181015|1300|
C|005186|2018|50004487250007|001|4300011679|00050|UDAC0299|10|EA|7400|KRW|7400|20181015|1300|
C|005186|2018|50004487250008|001|4300011680|00020|UGCC0894|400|EA|300000|KRW|1200000|20181015|1300|
C|005186|2018|50004487250009|001|4300011680|00030|UCIC0018|2|EA|8510|KRW|17020|20181015|1300|
C|005186|2018|50004487250010|001|4300011681|00020|UCIC0016|2|EA|37470|KRW|74940|20181015|1300|
C|005186|2018|50004487250011|001|4300011681|00030|UCIC0214|2|EA|13570|KRW|27140|20181015|1300|
C|005186|2018|50004487250012|001|4300011682|00050|UAEC0363|2|EA|376215|KRW|752430|20181015|1300|
