C|005186|2014|50000825360001|001|4300001534|00010|UHTC0227|1|EA|234260|KRW|234260|20140630|1300|
C|005186|2014|50000825360002|001|4300001534|00020|UHTC0503|1|EA|489500|KRW|489500|20140630|1300|
C|005186|2014|50000825360003|001|4300001534|00030|UHFC0272|1|EA|550200|KRW|550200|20140630|1300|
C|005186|2014|50000825360004|001|4300001534|00040|UHGC0077|3|EA|54810|KRW|164430|20140630|1300|
C|005186|2014|50000825360005|001|4300001534|00060|UHNC0100|10|EA|33600|KRW|336000|20140630|1300|
C|005186|2014|50000825360006|001|4300001534|00070|UHFC0101|20|EA|13500|KRW|270000|20140630|1300|
C|005186|2014|50000825360007|001|4300001534|00080|UHFC0100|50|EA|13500|KRW|675000|20140630|1300|
C|005186|2014|50000825360008|001|4300001534|00090|UHGC0024|5|EA|76100|KRW|380500|20140630|1300|
C|005186|2014|50000825360009|001|4300001534|00110|UHDC0235|10|EA|92500|KRW|925000|20140630|1300|
C|005186|2014|50000825360010|001|4300001534|00120|UHNC0023|1|EA|190000|KRW|190000|20140630|1300|
C|005186|2014|50000825360011|001|4300001534|00130|UHNC0076|1|EA|350000|KRW|350000|20140630|1300|
C|005186|2014|50000825360012|001|4300001534|00270|KE230003|100|EA|1870|KRW|187000|20140630|1300|
C|005186|2014|50000825370001|001|4300001497|00090|UGBC0358|20|EA|740|KRW|14800|20140630|1300|
C|005186|2014|50000825370002|001|4300001506|00010|UCIC0161|1|EA|1942500|KRW|1942500|20140630|1300|
C|005186|2014|50000825370003|001|4300001507|00050|UGAC0097|1|EA|346850|KRW|346850|20140630|1300|
C|005186|2014|50000825370004|001|4300001507|00110|UCIC0068|3|EA|556500|KRW|1669500|20140630|1300|
C|005186|2014|50000825500001|001|4300001483|00190|UGBC1370|3|EA|429000|KRW|1287000|20140630|1300|
C|005186|2014|50000825500002|001|4300001483|00200|UCIC0180|1|EA|530000|KRW|530000|20140630|1300|
C|005186|2014|50000825500003|001|4300001483|00210|UCIC0181|1|EA|1802000|KRW|1802000|20140630|1300|
C|005186|2014|50000825500004|001|4300001483|00220|UGBC1396|2|EA|212000|KRW|424000|20140630|1300|
C|005186|2014|50000825500005|001|4300001483|00230|UGBC1397|2|EA|40300|KRW|80600|20140630|1300|
C|005186|2014|50000825500006|001|4300001483|00240|UGBC1400|3|EA|53000|KRW|159000|20140630|1300|
C|005186|2014|50000825500007|001|4300001483|00250|UGBC1401|1|EA|91500|KRW|91500|20140630|1300|
C|005186|2014|50000825500008|001|4300001483|00260|UGBC0555|5|EA|42000|KRW|210000|20140630|1300|
C|005186|2014|50000825500009|001|4300001483|00270|UGBC0556|5|EA|52500|KRW|262500|20140630|1300|
C|005186|2014|50000825500010|001|4300001483|00280|UGBC0715|5|EA|2940|KRW|14700|20140630|1300|
C|005186|2014|50000825500011|001|4300001498|00010|UGBC0297|1|EA|1260000|KRW|1260000|20140630|1300|
C|005186|2014|50000825500012|001|4300001499|00010|UCIC0100|1|EA|1155000|KRW|1155000|20140630|1300|
