C|005186|2013|50000341420001|001|4300000601|00010|CMA0001|80|EA|240|KRW|19200|20131015|1300|
C|005186|2013|50000341420002|001|4300000601|00020|CMB0001|60|EA|655|KRW|39300|20131015|1300|
C|005186|2013|50000341420003|001|4300000601|00030|CMB0010|60|EA|1100|KRW|66000|20131015|1300|
C|005186|2013|50000341420004|001|4300000602|00010|CMA0001|400|EA|240|KRW|96000|20131015|1300|
C|005186|2013|50000341420005|001|4300000602|00020|CMA0004|50|EA|2780|KRW|139000|20131015|1300|
C|005186|2013|50000341420006|001|4300000602|00030|CMA0005|100|EA|2470|KRW|247000|20131015|1300|
C|005186|2013|50000341420007|001|4300000602|00040|CMA0007|150|EA|270|KRW|40500|20131015|1300|
C|005186|2013|50000341420008|001|4300000602|00050|CMA0008|50|EA|690|KRW|34500|20131015|1300|
C|005186|2013|50000341420009|001|4300000602|00060|CMA0017|20|EA|780|KRW|15600|20131015|1300|
C|005186|2013|50000341420010|001|4300000602|00070|CMB0001|50|EA|655|KRW|32750|20131015|1300|
C|005186|2013|50000341420011|001|4300000602|00080|CMB0002|150|EA|2420|KRW|363000|20131015|1300|
C|005186|2013|50000341420012|001|4300000602|00090|CMC0003|50|EA|340|KRW|17000|20131015|1300|
C|005186|2013|50000341420013|001|4300000602|00100|CMC0005|50|EA|190|KRW|9500|20131015|1300|
C|005186|2013|50000341420014|001|4300000602|00110|CME0001|18|EA|4910|KRW|88380|20131015|1300|
C|005186|2013|50000341420015|001|4300000602|00120|CME0002|150|EA|2300|KRW|345000|20131015|1300|
C|005186|2013|50000341420016|001|4300000602|00130|CME0008|10|EA|4410|KRW|44100|20131015|1300|
C|005186|2013|50000341420017|001|4300000602|00140|CME0010|200|EA|285|KRW|57000|20131015|1300|
C|005186|2013|50000341420018|001|4300000602|00150|CMF0004|1|EA|22050|KRW|22050|20131015|1300|
C|005186|2013|50000341420019|001|4300000602|00170|CMH0007|5|EA|11700|KRW|58500|20131015|1300|
C|005186|2013|50000341420020|001|4300000602|00180|CMZ0001|10|EA|765|KRW|7650|20131015|1300|
C|005186|2013|50000341420021|001|4300000602|00190|CMZ0002|20|EA|430|KRW|8600|20131015|1300|
C|005186|2013|50000341420022|001|4300000602|00200|CMZ0004|10|EA|380|KRW|3800|20131015|1300|
C|005186|2013|50000341420023|001|4300000602|00210|CMZ0006|5|EA|1155|KRW|5775|20131015|1300|
C|005186|2013|50000341420024|001|4300000602|00220|CMZ0009|20|EA|740|KRW|14800|20131015|1300|
C|005186|2013|50000341420025|001|4300000603|00010|CMA0001|400|EA|240|KRW|96000|20131015|1300|
C|005186|2013|50000341420026|001|4300000603|00020|CMA0007|200|EA|270|KRW|54000|20131015|1300|
C|005186|2013|50000341420027|001|4300000603|00030|CMA0008|100|EA|690|KRW|69000|20131015|1300|
C|005186|2013|50000341420028|001|4300000603|00040|CMA0016|100|EA|2840|KRW|284000|20131015|1300|
C|005186|2013|50000341420029|001|4300000603|00050|CMA0017|10|EA|780|KRW|7800|20131015|1300|
C|005186|2013|50000341420030|001|4300000603|00060|CMB0001|200|EA|655|KRW|131000|20131015|1300|
C|005186|2013|50000341420031|001|4300000603|00070|CMB0010|200|EA|1100|KRW|220000|20131015|1300|
C|005186|2013|50000341420032|001|4300000603|00080|CMC0005|200|EA|190|KRW|38000|20131015|1300|
C|005186|2013|50000341420033|001|4300000603|00090|CME0002|30|EA|2300|KRW|69000|20131015|1300|
C|005186|2013|50000341420034|001|4300000603|00100|CME0010|180|EA|285|KRW|51300|20131015|1300|
C|005186|2013|50000341420035|001|4300000603|00110|CMF0001|10|EA|1680|KRW|16800|20131015|1300|
C|005186|2013|50000341420036|001|4300000603|00120|CMF0002|10|EA|1100|KRW|11000|20131015|1300|
C|005186|2013|50000341420037|001|4300000603|00140|CMF0014|2|EA|630|KRW|1260|20131015|1300|
C|005186|2013|50000341420038|001|4300000603|00150|CMF0020|10|EA|700|KRW|7000|20131015|1300|
C|005186|2013|50000341420039|001|4300000603|00160|CMH0007|4|EA|11700|KRW|46800|20131015|1300|
C|005186|2013|50000341420040|001|4300000603|00170|CMZ0001|40|EA|765|KRW|30600|20131015|1300|
C|005186|2013|50000341420041|001|4300000603|00180|CMZ0002|40|EA|430|KRW|17200|20131015|1300|
C|005186|2013|50000341420042|001|4300000603|00190|CMZ0004|50|EA|380|KRW|19000|20131015|1300|
C|005186|2013|50000341420043|001|4300000603|00200|CMZ0006|30|EA|1155|KRW|34650|20131015|1300|
C|005186|2013|50000341420044|001|4300000604|00010|CMA0001|140|EA|240|KRW|33600|20131015|1300|
C|005186|2013|50000341420045|001|4300000604|00020|CMA0002|10|EA|1530|KRW|15300|20131015|1300|
C|005186|2013|50000341420046|001|4300000604|00030|CMA0007|130|EA|270|KRW|35100|20131015|1300|
C|005186|2013|50000341420047|001|4300000604|00040|CMA0008|30|EA|690|KRW|20700|20131015|1300|
C|005186|2013|50000341420048|001|4300000604|00050|CMA0016|10|EA|2840|KRW|28400|20131015|1300|
C|005186|2013|50000341420049|001|4300000604|00060|CMA0017|10|EA|780|KRW|7800|20131015|1300|
C|005186|2013|50000341420050|001|4300000604|00070|CMB0003|100|EA|2420|KRW|242000|20131015|1300|
C|005186|2013|50000341420051|001|4300000604|00100|CME0001|12|EA|4910|KRW|58920|20131015|1300|
C|005186|2013|50000341420052|001|4300000604|00110|CMF0006|20|EA|11970|KRW|239400|20131015|1300|
C|005186|2013|50000341420053|001|4300000604|00120|CMZ0002|20|EA|430|KRW|8600|20131015|1300|
C|005186|2013|50000341420054|001|4300000604|00130|CMZ0014|1|EA|23300|KRW|23300|20131015|1300|
C|005186|2013|50000341420055|001|4300000605|00010|CMA0001|600|EA|240|KRW|144000|20131015|1300|
C|005186|2013|50000341420056|001|4300000605|00020|CMA0005|20|EA|2470|KRW|49400|20131015|1300|
C|005186|2013|50000341420057|001|4300000605|00030|CMA0007|200|EA|270|KRW|54000|20131015|1300|
C|005186|2013|50000341420058|001|4300000605|00040|CMA0008|300|EA|690|KRW|207000|20131015|1300|
C|005186|2013|50000341420059|001|4300000605|00050|CMB0001|100|EA|655|KRW|65500|20131015|1300|
C|005186|2013|50000341420060|001|4300000605|00060|CMB0002|40|EA|2420|KRW|96800|20131015|1300|
C|005186|2013|50000341420061|001|4300000605|00070|CMB0003|40|EA|2420|KRW|96800|20131015|1300|
C|005186|2013|50000341420062|001|4300000605|00080|CMB0010|140|EA|1100|KRW|154000|20131015|1300|
C|005186|2013|50000341420063|001|4300000605|00090|CMC0005|100|EA|190|KRW|19000|20131015|1300|
C|005186|2013|50000341420064|001|4300000605|00110|CME0002|20|EA|2300|KRW|46000|20131015|1300|
C|005186|2013|50000341420065|001|4300000605|00120|CME0006|20|EA|3400|KRW|68000|20131015|1300|
C|005186|2013|50000341420066|001|4300000605|00130|CME0008|20|EA|4410|KRW|88200|20131015|1300|
C|005186|2013|50000341420067|001|4300000605|00140|CME0010|100|EA|285|KRW|28500|20131015|1300|
C|005186|2013|50000341420068|001|4300000605|00150|CMF0004|1|EA|22050|KRW|22050|20131015|1300|
C|005186|2013|50000341420069|001|4300000605|00170|CMF0006|12|EA|11970|KRW|143640|20131015|1300|
C|005186|2013|50000341420070|001|4300000605|00180|CMF0013|10|EA|760|KRW|7600|20131015|1300|
C|005186|2013|50000341420071|001|4300000605|00190|CMF0014|5|EA|630|KRW|3150|20131015|1300|
C|005186|2013|50000341420072|001|4300000605|00200|CMG0001|90|EA|1840|KRW|165600|20131015|1300|
C|005186|2013|50000341420073|001|4300000605|00210|CMZ0001|30|EA|765|KRW|22950|20131015|1300|
C|005186|2013|50000341420074|001|4300000605|00220|CMZ0002|50|EA|430|KRW|21500|20131015|1300|
C|005186|2013|50000341420075|001|4300000605|00230|CMZ0004|20|EA|380|KRW|7600|20131015|1300|
C|005186|2013|50000341420076|001|4300000605|00240|CMZ0005|10|EA|750|KRW|7500|20131015|1300|
C|005186|2013|50000341430001|001|4300000619|00010|CMA0001|200|EA|240|KRW|48000|20131015|1300|
C|005186|2013|50000341430002|001|4300000619|00020|CMA0002|12|EA|1530|KRW|18360|20131015|1300|
C|005186|2013|50000341430003|001|4300000619|00030|CMA0007|250|EA|270|KRW|67500|20131015|1300|
C|005186|2013|50000341430004|001|4300000619|00040|CMA0008|20|EA|690|KRW|13800|20131015|1300|
C|005186|2013|50000341430005|001|4300000619|00050|CMA0016|20|EA|2840|KRW|56800|20131015|1300|
C|005186|2013|50000341430006|001|4300000619|00060|CMB0002|160|EA|2420|KRW|387200|20131015|1300|
C|005186|2013|50000341430007|001|4300000619|00070|CMB0010|40|EA|1100|KRW|44000|20131015|1300|
C|005186|2013|50000341430008|001|4300000619|00080|CMC0005|10|EA|190|KRW|1900|20131015|1300|
C|005186|2013|50000341430009|001|4300000619|00100|CME0001|12|EA|4910|KRW|58920|20131015|1300|
C|005186|2013|50000341430010|001|4300000619|00110|CME0002|5|EA|2300|KRW|11500|20131015|1300|
C|005186|2013|50000341430011|001|4300000619|00130|CMF0006|1|EA|11970|KRW|11970|20131015|1300|
C|005186|2013|50000341430012|001|4300000619|00140|CMF0009|2|EA|5700|KRW|11400|20131015|1300|
C|005186|2013|50000341430013|001|4300000619|00150|CMF0021|2|EA|5400|KRW|10800|20131015|1300|
C|005186|2013|50000341430014|001|4300000619|00160|CMH0007|3|EA|11700|KRW|35100|20131015|1300|
C|005186|2013|50000341430015|001|4300000619|00170|CMZ0001|12|EA|765|KRW|9180|20131015|1300|
C|005186|2013|50000341430016|001|4300000619|00180|CMZ0002|20|EA|430|KRW|8600|20131015|1300|
C|005186|2013|50000341430017|001|4300000619|00190|CMZ0004|10|EA|380|KRW|3800|20131015|1300|
C|005186|2013|50000341430018|001|4300000619|00200|CMZ0005|10|EA|750|KRW|7500|20131015|1300|
C|005186|2013|50000341430019|001|4300000620|00010|CMZ0014|1|EA|23300|KRW|23300|20131015|1300|
C|005186|2013|50000341430020|001|4300000620|00020|CMC0002|3|EA|9350|KRW|28050|20131015|1300|
C|005186|2013|50000341430021|001|4300000620|00030|CMC0007|3|EA|12100|KRW|36300|20131015|1300|
C|005186|2013|50000341430022|001|4300000620|00040|CMF0008|4|EA|1785|KRW|7140|20131015|1300|
C|005186|2013|50000341430023|001|4300000620|00050|CMF0015|10|EA|500|KRW|5000|20131015|1300|
C|005186|2013|50000341430024|001|4300000620|00060|CMZ0002|10|EA|430|KRW|4300|20131015|1300|
C|005186|2013|50000341430025|001|4300000620|00070|CMZ0005|10|EA|750|KRW|7500|20131015|1300|
C|005186|2013|50000341430026|001|4300000620|00080|CMZ0006|10|EA|1155|KRW|11550|20131015|1300|
C|005186|2013|50000341430027|001|4300000620|00090|CME0002|10|EA|2300|KRW|23000|20131015|1300|
C|005186|2013|50000341430028|001|4300000620|00100|CMF0014|10|EA|630|KRW|6300|20131015|1300|
C|005186|2013|50000341430029|001|4300000620|00110|CMB0003|20|EA|2420|KRW|48400|20131015|1300|
C|005186|2013|50000341430030|001|4300000620|00120|CMB0010|20|EA|1100|KRW|22000|20131015|1300|
C|005186|2013|50000341430031|001|4300000620|00130|CMB0002|40|EA|2420|KRW|96800|20131015|1300|
C|005186|2013|50000341430032|001|4300000620|00140|CMC0005|50|EA|190|KRW|9500|20131015|1300|
C|005186|2013|50000341430033|001|4300000620|00150|CMC0003|50|EA|340|KRW|17000|20131015|1300|
C|005186|2013|50000341430034|001|4300000620|00160|CMZ0009|100|EA|740|KRW|74000|20131015|1300|
C|005186|2013|50000341430035|001|4300000620|00170|CMB0001|200|EA|655|KRW|131000|20131015|1300|
C|005186|2013|50000341430036|001|4300000620|00180|CMA0001|360|EA|240|KRW|86400|20131015|1300|
C|005186|2013|50000341430037|001|4300000620|00190|CMA0008|300|EA|690|KRW|207000|20131015|1300|
C|005186|2013|50000341430038|001|4300000620|00200|CME0010|200|EA|285|KRW|57000|20131015|1300|
C|005186|2013|50000341430039|001|4300000621|00010|CMA0001|300|EA|240|KRW|72000|20131015|1300|
C|005186|2013|50000341430040|001|4300000621|00020|CMA0007|100|EA|270|KRW|27000|20131015|1300|
C|005186|2013|50000341430041|001|4300000621|00030|CMA0015|100|EA|2830|KRW|283000|20131015|1300|
C|005186|2013|50000341430042|001|4300000621|00040|CMA0016|150|EA|2840|KRW|426000|20131015|1300|
C|005186|2013|50000341430043|001|4300000621|00050|CMB0001|200|EA|655|KRW|131000|20131015|1300|
C|005186|2013|50000341430044|001|4300000621|00060|CMB0002|100|EA|2420|KRW|242000|20131015|1300|
C|005186|2013|50000341430045|001|4300000621|00070|CMC0005|50|EA|190|KRW|9500|20131015|1300|
C|005186|2013|50000341430046|001|4300000621|00100|CME0008|20|EA|4410|KRW|88200|20131015|1300|
C|005186|2013|50000341430047|001|4300000621|00110|CME0010|100|EA|285|KRW|28500|20131015|1300|
C|005186|2013|50000341430048|001|4300000621|00120|CMF0001|10|EA|1680|KRW|16800|20131015|1300|
C|005186|2013|50000341430049|001|4300000621|00130|CMF0020|10|EA|700|KRW|7000|20131015|1300|
C|005186|2013|50000341430050|001|4300000621|00140|CMZ0014|1|EA|23300|KRW|23300|20131015|1300|
C|005186|2013|50000341430051|001|4300000622|00010|CMA0001|200|EA|240|KRW|48000|20131015|1300|
C|005186|2013|50000341430052|001|4300000622|00020|CMA0005|100|EA|2470|KRW|247000|20131015|1300|
C|005186|2013|50000341430053|001|4300000622|00030|CMA0007|50|EA|270|KRW|13500|20131015|1300|
C|005186|2013|50000341430054|001|4300000622|00040|CMB0001|60|EA|655|KRW|39300|20131015|1300|
C|005186|2013|50000341430055|001|4300000622|00050|CMB0003|60|EA|2420|KRW|145200|20131015|1300|
C|005186|2013|50000341430056|001|4300000622|00060|CMB0010|100|EA|1100|KRW|110000|20131015|1300|
C|005186|2013|50000341430057|001|4300000622|00070|CMF0004|1|EA|22050|KRW|22050|20131015|1300|
C|005186|2013|50000341430058|001|4300000622|00090|CMF0009|2|EA|5700|KRW|11400|20131015|1300|
C|005186|2013|50000341430059|001|4300000622|00100|CMF0022|5|EA|5400|KRW|27000|20131015|1300|
C|005186|2013|50000341430060|001|4300000622|00110|CMZ0014|1|EA|23300|KRW|23300|20131015|1300|
C|005186|2013|50000341430061|001|4300000623|00010|CMA0001|600|EA|240|KRW|144000|20131015|1300|
C|005186|2013|50000341430062|001|4300000623|00020|CMA0007|200|EA|270|KRW|54000|20131015|1300|
C|005186|2013|50000341430063|001|4300000623|00030|CMA0008|100|EA|690|KRW|69000|20131015|1300|
C|005186|2013|50000341430064|001|4300000623|00040|CMA0016|200|EA|2840|KRW|568000|20131015|1300|
C|005186|2013|50000341430065|001|4300000623|00050|CMB0001|100|EA|655|KRW|65500|20131015|1300|
C|005186|2013|50000341430066|001|4300000623|00060|CMB0010|400|EA|1100|KRW|440000|20131015|1300|
C|005186|2013|50000341430067|001|4300000623|00070|CMC0005|100|EA|190|KRW|19000|20131015|1300|
C|005186|2013|50000341430068|001|4300000623|00080|CMC0007|3|EA|12100|KRW|36300|20131015|1300|
C|005186|2013|50000341430069|001|4300000623|00100|CME0002|50|EA|2300|KRW|115000|20131015|1300|
C|005186|2013|50000341430070|001|4300000623|00110|CME0005|1|EA|3465|KRW|3465|20131015|1300|
C|005186|2013|50000341430071|001|4300000623|00120|CME0010|100|EA|285|KRW|28500|20131015|1300|
C|005186|2013|50000341430072|001|4300000623|00130|CMF0001|5|EA|1680|KRW|8400|20131015|1300|
C|005186|2013|50000341430073|001|4300000623|00140|CMF0004|3|EA|22050|KRW|66150|20131015|1300|
C|005186|2013|50000341430074|001|4300000623|00160|CMF0018|5|EA|5800|KRW|29000|20131015|1300|
C|005186|2013|50000341430075|001|4300000623|00170|CMF0021|10|EA|5400|KRW|54000|20131015|1300|
C|005186|2013|50000341430076|001|4300000623|00180|CMF0022|5|EA|5400|KRW|27000|20131015|1300|
C|005186|2013|50000341430077|001|4300000623|00190|CMH0007|3|EA|11700|KRW|35100|20131015|1300|
C|005186|2013|50000341430078|001|4300000623|00200|CMZ0005|10|EA|750|KRW|7500|20131015|1300|
C|005186|2013|50000341430079|001|4300000623|00210|CMZ0006|10|EA|1155|KRW|11550|20131015|1300|
C|005186|2013|50000341430080|001|4300000623|00220|CMZ0014|2|EA|23300|KRW|46600|20131015|1300|
C|005186|2013|50000341430081|001|4300000623|00230|CMD0001|6|EA|9555|KRW|57330|20131015|1300|
C|005186|2013|50000341430082|001|4300000624|00010|CMA0001|360|EA|240|KRW|86400|20131015|1300|
C|005186|2013|50000341430083|001|4300000624|00020|CMA0007|240|EA|270|KRW|64800|20131015|1300|
C|005186|2013|50000341430084|001|4300000624|00030|CMA0017|16|EA|780|KRW|12480|20131015|1300|
C|005186|2013|50000341430085|001|4300000624|00040|CMB0010|200|EA|1100|KRW|220000|20131015|1300|
C|005186|2013|50000341430086|001|4300000624|00050|CMC0005|50|EA|190|KRW|9500|20131015|1300|
C|005186|2013|50000341430087|001|4300000624|00070|CME0006|16|EA|3400|KRW|54400|20131015|1300|
C|005186|2013|50000341430088|001|4300000624|00080|CME0010|60|EA|285|KRW|17100|20131015|1300|
C|005186|2013|50000341430089|001|4300000624|00090|CMF0001|10|EA|1680|KRW|16800|20131015|1300|
C|005186|2013|50000341430090|001|4300000624|00100|CMF0004|3|EA|22050|KRW|66150|20131015|1300|
C|005186|2013|50000341430091|001|4300000624|00120|CMF0013|10|EA|760|KRW|7600|20131015|1300|
C|005186|2013|50000341430092|001|4300000624|00130|CMF0017|50|EA|505|KRW|25250|20131015|1300|
C|005186|2013|50000341430093|001|4300000624|00140|CMF0021|10|EA|5400|KRW|54000|20131015|1300|
C|005186|2013|50000341430094|001|4300000624|00150|CMH0007|3|EA|11700|KRW|35100|20131015|1300|
C|005186|2013|50000341430095|001|4300000624|00160|CMZ0004|50|EA|380|KRW|19000|20131015|1300|
C|005186|2013|50000341430096|001|4300000624|00170|CMZ0005|10|EA|750|KRW|7500|20131015|1300|
C|005186|2013|50000341430097|001|4300000624|00180|CMD0001|6|EA|9555|KRW|57330|20131015|1300|
C|005186|2013|50000341440001|001|4300000604|00080|CMD0011|6|EA|24150|KRW|144900|20131015|1300|
C|005186|2013|50000341440002|001|4300000605|00100|CMD0011|6|EA|24150|KRW|144900|20131015|1300|
C|005186|2013|50000341440003|001|4300000619|00090|CMD0011|12|EA|24150|KRW|289800|20131015|1300|
C|005186|2013|50000341440004|001|4300000621|00080|CMD0011|13|EA|24150|KRW|313950|20131015|1300|
C|005186|2013|50000341440005|001|4300000623|00090|CMD0011|2|EA|24150|KRW|48300|20131015|1300|
C|005186|2013|50000341440006|001|4300000624|00060|CMD0013|1|EA|22460|KRW|22460|20131015|1300|
