C|005186|2013|50000430220001|001|4300000785|00010|CMA0001|200|EA|240|KRW|48000|20131130|1300|
C|005186|2013|50000430220002|001|4300000785|00020|CMA0007|400|EA|270|KRW|108000|20131130|1300|
C|005186|2013|50000430220003|001|4300000785|00030|CMA0017|30|EA|780|KRW|23400|20131130|1300|
C|005186|2013|50000430220004|001|4300000785|00040|CMB0001|200|EA|655|KRW|131000|20131130|1300|
C|005186|2013|50000430220005|001|4300000785|00050|CMA0003|10|EA|950|KRW|9500|20131130|1300|
C|005186|2013|50000430220006|001|4300000785|00080|CMZ0032|30|EA|1970|KRW|59100|20131130|1300|
C|005186|2013|50000430220007|001|4300000785|00090|CMH0006|6|EA|400|KRW|2400|20131130|1300|
C|005186|2013|50000430220008|001|4300000785|00100|CMZ0006|3|EA|1155|KRW|3465|20131130|1300|
C|005186|2013|50000430220009|001|4300000785|00110|CMF0001|3|EA|1680|KRW|5040|20131130|1300|
C|005186|2013|50000430220010|001|4300000785|00120|CMH0007|4|EA|11700|KRW|46800|20131130|1300|
C|005186|2013|50000430220011|001|4300000785|00130|CMZ0006|3|EA|1155|KRW|3465|20131130|1300|
C|005186|2013|50000430220012|001|4300000785|00140|CMF0002|2|EA|1100|KRW|2200|20131130|1300|
C|005186|2013|50000430220013|001|4300000785|00150|CMZ0004|3|EA|380|KRW|1140|20131130|1300|
C|005186|2013|50000430220014|001|4300000793|00010|CMD0001|10|EA|9555|KRW|95550|20131130|1300|
C|005186|2013|50000430220015|001|4300000829|00010|CME0002|20|EA|2300|KRW|46000|20131130|1300|
C|005186|2013|50000430220016|001|4300000829|00020|CME0006|20|EA|3400|KRW|68000|20131130|1300|
C|005186|2013|50000430220017|001|4300000829|00030|CME0008|20|EA|4410|KRW|88200|20131130|1300|
C|005186|2013|50000430220018|001|4300000829|00040|CME0010|100|EA|285|KRW|28500|20131130|1300|
C|005186|2013|50000430220019|001|4300000829|00050|CMF0004|1|EA|22050|KRW|22050|20131130|1300|
C|005186|2013|50000430220020|001|4300000829|00070|CMF0006|3|EA|11970|KRW|35910|20131130|1300|
C|005186|2013|50000430220021|001|4300000829|00080|CMF0013|10|EA|760|KRW|7600|20131130|1300|
C|005186|2013|50000430220022|001|4300000829|00090|CMF0014|5|EA|630|KRW|3150|20131130|1300|
C|005186|2013|50000430220023|001|4300000829|00100|CMG0001|90|EA|1840|KRW|165600|20131130|1300|
C|005186|2013|50000430220024|001|4300000829|00110|CMZ0001|30|EA|765|KRW|22950|20131130|1300|
C|005186|2013|50000430220025|001|4300000829|00120|CMZ0002|30|EA|430|KRW|12900|20131130|1300|
C|005186|2013|50000430220026|001|4300000829|00130|CMZ0004|20|EA|380|KRW|7600|20131130|1300|
C|005186|2013|50000430220027|001|4300000829|00140|CMZ0005|20|EA|750|KRW|15000|20131130|1300|
C|005186|2013|50000430220028|001|4300000829|00150|CMZ0006|10|EA|1155|KRW|11550|20131130|1300|
C|005186|2013|50000430220029|001|4300000829|00160|CMZ0032|5|EA|1970|KRW|9850|20131130|1300|
C|005186|2013|50000430230001|001|4300000771|00010|CMB0001|40|EA|655|KRW|26200|20131130|1300|
C|005186|2013|50000430230002|001|4300000771|00020|CMB0010|80|EA|1100|KRW|88000|20131130|1300|
C|005186|2013|50000430230003|001|4300000771|00030|CMF0004|5|EA|22050|KRW|110250|20131130|1300|
C|005186|2013|50000430230004|001|4300000771|00040|CMH0007|2|EA|11700|KRW|23400|20131130|1300|
C|005186|2013|50000430230005|001|4300000771|00050|CMA0001|200|EA|240|KRW|48000|20131130|1300|
C|005186|2013|50000430230006|001|4300000771|00060|CMA0007|500|EA|270|KRW|135000|20131130|1300|
C|005186|2013|50000430230007|001|4300000771|00070|CMZ0032|50|EA|1970|KRW|98500|20131130|1300|
C|005186|2013|50000430230008|001|4300000772|00010|CMA0001|80|EA|240|KRW|19200|20131130|1300|
C|005186|2013|50000430230009|001|4300000772|00020|CMA0007|220|EA|270|KRW|59400|20131130|1300|
C|005186|2013|50000430230010|001|4300000772|00030|CMH0007|1|EA|11700|KRW|11700|20131130|1300|
C|005186|2013|50000430230011|001|4300000772|00040|CMB0001|20|EA|655|KRW|13100|20131130|1300|
C|005186|2013|50000430230012|001|4300000772|00050|CMB0010|80|EA|1100|KRW|88000|20131130|1300|
C|005186|2013|50000430230013|001|4300000772|00060|CMC0003|5|EA|340|KRW|1700|20131130|1300|
C|005186|2013|50000430230014|001|4300000772|00070|CMC0005|5|EA|190|KRW|950|20131130|1300|
C|005186|2013|50000430230015|001|4300000772|00080|CMF0001|2|EA|1680|KRW|3360|20131130|1300|
C|005186|2013|50000430230016|001|4300000772|00090|CMF0003|3|EA|1820|KRW|5460|20131130|1300|
C|005186|2013|50000430230017|001|4300000772|00110|CMG0001|10|EA|1840|KRW|18400|20131130|1300|
C|005186|2013|50000430230018|001|4300000772|00120|CMZ0032|2|EA|1970|KRW|3940|20131130|1300|
C|005186|2013|50000430230019|001|4300000773|00010|CMA0001|320|EA|240|KRW|76800|20131130|1300|
C|005186|2013|50000430230020|001|4300000773|00020|CMA0007|30|EA|270|KRW|8100|20131130|1300|
C|005186|2013|50000430230021|001|4300000773|00030|CMA0017|10|EA|780|KRW|7800|20131130|1300|
C|005186|2013|50000430230022|001|4300000773|00040|CMC0005|10|EA|190|KRW|1900|20131130|1300|
C|005186|2013|50000430230023|001|4300000773|00050|CME0010|60|EA|285|KRW|17100|20131130|1300|
C|005186|2013|50000430230024|001|4300000773|00060|CME0013|5|EA|20300|KRW|101500|20131130|1300|
C|005186|2013|50000430230025|001|4300000773|00080|CMF0015|10|EA|500|KRW|5000|20131130|1300|
C|005186|2013|50000430230026|001|4300000773|00090|CMH0007|1|EA|11700|KRW|11700|20131130|1300|
C|005186|2013|50000430230027|001|4300000773|00100|CMA0006|30|EA|2270|KRW|68100|20131130|1300|
C|005186|2013|50000430230028|001|4300000774|00010|CMA0001|80|EA|240|KRW|19200|20131130|1300|
C|005186|2013|50000430230029|001|4300000774|00020|CMA0007|40|EA|270|KRW|10800|20131130|1300|
C|005186|2013|50000430230030|001|4300000774|00030|CMA0008|40|EA|690|KRW|27600|20131130|1300|
C|005186|2013|50000430230031|001|4300000774|00040|CMA0017|5|EA|780|KRW|3900|20131130|1300|
C|005186|2013|50000430230032|001|4300000774|00050|CMB0001|40|EA|655|KRW|26200|20131130|1300|
C|005186|2013|50000430230033|001|4300000774|00060|CME0004|3|EA|11550|KRW|34650|20131130|1300|
C|005186|2013|50000430230034|001|4300000774|00070|CME0010|40|EA|285|KRW|11400|20131130|1300|
C|005186|2013|50000430230035|001|4300000775|00010|CMA0001|50|EA|240|KRW|12000|20131130|1300|
C|005186|2013|50000430230036|001|4300000775|00020|CMA0007|200|EA|270|KRW|54000|20131130|1300|
C|005186|2013|50000430230037|001|4300000775|00030|CMB0010|50|EA|1100|KRW|55000|20131130|1300|
C|005186|2013|50000430230038|001|4300000775|00050|CMF0003|2|EA|1820|KRW|3640|20131130|1300|
C|005186|2013|50000430230039|001|4300000775|00060|CMF0020|2|EA|700|KRW|1400|20131130|1300|
C|005186|2013|50000430230040|001|4300000775|00070|CMF0021|3|EA|5400|KRW|16200|20131130|1300|
C|005186|2013|50000430230041|001|4300000776|00010|CMA0001|360|EA|240|KRW|86400|20131130|1300|
C|005186|2013|50000430230042|001|4300000776|00020|CMA0007|240|EA|270|KRW|64800|20131130|1300|
C|005186|2013|50000430230043|001|4300000776|00030|CMA0017|16|EA|780|KRW|12480|20131130|1300|
C|005186|2013|50000430230044|001|4300000776|00040|CMB0010|200|EA|1100|KRW|220000|20131130|1300|
C|005186|2013|50000430230045|001|4300000776|00050|CMC0005|50|EA|190|KRW|9500|20131130|1300|
C|005186|2013|50000430230046|001|4300000776|00070|CME0006|16|EA|3400|KRW|54400|20131130|1300|
C|005186|2013|50000430230047|001|4300000776|00080|CME0010|60|EA|285|KRW|17100|20131130|1300|
C|005186|2013|50000430230048|001|4300000776|00090|CMF0001|10|EA|1680|KRW|16800|20131130|1300|
C|005186|2013|50000430230049|001|4300000776|00100|CMF0004|3|EA|22050|KRW|66150|20131130|1300|
C|005186|2013|50000430230050|001|4300000776|00120|CMF0009|10|EA|5700|KRW|57000|20131130|1300|
C|005186|2013|50000430230051|001|4300000776|00130|CMF0013|10|EA|760|KRW|7600|20131130|1300|
C|005186|2013|50000430230052|001|4300000776|00140|CMF0017|20|EA|505|KRW|10100|20131130|1300|
C|005186|2013|50000430230053|001|4300000776|00150|CMH0007|3|EA|11700|KRW|35100|20131130|1300|
C|005186|2013|50000430230054|001|4300000776|00160|CMZ0004|50|EA|380|KRW|19000|20131130|1300|
C|005186|2013|50000430230055|001|4300000776|00170|CMZ0005|10|EA|750|KRW|7500|20131130|1300|
C|005186|2013|50000430230056|001|4300000776|00180|CMZ0032|4|EA|1970|KRW|7880|20131130|1300|
