C|005186|2016|50002309230001|001|4300004588|00010|CMA0001|700|EA|240|KRW|168000|20160229|1300|
C|005186|2016|50002309230002|001|4300004588|00020|CMA0007|400|EA|270|KRW|108000|20160229|1300|
C|005186|2016|50002309230003|001|4300004588|00030|CMA0008|400|EA|690|KRW|276000|20160229|1300|
C|005186|2016|50002309230004|001|4300004588|00040|CMA0016|100|EA|2840|KRW|284000|20160229|1300|
C|005186|2016|50002309230005|001|4300004588|00050|CMB0001|400|EA|655|KRW|262000|20160229|1300|
C|005186|2016|50002309230006|001|4300004588|00060|CMB0010|200|EA|1100|KRW|220000|20160229|1300|
C|005186|2016|50002309230007|001|4300004588|00070|CMC0005|200|EA|190|KRW|38000|20160229|1300|
C|005186|2016|50002309230008|001|4300004588|00090|CME0002|10|EA|2300|KRW|23000|20160229|1300|
C|005186|2016|50002309230009|001|4300004588|00100|CME0006|30|EA|3400|KRW|102000|20160229|1300|
C|005186|2016|50002309230010|001|4300004588|00110|CME0010|300|EA|285|KRW|85500|20160229|1300|
C|005186|2016|50002309230011|001|4300004590|00010|CMA0001|50|EA|240|KRW|12000|20160229|1300|
C|005186|2016|50002309230012|001|4300004590|00030|CMA0007|50|EA|270|KRW|13500|20160229|1300|
C|005186|2016|50002309230013|001|4300004590|00040|CMB0001|30|EA|655|KRW|19650|20160229|1300|
C|005186|2016|50002309230014|001|4300004591|00010|CMA0001|400|EA|240|KRW|96000|20160229|1300|
C|005186|2016|50002309230015|001|4300004591|00020|CMA0007|300|EA|270|KRW|81000|20160229|1300|
C|005186|2016|50002309230016|001|4300004591|00030|CMB0010|240|EA|1100|KRW|264000|20160229|1300|
C|005186|2016|50002309230017|001|4300004591|00040|CME0010|100|EA|285|KRW|28500|20160229|1300|
C|005186|2016|50002309230018|001|4300004592|00010|CMA0001|80|EA|240|KRW|19200|20160229|1300|
C|005186|2016|50002309230019|001|4300004592|00030|CMA0007|80|EA|270|KRW|21600|20160229|1300|
C|005186|2016|50002309230020|001|4300004592|00040|CMA0016|10|EA|2840|KRW|28400|20160229|1300|
C|005186|2016|50002309230021|001|4300004592|00060|CMB0003|50|EA|2420|KRW|121000|20160229|1300|
C|005186|2016|50002309230022|001|4300004593|00010|CMA0001|600|EA|240|KRW|144000|20160229|1300|
C|005186|2016|50002309230023|001|4300004593|00020|CMA0007|100|EA|270|KRW|27000|20160229|1300|
C|005186|2016|50002309230024|001|4300004593|00030|CMA0008|150|EA|690|KRW|103500|20160229|1300|
C|005186|2016|50002309230025|001|4300004593|00050|CMB0001|200|EA|655|KRW|131000|20160229|1300|
C|005186|2016|50002309230026|001|4300004593|00060|CMB0003|100|EA|2420|KRW|242000|20160229|1300|
C|005186|2016|50002309230027|001|4300004593|00070|CMB0010|150|EA|1100|KRW|165000|20160229|1300|
C|005186|2016|50002309230028|001|4300004593|00080|CMC0005|500|EA|190|KRW|95000|20160229|1300|
C|005186|2016|50002309230029|001|4300004594|00010|CMA0001|200|EA|240|KRW|48000|20160229|1300|
C|005186|2016|50002309230030|001|4300004594|00020|CMA0007|250|EA|270|KRW|67500|20160229|1300|
C|005186|2016|50002309230031|001|4300004594|00040|CMB0002|100|EA|2420|KRW|242000|20160229|1300|
C|005186|2016|50002309230032|001|4300004594|00050|CMC0005|15|EA|190|KRW|2850|20160229|1300|
C|005186|2016|50002309230033|001|4300004595|00060|CMB0010|60|EA|1100|KRW|66000|20160229|1300|
C|005186|2016|50002309230034|001|4300004595|00070|CMB0002|40|EA|2420|KRW|96800|20160229|1300|
C|005186|2016|50002309230035|001|4300004595|00080|CMB0003|40|EA|2420|KRW|96800|20160229|1300|
C|005186|2016|50002309230036|001|4300004595|00090|CMB0001|100|EA|655|KRW|65500|20160229|1300|
C|005186|2016|50002309230037|001|4300004595|00100|CMC0005|20|EA|190|KRW|3800|20160229|1300|
C|005186|2016|50002309230038|001|4300004595|00110|CMC0002|3|EA|9350|KRW|28050|20160229|1300|
C|005186|2016|50002309230039|001|4300004595|00120|CME0002|10|EA|2300|KRW|23000|20160229|1300|
C|005186|2016|50002309230040|001|4300004595|00130|CME0010|80|EA|285|KRW|22800|20160229|1300|
C|005186|2016|50002309230041|001|4300004595|00140|CMA0001|240|EA|240|KRW|57600|20160229|1300|
C|005186|2016|50002309230042|001|4300004595|00150|CMA0007|100|EA|270|KRW|27000|20160229|1300|
C|005186|2016|50002309230043|001|4300004595|00160|CMA0008|200|EA|690|KRW|138000|20160229|1300|
C|005186|2016|50002309230044|001|4300004596|00010|CMA0001|300|EA|240|KRW|72000|20160229|1300|
C|005186|2016|50002309230045|001|4300004596|00020|CMA0007|100|EA|270|KRW|27000|20160229|1300|
C|005186|2016|50002309230046|001|4300004596|00050|CMB0001|240|EA|655|KRW|157200|20160229|1300|
C|005186|2016|50002309230047|001|4300004596|00060|CMB0002|120|EA|2420|KRW|290400|20160229|1300|
C|005186|2016|50002309230048|001|4300004596|00070|CMC0003|100|EA|340|KRW|34000|20160229|1300|
C|005186|2016|50002309230049|001|4300004596|00080|CMC0005|100|EA|190|KRW|19000|20160229|1300|
C|005186|2016|50002309230050|001|4300004596|00110|CME0006|10|EA|3400|KRW|34000|20160229|1300|
C|005186|2016|50002309230051|001|4300004596|00120|CME0010|100|EA|285|KRW|28500|20160229|1300|
C|005186|2016|50002309230052|001|4300004596|00130|CME0013|20|EA|20300|KRW|406000|20160229|1300|
C|005186|2016|50002309230053|001|4300004596|00200|CMZ0006|10|EA|1155|KRW|11550|20160229|1300|
C|005186|2016|50002309230054|001|4300004598|00010|CMA0001|500|EA|240|KRW|120000|20160229|1300|
C|005186|2016|50002309230055|001|4300004598|00020|CMA0007|200|EA|270|KRW|54000|20160229|1300|
C|005186|2016|50002309230056|001|4300004598|00040|CMB0010|480|EA|1100|KRW|528000|20160229|1300|
C|005186|2016|50002309230057|001|4300004598|00050|CMC0003|50|EA|340|KRW|17000|20160229|1300|
C|005186|2016|50002309230058|001|4300004598|00060|CMC0005|200|EA|190|KRW|38000|20160229|1300|
C|005186|2016|50002309230059|001|4300004598|00160|CMZ0005|20|EA|750|KRW|15000|20160229|1300|
C|005186|2016|50002309230060|001|4300004600|00010|CMA0001|250|EA|240|KRW|60000|20160229|1300|
C|005186|2016|50002309230061|001|4300004600|00020|CMA0007|50|EA|270|KRW|13500|20160229|1300|
C|005186|2016|50002309230062|001|4300004600|00040|CMB0001|100|EA|655|KRW|65500|20160229|1300|
C|005186|2016|50002309230063|001|4300004600|00050|CMB0010|60|EA|1100|KRW|66000|20160229|1300|
C|005186|2016|50002309230064|001|4300004600|00060|CME0010|100|EA|285|KRW|28500|20160229|1300|
C|005186|2016|50002309230065|001|4300004601|00010|CMA0001|700|EA|240|KRW|168000|20160229|1300|
C|005186|2016|50002309230066|001|4300004601|00030|CMA0007|400|EA|270|KRW|108000|20160229|1300|
C|005186|2016|50002309230067|001|4300004601|00040|CMA0008|50|EA|690|KRW|34500|20160229|1300|
C|005186|2016|50002309230068|001|4300004601|00070|CMB0001|60|EA|655|KRW|39300|20160229|1300|
C|005186|2016|50002309230069|001|4300004601|00080|CMB0002|120|EA|2420|KRW|290400|20160229|1300|
C|005186|2016|50002309230070|001|4300004601|00090|CMB0007|20|EA|925|KRW|18500|20160229|1300|
C|005186|2016|50002309230071|001|4300004601|00100|CMB0010|60|EA|1100|KRW|66000|20160229|1300|
C|005186|2016|50002309230072|001|4300004601|00110|CMC0003|100|EA|340|KRW|34000|20160229|1300|
C|005186|2016|50002309230073|001|4300004601|00120|CMC0005|100|EA|190|KRW|19000|20160229|1300|
C|005186|2016|50002309230074|001|4300004601|00140|CME0002|150|EA|2300|KRW|345000|20160229|1300|
C|005186|2016|50002309230075|001|4300004601|00150|CME0010|250|EA|285|KRW|71250|20160229|1300|
C|005186|2016|50002309230076|001|4300004601|00230|CMZ0002|20|EA|430|KRW|8600|20160229|1300|
C|005186|2016|50002309230077|001|4300004601|00240|CMZ0004|20|EA|380|KRW|7600|20160229|1300|
C|005186|2016|50002309240001|001|4300004587|00060|CMD0012|1|EA|29400|KRW|29400|20160229|1300|
C|005186|2016|50002309240002|001|4300004587|00070|CMD0011|4|EA|24150|KRW|96600|20160229|1300|
C|005186|2016|50002309250001|001|4300004588|00080|CMD0011|5|EA|24150|KRW|120750|20160229|1300|
C|005186|2016|50002309250002|001|4300004592|00070|CMD0011|2|EA|24150|KRW|48300|20160229|1300|
C|005186|2016|50002309250003|001|4300004592|00080|CMD0016|1|EA|30450|KRW|30450|20160229|1300|
C|005186|2016|50002309250004|001|4300004594|00060|CMD0011|1|EA|24150|KRW|24150|20160229|1300|
C|005186|2016|50002309250005|001|4300004596|00090|CMD0016|9|EA|30450|KRW|274050|20160229|1300|
C|005186|2016|50002309250006|001|4300004598|00070|CMD0016|6|EA|30450|KRW|182700|20160229|1300|
C|005186|2016|50002309260001|001|4300004599|00070|CMD0016|6|EA|30450|KRW|182700|20160229|1300|
C|005186|2016|50002309270001|001|4300004587|00090|CMD0011|1|EA|24150|KRW|24150|20160229|1300|
C|005186|2016|50002309280001|001|4300004519|00050|UZZC0139|1|EA|484000|KRW|484000|20160229|1300|
C|005186|2016|50002309290001|001|4300004527|00020|UEBC0489|7|EA|4140|KRW|28980|20160229|1300|
C|005186|2016|50002309290002|001|4300004527|00080|UGCC0614|5|EA|7350|KRW|36750|20160229|1300|
C|005186|2016|50002309290003|001|4300004533|00060|UGCC1021|20|EA|8480|KRW|169600|20160229|1300|
C|005186|2016|50002309290004|001|4300004533|00100|UGCC1039|2|EA|551200|KRW|1102400|20160229|1300|
C|005186|2016|50002309300001|001|4300004526|00060|UGCC0836|10|EA|36000|KRW|360000|20160229|1300|
C|005186|2016|50002309300002|001|4300004526|00070|UGCC0835|10|EA|45000|KRW|450000|20160229|1300|
C|005186|2016|50002309310001|001|4300004531|00030|UGBC0588|10|EA|1050|KRW|10500|20160229|1300|
C|005186|2016|50002309310002|001|4300004531|00040|UGBC0589|10|EA|1890|KRW|18900|20160229|1300|
C|005186|2016|50002309310003|001|4300004531|00050|UGBC0590|10|EA|1160|KRW|11600|20160229|1300|
C|005186|2016|50002309310004|001|4300004531|00060|UGBC0431|2|EA|5150|KRW|10300|20160229|1300|
C|005186|2016|50002309310005|001|4300004531|00070|UGBC1383|2|EA|36200|KRW|72400|20160229|1300|
C|005186|2016|50002309310006|001|4300004531|00080|UCIC0176|1|EA|120000|KRW|120000|20160229|1300|
C|005186|2016|50002309310007|001|4300004533|00030|UGBC1479|10|EA|1900|KRW|19000|20160229|1300|
C|005186|2016|50002309310008|001|4300004533|00040|UGBC1480|20|EA|1270|KRW|25400|20160229|1300|
C|005186|2016|50002309310009|001|4300004533|00080|UGBC1483|10|EA|2850|KRW|28500|20160229|1300|
C|005186|2016|50002309310010|001|4300004533|00110|UDAC0332|20|EA|1900|KRW|38000|20160229|1300|
C|005186|2016|50002309310011|001|4300004534|00010|UDAC0333|20|EA|2000|KRW|40000|20160229|1300|
C|005186|2016|50002309310012|001|4300004534|00020|UGBC1485|5|EA|337300|KRW|1686500|20160229|1300|
C|005186|2016|50002309320001|001|4300004527|00040|UGCC0867|5|EA|34600|KRW|173000|20160229|1300|
C|005186|2016|50002309320002|001|4300004533|00020|UGBC1489|2|EA|69960|KRW|139920|20160229|1300|
C|005186|2016|50002309330001|001|4300004519|00120|UDAC0091|6|EA|99800|KRW|598800|20160229|1300|
C|005186|2016|50002309330002|001|4300004527|00140|UCKC0047|1|EA|122850|KRW|122850|20160229|1300|
C|005186|2016|50002309330003|001|4300004533|00050|UGBC1481|10|EA|5279|KRW|52790|20160229|1300|
C|005186|2016|50002309330004|001|4300004533|00070|UDAC0330|10|EA|1272|KRW|12720|20160229|1300|
C|005186|2016|50002309340001|001|4300004493|00020|UDBC0403|500|EA|27|KRW|13500|20160229|1300|
C|005186|2016|50002309340002|001|4300004493|00050|UDBC0414|200|EA|56|KRW|11200|20160229|1300|
C|005186|2016|50002309340003|001|4300004493|00090|UDBC0431|200|EA|90|KRW|18000|20160229|1300|
C|005186|2016|50002309340004|001|4300004493|00120|UDBC0383|100|EA|135|KRW|13500|20160229|1300|
C|005186|2016|50002309340005|001|4300004493|00130|UDBC0384|100|EA|143|KRW|14300|20160229|1300|
C|005186|2016|50002309340006|001|4300004493|00140|UDBC0385|100|EA|160|KRW|16000|20160229|1300|
C|005186|2016|50002309340007|001|4300004493|00150|UDBC0392|100|EA|190|KRW|19000|20160229|1300|
C|005186|2016|50002309340008|001|4300004493|00160|UDBC0393|100|EA|230|KRW|23000|20160229|1300|
C|005186|2016|50002309350001|001|4300004583|00030|CMH0007|1|EA|11700|KRW|11700|20160229|1300|
C|005186|2016|50002309350002|001|4300004583|00080|CMZ0032|3|EA|1970|KRW|5910|20160229|1300|
C|005186|2016|50002309350003|001|4300004584|00030|CMA0017|10|EA|780|KRW|7800|20160229|1300|
C|005186|2016|50002309350004|001|4300004584|00070|CMH0007|1|EA|11700|KRW|11700|20160229|1300|
C|005186|2016|50002309350005|001|4300004585|00050|CMA0017|5|EA|780|KRW|3900|20160229|1300|
C|005186|2016|50002309350006|001|4300004585|00060|CME0001|10|EA|4910|KRW|49100|20160229|1300|
C|005186|2016|50002309350007|001|4300004585|00070|CMF0018|1|EA|5800|KRW|5800|20160229|1300|
C|005186|2016|50002309350008|001|4300004585|00080|CMH0007|2|EA|11700|KRW|23400|20160229|1300|
C|005186|2016|50002309350009|001|4300004585|00090|CMF0001|4|EA|1680|KRW|6720|20160229|1300|
C|005186|2016|50002309350010|001|4300004586|00040|CMZ0014|1|EA|23300|KRW|23300|20160229|1300|
C|005186|2016|50002309350011|001|4300004586|00060|CMZ0007|30|EA|330|KRW|9900|20160229|1300|
C|005186|2016|50002309350012|001|4300004586|00070|CMA0002|1|EA|1530|KRW|1530|20160229|1300|
C|005186|2016|50002309350013|001|4300004586|00080|CMH0006|2|EA|400|KRW|800|20160229|1300|
C|005186|2016|50002309350014|001|4300004586|00090|CMZ0006|1|EA|1155|KRW|1155|20160229|1300|
C|005186|2016|50002309350015|001|4300004586|00100|CMZ0005|1|EA|750|KRW|750|20160229|1300|
C|005186|2016|50002309350016|001|4300004587|00040|CMF0003|10|EA|1820|KRW|18200|20160229|1300|
C|005186|2016|50002309350017|001|4300004587|00080|CMF0001|5|EA|1680|KRW|8400|20160229|1300|
C|005186|2016|50002309350018|001|4300004599|00020|CMH0007|3|EA|11700|KRW|35100|20160229|1300|
C|005186|2016|50002309350019|001|4300004599|00030|CMZ0032|20|EA|1970|KRW|39400|20160229|1300|
C|005186|2016|50002309350020|001|4300004599|00040|CMF0004|20|EA|22050|KRW|441000|20160229|1300|
