C|005186|2019|50005283240001|001|4300015052|00010|CMB0001|60|EA|520|KRW|31200|20191031|1300|
C|005186|2019|50005283240002|001|4300015052|00020|CMA0008|80|EA|470|KRW|37600|20191031|1300|
C|005186|2019|50005283240003|001|4300015052|00030|CMA0007|80|EA|151|KRW|12080|20191031|1300|
C|005186|2019|50005283240004|001|4300015052|00040|CMA0001|80|EA|151|KRW|12080|20191031|1300|
C|005186|2019|50005283240005|001|4300015052|00070|CMF0007|3|EA|1620|KRW|4860|20191031|1300|
C|005186|2019|50005283270001|001|4300015054|00010|CMA0001|60|EA|151|KRW|9060|20191031|1300|
C|005186|2019|50005283270002|001|4300015054|00020|CMA0007|200|EA|151|KRW|30200|20191031|1300|
C|005186|2019|50005283270003|001|4300015054|00030|CMB0001|20|EA|520|KRW|10400|20191031|1300|
C|005186|2019|50005283270004|001|4300015054|00060|CMF0002|2|EA|860|KRW|1720|20191031|1300|
C|005186|2019|50005283270005|001|4300015054|00070|CMF0003|1|EA|2020|KRW|2020|20191031|1300|
C|005186|2019|50005283270006|001|4300015054|00090|CMZ0032|3|EA|1300|KRW|3900|20191031|1300|
C|005186|2019|50005283290001|001|4300015031|00020|CMF0004|4|EA|17000|KRW|68000|20191031|1300|
C|005186|2019|50005283290002|001|4300015031|00030|CME0008|20|EA|1950|KRW|39000|20191031|1300|
C|005186|2019|50005283290003|001|4300015031|00050|CMA0017|20|EA|770|KRW|15400|20191031|1300|
C|005186|2019|50005283290004|001|4300015050|00050|CMA0017|15|EA|770|KRW|11550|20191031|1300|
C|005186|2019|50005283290005|001|4300015050|00090|CMB0011|140|EA|2220|KRW|310800|20191031|1300|
C|005186|2019|50005283290006|001|4300015051|00030|CMC0002|3|EA|10300|KRW|30900|20191031|1300|
C|005186|2019|50005283290007|001|4300015051|00060|CME0008|10|EA|1950|KRW|19500|20191031|1300|
C|005186|2019|50005283290008|001|4300015051|00070|CMA0017|30|EA|770|KRW|23100|20191031|1300|
C|005186|2019|50005283290009|001|4300015051|00090|CMC0003|30|EA|310|KRW|9300|20191031|1300|
C|005186|2019|50005283290010|001|4300015051|00120|CMB0003|100|EA|2200|KRW|220000|20191031|1300|
C|005186|2019|50005283290011|001|4300015051|00170|CMB0002|200|EA|2100|KRW|420000|20191031|1300|
C|005186|2019|50005283290012|001|4300015052|00060|CMB0002|20|EA|2100|KRW|42000|20191031|1300|
C|005186|2019|50005283290013|001|4300015053|00030|CMD0016|1|EA|29000|KRW|29000|20191031|1300|
C|005186|2019|50005283290014|001|4300015054|00050|CMD0016|2|EA|29000|KRW|58000|20191031|1300|
C|005186|2019|50005283290015|001|4300015055|00010|CMD0016|32|EA|29000|KRW|928000|20191031|1300|
C|005186|2019|50005283290016|001|4300015056|00040|CMA0017|10|EA|770|KRW|7700|20191031|1300|
C|005186|2019|50005283290017|001|4300015057|00010|CMD0017|5|EA|23760|KRW|118800|20191031|1300|
C|005186|2019|50005283290018|001|4300015057|00070|CMB0002|120|EA|2100|KRW|252000|20191031|1300|
C|005186|2019|50005283290019|001|4300015058|00030|CMD0016|6|EA|29000|KRW|174000|20191031|1300|
C|005186|2019|50005283290020|001|4300015060|00050|CMB0003|80|EA|2200|KRW|176000|20191031|1300|
C|005186|2019|50005283290021|001|4300015061|00040|CMB0003|20|EA|2200|KRW|44000|20191031|1300|
C|005186|2019|50005283290022|001|4300015064|00070|CMZ0009|30|EA|920|KRW|27600|20191031|1300|
C|005186|2019|50005283290023|001|4300015064|00080|CMB0002|40|EA|2100|KRW|84000|20191031|1300|
C|005186|2019|50005283290024|001|4300015064|00090|CMB0003|40|EA|2200|KRW|88000|20191031|1300|
C|005186|2019|50005283290025|001|4300015065|00030|CMD0016|3|EA|29000|KRW|87000|20191031|1300|
C|005186|2019|50005283290026|001|4300015068|00050|CMD0011|5|EA|24100|KRW|120500|20191031|1300|
C|005186|2019|50005283290027|001|4300015068|00080|CMA0017|100|EA|770|KRW|77000|20191031|1300|
C|005186|2019|50005283290028|001|4300015068|00110|CMB0003|240|EA|2200|KRW|528000|20191031|1300|
C|005186|2019|50005283290029|001|4300015069|00010|CMF0004|2|EA|17000|KRW|34000|20191031|1300|
C|005186|2019|50005283290030|001|4300015099|00010|CMF0004|4|EA|17000|KRW|68000|20191031|1300|
C|005186|2019|50005283290031|001|4300015099|00030|CMD0017|8|EA|23760|KRW|190080|20191031|1300|
C|005186|2019|50005283290032|001|4300015099|00040|CME0005|10|EA|2600|KRW|26000|20191031|1300|
C|005186|2019|50005283300001|001|4300015065|00010|CMA0007|100|EA|151|KRW|15100|20191031|1300|
C|005186|2019|50005283300002|001|4300015065|00020|CMA0028|1|EA|7350|KRW|7350|20191031|1300|
C|005186|2019|50005283420001|001|4300015063|00010|CMB0001|45|EA|520|KRW|23400|20191031|1300|
C|005186|2019|50005283420002|001|4300015063|00020|CMA0007|100|EA|151|KRW|15100|20191031|1300|
C|005186|2019|50005283420003|001|4300015063|00030|CMA0008|50|EA|470|KRW|23500|20191031|1300|
C|005186|2019|50005283450001|001|4300015060|00010|CMC0005|200|EA|150|KRW|30000|20191031|1300|
C|005186|2019|50005283450002|001|4300015060|00020|CME0002|20|EA|1100|KRW|22000|20191031|1300|
C|005186|2019|50005283450003|001|4300015060|00060|CMA0007|100|EA|151|KRW|15100|20191031|1300|
C|005186|2019|50005283450004|001|4300015060|00070|CMB0001|140|EA|520|KRW|72800|20191031|1300|
C|005186|2019|50005283450005|001|4300015060|00080|CMA0001|370|EA|151|KRW|55870|20191031|1300|
C|005186|2019|50005283460001|001|4300015056|00010|CMA0001|120|EA|151|KRW|18120|20191031|1300|
C|005186|2019|50005283460002|001|4300015056|00020|CMA0007|70|EA|151|KRW|10570|20191031|1300|
C|005186|2019|50005283460003|001|4300015056|00030|CMA0008|60|EA|470|KRW|28200|20191031|1300|
C|005186|2019|50005283460004|001|4300015056|00050|CMB0001|40|EA|520|KRW|20800|20191031|1300|
C|005186|2019|50005283460005|001|4300015056|00100|CMZ0004|10|EA|220|KRW|2200|20191031|1300|
C|005186|2019|50005283480001|001|4300015064|00050|CMF0005|2|EA|18700|KRW|37400|20191031|1300|
C|005186|2019|50005283480002|001|4300015064|00100|CMC0005|50|EA|150|KRW|7500|20191031|1300|
C|005186|2019|50005283480003|001|4300015064|00110|CMB0001|60|EA|520|KRW|31200|20191031|1300|
C|005186|2019|50005283480004|001|4300015064|00140|CMA0007|200|EA|151|KRW|30200|20191031|1300|
C|005186|2019|50005283480005|001|4300015064|00150|CMA0008|200|EA|470|KRW|94000|20191031|1300|
C|005186|2019|50005283480006|001|4300015064|00160|CMA0001|250|EA|151|KRW|37750|20191031|1300|
C|005186|2019|50005283490001|001|4300015061|00030|CMF0005|4|EA|18700|KRW|74800|20191031|1300|
C|005186|2019|50005283490002|001|4300015061|00070|CMB0001|60|EA|520|KRW|31200|20191031|1300|
C|005186|2019|50005283490003|001|4300015061|00080|CMA0007|100|EA|151|KRW|15100|20191031|1300|
C|005186|2019|50005283490004|001|4300015061|00090|CMA0001|150|EA|151|KRW|22650|20191031|1300|
C|005186|2019|50005283510001|001|4300015068|00010|CMA0028|2|EA|7350|KRW|14700|20191031|1300|
C|005186|2019|50005283510002|001|4300015068|00040|CMZ0032|3|EA|1300|KRW|3900|20191031|1300|
C|005186|2019|50005283510003|001|4300015068|00090|CMA0008|200|EA|470|KRW|94000|20191031|1300|
C|005186|2019|50005283510004|001|4300015068|00100|CMC0005|200|EA|150|KRW|30000|20191031|1300|
C|005186|2019|50005283510005|001|4300015068|00120|CMA0001|340|EA|151|KRW|51340|20191031|1300|
C|005186|2019|50005283510006|001|4300015068|00130|CMA0007|340|EA|151|KRW|51340|20191031|1300|
