C|005186|2019|50005305800001|001|4300014601|00030|UZZC0029|20|EA|231000|KRW|231000|20191115|1300|
C|005186|2019|50005305800002|001|4300014611|00030|UBBC0006|1|EA|103370|KRW|103370|20191115|1300|
C|005186|2019|50005305810001|001|4300015078|00010|UGCC1557|5|EA|305000|KRW|1525000|20191115|1300|
C|005186|2019|50005305810002|001|4300015079|00010|UGCC1557|5|EA|305000|KRW|1525000|20191115|1300|
C|005186|2019|50005305820001|001|4300015072|00010|UZZC0189|100|EA|168600|KRW|1686000|20191115|1300|
C|005186|2019|50005305820002|001|4300015073|00010|UZZC0189|100|EA|168600|KRW|1686000|20191115|1300|
C|005186|2019|50005305820003|001|4300015107|00010|UZZC0189|100|EA|168600|KRW|1686000|20191115|1300|
C|005186|2019|50005305820004|001|4300015117|00080|UJAC0097|1|EA|995800|KRW|995800|20191115|1300|
C|005186|2019|50005305830001|001|4300015108|00010|UJBC0031|25|EA|16630|KRW|415750|20191115|1300|
C|005186|2019|50005305830002|001|4300015160|00050|UJAC0149|1|EA|484840|KRW|484840|20191115|1300|
C|005186|2019|50005305830003|001|4300015180|00040|UDBC0460|300|EA|10600|KRW|63600|20191115|1300|
C|005186|2019|50005305830004|001|4300015181|00020|UDBC0887|30|EA|425|KRW|12750|20191115|1300|
C|005186|2019|50005305830005|001|4300015181|00030|UDBC1095|10|EA|1390|KRW|6950|20191115|1300|
C|005186|2019|50005305830006|001|4300015181|00040|UAGC0417|10|EA|5080|KRW|50800|20191115|1300|
C|005186|2019|50005305830007|001|4300015226|00060|UGCC0504|1|EA|66200|KRW|66200|20191115|1300|
C|005186|2019|50005305830008|001|4300015226|00070|UGCC0503|1|EA|66200|KRW|66200|20191115|1300|
C|005186|2019|50005305830009|001|4300015226|00080|UGCC0500|1|EA|100700|KRW|100700|20191115|1300|
C|005186|2019|50005305830010|001|4300015230|00010|UCHC0039|3|EA|114450|KRW|343350|20191115|1300|
C|005186|2019|50005305830011|001|4300015230|00060|UEBC1163|3|EA|4130|KRW|12390|20191115|1300|
C|005186|2019|50005305830012|001|4300015231|00010|UAEC0257|2|EA|25800|KRW|51600|20191115|1300|
C|005186|2019|50005305830013|001|4300015231|00030|UEBC1287|4|EA|15400|KRW|61600|20191115|1300|
C|005186|2019|50005305830014|001|4300015231|00050|UABC0031|4|EA|39500|KRW|158000|20191115|1300|
C|005186|2019|50005305830015|001|4300015231|00070|UAEC0060|2|EA|22320|KRW|22320|20191115|1300|
C|005186|2019|50005305840001|001|4300015117|00020|UDDC3897|1|EA|159600|KRW|159600|20191115|1300|
C|005186|2019|50005305840002|001|4300015180|00010|UGCC0638|10|EA|138600|KRW|1386000|20191115|1300|
C|005186|2019|50005305840003|001|4300015180|00020|UGCC0640|5|EA|30450|KRW|152250|20191115|1300|
C|005186|2019|50005305840004|001|4300015180|00030|UGCC1438|5|EA|29400|KRW|147000|20191115|1300|
C|005186|2019|50005305840005|001|4300015180|00050|UEBC0247|10|EA|36550|KRW|73100|20191115|1300|
C|005186|2019|50005305840006|001|4300015181|00010|UCKC0102|1|EA|694800|KRW|694800|20191115|1300|
C|005186|2019|50005305840007|001|4300015181|00050|UEBC0386|10|EA|7670|KRW|76700|20191115|1300|
C|005186|2019|50005305840008|001|4300015181|00060|UEBC0339|10|EA|26000|KRW|130000|20191115|1300|
C|005186|2019|50005305840009|001|4300015181|00070|UDBC0709|20|EA|3680|KRW|73600|20191115|1300|
C|005186|2019|50005305840010|001|4300015181|00080|UDBC0401|200|EA|2500|KRW|5000|20191115|1300|
C|005186|2019|50005305840011|001|4300015181|00090|UEBC1279|2|EA|146000|KRW|292000|20191115|1300|
C|005186|2019|50005305840012|001|4300015181|00100|UCKC0128|1|EA|18700|KRW|18700|20191115|1300|
C|005186|2019|50005305840013|001|4300015185|00010|KS061502|11|EA|2970|KRW|32670|20191115|1300|
C|005186|2019|50005305840014|001|4300015185|00020|KS061503|10|EA|3150|KRW|31500|20191115|1300|
C|005186|2019|50005305840015|001|4300015185|00030|KS061504|4|EA|4050|KRW|16200|20191115|1300|
C|005186|2019|50005305840016|001|4300015185|00040|KS061505|2|EA|6230|KRW|12460|20191115|1300|
C|005186|2019|50005305840017|001|4300015185|00050|KS066904|4|EA|2000|KRW|8000|20191115|1300|
C|005186|2019|50005305840018|001|4300015185|00060|KS067001|3|EA|1400|KRW|4200|20191115|1300|
C|005186|2019|50005305840019|001|4300015185|00070|KS067002|5|EA|1460|KRW|7300|20191115|1300|
C|005186|2019|50005305840020|001|4300015185|00080|KS067005|2|EA|2400|KRW|4800|20191115|1300|
C|005186|2019|50005305840021|001|4300015185|00090|KS067006|3|EA|3120|KRW|9360|20191115|1300|
C|005186|2019|50005305840022|001|4300015185|00100|KS080702|1|EA|19850|KRW|19850|20191115|1300|
C|005186|2019|50005305840023|001|4300015185|00110|KS080711|4|EA|32300|KRW|129200|20191115|1300|
C|005186|2019|50005305840024|001|4300015185|00120|KS990009|2|EA|8820|KRW|17640|20191115|1300|
C|005186|2019|50005305840025|001|4300015226|00010|UDBC0804|1|EA|387200|KRW|387200|20191115|1300|
C|005186|2019|50005305840026|001|4300015226|00040|UEBC0020|10|EA|42810|KRW|428100|20191115|1300|
C|005186|2019|50005305840027|001|4300015226|00050|UEBC0026|10|EA|20840|KRW|208400|20191115|1300|
C|005186|2019|50005305840028|001|4300015227|00010|UEBC0944|250|EA|47500|KRW|237500|20191115|1300|
C|005186|2019|50005305840029|001|4300015227|00020|UZZC0181|100|EA|16800|KRW|84000|20191115|1300|
C|005186|2019|50005305840030|001|4300015235|00010|UEBC0237|2|EA|2130|KRW|4260|20191115|1300|
C|005186|2019|50005305850001|001|4300015186|00010|KH990100|4|EA|27220|KRW|108880|20191115|1300|
C|005186|2019|50005305850002|001|4300015186|00020|KH990101|6|EA|7250|KRW|43500|20191115|1300|
C|005186|2019|50005305850003|001|4300015186|00030|KP150400|100|EA|17000|KRW|17000|20191115|1300|
C|005186|2019|50005305850004|001|4300015186|00040|KT020003|1|EA|5600|KRW|5600|20191115|1300|
C|005186|2019|50005305850005|001|4300015186|00050|KT020007|2|EA|6860|KRW|13720|20191115|1300|
C|005186|2019|50005305850006|001|4300015186|00060|KT020011|2|EA|10400|KRW|20800|20191115|1300|
C|005186|2019|50005305850007|001|4300015186|00070|KT020012|2|EA|13110|KRW|26220|20191115|1300|
C|005186|2019|50005305850008|001|4300015186|00080|KT020013|1|EA|13110|KRW|13110|20191115|1300|
C|005186|2019|50005305850009|001|4300015186|00090|KT020019|1|EA|23570|KRW|23570|20191115|1300|
C|005186|2019|50005305850010|001|4300015186|00100|KT020500|20|EA|31100|KRW|62200|20191115|1300|
C|005186|2019|50005305850011|001|4300015186|00110|KT020600|3|EA|14910|KRW|44730|20191115|1300|
C|005186|2019|50005305850012|001|4300015186|00120|KT020700|20|EA|2680|KRW|53600|20191115|1300|
C|005186|2019|50005305850013|001|4300015186|00130|KT020702|15|EA|470|KRW|7050|20191115|1300|
C|005186|2019|50005305850014|001|4300015186|00140|KT020704|20|EA|610|KRW|12200|20191115|1300|
C|005186|2019|50005305850015|001|4300015186|00150|KT020705|3|EA|1390|KRW|4170|20191115|1300|
C|005186|2019|50005305850016|001|4300015186|00160|KT080360|1|EA|5250|KRW|5250|20191115|1300|
C|005186|2019|50005305850017|001|4300015186|00170|KT080500|2|EA|26500|KRW|53000|20191115|1300|
C|005186|2019|50005305850018|001|4300015186|00180|KT080520|4|EA|2760|KRW|11040|20191115|1300|
C|005186|2019|50005305850019|001|4300015186|00190|KT990001|200|EA|5100|KRW|102000|20191115|1300|
C|005186|2019|50005305850020|001|4300015186|00200|KT991000|1|EA|1961|KRW|1961|20191115|1300|
