C|005186|2013|50000286490001|001|4300000518|00010|UEAC0104|1|EA|64740|KRW|64740|20130915|1300|
C|005186|2013|50000286490002|001|4300000518|00020|UZZC0003|10|EA|27160|KRW|271600|20130915|1300|
C|005186|2013|50000286490003|001|4300000518|00040|UEBC0357|10|EA|2250|KRW|22500|20130915|1300|
C|005186|2013|50000286490004|001|4300000518|00050|UEBC0358|10|EA|2460|KRW|24600|20130915|1300|
C|005186|2013|50000286490005|001|4300000518|00060|UGBC0780|20|EA|570|KRW|11400|20130915|1300|
C|005186|2013|50000286490006|001|4300000518|00070|UHTC0246|20|EA|8470|KRW|169400|20130915|1300|
C|005186|2013|50000286490007|001|4300000518|00080|UAEC0135|2|EA|65100|KRW|130200|20130915|1300|
C|005186|2013|50000286490008|001|4300000518|00090|UJCC0043|5000|EA|70|KRW|350000|20130915|1300|
C|005186|2013|50000286490009|001|4300000518|00100|UHRC0003|3|EA|12080|KRW|36240|20130915|1300|
C|005186|2013|50000286490010|001|4300000518|00110|UJCC0014|300|EA|641|KRW|192300|20130915|1300|
