C|005186|2016|50002642140001|001|4300005245|00060|UBBC0006|1|EA|103370|KRW|103370|20160629|1300|
C|005186|2016|50002642150001|001|4300005227|00050|UDAC0344|100|EA|4000|KRW|400000|20160629|1300|
C|005186|2016|50002642150002|001|4300005227|00090|UDAC0345|100|EA|4000|KRW|400000|20160629|1300|
C|005186|2016|50002642150003|001|4300005253|00010|UAIC0035|2|EA|20780|KRW|41560|20160629|1300|
C|005186|2016|50002642150004|001|4300005253|00020|UAGC0037|2|EA|21210|KRW|42420|20160629|1300|
C|005186|2016|50002642150005|001|4300005253|00030|UBEC0001|50|EA|18900|KRW|945000|20160629|1300|
C|005186|2016|50002642150006|001|4300005253|00040|UAGC0052|20|EA|2520|KRW|50400|20160629|1300|
C|005186|2016|50002642150007|001|4300005253|00050|UAGC0241|2|EA|220000|KRW|440000|20160629|1300|
C|005186|2016|50002642150008|001|4300005254|00040|UAGC0492|1|EA|18020|KRW|18020|20160629|1300|
C|005186|2016|50002642150009|001|4300005279|00090|UDBC0898|5|EA|7000|KRW|35000|20160629|1300|
C|005186|2016|50002642150010|001|4300005280|00010|UJBC0040|1|EA|75600|KRW|75600|20160629|1300|
C|005186|2016|50002642150011|001|4300005280|00020|UDBC0897|500|EA|130|KRW|65000|20160629|1300|
C|005186|2016|50002642150012|001|4300005280|00030|UDBC0820|2|EA|14950|KRW|29900|20160629|1300|
C|005186|2016|50002642150013|001|4300005281|00010|UZZC0071|3|EA|217350|KRW|652050|20160629|1300|
C|005186|2016|50002642150014|001|4300005282|00020|UGCC0623|1|EA|35300|KRW|35300|20160629|1300|
C|005186|2016|50002642150015|001|4300005283|00020|UDFC0177|20|EA|15580|KRW|311600|20160629|1300|
C|005186|2016|50002642150016|001|4300005287|00050|UDDC0359|1|EA|47760|KRW|47760|20160629|1300|
C|005186|2016|50002642150017|001|4300005290|00010|UDFC0178|20|EA|15580|KRW|311600|20160629|1300|
C|005186|2016|50002642150018|001|4300005291|00020|UGBC0299|50|EA|255|KRW|12750|20160629|1300|
C|005186|2016|50002642150019|001|4300005291|00040|UAEC0027|2|EA|22580|KRW|45160|20160629|1300|
C|005186|2016|50002642150020|001|4300005291|00130|UAEC0362|20|EA|2205|KRW|44100|20160629|1300|
C|005186|2016|50002642150021|001|4300005291|00140|UAGC0068|50|EA|860|KRW|43000|20160629|1300|
C|005186|2016|50002642150022|001|4300005293|00010|UFFC0048|5|EA|10550|KRW|52750|20160629|1300|
C|005186|2016|50002642150023|001|4300005293|00020|UGBC0449|100|EA|1270|KRW|127000|20160629|1300|
C|005186|2016|50002642150024|001|4300005293|00060|UKCC0003|20|EA|4520|KRW|90400|20160629|1300|
C|005186|2016|50002642150025|001|4300005294|00020|UKBC0010|2|EA|91480|KRW|182960|20160629|1300|
C|005186|2016|50002642150026|001|4300005294|00050|UHTC0486|2|EA|46410|KRW|92820|20160629|1300|
C|005186|2016|50002642150027|001|4300005295|00020|UKBC0010|1|EA|91480|KRW|91480|20160629|1300|
C|005186|2016|50002642150028|001|4300005296|00020|UZZC0128|2|EA|201000|KRW|402000|20160629|1300|
C|005186|2016|50002642150029|001|4300005297|00030|UAIC0002|5|EA|3680|KRW|18400|20160629|1300|
C|005186|2016|50002642150030|001|4300005297|00040|UKBC0010|2|EA|91480|KRW|182960|20160629|1300|
C|005186|2016|50002642150031|001|4300005301|00010|UGCC0630|1|EA|36750|KRW|36750|20160629|1300|
C|005186|2016|50002642160001|001|4300005279|00040|UGCC0107|3|EA|32600|KRW|97800|20160629|1300|
C|005186|2016|50002642160002|001|4300005279|00060|UGBC0096|1|EA|28350|KRW|28350|20160629|1300|
C|005186|2016|50002642160003|001|4300005279|00070|UGCC0913|2|EA|202000|KRW|404000|20160629|1300|
C|005186|2016|50002642160004|001|4300005283|00010|UGCC1072|3|EA|138800|KRW|416400|20160629|1300|
C|005186|2016|50002642160005|001|4300005287|00030|UGBC1352|1|EA|98000|KRW|98000|20160629|1300|
C|005186|2016|50002642160006|001|4300005287|00040|UGCC0913|1|EA|202000|KRW|202000|20160629|1300|
C|005186|2016|50002642160007|001|4300005290|00020|UGBC1458|20|EA|36570|KRW|731400|20160629|1300|
C|005186|2016|50002642160008|001|4300005294|00060|UGBC0100|4|EA|15225|KRW|60900|20160629|1300|
C|005186|2016|50002642160009|001|4300005295|00010|UGCC0892|10|EA|115500|KRW|1155000|20160629|1300|
C|005186|2016|50002642170001|001|4300005254|00030|UHHC0138|2|EA|80850|KRW|161700|20160629|1300|
C|005186|2016|50002642170002|001|4300005255|00010|UHTC0786|100|EA|16112|KRW|1611200|20160629|1300|
C|005186|2016|50002642170003|001|4300005291|00030|UCKC0037|80|EA|14050|KRW|1124000|20160629|1300|
C|005186|2016|50002642170004|001|4300005298|00010|UHTC0786|100|EA|16112|KRW|1611200|20160629|1300|
C|005186|2016|50002642170005|001|4300005299|00010|UHFC0336|2|EA|82950|KRW|165900|20160629|1300|
C|005186|2016|50002642170006|001|4300005299|00020|UHFC0337|2|EA|104210|KRW|208420|20160629|1300|
C|005186|2016|50002642170007|001|4300005299|00030|UHFC0345|50|EA|1270|KRW|63500|20160629|1300|
C|005186|2016|50002642170008|001|4300005299|00040|UHDC0036|2|EA|24990|KRW|49980|20160629|1300|
C|005186|2016|50002642170009|001|4300005299|00050|UHGC0134|2|EA|756000|KRW|1512000|20160629|1300|
C|005186|2016|50002642170010|001|4300005300|00010|UHEC0028|9|EA|48500|KRW|436500|20160629|1300|
C|005186|2016|50002642170011|001|4300005300|00020|UHEC0002|4|EA|101000|KRW|404000|20160629|1300|
C|005186|2016|50002642170012|001|4300005300|00030|UHEC0003|5|EA|133000|KRW|665000|20160629|1300|
C|005186|2016|50002642170013|001|4300005300|00040|UHFC0345|100|EA|1270|KRW|127000|20160629|1300|
C|005186|2016|50002642170014|001|4300005300|00050|UHFC0164|100|EA|210|KRW|21000|20160629|1300|
C|005186|2016|50002642170015|001|4300005300|00060|UHFC0076|20|EA|10540|KRW|210800|20160629|1300|
C|005186|2016|50002642180001|001|4300005254|00060|UADC0163|1|EA|32640|KRW|32640|20160629|1300|
C|005186|2016|50002642180002|001|4300005279|00010|UDDC0232|15|EA|6720|KRW|100800|20160629|1300|
C|005186|2016|50002642180003|001|4300005279|00020|UDDC0252|5|EA|63810|KRW|319050|20160629|1300|
C|005186|2016|50002642180004|001|4300005279|00030|UAKC0017|2|EA|25180|KRW|50360|20160629|1300|
C|005186|2016|50002642180005|001|4300005279|00050|UKBC0010|1|EA|91480|KRW|91480|20160629|1300|
C|005186|2016|50002642180006|001|4300005284|00010|UDEC0063|1|EA|255150|KRW|255150|20160629|1300|
C|005186|2016|50002642180007|001|4300005286|00010|UEBC0663|8|EA|69930|KRW|559440|20160629|1300|
C|005186|2016|50002642180008|001|4300005286|00020|UEBC1116|5|EA|41340|KRW|206700|20160629|1300|
C|005186|2016|50002642180009|001|4300005287|00010|UDDC0027|2|EA|200450|KRW|400900|20160629|1300|
C|005186|2016|50002642180010|001|4300005287|00060|UGBC1251|4|EA|65300|KRW|261200|20160629|1300|
C|005186|2016|50002642180011|001|4300005288|00010|UDDC0312|13|EA|138180|KRW|1796340|20160629|1300|
C|005186|2016|50002642180012|001|4300005291|00050|UAEC0431|1|EA|5230|KRW|5230|20160629|1300|
C|005186|2016|50002642180013|001|4300005291|00100|UFAC0002|3|EA|18900|KRW|56700|20160629|1300|
C|005186|2016|50002642180014|001|4300005291|00120|UAGC0491|50|EA|1020|KRW|51000|20160629|1300|
C|005186|2016|50002642180015|001|4300005297|00020|UKBC0010|3|EA|91480|KRW|274440|20160629|1300|
C|005186|2016|50002642190001|001|4300005245|00020|UKBC0014|1|EA|52500|KRW|52500|20160629|1300|
C|005186|2016|50002642190002|001|4300005245|00030|UKEC0017|1|EA|61200|KRW|61200|20160629|1300|
C|005186|2016|50002642190003|001|4300005245|00040|UKEC0021|1|EA|1520|KRW|1520|20160629|1300|
C|005186|2016|50002642190004|001|4300005245|00050|UKBC0010|1|EA|91480|KRW|91480|20160629|1300|
C|005186|2016|50002642190005|001|4300005248|00190|KT020707|50|EA|18700|KRW|935000|20160629|1300|
C|005186|2016|50002642190006|001|4300005279|00080|UDBC0420|20|EA|480|KRW|9600|20160629|1300|
C|005186|2016|50002642190007|001|4300005279|00100|UEBC0024|2|EA|68240|KRW|136480|20160629|1300|
C|005186|2016|50002642190008|001|4300005282|00030|UAJC0055|50|EA|480|KRW|24000|20160629|1300|
C|005186|2016|50002642190009|001|4300005282|00040|UAJC0057|50|EA|595|KRW|29750|20160629|1300|
C|005186|2016|50002642190010|001|4300005287|00020|UDBC0842|50|EA|197|KRW|9850|20160629|1300|
C|005186|2016|50002642190011|001|4300005287|00070|UEBC1189|6|EA|93200|KRW|559200|20160629|1300|
C|005186|2016|50002642190012|001|4300005287|00080|UEBC0649|1|EA|124740|KRW|124740|20160629|1300|
C|005186|2016|50002642190013|001|4300005287|00090|UEBC0007|4|EA|58800|KRW|235200|20160629|1300|
C|005186|2016|50002642190014|001|4300005288|00020|UEBC0043|1|EA|112460|KRW|112460|20160629|1300|
C|005186|2016|50002642190015|001|4300005289|00010|UAJC0052|50|EA|810|KRW|40500|20160629|1300|
C|005186|2016|50002642190016|001|4300005291|00060|UDBC0756|50|EA|1680|KRW|84000|20160629|1300|
C|005186|2016|50002642190017|001|4300005291|00070|UDBC0757|50|EA|1680|KRW|84000|20160629|1300|
C|005186|2016|50002642190018|001|4300005291|00080|UDBC0758|50|EA|1680|KRW|84000|20160629|1300|
C|005186|2016|50002642190019|001|4300005291|00090|UDBC0939|50|EA|1690|KRW|84500|20160629|1300|
C|005186|2016|50002642190020|001|4300005291|00110|UEBC0499|6|EA|5150|KRW|30900|20160629|1300|
C|005186|2016|50002642190021|001|4300005293|00030|UEBC1085|10|EA|37000|KRW|370000|20160629|1300|
C|005186|2016|50002642190022|001|4300005293|00040|UEBC0988|10|EA|6050|KRW|60500|20160629|1300|
C|005186|2016|50002642190023|001|4300005293|00050|UDAC0012|300|EA|4220|KRW|1266000|20160629|1300|
C|005186|2016|50002642190024|001|4300005294|00010|UEBC0330|200|EA|7980|KRW|1596000|20160629|1300|
C|005186|2016|50002642190025|001|4300005294|00030|UDAC0169|20|EA|160|KRW|3200|20160629|1300|
C|005186|2016|50002642190026|001|4300005294|00040|UDBC0325|100|EA|130|KRW|13000|20160629|1300|
C|005186|2016|50002642190027|001|4300005296|00010|UDAC0247|2000|EA|640|KRW|1280000|20160629|1300|
C|005186|2016|50002642190028|001|4300005297|00010|UDAC0247|1600|EA|640|KRW|1024000|20160629|1300|
C|005186|2016|50002642200001|001|4300005254|00010|UHTC0540|3|EA|321000|KRW|963000|20160629|1300|
C|005186|2016|50002642200002|001|4300005254|00020|UHTC0541|3|EA|82100|KRW|246300|20160629|1300|
C|005186|2016|50002642200003|001|4300005254|00050|UHTC0784|20|EA|10600|KRW|212000|20160629|1300|
C|005186|2016|50002642200004|001|4300005282|00010|UEBC1124|2|EA|10760|KRW|21520|20160629|1300|
C|005186|2016|50002642200005|001|4300005292|00010|UHTC0739|3|EA|400000|KRW|1200000|20160629|1300|
C|005186|2016|50002642200006|001|4300005292|00020|UHTC0740|2|EA|342110|KRW|684220|20160629|1300|
C|005186|2016|50002642210001|001|4300005302|00020|UDEC0026|2|EA|126590|KRW|253180|20160629|1300|
C|005186|2016|50002642210002|001|4300005302|00030|UDFC0175|2|EA|35830|KRW|71660|20160629|1300|
C|005186|2016|50002642210003|001|4300005302|00040|UGBC0338|13|EA|1040|KRW|13520|20160629|1300|
C|005186|2016|50002642210004|001|4300005302|00050|UGCC1018|30|EA|5088|KRW|152640|20160629|1300|
C|005186|2016|50002642210005|001|4300005302|00060|UAGC0448|1|EA|29470|KRW|29470|20160629|1300|
C|005186|2016|50002642210006|001|4300005302|00090|UAEC0110|13|EA|4050|KRW|52650|20160629|1300|
C|005186|2016|50002642210007|001|4300005302|00100|UGCC0096|1|EA|37800|KRW|37800|20160629|1300|
C|005186|2016|50002642210008|001|4300005302|00110|UDDC0132|5|EA|23835|KRW|119175|20160629|1300|
C|005186|2016|50002642210009|001|4300005302|00120|UGBC0789|20|EA|690|KRW|13800|20160629|1300|
C|005186|2016|50002642210010|001|4300005302|00130|UIDC0087|1|EA|185260|KRW|185260|20160629|1300|
C|005186|2016|50002642210011|001|4300005303|00020|UAEC0133|2|EA|39630|KRW|79260|20160629|1300|
C|005186|2016|50002642210012|001|4300005303|00030|UAEC0134|2|EA|44950|KRW|89900|20160629|1300|
C|005186|2016|50002642220001|001|4300005285|00010|UFKC0048|1|EA|90900|KRW|90900|20160629|1300|
C|005186|2016|50002642220002|001|4300005285|00020|UFKC0064|1|EA|27300|KRW|27300|20160629|1300|
C|005186|2016|50002642220003|001|4300005291|00010|UGAC0053|1|EA|69880|KRW|69880|20160629|1300|
C|005186|2016|50002642220004|001|4300005302|00010|UDDC0312|2|EA|138180|KRW|276360|20160629|1300|
C|005186|2016|50002642220005|001|4300005302|00080|UEBC1249|10|EA|1900|KRW|19000|20160629|1300|
C|005186|2016|50002642220006|001|4300005302|00140|UDBC0103|200|EA|83|KRW|16600|20160629|1300|
C|005186|2016|50002642220007|001|4300005303|00010|UAJC0056|50|EA|810|KRW|40500|20160629|1300|
C|005186|2016|50002642220008|001|4300005303|00070|UFKC0136|70|EA|6210|KRW|434700|20160629|1300|
C|005186|2016|50002642230001|001|4300005282|00050|UCIC0042|1|EA|143100|KRW|143100|20160629|1300|
C|005186|2016|50002642230002|001|4300005282|00060|UCIC0116|3|EA|84300|KRW|252900|20160629|1300|
C|005186|2016|50002642230003|001|4300005282|00070|UGBC1521|1|EA|71600|KRW|71600|20160629|1300|
C|005186|2016|50002642230004|001|4300005282|00080|UGBC1522|1|EA|74800|KRW|74800|20160629|1300|
C|005186|2016|50002642230005|001|4300005282|00090|UGCC1081|12|EA|57000|KRW|684000|20160629|1300|
C|005186|2016|50002642230006|001|4300005282|00100|UDAC0313|10|EA|3580|KRW|35800|20160629|1300|
C|005186|2016|50002642230007|001|4300005289|00020|UGBC1358|1|EA|885000|KRW|885000|20160629|1300|
C|005186|2016|50002642230008|001|4300005289|00030|UGBC0333|20|EA|2630|KRW|52600|20160629|1300|
C|005186|2016|50002642230009|001|4300005289|00040|UGBC1040|20|EA|4830|KRW|96600|20160629|1300|
C|005186|2016|50002642230010|001|4300005289|00050|UGBC0067|20|EA|2520|KRW|50400|20160629|1300|
C|005186|2016|50002642230011|001|4300005289|00060|UGBC1273|30|EA|2000|KRW|60000|20160629|1300|
C|005186|2016|50002642230012|001|4300005289|00070|UGBC0386|30|EA|1890|KRW|56700|20160629|1300|
C|005186|2016|50002642240001|001|4300005371|00060|CMF0004|2|EA|22050|KRW|44100|20160629|1300|
C|005186|2016|50002642250001|001|4300005354|00110|UADC0164|6|EA|9790|KRW|58740|20160629|1300|
C|005186|2016|50002642250002|001|4300005355|00040|UCHC0030|10|EA|3180|KRW|31800|20160629|1300|
C|005186|2016|50002642250003|001|4300005357|00060|UDFC0182|1|EA|13570|KRW|13570|20160629|1300|
C|005186|2016|50002642250004|001|4300005364|00010|UADC0016|2|EA|12180|KRW|24360|20160629|1300|
C|005186|2016|50002642250005|001|4300005373|00010|UGCC1004|1|EA|305000|KRW|305000|20160629|1300|
C|005186|2016|50002642250006|001|4300005376|00010|UAKC0012|2|EA|9080|KRW|0|20160629|1300|
C|005186|2016|50002642250007|001|4300005376|00020|UIEC0025|2|EA|5040|KRW|0|20160629|1300|
C|005186|2016|50002642250008|001|4300005376|00030|UIEC0075|2|EA|7596|KRW|0|20160629|1300|
C|005186|2016|50002642250009|001|4300005376|00040|UAGC0319|2|EA|42210|KRW|0|20160629|1300|
C|005186|2016|50002642250010|001|4300005376|00050|UAEC0140|20|EA|2060|KRW|0|20160629|1300|
C|005186|2016|50002642250011|001|4300005376|00070|UAGC0455|1|EA|128000|KRW|0|20160629|1300|
C|005186|2016|50002642250012|001|4300005376|00080|UAEC0191|1|EA|173250|KRW|0|20160629|1300|
C|005186|2016|50002642260001|001|4300005303|00040|UGBC0196|10|EA|6930|KRW|69300|20160629|1300|
C|005186|2016|50002642260002|001|4300005303|00050|UGBC0167|10|EA|860|KRW|8600|20160629|1300|
C|005186|2016|50002642260003|001|4300005303|00060|UGBC0621|10|EA|640|KRW|6400|20160629|1300|
C|005186|2016|50002642260004|001|4300005303|00080|UGBC0971|5|EA|39000|KRW|195000|20160629|1300|
C|005186|2016|50002642260005|001|4300005303|00090|UGBC0646|1|EA|493500|KRW|493500|20160629|1300|
C|005186|2016|50002642260006|001|4300005303|00100|UGBC0352|50|EA|370|KRW|18500|20160629|1300|
C|005186|2016|50002642260007|001|4300005303|00110|UGBC0015|30|EA|650|KRW|19500|20160629|1300|
C|005186|2016|50002642260008|001|4300005303|00120|UGBC0028|20|EA|1160|KRW|23200|20160629|1300|
C|005186|2016|50002642260009|001|4300005303|00130|UGBC0635|10|EA|8400|KRW|84000|20160629|1300|
C|005186|2016|50002642260010|001|4300005303|00140|UGBC0636|10|EA|13650|KRW|136500|20160629|1300|
C|005186|2016|50002642260011|001|4300005303|00150|UGBC0637|10|EA|17850|KRW|178500|20160629|1300|
C|005186|2016|50002642260012|001|4300005303|00160|UGBC0702|30|EA|870|KRW|26100|20160629|1300|
C|005186|2016|50002642260013|001|4300005303|00170|UGBC0231|30|EA|830|KRW|24900|20160629|1300|
C|005186|2016|50002642260014|001|4300005303|00180|UGBC0376|20|EA|2520|KRW|50400|20160629|1300|
C|005186|2016|50002642270001|001|4300005346|00050|UAGC0272|10|EA|1550|KRW|15500|20160629|1300|
C|005186|2016|50002642270002|001|4300005346|00060|UAGC0286|10|EA|2625|KRW|26250|20160629|1300|
C|005186|2016|50002642270003|001|4300005346|00070|UAGC0148|10|EA|5510|KRW|55100|20160629|1300|
C|005186|2016|50002642270004|001|4300005346|00080|UAGC0151|10|EA|5200|KRW|52000|20160629|1300|
C|005186|2016|50002642270005|001|4300005346|00090|UAGC0369|5|EA|5540|KRW|27700|20160629|1300|
C|005186|2016|50002642270006|001|4300005346|00100|UAGC0370|5|EA|6050|KRW|30250|20160629|1300|
C|005186|2016|50002642270007|001|4300005346|00110|UAGC0371|5|EA|7480|KRW|37400|20160629|1300|
C|005186|2016|50002642270008|001|4300005347|00080|UAGC0372|5|EA|7480|KRW|37400|20160629|1300|
C|005186|2016|50002642270009|001|4300005352|00040|UDDC0053|1|EA|198660|KRW|198660|20160629|1300|
C|005186|2016|50002642270010|001|4300005354|00130|UDDC0379|2|EA|122200|KRW|244400|20160629|1300|
C|005186|2016|50002642270011|001|4300005354|00140|UDDC0380|1|EA|160200|KRW|160200|20160629|1300|
C|005186|2016|50002642270012|001|4300005354|00150|UDDC0382|2|EA|168640|KRW|337280|20160629|1300|
C|005186|2016|50002642270013|001|4300005357|00010|UGBC1519|3|EA|242200|KRW|726600|20160629|1300|
C|005186|2016|50002642270014|001|4300005357|00050|UAEC0445|2|EA|23640|KRW|47280|20160629|1300|
C|005186|2016|50002642270015|001|4300005358|00040|UDDC0381|2|EA|122270|KRW|244540|20160629|1300|
C|005186|2016|50002642270016|001|4300005359|00030|UDDC0058|1|EA|49350|KRW|49350|20160629|1300|
C|005186|2016|50002642270017|001|4300005360|00090|UDEC0047|1|EA|85680|KRW|85680|20160629|1300|
C|005186|2016|50002642280001|001|4300005381|00130|CMF0005|10|EA|20700|KRW|207000|20160629|1300|
C|005186|2016|50002642280002|001|4300005383|00120|CMF0005|2|EA|20700|KRW|41400|20160629|1300|
C|005186|2016|50002642280003|001|4300005385|00090|CMF0005|10|EA|20700|KRW|207000|20160629|1300|
C|005186|2016|50002642280004|001|4300005386|00090|CMF0005|1|EA|20700|KRW|20700|20160629|1300|
C|005186|2016|50002642280005|001|4300005387|00090|CMF0005|8|EA|20700|KRW|165600|20160629|1300|
C|005186|2016|50002642280006|001|4300005388|00140|CMF0005|2|EA|20700|KRW|41400|20160629|1300|
C|005186|2016|50002642280007|001|4300005390|00070|CMF0005|5|EA|20700|KRW|103500|20160629|1300|
C|005186|2016|50002642280008|001|4300005391|00060|CMF0005|2|EA|20700|KRW|41400|20160629|1300|
C|005186|2016|50002642280009|001|4300005396|00150|CMF0005|10|EA|20700|KRW|207000|20160629|1300|
C|005186|2016|50002642290001|001|4300005384|00050|CMF0005|3|EA|20700|KRW|62100|20160629|1300|
C|005186|2016|50002642290002|001|4300005392|00060|CMF0005|3|EA|20700|KRW|62100|20160629|1300|
C|005186|2016|50002642400001|001|4300005362|00010|UEBC0441|5|EA|29560|KRW|147800|20160629|1300|
C|005186|2016|50002642400002|001|4300005371|00010|CMA0001|80|EA|240|KRW|19200|20160629|1300|
C|005186|2016|50002642400003|001|4300005371|00020|CMA0007|110|EA|270|KRW|29700|20160629|1300|
C|005186|2016|50002642400004|001|4300005371|00030|CMA0008|30|EA|690|KRW|20700|20160629|1300|
C|005186|2016|50002642400005|001|4300005371|00040|CMB0001|80|EA|655|KRW|52400|20160629|1300|
C|005186|2016|50002642400006|001|4300005376|00060|UGAC0077|2|EA|36610|KRW|0|20160629|1300|
C|005186|2016|50002642400007|001|4300005378|00020|CMA0001|200|EA|240|KRW|48000|20160629|1300|
C|005186|2016|50002642400008|001|4300005378|00030|CMA0007|600|EA|270|KRW|162000|20160629|1300|
C|005186|2016|50002642400009|001|4300005378|00040|CMA0017|30|EA|780|KRW|23400|20160629|1300|
C|005186|2016|50002642400010|001|4300005378|00050|CMB0010|200|EA|1100|KRW|220000|20160629|1300|
C|005186|2016|50002642400011|001|4300005378|00060|CMB0001|300|EA|655|KRW|196500|20160629|1300|
C|005186|2016|50002642400012|001|4300005378|00080|CMZ0032|40|EA|1970|KRW|78800|20160629|1300|
C|005186|2016|50002642400013|001|4300005378|00090|CMZ0006|5|EA|1155|KRW|5775|20160629|1300|
C|005186|2016|50002642400014|001|4300005378|00100|CMH0007|4|EA|11700|KRW|46800|20160629|1300|
C|005186|2016|50002642400015|001|4300005378|00110|CMZ0006|3|EA|1155|KRW|3465|20160629|1300|
C|005186|2016|50002642400016|001|4300005378|00120|CMZ0004|3|EA|380|KRW|1140|20160629|1300|
C|005186|2016|50002642400017|001|4300005380|00010|CMA0001|30|EA|240|KRW|7200|20160629|1300|
C|005186|2016|50002642400018|001|4300005380|00020|CMA0007|60|EA|270|KRW|16200|20160629|1300|
C|005186|2016|50002642400019|001|4300005380|00030|CMB0010|50|EA|1100|KRW|55000|20160629|1300|
C|005186|2016|50002642400020|001|4300005380|00040|CMZ0014|1|EA|23300|KRW|23300|20160629|1300|
C|005186|2016|50002642400021|001|4300005382|00010|CMA0001|70|EA|240|KRW|16800|20160629|1300|
C|005186|2016|50002642400022|001|4300005382|00020|CMA0007|180|EA|270|KRW|48600|20160629|1300|
C|005186|2016|50002642400023|001|4300005382|00030|CMH0007|1|EA|11700|KRW|11700|20160629|1300|
C|005186|2016|50002642400024|001|4300005382|00040|CMB0001|15|EA|655|KRW|9825|20160629|1300|
C|005186|2016|50002642400025|001|4300005382|00050|CMB0010|60|EA|1100|KRW|66000|20160629|1300|
C|005186|2016|50002642400026|001|4300005382|00060|CMC0003|10|EA|340|KRW|3400|20160629|1300|
C|005186|2016|50002642400027|001|4300005382|00080|CMZ0032|2|EA|1970|KRW|3940|20160629|1300|
C|005186|2016|50002642400028|001|4300005384|00010|CMA0001|100|EA|240|KRW|24000|20160629|1300|
C|005186|2016|50002642400029|001|4300005384|00020|CMA0007|40|EA|270|KRW|10800|20160629|1300|
C|005186|2016|50002642400030|001|4300005384|00030|CMA0008|40|EA|690|KRW|27600|20160629|1300|
C|005186|2016|50002642400031|001|4300005384|00040|CME0010|40|EA|285|KRW|11400|20160629|1300|
C|005186|2016|50002642400032|001|4300005384|00060|CME0001|10|EA|4910|KRW|49100|20160629|1300|
C|005186|2016|50002642400033|001|4300005384|00070|CMF0001|4|EA|1680|KRW|6720|20160629|1300|
C|005186|2016|50002642400034|001|4300005384|00080|CMF0023|3|EA|1260|KRW|3780|20160629|1300|
C|005186|2016|50002642400035|001|4300005392|00010|CMA0001|540|EA|240|KRW|129600|20160629|1300|
C|005186|2016|50002642400036|001|4300005392|00020|CMA0007|50|EA|270|KRW|13500|20160629|1300|
C|005186|2016|50002642400037|001|4300005392|00030|CMA0017|10|EA|780|KRW|7800|20160629|1300|
C|005186|2016|50002642400038|001|4300005392|00040|CME0010|100|EA|285|KRW|28500|20160629|1300|
C|005186|2016|50002642400039|001|4300005392|00050|CME0013|2|EA|20300|KRW|40600|20160629|1300|
C|005186|2016|50002642400040|001|4300005392|00070|CMH0007|1|EA|11700|KRW|11700|20160629|1300|
C|005186|2016|50002642400041|001|4300005393|00010|CMB0010|600|EA|1100|KRW|660000|20160629|1300|
C|005186|2016|50002642400042|001|4300005393|00020|CMB0003|40|EA|2420|KRW|96800|20160629|1300|
C|005186|2016|50002642400043|001|4300005393|00030|CMH0007|2|EA|11700|KRW|23400|20160629|1300|
C|005186|2016|50002642400044|001|4300005393|00040|CMA0001|200|EA|240|KRW|48000|20160629|1300|
C|005186|2016|50002642400045|001|4300005393|00050|CMA0007|500|EA|270|KRW|135000|20160629|1300|
C|005186|2016|50002642400046|001|4300005394|00010|CMA0001|100|EA|240|KRW|24000|20160629|1300|
C|005186|2016|50002642400047|001|4300005394|00020|CMA0007|200|EA|270|KRW|54000|20160629|1300|
C|005186|2016|50002642400048|001|4300005395|00020|CMA0007|60|EA|270|KRW|16200|20160629|1300|
C|005186|2016|50002642400049|001|4300005395|00030|CMB0001|40|EA|655|KRW|26200|20160629|1300|
C|005186|2016|50002642400050|001|4300005395|00040|CME0010|20|EA|285|KRW|5700|20160629|1300|
C|005186|2016|50002642400051|001|4300005395|00050|CMF0007|5|EA|1780|KRW|8900|20160629|1300|
C|005186|2016|50002642400052|001|4300005395|00060|CMF0008|5|EA|1785|KRW|8925|20160629|1300|
C|005186|2016|50002642400053|001|4300005395|00070|CMZ0032|3|EA|1970|KRW|5910|20160629|1300|
