C|005186|2016|50002346530001|001|4300004629|00020|UDDC0047|5|EA|69510|KRW|347550|20160315|1300|
C|005186|2016|50002346530002|001|4300004631|00060|UDCC0039|10|EA|112700|KRW|1127000|20160315|1300|
C|005186|2016|50002346540001|001|4300004684|00010|UHFC0435|20|EA|4028|KRW|80560|20160315|1300|
C|005186|2016|50002346540002|001|4300004684|00040|UCKC0013|1|EA|418000|KRW|418000|20160315|1300|
C|005186|2016|50002346550001|001|4300004638|00240|UCEC0012|5|EA|50400|KRW|252000|20160315|1300|
C|005186|2016|50002346550002|001|4300004666|00020|UCIC0048|1|EA|526400|KRW|526400|20160315|1300|
C|005186|2016|50002346560001|001|4300004576|00020|UCKC0118|5|EA|106000|KRW|530000|20160315|1300|
C|005186|2016|50002346560002|001|4300004578|00070|UHTC0779|2|EA|84800|KRW|169600|20160315|1300|
C|005186|2016|50002346560003|001|4300004580|00030|UCKC0086|2|EA|305200|KRW|610400|20160315|1300|
C|005186|2016|50002346570001|001|4300004637|00110|UEAC0187|2|EA|371000|KRW|742000|20160315|1300|
