C|005186|2013|50000307660001|001|4300000579|00010|CMA0001|200|EA|240|KRW|48000|20130930|1300|
C|005186|2013|50000307660002|001|4300000579|00020|CMA0007|400|EA|270|KRW|108000|20130930|1300|
C|005186|2013|50000307660003|001|4300000579|00030|CMA0017|30|EA|780|KRW|23400|20130930|1300|
C|005186|2013|50000307660004|001|4300000579|00040|CMB0001|200|EA|655|KRW|131000|20130930|1300|
C|005186|2013|50000307660005|001|4300000579|00050|CMA0003|10|EA|950|KRW|9500|20130930|1300|
C|005186|2013|50000307660006|001|4300000579|00080|CMZ0032|30|EA|1970|KRW|59100|20130930|1300|
C|005186|2013|50000307660007|001|4300000579|00090|CMZ0006|3|EA|1155|KRW|3465|20130930|1300|
C|005186|2013|50000307660008|001|4300000579|00100|CMF0001|3|EA|1680|KRW|5040|20130930|1300|
C|005186|2013|50000307660009|001|4300000579|00110|CMH0007|4|EA|11700|KRW|46800|20130930|1300|
C|005186|2013|50000307660010|001|4300000579|00120|CMZ0006|3|EA|1155|KRW|3465|20130930|1300|
C|005186|2013|50000307660011|001|4300000579|00130|CMF0002|2|EA|1100|KRW|2200|20130930|1300|
C|005186|2013|50000307660012|001|4300000579|00140|CMZ0004|3|EA|380|KRW|1140|20130930|1300|
