C|005186|2015|50001550910001|001|4300002715|00080|UGBC1197|10|EA|27300|KRW|273000|20150529|1300|
C|005186|2015|50001550910002|001|4300002716|00030|UGBC0184|1|EA|189000|KRW|189000|20150529|1300|
C|005186|2015|50001550910003|001|4300002719|00030|UGBC0297|1|EA|1260000|KRW|1260000|20150529|1300|
C|005186|2015|50001550910004|001|4300002732|00010|UBCC0014|1|EA|409500|KRW|409500|20150529|1300|
C|005186|2015|50001550910005|001|4300002732|00020|UGAC0103|1|EA|635000|KRW|635000|20150529|1300|
C|005186|2015|50001550910006|001|4300002735|00120|UGBC0243|30|EA|3050|KRW|91500|20150529|1300|
C|005186|2015|50001550910007|001|4300002735|00130|UGBC0244|30|EA|3780|KRW|113400|20150529|1300|
C|005186|2015|50001550910008|001|4300002736|00010|UGBC0237|20|EA|13860|KRW|277200|20150529|1300|
C|005186|2015|50001550910009|001|4300002736|00020|UGBC0254|30|EA|5040|KRW|151200|20150529|1300|
C|005186|2015|50001550910010|001|4300002736|00030|UGBC0231|50|EA|830|KRW|41500|20150529|1300|
C|005186|2015|50001550910011|001|4300002736|00040|UGBC0233|30|EA|1370|KRW|41100|20150529|1300|
C|005186|2015|50001550910012|001|4300002736|00050|UGBC0574|10|EA|5250|KRW|52500|20150529|1300|
C|005186|2015|50001550910013|001|4300002736|00060|UGBC0597|30|EA|1260|KRW|37800|20150529|1300|
C|005186|2015|50001550910014|001|4300002736|00070|UGBC0599|30|EA|2310|KRW|69300|20150529|1300|
C|005186|2015|50001550910015|001|4300002736|00080|UGBC0602|30|EA|3680|KRW|110400|20150529|1300|
C|005186|2015|50001550910016|001|4300002736|00090|UGBC0606|10|EA|6090|KRW|60900|20150529|1300|
C|005186|2015|50001550910017|001|4300002736|00160|UDAC0310|16|EA|2060|KRW|32960|20150529|1300|
C|005186|2015|50001550910018|001|4300002736|00170|UDAC0311|6|EA|2690|KRW|16140|20150529|1300|
C|005186|2015|50001550910019|001|4300002736|00180|UDAC0312|26|EA|3100|KRW|80600|20150529|1300|
C|005186|2015|50001550910020|001|4300002736|00190|UDAC0313|6|EA|3580|KRW|21480|20150529|1300|
C|005186|2015|50001550910021|001|4300002736|00200|UDAC0314|6|EA|4220|KRW|25320|20150529|1300|
C|005186|2015|50001550910022|001|4300002736|00210|UDAC0315|6|EA|5480|KRW|32880|20150529|1300|
C|005186|2015|50001550910023|001|4300002736|00220|UDAC0316|6|EA|7380|KRW|44280|20150529|1300|
C|005186|2015|50001550910024|001|4300002737|00010|UDAC0317|2|EA|8530|KRW|17060|20150529|1300|
C|005186|2015|50001550910025|001|4300002737|00020|UCEC0041|30|EA|4740|KRW|142200|20150529|1300|
C|005186|2015|50001550910026|001|4300002737|00030|UDAC0319|5|EA|14000|KRW|70000|20150529|1300|
C|005186|2015|50001550910027|001|4300002737|00040|UGBC1446|10|EA|2110|KRW|21100|20150529|1300|
C|005186|2015|50001550910028|001|4300002737|00060|UCIC0188|1|EA|635000|KRW|635000|20150529|1300|
C|005186|2015|50001550920001|001|4300002726|00020|UDEC0055|2|EA|325500|KRW|651000|20150529|1300|
C|005186|2015|50001550920002|001|4300002726|00040|UKBC0010|2|EA|91480|KRW|182960|20150529|1300|
C|005186|2015|50001550920003|001|4300002726|00050|UDAC0269|50|EA|16110|KRW|805500|20150529|1300|
C|005186|2015|50001550920004|001|4300002727|00010|UKBC0014|1|EA|52500|KRW|52500|20150529|1300|
C|005186|2015|50001550930001|001|4300002732|00030|UAHC0017|1|EA|332630|KRW|332630|20150529|1300|
C|005186|2015|50001550930002|001|4300002734|00030|UICC0056|10|EA|14300|KRW|143000|20150529|1300|
C|005186|2015|50001550930003|001|4300002735|00010|UAEC0019|2|EA|158550|KRW|317100|20150529|1300|
C|005186|2015|50001550930004|001|4300002735|00110|UAGC0064|1|EA|112630|KRW|112630|20150529|1300|
C|005186|2015|50001550930005|001|4300002736|00150|UAHC0056|4|EA|16590|KRW|66360|20150529|1300|
C|005186|2015|50001550940001|001|4300002719|00050|UGCC0609|4|EA|11340|KRW|45360|20150529|1300|
C|005186|2015|50001550940002|001|4300002735|00060|UGCC0194|2|EA|131250|KRW|262500|20150529|1300|
C|005186|2015|50001550950001|001|4300002730|00010|KE180203|20|EA|13650|KRW|273000|20150529|1300|
C|005186|2015|50001550950002|001|4300002730|00020|KE190003|10|EA|29300|KRW|293000|20150529|1300|
C|005186|2015|50001550950003|001|4300002730|00030|KE200113|4|EA|130000|KRW|520000|20150529|1300|
C|005186|2015|50001550950004|001|4300002730|00040|KE230003|170|EA|1870|KRW|317900|20150529|1300|
C|005186|2015|50001550950005|001|4300002730|00050|KE231001|23|EA|16150|KRW|371450|20150529|1300|
C|005186|2015|50001550950006|001|4300002730|00060|KE231100|30|EA|530|KRW|15900|20150529|1300|
C|005186|2015|50001550950007|001|4300002730|00070|KE231406|13|EA|7140|KRW|92820|20150529|1300|
C|005186|2015|50001550950008|001|4300002730|00080|KE270300|120|EA|470|KRW|56400|20150529|1300|
C|005186|2015|50001550950009|001|4300002730|00090|KE270302|6|EA|6900|KRW|41400|20150529|1300|
