C|005186|2015|50001625660001|001|4300002874|00110|UJAC01445|1|EA|17430|KRW|17430|20150626|1300|
C|005186|2015|50001625660002|001|4300002936|00080|UAEC0343|2|EA|9070|KRW|18140|20150626|1300|
C|005186|2015|50001625660003|001|4300002936|00090|UAEC0287|2|EA|11130|KRW|22260|20150626|1300|
C|005186|2015|50001625660004|001|4300002936|00100|UADC0153|4|EA|118650|KRW|474600|20150626|1300|
C|005186|2015|50001625660005|001|4300002937|00060|UAGC0323|10|EA|14180|KRW|141800|20150626|1300|
C|005186|2015|50001625660006|001|4300002937|00070|UKEC0091|20|EA|1270|KRW|25400|20150626|1300|
C|005186|2015|50001625660007|001|4300002937|00080|UAAC0001|20|EA|1890|KRW|37800|20150626|1300|
C|005186|2015|50001625660008|001|4300002938|00020|UZZC0106|1|EA|23150|KRW|23150|20150626|1300|
C|005186|2015|50001625660009|001|4300002938|00030|UAKC0026|5|EA|7580|KRW|37900|20150626|1300|
C|005186|2015|50001625660010|001|4300002952|00010|UAGC0471|23|EA|68250|KRW|1569750|20150626|1300|
C|005186|2015|50001625660011|001|4300002952|00020|UGCC0953|2|EA|205800|KRW|411600|20150626|1300|
C|005186|2015|50001625660012|001|4300002953|00030|UAKC0031|2|EA|62475|KRW|124950|20150626|1300|
C|005186|2015|50001625660013|001|4300002953|00040|UAEC0424|2|EA|6174|KRW|12348|20150626|1300|
C|005186|2015|50001625660014|001|4300002953|00050|UAEC0425|3|EA|6468|KRW|19404|20150626|1300|
C|005186|2015|50001625660015|001|4300002953|00080|UADC0134|1|EA|5560|KRW|5560|20150626|1300|
C|005186|2015|50001625660016|001|4300002954|00050|UADC0129|1|EA|13850|KRW|13850|20150626|1300|
C|005186|2015|50001625670001|001|4300002869|00100|UAGC0476|3|EA|15519|KRW|46557|20150626|1300|
C|005186|2015|50001625670002|001|4300002869|00110|UAGC0477|3|EA|25200|KRW|75600|20150626|1300|
C|005186|2015|50001625670003|001|4300002915|00050|UHHC0203|50|EA|28000|KRW|1400000|20150626|1300|
C|005186|2015|50001625670004|001|4300002920|00020|UGCC0012|2|EA|880000|KRW|1760000|20150626|1300|
C|005186|2015|50001625670005|001|4300002921|00260|UHGC0024|5|EA|76100|KRW|380500|20150626|1300|
C|005186|2015|50001625670006|001|4300002921|00270|UHHC0136|2|EA|96600|KRW|193200|20150626|1300|
C|005186|2015|50001625670007|001|4300002923|00110|UHGC0188|5|EA|34650|KRW|173250|20150626|1300|
C|005186|2015|50001625670008|001|4300002923|00120|UHFC0079|10|EA|10542|KRW|105420|20150626|1300|
C|005186|2015|50001625670009|001|4300002923|00130|UHFC0075|10|EA|13630|KRW|136300|20150626|1300|
C|005186|2015|50001625670010|001|4300002925|00100|UHDC0106|30|EA|1260|KRW|37800|20150626|1300|
C|005186|2015|50001625670011|001|4300002925|00110|UHDC0154|40|EA|1890|KRW|75600|20150626|1300|
C|005186|2015|50001625670012|001|4300002936|00060|UBCC0054|10|EA|61000|KRW|610000|20150626|1300|
C|005186|2015|50001625670013|001|4300002936|00110|UJBC0004|20|EA|4337|KRW|86740|20150626|1300|
C|005186|2015|50001625670014|001|4300002936|00120|UKGC0006|30|EA|1370|KRW|41100|20150626|1300|
C|005186|2015|50001625670015|001|4300002937|00010|UKBC0010|3|EA|91480|KRW|274440|20150626|1300|
C|005186|2015|50001625670016|001|4300002937|00040|UKBC0010|1|EA|91480|KRW|91480|20150626|1300|
C|005186|2015|50001625670017|001|4300002937|00050|UDBC0646|500|EA|47|KRW|23500|20150626|1300|
C|005186|2015|50001625670018|001|4300002938|00010|UDFC0015|10|EA|178080|KRW|1780800|20150626|1300|
C|005186|2015|50001625670019|001|4300002953|00010|UGBC1441|20|EA|1770|KRW|35400|20150626|1300|
C|005186|2015|50001625670020|001|4300002954|00040|UGBC1442|20|EA|3170|KRW|63400|20150626|1300|
C|005186|2015|50001625680001|001|4300002936|00010|UEBC0118|10|EA|2060|KRW|20600|20150626|1300|
C|005186|2015|50001625680002|001|4300002936|00020|UEBC0122|10|EA|3390|KRW|33900|20150626|1300|
C|005186|2015|50001625680003|001|4300002936|00030|UEBC0123|15|EA|4410|KRW|66150|20150626|1300|
C|005186|2015|50001625680004|001|4300002936|00040|UEBC0127|5|EA|9400|KRW|47000|20150626|1300|
C|005186|2015|50001625680005|001|4300002936|00050|UEBC0418|10|EA|20290|KRW|202900|20150626|1300|
C|005186|2015|50001625680006|001|4300002953|00060|UEBC0105|10|EA|2820|KRW|28200|20150626|1300|
C|005186|2015|50001625680007|001|4300002954|00010|UEBC1218|20|EA|1720|KRW|34400|20150626|1300|
C|005186|2015|50001625680008|001|4300002954|00020|UEBC1220|8|EA|6570|KRW|52560|20150626|1300|
C|005186|2015|50001625680009|001|4300002954|00070|UEBC1161|4|EA|290000|KRW|1160000|20150626|1300|
