C|005186|2013|50000487020001|001|4300000961|00030|UDAC0067|1|EA|17300|KRW|17300|20131230|1300|
C|005186|2013|50000487020002|001|4300000961|00040|UEBC0913|2|EA|77630|KRW|155260|20131230|1300|
C|005186|2013|50000487020003|001|4300000961|00080|UDBC0052|100|EA|879|KRW|87900|20131230|1300|
C|005186|2013|50000487020004|001|4300000961|00090|UEBC0956|2|EA|65520|KRW|131040|20131230|1300|
C|005186|2013|50000487020005|001|4300000961|00100|UEBC1076|10|EA|13000|KRW|130000|20131230|1300|
C|005186|2013|50000487020006|001|4300000961|00110|UEBC0286|5|EA|39900|KRW|199500|20131230|1300|
C|005186|2013|50000487020007|001|4300000961|00120|UEBC0163|5|EA|20530|KRW|102650|20131230|1300|
C|005186|2013|50000487020008|001|4300000961|00150|UDBC0692|5|EA|720|KRW|3600|20131230|1300|
C|005186|2013|50000487030001|001|4300000961|00050|UEBC0738|1|EA|35490|KRW|35490|20131230|1300|
C|005186|2013|50000487040001|001|4300000963|00120|UJAC0036|100|EA|14700|KRW|1470000|20131230|1300|
C|005186|2013|50000487040002|001|4300000963|00150|UEBC0777|30|EA|510|KRW|15300|20131230|1300|
C|005186|2013|50000487050001|001|4300000959|00030|UGBC0828|5|EA|70350|KRW|351750|20131230|1300|
C|005186|2013|50000487050002|001|4300000959|00040|UGBC0156|5|EA|21000|KRW|105000|20131230|1300|
C|005186|2013|50000487050003|001|4300000959|00050|UGBC0827|5|EA|57750|KRW|288750|20131230|1300|
C|005186|2013|50000487050004|001|4300000959|00060|UGBC0202|5|EA|32860|KRW|164300|20131230|1300|
C|005186|2013|50000487050005|001|4300000959|00070|UGBC1203|5|EA|33600|KRW|168000|20131230|1300|
C|005186|2013|50000487050006|001|4300000959|00080|UGBC0208|10|EA|4410|KRW|44100|20131230|1300|
C|005186|2013|50000487050007|001|4300000959|00090|UGBC0127|10|EA|1010|KRW|10100|20131230|1300|
C|005186|2013|50000487050008|001|4300000959|00100|UGBC0600|20|EA|420|KRW|8400|20131230|1300|
C|005186|2013|50000487050009|001|4300000959|00110|UGBC0160|30|EA|320|KRW|9600|20131230|1300|
C|005186|2013|50000487060001|001|4300000959|00140|UEBC0743|1|EA|441000|KRW|441000|20131230|1300|
C|005186|2013|50000487060002|001|4300000959|00150|UEBC0201|5|EA|4820|KRW|24100|20131230|1300|
C|005186|2013|50000487060003|001|4300000959|00180|UEBC0647|5|EA|45680|KRW|228400|20131230|1300|
C|005186|2013|50000487070001|001|4300000960|00010|UDBC0682|5|EA|990|KRW|4950|20131230|1300|
C|005186|2013|50000487070002|001|4300000960|00020|UDBC0683|5|EA|1470|KRW|7350|20131230|1300|
C|005186|2013|50000487070003|001|4300000960|00030|UDBC0685|5|EA|1960|KRW|9800|20131230|1300|
C|005186|2013|50000487070004|001|4300000960|00040|UDBC0687|5|EA|3480|KRW|17400|20131230|1300|
C|005186|2013|50000487070005|001|4300000960|00060|UCKC0072|5|EA|176400|KRW|882000|20131230|1300|
C|005186|2013|50000487070006|001|4300000960|00070|UEBC1076|4|EA|13000|KRW|52000|20131230|1300|
C|005186|2013|50000487070007|001|4300000960|00100|UGBC1310|50|EA|900|KRW|45000|20131230|1300|
C|005186|2013|50000487070008|001|4300000960|00110|UGBC1309|50|EA|1470|KRW|73500|20131230|1300|
C|005186|2013|50000487070009|001|4300000960|00120|UDBC0847|1|EA|347200|KRW|347200|20131230|1300|
C|005186|2013|50000487070010|001|4300000960|00130|UDBC0846|1|EA|249300|KRW|249300|20131230|1300|
C|005186|2013|50000487070011|001|4300000960|00140|UDBC0438|10|EA|230|KRW|2300|20131230|1300|
C|005186|2013|50000487070012|001|4300000960|00150|UEBC0984|12|EA|7200|KRW|86400|20131230|1300|
C|005186|2013|50000487080001|001|4300000974|00040|UEBC1079|5|EA|28700|KRW|143500|20131230|1300|
C|005186|2013|50000487080002|001|4300000974|00050|UEBC0600|1|EA|237300|KRW|237300|20131230|1300|
C|005186|2013|50000487080003|001|4300000974|00060|UEBC1126|6|EA|13800|KRW|82800|20131230|1300|
C|005186|2013|50000487080004|001|4300000974|00070|UDAC0053|5|EA|196350|KRW|981750|20131230|1300|
C|005186|2013|50000487080005|001|4300000974|00080|UDAC0052|5|EA|215250|KRW|1076250|20131230|1300|
C|005186|2013|50000487080006|001|4300000974|00090|UDAC0050|5|EA|114030|KRW|570150|20131230|1300|
C|005186|2013|50000487080007|001|4300000974|00100|UDAC0264|5|EA|50500|KRW|252500|20131230|1300|
C|005186|2013|50000487080008|001|4300000974|00110|UEBC0791|20|EA|1350|KRW|27000|20131230|1300|
C|005186|2013|50000487080009|001|4300000974|00120|UEBC0792|10|EA|2600|KRW|26000|20131230|1300|
C|005186|2013|50000487080010|001|4300000974|00140|UEBC0363|10|EA|7670|KRW|76700|20131230|1300|
C|005186|2013|50000487080011|001|4300000974|00150|UEBC0368|10|EA|2050|KRW|20500|20131230|1300|
C|005186|2013|50000487090001|001|4300000975|00010|UDBC0506|50|EA|103|KRW|5150|20131230|1300|
C|005186|2013|50000487090002|001|4300000975|00020|UDBC0509|50|EA|126|KRW|6300|20131230|1300|
C|005186|2013|50000487090003|001|4300000975|00030|UDDC0176|5|EA|56010|KRW|280050|20131230|1300|
C|005186|2013|50000487090004|001|4300000975|00060|UEBC0030|4|EA|12130|KRW|48520|20131230|1300|
C|005186|2013|50000487090005|001|4300000975|00070|UEBC0041|2|EA|24700|KRW|49400|20131230|1300|
C|005186|2013|50000487090006|001|4300000975|00090|UEBC0045|2|EA|48500|KRW|97000|20131230|1300|
C|005186|2013|50000487090007|001|4300000975|00100|UEBC0774|50|EA|515|KRW|25750|20131230|1300|
C|005186|2013|50000487090008|001|4300000975|00110|UEBC1131|9|EA|33000|KRW|297000|20131230|1300|
C|005186|2013|50000487090009|001|4300000975|00130|UEBC0043|2|EA|112460|KRW|224920|20131230|1300|
C|005186|2013|50000487090010|001|4300000975|00140|UEBC0167|5|EA|12150|KRW|60750|20131230|1300|
C|005186|2013|50000487090011|001|4300000975|00150|UIDC0039|2|EA|48300|KRW|96600|20131230|1300|
C|005186|2013|50000487090012|001|4300000975|00160|UKBC0006|2|EA|69830|KRW|139660|20131230|1300|
C|005186|2013|50000487200001|001|4300000960|00090|UDDC0102|1|EA|94500|KRW|94500|20131230|1300|
