C|005186|2019|50004830090001|001|4300012841|00100|UDDC0119|10|EA|17640|KRW|17640|20190327|1300|
C|005186|2019|50004830090002|001|4300012999|00080|UDDC0121|10|EA|26670|KRW|26670|20190327|1300|
C|005186|2019|50004830090003|001|4300013158|00020|UEBC1577|2|EA|546000|KRW|1092000|20190327|1300|
C|005186|2019|50004830090004|001|4300013164|00010|UEBC1518|2|EA|675000|KRW|1350000|20190327|1300|
C|005186|2019|50004830090005|001|4300013165|00010|UEBC1392|50|EA|132500|KRW|1325000|20190327|1300|
C|005186|2019|50004830100001|001|4300012991|00210|UGBC0742|10|EA|8700|KRW|8700|20190327|1300|
C|005186|2019|50004830100002|001|4300012991|00220|UGBC0748|30|EA|4520|KRW|13560|20190327|1300|
C|005186|2019|50004830100003|001|4300012991|00230|UGBC0749|30|EA|5200|KRW|15600|20190327|1300|
C|005186|2019|50004830110001|001|4300013078|00010|UGCC0196|5|EA|137000|KRW|685000|20190327|1300|
C|005186|2019|50004830110002|001|4300013080|00100|UGCC1087|10|EA|33900|KRW|339000|20190327|1300|
C|005186|2019|50004830110003|001|4300013082|00010|UGCC1496|2|EA|840000|KRW|1680000|20190327|1300|
C|005186|2019|50004830110004|001|4300013082|00020|UGCC1503|5|EA|8400|KRW|42000|20190327|1300|
C|005186|2019|50004830110005|001|4300013083|00020|UGCC1504|2|EA|189000|KRW|378000|20190327|1300|
C|005186|2019|50004830110006|001|4300013083|00030|UGCC1505|2|EA|168000|KRW|336000|20190327|1300|
C|005186|2019|50004830110007|001|4300013084|00010|UGCC1506|1|EA|1046000|KRW|1046000|20190327|1300|
C|005186|2019|50004830110008|001|4300013085|00010|UGCC1507|2|EA|856800|KRW|1713600|20190327|1300|
C|005186|2019|50004830110009|001|4300013086|00010|UGBC1744|5|EA|10500|KRW|52500|20190327|1300|
C|005186|2019|50004830110010|001|4300013088|00010|UGCC1513|2|EA|872000|KRW|1744000|20190327|1300|
C|005186|2019|50004830110011|001|4300013119|00010|UGCC1090|5|EA|71000|KRW|355000|20190327|1300|
C|005186|2019|50004830110012|001|4300013155|00040|UGCC1497|2|EA|45200|KRW|90400|20190327|1300|
C|005186|2019|50004830110013|001|4300013155|00090|UGCC1502|2|EA|336000|KRW|672000|20190327|1300|
C|005186|2019|50004830110014|001|4300013157|00010|UGCC1506|1|EA|1046000|KRW|1046000|20190327|1300|
C|005186|2019|50004830110015|001|4300013158|00010|UGCC1511|10|EA|26300|KRW|263000|20190327|1300|
C|005186|2019|50004830110016|001|4300013158|00040|UGCC1514|2|EA|57800|KRW|115600|20190327|1300|
C|005186|2019|50004830110017|001|4300013158|00050|UGCC1515|1|EA|42000|KRW|42000|20190327|1300|
C|005186|2019|50004830110018|001|4300013158|00060|UDAC0419|5|EA|15800|KRW|79000|20190327|1300|
C|005186|2019|50004830120001|001|4300013074|00040|UZZC0183|50|EA|765000|KRW|765000|20190327|1300|
C|005186|2019|50004830120002|001|4300013145|00020|UAEC0510|2|EA|32200|KRW|64400|20190327|1300|
C|005186|2019|50004830120003|001|4300013145|00030|UHFC0452|2|EA|84800|KRW|169600|20190327|1300|
C|005186|2019|50004830120004|001|4300013146|00020|UHTC0868|2|EA|84800|KRW|169600|20190327|1300|
C|005186|2019|50004830120005|001|4300013147|00010|UHEC0042|20|EA|530000|KRW|1060000|20190327|1300|
C|005186|2019|50004830120006|001|4300013160|00030|UGBC1745|10|EA|2250|KRW|4500|20190327|1300|
C|005186|2019|50004830120007|001|4300013160|00040|UGBC1746|10|EA|3000|KRW|6000|20190327|1300|
C|005186|2019|50004830120008|001|4300013163|00010|UDEC0020|1|EA|8190|KRW|8190|20190327|1300|
C|005186|2019|50004830120009|001|4300013171|00020|UDDC0282|1|EA|13860|KRW|13860|20190327|1300|
C|005186|2019|50004830120010|001|4300013171|00040|UDDC0392|1|EA|28670|KRW|28670|20190327|1300|
C|005186|2019|50004830120011|001|4300013174|00030|UDCC0027|1|EA|18780|KRW|18780|20190327|1300|
C|005186|2019|50004830120012|001|4300013175|00080|UIDC0101|3|EA|9860|KRW|29580|20190327|1300|
C|005186|2019|50004830130001|001|4300013144|00030|UHTC0866|2|EA|92950|KRW|185900|20190327|1300|
C|005186|2019|50004830130002|001|4300013149|00010|UFJC0032|3|EA|313500|KRW|940500|20190327|1300|
C|005186|2019|50004830130003|001|4300013172|00010|UHTC0835|3|EA|440000|KRW|1320000|20190327|1300|
C|005186|2019|50004830130004|001|4300013172|00020|UHGC0289|1|EA|645000|KRW|645000|20190327|1300|
C|005186|2019|50004830140001|001|4300013159|00010|UGBC0564|40|EA|12800|KRW|25600|20190327|1300|
C|005186|2019|50004830140002|001|4300013159|00020|UGBC0565|40|EA|8600|KRW|17200|20190327|1300|
C|005186|2019|50004830140003|001|4300013159|00030|UGBC1614|30|EA|11300|KRW|33900|20190327|1300|
C|005186|2019|50004830140004|001|4300013159|00040|UGBC1554|50|EA|9000|KRW|45000|20190327|1300|
C|005186|2019|50004830140005|001|4300013159|00050|UGBC1204|50|EA|10500|KRW|52500|20190327|1300|
C|005186|2019|50004830140006|001|4300013159|00060|UGBC0595|40|EA|25200|KRW|50400|20190327|1300|
C|005186|2019|50004830140007|001|4300013159|00070|UGBC0234|40|EA|44200|KRW|88400|20190327|1300|
C|005186|2019|50004830140008|001|4300013159|00080|UGBC0235|20|EA|59000|KRW|59000|20190327|1300|
C|005186|2019|50004830140009|001|4300013159|00090|UGBC1273|30|EA|20000|KRW|60000|20190327|1300|
C|005186|2019|50004830140010|001|4300013159|00100|UGBC0326|20|EA|25200|KRW|25200|20190327|1300|
C|005186|2019|50004830140011|001|4300013159|00110|UGBC0327|20|EA|42000|KRW|42000|20190327|1300|
C|005186|2019|50004830140012|001|4300013159|00120|UGBC0520|20|EA|126000|KRW|252000|20190327|1300|
C|005186|2019|50004830140013|001|4300013160|00060|UCIC0238|1|EA|598500|KRW|598500|20190327|1300|
C|005186|2019|50004830140014|001|4300013161|00010|UCIC0237|1|EA|1417500|KRW|1417500|20190327|1300|
C|005186|2019|50004830150001|001|4300013111|00010|UCKC0133|4|EA|1054000|KRW|1054000|20190327|1300|
C|005186|2019|50004830150002|001|4300013153|00020|UGBC1739|10|EA|26000|KRW|52000|20190327|1300|
C|005186|2019|50004830150003|001|4300013154|00010|UGBC1740|10|EA|27500|KRW|55000|20190327|1300|
C|005186|2019|50004830150004|001|4300013158|00100|UDDC3901|1|EA|56280|KRW|56280|20190327|1300|
C|005186|2019|50004830150005|001|4300013171|00010|UEBC0767|40|EA|21000|KRW|42000|20190327|1300|
C|005186|2019|50004830150006|001|4300013171|00030|UEBC1279|2|EA|146000|KRW|292000|20190327|1300|
C|005186|2019|50004830150007|001|4300013171|00050|UDFC0030|1|EA|75600|KRW|75600|20190327|1300|
C|005186|2019|50004830150008|001|4300013171|00060|UEBC1387|2|EA|292560|KRW|585120|20190327|1300|
C|005186|2019|50004830150009|001|4300013175|00010|UEBC1476|6|EA|76000|KRW|228000|20190327|1300|
C|005186|2019|50004830150010|001|4300013175|00020|UEBC1477|6|EA|35800|KRW|214800|20190327|1300|
C|005186|2019|50004830150011|001|4300013175|00040|UEAC0165|1|EA|76300|KRW|76300|20190327|1300|
C|005186|2019|50004830150012|001|4300013175|00050|UDCC0042|1|EA|493690|KRW|493690|20190327|1300|
C|005186|2019|50004830150013|001|4300013175|00060|UEBC0687|2|EA|128100|KRW|256200|20190327|1300|
C|005186|2019|50004830150014|001|4300013175|00070|UEBC0043|1|EA|112460|KRW|112460|20190327|1300|
C|005186|2019|50004830150015|001|4300013175|00090|UDBC1058|1|EA|133000|KRW|133000|20190327|1300|
