C|005186|2020|50006061160001|001|4300018743|00020|UGCC0007|10|EA|420|KRW|4200|20201208|1300|
C|005186|2020|50006061160002|001|4300018743|00030|UGCC0006|10|EA|420|KRW|4200|20201208|1300|
C|005186|2020|50006061160003|001|4300018743|00040|UDAC0120|3|EA|367500|KRW|1102500|20201208|1300|
C|005186|2020|50006061160004|001|4300018744|00020|UEBC1800|2|EA|787500|KRW|1575000|20201208|1300|
C|005186|2020|50006061160005|001|4300018745|00010|UDBC1147|100|EA|21900|KRW|43800|20201208|1300|
C|005186|2020|50006061160006|001|4300018745|00030|UDBC0656|100|EA|6000|KRW|6000|20201208|1300|
C|005186|2020|50006061160007|001|4300018746|00010|UEBC1451|3|EA|179000|KRW|537000|20201208|1300|
C|005186|2020|50006061160008|001|4300018746|00020|UDAC0052|5|EA|1076250|KRW|1076250|20201208|1300|
C|005186|2020|50006061160009|001|4300018746|00030|UDAC0264|5|EA|252500|KRW|252500|20201208|1300|
C|005186|2020|50006061160010|001|4300018747|00020|UDAC0008|50|EA|25400|KRW|127000|20201208|1300|
C|005186|2020|50006061160011|001|4300018747|00030|UDAC0448|50|EA|1920|KRW|96000|20201208|1300|
C|005186|2020|50006061160012|001|4300018747|00040|UEBC1634|2|EA|173700|KRW|347400|20201208|1300|
C|005186|2020|50006061160013|001|4300018748|00010|UEAC1165|2|EA|825300|KRW|1650600|20201208|1300|
C|005186|2020|50006061160014|001|4300018748|00020|UEBC0249|3|EA|25470|KRW|76410|20201208|1300|
C|005186|2020|50006061160015|001|4300018748|00030|UDAC0031|5|EA|24000|KRW|120000|20201208|1300|
C|005186|2020|50006061160016|001|4300018751|00010|UEAC0033|3|EA|588000|KRW|1764000|20201208|1300|
C|005186|2020|50006061160017|001|4300018752|00010|UEBC0826|10|EA|52960|KRW|529600|20201208|1300|
C|005186|2020|50006061160018|001|4300018752|00020|UJAC0079|2|EA|52500|KRW|52500|20201208|1300|
C|005186|2020|50006061160019|001|4300018752|00030|UJAC0080|2|EA|60900|KRW|60900|20201208|1300|
C|005186|2020|50006061160020|001|4300018752|00040|UEBC0560|3|EA|55970|KRW|167910|20201208|1300|
C|005186|2020|50006061160021|001|4300018752|00060|UEBC1253|2|EA|35200|KRW|70400|20201208|1300|
C|005186|2020|50006061160022|001|4300018752|00070|UEBC1785|2|EA|94860|KRW|189720|20201208|1300|
C|005186|2020|50006061160023|001|4300018752|00080|UEBC1164|4|EA|215000|KRW|860000|20201208|1300|
C|005186|2020|50006061160024|001|4300018753|00010|UEBC1779|1|EA|19260|KRW|19260|20201208|1300|
C|005186|2020|50006061160025|001|4300018753|00030|UDBC0805|1|EA|248000|KRW|248000|20201208|1300|
C|005186|2020|50006061160026|001|4300018753|00040|UDBC0804|2|EA|387200|KRW|774400|20201208|1300|
C|005186|2020|50006061170001|001|4300018735|00010|UADC0033|1|EA|344500|KRW|344500|20201208|1300|
C|005186|2020|50006061170002|001|4300018738|00040|UAGC0612|2|EA|31090|KRW|62180|20201208|1300|
C|005186|2020|50006061180001|001|4300018745|00040|UAGC0588|2|EA|318000|KRW|636000|20201208|1300|
