C|005186|2021|50006146200001|001|4300019226|00030|UEBC0473|10|EA|11510|KRW|115100|20210120|1300|
C|005186|2021|50006146200002|001|4300019226|00040|UDEC0069|1|EA|213680|KRW|213680|20210120|1300|
C|005186|2021|50006146200003|001|4300019228|00050|UEBC0448|8|EA|1610|KRW|12880|20210120|1300|
C|005186|2021|50006146200004|001|4300019238|00010|UCAC0306|50|EA|12100|KRW|0|20210120|1300|
C|005186|2021|50006146810001|001|4300019226|00010|UEBC1806|3|EA|354900|KRW|1064700|20210120|1300|
C|005186|2021|50006146810002|001|4300019226|00020|UEBC1146|10|EA|27200|KRW|272000|20210120|1300|
C|005186|2021|50006146810003|001|4300019227|00010|UEBC1690|5|EA|291900|KRW|1459500|20210120|1300|
C|005186|2021|50006146810004|001|4300019228|00010|UEBC1690|5|EA|291900|KRW|1459500|20210120|1300|
C|005186|2021|50006146810005|001|4300019228|00020|UEBC1263|1|EA|39220|KRW|39220|20210120|1300|
C|005186|2021|50006146810006|001|4300019228|00030|UEBC1280|3|EA|7050|KRW|21150|20210120|1300|
C|005186|2021|50006146810007|001|4300019228|00040|UEBC0125|1|EA|7310|KRW|7310|20210120|1300|
C|005186|2021|50006146810008|001|4300019229|00010|UEBC1758|1|EA|281410|KRW|281410|20210120|1300|
C|005186|2021|50006146810009|001|4300019229|00020|UEBC0658|4|EA|55660|KRW|222640|20210120|1300|
C|005186|2021|50006146810010|001|4300019229|00030|UEBC0780|20|EA|2090|KRW|41800|20210120|1300|
C|005186|2021|50006146810011|001|4300019229|00040|UEBC0337|10|EA|6050|KRW|60500|20210120|1300|
C|005186|2021|50006146810012|001|4300019230|00010|UEBC0943|9|EA|174310|KRW|1568790|20210120|1300|
C|005186|2021|50006146820001|001|4300019225|00010|UCKC0162|1|EA|1580000|KRW|1580000|20210120|1300|
C|005186|2021|50006146820002|001|4300019225|00020|UGCC1481|50|EA|210|KRW|10500|20210120|1300|
