C|005186|2015|50002059990001|001|4300003908|00010|UFGC0017|100|EA|3500|KRW|350000|20151130|1300|
C|005186|2015|50002059990002|001|4300003909|00010|KH990100|4|EA|27220|KRW|108880|20151130|1300|
C|005186|2015|50002059990003|001|4300003909|00020|KH990101|6|EA|7250|KRW|43500|20151130|1300|
C|005186|2015|50002059990004|001|4300003909|00030|KP150400|200|EA|170|KRW|34000|20151130|1300|
C|005186|2015|50002059990005|001|4300003909|00040|KS061502|14|EA|2970|KRW|41580|20151130|1300|
C|005186|2015|50002059990006|001|4300003909|00050|KS061503|30|EA|3150|KRW|94500|20151130|1300|
C|005186|2015|50002059990007|001|4300003909|00060|KS061504|4|EA|4050|KRW|16200|20151130|1300|
C|005186|2015|50002059990008|001|4300003909|00070|KS061505|2|EA|6230|KRW|12460|20151130|1300|
C|005186|2015|50002059990009|001|4300003909|00080|KS066902|10|EA|1540|KRW|15400|20151130|1300|
C|005186|2015|50002059990010|001|4300003909|00090|KS066904|2|EA|2000|KRW|4000|20151130|1300|
C|005186|2015|50002059990011|001|4300003909|00100|KS066905|10|EA|2260|KRW|22600|20151130|1300|
C|005186|2015|50002059990012|001|4300003909|00110|KS067001|4|EA|1400|KRW|5600|20151130|1300|
C|005186|2015|50002059990013|001|4300003909|00120|KS067002|10|EA|1460|KRW|14600|20151130|1300|
C|005186|2015|50002059990014|001|4300003909|00130|KS067003|5|EA|1550|KRW|7750|20151130|1300|
C|005186|2015|50002059990015|001|4300003909|00140|KS067004|4|EA|2000|KRW|8000|20151130|1300|
C|005186|2015|50002059990016|001|4300003909|00150|KS067006|4|EA|3120|KRW|12480|20151130|1300|
C|005186|2015|50002059990017|001|4300003909|00160|KS067206|2|EA|4480|KRW|8960|20151130|1300|
C|005186|2015|50002059990018|001|4300003909|00170|KS080711|4|EA|32300|KRW|129200|20151130|1300|
C|005186|2015|50002059990019|001|4300003909|00180|KS990007|10|EA|51450|KRW|514500|20151130|1300|
C|005186|2015|50002059990020|001|4300003909|00190|KS990008|2|EA|39900|KRW|79800|20151130|1300|
C|005186|2015|50002059990021|001|4300003909|00200|KS990009|2|EA|8820|KRW|17640|20151130|1300|
C|005186|2015|50002059990022|001|4300003909|00210|KT020005|4|EA|5640|KRW|22560|20151130|1300|
C|005186|2015|50002059990023|001|4300003909|00220|KT020006|3|EA|6250|KRW|18750|20151130|1300|
C|005186|2015|50002059990024|001|4300003909|00230|KT020008|3|EA|8030|KRW|24090|20151130|1300|
C|005186|2015|50002059990025|001|4300003909|00240|KT020016|1|EA|18620|KRW|18620|20151130|1300|
C|005186|2015|50002059990026|001|4300003909|00250|KT020017|1|EA|18730|KRW|18730|20151130|1300|
C|005186|2015|50002059990027|001|4300003909|00260|KT020019|1|EA|23570|KRW|23570|20151130|1300|
C|005186|2015|50002059990028|001|4300003909|00270|KT020610|1|EA|29150|KRW|29150|20151130|1300|
C|005186|2015|50002059990029|001|4300003909|00280|KT020700|10|EA|2680|KRW|26800|20151130|1300|
C|005186|2015|50002059990030|001|4300003909|00290|KT020702|32|EA|470|KRW|15040|20151130|1300|
C|005186|2015|50002059990031|001|4300003909|00300|KT020704|15|EA|610|KRW|9150|20151130|1300|
C|005186|2015|50002059990032|001|4300003909|00310|KT080110|3|EA|25440|KRW|76320|20151130|1300|
C|005186|2015|50002059990033|001|4300003909|00320|KT080111|1|EA|24360|KRW|24360|20151130|1300|
C|005186|2015|50002059990034|001|4300003909|00330|KT080300|20.000|KG|2770|KRW|55400|20151130|1300|
C|005186|2015|50002059990035|001|4300003909|00340|KT080311|2|EA|72980|KRW|145960|20151130|1300|
C|005186|2015|50002059990036|001|4300003909|00350|KT080500|1|EA|26500|KRW|26500|20151130|1300|
C|005186|2015|50002059990037|001|4300003909|00360|KT990001|200|EA|510|KRW|102000|20151130|1300|
C|005186|2015|50002059990038|001|4300003909|00370|KT990010|200|EA|370|KRW|74000|20151130|1300|
C|005186|2015|50002059990039|001|4300003910|00010|KE030200|10|EA|15230|KRW|152300|20151130|1300|
C|005186|2015|50002059990040|001|4300003910|00020|KS080721|6|EA|71710|KRW|430260|20151130|1300|
C|005186|2015|50002060100001|001|4300003886|00010|UGCC0476|2|EA|133250|KRW|266500|20151130|1300|
C|005186|2015|50002060100002|001|4300003891|00020|UICC0032|2|EA|10290|KRW|20580|20151130|1300|
C|005186|2015|50002060100003|001|4300003893|00260|UAEC0357|100|EA|5790|KRW|579000|20151130|1300|
C|005186|2015|50002060100004|001|4300003895|00100|UGCC0592|12|EA|29400|KRW|352800|20151130|1300|
C|005186|2015|50002060100005|001|4300003897|00020|UGCC0781|5|EA|49400|KRW|247000|20151130|1300|
C|005186|2015|50002060100006|001|4300003897|00030|UICC0035|20|EA|4940|KRW|98800|20151130|1300|
C|005186|2015|50002060100007|001|4300003898|00020|UGCC0929|1|EA|103500|KRW|103500|20151130|1300|
C|005186|2015|50002060100008|001|4300003900|00020|UGBC0096|10|EA|28350|KRW|283500|20151130|1300|
C|005186|2015|50002060100009|001|4300003900|00030|UGCC0471|1|EA|110250|KRW|110250|20151130|1300|
C|005186|2015|50002060110001|001|4300003893|00170|UGCC0607|10|EA|9870|KRW|98700|20151130|1300|
C|005186|2015|50002060120001|001|4300003886|00020|UCIC0138|50|EA|1370|KRW|68500|20151130|1300|
C|005186|2015|50002060120002|001|4300003886|00030|UGBC1347|50|EA|1160|KRW|58000|20151130|1300|
C|005186|2015|50002060120003|001|4300003886|00050|UGBC0557|5|EA|65100|KRW|325500|20151130|1300|
C|005186|2015|50002060120004|001|4300003897|00040|UCEC0012|5|EA|50400|KRW|252000|20151130|1300|
C|005186|2015|50002060130001|001|4300003887|00070|UALC0092|9|EA|20600|KRW|185400|20151130|1300|
C|005186|2015|50002060130002|001|4300003889|00010|UALC0094|24|EA|62800|KRW|1507200|20151130|1300|
C|005186|2015|50002060130003|001|4300003894|00010|UALC0110|2|EA|550400|KRW|1100800|20151130|1300|
C|005186|2015|50002060130004|001|4300003895|00010|UALC0093|5|EA|246700|KRW|1233500|20151130|1300|
C|005186|2015|50002060140001|001|4300003658|00040|UJCC0043|5000|EA|42|KRW|210000|20151130|1300|
C|005186|2015|50002060140002|001|4300003661|00190|UJCC0043|5000|EA|42|KRW|210000|20151130|1300|
