C|005186|2014|50000890550001|001|4300001567|00050|UGCC0733|2|EA|104700|KRW|209400|20140730|1300|
C|005186|2014|50000890550002|001|4300001570|00210|UGBC0691|1|EA|569100|KRW|569100|20140730|1300|
C|005186|2014|50000890550003|001|4300001570|00290|UGCC0351|5|EA|95550|KRW|477750|20140730|1300|
C|005186|2014|50000890550004|001|4300001589|00290|UGBC0866|2|EA|129150|KRW|258300|20140730|1300|
C|005186|2014|50000890550005|001|4300001589|00440|UGBC0886|5|EA|25830|KRW|129150|20140730|1300|
C|005186|2014|50000890560001|001|4300001567|00070|UHTC0246|20|EA|8470|KRW|169400|20140730|1300|
C|005186|2014|50000890560002|001|4300001570|00010|UHTC0244|20|EA|3500|KRW|70000|20140730|1300|
C|005186|2014|50000890560003|001|4300001589|00030|UHDC0198|80|EA|10500|KRW|840000|20140730|1300|
C|005186|2014|50000890560004|001|4300001589|00040|UHDC0199|80|EA|10500|KRW|840000|20140730|1300|
C|005186|2014|50000890560005|001|4300001589|00130|UCKC0037|80|EA|14050|KRW|1124000|20140730|1300|
C|005186|2014|50000890560006|001|4300001589|00140|UALC0075|3000|EA|45|KRW|135000|20140730|1300|
C|005186|2014|50000890560007|001|4300001589|00150|UALC0038|12|EA|82950|KRW|995400|20140730|1300|
C|005186|2014|50000890560008|001|4300001592|00080|UALC0037|9|EA|95550|KRW|859950|20140730|1300|
C|005186|2014|50000890560009|001|4300001592|00150|UHTC0246|20|EA|8470|KRW|169400|20140730|1300|
C|005186|2014|50000890560010|001|4300001592|00160|UHFC0264|20|EA|950|KRW|19000|20140730|1300|
C|005186|2014|50000890560011|001|4300001592|00170|UHDC0097|40|EA|13780|KRW|551200|20140730|1300|
C|005186|2014|50000890570001|001|4300001566|00260|KE030011|4|EA|8190|KRW|32760|20140730|1300|
C|005186|2014|50000890570002|001|4300001566|00270|KE030116|1|EA|157500|KRW|157500|20140730|1300|
C|005186|2014|50000890570003|001|4300001566|00280|KE030123|2|EA|31500|KRW|63000|20140730|1300|
C|005186|2014|50000890570004|001|4300001566|00290|KE030200|8|EA|15230|KRW|121840|20140730|1300|
C|005186|2014|50000890570005|001|4300001566|00300|KE030205|2|EA|31290|KRW|62580|20140730|1300|
C|005186|2014|50000890570006|001|4300001566|00310|KE030211|1|EA|145740|KRW|145740|20140730|1300|
C|005186|2014|50000890570007|001|4300001566|00320|KE050201|1|EA|8460|KRW|8460|20140730|1300|
C|005186|2014|50000890570008|001|4300001566|00330|KE050207|2|EA|6930|KRW|13860|20140730|1300|
C|005186|2014|50000890570009|001|4300001566|00340|KE050213|2|EA|8440|KRW|16880|20140730|1300|
C|005186|2014|50000890570010|001|4300001566|00350|KE050302|5|EA|1160|KRW|5800|20140730|1300|
C|005186|2014|50000890570011|001|4300001566|00360|KE050304|7|EA|2600|KRW|18200|20140730|1300|
C|005186|2014|50000890570012|001|4300001566|00370|KE050700|20|EA|2200|KRW|44000|20140730|1300|
C|005186|2014|50000890570013|001|4300001566|00380|KE050701|20|EA|2630|KRW|52600|20140730|1300|
C|005186|2014|50000890570014|001|4300001566|00390|KE090106|4|EA|15370|KRW|61480|20140730|1300|
C|005186|2014|50000890570015|001|4300001566|00400|KE090116|1|EA|28040|KRW|28040|20140730|1300|
C|005186|2014|50000890570016|001|4300001566|00410|KE090165|4|EA|165900|KRW|663600|20140730|1300|
C|005186|2014|50000890570017|001|4300001566|00420|KE110100|4|EA|124000|KRW|496000|20140730|1300|
C|005186|2014|50000890570018|001|4300001566|00430|KE180203|4|EA|13650|KRW|54600|20140730|1300|
C|005186|2014|50000890570019|001|4300001566|00440|KE190003|9|EA|29300|KRW|263700|20140730|1300|
C|005186|2014|50000890570020|001|4300001566|00450|KE210001|1|EA|53030|KRW|53030|20140730|1300|
C|005186|2014|50000890570021|001|4300001566|00460|KE230002|17|EA|950|KRW|16150|20140730|1300|
C|005186|2014|50000890570022|001|4300001566|00470|KE230003|242|EA|1870|KRW|452540|20140730|1300|
C|005186|2014|50000890570023|001|4300001566|00480|KE231001|30|EA|16150|KRW|484500|20140730|1300|
C|005186|2014|50000890570024|001|4300001566|00490|KE231406|10|EA|7140|KRW|71400|20140730|1300|
C|005186|2014|50000890570025|001|4300001566|00500|KE270300|80|EA|470|KRW|37600|20140730|1300|
C|005186|2014|50000890570026|001|4300001566|00510|KE280401|5|EA|20800|KRW|104000|20140730|1300|
C|005186|2014|50000890570027|001|4300001566|00520|KE281401|29|EA|840|KRW|24360|20140730|1300|
C|005186|2014|50000890580001|001|4300001552|00010|UHTC0050|1|EA|1990000|KRW|1990000|20140730|1300|
C|005186|2014|50000890580002|001|4300001567|00150|UHHC0060|1|EA|412650|KRW|412650|20140730|1300|
C|005186|2014|50000890580003|001|4300001592|00020|UHFC0336|2|EA|82950|KRW|165900|20140730|1300|
C|005186|2014|50000890580004|001|4300001592|00030|UHFC0337|1|EA|104210|KRW|104210|20140730|1300|
C|005186|2014|50000890580005|001|4300001592|00040|UHHC0071|1|EA|573300|KRW|573300|20140730|1300|
C|005186|2014|50000890580006|001|4300001592|00050|UHHC0131|1|EA|220500|KRW|220500|20140730|1300|
C|005186|2014|50000890580007|001|4300001592|00060|UGBC0559|50|EA|260|KRW|13000|20140730|1300|
C|005186|2014|50000890580008|001|4300001592|00070|UHHC0151|1|EA|44210|KRW|44210|20140730|1300|
C|005186|2014|50000890580009|001|4300001592|00290|UHHC0122|10|EA|14280|KRW|142800|20140730|1300|
C|005186|2014|50000890580010|001|4300001592|00300|UHHC0123|10|EA|19635|KRW|196350|20140730|1300|
C|005186|2014|50000890580011|001|4300001592|00310|UHFC0008|20|EA|3990|KRW|79800|20140730|1300|
C|005186|2014|50000890580012|001|4300001592|00320|UHFC0009|20|EA|4520|KRW|90400|20140730|1300|
C|005186|2014|50000890580013|001|4300001592|00330|UHTC0170|20|EA|2630|KRW|52600|20140730|1300|
C|005186|2014|50000890580014|001|4300001592|00340|UHHC0024|2|EA|93975|KRW|187950|20140730|1300|
C|005186|2014|50000890580015|001|4300001592|00350|UHHC0025|1|EA|93975|KRW|93975|20140730|1300|
C|005186|2014|50000890580016|001|4300001592|00360|UHHC0152|1|EA|44000|KRW|44000|20140730|1300|
C|005186|2014|50000890590001|001|4300001589|00050|UHTC0712|10|EA|38900|KRW|389000|20140730|1300|
C|005186|2014|50000890590002|001|4300001592|00120|UHTC0712|10|EA|38900|KRW|389000|20140730|1300|
C|005186|2014|50000890700001|001|4300001592|00010|UHTC0263|3|EA|317600|KRW|952800|20140730|1300|
C|005186|2014|50000890710001|001|4300001603|00020|UBBC0006|2|EA|103370|KRW|206740|20140730|1300|
C|005186|2014|50000890710002|001|4300001603|00090|UABC0045|6|EA|11040|KRW|66240|20140730|1300|
C|005186|2014|50000890730001|001|4300001589|00010|UGCC0501|1|EA|38000|KRW|38000|20140730|1300|
C|005186|2014|50000890730002|001|4300001589|00100|UAEC0285|2|EA|7400|KRW|14800|20140730|1300|
C|005186|2014|50000890730003|001|4300001592|00180|UAEC0285|3|EA|7400|KRW|22200|20140730|1300|
C|005186|2014|50000890730004|001|4300001592|00190|UAEC0285|2|EA|7400|KRW|14800|20140730|1300|
C|005186|2014|50000890730005|001|4300001592|00210|UGCC0817|20|EA|22838|KRW|456760|20140730|1300|
C|005186|2014|50000890730006|001|4300001592|00230|UAEC0150|1|EA|515800|KRW|515800|20140730|1300|
C|005186|2014|50000890730007|001|4300001592|00260|UGCC0612|10|EA|3680|KRW|36800|20140730|1300|
C|005186|2014|50000890730008|001|4300001592|00270|UAEC0338|2|EA|3423|KRW|6846|20140730|1300|
C|005186|2014|50000890730009|001|4300001592|00280|UDAC0266|100|EA|4840|KRW|484000|20140730|1300|
C|005186|2014|50000890740001|001|4300001570|00040|UGCC0115|1|EA|85580|KRW|85580|20140730|1300|
C|005186|2014|50000890740002|001|4300001570|00160|UAEC0314|2|EA|8030|KRW|16060|20140730|1300|
C|005186|2014|50000890740003|001|4300001570|00170|UAEC0254|2|EA|20160|KRW|40320|20140730|1300|
C|005186|2014|50000890740004|001|4300001570|00180|UDBC0051|10|EA|750|KRW|7500|20140730|1300|
C|005186|2014|50000890740005|001|4300001570|00330|UGBC0853|5|EA|18850|KRW|94250|20140730|1300|
C|005186|2014|50000890740006|001|4300001592|00100|UCAC0048|1|EA|20210|KRW|20210|20140730|1300|
C|005186|2014|50000890740007|001|4300001592|00110|UCKC0038|6|EA|600|KRW|3600|20140730|1300|
C|005186|2014|50000890740008|001|4300001602|00010|UALC0024|30|EA|26500|KRW|795000|20140730|1300|
C|005186|2014|50000890760001|001|4300001589|00020|UCAC0026|10|EA|16530|KRW|165300|20140730|1300|
C|005186|2014|50000890760002|001|4300001589|00070|UJAC0138|2|EA|90000|KRW|180000|20140730|1300|
C|005186|2014|50000890760003|001|4300001589|00080|UBBC0006|2|EA|103370|KRW|206740|20140730|1300|
C|005186|2014|50000890760004|001|4300001589|00090|UCAC0057|1|EA|191000|KRW|191000|20140730|1300|
C|005186|2014|50000890760005|001|4300001589|00110|UGCC0114|1|EA|57900|KRW|57900|20140730|1300|
C|005186|2014|50000890760006|001|4300001589|00120|UGCC0632|1|EA|98700|KRW|98700|20140730|1300|
C|005186|2014|50000890760007|001|4300001589|00160|UFAC0007|10|EA|165000|KRW|1650000|20140730|1300|
C|005186|2014|50000890760008|001|4300001592|00130|UKBC0010|1|EA|91480|KRW|91480|20140730|1300|
C|005186|2014|50000890760009|001|4300001592|00140|UHTC0244|20|EA|3500|KRW|70000|20140730|1300|
C|005186|2014|50000890760010|001|4300001592|00220|UICC0028|1|EA|7350|KRW|7350|20140730|1300|
C|005186|2014|50000890760011|001|4300001592|00240|UJCC0014|300|EA|641|KRW|192300|20140730|1300|
C|005186|2014|50000890760012|001|4300001592|00250|UGCC0751|1|EA|152640|KRW|152640|20140730|1300|
C|005186|2014|50000890780001|001|4300001589|00210|UADC0022|2|EA|29480|KRW|58960|20140730|1300|
C|005186|2014|50000890780002|001|4300001589|00220|UAGC0310|2|EA|15750|KRW|31500|20140730|1300|
C|005186|2014|50000890780003|001|4300001589|00230|UGCC0503|1|EA|66200|KRW|66200|20140730|1300|
C|005186|2014|50000890780004|001|4300001589|00240|UGCC0504|1|EA|66200|KRW|66200|20140730|1300|
C|005186|2014|50000890780005|001|4300001589|00250|UGCC0501|1|EA|38000|KRW|38000|20140730|1300|
C|005186|2014|50000890780006|001|4300001589|00260|UGCC0502|1|EA|38000|KRW|38000|20140730|1300|
C|005186|2014|50000890780007|001|4300001589|00270|UDBC0460|100|EA|212|KRW|21200|20140730|1300|
C|005186|2014|50000890780008|001|4300001589|00280|UDBC0458|100|EA|390|KRW|39000|20140730|1300|
C|005186|2014|50000890780009|001|4300001589|00310|UAGC0281|10|EA|2270|KRW|22700|20140730|1300|
C|005186|2014|50000890780010|001|4300001589|00320|UAGC0058|10|EA|1190|KRW|11900|20140730|1300|
C|005186|2014|50000890780011|001|4300001589|00330|UAGC0284|10|EA|2310|KRW|23100|20140730|1300|
C|005186|2014|50000890780012|001|4300001589|00340|UAGC0285|10|EA|2440|KRW|24400|20140730|1300|
C|005186|2014|50000890780013|001|4300001589|00360|UAGC0123|10|EA|1530|KRW|15300|20140730|1300|
C|005186|2014|50000890780014|001|4300001589|00370|UAGC0124|10|EA|2010|KRW|20100|20140730|1300|
C|005186|2014|50000890780015|001|4300001589|00380|UAGC0110|5|EA|4850|KRW|24250|20140730|1300|
C|005186|2014|50000890780016|001|4300001589|00390|UAGC0420|5|EA|6390|KRW|31950|20140730|1300|
C|005186|2014|50000890780017|001|4300001589|00400|UAGC0423|3|EA|12550|KRW|37650|20140730|1300|
C|005186|2014|50000890780018|001|4300001589|00410|UAGC0310|1|EA|15750|KRW|15750|20140730|1300|
C|005186|2014|50000890780019|001|4300001589|00420|UAGC0312|1|EA|20060|KRW|20060|20140730|1300|
C|005186|2014|50000890780020|001|4300001589|00430|UGBC1151|10|EA|4760|KRW|47600|20140730|1300|
C|005186|2014|50000890780021|001|4300001589|00450|UDAC0082|3|EA|6890|KRW|20670|20140730|1300|
C|005186|2014|50000890780022|001|4300001589|00460|UDAC0084|3|EA|18550|KRW|55650|20140730|1300|
C|005186|2014|50000890780023|001|4300001592|00090|UAGC0059|10|EA|1260|KRW|12600|20140730|1300|
C|005186|2014|50000890780024|001|4300001592|00370|UAEC0057|1|EA|9830|KRW|9830|20140730|1300|
C|005186|2014|50000890780025|001|4300001592|00380|UAEC0015|1|EA|9830|KRW|9830|20140730|1300|
C|005186|2014|50000890780026|001|4300001592|00390|UAEC0105|1|EA|62740|KRW|62740|20140730|1300|
C|005186|2014|50000890780027|001|4300001592|00400|UAGC0146|1|EA|35000|KRW|35000|20140730|1300|
C|005186|2014|50000890780028|001|4300001592|00410|UAGC0013|3|EA|11530|KRW|34590|20140730|1300|
C|005186|2014|50000890780029|001|4300001592|00420|UAGC0383|10|EA|1010|KRW|10100|20140730|1300|
C|005186|2014|50000890780030|001|4300001592|00430|UAGC0107|10|EA|640|KRW|6400|20140730|1300|
C|005186|2014|50000890780031|001|4300001592|00440|UAGC0054|10|EA|700|KRW|7000|20140730|1300|
C|005186|2014|50000890780032|001|4300001592|00450|UAGC0055|10|EA|730|KRW|7300|20140730|1300|
C|005186|2014|50000890780033|001|4300001592|00460|UAGC0115|10|EA|830|KRW|8300|20140730|1300|
C|005186|2014|50000890780034|001|4300001592|00470|UAGC0056|20|EA|770|KRW|15400|20140730|1300|
C|005186|2014|50000890780035|001|4300001592|00480|UAGC0275|10|EA|1660|KRW|16600|20140730|1300|
C|005186|2014|50000890780036|001|4300001592|00490|UAGC0057|10|EA|890|KRW|8900|20140730|1300|
C|005186|2014|50000890780037|001|4300001592|00500|UAGC0427|10|EA|1180|KRW|11800|20140730|1300|
C|005186|2014|50000890780038|001|4300001592|00510|UAGC0278|10|EA|2050|KRW|20500|20140730|1300|
C|005186|2014|50000890800001|001|4300001570|00020|UDDC0307|1|EA|253050|KRW|253050|20140730|1300|
C|005186|2014|50000890800002|001|4300001570|00030|UDDC0131|5|EA|24360|KRW|121800|20140730|1300|
C|005186|2014|50000890800003|001|4300001570|00050|UEBC0042|2|EA|30280|KRW|60560|20140730|1300|
C|005186|2014|50000890800004|001|4300001570|00060|UEBC0511|12|EA|6960|KRW|83520|20140730|1300|
C|005186|2014|50000890800005|001|4300001570|00070|UEBC1175|6|EA|69000|KRW|414000|20140730|1300|
C|005186|2014|50000890800006|001|4300001570|00080|UEBC1176|1|EA|23300|KRW|23300|20140730|1300|
C|005186|2014|50000890800007|001|4300001570|00090|UDBC0881|1|EA|111000|KRW|111000|20140730|1300|
C|005186|2014|50000890800008|001|4300001570|00100|UEBC0010|4|EA|89570|KRW|358280|20140730|1300|
C|005186|2014|50000890800009|001|4300001570|00110|UEBC0011|8|EA|133350|KRW|1066800|20140730|1300|
C|005186|2014|50000890800010|001|4300001570|00120|UGCC0641|5|EA|29400|KRW|147000|20140730|1300|
C|005186|2014|50000890800011|001|4300001570|00130|UEBC0269|4|EA|132680|KRW|530720|20140730|1300|
C|005186|2014|50000890800012|001|4300001570|00140|UEBC0687|1|EA|128100|KRW|128100|20140730|1300|
C|005186|2014|50000890800013|001|4300001570|00150|UEBC0966|1|EA|301350|KRW|301350|20140730|1300|
C|005186|2014|50000890800014|001|4300001570|00190|UEBC0084|1|EA|13400|KRW|13400|20140730|1300|
C|005186|2014|50000890800015|001|4300001570|00200|UICC0011|10|EA|16210|KRW|162100|20140730|1300|
C|005186|2014|50000890800016|001|4300001570|00220|UAGC0229|5|EA|9470|KRW|47350|20140730|1300|
C|005186|2014|50000890800017|001|4300001570|00230|UEBC0418|5|EA|20290|KRW|101450|20140730|1300|
C|005186|2014|50000890800018|001|4300001570|00240|UICC0035|10|EA|4940|KRW|49400|20140730|1300|
C|005186|2014|50000890800019|001|4300001570|00250|UGBC0298|40|EA|510|KRW|20400|20140730|1300|
C|005186|2014|50000890800020|001|4300001570|00260|UAHC0017|1|EA|332630|KRW|332630|20140730|1300|
C|005186|2014|50000890800021|001|4300001570|00270|UAGC0400|6|EA|926|KRW|5556|20140730|1300|
C|005186|2014|50000890800022|001|4300001570|00280|UAGC0401|6|EA|1094|KRW|6564|20140730|1300|
C|005186|2014|50000890800023|001|4300001570|00310|UDAC0053|5|EA|196350|KRW|981750|20140730|1300|
C|005186|2014|50000890800024|001|4300001570|00320|UDAC0264|5|EA|50500|KRW|252500|20140730|1300|
C|005186|2014|50000890800025|001|4300001589|00190|UDBC0175|500|EA|30|KRW|15000|20140730|1300|
C|005186|2014|50000890800026|001|4300001589|00200|UDBC0802|500|EA|11|KRW|5500|20140730|1300|
