C|005186|2018|50004457180001|001|4300011485|00030|UEBC0043|1|EA|112460|KRW|112460|20180928|1300|
C|005186|2018|50004457180002|001|4300011485|00040|UEBC0007|8|EA|58800|KRW|470400|20180928|1300|
C|005186|2018|50004457180003|001|4300011485|00120|UEBC0860|1|EA|63000|KRW|63000|20180928|1300|
C|005186|2018|50004457180004|001|4300011486|00010|UDAC0322|20|EA|13700|KRW|27400|20180928|1300|
C|005186|2018|50004457180005|001|4300011486|00020|UDAC0323|20|EA|14800|KRW|29600|20180928|1300|
C|005186|2018|50004457180006|001|4300011491|00010|UEBC1546|10|EA|23200|KRW|232000|20180928|1300|
C|005186|2018|50004457180007|001|4300011492|00010|UEBC1540|1|EA|126500|KRW|126500|20180928|1300|
C|005186|2018|50004457180008|001|4300011492|00020|UEAC1131|1|EA|878000|KRW|878000|20180928|1300|
C|005186|2018|50004457180009|001|4300011492|00030|UDFC0207|100|EA|21200|KRW|106000|20180928|1300|
C|005186|2018|50004457180010|001|4300011492|00040|UDFC0208|100|EA|21200|KRW|106000|20180928|1300|
C|005186|2018|50004457180011|001|4300011492|00050|UDBC1079|100|EA|1400|KRW|7000|20180928|1300|
C|005186|2018|50004457180012|001|4300011492|00060|UEBC1541|5|EA|67500|KRW|337500|20180928|1300|
C|005186|2018|50004457180013|001|4300011492|00070|UEBC1542|10|EA|1580|KRW|15800|20180928|1300|
C|005186|2018|50004457180014|001|4300011492|00080|UEBC1543|1|EA|15900|KRW|15900|20180928|1300|
C|005186|2018|50004457180015|001|4300011492|00090|UEBC1544|1|EA|38400|KRW|38400|20180928|1300|
C|005186|2018|50004457180016|001|4300011492|00110|UDBC1080|100|EA|4950|KRW|49500|20180928|1300|
C|005186|2018|50004457180017|001|4300011492|00120|UEBC1545|10|EA|14800|KRW|148000|20180928|1300|
C|005186|2018|50004457180018|001|4300011493|00010|UEBC1536|10|EA|23200|KRW|232000|20180928|1300|
C|005186|2018|50004457180019|001|4300011493|00040|UDBC1078|4|EA|7370|KRW|29480|20180928|1300|
C|005186|2018|50004457180020|001|4300011493|00050|UDAC0406|40|EA|350|KRW|1400|20180928|1300|
C|005186|2018|50004457180021|001|4300011493|00060|UEBC1537|2|EA|37000|KRW|74000|20180928|1300|
C|005186|2018|50004457180022|001|4300011493|00070|UEBC1538|10|EA|7750|KRW|77500|20180928|1300|
C|005186|2018|50004457180023|001|4300011493|00080|UEBC1547|4|EA|178000|KRW|712000|20180928|1300|
C|005186|2018|50004457180024|001|4300011493|00090|UDAC0407|10|EA|6850|KRW|68500|20180928|1300|
C|005186|2018|50004457180025|001|4300011493|00100|UEBC1539|3|EA|190000|KRW|570000|20180928|1300|
C|005186|2018|50004457180026|001|4300011493|00110|UZZC0181|100|EA|16800|KRW|84000|20180928|1300|
C|005186|2018|50004457180027|001|4300011494|00010|UDAC0405|100|EA|100000|KRW|200000|20180928|1300|
C|005186|2018|50004457180028|001|4300011494|00030|UDBC1068|100|EA|500|KRW|5000|20180928|1300|
C|005186|2018|50004457180029|001|4300011494|00040|UDBC1069|100|EA|1100|KRW|11000|20180928|1300|
C|005186|2018|50004457180030|001|4300011494|00050|UDBC1070|100|EA|1700|KRW|17000|20180928|1300|
C|005186|2018|50004457180031|001|4300011494|00060|UDBC1071|100|EA|2800|KRW|28000|20180928|1300|
C|005186|2018|50004457180032|001|4300011494|00070|UDBC1072|100|EA|2900|KRW|29000|20180928|1300|
C|005186|2018|50004457180033|001|4300011494|00080|UDBC1073|100|EA|3100|KRW|31000|20180928|1300|
C|005186|2018|50004457180034|001|4300011494|00110|UDBC1074|100|EA|800|KRW|8000|20180928|1300|
C|005186|2018|50004457180035|001|4300011494|00120|UEBC1523|2|EA|51000|KRW|102000|20180928|1300|
C|005186|2018|50004457180036|001|4300011494|00140|UEBC1525|2|EA|13700|KRW|27400|20180928|1300|
C|005186|2018|50004457180037|001|4300011494|00150|UEBC1526|5|EA|850|KRW|4250|20180928|1300|
C|005186|2018|50004457180038|001|4300011494|00170|UEBC1527|4|EA|115000|KRW|460000|20180928|1300|
C|005186|2018|50004457180039|001|4300011495|00010|UEBC1520|16|EA|2430|KRW|38880|20180928|1300|
C|005186|2018|50004457180040|001|4300011495|00030|UCKC0145|4|EA|178000|KRW|712000|20180928|1300|
C|005186|2018|50004457180041|001|4300011495|00040|UDDC3893|1|EA|20500|KRW|20500|20180928|1300|
C|005186|2018|50004457180042|001|4300011495|00070|UDAC0402|100|EA|5300|KRW|53000|20180928|1300|
C|005186|2018|50004457180043|001|4300011495|00080|UDAC0403|100|EA|6400|KRW|64000|20180928|1300|
C|005186|2018|50004457180044|001|4300011495|00100|UDAC0404|5000|EA|40000|KRW|200000|20180928|1300|
C|005186|2018|50004457180045|001|4300011500|00030|UDAC0401|40|EA|19000|KRW|760000|20180928|1300|
C|005186|2018|50004457180046|001|4300011500|00050|UEBC1517|1|EA|51600|KRW|51600|20180928|1300|
C|005186|2018|50004457180047|001|4300011501|00010|UEBC1518|2|EA|675000|KRW|1350000|20180928|1300|
C|005186|2018|50004457190001|001|4300011122|00010|UCKC0086|4|EA|305200|KRW|1220800|20180928|1300|
C|005186|2018|50004457190002|001|4300011239|00010|UHTC0263|3|EA|317600|KRW|952800|20180928|1300|
C|005186|2018|50004457190003|001|4300011239|00020|UHTC0742|1|EA|273690|KRW|273690|20180928|1300|
C|005186|2018|50004457190004|001|4300011265|00010|UHTC0263|1|EA|317600|KRW|317600|20180928|1300|
C|005186|2018|50004457190005|001|4300011467|00070|UDFC0127|20|EA|52600|KRW|105200|20180928|1300|
C|005186|2018|50004457190006|001|4300011467|00100|UEBC1365|50|EA|175000|KRW|875000|20180928|1300|
C|005186|2018|50004457190007|001|4300011468|00090|UCAC0056|2|EA|14175|KRW|28350|20180928|1300|
C|005186|2018|50004457190008|001|4300011472|00010|UGBC1712|2|EA|15750|KRW|31500|20180928|1300|
C|005186|2018|50004457190009|001|4300011494|00100|UHGC0353|2|EA|36750|KRW|73500|20180928|1300|
C|005186|2018|50004457200001|001|4300011455|00010|UGCC0267|5|EA|316000|KRW|1580000|20180928|1300|
C|005186|2018|50004457200002|001|4300011468|00010|UDBC0830|100|EA|11350|KRW|22700|20180928|1300|
C|005186|2018|50004457200003|001|4300011468|00040|UEBC1395|2|EA|13400|KRW|26800|20180928|1300|
C|005186|2018|50004457200004|001|4300011468|00050|UEBC1373|2|EA|53000|KRW|106000|20180928|1300|
C|005186|2018|50004457200005|001|4300011468|00060|UEBC1190|4|EA|45500|KRW|182000|20180928|1300|
C|005186|2018|50004457200006|001|4300011468|00070|UEBC0184|1|EA|208700|KRW|208700|20180928|1300|
C|005186|2018|50004457200007|001|4300011468|00080|UDAC0372|1|EA|4770|KRW|4770|20180928|1300|
C|005186|2018|50004457200008|001|4300011468|00110|UDBC1041|200|EA|3700|KRW|7400|20180928|1300|
C|005186|2018|50004457200009|001|4300011468|00120|UDBC0391|100|EA|37000|KRW|37000|20180928|1300|
C|005186|2018|50004457200010|001|4300011473|00010|UEBC1528|1|EA|443000|KRW|443000|20180928|1300|
C|005186|2018|50004457200011|001|4300011473|00020|UEBC1548|2|EA|52300|KRW|104600|20180928|1300|
C|005186|2018|50004457200012|001|4300011473|00030|UDBC1076|10|EA|635|KRW|6350|20180928|1300|
C|005186|2018|50004457200013|001|4300011473|00050|UEBC1529|3|EA|26200|KRW|78600|20180928|1300|
C|005186|2018|50004457200014|001|4300011473|00060|UEBC1530|3|EA|19500|KRW|58500|20180928|1300|
C|005186|2018|50004457200015|001|4300011473|00070|UEBC1531|1|EA|51700|KRW|51700|20180928|1300|
C|005186|2018|50004457200016|001|4300011473|00080|UEBC1532|10|EA|17400|KRW|174000|20180928|1300|
C|005186|2018|50004457200017|001|4300011473|00090|UDBC1077|10|EA|1160|KRW|11600|20180928|1300|
C|005186|2018|50004457200018|001|4300011473|00100|UEBC1533|5|EA|107000|KRW|535000|20180928|1300|
C|005186|2018|50004457200019|001|4300011473|00110|UEBC1534|4|EA|11000|KRW|44000|20180928|1300|
C|005186|2018|50004457200020|001|4300011473|00120|UEBC1535|10|EA|14750|KRW|147500|20180928|1300|
C|005186|2018|50004457200021|001|4300011474|00050|UEBC1519|1|EA|110000|KRW|110000|20180928|1300|
C|005186|2018|50004457220001|001|4300011485|00010|UJAC1547|20|EA|12700|KRW|25400|20180928|1300|
C|005186|2018|50004457220002|001|4300011485|00070|UABC0029|2|EA|34650|KRW|69300|20180928|1300|
C|005186|2018|50004457220003|001|4300011486|00030|UAJC0010|3|EA|45740|KRW|137220|20180928|1300|
C|005186|2018|50004457220004|001|4300011486|00040|UAJC0011|3|EA|45740|KRW|137220|20180928|1300|
C|005186|2018|50004457220005|001|4300011487|00030|UDFC0126|50|EA|46830|KRW|234150|20180928|1300|
C|005186|2018|50004457220006|001|4300011487|00040|UDFC0080|50|EA|48500|KRW|242500|20180928|1300|
C|005186|2018|50004457220007|001|4300011493|00020|UAEC0507|2|EA|3580|KRW|7160|20180928|1300|
C|005186|2018|50004457220008|001|4300011493|00030|UJAC1547|10|EA|12700|KRW|12700|20180928|1300|
C|005186|2018|50004457220009|001|4300011494|00160|UDBC1075|150|EA|31000|KRW|465000|20180928|1300|
C|005186|2018|50004457220010|001|4300011495|00020|UEBC1521|4|EA|6550|KRW|26200|20180928|1300|
C|005186|2018|50004457220011|001|4300011495|00090|UAEC0506|1|EA|505440|KRW|505440|20180928|1300|
C|005186|2018|50004457220012|001|4300011500|00010|UGBC1707|10|EA|16200|KRW|16200|20180928|1300|
C|005186|2018|50004457220013|001|4300011500|00020|UAGC0551|1|EA|26320|KRW|26320|20180928|1300|
C|005186|2018|50004457220014|001|4300011501|00020|UAEC0503|2|EA|3060|KRW|6120|20180928|1300|
C|005186|2018|50004457220015|001|4300011501|00030|UAEC0504|2|EA|13480|KRW|26960|20180928|1300|
C|005186|2018|50004457230001|001|4300011466|00010|UHFC0235|2|EA|12800|KRW|25600|20180928|1300|
C|005186|2018|50004457230002|001|4300011502|00010|KE190003|6|EA|29300|KRW|175800|20180928|1300|
C|005186|2018|50004457230003|001|4300011502|00020|KE200200|2|EA|130200|KRW|260400|20180928|1300|
C|005186|2018|50004457230004|001|4300011502|00030|KE230003|125|EA|46750|KRW|233750|20180928|1300|
C|005186|2018|50004457230005|001|4300011502|00040|KE231001|19|EA|16150|KRW|306850|20180928|1300|
C|005186|2018|50004457230006|001|4300011502|00050|KE270300|120|EA|9400|KRW|56400|20180928|1300|
C|005186|2018|50004457230007|001|4300011502|00060|KE270302|6|EA|6900|KRW|41400|20180928|1300|
C|005186|2018|50004457230008|001|4300011502|00070|KE280401|6|EA|20800|KRW|124800|20180928|1300|
C|005186|2018|50004457230009|001|4300011502|00080|KE281401|32|EA|840|KRW|26880|20180928|1300|
