C|005186|2015|50001337340001|001|4300002251|00010|UKBC0010|2|EA|91480|KRW|182960|20150228|1300|
C|005186|2015|50001337340002|001|4300002251|00030|UGAC0083|1|EA|33500|KRW|33500|20150228|1300|
C|005186|2015|50001337340003|001|4300002251|00040|UGAC0065|2|EA|124800|KRW|249600|20150228|1300|
C|005186|2015|50001337340004|001|4300002251|00070|UCAC0010|2|EA|19690|KRW|39380|20150228|1300|
C|005186|2015|50001337340005|001|4300002251|00140|UAEC0002|3|EA|13370|KRW|40110|20150228|1300|
C|005186|2015|50001337340006|001|4300002251|00150|UAEC0006|2|EA|3150|KRW|6300|20150228|1300|
C|005186|2015|50001337340007|001|4300002251|00160|UAEC0008|2|EA|5480|KRW|10960|20150228|1300|
C|005186|2015|50001337340008|001|4300002251|00170|UAEC0009|2|EA|6050|KRW|12100|20150228|1300|
C|005186|2015|50001337340009|001|4300002251|00180|UAEC0010|2|EA|6360|KRW|12720|20150228|1300|
C|005186|2015|50001337340010|001|4300002251|00190|UAEC0349|2|EA|6963|KRW|13926|20150228|1300|
C|005186|2015|50001337340011|001|4300002251|00200|UAEC0346|2|EA|8630|KRW|17260|20150228|1300|
C|005186|2015|50001337340012|001|4300002251|00210|UAEC0025|2|EA|8900|KRW|17800|20150228|1300|
C|005186|2015|50001337340013|001|4300002251|00230|UAEC0078|2|EA|10530|KRW|21060|20150228|1300|
C|005186|2015|50001337340014|001|4300002251|00240|UABC0021|1|EA|14490|KRW|14490|20150228|1300|
C|005186|2015|50001337340015|001|4300002251|00250|UABC0036|5|EA|2470|KRW|12350|20150228|1300|
C|005186|2015|50001337340016|001|4300002252|00040|UAEC0026|2|EA|10940|KRW|21880|20150228|1300|
C|005186|2015|50001337340017|001|4300002252|00050|UGBC0994|50|EA|2430|KRW|121500|20150228|1300|
C|005186|2015|50001337340018|001|4300002253|00070|UHTC0102|1|EA|8560|KRW|8560|20150228|1300|
C|005186|2015|50001337340019|001|4300002253|00120|UALC0023|3|EA|22260|KRW|66780|20150228|1300|
C|005186|2015|50001337340020|001|4300002253|00130|UALC0024|5|EA|26500|KRW|132500|20150228|1300|
C|005186|2015|50001337340021|001|4300002253|00140|UALC0088|8|EA|38160|KRW|305280|20150228|1300|
C|005186|2015|50001337340022|001|4300002253|00150|UALC0099|5|EA|38160|KRW|190800|20150228|1300|
C|005186|2015|50001337340023|001|4300002253|00160|UGCC0615|10|EA|9780|KRW|97800|20150228|1300|
