C|005186|2020|50005413170001|001|4300015685|00020|UDBC1007|300|EA|7800|KRW|23400|20200108|1300|
C|005186|2020|50005413170002|001|4300015685|00030|UGCC0501|1|EA|38000|KRW|38000|20200108|1300|
C|005186|2020|50005413170003|001|4300015685|00040|UGCC0223|30|EA|46700|KRW|140100|20200108|1300|
C|005186|2020|50005413170004|001|4300015685|00090|UFGC0057|20|EA|4940|KRW|98800|20200108|1300|
C|005186|2020|50005413170005|001|4300015685|00100|UIDC0019|2|EA|55130|KRW|110260|20200108|1300|
C|005186|2020|50005413170006|001|4300015686|00010|UDAC0306|1|EA|1350000|KRW|1350000|20200108|1300|
C|005186|2020|50005413180001|001|4300015683|00010|UDDC0044|1|EA|91350|KRW|91350|20200108|1300|
C|005186|2020|50005413180002|001|4300015683|00020|UDDC0050|1|EA|103782|KRW|103782|20200108|1300|
C|005186|2020|50005413180003|001|4300015683|00030|UEBC1381|2|EA|50880|KRW|101760|20200108|1300|
C|005186|2020|50005413180004|001|4300015683|00040|UEBC1339|2|EA|223700|KRW|447400|20200108|1300|
C|005186|2020|50005413180005|001|4300015683|00050|UDCC0022|2|EA|168000|KRW|336000|20200108|1300|
C|005186|2020|50005413180006|001|4300015683|00060|UDDC0211|3|EA|58800|KRW|176400|20200108|1300|
C|005186|2020|50005413180007|001|4300015683|00070|UEBC0736|10|EA|25940|KRW|259400|20200108|1300|
C|005186|2020|50005413180008|001|4300015683|00080|UDDC0212|1|EA|124950|KRW|124950|20200108|1300|
C|005186|2020|50005413180009|001|4300015683|00090|UEBC0907|2|EA|50720|KRW|101440|20200108|1300|
C|005186|2020|50005413180010|001|4300015683|00100|UEBC1646|4|EA|27400|KRW|109600|20200108|1300|
C|005186|2020|50005413180011|001|4300015683|00110|UEBC1623|2|EA|50540|KRW|101080|20200108|1300|
C|005186|2020|50005413180012|001|4300015685|00010|UDDC0125|6|EA|87150|KRW|522900|20200108|1300|
C|005186|2020|50005413180013|001|4300015685|00050|UEBC0759|10|EA|11550|KRW|23100|20200108|1300|
C|005186|2020|50005413180014|001|4300015685|00060|UEBC0758|10|EA|20850|KRW|41700|20200108|1300|
C|005186|2020|50005413180015|001|4300015685|00070|UEBC1193|2|EA|1650|KRW|3300|20200108|1300|
C|005186|2020|50005413180016|001|4300015685|00080|UEBC1174|3|EA|51500|KRW|154500|20200108|1300|
C|005186|2020|50005413180017|001|4300015685|00120|UDFC0020|13|EA|38010|KRW|494130|20200108|1300|
C|005186|2020|50005413180018|001|4300015688|00010|UCKC0166|1|EA|940000|KRW|940000|20200108|1300|
C|005186|2020|50005413190001|001|4300015690|00130|UCIC0154|100|EA|13700|KRW|137000|20200108|1300|
C|005186|2020|50005413200001|001|4300015685|00110|UKAC0052|80|EA|66000|KRW|264000|20200108|1300|
