C|005186|2016|50003106760001|001|4300006550|00030|CMA0017|10|EA|770|KRW|7700|20161223|1300|
C|005186|2016|50003106770001|001|4300006528|00010|CMA0001|80|EA|151|KRW|12080|20161223|1300|
C|005186|2016|50003106770002|001|4300006528|00020|CMA0007|80|EA|151|KRW|12080|20161223|1300|
C|005186|2016|50003106770003|001|4300006528|00030|CMA0008|20|EA|470|KRW|9400|20161223|1300|
C|005186|2016|50003106780001|001|4300006563|00010|CMG0001|28|EA|1290|KRW|36120|20161223|1300|
C|005186|2016|50003106790001|001|4300006526|00080|CMB0010|60|EA|1280|KRW|76800|20161223|1300|
C|005186|2016|50003106790002|001|4300006526|00110|CME0001|26|EA|3300|KRW|85800|20161223|1300|
C|005186|2016|50003106790003|001|4300006526|00130|CME0010|200|EA|240|KRW|48000|20161223|1300|
C|005186|2016|50003106790004|001|4300006527|00040|CMA0016|100|EA|2140|KRW|214000|20161223|1300|
C|005186|2016|50003106790005|001|4300006527|00060|CMB0010|500|EA|1280|KRW|640000|20161223|1300|
C|005186|2016|50003106790006|001|4300006527|00080|CME0011|100|EA|550|KRW|55000|20161223|1300|
C|005186|2016|50003106790007|001|4300006527|00090|CMH0007|5|EA|11600|KRW|58000|20161223|1300|
C|005186|2016|50003106790008|001|4300006528|00040|CME0001|8|EA|3300|KRW|26400|20161223|1300|
C|005186|2016|50003106790009|001|4300006529|00060|CMB0010|120|EA|1280|KRW|153600|20161223|1300|
C|005186|2016|50003106790010|001|4300006529|00080|CMF0001|5|EA|1950|KRW|9750|20161223|1300|
C|005186|2016|50003106790011|001|4300006529|00090|CMF0014|10|EA|680|KRW|6800|20161223|1300|
C|005186|2016|50003106790012|001|4300006529|00100|CMF0015|10|EA|450|KRW|4500|20161223|1300|
C|005186|2016|50003106790013|001|4300006532|00030|CMA0016|20|EA|2140|KRW|42800|20161223|1300|
C|005186|2016|50003106790014|001|4300006532|00060|CME0001|13|EA|3300|KRW|42900|20161223|1300|
C|005186|2016|50003106790015|001|4300006532|00070|CMF0001|3|EA|1950|KRW|5850|20161223|1300|
C|005186|2016|50003106790016|001|4300006532|00090|CMF0006|1|EA|9500|KRW|9500|20161223|1300|
C|005186|2016|50003106790017|001|4300006532|00100|CMF0020|2|EA|650|KRW|1300|20161223|1300|
C|005186|2016|50003106790018|001|4300006532|00110|CMH0007|3|EA|11600|KRW|34800|20161223|1300|
C|005186|2016|50003106790019|001|4300006532|00140|CMZ0014|1|EA|19000|KRW|19000|20161223|1300|
C|005186|2016|50003106790020|001|4300006533|00040|CMZ0030|20|EA|180|KRW|3600|20161223|1300|
C|005186|2016|50003106790021|001|4300006533|00070|CMB0010|60|EA|1280|KRW|76800|20161223|1300|
C|005186|2016|50003106790022|001|4300006533|00170|CMF0015|10|EA|450|KRW|4500|20161223|1300|
C|005186|2016|50003106790023|001|4300006534|00030|CMA0015|100|EA|2520|KRW|252000|20161223|1300|
C|005186|2016|50003106790024|001|4300006534|00040|CMA0016|150|EA|2140|KRW|321000|20161223|1300|
C|005186|2016|50003106790025|001|4300006534|00090|CME0001|50|EA|3300|KRW|165000|20161223|1300|
C|005186|2016|50003106790026|001|4300006534|00100|CME0003|30|EA|5500|KRW|165000|20161223|1300|
C|005186|2016|50003106790027|001|4300006534|00120|CME0010|100|EA|240|KRW|24000|20161223|1300|
C|005186|2016|50003106790028|001|4300006534|00150|CMZ0014|1|EA|19000|KRW|19000|20161223|1300|
C|005186|2016|50003106790029|001|4300006535|00040|CMB0010|60|EA|1280|KRW|76800|20161223|1300|
C|005186|2016|50003106790030|001|4300006535|00070|CMF0001|5|EA|1950|KRW|9750|20161223|1300|
C|005186|2016|50003106790031|001|4300006535|00090|CMZ0014|1|EA|19000|KRW|19000|20161223|1300|
C|005186|2016|50003106790032|001|4300006538|00020|CMA0006|50|EA|2970|KRW|148500|20161223|1300|
C|005186|2016|50003106790033|001|4300006538|00050|CMB0010|240|EA|1280|KRW|307200|20161223|1300|
C|005186|2016|50003106790034|001|4300006538|00060|CME0010|100|EA|240|KRW|24000|20161223|1300|
C|005186|2016|50003106790035|001|4300006538|00080|CMF0013|10|EA|940|KRW|9400|20161223|1300|
C|005186|2016|50003106790036|001|4300006538|00090|CMF0021|20|EA|3100|KRW|62000|20161223|1300|
C|005186|2016|50003106790037|001|4300006538|00100|CMH0007|10|EA|11600|KRW|116000|20161223|1300|
C|005186|2016|50003106790038|001|4300006543|00030|CMA0016|100|EA|2140|KRW|214000|20161223|1300|
C|005186|2016|50003106790039|001|4300006543|00040|CMB0010|480|EA|1280|KRW|614400|20161223|1300|
C|005186|2016|50003106790040|001|4300006543|00070|CME0001|20|EA|3300|KRW|66000|20161223|1300|
C|005186|2016|50003106790041|001|4300006543|00120|CMZ0006|10|EA|1170|KRW|11700|20161223|1300|
C|005186|2016|50003106790042|001|4300006543|00130|CMZ0014|2|EA|19000|KRW|38000|20161223|1300|
C|005186|2016|50003106790043|001|4300006549|00060|CMZ0014|1|EA|19000|KRW|19000|20161223|1300|
C|005186|2016|50003106790044|001|4300006549|00070|CMB0010|40|EA|1280|KRW|51200|20161223|1300|
