C|005186|2018|50004341610001|001|4300010936|00010|UGCC0737|1|EA|1769000|KRW|1769000|20180727|1300|
C|005186|2018|50004341610002|001|4300010936|00020|UAGC0434|1|EA|227360|KRW|227360|20180727|1300|
C|005186|2018|50004341610003|001|4300010937|00030|UAGC0033|2|EA|244200|KRW|244200|20180727|1300|
C|005186|2018|50004341610004|001|4300010937|00060|UAAC0029|10|EA|18900|KRW|18900|20180727|1300|
C|005186|2018|50004341610005|001|4300010938|00020|UADC0002|30|EA|1420|KRW|42600|20180727|1300|
C|005186|2018|50004341610006|001|4300010938|00030|UAEC0450|30|EA|14700|KRW|44100|20180727|1300|
C|005186|2018|50004341610007|001|4300010939|00010|UKEC0091|20|EA|12700|KRW|25400|20180727|1300|
C|005186|2018|50004341610008|001|4300010939|00020|UAAC0029|40|EA|18900|KRW|75600|20180727|1300|
C|005186|2018|50004341610009|001|4300010939|00030|UAGC0323|10|EA|141800|KRW|141800|20180727|1300|
C|005186|2018|50004341610010|001|4300010939|00050|UAIC0013|1|EA|45680|KRW|45680|20180727|1300|
C|005186|2018|50004341610011|001|4300010939|00090|UAAC0033|3|EA|16480|KRW|49440|20180727|1300|
C|005186|2018|50004341620001|001|4300010869|00010|UHNC0134|1|EA|812640|KRW|812640|20180727|1300|
C|005186|2018|50004341620002|001|4300010869|00020|UHFC0437|5|EA|63600|KRW|63600|20180727|1300|
C|005186|2018|50004341620003|001|4300010869|00030|UHFC0438|5|EA|70490|KRW|70490|20180727|1300|
C|005186|2018|50004341620004|001|4300010869|00040|UHCC0010|1|EA|1007000|KRW|1007000|20180727|1300|
C|005186|2018|50004341620005|001|4300010870|00010|UHNC0052|2|EA|232000|KRW|464000|20180727|1300|
C|005186|2018|50004341620006|001|4300010870|00020|UHNC0080|1|EA|286320|KRW|286320|20180727|1300|
C|005186|2018|50004341620007|001|4300010889|00040|UHFC0311|3|EA|72630|KRW|217890|20180727|1300|
C|005186|2018|50004341620008|001|4300010889|00050|UHTC0517|3|EA|81060|KRW|243180|20180727|1300|
C|005186|2018|50004341620009|001|4300010889|00060|UHGC0016|1|EA|499800|KRW|499800|20180727|1300|
C|005186|2018|50004341620010|001|4300010890|00020|UHTC0800|5|EA|795000|KRW|795000|20180727|1300|
C|005186|2018|50004341620011|001|4300010890|00030|UHNC0082|2|EA|285600|KRW|571200|20180727|1300|
C|005186|2018|50004341620012|001|4300010892|00010|UHFC0443|1|EA|1390000|KRW|1390000|20180727|1300|
C|005186|2018|50004341620013|001|4300010969|00010|UHFC0273|1|EA|576850|KRW|576850|20180727|1300|
C|005186|2018|50004341620014|001|4300010969|00020|UHTC0772|20|EA|466400|KRW|466400|20180727|1300|
C|005186|2018|50004341620015|001|4300010969|00030|UHTC0802|10|EA|249100|KRW|498200|20180727|1300|
C|005186|2018|50004341630001|001|4300010874|00140|KE030011|7|EA|8190|KRW|57330|20180727|1300|
C|005186|2018|50004341630002|001|4300010874|00150|KE030114|2|EA|63840|KRW|127680|20180727|1300|
C|005186|2018|50004341630003|001|4300010874|00160|KE030125|1|EA|257040|KRW|257040|20180727|1300|
C|005186|2018|50004341630004|001|4300010874|00170|KE030200|2|EA|15230|KRW|30460|20180727|1300|
C|005186|2018|50004341630005|001|4300010874|00180|KE030205|2|EA|31290|KRW|62580|20180727|1300|
C|005186|2018|50004341630006|001|4300010874|00190|KE050201|1|EA|8460|KRW|8460|20180727|1300|
C|005186|2018|50004341630007|001|4300010874|00200|KE050207|3|EA|6930|KRW|20790|20180727|1300|
C|005186|2018|50004341630008|001|4300010874|00210|KE090101|3|EA|24680|KRW|74040|20180727|1300|
C|005186|2018|50004341630009|001|4300010874|00220|KE090102|3|EA|15430|KRW|46290|20180727|1300|
C|005186|2018|50004341630010|001|4300010874|00230|KE090106|5|EA|15370|KRW|76850|20180727|1300|
C|005186|2018|50004341630011|001|4300010874|00240|KE090112|2|EA|16800|KRW|33600|20180727|1300|
C|005186|2018|50004341630012|001|4300010874|00250|KE090116|2|EA|28040|KRW|56080|20180727|1300|
C|005186|2018|50004341630013|001|4300010874|00260|KE090165|2|EA|165900|KRW|331800|20180727|1300|
C|005186|2018|50004341630014|001|4300010875|00010|KE110200|10|EA|65100|KRW|651000|20180727|1300|
C|005186|2018|50004341630015|001|4300010875|00020|KE190003|4|EA|29300|KRW|117200|20180727|1300|
C|005186|2018|50004341630016|001|4300010875|00030|KE200113|1|EA|130000|KRW|130000|20180727|1300|
C|005186|2018|50004341630017|001|4300010875|00040|KE230003|200|EA|46750|KRW|374000|20180727|1300|
C|005186|2018|50004341630018|001|4300010875|00050|KE231001|21|EA|16150|KRW|339150|20180727|1300|
C|005186|2018|50004341630019|001|4300010875|00060|KE231406|13|EA|7140|KRW|92820|20180727|1300|
C|005186|2018|50004341630020|001|4300010875|00070|KE270300|80|EA|9400|KRW|37600|20180727|1300|
C|005186|2018|50004341630021|001|4300010875|00080|KE270302|7|EA|6900|KRW|48300|20180727|1300|
C|005186|2018|50004341630022|001|4300010875|00090|KE281401|50|EA|840|KRW|42000|20180727|1300|
C|005186|2018|50004341640001|001|4300010928|00010|UHHC0211|50|EA|38000|KRW|1900000|20180727|1300|
C|005186|2018|50004341640002|001|4300010929|00010|UHHC0211|50|EA|38000|KRW|1900000|20180727|1300|
C|005186|2018|50004341640003|001|4300010930|00010|UHHC0211|50|EA|38000|KRW|1900000|20180727|1300|
C|005186|2018|50004341640004|001|4300010931|00010|UHHC0207|100|EA|1696000|KRW|1696000|20180727|1300|
C|005186|2018|50004341640005|001|4300010932|00010|UHHC0207|100|EA|1696000|KRW|1696000|20180727|1300|
C|005186|2018|50004341640006|001|4300010970|00010|UHHC0207|100|EA|1696000|KRW|1696000|20180727|1300|
C|005186|2018|50004341640007|001|4300010971|00010|UHHC0207|100|EA|1696000|KRW|1696000|20180727|1300|
C|005186|2018|50004341640008|001|4300010972|00010|UHHC0207|100|EA|1696000|KRW|1696000|20180727|1300|
C|005186|2018|50004341650001|001|4300010855|00020|UEBC1427|10|EA|168000|KRW|1680000|20180727|1300|
C|005186|2018|50004341650002|001|4300010933|00020|UDBC1061|60|EA|4500|KRW|27000|20180727|1300|
C|005186|2018|50004341650003|001|4300010934|00030|UDAC0293|10|EA|95400|KRW|477000|20180727|1300|
C|005186|2018|50004341650004|001|4300010935|00010|UDAC0398|10|EA|100800|KRW|504000|20180727|1300|
C|005186|2018|50004341650005|001|4300010935|00020|UDAC0399|10|EA|367500|KRW|735000|20180727|1300|
C|005186|2018|50004341650006|001|4300010935|00030|UDAC0400|10|EA|252000|KRW|504000|20180727|1300|
C|005186|2018|50004341650007|001|4300010939|00120|UEBC0003|10|EA|3650|KRW|36500|20180727|1300|
C|005186|2018|50004341650008|001|4300010943|00010|UDBC1060|100|EA|2800|KRW|14000|20180727|1300|
C|005186|2018|50004341650009|001|4300010943|00080|UEBC1508|16|EA|67200|KRW|537600|20180727|1300|
C|005186|2018|50004341660001|001|4300010795|00070|UDBC0983|1|EA|42400|KRW|42400|20180727|1300|
C|005186|2018|50004341660002|001|4300010967|00010|UEBC1415|1|EA|1900000|KRW|1900000|20180727|1300|
C|005186|2018|50004341660003|001|4300010968|00010|UEBC1161|6|EA|290000|KRW|1740000|20180727|1300|
C|005186|2018|50004341660004|001|4300010973|00030|UHTC0486|1|EA|46410|KRW|46410|20180727|1300|
C|005186|2018|50004341670001|001|4300010874|00010|KS061504|3|EA|4050|KRW|12150|20180727|1300|
C|005186|2018|50004341670002|001|4300010874|00020|KS061505|1|EA|6230|KRW|6230|20180727|1300|
C|005186|2018|50004341670003|001|4300010874|00030|KS061506|2|EA|7850|KRW|15700|20180727|1300|
C|005186|2018|50004341670004|001|4300010874|00040|KS066902|2|EA|1540|KRW|3080|20180727|1300|
C|005186|2018|50004341670005|001|4300010874|00050|KS066904|2|EA|2000|KRW|4000|20180727|1300|
C|005186|2018|50004341670006|001|4300010874|00060|KS067002|5|EA|1460|KRW|7300|20180727|1300|
C|005186|2018|50004341670007|001|4300010874|00070|KS067003|3|EA|1550|KRW|4650|20180727|1300|
C|005186|2018|50004341670008|001|4300010874|00080|KS067205|2|EA|3290|KRW|6580|20180727|1300|
C|005186|2018|50004341670009|001|4300010874|00090|KS067207|4|EA|5780|KRW|23120|20180727|1300|
C|005186|2018|50004341670010|001|4300010874|00100|KS067208|3|EA|7940|KRW|23820|20180727|1300|
C|005186|2018|50004341670011|001|4300010874|00110|KS080711|2|EA|32300|KRW|64600|20180727|1300|
C|005186|2018|50004341670012|001|4300010874|00120|KS990008|2|EA|39900|KRW|79800|20180727|1300|
C|005186|2018|50004341670013|001|4300010874|00130|KS990009|1|EA|8820|KRW|8820|20180727|1300|
C|005186|2018|50004341680001|001|4300010922|00010|UEBC1506|4|EA|246000|KRW|984000|20180727|1300|
C|005186|2018|50004341680002|001|4300010923|00010|UEBC1506|8|EA|246000|KRW|1968000|20180727|1300|
C|005186|2018|50004341680003|001|4300010924|00010|UEBC1506|8|EA|246000|KRW|1968000|20180727|1300|
C|005186|2018|50004341680004|001|4300010925|00010|UEBC1505|4|EA|454000|KRW|1816000|20180727|1300|
C|005186|2018|50004341680005|001|4300010927|00010|UEBC1513|2|EA|362300|KRW|724600|20180727|1300|
C|005186|2018|50004341680006|001|4300010927|00020|UEBC1514|2|EA|52000|KRW|104000|20180727|1300|
C|005186|2018|50004341680007|001|4300010927|00030|UEBC1515|10|EA|8400|KRW|84000|20180727|1300|
C|005186|2018|50004341680008|001|4300010942|00010|UEBC1510|10|EA|213400|KRW|1067000|20180727|1300|
C|005186|2018|50004341680009|001|4300010942|00030|UEBC1511|1|EA|441000|KRW|441000|20180727|1300|
C|005186|2018|50004341680010|001|4300010943|00020|UDFC0205|100|EA|21000|KRW|105000|20180727|1300|
C|005186|2018|50004341680011|001|4300010943|00030|UCKC0144|2|EA|124250|KRW|248500|20180727|1300|
C|005186|2018|50004341680012|001|4300010943|00040|UEBC1502|8|EA|1580|KRW|12640|20180727|1300|
C|005186|2018|50004341680013|001|4300010943|00050|UEBC1503|2|EA|31500|KRW|63000|20180727|1300|
C|005186|2018|50004341680014|001|4300010943|00060|UDAC0396|10|EA|3160|KRW|15800|20180727|1300|
C|005186|2018|50004341680015|001|4300010943|00070|UEAC1128|2|EA|185100|KRW|370200|20180727|1300|
C|005186|2018|50004341680016|001|4300010943|00090|UEBC1509|4|EA|206000|KRW|412000|20180727|1300|
C|005186|2018|50004341690001|001|4300010915|00020|UAGC0193|100|EA|162750|KRW|325500|20180727|1300|
C|005186|2018|50004341690002|001|4300010915|00030|UEBC1385|4|EA|6760|KRW|27040|20180727|1300|
C|005186|2018|50004341690003|001|4300010915|00040|UEBC0003|10|EA|3650|KRW|36500|20180727|1300|
C|005186|2018|50004341690004|001|4300010915|00050|UDAC0250|10|EA|17900|KRW|179000|20180727|1300|
C|005186|2018|50004341690005|001|4300010915|00060|UDAC0251|5|EA|24300|KRW|121500|20180727|1300|
C|005186|2018|50004341690006|001|4300010915|00070|UEBC1279|3|EA|146000|KRW|438000|20180727|1300|
C|005186|2018|50004341690007|001|4300010915|00080|UEBC1177|5|EA|44500|KRW|222500|20180727|1300|
C|005186|2018|50004341690008|001|4300010937|00020|UZZC0012|15|EA|36750|KRW|110250|20180727|1300|
C|005186|2018|50004341690009|001|4300010939|00040|UADC0040|20|EA|78800|KRW|157600|20180727|1300|
C|005186|2018|50004341690010|001|4300010939|00060|UAEC0249|30|EA|3450|KRW|103500|20180727|1300|
C|005186|2018|50004341690011|001|4300010939|00110|UEBC0649|2|EA|124740|KRW|249480|20180727|1300|
C|005186|2018|50004341690012|001|4300010940|00030|UEBC0207|10|EA|454800|KRW|454800|20180727|1300|
C|005186|2018|50004341700001|001|4300010933|00010|UCIC0224|1|EA|1155000|KRW|1155000|20180727|1300|
C|005186|2018|50004341700002|001|4300010933|00030|UCIC0225|50|EA|15800|KRW|79000|20180727|1300|
C|005186|2018|50004341700003|001|4300010933|00060|UGBC1704|2|EA|259700|KRW|519400|20180727|1300|
C|005186|2018|50004341700004|001|4300010934|00010|UCIC0227|1|EA|945000|KRW|945000|20180727|1300|
C|005186|2018|50004341700005|001|4300010934|00020|UGBC1705|2|EA|158000|KRW|316000|20180727|1300|
C|005186|2018|50004341700006|001|4300010944|00010|UGBC0141|10|EA|12600|KRW|12600|20180727|1300|
C|005186|2018|50004341700007|001|4300010944|00020|UGBC1032|10|EA|3150|KRW|31500|20180727|1300|
C|005186|2018|50004341700008|001|4300010944|00030|UGBC0165|20|EA|10600|KRW|10600|20180727|1300|
C|005186|2018|50004341700009|001|4300010944|00040|UGBC0167|20|EA|8600|KRW|17200|20180727|1300|
C|005186|2018|50004341700010|001|4300010944|00050|UGBC1614|50|EA|11300|KRW|56500|20180727|1300|
C|005186|2018|50004341700011|001|4300010944|00060|UGBC0257|20|EA|37000|KRW|37000|20180727|1300|
C|005186|2018|50004341700012|001|4300010944|00070|UGBC0232|20|EA|19000|KRW|19000|20180727|1300|
C|005186|2018|50004341700013|001|4300010944|00080|UGBC0380|20|EA|58800|KRW|58800|20180727|1300|
C|005186|2018|50004341700014|001|4300010944|00090|UGBC0382|10|EA|65100|KRW|65100|20180727|1300|
C|005186|2018|50004341700015|001|4300010944|00100|UGBC0323|20|EA|44200|KRW|44200|20180727|1300|
C|005186|2018|50004341700016|001|4300010944|00110|UGBC0254|20|EA|100800|KRW|100800|20180727|1300|
C|005186|2018|50004341700017|001|4300010944|00120|UGBC0810|30|EA|5670|KRW|170100|20180727|1300|
C|005186|2018|50004341700018|001|4300010944|00130|UGBC0237|20|EA|277200|KRW|277200|20180727|1300|
C|005186|2018|50004341700019|001|4300010944|00140|UGBC0938|2|EA|283500|KRW|567000|20180727|1300|
C|005186|2018|50004341700020|001|4300010944|00150|UGBC0184|2|EA|189000|KRW|378000|20180727|1300|
C|005186|2018|50004341700021|001|4300010944|00160|UCIC0013|1|EA|51580|KRW|51580|20180727|1300|
C|005186|2018|50004341700022|001|4300010973|00040|UGBC1101|10|EA|262500|KRW|525000|20180727|1300|
C|005186|2018|50004341700023|001|4300010973|00050|UGBC1095|5|EA|24150|KRW|120750|20180727|1300|
C|005186|2018|50004341700024|001|4300010973|00060|UGBC0516|2|EA|84000|KRW|168000|20180727|1300|
C|005186|2018|50004341700025|001|4300010973|00070|UGBC0517|4|EA|73500|KRW|294000|20180727|1300|
C|005186|2018|50004341710001|001|4300010876|00010|KH990100|4|EA|27220|KRW|108880|20180727|1300|
C|005186|2018|50004341710002|001|4300010876|00020|KH990101|6|EA|7250|KRW|43500|20180727|1300|
C|005186|2018|50004341710003|001|4300010876|00030|KP100300|1|EA|31500|KRW|31500|20180727|1300|
C|005186|2018|50004341710004|001|4300010876|00040|KP100301|1|EA|31200|KRW|31200|20180727|1300|
C|005186|2018|50004341710005|001|4300010876|00050|KS990007|5|EA|51450|KRW|257250|20180727|1300|
C|005186|2018|50004341710006|001|4300010876|00060|KT020013|2|EA|13110|KRW|26220|20180727|1300|
C|005186|2018|50004341710007|001|4300010876|00070|KT020015|2|EA|15720|KRW|31440|20180727|1300|
C|005186|2018|50004341710008|001|4300010876|00080|KT020016|1|EA|18620|KRW|18620|20180727|1300|
C|005186|2018|50004341710009|001|4300010876|00090|KT020023|1|EA|32400|KRW|32400|20180727|1300|
C|005186|2018|50004341710010|001|4300010876|00100|KT080110|1|EA|25440|KRW|25440|20180727|1300|
C|005186|2018|50004341710011|001|4300010876|00110|KT080300|20.000|KG|55400|KRW|55400|20180727|1300|
C|005186|2018|50004341710012|001|4300010876|00120|KT080311|1|EA|72980|KRW|72980|20180727|1300|
C|005186|2018|50004341710013|001|4300010876|00130|KT080320|1.000|KG|14175|KRW|14175|20180727|1300|
C|005186|2018|50004341710014|001|4300010876|00140|KT080360|1|EA|5250|KRW|5250|20180727|1300|
C|005186|2018|50004341710015|001|4300010876|00150|KT080520|2|EA|2760|KRW|5520|20180727|1300|
C|005186|2018|50004341710016|001|4300010876|00160|KT990001|200|EA|5100|KRW|102000|20180727|1300|
C|005186|2018|50004341720001|001|4300010937|00040|UGAC0053|2|EA|69880|KRW|139760|20180727|1300|
C|005186|2018|50004341720002|001|4300010937|00050|UGAC0056|1|EA|139760|KRW|139760|20180727|1300|
C|005186|2018|50004341720003|001|4300010939|00080|UGAC0083|1|EA|33500|KRW|33500|20180727|1300|
C|005186|2018|50004341720004|001|4300010940|00010|UCKC0058|2|EA|343200|KRW|686400|20180727|1300|
C|005186|2018|50004341720005|001|4300010941|00010|UALC0100|5|EA|92150|KRW|92150|20180727|1300|
C|005186|2018|50004341720006|001|4300010941|00020|UALC0088|5|EA|190800|KRW|190800|20180727|1300|
C|005186|2018|50004341720007|001|4300010941|00030|UALC0099|5|EA|190800|KRW|190800|20180727|1300|
C|005186|2018|50004341720008|001|4300010941|00040|UALC0101|5|EA|92150|KRW|92150|20180727|1300|
C|005186|2018|50004341720009|001|4300010941|00050|UALC0104|5|EA|100700|KRW|100700|20180727|1300|
C|005186|2018|50004341730001|001|4300010938|00010|UZZC0107|10|EA|35770|KRW|357700|20180727|1300|
C|005186|2018|50004341740001|001|4300010802|00070|UHTC0691|20|EA|357000|KRW|714000|20180727|1300|
C|005186|2018|50004341740002|001|4300010891|00010|UHTC0652|24|EA|80000|KRW|1920000|20180727|1300|
C|005186|2018|50004341750001|001|4300010800|00020|UGCC1065|200|EA|2300|KRW|46000|20180727|1300|
C|005186|2018|50004341750002|001|4300010963|00010|UJBC0004|10|EA|43370|KRW|43370|20180727|1300|
C|005186|2018|50004341750003|001|4300010963|00020|UJBC0005|5|EA|73500|KRW|73500|20180727|1300|
C|005186|2018|50004341760001|001|4300010587|00050|UDBC0435|100|EA|28000|KRW|28000|20180727|1300|
C|005186|2018|50004341760002|001|4300010592|00030|UEBC0410|5|EA|33600|KRW|168000|20180727|1300|
C|005186|2018|50004341760003|001|4300010687|00070|UDFC0149|30|EA|26500|KRW|159000|20180727|1300|
C|005186|2018|50004341770001|001|4300010921|00010|UDDC0379|10|EA|122200|KRW|1222000|20180727|1300|
C|005186|2018|50004341770002|001|4300010942|00020|UGBC1702|1|EA|7400|KRW|7400|20180727|1300|
C|005186|2018|50004341770003|001|4300011018|00010|UCIC0191|1|EA|630700|KRW|630700|20180727|1300|
C|005186|2018|50004341770004|001|4300011020|00010|UEBC1005|1|EA|17230|KRW|17230|20180727|1300|
C|005186|2018|50004341770005|001|4300011023|00010|KS080705|5|EA|18500|KRW|92500|20180727|1300|
C|005186|2018|50004341780001|001|4300010889|00010|UGCC1156|2|EA|159000|KRW|318000|20180727|1300|
C|005186|2018|50004341780002|001|4300010911|00030|UBEC0007|3|EA|112200|KRW|336600|20180727|1300|
C|005186|2018|50004341780003|001|4300010939|00070|UGCC0198|30|EA|262500|KRW|787500|20180727|1300|
C|005186|2018|50004341780004|001|4300010940|00020|UCKC0126|50|EA|610000|KRW|610000|20180727|1300|
C|005186|2018|50004341780005|001|4300011017|00010|UGBC1421|2|EA|127000|KRW|254000|20180727|1300|
C|005186|2018|50004341780006|001|4300011020|00020|UHFC0178|4|EA|122000|KRW|488000|20180727|1300|
C|005186|2018|50004341790001|001|4300010917|00010|UGCC1431|2|EA|318000|KRW|636000|20180727|1300|
C|005186|2018|50004341790002|001|4300010918|00010|UGCC1401|1|EA|853700|KRW|853700|20180727|1300|
C|005186|2018|50004341790003|001|4300010918|00020|UGCC1432|2|EA|371000|KRW|742000|20180727|1300|
C|005186|2018|50004341790004|001|4300010919|00010|UGCC1429|1|EA|1055700|KRW|1055700|20180727|1300|
C|005186|2018|50004341790005|001|4300010920|00010|UGCC1429|1|EA|1055700|KRW|1055700|20180727|1300|
C|005186|2018|50004341790006|001|4300010933|00050|UGBC1703|2|EA|71000|KRW|142000|20180727|1300|
C|005186|2018|50004341800001|001|4300010676|00010|UFGC0058|30|EA|4000|KRW|120000|20180727|1300|
C|005186|2018|50004341800002|001|4300010676|00020|UFGC0019|10|EA|14440|KRW|144400|20180727|1300|
C|005186|2018|50004341800003|001|4300010854|00040|UDDC0307|1|EA|253050|KRW|253050|20180727|1300|
C|005186|2018|50004341800004|001|4300010871|00010|UFDC0003|60|EA|458400|KRW|916800|20180727|1300|
C|005186|2018|50004341800005|001|4300010911|00040|UFKC0146|5|EA|26000|KRW|130000|20180727|1300|
C|005186|2018|50004341800006|001|4300010911|00050|UFKC0147|10|EA|25940|KRW|259400|20180727|1300|
C|005186|2018|50004341800007|001|4300010911|00060|UFKC0148|15|EA|5200|KRW|78000|20180727|1300|
C|005186|2018|50004341800008|001|4300010937|00010|UGCC0894|400|EA|300000|KRW|1200000|20180727|1300|
C|005186|2018|50004341800009|001|4300010973|00080|UGBC1191|20|EA|41000|KRW|82000|20180727|1300|
C|005186|2018|50004341810001|001|4300010800|00050|UFGC0049|20|EA|12650|KRW|253000|20180727|1300|
C|005186|2018|50004341810002|001|4300010939|00100|UBBC0006|2|EA|103370|KRW|206740|20180727|1300|
