C|005186|2017|50003416570001|001|4300007397|00100|CME0008|10|EA|1950|KRW|19500|20170515|1300|
C|005186|2017|50003416580001|001|4300007461|00010|UGBC0789|30|EA|690|KRW|20700|20170515|1300|
C|005186|2017|50003416580002|001|4300007461|00020|UGBC0787|30|EA|720|KRW|21600|20170515|1300|
C|005186|2017|50003416580003|001|4300007461|00030|UGBC0788|30|EA|920|KRW|27600|20170515|1300|
C|005186|2017|50003416580004|001|4300007461|00040|UGBC0790|30|EA|1230|KRW|36900|20170515|1300|
C|005186|2017|50003416580005|001|4300007461|00050|UGBC0785|10|EA|670|KRW|6700|20170515|1300|
C|005186|2017|50003416580006|001|4300007461|00060|UGBC0786|10|EA|850|KRW|8500|20170515|1300|
C|005186|2017|50003416580007|001|4300007461|00070|UGBC0791|20|EA|760|KRW|15200|20170515|1300|
C|005186|2017|50003416580008|001|4300007461|00080|UGBC0792|20|EA|840|KRW|16800|20170515|1300|
C|005186|2017|50003416580009|001|4300007461|00090|UGBC0793|20|EA|1030|KRW|20600|20170515|1300|
C|005186|2017|50003416580010|001|4300007461|00100|UGBC0794|20|EA|1380|KRW|27600|20170515|1300|
C|005186|2017|50003416580011|001|4300007461|00110|UGCC0228|10|EA|3150|KRW|31500|20170515|1300|
C|005186|2017|50003416580012|001|4300007461|00120|UGCC0868|10|EA|4100|KRW|41000|20170515|1300|
C|005186|2017|50003416580013|001|4300007461|00130|UGCC1018|10|EA|5088|KRW|50880|20170515|1300|
C|005186|2017|50003416580014|001|4300007461|00140|UGCC1152|10|EA|6650|KRW|66500|20170515|1300|
C|005186|2017|50003416580015|001|4300007461|00150|UGBC1148|10|EA|3750|KRW|37500|20170515|1300|
C|005186|2017|50003416580016|001|4300007461|00160|UGBC1149|10|EA|4080|KRW|40800|20170515|1300|
C|005186|2017|50003416580017|001|4300007461|00170|UGBC1150|10|EA|4390|KRW|43900|20170515|1300|
C|005186|2017|50003416580018|001|4300007461|00180|UGBC1151|10|EA|4760|KRW|47600|20170515|1300|
C|005186|2017|50003416580019|001|4300007461|00190|UGBC0750|30|EA|1290|KRW|38700|20170515|1300|
C|005186|2017|50003416580020|001|4300007461|00200|UGBC0749|30|EA|520|KRW|15600|20170515|1300|
C|005186|2017|50003416580021|001|4300007461|00210|UGBC0751|10|EA|1370|KRW|13700|20170515|1300|
C|005186|2017|50003416580022|001|4300007461|00220|UGBC0753|30|EA|740|KRW|22200|20170515|1300|
C|005186|2017|50003416580023|001|4300007461|00230|UGBC0754|30|EA|910|KRW|27300|20170515|1300|
C|005186|2017|50003416580024|001|4300007461|00240|UGBC0755|30|EA|1019|KRW|30570|20170515|1300|
C|005186|2017|50003416580025|001|4300007461|00250|UGBC0757|30|EA|966|KRW|28980|20170515|1300|
C|005186|2017|50003416580026|001|4300007461|00260|UGBC0758|30|EA|1113|KRW|33390|20170515|1300|
C|005186|2017|50003416580027|001|4300007461|00270|UGBC0761|30|EA|820|KRW|24600|20170515|1300|
C|005186|2017|50003416580028|001|4300007461|00280|UGBC0762|30|EA|1030|KRW|30900|20170515|1300|
C|005186|2017|50003416580029|001|4300007461|00290|UGBC0763|30|EA|2100|KRW|63000|20170515|1300|
C|005186|2017|50003416580030|001|4300007461|00300|UGBC0780|20|EA|570|KRW|11400|20170515|1300|
C|005186|2017|50003416580031|001|4300007461|00310|UGBC0781|20|EA|580|KRW|11600|20170515|1300|
C|005186|2017|50003416580032|001|4300007461|00320|UGBC0782|20|EA|720|KRW|14400|20170515|1300|
C|005186|2017|50003416580033|001|4300007461|00330|UGBC0783|20|EA|830|KRW|16600|20170515|1300|
C|005186|2017|50003416580034|001|4300007461|00350|UGBC0750|20|EA|1290|KRW|25800|20170515|1300|
C|005186|2017|50003416580035|001|4300007461|00360|UGCC0223|20|EA|4670|KRW|93400|20170515|1300|
C|005186|2017|50003416580036|001|4300007461|00370|UGCC0501|1|EA|38000|KRW|38000|20170515|1300|
C|005186|2017|50003416580037|001|4300007463|00010|UGCC0506|1|EA|24200|KRW|24200|20170515|1300|
C|005186|2017|50003416580038|001|4300007463|00020|UGCC0503|1|EA|66200|KRW|66200|20170515|1300|
C|005186|2017|50003416580039|001|4300007463|00030|UGCC0504|1|EA|66200|KRW|66200|20170515|1300|
C|005186|2017|50003416580040|001|4300007463|00050|UGCC0306|2|EA|51980|KRW|103960|20170515|1300|
C|005186|2017|50003416580041|001|4300007499|00010|UKEC0013|20|EA|1530|KRW|30600|20170515|1300|
C|005186|2017|50003416580042|001|4300007500|00050|UGCC0969|2|EA|190000|KRW|380000|20170515|1300|
C|005186|2017|50003416580043|001|4300007502|00010|UGCC0891|1|EA|44200|KRW|44200|20170515|1300|
C|005186|2017|50003416590001|001|4300007468|00020|UKEC0021|39|EA|1520|KRW|59280|20170515|1300|
C|005186|2017|50003416600001|001|4300007457|00010|UHFC0353|1|EA|12600|KRW|12600|20170515|1300|
C|005186|2017|50003416600002|001|4300007457|00020|UHTC0255|1|EA|6300|KRW|6300|20170515|1300|
C|005186|2017|50003416600003|001|4300007457|00030|UHFC0320|1|EA|124300|KRW|124300|20170515|1300|
C|005186|2017|50003416600004|001|4300007466|00010|UHGC0294|5|EA|96460|KRW|482300|20170515|1300|
C|005186|2017|50003416600005|001|4300007466|00020|UHFC0320|1|EA|124300|KRW|124300|20170515|1300|
C|005186|2017|50003416600006|001|4300007466|00030|UHTC0429|1|EA|549150|KRW|549150|20170515|1300|
C|005186|2017|50003416600007|001|4300007466|00040|UHNC0059|1|EA|445500|KRW|445500|20170515|1300|
C|005186|2017|50003416600008|001|4300007466|00050|UHFC0138|2|EA|165360|KRW|330720|20170515|1300|
C|005186|2017|50003416600009|001|4300007467|00010|UHFC0140|2|EA|310520|KRW|621040|20170515|1300|
C|005186|2017|50003416600010|001|4300007467|00020|UHHC0042|1|EA|655200|KRW|655200|20170515|1300|
C|005186|2017|50003416600011|001|4300007496|00010|UHGC0188|5|EA|34650|KRW|173250|20170515|1300|
C|005186|2017|50003416600012|001|4300007496|00020|UHGC0294|10|EA|96460|KRW|964600|20170515|1300|
C|005186|2017|50003416600013|001|4300007496|00030|UHFC0346|50|EA|1995|KRW|99750|20170515|1300|
C|005186|2017|50003416600014|001|4300007496|00040|UHNC0109|50|EA|650|KRW|32500|20170515|1300|
C|005186|2017|50003416600015|001|4300007496|00050|UHFC0207|30|EA|14800|KRW|444000|20170515|1300|
C|005186|2017|50003416600016|001|4300007497|00010|UHGC0134|2|EA|756000|KRW|1512000|20170515|1300|
C|005186|2017|50003416600017|001|4300007498|00010|UHFC0388|1|EA|1894900|KRW|1894900|20170515|1300|
C|005186|2017|50003416610001|001|4300007455|00010|UFGC0024|12|EA|15120|KRW|181440|20170515|1300|
C|005186|2017|50003416610002|001|4300007455|00020|UFGC0036|10|EA|4051|KRW|40510|20170515|1300|
C|005186|2017|50003416610003|001|4300007456|00010|UZZC0113|2|EA|889500|KRW|1779000|20170515|1300|
C|005186|2017|50003416610004|001|4300007500|00010|UKBC0010|3|EA|91480|KRW|274440|20170515|1300|
C|005186|2017|50003416610005|001|4300007500|00030|UKBC0010|3|EA|91480|KRW|274440|20170515|1300|
C|005186|2017|50003416610006|001|4300007502|00040|UKBC0010|2|EA|91480|KRW|182960|20170515|1300|
C|005186|2017|50003416610007|001|4300007502|00050|UKBC0010|2|EA|91480|KRW|182960|20170515|1300|
C|005186|2017|50003416620001|001|4300007461|00340|UAGC0344|1|EA|24830|KRW|24830|20170515|1300|
C|005186|2017|50003416620002|001|4300007500|00020|UAGC0442|4|EA|204400|KRW|817600|20170515|1300|
C|005186|2017|50003416620003|001|4300007500|00060|UAGC0193|50|EA|3255|KRW|162750|20170515|1300|
C|005186|2017|50003416620004|001|4300007502|00060|UAAC0022|5|EA|9970|KRW|49850|20170515|1300|
C|005186|2017|50003416630001|001|4300007502|00020|UCKC0035|15|EA|44520|KRW|667800|20170515|1300|
C|005186|2017|50003416630002|001|4300007522|00010|UBBC0006|2|EA|103370|KRW|206740|20170515|1300|
C|005186|2017|50003416630003|001|4300007523|00010|UGAC0083|1|EA|33500|KRW|33500|20170515|1300|
C|005186|2017|50003416630004|001|4300007523|00040|UHHC0203|60|EA|28000|KRW|1680000|20170515|1300|
C|005186|2017|50003416630005|001|4300007524|00010|UHDC0116|100|EA|10290|KRW|1029000|20170515|1300|
C|005186|2017|50003416630006|001|4300007524|00020|UAEC0366|1|EA|229400|KRW|229400|20170515|1300|
C|005186|2017|50003416630007|001|4300007524|00030|UJBC0004|30|EA|4337|KRW|130110|20170515|1300|
C|005186|2017|50003416630008|001|4300007524|00040|UGAC0066|5|EA|62790|KRW|313950|20170515|1300|
C|005186|2017|50003416630009|001|4300007526|00010|UHHC0201|60|EA|31580|KRW|1894800|20170515|1300|
C|005186|2017|50003416630010|001|4300007527|00020|UAGC0324|3|EA|330800|KRW|992400|20170515|1300|
C|005186|2017|50003416630011|001|4300007528|00010|UAGC0064|1|EA|112630|KRW|112630|20170515|1300|
C|005186|2017|50003416630012|001|4300007528|00020|UCKC0037|80|EA|14050|KRW|1124000|20170515|1300|
C|005186|2017|50003416630013|001|4300007528|00030|UAGC0383|100|EA|1010|KRW|101000|20170515|1300|
C|005186|2017|50003416630014|001|4300007529|00010|UCKC0037|80|EA|14050|KRW|1124000|20170515|1300|
C|005186|2017|50003416630015|001|4300007530|00010|UGAC0056|1|EA|139760|KRW|139760|20170515|1300|
C|005186|2017|50003416630016|001|4300007530|00020|UAEC0191|1|EA|173250|KRW|173250|20170515|1300|
C|005186|2017|50003416630017|001|4300007530|00040|UJCC0058|1|EA|12630|KRW|12630|20170515|1300|
C|005186|2017|50003416630018|001|4300007531|00010|UCKC0037|80|EA|14050|KRW|1124000|20170515|1300|
C|005186|2017|50003416630019|001|4300007532|00010|UIDC0111|1|EA|72450|KRW|72450|20170515|1300|
C|005186|2017|50003416640001|001|4300007468|00010|UCIC0048|1|EA|526400|KRW|526400|20170515|1300|
C|005186|2017|50003416640002|001|4300007468|00030|UCIC0159|1|EA|779000|KRW|779000|20170515|1300|
C|005186|2017|50003416640003|001|4300007470|00010|UCIC0076|1|EA|726320|KRW|726320|20170515|1300|
C|005186|2017|50003416640004|001|4300007503|00010|UGBC0007|5|EA|4200|KRW|21000|20170515|1300|
C|005186|2017|50003416640005|001|4300007503|00020|UGBC0008|5|EA|4200|KRW|21000|20170515|1300|
C|005186|2017|50003416640006|001|4300007503|00030|UGBC0568|30|EA|2940|KRW|88200|20170515|1300|
C|005186|2017|50003416640007|001|4300007503|00040|UGBC0243|30|EA|3050|KRW|91500|20170515|1300|
C|005186|2017|50003416640008|001|4300007503|00050|UGBC0244|30|EA|3780|KRW|113400|20170515|1300|
C|005186|2017|50003416640009|001|4300007503|00060|UGBC0245|30|EA|3780|KRW|113400|20170515|1300|
C|005186|2017|50003416640010|001|4300007503|00070|UGBC0352|30|EA|370|KRW|11100|20170515|1300|
C|005186|2017|50003416640011|001|4300007503|00080|UGBC1196|30|EA|520|KRW|15600|20170515|1300|
C|005186|2017|50003416640012|001|4300007503|00090|UGBC1199|20|EA|870|KRW|17400|20170515|1300|
C|005186|2017|50003416640013|001|4300007503|00100|UGBC0011|30|EA|870|KRW|26100|20170515|1300|
C|005186|2017|50003416640014|001|4300007503|00110|UGCC1081|5|EA|57000|KRW|285000|20170515|1300|
C|005186|2017|50003416640015|001|4300007523|00020|UKBC0010|1|EA|91480|KRW|91480|20170515|1300|
C|005186|2017|50003416640016|001|4300007527|00010|UDAC0266|200|EA|4840|KRW|968000|20170515|1300|
C|005186|2017|50003416640017|001|4300007528|00060|UGCC0492|1|EA|172000|KRW|172000|20170515|1300|
C|005186|2017|50003416640018|001|4300007528|00090|UEBC0501|4|EA|5544|KRW|22176|20170515|1300|
C|005186|2017|50003416640019|001|4300007528|00100|UGCC0546|2|EA|115500|KRW|231000|20170515|1300|
C|005186|2017|50003416640020|001|4300007530|00030|UZZC0148|50|EA|13200|KRW|660000|20170515|1300|
C|005186|2017|50003416640021|001|4300007532|00020|UDBC0267|100|EA|720|KRW|72000|20170515|1300|
C|005186|2017|50003416640022|001|4300007532|00030|UGCC1119|1|EA|68250|KRW|68250|20170515|1300|
C|005186|2017|50003416640023|001|4300007532|00040|UKDC0003|3|EA|70560|KRW|211680|20170515|1300|
C|005186|2017|50003416650001|001|4300007501|00010|UGCC0912|30|EA|27000|KRW|810000|20170515|1300|
C|005186|2017|50003416650002|001|4300007525|00010|UAEC0357|100|EA|5790|KRW|579000|20170515|1300|
C|005186|2017|50003416650003|001|4300007525|00020|UAEC0414|100|EA|5830|KRW|583000|20170515|1300|
C|005186|2017|50003416660001|001|4300007426|00120|UICC0035|20|EA|4940|KRW|98800|20170515|1300|
C|005186|2017|50003416660002|001|4300007461|00380|UDBC0244|5|EA|172200|KRW|861000|20170515|1300|
C|005186|2017|50003416660003|001|4300007463|00040|UEBC0663|2|EA|69930|KRW|139860|20170515|1300|
C|005186|2017|50003416660004|001|4300007463|00060|UDBC0876|100|EA|2340|KRW|234000|20170515|1300|
C|005186|2017|50003416660005|001|4300007463|00070|UDBC0845|100|EA|2730|KRW|273000|20170515|1300|
C|005186|2017|50003416660006|001|4300007463|00080|UEBC0878|1|EA|35400|KRW|35400|20170515|1300|
C|005186|2017|50003416660007|001|4300007463|00090|UEBC0177|2|EA|204750|KRW|409500|20170515|1300|
C|005186|2017|50003416660008|001|4300007463|00100|UAJC0009|2|EA|91350|KRW|182700|20170515|1300|
C|005186|2017|50003416660009|001|4300007496|00060|UAGC0325|3|EA|5180|KRW|15540|20170515|1300|
C|005186|2017|50003416660010|001|4300007496|00070|UAEC0443|10|EA|1800|KRW|18000|20170515|1300|
C|005186|2017|50003416660011|001|4300007502|00030|UCKC0025|10|EA|15700|KRW|157000|20170515|1300|
C|005186|2017|50003416660012|001|4300007523|00030|UKCC0003|19|EA|4520|KRW|85880|20170515|1300|
C|005186|2017|50003416660013|001|4300007528|00040|UKCC0003|19|EA|4520|KRW|85880|20170515|1300|
C|005186|2017|50003416660014|001|4300007528|00050|UAGC0195|2|EA|20160|KRW|40320|20170515|1300|
C|005186|2017|50003416660015|001|4300007528|00070|UCIC0016|1|EA|37470|KRW|37470|20170515|1300|
C|005186|2017|50003416660016|001|4300007528|00080|UAEC0093|1|EA|33260|KRW|33260|20170515|1300|
C|005186|2017|50003416660017|001|4300007529|00020|UEBC0665|2|EA|165850|KRW|331700|20170515|1300|
C|005186|2017|50003416660018|001|4300007529|00030|UEBC0193|30|EA|17330|KRW|519900|20170515|1300|
C|005186|2017|50003416660019|001|4300007530|00060|UEBC0649|2|EA|124740|KRW|249480|20170515|1300|
C|005186|2017|50003416660020|001|4300007530|00070|UEBC0759|10|EA|2310|KRW|23100|20170515|1300|
C|005186|2017|50003416660021|001|4300007530|00080|UEBC0758|10|EA|4170|KRW|41700|20170515|1300|
C|005186|2017|50003416670001|001|4300007533|00010|UGCC0208|30|EA|4180|KRW|125400|20170515|1300|
C|005186|2017|50003416670002|001|4300007533|00020|UGCC0221|10|EA|3390|KRW|33900|20170515|1300|
C|005186|2017|50003416670003|001|4300007533|00030|UGCC0222|30|EA|3470|KRW|104100|20170515|1300|
C|005186|2017|50003416670004|001|4300007533|00040|UGCC0223|30|EA|4670|KRW|140100|20170515|1300|
C|005186|2017|50003416670005|001|4300007533|00050|UGCC0224|30|EA|4100|KRW|123000|20170515|1300|
C|005186|2017|50003416670006|001|4300007533|00060|UGCC0214|30|EA|4600|KRW|138000|20170515|1300|
C|005186|2017|50003416670007|001|4300007533|00070|UGCC0225|10|EA|7160|KRW|71600|20170515|1300|
C|005186|2017|50003416670008|001|4300007533|00110|UGBC0744|30|EA|520|KRW|15600|20170515|1300|
C|005186|2017|50003416670009|001|4300007533|00120|UGBC0745|30|EA|560|KRW|16800|20170515|1300|
C|005186|2017|50003416670010|001|4300007533|00130|UGBC0746|30|EA|890|KRW|26700|20170515|1300|
C|005186|2017|50003416670011|001|4300007533|00140|UGBC0747|10|EA|690|KRW|6900|20170515|1300|
C|005186|2017|50003416670012|001|4300007533|00160|UGBC0765|30|EA|510|KRW|15300|20170515|1300|
C|005186|2017|50003416670013|001|4300007533|00170|UGBC0766|30|EA|650|KRW|19500|20170515|1300|
C|005186|2017|50003416670014|001|4300007533|00180|UGBC0767|30|EA|809|KRW|24270|20170515|1300|
C|005186|2017|50003416670015|001|4300007533|00190|UGBC1235|30|EA|590|KRW|17700|20170515|1300|
C|005186|2017|50003416670016|001|4300007533|00200|UGBC0768|30|EA|609|KRW|18270|20170515|1300|
C|005186|2017|50003416670017|001|4300007533|00220|UGBC1236|30|EA|915|KRW|27450|20170515|1300|
C|005186|2017|50003416670018|001|4300007533|00230|UGBC0771|30|EA|840|KRW|25200|20170515|1300|
C|005186|2017|50003416670019|001|4300007533|00240|UGBC0772|30|EA|924|KRW|27720|20170515|1300|
C|005186|2017|50003416670020|001|4300007533|00250|UGBC0773|20|EA|1218|KRW|24360|20170515|1300|
C|005186|2017|50003416670021|001|4300007533|00260|UGBC0774|30|EA|1134|KRW|34020|20170515|1300|
C|005186|2017|50003416670022|001|4300007533|00270|UGBC0775|30|EA|1155|KRW|34650|20170515|1300|
C|005186|2017|50003416670023|001|4300007533|00280|UGBC0776|30|EA|1313|KRW|39390|20170515|1300|
C|005186|2017|50003416670024|001|4300007534|00010|UGCC0216|30|EA|3580|KRW|107400|20170515|1300|
C|005186|2017|50003416670025|001|4300007534|00020|UGCC0226|30|EA|6650|KRW|199500|20170515|1300|
C|005186|2017|50003416670026|001|4300007534|00030|UGCC0909|10|EA|6390|KRW|63900|20170515|1300|
C|005186|2017|50003416670027|001|4300007534|00040|UGBC0748|30|EA|452|KRW|13560|20170515|1300|
C|005186|2017|50003416670028|001|4300007534|00050|UGBC0769|30|EA|809|KRW|24270|20170515|1300|
C|005186|2017|50003416670029|001|4300007534|00060|UGCC0218|40|EA|2877|KRW|115080|20170515|1300|
C|005186|2017|50003416670030|001|4300007534|00070|UGCC0219|30|EA|3310|KRW|99300|20170515|1300|
