C|005186|2015|50001409800001|001|4300002370|00010|KH990100|4|EA|27220|KRW|108880|20150330|1300|
C|005186|2015|50001409800002|001|4300002370|00020|KH990101|6|EA|7250|KRW|43500|20150330|1300|
C|005186|2015|50001409800003|001|4300002370|00030|KP100300|1|EA|31500|KRW|31500|20150330|1300|
C|005186|2015|50001409800004|001|4300002370|00040|KP100301|2|EA|31200|KRW|62400|20150330|1300|
C|005186|2015|50001409800005|001|4300002370|00050|KP150400|200|EA|170|KRW|34000|20150330|1300|
C|005186|2015|50001409800006|001|4300002370|00230|KS990007|5|EA|51450|KRW|257250|20150330|1300|
C|005186|2015|50001409800007|001|4300002370|00250|KT020003|3|EA|5600|KRW|16800|20150330|1300|
C|005186|2015|50001409800008|001|4300002370|00260|KT020005|3|EA|5640|KRW|16920|20150330|1300|
C|005186|2015|50001409800009|001|4300002370|00280|KT020500|20|EA|3110|KRW|62200|20150330|1300|
C|005186|2015|50001409800010|001|4300002370|00290|KT020600|4|EA|14910|KRW|59640|20150330|1300|
C|005186|2015|50001409800011|001|4300002370|00300|KT020610|1|EA|29150|KRW|29150|20150330|1300|
C|005186|2015|50001409800012|001|4300002370|00310|KT020611|1|EA|28140|KRW|28140|20150330|1300|
C|005186|2015|50001409800013|001|4300002370|00320|KT020612|1|EA|44100|KRW|44100|20150330|1300|
C|005186|2015|50001409800014|001|4300002370|00330|KT020700|23|EA|2680|KRW|61640|20150330|1300|
C|005186|2015|50001409800015|001|4300002370|00340|KT080110|2|EA|25440|KRW|50880|20150330|1300|
C|005186|2015|50001409800016|001|4300002370|00350|KT080300|20.000|KG|2770|KRW|55400|20150330|1300|
C|005186|2015|50001409800017|001|4300002370|00360|KT080311|2|EA|72980|KRW|145960|20150330|1300|
C|005186|2015|50001409800018|001|4300002370|00370|KT080500|1|EA|26500|KRW|26500|20150330|1300|
C|005186|2015|50001409800019|001|4300002370|00380|KT080520|9|EA|2760|KRW|24840|20150330|1300|
C|005186|2015|50001409800020|001|4300002370|00390|KT990001|200|EA|510|KRW|102000|20150330|1300|
C|005186|2015|50001409800021|001|4300002370|00400|KT990010|170|EA|370|KRW|62900|20150330|1300|
C|005186|2015|50001409800022|001|4300002394|00070|UDDC0131|10|EA|24360|KRW|243600|20150330|1300|
C|005186|2015|50001409800023|001|4300002394|00120|UAGC0440|10|EA|5570|KRW|55700|20150330|1300|
C|005186|2015|50001409800024|001|4300002395|00020|UAGC0136|10|EA|6980|KRW|69800|20150330|1300|
C|005186|2015|50001409800025|001|4300002395|00030|UAGC0441|10|EA|8020|KRW|80200|20150330|1300|
C|005186|2015|50001409800026|001|4300002395|00040|UAGC0438|10|EA|10730|KRW|107300|20150330|1300|
C|005186|2015|50001409800027|001|4300002396|00010|UJAC0072|20|EA|12600|KRW|252000|20150330|1300|
C|005186|2015|50001409800028|001|4300002396|00020|UJAC0073|20|EA|13130|KRW|262600|20150330|1300|
C|005186|2015|50001409800029|001|4300002397|00030|UDBC0876|50|EA|2340|KRW|117000|20150330|1300|
C|005186|2015|50001409800030|001|4300002399|00050|UAGC0087|10|EA|1020|KRW|10200|20150330|1300|
C|005186|2015|50001409810001|001|4300002370|00270|KT020019|1|EA|23570|KRW|23570|20150330|1300|
C|005186|2015|50001409810002|001|4300002393|00010|UAEC0405|4|EA|4810|KRW|19240|20150330|1300|
C|005186|2015|50001409810003|001|4300002393|00070|UAAC0003|5|EA|24150|KRW|120750|20150330|1300|
C|005186|2015|50001409810004|001|4300002394|00020|UDAC0109|10|EA|6000|KRW|60000|20150330|1300|
C|005186|2015|50001409810005|001|4300002394|00030|UEBC1129|3|EA|72900|KRW|218700|20150330|1300|
C|005186|2015|50001409810006|001|4300002394|00050|UGCC0075|1|EA|383300|KRW|383300|20150330|1300|
C|005186|2015|50001409810007|001|4300002394|00060|UJAC0117|1|EA|76650|KRW|76650|20150330|1300|
C|005186|2015|50001409810008|001|4300002394|00080|UEBC1137|2|EA|8280|KRW|16560|20150330|1300|
C|005186|2015|50001409810009|001|4300002394|00090|UEBC1133|1|EA|53800|KRW|53800|20150330|1300|
C|005186|2015|50001409810010|001|4300002394|00100|UEBC0242|10|EA|3530|KRW|35300|20150330|1300|
C|005186|2015|50001409810011|001|4300002394|00110|UDDC0093|9|EA|3150|KRW|28350|20150330|1300|
C|005186|2015|50001409810012|001|4300002395|00010|UEBC0011|8|EA|133350|KRW|1066800|20150330|1300|
C|005186|2015|50001409810013|001|4300002395|00050|UJAC0015|100|EA|2100|KRW|210000|20150330|1300|
C|005186|2015|50001409810014|001|4300002395|00060|UAGC0192|100|EA|3150|KRW|315000|20150330|1300|
C|005186|2015|50001409810015|001|4300002396|00030|UGBC0111|5|EA|294000|KRW|1470000|20150330|1300|
C|005186|2015|50001409810016|001|4300002397|00010|UGBC0112|5|EA|231000|KRW|1155000|20150330|1300|
C|005186|2015|50001409810017|001|4300002397|00020|UEBC1197|5|EA|21200|KRW|106000|20150330|1300|
C|005186|2015|50001409810018|001|4300002397|00060|UDAC0096|20|EA|2310|KRW|46200|20150330|1300|
C|005186|2015|50001409810019|001|4300002397|00070|UDAC0008|20|EA|2540|KRW|50800|20150330|1300|
C|005186|2015|50001409810020|001|4300002399|00010|UEBC0418|2|EA|20290|KRW|40580|20150330|1300|
C|005186|2015|50001409810021|001|4300002399|00030|UDDC0283|5|EA|22470|KRW|112350|20150330|1300|
C|005186|2015|50001409810022|001|4300002399|00040|UGCC0043|1|EA|234150|KRW|234150|20150330|1300|
C|005186|2015|50001409810023|001|4300002400|00050|UDFC0014|1|EA|383250|KRW|383250|20150330|1300|
C|005186|2015|50001409810024|001|4300002401|00060|UAGC0075|1|EA|13270|KRW|13270|20150330|1300|
C|005186|2015|50001409810025|001|4300002403|00010|UEBC0010|8|EA|89570|KRW|716560|20150330|1300|
C|005186|2015|50001409820001|001|4300002424|00280|UEBC0263|3|EA|36120|KRW|108360|20150330|1300|
C|005186|2015|50001409820002|001|4300002424|00290|UEBC0418|5|EA|20290|KRW|101450|20150330|1300|
C|005186|2015|50001409820003|001|4300002436|00050|UAEC0368|1|EA|16170|KRW|16170|20150330|1300|
C|005186|2015|50001409820004|001|4300002436|00070|UADC0156|2|EA|16800|KRW|33600|20150330|1300|
C|005186|2015|50001409820005|001|4300002436|00080|UDBC0422|200|EA|69|KRW|13800|20150330|1300|
C|005186|2015|50001409820006|001|4300002436|00090|UDBC0424|200|EA|72|KRW|14400|20150330|1300|
C|005186|2015|50001409820007|001|4300002436|00100|UAEC0063|4|EA|4260|KRW|17040|20150330|1300|
C|005186|2015|50001409820008|001|4300002436|00110|UGBC0955|50|EA|3680|KRW|184000|20150330|1300|
C|005186|2015|50001409820009|001|4300002436|00120|UGCC0206|50|EA|3490|KRW|174500|20150330|1300|
C|005186|2015|50001409820010|001|4300002436|00130|UHTC0238|2|EA|10100|KRW|20200|20150330|1300|
C|005186|2015|50001409820011|001|4300002436|00140|UCGC0001|20|EA|6760|KRW|135200|20150330|1300|
C|005186|2015|50001409820012|001|4300002436|00150|UEBC0358|20|EA|2460|KRW|49200|20150330|1300|
C|005186|2015|50001409820013|001|4300002437|00090|UEBC0789|20|EA|2450|KRW|49000|20150330|1300|
C|005186|2015|50001409820014|001|4300002438|00020|UEBC0105|10|EA|2820|KRW|28200|20150330|1300|
C|005186|2015|50001409820015|001|4300002438|00030|UEBC0267|3|EA|75030|KRW|225090|20150330|1300|
C|005186|2015|50001409820016|001|4300002438|00040|UEBC0140|5|EA|16070|KRW|80350|20150330|1300|
C|005186|2015|50001409830001|001|4300002393|00080|UHFC0411|5|EA|15800|KRW|79000|20150330|1300|
C|005186|2015|50001409830002|001|4300002424|00010|UAEC0299|3|EA|18900|KRW|56700|20150330|1300|
C|005186|2015|50001409830003|001|4300002437|00020|UADC0040|20|EA|7880|KRW|157600|20150330|1300|
C|005186|2015|50001409840001|001|4300002438|00130|UHTC0726|10|EA|16850|KRW|168500|20150330|1300|
C|005186|2015|50001409850001|001|4300002399|00020|UHGC0139|2|EA|561750|KRW|1123500|20150330|1300|
C|005186|2015|50001409850002|001|4300002400|00010|UHHC0048|10|EA|121800|KRW|1218000|20150330|1300|
C|005186|2015|50001409850003|001|4300002400|00020|UHDC0108|20|EA|6300|KRW|126000|20150330|1300|
C|005186|2015|50001409850004|001|4300002400|00030|UHDC0109|20|EA|6300|KRW|126000|20150330|1300|
C|005186|2015|50001409850005|001|4300002400|00040|UHDC0142|65|EA|455|KRW|29575|20150330|1300|
C|005186|2015|50001409850006|001|4300002401|00100|UHTC0258|40|EA|810|KRW|32400|20150330|1300|
C|005186|2015|50001409850007|001|4300002401|00110|UHTC0257|40|EA|810|KRW|32400|20150330|1300|
C|005186|2015|50001409850008|001|4300002402|00010|UHFC0195|1|EA|92400|KRW|92400|20150330|1300|
C|005186|2015|50001409850009|001|4300002402|00020|UHFC0198|1|EA|92400|KRW|92400|20150330|1300|
C|005186|2015|50001409850010|001|4300002402|00030|UHHC0185|1|EA|521100|KRW|521100|20150330|1300|
C|005186|2015|50001409850011|001|4300002402|00040|UHHC0038|2|EA|340200|KRW|680400|20150330|1300|
C|005186|2015|50001409850012|001|4300002402|00050|UHHC0037|1|EA|172620|KRW|172620|20150330|1300|
C|005186|2015|50001409850013|001|4300002436|00010|UCKC0037|80|EA|14050|KRW|1124000|20150330|1300|
C|005186|2015|50001409850014|001|4300002437|00110|UHGC0037|5|EA|19803|KRW|99015|20150330|1300|
C|005186|2015|50001409850015|001|4300002437|00120|UHFC0276|1|EA|452000|KRW|452000|20150330|1300|
C|005186|2015|50001409850016|001|4300002437|00130|UGAC0086|3|EA|31500|KRW|94500|20150330|1300|
C|005186|2015|50001409850017|001|4300002438|00010|UGAC0083|17|EA|33500|KRW|569500|20150330|1300|
C|005186|2015|50001409850018|001|4300002439|00010|UHNC0113|1|EA|772800|KRW|772800|20150330|1300|
C|005186|2015|50001409850019|001|4300002439|00020|UHCC0018|1|EA|922100|KRW|922100|20150330|1300|
C|005186|2015|50001409860001|001|4300002369|00060|UHTC0442|26|EA|24700|KRW|642200|20150330|1300|
C|005186|2015|50001409860002|001|4300002369|00070|UHTC0438|8|EA|34800|KRW|278400|20150330|1300|
C|005186|2015|50001409860003|001|4300002369|00080|UHGC0024|5|EA|76100|KRW|380500|20150330|1300|
C|005186|2015|50001409860004|001|4300002373|00060|UHGC0249|5|EA|10100|KRW|50500|20150330|1300|
C|005186|2015|50001409860005|001|4300002373|00080|UHTC0449|10|EA|1900|KRW|19000|20150330|1300|
C|005186|2015|50001409860006|001|4300002373|00090|UHTC0173|5|EA|19470|KRW|97350|20150330|1300|
C|005186|2015|50001409860007|001|4300002373|00100|UHTC0442|5|EA|24700|KRW|123500|20150330|1300|
C|005186|2015|50001409860008|001|4300002374|00010|UHHC0060|2|EA|412650|KRW|825300|20150330|1300|
C|005186|2015|50001409860009|001|4300002374|00020|UHHC0002|1|EA|228900|KRW|228900|20150330|1300|
C|005186|2015|50001409860010|001|4300002374|00030|UHHC0063|1|EA|790650|KRW|790650|20150330|1300|
C|005186|2015|50001409860011|001|4300002375|00010|UHTC0418|2|EA|241500|KRW|483000|20150330|1300|
C|005186|2015|50001409860012|001|4300002375|00020|UHDC0076|5|EA|62000|KRW|310000|20150330|1300|
C|005186|2015|50001409860013|001|4300002375|00030|UHDC0095|5|EA|61950|KRW|309750|20150330|1300|
C|005186|2015|50001409860014|001|4300002375|00040|UHDC0122|5|EA|5780|KRW|28900|20150330|1300|
C|005186|2015|50001409860015|001|4300002375|00060|UHHC0132|1|EA|543900|KRW|543900|20150330|1300|
