C|005186|2020|50005532400001|001|4300016250|00010|UDAC0273|2|EA|73650|KRW|147300|20200311|1300|
C|005186|2020|50005532400002|001|4300016250|00020|UDAC0120|1|EA|367500|KRW|367500|20200311|1300|
C|005186|2020|50005532400003|001|4300016250|00060|UDAC0382|50|EA|15800|KRW|79000|20200311|1300|
C|005186|2020|50005532400004|001|4300016250|00070|UDAC0383|50|EA|21100|KRW|105500|20200311|1300|
C|005186|2020|50005532400005|001|4300016250|00080|UDAC0384|50|EA|31700|KRW|158500|20200311|1300|
C|005186|2020|50005532400006|001|4300016250|00090|UAAC0033|5|EA|16480|KRW|82400|20200311|1300|
C|005186|2020|50005532400007|001|4300016252|00010|UEBC0770|10|EA|6300|KRW|6300|20200311|1300|
C|005186|2020|50005532400008|001|4300016252|00020|UEBC0791|10|EA|13500|KRW|13500|20200311|1300|
C|005186|2020|50005532400009|001|4300016253|00010|UEBC1210|3|EA|146500|KRW|439500|20200311|1300|
C|005186|2020|50005532400010|001|4300016254|00010|UEBC1166|10|EA|520000|KRW|1040000|20200311|1300|
C|005186|2020|50005532400011|001|4300016254|00020|UEBC1159|6|EA|134600|KRW|807600|20200311|1300|
C|005186|2020|50005532400012|001|4300016254|00040|UEBC0771|30|EA|1890|KRW|56700|20200311|1300|
C|005186|2020|50005532400013|001|4300016254|00050|UEBC0029|10|EA|25240|KRW|252400|20200311|1300|
C|005186|2020|50005532400014|001|4300016254|00060|UEBC0030|10|EA|12130|KRW|121300|20200311|1300|
C|005186|2020|50005532400015|001|4300016254|00070|UEBC0647|7|EA|45680|KRW|319760|20200311|1300|
C|005186|2020|50005532410001|001|4300016146|00010|UDDC0005|1|EA|5670|KRW|5670|20200311|1300|
C|005186|2020|50005532410002|001|4300016146|00030|UGCC1610|1|EA|20000|KRW|20000|20200311|1300|
C|005186|2020|50005532410003|001|4300016146|00040|UEBC1621|2|EA|34450|KRW|68900|20200311|1300|
C|005186|2020|50005532410004|001|4300016146|00060|UCKC0010|1|EA|30450|KRW|30450|20200311|1300|
C|005186|2020|50005532410005|001|4300016146|00120|UEBC1279|2|EA|146000|KRW|292000|20200311|1300|
C|005186|2020|50005532410006|001|4300016146|00130|UEBC0225|2|EA|2820|KRW|5640|20200311|1300|
C|005186|2020|50005532410007|001|4300016146|00150|UEBC1529|4|EA|26200|KRW|104800|20200311|1300|
C|005186|2020|50005532410008|001|4300016188|00090|UAJC0009|1|EA|91350|KRW|91350|20200311|1300|
C|005186|2020|50005532420001|001|4300016195|00010|UZZC0185|1|EA|861000|KRW|861000|20200311|1300|
C|005186|2020|50005532420002|001|4300016195|00020|UZZC0184|2|EA|147000|KRW|294000|20200311|1300|
C|005186|2020|50005532420003|001|4300016250|00030|UAGC0170|10|EA|24830|KRW|248300|20200311|1300|
C|005186|2020|50005532420004|001|4300016250|00040|UAGC0171|10|EA|24830|KRW|248300|20200311|1300|
C|005186|2020|50005532420005|001|4300016250|00100|UEBC0522|2|EA|13430|KRW|26860|20200311|1300|
C|005186|2020|50005532420006|001|4300016251|00010|UEBC0483|1|EA|3140|KRW|3140|20200311|1300|
C|005186|2020|50005532420007|001|4300016254|00030|UAEC0504|1|EA|13480|KRW|13480|20200311|1300|
C|005186|2020|50005532420008|001|4300016255|00020|UICC0060|1|EA|11600|KRW|11600|20200311|1300|
C|005186|2020|50005532420009|001|4300016255|00030|UICC0061|2|EA|4540|KRW|9080|20200311|1300|
C|005186|2020|50005532420010|001|4300016255|00040|UFGC0042|1|EA|58900|KRW|58900|20200311|1300|
C|005186|2020|50005532430001|001|4300016249|00010|UDBC1051|50|EA|4475|KRW|44750|20200311|1300|
C|005186|2020|50005532430002|001|4300016249|00020|UDBC1059|50|EA|11700|KRW|58500|20200311|1300|
C|005186|2020|50005532430003|001|4300016249|00030|UDBC0351|100|EA|28400|KRW|28400|20200311|1300|
C|005186|2020|50005532430004|001|4300016249|00040|UDBC0074|200|EA|7800|KRW|15600|20200311|1300|
C|005186|2020|50005532430005|001|4300016249|00050|UDBC0567|50|EA|4300|KRW|21500|20200311|1300|
C|005186|2020|50005532430006|001|4300016249|00060|UDBC1061|50|EA|4500|KRW|22500|20200311|1300|
C|005186|2020|50005532430007|001|4300016249|00070|UDBC0637|50|EA|4100|KRW|20500|20200311|1300|
C|005186|2020|50005532440001|001|4300016255|00070|UAEC0286|8|EA|208440|KRW|1667520|20200311|1300|
C|005186|2020|50005532450001|001|4300015457|00010|UJCC0043|10000|EA|210000|KRW|420000|20200311|1300|
C|005186|2020|50005532460001|001|4300015639|00010|UALC0075|3000|EA|45000|KRW|135000|20200311|1300|
C|005186|2020|50005532470001|001|4300015638|00020|UHFC0235|2|EA|12800|KRW|25600|20200311|1300|
C|005186|2020|50005532470002|001|4300015638|00090|UCKC0035|15|EA|222600|KRW|667800|20200311|1300|
C|005186|2020|50005532470003|001|4300015638|00100|UALC0037|6|EA|286650|KRW|573300|20200311|1300|
C|005186|2020|50005532480001|001|4300016142|00020|UJCC0043|10000|EA|210000|KRW|420000|20200311|1300|
C|005186|2020|50005532490001|001|4300015966|00010|UHTC0784|15|EA|10600|KRW|159000|20200311|1300|
C|005186|2020|50005532490002|001|4300015966|00020|UCAC0311|1|EA|395000|KRW|395000|20200311|1300|
C|005186|2020|50005532500001|001|4300016148|00020|UALC0137|100|EA|30000|KRW|300000|20200311|1300|
C|005186|2020|50005532510001|001|4300015967|00010|UHHC0215|6|EA|79050|KRW|474300|20200311|1300|
C|005186|2020|50005532510002|001|4300016025|00030|UHHC0215|3|EA|79050|KRW|237150|20200311|1300|
C|005186|2020|50005532510003|001|4300016054|00020|UHGC0366|2|EA|470000|KRW|940000|20200311|1300|
C|005186|2020|50005532520001|001|4300015650|00010|UGCC1559|4|EA|202000|KRW|808000|20200311|1300|
C|005186|2020|50005532530001|001|4300015634|00010|UHHC0211|50|EA|38000|KRW|1900000|20200311|1300|
C|005186|2020|50005532540001|001|4300015834|00010|UCIC0247|1|EA|841000|KRW|841000|20200311|1300|
C|005186|2020|50005532550001|001|4300016258|00010|UDFC0118|2|EA|17870|KRW|35740|20200311|1300|
C|005186|2020|50005532550002|001|4300016258|00060|UACC0020|3|EA|52080|KRW|156240|20200311|1300|
C|005186|2020|50005532550003|001|4300016258|00070|UACC0021|3|EA|52080|KRW|156240|20200311|1300|
C|005186|2020|50005532550004|001|4300016258|00080|UGCC0636|5|EA|44520|KRW|222600|20200311|1300|
C|005186|2020|50005532550005|001|4300016260|00010|UEBC1698|10|EA|2420|KRW|24200|20200311|1300|
C|005186|2020|50005532550006|001|4300016263|00150|UGBC1430|1|EA|384000|KRW|384000|20200311|1300|
C|005186|2020|50005532550007|001|4300016263|00180|UGCC0502|1|EA|38000|KRW|38000|20200311|1300|
C|005186|2020|50005532550008|001|4300016304|00030|UAHC0188|10|EA|2630|KRW|26300|20200311|1300|
