C|005186|2015|50001550830001|001|4300002737|00050|UGBC1451|1|EA|527000|KRW|527000|20150529|1300|
C|005186|2015|50001550830002|001|4300002792|00060|UHTC0747|2|EA|101000|KRW|202000|20150529|1300|
C|005186|2015|50001550830003|001|4300002794|00010|UHTC0747|8|EA|101000|KRW|808000|20150529|1300|
C|005186|2015|50001550830004|001|4300002794|00020|UHTC0748|10|EA|57300|KRW|573000|20150529|1300|
C|005186|2015|50001550830005|001|4300002820|00010|UGCC0939|2|EA|63000|KRW|126000|20150529|1300|
C|005186|2015|50001550830006|001|4300002820|00030|UEBC1210|8|EA|146500|KRW|1172000|20150529|1300|
C|005186|2015|50001550830007|001|4300002820|00040|UDBC0911|20|EA|310|KRW|6200|20150529|1300|
C|005186|2015|50001550830008|001|4300002820|00050|UGCC0940|2|EA|103000|KRW|206000|20150529|1300|
C|005186|2015|50001550830009|001|4300002820|00120|UGBC1434|20|EA|3980|KRW|79600|20150529|1300|
C|005186|2015|50001550830010|001|4300002820|00130|UGBC1435|20|EA|5350|KRW|107000|20150529|1300|
C|005186|2015|50001550830011|001|4300002820|00140|UGBC1436|20|EA|5690|KRW|113800|20150529|1300|
C|005186|2015|50001550830012|001|4300002821|00040|UGBC1437|20|EA|5350|KRW|107000|20150529|1300|
C|005186|2015|50001550830013|001|4300002821|00050|UGCC0948|1|EA|48800|KRW|48800|20150529|1300|
C|005186|2015|50001550830014|001|4300002821|00060|UEBC1217|2|EA|16600|KRW|33200|20150529|1300|
C|005186|2015|50001550830015|001|4300002822|00060|UGCC0941|1|EA|82700|KRW|82700|20150529|1300|
C|005186|2015|50001550830016|001|4300002838|00010|UGBC1423|7|EA|233000|KRW|1631000|20150529|1300|
C|005186|2015|50001550830017|001|4300002838|00020|UGBC1424|1|EA|185000|KRW|185000|20150529|1300|
C|005186|2015|50001550830018|001|4300002838|00030|UGBC1428|1|EA|170000|KRW|170000|20150529|1300|
C|005186|2015|50001550840001|001|4300002787|00010|UEBC0643|4|EA|378000|KRW|1512000|20150529|1300|
C|005186|2015|50001550840002|001|4300002793|00010|UEAC0171|4|EA|197000|KRW|788000|20150529|1300|
C|005186|2015|50001550840003|001|4300002795|00010|UEAC0173|2|EA|89500|KRW|179000|20150529|1300|
C|005186|2015|50001550840004|001|4300002795|00060|UEAC0175|2|EA|73000|KRW|146000|20150529|1300|
C|005186|2015|50001550850001|001|4300002723|00010|UAEC0301|10|EA|11550|KRW|115500|20150529|1300|
C|005186|2015|50001550850002|001|4300002723|00020|UAEC0150|1|EA|515800|KRW|515800|20150529|1300|
C|005186|2015|50001550850003|001|4300002724|00020|UAGC0052|30|EA|2520|KRW|75600|20150529|1300|
C|005186|2015|50001550850004|001|4300002724|00030|UZZC0138|50|EA|2420|KRW|121000|20150529|1300|
C|005186|2015|50001550850005|001|4300002725|00020|UAHC0038|50|EA|7660|KRW|383000|20150529|1300|
C|005186|2015|50001550850006|001|4300002726|00010|UCIC0018|10|EA|8510|KRW|85100|20150529|1300|
C|005186|2015|50001550850007|001|4300002726|00060|UAAC0011|3|EA|2520|KRW|7560|20150529|1300|
C|005186|2015|50001550850008|001|4300002727|00020|UEBC0157|2|EA|54600|KRW|109200|20150529|1300|
C|005186|2015|50001550850009|001|4300002727|00090|UFAC0003|1|EA|182000|KRW|182000|20150529|1300|
C|005186|2015|50001550850010|001|4300002761|00010|CMB0001|100|EA|655|KRW|65500|20150529|1300|
C|005186|2015|50001550860001|001|4300002737|00070|UHTC0744|2|EA|276000|KRW|552000|20150529|1300|
C|005186|2015|50001550870001|001|4300002792|00030|UEAC0170|1|EA|572000|KRW|572000|20150529|1300|
C|005186|2015|50001550880001|001|4300002723|00040|UDBC0170|50|EA|27|KRW|1350|20150529|1300|
C|005186|2015|50001550880002|001|4300002723|00050|UEBC0449|12|EA|1540|KRW|18480|20150529|1300|
C|005186|2015|50001550880003|001|4300002723|00060|UDAC0240|200|EA|3990|KRW|798000|20150529|1300|
C|005186|2015|50001550880004|001|4300002724|00010|UGBC0272|2|EA|863000|KRW|1726000|20150529|1300|
C|005186|2015|50001550890001|001|4300002732|00040|UEBC0365|4|EA|2250|KRW|9000|20150529|1300|
C|005186|2015|50001550890002|001|4300002732|00050|UEBC0030|4|EA|12130|KRW|48520|20150529|1300|
C|005186|2015|50001550890003|001|4300002732|00060|UEBC1232|5|EA|4770|KRW|23850|20150529|1300|
C|005186|2015|50001550890004|001|4300002732|00070|UBCC0009|6|EA|57240|KRW|343440|20150529|1300|
C|005186|2015|50001550890005|001|4300002732|00080|UIDC0114|1|EA|26250|KRW|26250|20150529|1300|
C|005186|2015|50001550890006|001|4300002733|00010|UEBC0548|14|EA|46100|KRW|645400|20150529|1300|
C|005186|2015|50001550890007|001|4300002733|00020|UEBC0174|5|EA|246750|KRW|1233750|20150529|1300|
C|005186|2015|50001550890008|001|4300002734|00010|UEBC0643|2|EA|378000|KRW|756000|20150529|1300|
C|005186|2015|50001550890009|001|4300002734|00020|UDAC0053|5|EA|196350|KRW|981750|20150529|1300|
C|005186|2015|50001550890010|001|4300002734|00040|UEBC1193|10|EA|1650|KRW|16500|20150529|1300|
C|005186|2015|50001550890011|001|4300002735|00020|UDDC0141|10|EA|24680|KRW|246800|20150529|1300|
C|005186|2015|50001550890012|001|4300002735|00030|UDEC0044|1|EA|11920|KRW|11920|20150529|1300|
C|005186|2015|50001550890013|001|4300002735|00040|UEBC0056|1|EA|41160|KRW|41160|20150529|1300|
C|005186|2015|50001550890014|001|4300002735|00050|UDDC0184|5|EA|26775|KRW|133875|20150529|1300|
C|005186|2015|50001550890015|001|4300002735|00070|UDEC0014|1|EA|58440|KRW|58440|20150529|1300|
C|005186|2015|50001550890016|001|4300002735|00080|UEBC0156|2|EA|103040|KRW|206080|20150529|1300|
C|005186|2015|50001550890017|001|4300002735|00090|UDEC0079|2|EA|161700|KRW|323400|20150529|1300|
C|005186|2015|50001550890018|001|4300002735|00100|UKEC0014|8|EA|1530|KRW|12240|20150529|1300|
C|005186|2015|50001550890019|001|4300002736|00100|UZZC0029|20|EA|11550|KRW|231000|20150529|1300|
C|005186|2015|50001550890020|001|4300002736|00110|UZZC0115|1|EA|42100|KRW|42100|20150529|1300|
C|005186|2015|50001550890021|001|4300002736|00120|UFGC0041|1|EA|247400|KRW|247400|20150529|1300|
C|005186|2015|50001550890022|001|4300002736|00130|UFGC0019|15|EA|14440|KRW|216600|20150529|1300|
C|005186|2015|50001550890023|001|4300002736|00140|UABC0033|10|EA|10080|KRW|100800|20150529|1300|
