C|005186|2014|50000599490001|001|4300001158|00180|CMF0005|5|EA|20700|KRW|103500|20140228|1300|
C|005186|2014|50000599490002|001|4300001160|00130|CMF0005|2|EA|20700|KRW|41400|20140228|1300|
C|005186|2014|50000599490003|001|4300001162|00110|CMF0005|10|EA|20700|KRW|207000|20140228|1300|
C|005186|2014|50000599490004|001|4300001164|00110|CMF0005|6|EA|20700|KRW|124200|20140228|1300|
C|005186|2014|50000599490005|001|4300001167|00080|CMF0005|2|EA|20700|KRW|41400|20140228|1300|
C|005186|2014|50000599490006|001|4300001168|00160|CMF0005|3|EA|20700|KRW|62100|20140228|1300|
C|005186|2014|50000599490007|001|4300001169|00100|CMF0005|3|EA|20700|KRW|62100|20140228|1300|
C|005186|2014|50000599500001|001|4300001079|00010|CMA0001|200|EA|240|KRW|48000|20140228|1300|
C|005186|2014|50000599500002|001|4300001079|00020|CMA0007|400|EA|270|KRW|108000|20140228|1300|
C|005186|2014|50000599500003|001|4300001079|00030|CMA0017|30|EA|780|KRW|23400|20140228|1300|
C|005186|2014|50000599500004|001|4300001079|00040|CMB0001|200|EA|655|KRW|131000|20140228|1300|
C|005186|2014|50000599500005|001|4300001079|00050|CMA0003|10|EA|950|KRW|9500|20140228|1300|
C|005186|2014|50000599500006|001|4300001079|00070|CMZ0032|30|EA|1970|KRW|59100|20140228|1300|
C|005186|2014|50000599500007|001|4300001079|00080|CMZ0006|3|EA|1155|KRW|3465|20140228|1300|
C|005186|2014|50000599500008|001|4300001079|00090|CMF0001|3|EA|1680|KRW|5040|20140228|1300|
C|005186|2014|50000599500009|001|4300001079|00100|CMH0007|4|EA|11700|KRW|46800|20140228|1300|
C|005186|2014|50000599500010|001|4300001079|00110|CMZ0006|3|EA|1155|KRW|3465|20140228|1300|
C|005186|2014|50000599500011|001|4300001079|00120|CMF0002|2|EA|1100|KRW|2200|20140228|1300|
C|005186|2014|50000599500012|001|4300001079|00130|CMZ0004|3|EA|380|KRW|1140|20140228|1300|
C|005186|2014|50000599500013|001|4300001079|00170|CMH0006|6|EA|400|KRW|2400|20140228|1300|
C|005186|2014|50000599510001|001|4300000999|00160|CMF0005|5|EA|20700|KRW|103500|20140228|1300|
C|005186|2014|50000599510002|001|4300001000|00130|CMF0005|2|EA|20700|KRW|41400|20140228|1300|
C|005186|2014|50000599510003|001|4300001002|00150|CMF0005|10|EA|20700|KRW|207000|20140228|1300|
C|005186|2014|50000599510004|001|4300001003|00100|CMF0005|6|EA|20700|KRW|124200|20140228|1300|
C|005186|2014|50000599510005|001|4300001005|00070|CMF0005|1|EA|20700|KRW|20700|20140228|1300|
C|005186|2014|50000599510006|001|4300001006|00070|CMF0005|2|EA|20700|KRW|41400|20140228|1300|
C|005186|2014|50000599510007|001|4300001009|00160|CMF0005|4|EA|20700|KRW|82800|20140228|1300|
C|005186|2014|50000599510008|001|4300001010|00100|CMF0004|3|EA|22050|KRW|66150|20140228|1300|
C|005186|2014|50000599520001|001|4300001156|00060|CMF0005|1|EA|20700|KRW|20700|20140228|1300|
C|005186|2014|50000599530001|001|4300001152|00080|CMF0005|1|EA|20700|KRW|20700|20140228|1300|
C|005186|2014|50000599530002|001|4300001153|00060|CMF0005|3|EA|20700|KRW|62100|20140228|1300|
C|005186|2014|50000599530003|001|4300001154|00070|CMF0005|2|EA|20700|KRW|41400|20140228|1300|
C|005186|2014|50000599540001|001|4300001157|00010|CMA0001|100|EA|240|KRW|24000|20140228|1300|
C|005186|2014|50000599540002|001|4300001157|00020|CMA0008|150|EA|690|KRW|103500|20140228|1300|
C|005186|2014|50000599540003|001|4300001157|00030|CMB0007|80|EA|925|KRW|74000|20140228|1300|
C|005186|2014|50000599540004|001|4300001157|00040|CME0002|50|EA|2300|KRW|115000|20140228|1300|
C|005186|2014|50000599540005|001|4300001157|00050|CME0010|50|EA|285|KRW|14250|20140228|1300|
C|005186|2014|50000599540006|001|4300001157|00060|CMH0007|6|EA|11700|KRW|70200|20140228|1300|
C|005186|2014|50000599540007|001|4300001158|00010|CMA0001|400|EA|240|KRW|96000|20140228|1300|
C|005186|2014|50000599540008|001|4300001158|00020|CMA0005|10|EA|2470|KRW|24700|20140228|1300|
C|005186|2014|50000599540009|001|4300001158|00030|CMA0007|200|EA|270|KRW|54000|20140228|1300|
C|005186|2014|50000599540010|001|4300001158|00040|CMA0016|10|EA|2840|KRW|28400|20140228|1300|
C|005186|2014|50000599540011|001|4300001158|00050|CMA0017|20|EA|780|KRW|15600|20140228|1300|
C|005186|2014|50000599540012|001|4300001158|00060|CMB0001|40|EA|655|KRW|26200|20140228|1300|
C|005186|2014|50000599540013|001|4300001158|00070|CMB0002|40|EA|2420|KRW|96800|20140228|1300|
C|005186|2014|50000599540014|001|4300001158|00080|CMB0010|40|EA|1100|KRW|44000|20140228|1300|
C|005186|2014|50000599540015|001|4300001158|00090|CMC0003|10|EA|340|KRW|3400|20140228|1300|
C|005186|2014|50000599540016|001|4300001158|00100|CMC0005|10|EA|190|KRW|1900|20140228|1300|
C|005186|2014|50000599540017|001|4300001158|00110|CMD0001|2|EA|9555|KRW|19110|20140228|1300|
C|005186|2014|50000599540018|001|4300001158|00140|CME0001|18|EA|4910|KRW|88380|20140228|1300|
C|005186|2014|50000599540019|001|4300001158|00150|CME0002|20|EA|2300|KRW|46000|20140228|1300|
C|005186|2014|50000599540020|001|4300001158|00160|CME0010|200|EA|285|KRW|57000|20140228|1300|
C|005186|2014|50000599540021|001|4300001158|00170|CMF0001|2|EA|1680|KRW|3360|20140228|1300|
C|005186|2014|50000599540022|001|4300001158|00190|CMF0007|1|EA|1780|KRW|1780|20140228|1300|
C|005186|2014|50000599540023|001|4300001158|00200|CMF0008|1|EA|1785|KRW|1785|20140228|1300|
C|005186|2014|50000599540024|001|4300001158|00210|CMH0007|1|EA|11700|KRW|11700|20140228|1300|
C|005186|2014|50000599540025|001|4300001158|00220|CMZ0004|10|EA|380|KRW|3800|20140228|1300|
C|005186|2014|50000599540026|001|4300001160|00010|CMA0001|400|EA|240|KRW|96000|20140228|1300|
C|005186|2014|50000599540027|001|4300001160|00020|CMA0007|200|EA|270|KRW|54000|20140228|1300|
C|005186|2014|50000599540028|001|4300001160|00030|CMA0008|100|EA|690|KRW|69000|20140228|1300|
C|005186|2014|50000599540029|001|4300001160|00040|CMA0016|100|EA|2840|KRW|284000|20140228|1300|
C|005186|2014|50000599540030|001|4300001160|00050|CMA0017|10|EA|780|KRW|7800|20140228|1300|
C|005186|2014|50000599540031|001|4300001160|00060|CMB0001|200|EA|655|KRW|131000|20140228|1300|
C|005186|2014|50000599540032|001|4300001160|00070|CMB0010|200|EA|1100|KRW|220000|20140228|1300|
C|005186|2014|50000599540033|001|4300001160|00080|CMC0005|200|EA|190|KRW|38000|20140228|1300|
C|005186|2014|50000599540034|001|4300001160|00090|CME0002|30|EA|2300|KRW|69000|20140228|1300|
C|005186|2014|50000599540035|001|4300001160|00100|CME0010|180|EA|285|KRW|51300|20140228|1300|
C|005186|2014|50000599540036|001|4300001160|00110|CMF0001|10|EA|1680|KRW|16800|20140228|1300|
C|005186|2014|50000599540037|001|4300001160|00120|CMF0002|10|EA|1100|KRW|11000|20140228|1300|
C|005186|2014|50000599540038|001|4300001160|00140|CMF0020|10|EA|700|KRW|7000|20140228|1300|
C|005186|2014|50000599540039|001|4300001160|00150|CMH0007|4|EA|11700|KRW|46800|20140228|1300|
C|005186|2014|50000599540040|001|4300001160|00160|CMZ0001|40|EA|765|KRW|30600|20140228|1300|
C|005186|2014|50000599540041|001|4300001160|00170|CMZ0002|40|EA|430|KRW|17200|20140228|1300|
C|005186|2014|50000599540042|001|4300001160|00180|CMZ0004|50|EA|380|KRW|19000|20140228|1300|
C|005186|2014|50000599540043|001|4300001160|00190|CMZ0006|30|EA|1155|KRW|34650|20140228|1300|
C|005186|2014|50000599540044|001|4300001161|00010|CMA0001|100|EA|240|KRW|24000|20140228|1300|
C|005186|2014|50000599540045|001|4300001161|00020|CMA0002|10|EA|1530|KRW|15300|20140228|1300|
C|005186|2014|50000599540046|001|4300001161|00030|CMA0007|100|EA|270|KRW|27000|20140228|1300|
C|005186|2014|50000599540047|001|4300001161|00040|CMA0008|30|EA|690|KRW|20700|20140228|1300|
C|005186|2014|50000599540048|001|4300001161|00050|CMA0016|10|EA|2840|KRW|28400|20140228|1300|
C|005186|2014|50000599540049|001|4300001161|00060|CMA0017|10|EA|780|KRW|7800|20140228|1300|
C|005186|2014|50000599540050|001|4300001161|00070|CMB0001|20|EA|655|KRW|13100|20140228|1300|
C|005186|2014|50000599540051|001|4300001161|00080|CMB0003|180|EA|2420|KRW|435600|20140228|1300|
C|005186|2014|50000599540052|001|4300001161|00090|CME0001|13|EA|4910|KRW|63830|20140228|1300|
C|005186|2014|50000599540053|001|4300001161|00100|CME0006|3|EA|3400|KRW|10200|20140228|1300|
C|005186|2014|50000599540054|001|4300001161|00110|CME0010|2|EA|285|KRW|570|20140228|1300|
C|005186|2014|50000599540055|001|4300001161|00120|CMF0006|20|EA|11970|KRW|239400|20140228|1300|
C|005186|2014|50000599540056|001|4300001161|00130|CMF0021|5|EA|5400|KRW|27000|20140228|1300|
C|005186|2014|50000599540057|001|4300001161|00140|CMZ0014|1|EA|23300|KRW|23300|20140228|1300|
C|005186|2014|50000599540058|001|4300001161|00150|CMA0016|200|EA|2840|KRW|568000|20140228|1300|
C|005186|2014|50000599540059|001|4300001162|00010|CMA0001|400|EA|240|KRW|96000|20140228|1300|
C|005186|2014|50000599540060|001|4300001162|00020|CMA0005|10|EA|2470|KRW|24700|20140228|1300|
C|005186|2014|50000599540061|001|4300001162|00030|CMA0007|200|EA|270|KRW|54000|20140228|1300|
C|005186|2014|50000599540062|001|4300001162|00040|CMA0008|200|EA|690|KRW|138000|20140228|1300|
C|005186|2014|50000599540063|001|4300001162|00050|CMA0017|20|EA|780|KRW|15600|20140228|1300|
C|005186|2014|50000599540064|001|4300001162|00060|CMB0002|100|EA|2420|KRW|242000|20140228|1300|
C|005186|2014|50000599540065|001|4300001162|00070|CMB0003|100|EA|2420|KRW|242000|20140228|1300|
C|005186|2014|50000599540066|001|4300001162|00080|CMB0010|100|EA|1100|KRW|110000|20140228|1300|
C|005186|2014|50000599540067|001|4300001162|00090|CMC0005|100|EA|190|KRW|19000|20140228|1300|
C|005186|2014|50000599540068|001|4300001162|00120|CMF0022|5|EA|5400|KRW|27000|20140228|1300|
C|005186|2014|50000599540069|001|4300001162|00130|CMG0001|50|EA|1840|KRW|92000|20140228|1300|
C|005186|2014|50000599540070|001|4300001162|00140|CMZ0001|20|EA|765|KRW|15300|20140228|1300|
C|005186|2014|50000599540071|001|4300001162|00150|CMZ0002|22|EA|430|KRW|9460|20140228|1300|
C|005186|2014|50000599540072|001|4300001162|00160|CMZ0004|20|EA|380|KRW|7600|20140228|1300|
C|005186|2014|50000599540073|001|4300001162|00170|CMZ0005|10|EA|750|KRW|7500|20140228|1300|
C|005186|2014|50000599540074|001|4300001162|00180|CMZ0006|10|EA|1155|KRW|11550|20140228|1300|
C|005186|2014|50000599540075|001|4300001164|00010|CMA0001|200|EA|240|KRW|48000|20140228|1300|
C|005186|2014|50000599540076|001|4300001164|00020|CMA0007|250|EA|270|KRW|67500|20140228|1300|
C|005186|2014|50000599540077|001|4300001164|00030|CMA0008|20|EA|690|KRW|13800|20140228|1300|
C|005186|2014|50000599540078|001|4300001164|00040|CMA0016|20|EA|2840|KRW|56800|20140228|1300|
C|005186|2014|50000599540079|001|4300001164|00050|CMB0002|160|EA|2420|KRW|387200|20140228|1300|
C|005186|2014|50000599540080|001|4300001164|00060|CMB0010|40|EA|1100|KRW|44000|20140228|1300|
C|005186|2014|50000599540081|001|4300001164|00070|CMC0005|10|EA|190|KRW|1900|20140228|1300|
C|005186|2014|50000599540082|001|4300001164|00090|CME0001|12|EA|4910|KRW|58920|20140228|1300|
C|005186|2014|50000599540083|001|4300001164|00100|CME0002|10|EA|2300|KRW|23000|20140228|1300|
C|005186|2014|50000599540084|001|4300001164|00120|CMF0006|1|EA|11970|KRW|11970|20140228|1300|
C|005186|2014|50000599540085|001|4300001164|00130|CMF0009|2|EA|5700|KRW|11400|20140228|1300|
C|005186|2014|50000599540086|001|4300001164|00140|CMF0021|2|EA|5400|KRW|10800|20140228|1300|
C|005186|2014|50000599540087|001|4300001164|00150|CMH0007|3|EA|11700|KRW|35100|20140228|1300|
C|005186|2014|50000599540088|001|4300001164|00160|CMZ0001|12|EA|765|KRW|9180|20140228|1300|
C|005186|2014|50000599540089|001|4300001164|00170|CMZ0004|10|EA|380|KRW|3800|20140228|1300|
C|005186|2014|50000599540090|001|4300001164|00180|CMZ0005|10|EA|750|KRW|7500|20140228|1300|
C|005186|2014|50000599540091|001|4300001165|00010|CMA0001|250|EA|240|KRW|60000|20140228|1300|
C|005186|2014|50000599540092|001|4300001165|00020|CMA0002|10|EA|1530|KRW|15300|20140228|1300|
C|005186|2014|50000599540093|001|4300001165|00030|CMA0005|10|EA|2470|KRW|24700|20140228|1300|
C|005186|2014|50000599540094|001|4300001165|00040|CMA0007|100|EA|270|KRW|27000|20140228|1300|
C|005186|2014|50000599540095|001|4300001165|00050|CMA0008|100|EA|690|KRW|69000|20140228|1300|
C|005186|2014|50000599540096|001|4300001165|00060|CMB0010|20|EA|1100|KRW|22000|20140228|1300|
C|005186|2014|50000599540097|001|4300001165|00070|CMC0002|3|EA|9350|KRW|28050|20140228|1300|
C|005186|2014|50000599540098|001|4300001165|00080|CMC0005|30|EA|190|KRW|5700|20140228|1300|
C|005186|2014|50000599540099|001|4300001165|00090|CME0010|50|EA|285|KRW|14250|20140228|1300|
C|005186|2014|50000599540100|001|4300001165|00100|CMF0001|7|EA|1680|KRW|11760|20140228|1300|
C|005186|2014|50000599540101|001|4300001165|00110|CMH0007|1|EA|11700|KRW|11700|20140228|1300|
C|005186|2014|50000599540102|001|4300001165|00120|CMZ0002|10|EA|430|KRW|4300|20140228|1300|
C|005186|2014|50000599540103|001|4300001165|00130|CMZ0006|30|EA|1155|KRW|34650|20140228|1300|
C|005186|2014|50000599540104|001|4300001165|00140|CMZ0009|40|EA|740|KRW|29600|20140228|1300|
C|005186|2014|50000599540105|001|4300001165|00150|CMZ0015|1|EA|15500|KRW|15500|20140228|1300|
C|005186|2014|50000599540106|001|4300001165|00160|CMZ0032|1|EA|1970|KRW|1970|20140228|1300|
C|005186|2014|50000599540107|001|4300001166|00010|CMA0001|200|EA|240|KRW|48000|20140228|1300|
C|005186|2014|50000599540108|001|4300001166|00020|CMA0007|100|EA|270|KRW|27000|20140228|1300|
C|005186|2014|50000599540109|001|4300001166|00030|CMA0015|200|EA|2830|KRW|566000|20140228|1300|
C|005186|2014|50000599540110|001|4300001166|00040|CMA0016|100|EA|2840|KRW|284000|20140228|1300|
C|005186|2014|50000599540111|001|4300001166|00050|CMB0010|100|EA|1100|KRW|110000|20140228|1300|
C|005186|2014|50000599540112|001|4300001166|00060|CMC0003|50|EA|340|KRW|17000|20140228|1300|
C|005186|2014|50000599540113|001|4300001166|00070|CMC0005|50|EA|190|KRW|9500|20140228|1300|
C|005186|2014|50000599540114|001|4300001166|00100|CME0001|20|EA|4910|KRW|98200|20140228|1300|
C|005186|2014|50000599540115|001|4300001166|00110|CME0006|10|EA|3400|KRW|34000|20140228|1300|
C|005186|2014|50000599540116|001|4300001166|00120|CME0010|100|EA|285|KRW|28500|20140228|1300|
C|005186|2014|50000599540117|001|4300001166|00130|CMH0007|3|EA|11700|KRW|35100|20140228|1300|
C|005186|2014|50000599540118|001|4300001166|00140|CMZ0007|20|EA|330|KRW|6600|20140228|1300|
C|005186|2014|50000599540119|001|4300001166|00150|CMZ0014|2|EA|23300|KRW|46600|20140228|1300|
C|005186|2014|50000599540120|001|4300001167|00010|CMA0001|200|EA|240|KRW|48000|20140228|1300|
C|005186|2014|50000599540121|001|4300001167|00020|CMA0007|60|EA|270|KRW|16200|20140228|1300|
C|005186|2014|50000599540122|001|4300001167|00030|CMB0001|60|EA|655|KRW|39300|20140228|1300|
C|005186|2014|50000599540123|001|4300001167|00040|CMB0003|60|EA|2420|KRW|145200|20140228|1300|
C|005186|2014|50000599540124|001|4300001167|00050|CMB0010|100|EA|1100|KRW|110000|20140228|1300|
C|005186|2014|50000599540125|001|4300001167|00060|CMD0001|5|EA|9555|KRW|47775|20140228|1300|
C|005186|2014|50000599540126|001|4300001167|00070|CME0001|13|EA|4910|KRW|63830|20140228|1300|
C|005186|2014|50000599540127|001|4300001167|00090|CMZ0014|1|EA|23300|KRW|23300|20140228|1300|
C|005186|2014|50000599540128|001|4300001168|00010|CMA0001|500|EA|240|KRW|120000|20140228|1300|
C|005186|2014|50000599540129|001|4300001168|00020|CMA0007|100|EA|270|KRW|27000|20140228|1300|
C|005186|2014|50000599540130|001|4300001168|00030|CMA0008|50|EA|690|KRW|34500|20140228|1300|
C|005186|2014|50000599540131|001|4300001168|00040|CMA0015|50|EA|2830|KRW|141500|20140228|1300|
C|005186|2014|50000599540132|001|4300001168|00050|CMA0016|100|EA|2840|KRW|284000|20140228|1300|
C|005186|2014|50000599540133|001|4300001168|00060|CMB0001|100|EA|655|KRW|65500|20140228|1300|
C|005186|2014|50000599540134|001|4300001168|00070|CMB0010|300|EA|1100|KRW|330000|20140228|1300|
C|005186|2014|50000599540135|001|4300001168|00080|CMC0005|100|EA|190|KRW|19000|20140228|1300|
C|005186|2014|50000599540136|001|4300001168|00100|CME0002|50|EA|2300|KRW|115000|20140228|1300|
C|005186|2014|50000599540137|001|4300001168|00110|CME0005|20|EA|3465|KRW|69300|20140228|1300|
C|005186|2014|50000599540138|001|4300001168|00120|CME0010|100|EA|285|KRW|28500|20140228|1300|
C|005186|2014|50000599540139|001|4300001168|00130|CME0013|5|EA|20300|KRW|101500|20140228|1300|
C|005186|2014|50000599540140|001|4300001168|00140|CMF0001|5|EA|1680|KRW|8400|20140228|1300|
C|005186|2014|50000599540141|001|4300001168|00150|CMF0004|3|EA|22050|KRW|66150|20140228|1300|
C|005186|2014|50000599540142|001|4300001168|00170|CMF0013|20|EA|760|KRW|15200|20140228|1300|
C|005186|2014|50000599540143|001|4300001168|00180|CMF0021|5|EA|5400|KRW|27000|20140228|1300|
C|005186|2014|50000599540144|001|4300001168|00190|CMH0007|2|EA|11700|KRW|23400|20140228|1300|
C|005186|2014|50000599540145|001|4300001168|00200|CMZ0006|10|EA|1155|KRW|11550|20140228|1300|
C|005186|2014|50000599540146|001|4300001168|00210|CMZ0014|2|EA|23300|KRW|46600|20140228|1300|
C|005186|2014|50000599540147|001|4300001169|00010|CMA0001|300|EA|240|KRW|72000|20140228|1300|
C|005186|2014|50000599540148|001|4300001169|00020|CMA0007|300|EA|270|KRW|81000|20140228|1300|
C|005186|2014|50000599540149|001|4300001169|00030|CMA0017|16|EA|780|KRW|12480|20140228|1300|
C|005186|2014|50000599540150|001|4300001169|00040|CMB0010|240|EA|1100|KRW|264000|20140228|1300|
C|005186|2014|50000599540151|001|4300001169|00050|CMC0005|50|EA|190|KRW|9500|20140228|1300|
C|005186|2014|50000599540152|001|4300001169|00070|CME0006|20|EA|3400|KRW|68000|20140228|1300|
C|005186|2014|50000599540153|001|4300001169|00080|CME0010|60|EA|285|KRW|17100|20140228|1300|
C|005186|2014|50000599540154|001|4300001169|00090|CMF0004|3|EA|22050|KRW|66150|20140228|1300|
C|005186|2014|50000599540155|001|4300001169|00110|CMF0007|5|EA|1780|KRW|8900|20140228|1300|
C|005186|2014|50000599540156|001|4300001169|00120|CMF0008|5|EA|1785|KRW|8925|20140228|1300|
C|005186|2014|50000599540157|001|4300001169|00130|CMF0013|10|EA|760|KRW|7600|20140228|1300|
C|005186|2014|50000599540158|001|4300001169|00140|CMF0020|10|EA|700|KRW|7000|20140228|1300|
C|005186|2014|50000599540159|001|4300001169|00150|CMH0007|3|EA|11700|KRW|35100|20140228|1300|
C|005186|2014|50000599540160|001|4300001169|00160|CMZ0005|10|EA|750|KRW|7500|20140228|1300|
C|005186|2014|50000599540161|001|4300001169|00170|CMZ0006|20|EA|1155|KRW|23100|20140228|1300|
C|005186|2014|50000599550001|001|4300001152|00010|CMA0001|80|EA|240|KRW|19200|20140228|1300|
C|005186|2014|50000599550002|001|4300001152|00020|CMA0007|220|EA|270|KRW|59400|20140228|1300|
C|005186|2014|50000599550003|001|4300001152|00030|CMH0007|1|EA|11700|KRW|11700|20140228|1300|
C|005186|2014|50000599550004|001|4300001152|00040|CMB0001|20|EA|655|KRW|13100|20140228|1300|
C|005186|2014|50000599550005|001|4300001152|00050|CMB0010|80|EA|1100|KRW|88000|20140228|1300|
C|005186|2014|50000599550006|001|4300001152|00060|CMC0007|5|EA|12100|KRW|60500|20140228|1300|
C|005186|2014|50000599550007|001|4300001152|00070|CMC0005|5|EA|190|KRW|950|20140228|1300|
C|005186|2014|50000599550008|001|4300001152|00090|CMZ0032|2|EA|1970|KRW|3940|20140228|1300|
C|005186|2014|50000599550009|001|4300001153|00010|CMA0001|320|EA|240|KRW|76800|20140228|1300|
C|005186|2014|50000599550010|001|4300001153|00020|CMA0007|30|EA|270|KRW|8100|20140228|1300|
C|005186|2014|50000599550011|001|4300001153|00030|CMA0017|10|EA|780|KRW|7800|20140228|1300|
C|005186|2014|50000599550012|001|4300001153|00040|CME0010|60|EA|285|KRW|17100|20140228|1300|
C|005186|2014|50000599550013|001|4300001153|00050|CME0013|5|EA|20300|KRW|101500|20140228|1300|
C|005186|2014|50000599550014|001|4300001153|00070|CMH0007|1|EA|11700|KRW|11700|20140228|1300|
C|005186|2014|50000599550015|001|4300001154|00010|CMA0001|80|EA|240|KRW|19200|20140228|1300|
C|005186|2014|50000599550016|001|4300001154|00020|CMA0007|40|EA|270|KRW|10800|20140228|1300|
C|005186|2014|50000599550017|001|4300001154|00030|CMA0008|40|EA|690|KRW|27600|20140228|1300|
C|005186|2014|50000599550018|001|4300001154|00040|CMB0001|40|EA|655|KRW|26200|20140228|1300|
C|005186|2014|50000599550019|001|4300001154|00050|CMF0001|2|EA|1680|KRW|3360|20140228|1300|
C|005186|2014|50000599550020|001|4300001154|00060|CME0010|40|EA|285|KRW|11400|20140228|1300|
C|005186|2014|50000599550021|001|4300001155|00010|CMA0001|10|EA|240|KRW|2400|20140228|1300|
C|005186|2014|50000599550022|001|4300001155|00020|CMA0007|50|EA|270|KRW|13500|20140228|1300|
C|005186|2014|50000599550023|001|4300001155|00030|CMB0010|50|EA|1100|KRW|55000|20140228|1300|
C|005186|2014|50000599550024|001|4300001155|00040|CMF0001|3|EA|1680|KRW|5040|20140228|1300|
C|005186|2014|50000599550025|001|4300001155|00050|CMA0002|2|EA|1530|KRW|3060|20140228|1300|
C|005186|2014|50000599550026|001|4300001156|00010|CMA0001|200|EA|240|KRW|48000|20140228|1300|
C|005186|2014|50000599550027|001|4300001156|00020|CMA0007|400|EA|270|KRW|108000|20140228|1300|
C|005186|2014|50000599550028|001|4300001156|00030|CMA0017|30|EA|780|KRW|23400|20140228|1300|
C|005186|2014|50000599550029|001|4300001156|00040|CMB0001|200|EA|655|KRW|131000|20140228|1300|
C|005186|2014|50000599550030|001|4300001156|00050|CMA0003|10|EA|950|KRW|9500|20140228|1300|
C|005186|2014|50000599550031|001|4300001156|00070|CMZ0032|30|EA|1970|KRW|59100|20140228|1300|
C|005186|2014|50000599550032|001|4300001156|00080|CMH0006|6|EA|400|KRW|2400|20140228|1300|
C|005186|2014|50000599550033|001|4300001156|00090|CMZ0006|3|EA|1155|KRW|3465|20140228|1300|
C|005186|2014|50000599550034|001|4300001156|00100|CMF0001|3|EA|1680|KRW|5040|20140228|1300|
C|005186|2014|50000599550035|001|4300001156|00110|CMH0007|4|EA|11700|KRW|46800|20140228|1300|
C|005186|2014|50000599550036|001|4300001156|00120|CMZ0006|3|EA|1155|KRW|3465|20140228|1300|
C|005186|2014|50000599550037|001|4300001156|00130|CMF0002|2|EA|1100|KRW|2200|20140228|1300|
C|005186|2014|50000599550038|001|4300001156|00140|CMZ0004|3|EA|380|KRW|1140|20140228|1300|
C|005186|2014|50000599550039|001|4300001156|00150|CMF0004|2|EA|22050|KRW|44100|20140228|1300|
C|005186|2014|50000599560001|001|4300001158|00120|CMD0011|17|EA|24150|KRW|410550|20140228|1300|
C|005186|2014|50000599560002|001|4300001158|00130|CMD0016|1|EA|30450|KRW|30450|20140228|1300|
C|005186|2014|50000599560003|001|4300001162|00100|CMD0011|4|EA|24150|KRW|96600|20140228|1300|
C|005186|2014|50000599560004|001|4300001164|00080|CMD0011|13|EA|24150|KRW|313950|20140228|1300|
C|005186|2014|50000599560005|001|4300001165|00170|CMD0011|1|EA|24150|KRW|24150|20140228|1300|
C|005186|2014|50000599560006|001|4300001166|00080|CMD0011|14|EA|24150|KRW|338100|20140228|1300|
C|005186|2014|50000599560007|001|4300001166|00090|CMD0016|8|EA|30450|KRW|243600|20140228|1300|
C|005186|2014|50000599560008|001|4300001168|00090|CMD0011|2|EA|24150|KRW|48300|20140228|1300|
C|005186|2014|50000599560009|001|4300001169|00060|CMD0011|1|EA|24150|KRW|24150|20140228|1300|
