C|005186|2015|50001245860001|001|4300002029|00060|UHTC0590|20|EA|20500|KRW|410000|20150115|1300|
C|005186|2015|50001245870001|001|4300002011|00550|UHFC0019|10|EA|85050|KRW|850500|20150115|1300|
C|005186|2015|50001245870002|001|4300002011|00560|UHTC0436|5|EA|20500|KRW|102500|20150115|1300|
C|005186|2015|50001245870003|001|4300002011|00570|UHNC0136|1|EA|947380|KRW|947380|20150115|1300|
C|005186|2015|50001245870004|001|4300002011|00580|UHHC0120|1|EA|332325|KRW|332325|20150115|1300|
C|005186|2015|50001245870005|001|4300002011|00590|UFJC0008|2|EA|39900|KRW|79800|20150115|1300|
C|005186|2015|50001245870006|001|4300002016|00240|KE030011|4|EA|8190|KRW|32760|20150115|1300|
C|005186|2015|50001245870007|001|4300002016|00250|KE030122|2|EA|31500|KRW|63000|20150115|1300|
C|005186|2015|50001245870008|001|4300002016|00260|KE030200|4|EA|15230|KRW|60920|20150115|1300|
C|005186|2015|50001245870009|001|4300002016|00270|KE030206|1|EA|16380|KRW|16380|20150115|1300|
C|005186|2015|50001245870010|001|4300002016|00280|KE050003|7|EA|1400|KRW|9800|20150115|1300|
C|005186|2015|50001245870011|001|4300002016|00290|KE050213|3|EA|8440|KRW|25320|20150115|1300|
C|005186|2015|50001245870012|001|4300002016|00300|KE050700|5|EA|2200|KRW|11000|20150115|1300|
C|005186|2015|50001245870013|001|4300002016|00310|KE050701|7|EA|2630|KRW|18410|20150115|1300|
C|005186|2015|50001245870014|001|4300002016|00320|KE050801|12|EA|1900|KRW|22800|20150115|1300|
C|005186|2015|50001245870015|001|4300002016|00330|KE090112|8|EA|16800|KRW|134400|20150115|1300|
C|005186|2015|50001245870016|001|4300002016|00340|KE090116|2|EA|28040|KRW|56080|20150115|1300|
C|005186|2015|50001245870017|001|4300002016|00350|KE180203|6|EA|13650|KRW|81900|20150115|1300|
C|005186|2015|50001245870018|001|4300002016|00360|KE200113|5|EA|130000|KRW|650000|20150115|1300|
C|005186|2015|50001245870019|001|4300002016|00370|KE210001|2|EA|53030|KRW|106060|20150115|1300|
C|005186|2015|50001245870020|001|4300002016|00380|KE230003|179|EA|1870|KRW|334730|20150115|1300|
C|005186|2015|50001245870021|001|4300002016|00390|KE231001|12|EA|16150|KRW|193800|20150115|1300|
C|005186|2015|50001245870022|001|4300002016|00400|KE270300|84|EA|470|KRW|39480|20150115|1300|
C|005186|2015|50001245870023|001|4300002016|00410|KE270302|3|EA|6900|KRW|20700|20150115|1300|
C|005186|2015|50001245870024|001|4300002016|00420|KE281401|31|EA|840|KRW|26040|20150115|1300|
C|005186|2015|50001245870025|001|4300002025|00020|UHGC0113|3|EA|50400|KRW|151200|20150115|1300|
C|005186|2015|50001245870026|001|4300002025|00030|UHDC0238|20|EA|14750|KRW|295000|20150115|1300|
C|005186|2015|50001245870027|001|4300002025|00040|UFJC0012|2|EA|26250|KRW|52500|20150115|1300|
C|005186|2015|50001245870028|001|4300002025|00050|UFJC0014|2|EA|78750|KRW|157500|20150115|1300|
C|005186|2015|50001245870029|001|4300002025|00060|UHFC0137|2|EA|40500|KRW|81000|20150115|1300|
C|005186|2015|50001245870030|001|4300002025|00070|UHFC0139|1|EA|198000|KRW|198000|20150115|1300|
C|005186|2015|50001245870031|001|4300002025|00080|UHEC0019|20|EA|4740|KRW|94800|20150115|1300|
C|005186|2015|50001245870032|001|4300002025|00090|UHNC0092|2|EA|100000|KRW|200000|20150115|1300|
C|005186|2015|50001245870033|001|4300002025|00700|UHDC0090|10|EA|2120|KRW|21200|20150115|1300|
C|005186|2015|50001245870034|001|4300002025|00750|UHTC0037|2|EA|130200|KRW|260400|20150115|1300|
C|005186|2015|50001245870035|001|4300002025|00760|UHNC0113|1|EA|772800|KRW|772800|20150115|1300|
C|005186|2015|50001245870036|001|4300002025|00770|UHHC0175|5|EA|29925|KRW|149625|20150115|1300|
C|005186|2015|50001245870037|001|4300002025|00780|UHNC0092|2|EA|100000|KRW|200000|20150115|1300|
C|005186|2015|50001245870038|001|4300002025|00790|UHNC0084|1|EA|295740|KRW|295740|20150115|1300|
C|005186|2015|50001245870039|001|4300002025|00800|UHHC0069|1|EA|412650|KRW|412650|20150115|1300|
C|005186|2015|50001245870040|001|4300002025|00810|UHHC0071|1|EA|573300|KRW|573300|20150115|1300|
C|005186|2015|50001245870041|001|4300002025|00840|UHTC0037|3|EA|130200|KRW|390600|20150115|1300|
C|005186|2015|50001245870042|001|4300002025|00850|UHTC0403|4|EA|89400|KRW|357600|20150115|1300|
C|005186|2015|50001245870043|001|4300002027|00010|UHDC0106|50|EA|1260|KRW|63000|20150115|1300|
C|005186|2015|50001245870044|001|4300002027|00020|UHGC0129|1|EA|612680|KRW|612680|20150115|1300|
C|005186|2015|50001245870045|001|4300002027|00030|UHCC0039|2|EA|395800|KRW|791600|20150115|1300|
C|005186|2015|50001245870046|001|4300002027|00040|UHGC0197|5|EA|36000|KRW|180000|20150115|1300|
C|005186|2015|50001245870047|001|4300002028|00010|UHGC0173|2|EA|82500|KRW|165000|20150115|1300|
C|005186|2015|50001245870048|001|4300002028|00020|UHGC0233|4|EA|92930|KRW|371720|20150115|1300|
C|005186|2015|50001245870049|001|4300002028|00030|UHNC0092|3|EA|100000|KRW|300000|20150115|1300|
C|005186|2015|50001245870050|001|4300002028|00040|UHTC0504|5|EA|68220|KRW|341100|20150115|1300|
C|005186|2015|50001245870051|001|4300002028|00050|KE090116|20|EA|28040|KRW|560800|20150115|1300|
C|005186|2015|50001245870052|001|4300002031|00010|UHNC0113|2|EA|772800|KRW|1545600|20150115|1300|
C|005186|2015|50001245870053|001|4300002032|00010|UHHC0097|5|EA|21504|KRW|107520|20150115|1300|
C|005186|2015|50001245870054|001|4300002032|00020|UHHC0014|1|EA|878960|KRW|878960|20150115|1300|
C|005186|2015|50001245870055|001|4300002032|00030|UHHC0073|100|M|7140|KRW|714000|20150115|1300|
C|005186|2015|50001245870056|001|4300002032|00050|UHFC0290|3|EA|26250|KRW|78750|20150115|1300|
C|005186|2015|50001245870057|001|4300002044|00030|UHNC0084|2|EA|295740|KRW|591480|20150115|1300|
C|005186|2015|50001245880001|001|4300002016|00230|KT990030|3|EA|2630|KRW|7890|20150115|1300|
C|005186|2015|50001245880002|001|4300002025|00260|UIDC0019|4|EA|55130|KRW|220520|20150115|1300|
C|005186|2015|50001245880003|001|4300002025|00310|UDDC0185|4|EA|34545|KRW|138180|20150115|1300|
C|005186|2015|50001245880004|001|4300002025|00330|UDDC0180|1|EA|15440|KRW|15440|20150115|1300|
C|005186|2015|50001245880005|001|4300002025|00340|UGCC0267|5|EA|316000|KRW|1580000|20150115|1300|
C|005186|2015|50001245880006|001|4300002025|00350|UIDC0016|1|EA|37800|KRW|37800|20150115|1300|
C|005186|2015|50001245880007|001|4300002025|00400|UEBC0049|2|EA|266070|KRW|532140|20150115|1300|
C|005186|2015|50001245880008|001|4300002025|00410|UEBC0008|6|EA|5360|KRW|32160|20150115|1300|
C|005186|2015|50001245880009|001|4300002025|00420|UEBC0165|10|EA|17390|KRW|173900|20150115|1300|
C|005186|2015|50001245880010|001|4300002025|00460|UDDC0185|3|EA|34545|KRW|103635|20150115|1300|
C|005186|2015|50001245880011|001|4300002041|00030|UDAC0075|10|EA|950|KRW|9500|20150115|1300|
C|005186|2015|50001245880012|001|4300002043|00010|UGBC0113|5|EA|174000|KRW|870000|20150115|1300|
C|005186|2015|50001245880013|001|4300002043|00030|UEBC1166|10|EA|104000|KRW|1040000|20150115|1300|
C|005186|2015|50001245880014|001|4300002044|00020|UEBC0011|8|EA|133350|KRW|1066800|20150115|1300|
C|005186|2015|50001245890001|001|4300002025|00300|UEBC0454|2|EA|1520|KRW|3040|20150115|1300|
C|005186|2015|50001245890002|001|4300002025|00380|UGCC0218|10|EA|2877|KRW|28770|20150115|1300|
C|005186|2015|50001245890003|001|4300002025|00430|UDBC0359|20|EA|630|KRW|12600|20150115|1300|
C|005186|2015|50001245890004|001|4300002025|00440|UDBC0040|20|EA|1050|KRW|21000|20150115|1300|
C|005186|2015|50001245890005|001|4300002025|00640|UJAC0081|12|EA|24070|KRW|288840|20150115|1300|
C|005186|2015|50001245890006|001|4300002025|00650|UJAC0082|12|EA|25410|KRW|304920|20150115|1300|
C|005186|2015|50001245890007|001|4300002025|00670|UGCC0935|1|EA|241000|KRW|241000|20150115|1300|
C|005186|2015|50001245890008|001|4300002025|00690|UHRC0003|1|EA|12080|KRW|12080|20150115|1300|
C|005186|2015|50001245890009|001|4300002025|00710|UGAC0083|2|EA|33500|KRW|67000|20150115|1300|
C|005186|2015|50001245890010|001|4300002025|00720|UDBC0886|200|EA|640|KRW|128000|20150115|1300|
C|005186|2015|50001245890011|001|4300002025|00730|UDBC0180|100|EA|74|KRW|7400|20150115|1300|
C|005186|2015|50001246100001|001|4300002016|00150|KT020009|5|EA|8030|KRW|40150|20150115|1300|
C|005186|2015|50001246100002|001|4300002016|00160|KT020011|2|EA|10400|KRW|20800|20150115|1300|
C|005186|2015|50001246100003|001|4300002016|00170|KT020012|3|EA|13110|KRW|39330|20150115|1300|
C|005186|2015|50001246100004|001|4300002016|00180|KT020013|1|EA|13110|KRW|13110|20150115|1300|
C|005186|2015|50001246100005|001|4300002016|00190|KT020019|1|EA|23570|KRW|23570|20150115|1300|
C|005186|2015|50001246100006|001|4300002016|00200|KT020700|8|EA|2680|KRW|21440|20150115|1300|
C|005186|2015|50001246100007|001|4300002016|00210|KT080300|15.000|KG|2770|KRW|41550|20150115|1300|
C|005186|2015|50001246100008|001|4300002016|00220|KT990010|40|EA|370|KRW|14800|20150115|1300|
C|005186|2015|50001246110001|001|4300002025|00230|UBBC0006|1|EA|103370|KRW|103370|20150115|1300|
C|005186|2015|50001246110002|001|4300002025|00240|UCCC0010|1|EA|271500|KRW|271500|20150115|1300|
C|005186|2015|50001246110003|001|4300002025|00270|UAGC0394|2|EA|19850|KRW|39700|20150115|1300|
C|005186|2015|50001246110004|001|4300002025|00280|UAGC0445|2|EA|24200|KRW|48400|20150115|1300|
C|005186|2015|50001246110005|001|4300002025|00360|UGCC0619|1|EA|221000|KRW|221000|20150115|1300|
C|005186|2015|50001246110006|001|4300002025|00470|UIDC0103|30|EA|4400|KRW|132000|20150115|1300|
C|005186|2015|50001246110007|001|4300002025|00480|UDBC0845|45|EA|2730|KRW|122850|20150115|1300|
C|005186|2015|50001246110008|001|4300002025|00580|UAGC0091|1|EA|8890|KRW|8890|20150115|1300|
C|005186|2015|50001246110009|001|4300002025|00590|UCAC0010|2|EA|19690|KRW|39380|20150115|1300|
C|005186|2015|50001246110010|001|4300002025|00610|UKEC0091|10|EA|1270|KRW|12700|20150115|1300|
C|005186|2015|50001246110011|001|4300002025|00620|UAAC0013|10|EA|6580|KRW|65800|20150115|1300|
C|005186|2015|50001246110012|001|4300002025|00630|UZZC0079|4|EA|10500|KRW|42000|20150115|1300|
C|005186|2015|50001246110013|001|4300002025|00660|UAHC0038|50|EA|7660|KRW|383000|20150115|1300|
C|005186|2015|50001246110014|001|4300002025|00740|UIEC0059|10|EA|10100|KRW|101000|20150115|1300|
C|005186|2015|50001246110015|001|4300002025|00830|UHTC0486|1|EA|46410|KRW|46410|20150115|1300|
C|005186|2015|50001246110016|001|4300002025|00860|UZZC0020|100|EA|670|KRW|67000|20150115|1300|
C|005186|2015|50001246110017|001|4300002025|00870|UZZC0070|1|EA|30450|KRW|30450|20150115|1300|
C|005186|2015|50001246110018|001|4300002025|00880|UFKC0125|3|EA|36750|KRW|110250|20150115|1300|
C|005186|2015|50001246110019|001|4300002025|00890|UICC0025|1|EA|16420|KRW|16420|20150115|1300|
C|005186|2015|50001246110020|001|4300002041|00020|UCHC0023|2|EA|100000|KRW|200000|20150115|1300|
C|005186|2015|50001246110021|001|4300002041|00080|UGCC0244|20|EA|9980|KRW|199600|20150115|1300|
