C|005186|2018|50004597690001|001|4300012021|00010|UDBC1077|20|EA|1160|KRW|23200|20181130|1300|
C|005186|2018|50004597690002|001|4300012022|00010|UEAC0195|2|EA|870000|KRW|1740000|20181130|1300|
C|005186|2018|50004597690003|001|4300012037|00050|UDBC0841|200|EA|4800|KRW|9600|20181130|1300|
C|005186|2018|50004597690004|001|4300012037|00060|UDBC0065|200|EA|2350|KRW|9400|20181130|1300|
C|005186|2018|50004597690005|001|4300012047|00080|UDBC0414|500|EA|5600|KRW|28000|20181130|1300|
C|005186|2018|50004597690006|001|4300012047|00090|UDBC1068|500|EA|500|KRW|25000|20181130|1300|
C|005186|2018|50004597690007|001|4300012047|00100|UDBC0422|500|EA|6900|KRW|34500|20181130|1300|
C|005186|2018|50004597690008|001|4300012047|00110|UDBC0428|500|EA|8200|KRW|41000|20181130|1300|
C|005186|2018|50004597690009|001|4300012047|00120|UDBC0404|500|EA|5200|KRW|26000|20181130|1300|
C|005186|2018|50004597690010|001|4300012047|00130|UDBC0419|500|EA|8000|KRW|40000|20181130|1300|
C|005186|2018|50004597690011|001|4300012047|00140|UDBC0423|500|EA|7500|KRW|37500|20181130|1300|
C|005186|2018|50004597690012|001|4300012047|00150|UDBC0735|500|EA|800|KRW|4000|20181130|1300|
C|005186|2018|50004597690013|001|4300012047|00160|UDBC0740|500|EA|800|KRW|4000|20181130|1300|
C|005186|2018|50004597690014|001|4300012047|00170|UDBC0746|500|EA|900|KRW|4500|20181130|1300|
C|005186|2018|50004597690015|001|4300012047|00180|UDBC0714|500|EA|1700|KRW|8500|20181130|1300|
C|005186|2018|50004597690016|001|4300012047|00190|UDBC0317|500|EA|900|KRW|4500|20181130|1300|
C|005186|2018|50004597690017|001|4300012047|00200|UDBC0322|500|EA|1000|KRW|5000|20181130|1300|
C|005186|2018|50004597690018|001|4300012047|00210|UDBC0076|500|EA|1900|KRW|9500|20181130|1300|
C|005186|2018|50004597690019|001|4300012047|00220|UDBC0077|500|EA|2300|KRW|11500|20181130|1300|
C|005186|2018|50004597690020|001|4300012047|00230|UDBC0078|500|EA|3100|KRW|15500|20181130|1300|
C|005186|2018|50004597690021|001|4300012047|00240|UDBC0320|500|EA|2600|KRW|13000|20181130|1300|
C|005186|2018|50004597690022|001|4300012047|00250|UDBC0323|500|EA|4000|KRW|20000|20181130|1300|
C|005186|2018|50004597690023|001|4300012047|00260|UDBC0802|500|EA|5500|KRW|5500|20181130|1300|
C|005186|2018|50004597690024|001|4300012047|00270|UDBC0373|500|EA|1100|KRW|11000|20181130|1300|
C|005186|2018|50004597690025|001|4300012047|00280|UDBC0377|500|EA|2300|KRW|11500|20181130|1300|
C|005186|2018|50004597690026|001|4300012047|00290|UDBC0346|500|EA|4600|KRW|23000|20181130|1300|
C|005186|2018|50004597690027|001|4300012047|00300|UDBC0349|500|EA|6000|KRW|30000|20181130|1300|
C|005186|2018|50004597690028|001|4300012047|00310|UDBC0372|500|EA|3000|KRW|15000|20181130|1300|
C|005186|2018|50004597690029|001|4300012047|00320|UDBC0376|500|EA|5800|KRW|29000|20181130|1300|
C|005186|2018|50004597690030|001|4300012047|00330|UDBC0345|500|EA|12000|KRW|60000|20181130|1300|
C|005186|2018|50004597690031|001|4300012047|00340|UDBC0348|500|EA|18000|KRW|90000|20181130|1300|
C|005186|2018|50004597690032|001|4300012047|00350|UDBC0602|500|EA|3000|KRW|15000|20181130|1300|
C|005186|2018|50004597690033|001|4300012047|00360|UDBC0980|300|EA|6000|KRW|18000|20181130|1300|
C|005186|2018|50004597690034|001|4300012047|00370|UDBC0624|300|EA|6200|KRW|18600|20181130|1300|
C|005186|2018|50004597690035|001|4300012047|00380|UDBC0513|200|EA|10500|KRW|21000|20181130|1300|
C|005186|2018|50004597690036|001|4300012047|00390|UDBC0529|200|EA|14300|KRW|28600|20181130|1300|
C|005186|2018|50004597690037|001|4300012047|00400|UDBC0531|200|EA|14800|KRW|29600|20181130|1300|
C|005186|2018|50004597690038|001|4300012047|00410|UDBC0534|200|EA|15700|KRW|31400|20181130|1300|
C|005186|2018|50004597690039|001|4300012047|00420|UDBC0535|200|EA|16000|KRW|32000|20181130|1300|
C|005186|2018|50004597690040|001|4300012047|00430|UDBC0536|200|EA|17000|KRW|34000|20181130|1300|
C|005186|2018|50004597690041|001|4300012047|00440|UDBC0593|300|EA|7000|KRW|21000|20181130|1300|
C|005186|2018|50004597690042|001|4300012047|00450|UDBC0599|300|EA|9000|KRW|27000|20181130|1300|
C|005186|2018|50004597690043|001|4300012047|00460|UDBC0760|300|EA|9500|KRW|28500|20181130|1300|
C|005186|2018|50004597690044|001|4300012050|00010|UEAC0195|2|EA|870000|KRW|1740000|20181130|1300|
C|005186|2018|50004597690045|001|4300012062|00020|UABC0050|20|EA|59200|KRW|59200|20181130|1300|
C|005186|2018|50004597690046|001|4300012062|00030|UAGC0440|10|EA|55700|KRW|55700|20181130|1300|
C|005186|2018|50004597690047|001|4300012062|00040|UAGC0136|10|EA|34900|KRW|69800|20181130|1300|
C|005186|2018|50004597690048|001|4300012062|00060|UDBC0248|4|EA|9450|KRW|37800|20181130|1300|
C|005186|2018|50004597690049|001|4300012063|00010|UDBC0616|200|EA|14700|KRW|29400|20181130|1300|
C|005186|2018|50004597690050|001|4300012063|00020|UDBC0618|200|EA|16000|KRW|32000|20181130|1300|
C|005186|2018|50004597690051|001|4300012063|00030|UDBC0621|200|EA|17100|KRW|34200|20181130|1300|
C|005186|2018|50004597690052|001|4300012063|00040|UDBC0501|200|EA|29600|KRW|59200|20181130|1300|
C|005186|2018|50004597700001|001|4300012059|00020|UEBC0502|10|EA|28500|KRW|57000|20181130|1300|
C|005186|2018|50004597700002|001|4300012059|00030|UEBC0476|10|EA|14000|KRW|28000|20181130|1300|
C|005186|2018|50004597700003|001|4300012059|00120|UEBC0479|10|EA|14650|KRW|29300|20181130|1300|
C|005186|2018|50004597700004|001|4300012062|00140|UDBC0503|200|EA|29500|KRW|59000|20181130|1300|
C|005186|2018|50004597710001|001|4300012038|00020|UEBC1437|10|EA|40500|KRW|81000|20181130|1300|
C|005186|2018|50004597710002|001|4300012056|00020|UAAC0032|5|EA|43990|KRW|43990|20181130|1300|
C|005186|2018|50004597710003|001|4300012059|00010|UAEC0187|3|EA|79790|KRW|239370|20181130|1300|
C|005186|2018|50004597710004|001|4300012059|00040|UEBC0477|5|EA|14000|KRW|14000|20181130|1300|
C|005186|2018|50004597710005|001|4300012059|00080|UDBC0147|1000|EA|13500|KRW|27000|20181130|1300|
C|005186|2018|50004597710006|001|4300012059|00110|UABC0010|8|EA|11500|KRW|92000|20181130|1300|
C|005186|2018|50004597710007|001|4300012059|00130|UAAC0013|10|EA|32900|KRW|65800|20181130|1300|
C|005186|2018|50004597710008|001|4300012059|00140|UAEC0189|1|EA|69930|KRW|69930|20181130|1300|
C|005186|2018|50004597710009|001|4300012059|00160|UDBC0593|1000|EA|7000|KRW|70000|20181130|1300|
C|005186|2018|50004597710010|001|4300012081|00030|UAIC0002|5|EA|18400|KRW|18400|20181130|1300|
C|005186|2018|50004597710011|001|4300012081|00040|UAAC0015|5|EA|43950|KRW|43950|20181130|1300|
