C|005186|2013|50000048270001|001|4300000047|00030|UAEC0389|2|EA|14400|KRW|28800|20130430|1300|
C|005186|2013|50000048280001|001|4300000034|00010|UEBC0860|1|EA|63000|KRW|63000|20130430|1300|
C|005186|2013|50000048280002|001|4300000034|00020|UAEC0154|1|EA|186950|KRW|186950|20130430|1300|
C|005186|2013|50000048280003|001|4300000034|00030|UAEC0364|5|EA|3160|KRW|15800|20130430|1300|
C|005186|2013|50000048280004|001|4300000034|00040|UGCC0607|2|EA|9870|KRW|19740|20130430|1300|
C|005186|2013|50000048280005|001|4300000034|00050|UAAC0022|2|EA|9970|KRW|19940|20130430|1300|
C|005186|2013|50000048280006|001|4300000034|00060|UGAC0081|1|EA|33070|KRW|33070|20130430|1300|
C|005186|2013|50000048280007|001|4300000034|00070|UZZC0131|15|EA|17900|KRW|268500|20130430|1300|
C|005186|2013|50000048280008|001|4300000034|00080|UGCC0787|1|EA|65650|KRW|65650|20130430|1300|
C|005186|2013|50000048280009|001|4300000034|00090|UCKC0047|1|EA|122850|KRW|122850|20130430|1300|
C|005186|2013|50000048290001|001|4300000036|00010|UDDC0140|20|EA|19430|KRW|388600|20130430|1300|
C|005186|2013|50000048400001|001|4300000039|00030|UJCC0017|1|EA|3990|KRW|3990|20130430|1300|
C|005186|2013|50000048410001|001|4300000042|00010|UDDC0348|5|EA|17160|KRW|85800|20130430|1300|
C|005186|2013|50000048410002|001|4300000042|00020|UICC0035|30|EA|4940|KRW|148200|20130430|1300|
C|005186|2013|50000048410003|001|4300000042|00030|UIDC0086|5|EA|140000|KRW|700000|20130430|1300|
C|005186|2013|50000048420001|001|4300000041|00010|UDDC0070|4|EA|23835|KRW|95340|20130430|1300|
C|005186|2013|50000048420002|001|4300000041|00020|UDEC0087|5|EA|89250|KRW|446250|20130430|1300|
C|005186|2013|50000048430001|001|4300000035|00010|UDDC0136|10|EA|13545|KRW|135450|20130430|1300|
C|005186|2013|50000048440001|001|4300000061|00010|UKEC0105|20|EA|6840|KRW|136800|20130430|1300|
C|005186|2013|50000048450001|001|4300000058|00010|UKEC0097|15|EA|2625|KRW|39375|20130430|1300|
C|005186|2013|50000048450002|001|4300000058|00020|UKEC0087|15|EA|1890|KRW|28350|20130430|1300|
C|005186|2013|50000048450003|001|4300000058|00030|UKEC0088|15|EA|2000|KRW|30000|20130430|1300|
C|005186|2013|50000048450004|001|4300000058|00040|UKEC0021|40|EA|1520|KRW|60800|20130430|1300|
C|005186|2013|50000048450005|001|4300000058|00050|UADC0017|1|EA|15750|KRW|15750|20130430|1300|
C|005186|2013|50000048450006|001|4300000058|00060|UBBC0006|2|EA|103370|KRW|206740|20130430|1300|
C|005186|2013|50000048450007|001|4300000058|00070|UZZC0071|1|EA|217350|KRW|217350|20130430|1300|
C|005186|2013|50000048460001|001|4300000045|00010|UZZC0071|1|EA|217350|KRW|217350|20130430|1300|
C|005186|2013|50000048470001|001|4300000052|00010|UAEC0267|3|EA|6359|KRW|19077|20130430|1300|
C|005186|2013|50000048470002|001|4300000052|00020|UAEC0058|1|EA|12350|KRW|12350|20130430|1300|
C|005186|2013|50000048470003|001|4300000052|00030|UAEC0113|1|EA|10500|KRW|10500|20130430|1300|
C|005186|2013|50000048470004|001|4300000052|00040|UAKC0007|1|EA|4998|KRW|4998|20130430|1300|
C|005186|2013|50000048470005|001|4300000052|00050|UAKC0001|1|EA|6090|KRW|6090|20130430|1300|
C|005186|2013|50000048470006|001|4300000052|00060|UKGC0006|10|EA|1370|KRW|13700|20130430|1300|
C|005186|2013|50000048470007|001|4300000052|00070|UAGC0002|20|EA|1520|KRW|30400|20130430|1300|
C|005186|2013|50000048470008|001|4300000052|00080|UJCC0002|1|EA|22210|KRW|22210|20130430|1300|
C|005186|2013|50000048470009|001|4300000052|00090|UABC0021|1|EA|14490|KRW|14490|20130430|1300|
C|005186|2013|50000048470010|001|4300000052|00100|UADC0016|1|EA|12180|KRW|12180|20130430|1300|
C|005186|2013|50000048470011|001|4300000052|00110|UAEC0015|1|EA|9830|KRW|9830|20130430|1300|
