C|005186|2017|50003393220001|001|4300007252|00030|UEBC0591|1|EA|546000|KRW|546000|20170427|1300|
C|005186|2017|50003393220002|001|4300007332|00090|KS061502|15|EA|2970|KRW|44550|20170427|1300|
C|005186|2017|50003393220003|001|4300007332|00100|KS061503|13|EA|3150|KRW|40950|20170427|1300|
C|005186|2017|50003393220004|001|4300007332|00110|KS061506|4|EA|7850|KRW|31400|20170427|1300|
C|005186|2017|50003393220005|001|4300007332|00120|KS061508|3|EA|10510|KRW|31530|20170427|1300|
C|005186|2017|50003393220006|001|4300007332|00130|KS066900|5|EA|1290|KRW|6450|20170427|1300|
C|005186|2017|50003393220007|001|4300007332|00140|KS066902|2|EA|1540|KRW|3080|20170427|1300|
C|005186|2017|50003393220008|001|4300007332|00150|KS066904|3|EA|2000|KRW|6000|20170427|1300|
C|005186|2017|50003393220009|001|4300007332|00160|KS067004|5|EA|2000|KRW|10000|20170427|1300|
C|005186|2017|50003393220010|001|4300007332|00170|KS067203|3|EA|2330|KRW|6990|20170427|1300|
C|005186|2017|50003393220011|001|4300007332|00180|KS067205|4|EA|3290|KRW|13160|20170427|1300|
C|005186|2017|50003393220012|001|4300007332|00190|KS067207|4|EA|5780|KRW|23120|20170427|1300|
C|005186|2017|50003393220013|001|4300007332|00200|KS067208|3|EA|7940|KRW|23820|20170427|1300|
C|005186|2017|50003393220014|001|4300007332|00210|KS080709|3|EA|24700|KRW|74100|20170427|1300|
C|005186|2017|50003393220015|001|4300007332|00220|KS080711|3|EA|32300|KRW|96900|20170427|1300|
C|005186|2017|50003393220016|001|4300007334|00010|UDBC0596|500|EA|74|KRW|37000|20170427|1300|
C|005186|2017|50003393220017|001|4300007334|00020|UDBC0597|500|EA|80|KRW|40000|20170427|1300|
C|005186|2017|50003393220018|001|4300007334|00030|UDBC0618|500|EA|160|KRW|80000|20170427|1300|
C|005186|2017|50003393220019|001|4300007334|00040|UDBC0622|500|EA|186|KRW|93000|20170427|1300|
C|005186|2017|50003393220020|001|4300007334|00050|UDBC0043|100|EA|350|KRW|35000|20170427|1300|
C|005186|2017|50003393220021|001|4300007335|00040|UDBC0404|500|EA|52|KRW|26000|20170427|1300|
C|005186|2017|50003393220022|001|4300007335|00050|UDBC0406|500|EA|73|KRW|36500|20170427|1300|
C|005186|2017|50003393220023|001|4300007335|00060|UDBC0425|500|EA|85|KRW|42500|20170427|1300|
C|005186|2017|50003393220024|001|4300007335|00070|UDBC0427|500|EA|120|KRW|60000|20170427|1300|
C|005186|2017|50003393220025|001|4300007335|00080|UDBC0443|300|EA|189|KRW|56700|20170427|1300|
C|005186|2017|50003393220026|001|4300007335|00090|UDBC0445|300|EA|210|KRW|63000|20170427|1300|
C|005186|2017|50003393220027|001|4300007370|00040|UDBC0320|500|EA|26|KRW|13000|20170427|1300|
C|005186|2017|50003393220028|001|4300007370|00050|UDBC0323|500|EA|40|KRW|20000|20170427|1300|
C|005186|2017|50003393220029|001|4300007370|00060|UDBC0299|500|EA|53|KRW|26500|20170427|1300|
C|005186|2017|50003393220030|001|4300007370|00070|UDBC0303|500|EA|84|KRW|42000|20170427|1300|
C|005186|2017|50003393220031|001|4300007370|00080|UDBC0741|500|EA|18|KRW|9000|20170427|1300|
C|005186|2017|50003393220032|001|4300007370|00090|UDBC0726|500|EA|140|KRW|70000|20170427|1300|
C|005186|2017|50003393220033|001|4300007370|00100|UDBC0372|500|EA|30|KRW|15000|20170427|1300|
C|005186|2017|50003393220034|001|4300007370|00110|UDBC0376|500|EA|58|KRW|29000|20170427|1300|
C|005186|2017|50003393250001|001|4300007376|00010|UJAC0027|4|EA|47670|KRW|190680|20170427|1300|
C|005186|2017|50003393250002|001|4300007376|00060|UJAC0029|12|EA|49350|KRW|592200|20170427|1300|
C|005186|2017|50003393250003|001|4300007376|00080|UJAC0027|8|EA|47670|KRW|381360|20170427|1300|
C|005186|2017|50003393250004|001|4300007377|00010|UJAC0028|12|EA|44840|KRW|538080|20170427|1300|
C|005186|2017|50003393250005|001|4300007377|00020|UJAC0026|8|EA|42320|KRW|338560|20170427|1300|
C|005186|2017|50003393250006|001|4300007377|00080|UKEC0091|20|EA|1270|KRW|25400|20170427|1300|
C|005186|2017|50003393250007|001|4300007388|00010|KP150400|2000|EA|170|KRW|340000|20170427|1300|
C|005186|2017|50003393360001|001|4300007331|00010|KE030011|4|EA|8190|KRW|32760|20170427|1300|
C|005186|2017|50003393360002|001|4300007331|00020|KE030208|1|EA|57230|KRW|57230|20170427|1300|
C|005186|2017|50003393360003|001|4300007331|00030|KE030211|1|EA|145740|KRW|145740|20170427|1300|
C|005186|2017|50003393360004|001|4300007331|00040|KE050302|9|EA|1160|KRW|10440|20170427|1300|
C|005186|2017|50003393360005|001|4300007331|00050|KE050701|9|EA|2630|KRW|23670|20170427|1300|
C|005186|2017|50003393360006|001|4300007331|00060|KE051050|2|EA|12600|KRW|25200|20170427|1300|
C|005186|2017|50003393360007|001|4300007331|00070|KE090101|3|EA|24680|KRW|74040|20170427|1300|
C|005186|2017|50003393360008|001|4300007331|00080|KE090102|3|EA|15430|KRW|46290|20170427|1300|
C|005186|2017|50003393360009|001|4300007331|00090|KE090106|6|EA|15370|KRW|92220|20170427|1300|
C|005186|2017|50003393360010|001|4300007331|00100|KE090112|3|EA|16800|KRW|50400|20170427|1300|
C|005186|2017|50003393360011|001|4300007331|00110|KE090116|1|EA|28040|KRW|28040|20170427|1300|
C|005186|2017|50003393360012|001|4300007331|00120|KE090127|3|EA|34000|KRW|102000|20170427|1300|
C|005186|2017|50003393360013|001|4300007331|00130|KE110200|10|EA|65100|KRW|651000|20170427|1300|
C|005186|2017|50003393360014|001|4300007331|00140|KE190003|6|EA|29300|KRW|175800|20170427|1300|
C|005186|2017|50003393360015|001|4300007331|00150|KE200113|2|EA|130000|KRW|260000|20170427|1300|
C|005186|2017|50003393360016|001|4300007331|00160|KE200116|1|EA|130200|KRW|130200|20170427|1300|
C|005186|2017|50003393360017|001|4300007332|00010|KE230003|200|EA|1870|KRW|374000|20170427|1300|
C|005186|2017|50003393360018|001|4300007332|00020|KE231001|21|EA|16150|KRW|339150|20170427|1300|
C|005186|2017|50003393360019|001|4300007332|00030|KE231100|27|EA|530|KRW|14310|20170427|1300|
C|005186|2017|50003393360020|001|4300007332|00040|KE231406|19|EA|7140|KRW|135660|20170427|1300|
C|005186|2017|50003393360021|001|4300007332|00050|KE270300|20|EA|470|KRW|9400|20170427|1300|
C|005186|2017|50003393360022|001|4300007332|00060|KE270302|3|EA|6900|KRW|20700|20170427|1300|
C|005186|2017|50003393360023|001|4300007332|00070|KE280401|9|EA|20800|KRW|187200|20170427|1300|
C|005186|2017|50003393360024|001|4300007332|00080|KE281401|36|EA|840|KRW|30240|20170427|1300|
C|005186|2017|50003393360025|001|4300007368|00010|UHGC0317|2|EA|318000|KRW|636000|20170427|1300|
C|005186|2017|50003393360026|001|4300007373|00010|UHFC0127|3|EA|33400|KRW|100200|20170427|1300|
C|005186|2017|50003393360027|001|4300007373|00020|UHGC0134|2|EA|756000|KRW|1512000|20170427|1300|
C|005186|2017|50003393360028|001|4300007374|00010|UHTC0806|1|EA|551200|KRW|551200|20170427|1300|
C|005186|2017|50003393360029|001|4300007384|00020|UHNC0113|1|EA|772800|KRW|772800|20170427|1300|
C|005186|2017|50003393360030|001|4300007385|00010|UHTC0403|6|EA|89400|KRW|536400|20170427|1300|
C|005186|2017|50003393360031|001|4300007385|00020|UHTC0287|6|EA|16200|KRW|97200|20170427|1300|
C|005186|2017|50003393360032|001|4300007385|00040|UHDC0125|47|EA|2100|KRW|98700|20170427|1300|
C|005186|2017|50003393360033|001|4300007385|00050|UHFC0218|200|EA|250|KRW|50000|20170427|1300|
C|005186|2017|50003393360034|001|4300007385|00060|UHTC0528|50|EA|1580|KRW|79000|20170427|1300|
C|005186|2017|50003393360035|001|4300007386|00030|UHTC0255|2|EA|6300|KRW|12600|20170427|1300|
C|005186|2017|50003393360036|001|4300007387|00010|UHTC0249|1|EA|337050|KRW|337050|20170427|1300|
C|005186|2017|50003393360037|001|4300007387|00020|UHGC0124|20|EA|22100|KRW|442000|20170427|1300|
C|005186|2017|50003393360038|001|4300007387|00030|UHNC0131|2|EA|286500|KRW|573000|20170427|1300|
C|005186|2017|50003393360039|001|4300007390|00010|UHNC0136|1|EA|947380|KRW|947380|20170427|1300|
C|005186|2017|50003393360040|001|4300007390|00020|UHFC0285|1|EA|447300|KRW|447300|20170427|1300|
C|005186|2017|50003393360041|001|4300007390|00030|UGCC0232|1|EA|300300|KRW|300300|20170427|1300|
C|005186|2017|50003393360042|001|4300007391|00010|UHGC0107|1|EA|342100|KRW|342100|20170427|1300|
C|005186|2017|50003393360043|001|4300007391|00020|UHGC0169|2|EA|50400|KRW|100800|20170427|1300|
C|005186|2017|50003393360044|001|4300007391|00030|UHHC0069|2|EA|412650|KRW|825300|20170427|1300|
C|005186|2017|50003393360045|001|4300007391|00040|UHFC0336|2|EA|82950|KRW|165900|20170427|1300|
C|005186|2017|50003393360046|001|4300007391|00050|UHFC0337|1|EA|104210|KRW|104210|20170427|1300|
C|005186|2017|50003393360047|001|4300007391|00060|UHHC0151|1|EA|44210|KRW|44210|20170427|1300|
C|005186|2017|50003393370001|001|4300007372|00010|UAEC0326|50|EA|7455|KRW|372750|20170427|1300|
C|005186|2017|50003393370002|001|4300007376|00030|UKAC0050|2|EA|206500|KRW|413000|20170427|1300|
C|005186|2017|50003393370003|001|4300007377|00060|UAGC0491|100|EA|1020|KRW|102000|20170427|1300|
C|005186|2017|50003393370004|001|4300007377|00100|UAGC0323|10|EA|14180|KRW|141800|20170427|1300|
C|005186|2017|50003393370005|001|4300007377|00110|UADC0040|10|EA|7880|KRW|78800|20170427|1300|
C|005186|2017|50003393380001|001|4300007389|00010|UFFC0001|2|EA|121050|KRW|242100|20170427|1300|
C|005186|2017|50003393390001|001|4300007330|00010|UZZC0089|400|EA|200|KRW|80000|20170427|1300|
C|005186|2017|50003393390002|001|4300007330|00020|UJBC0042|3|EA|75800|KRW|227400|20170427|1300|
C|005186|2017|50003393390003|001|4300007332|00230|KT020610|1|EA|29150|KRW|29150|20170427|1300|
C|005186|2017|50003393390004|001|4300007332|00240|KP150400|100|EA|170|KRW|17000|20170427|1300|
C|005186|2017|50003393390005|001|4300007332|00250|KS990007|7|EA|51450|KRW|360150|20170427|1300|
C|005186|2017|50003393390006|001|4300007333|00010|KT020005|5|EA|5640|KRW|28200|20170427|1300|
C|005186|2017|50003393390007|001|4300007333|00020|KT020006|3|EA|6250|KRW|18750|20170427|1300|
C|005186|2017|50003393390008|001|4300007333|00030|KT020007|2|EA|6860|KRW|13720|20170427|1300|
C|005186|2017|50003393390009|001|4300007333|00040|KT020008|3|EA|8030|KRW|24090|20170427|1300|
C|005186|2017|50003393390010|001|4300007333|00050|KT020009|2|EA|8030|KRW|16060|20170427|1300|
C|005186|2017|50003393390011|001|4300007333|00060|KT020010|3|EA|10190|KRW|30570|20170427|1300|
C|005186|2017|50003393390012|001|4300007333|00070|KT020011|5|EA|10400|KRW|52000|20170427|1300|
C|005186|2017|50003393390013|001|4300007333|00080|KT020012|4|EA|13110|KRW|52440|20170427|1300|
C|005186|2017|50003393390014|001|4300007333|00090|KT020013|3|EA|13110|KRW|39330|20170427|1300|
C|005186|2017|50003393390015|001|4300007333|00100|KT020014|2|EA|14490|KRW|28980|20170427|1300|
C|005186|2017|50003393390016|001|4300007333|00110|KT020015|1|EA|15720|KRW|15720|20170427|1300|
C|005186|2017|50003393390017|001|4300007333|00120|KT020017|1|EA|18730|KRW|18730|20170427|1300|
C|005186|2017|50003393390018|001|4300007333|00130|KT020021|1|EA|28350|KRW|28350|20170427|1300|
C|005186|2017|50003393390019|001|4300007333|00140|KT020500|30|EA|3110|KRW|93300|20170427|1300|
C|005186|2017|50003393390020|001|4300007333|00150|KT020600|4|EA|14910|KRW|59640|20170427|1300|
C|005186|2017|50003393390021|001|4300007333|00160|KT020611|1|EA|28140|KRW|28140|20170427|1300|
C|005186|2017|50003393390022|001|4300007333|00170|KT020612|1|EA|44100|KRW|44100|20170427|1300|
C|005186|2017|50003393390023|001|4300007333|00180|KT020613|1|EA|49000|KRW|49000|20170427|1300|
C|005186|2017|50003393390024|001|4300007333|00190|KT020700|15|EA|2680|KRW|40200|20170427|1300|
C|005186|2017|50003393390025|001|4300007333|00200|KT020705|5|EA|1390|KRW|6950|20170427|1300|
C|005186|2017|50003393390026|001|4300007333|00210|KT080300|25.000|KG|2770|KRW|69250|20170427|1300|
C|005186|2017|50003393390027|001|4300007333|00220|KT080360|1|EA|5250|KRW|5250|20170427|1300|
C|005186|2017|50003393390028|001|4300007372|00020|UAEC0197|2|EA|7270|KRW|14540|20170427|1300|
C|005186|2017|50003393390029|001|4300007372|00030|UAEC0198|2|EA|7270|KRW|14540|20170427|1300|
C|005186|2017|50003393390030|001|4300007372|00040|UAEC0034|2|EA|3470|KRW|6940|20170427|1300|
C|005186|2017|50003393390031|001|4300007372|00050|UAEC0035|2|EA|3470|KRW|6940|20170427|1300|
C|005186|2017|50003393390032|001|4300007372|00060|UAEC0301|2|EA|11550|KRW|23100|20170427|1300|
C|005186|2017|50003393390033|001|4300007372|00090|UHTC0199|1|EA|488250|KRW|488250|20170427|1300|
C|005186|2017|50003393390034|001|4300007376|00020|UAGC0058|5|EA|1190|KRW|5950|20170427|1300|
C|005186|2017|50003393390035|001|4300007376|00040|UAEC0442|1|EA|255460|KRW|255460|20170427|1300|
C|005186|2017|50003393390036|001|4300007377|00090|UAAC0029|20|EA|1890|KRW|37800|20170427|1300|
C|005186|2017|50003393390037|001|4300007377|00160|UAEC0064|5|EA|3480|KRW|17400|20170427|1300|
C|005186|2017|50003393390038|001|4300007377|00180|UAKC0026|5|EA|7580|KRW|37900|20170427|1300|
C|005186|2017|50003393390039|001|4300007380|00020|UIEC0027|5|EA|5050|KRW|25250|20170427|1300|
C|005186|2017|50003393390040|001|4300007380|00030|UAEC0114|2|EA|12290|KRW|24580|20170427|1300|
C|005186|2017|50003393390041|001|4300007380|00040|UAEC0049|2|EA|9900|KRW|19800|20170427|1300|
C|005186|2017|50003393390042|001|4300007380|00050|UJAC0148|2|EA|110250|KRW|220500|20170427|1300|
C|005186|2017|50003393390043|001|4300007380|00060|UAGC0002|30|EA|1520|KRW|45600|20170427|1300|
C|005186|2017|50003393390044|001|4300007380|00070|UAEC0302|5|EA|10080|KRW|50400|20170427|1300|
C|005186|2017|50003393390045|001|4300007380|00080|UAGC0064|1|EA|112630|KRW|112630|20170427|1300|
C|005186|2017|50003393390046|001|4300007380|00090|UAGC0194|50|EA|3260|KRW|163000|20170427|1300|
C|005186|2017|50003393390047|001|4300007380|00100|UAKC0029|2|EA|4790|KRW|9580|20170427|1300|
C|005186|2017|50003393390048|001|4300007380|00110|UAEC0319|1|EA|73470|KRW|73470|20170427|1300|
C|005186|2017|50003393390049|001|4300007380|00120|UAEC0402|1|EA|125000|KRW|125000|20170427|1300|
C|005186|2017|50003393400001|001|4300007393|00020|CMA0005|20|EA|2000|KRW|40000|20170427|1300|
C|005186|2017|50003393400002|001|4300007393|00050|CMA0016|20|EA|2140|KRW|42800|20170427|1300|
C|005186|2017|50003393400003|001|4300007393|00100|CMB0010|40|EA|1280|KRW|51200|20170427|1300|
C|005186|2017|50003393400004|001|4300007393|00110|CME0001|26|EA|3300|KRW|85800|20170427|1300|
C|005186|2017|50003393400005|001|4300007393|00130|CME0006|10|EA|3080|KRW|30800|20170427|1300|
C|005186|2017|50003393400006|001|4300007393|00140|CME0010|100|EA|240|KRW|24000|20170427|1300|
C|005186|2017|50003393400007|001|4300007393|00150|CMF0001|1|EA|1950|KRW|1950|20170427|1300|
C|005186|2017|50003393400008|001|4300007393|00170|CMF0020|1|EA|650|KRW|650|20170427|1300|
C|005186|2017|50003393400009|001|4300007393|00180|CMH0007|3|EA|11600|KRW|34800|20170427|1300|
C|005186|2017|50003393400010|001|4300007393|00220|CMZ0006|5|EA|1170|KRW|5850|20170427|1300|
C|005186|2017|50003393400011|001|4300007394|00050|CMF0006|10|EA|9500|KRW|95000|20170427|1300|
C|005186|2017|50003393400012|001|4300007394|00060|CMF0015|10|EA|450|KRW|4500|20170427|1300|
C|005186|2017|50003393400013|001|4300007395|00060|CMB0010|140|EA|1280|KRW|179200|20170427|1300|
C|005186|2017|50003393400014|001|4300007395|00080|CMF0001|15|EA|1950|KRW|29250|20170427|1300|
C|005186|2017|50003393400015|001|4300007395|00100|CMF0020|15|EA|650|KRW|9750|20170427|1300|
C|005186|2017|50003393400016|001|4300007396|00030|CMA0016|20|EA|2140|KRW|42800|20170427|1300|
C|005186|2017|50003393400017|001|4300007396|00060|CME0001|13|EA|3300|KRW|42900|20170427|1300|
C|005186|2017|50003393400018|001|4300007396|00070|CMF0001|3|EA|1950|KRW|5850|20170427|1300|
C|005186|2017|50003393400019|001|4300007396|00090|CMF0006|1|EA|9500|KRW|9500|20170427|1300|
C|005186|2017|50003393400020|001|4300007396|00100|CMF0020|2|EA|650|KRW|1300|20170427|1300|
C|005186|2017|50003393400021|001|4300007396|00110|CMH0007|3|EA|11600|KRW|34800|20170427|1300|
C|005186|2017|50003393400022|001|4300007397|00040|CMB0010|60|EA|1280|KRW|76800|20170427|1300|
C|005186|2017|50003393400023|001|4300007397|00110|CME0010|200|EA|240|KRW|48000|20170427|1300|
C|005186|2017|50003393400024|001|4300007397|00160|CMH0007|4|EA|11600|KRW|46400|20170427|1300|
C|005186|2017|50003393400025|001|4300007398|00040|CME0001|50|EA|3300|KRW|165000|20170427|1300|
C|005186|2017|50003393400026|001|4300007398|00050|CME0006|20|EA|3080|KRW|61600|20170427|1300|
C|005186|2017|50003393400027|001|4300007398|00060|CMF0001|10|EA|1950|KRW|19500|20170427|1300|
C|005186|2017|50003393400028|001|4300007398|00070|CMF0009|10|EA|4950|KRW|49500|20170427|1300|
C|005186|2017|50003393400029|001|4300007398|00080|CMF0020|10|EA|650|KRW|6500|20170427|1300|
C|005186|2017|50003393400030|001|4300007398|00090|CMF0021|10|EA|3100|KRW|31000|20170427|1300|
C|005186|2017|50003393400031|001|4300007400|00040|CMA0016|100|EA|2140|KRW|214000|20170427|1300|
C|005186|2017|50003393400032|001|4300007400|00060|CMB0010|300|EA|1280|KRW|384000|20170427|1300|
C|005186|2017|50003393400033|001|4300007400|00090|CME0010|200|EA|240|KRW|48000|20170427|1300|
C|005186|2017|50003393400034|001|4300007400|00120|CMF0013|10|EA|940|KRW|9400|20170427|1300|
C|005186|2017|50003393400035|001|4300007400|00130|CMF0020|10|EA|650|KRW|6500|20170427|1300|
C|005186|2017|50003393400036|001|4300007400|00140|CMH0007|5|EA|11600|KRW|58000|20170427|1300|
C|005186|2017|50003393400037|001|4300007400|00160|CMZ0006|50|EA|1170|KRW|58500|20170427|1300|
C|005186|2017|50003393400038|001|4300007401|00040|CMB0010|500|EA|1280|KRW|640000|20170427|1300|
C|005186|2017|50003393400039|001|4300007401|00080|CME0010|200|EA|240|KRW|48000|20170427|1300|
C|005186|2017|50003393400040|001|4300007401|00090|CMF0001|10|EA|1950|KRW|19500|20170427|1300|
C|005186|2017|50003393400041|001|4300007401|00120|CMF0020|10|EA|650|KRW|6500|20170427|1300|
C|005186|2017|50003393400042|001|4300007401|00140|CMZ0006|10|EA|1170|KRW|11700|20170427|1300|
C|005186|2017|50003393400043|001|4300007402|00030|CMB0010|240|EA|1280|KRW|307200|20170427|1300|
C|005186|2017|50003393400044|001|4300007402|00060|CME0010|60|EA|240|KRW|14400|20170427|1300|
C|005186|2017|50003393400045|001|4300007402|00070|CMF0001|20|EA|1950|KRW|39000|20170427|1300|
C|005186|2017|50003393400046|001|4300007402|00110|CMF0013|10|EA|940|KRW|9400|20170427|1300|
C|005186|2017|50003393400047|001|4300007403|00040|CME0010|100|EA|240|KRW|24000|20170427|1300|
C|005186|2017|50003393400048|001|4300007403|00070|CMH0007|1|EA|11600|KRW|11600|20170427|1300|
C|005186|2017|50003393400049|001|4300007403|00080|CME0001|20|EA|3300|KRW|66000|20170427|1300|
C|005186|2017|50003393400050|001|4300007404|00050|CME0001|10|EA|3300|KRW|33000|20170427|1300|
C|005186|2017|50003393400051|001|4300007404|00060|CME0010|40|EA|240|KRW|9600|20170427|1300|
C|005186|2017|50003393400052|001|4300007405|00020|CMB0010|50|EA|1280|KRW|64000|20170427|1300|
C|005186|2017|50003393400053|001|4300007406|00040|CMF0021|5|EA|3100|KRW|15500|20170427|1300|
C|005186|2017|50003393400054|001|4300007408|00040|CMB0010|80|EA|1280|KRW|102400|20170427|1300|
C|005186|2017|50003393400055|001|4300007409|00050|CMB0010|20|EA|1280|KRW|25600|20170427|1300|
C|005186|2017|50003393410001|001|4300007384|00010|UHHC0071|2|EA|573300|KRW|1146600|20170427|1300|
C|005186|2017|50003393410002|001|4300007385|00030|UHHC0039|50|M|22470|KRW|1123500|20170427|1300|
C|005186|2017|50003393410003|001|4300007386|00010|UHTC0249|5|EA|337050|KRW|1685250|20170427|1300|
C|005186|2017|50003393420001|001|4300007393|00160|CMF0005|10|EA|18700|KRW|187000|20170427|1300|
C|005186|2017|50003393420002|001|4300007395|00090|CMF0005|3|EA|18700|KRW|56100|20170427|1300|
C|005186|2017|50003393420003|001|4300007396|00080|CMF0005|4|EA|18700|KRW|74800|20170427|1300|
C|005186|2017|50003393420004|001|4300007397|00150|CMF0005|2|EA|18700|KRW|37400|20170427|1300|
C|005186|2017|50003393420005|001|4300007400|00110|CMF0005|2|EA|18700|KRW|37400|20170427|1300|
C|005186|2017|50003393420006|001|4300007401|00110|CMF0005|4|EA|18700|KRW|74800|20170427|1300|
C|005186|2017|50003393420007|001|4300007402|00100|CMF0005|6|EA|18700|KRW|112200|20170427|1300|
C|005186|2017|50003393420008|001|4300007403|00060|CMF0005|3|EA|18700|KRW|56100|20170427|1300|
C|005186|2017|50003393420009|001|4300007409|00060|CMF0005|2|EA|18700|KRW|37400|20170427|1300|
C|005186|2017|50003393430001|001|4300007410|00010|UHFC0390|5|EA|13580|KRW|67900|20170427|1300|
C|005186|2017|50003393430002|001|4300007410|00030|UGBC0449|100|EA|1270|KRW|127000|20170427|1300|
C|005186|2017|50003393430003|001|4300007410|00120|UGCC0969|1|EA|190000|KRW|190000|20170427|1300|
C|005186|2017|50003393430004|001|4300007411|00020|UKCC0003|1|EA|4520|KRW|4520|20170427|1300|
C|005186|2017|50003393430005|001|4300007411|00030|UHFC0390|6|EA|13580|KRW|81480|20170427|1300|
C|005186|2017|50003393430006|001|4300007411|00040|UKBC0010|3|EA|91480|KRW|274440|20170427|1300|
C|005186|2017|50003393430007|001|4300007412|00040|UCAC0038|20|EA|11130|KRW|222600|20170427|1300|
C|005186|2017|50003393430008|001|4300007412|00070|UHTC0246|40|EA|8470|KRW|338800|20170427|1300|
C|005186|2017|50003393430009|001|4300007416|00010|UEAC0128|1|EA|1999900|KRW|1999900|20170427|1300|
C|005186|2017|50003393430010|001|4300007417|00060|UDDC0043|2|EA|89040|KRW|178080|20170427|1300|
C|005186|2017|50003393430011|001|4300007417|00070|UDBC0674|4|EA|4650|KRW|18600|20170427|1300|
C|005186|2017|50003393430012|001|4300007417|00100|UDEC0015|2|EA|35910|KRW|71820|20170427|1300|
C|005186|2017|50003393430013|001|4300007418|00020|UDDC0283|1|EA|22470|KRW|22470|20170427|1300|
C|005186|2017|50003393430014|001|4300007420|00030|UGBC0762|30|EA|1030|KRW|30900|20170427|1300|
C|005186|2017|50003393440001|001|4300007410|00020|UAIC0002|5|EA|3680|KRW|18400|20170427|1300|
C|005186|2017|50003393440002|001|4300007410|00040|UAEC0083|5|EA|2640|KRW|13200|20170427|1300|
C|005186|2017|50003393440003|001|4300007410|00050|UAEC0084|5|EA|2750|KRW|13750|20170427|1300|
C|005186|2017|50003393440004|001|4300007410|00060|UAEC0249|3|EA|3450|KRW|10350|20170427|1300|
C|005186|2017|50003393440005|001|4300007410|00070|UAEC0250|3|EA|3930|KRW|11790|20170427|1300|
C|005186|2017|50003393440006|001|4300007410|00100|UGAC0003|1|EA|21630|KRW|21630|20170427|1300|
C|005186|2017|50003393440007|001|4300007411|00010|UAEC0063|5|EA|4260|KRW|21300|20170427|1300|
C|005186|2017|50003393440008|001|4300007412|00020|UAGC0492|2|EA|18020|KRW|36040|20170427|1300|
C|005186|2017|50003393440009|001|4300007412|00030|UAGC0004|20|EA|1820|KRW|36400|20170427|1300|
C|005186|2017|50003393440010|001|4300007417|00090|UABC0039|50|EA|1950|KRW|97500|20170427|1300|
C|005186|2017|50003393440011|001|4300007418|00060|UAGC0426|10|EA|1040|KRW|10400|20170427|1300|
C|005186|2017|50003393440012|001|4300007418|00070|UAGC0284|10|EA|2310|KRW|23100|20170427|1300|
C|005186|2017|50003393450001|001|4300007409|00010|CMA0001|150|EA|151|KRW|22650|20170427|1300|
C|005186|2017|50003393450002|001|4300007409|00020|CMA0007|100|EA|151|KRW|15100|20170427|1300|
C|005186|2017|50003393450003|001|4300007409|00030|CMB0001|100|EA|520|KRW|52000|20170427|1300|
C|005186|2017|50003393450004|001|4300007409|00040|CMB0003|40|EA|2200|KRW|88000|20170427|1300|
C|005186|2017|50003393460001|001|4300007408|00010|CMA0001|60|EA|151|KRW|9060|20170427|1300|
C|005186|2017|50003393460002|001|4300007408|00020|CMA0007|200|EA|151|KRW|30200|20170427|1300|
C|005186|2017|50003393460003|001|4300007408|00030|CMB0001|20|EA|520|KRW|10400|20170427|1300|
C|005186|2017|50003393460004|001|4300007408|00070|CMZ0032|3|EA|1300|KRW|3900|20170427|1300|
C|005186|2017|50003393470001|001|4300007406|00010|CMA0001|30|EA|151|KRW|4530|20170427|1300|
C|005186|2017|50003393470002|001|4300007406|00020|CMA0007|40|EA|151|KRW|6040|20170427|1300|
C|005186|2017|50003393470003|001|4300007406|00030|CMB0001|20|EA|520|KRW|10400|20170427|1300|
C|005186|2017|50003393480001|001|4300007405|00010|CMA0007|80|EA|151|KRW|12080|20170427|1300|
C|005186|2017|50003393490001|001|4300007404|00010|CMA0001|100|EA|151|KRW|15100|20170427|1300|
C|005186|2017|50003393490002|001|4300007404|00020|CMA0007|40|EA|151|KRW|6040|20170427|1300|
C|005186|2017|50003393490003|001|4300007404|00030|CMA0008|40|EA|470|KRW|18800|20170427|1300|
C|005186|2017|50003393490004|001|4300007404|00040|CMC0003|20|EA|310|KRW|6200|20170427|1300|
C|005186|2017|50003393500001|001|4300007403|00010|CMA0001|600|EA|151|KRW|90600|20170427|1300|
C|005186|2017|50003393500002|001|4300007403|00020|CMA0007|50|EA|151|KRW|7550|20170427|1300|
C|005186|2017|50003393500003|001|4300007403|00030|CMA0017|10|EA|770|KRW|7700|20170427|1300|
C|005186|2017|50003393500004|001|4300007403|00050|CME0013|2|EA|11880|KRW|23760|20170427|1300|
