C|005186|2013|50000121120001|001|4300000063|00080|UDEC0002|20|EA|44100|KRW|882000|20130615|1300|
C|005186|2013|50000121120002|001|4300000074|00010|UHTC0543|2|EA|631500|KRW|1263000|20130615|1300|
C|005186|2013|50000121120003|001|4300000074|00020|UHTC0544|1|EA|379000|KRW|379000|20130615|1300|
C|005186|2013|50000121120004|001|4300000194|00040|UGBC0543|5|EA|17850|KRW|89250|20130615|1300|
C|005186|2013|50000121120005|001|4300000194|00050|UGBC0619|30|EA|340|KRW|10200|20130615|1300|
C|005186|2013|50000121120006|001|4300000194|00070|UGBC0148|30|EA|370|KRW|11100|20130615|1300|
C|005186|2013|50000121120007|001|4300000194|00080|UGBC0147|30|EA|210|KRW|6300|20130615|1300|
C|005186|2013|50000121120008|001|4300000194|00100|UGBC0167|10|EA|860|KRW|8600|20130615|1300|
C|005186|2013|50000121120009|001|4300000194|00110|UGBC0165|20|EA|530|KRW|10600|20130615|1300|
C|005186|2013|50000121120010|001|4300000194|00120|UGBC0141|10|EA|1260|KRW|12600|20130615|1300|
C|005186|2013|50000121120011|001|4300000195|00010|UIDC0122|3|EA|72450|KRW|217350|20130615|1300|
C|005186|2013|50000121120012|001|4300000196|00050|UCIC0007|1|EA|186320|KRW|186320|20130615|1300|
C|005186|2013|50000121120013|001|4300000198|00010|UHGC0244|2|EA|142000|KRW|284000|20130615|1300|
C|005186|2013|50000121120014|001|4300000211|00010|UKEC0002|100|EA|530|KRW|53000|20130615|1300|
C|005186|2013|50000121120015|001|4300000211|00020|UJBC0005|10|EA|14700|KRW|147000|20130615|1300|
C|005186|2013|50000121120016|001|4300000211|00030|UZZC0053|1|EA|71400|KRW|71400|20130615|1300|
C|005186|2013|50000121120017|001|4300000211|00040|UKEC0065|5|EA|28350|KRW|141750|20130615|1300|
