C|005186|2016|50003085330001|001|4300006454|00020|UGBC1399|20|EA|1850|KRW|37000|20161215|1300|
C|005186|2016|50003085330002|001|4300006454|00070|UGBC0780|30|EA|570|KRW|17100|20161215|1300|
C|005186|2016|50003085330003|001|4300006454|00080|UGBC0781|30|EA|580|KRW|17400|20161215|1300|
C|005186|2016|50003085330004|001|4300006454|00090|UGBC0782|30|EA|720|KRW|21600|20161215|1300|
C|005186|2016|50003085330005|001|4300006454|00130|UEBC0491|3|EA|4370|KRW|13110|20161215|1300|
C|005186|2016|50003085330006|001|4300006456|00010|UBBC0006|2|EA|103370|KRW|206740|20161215|1300|
C|005186|2016|50003085340001|001|4300006453|00020|UEBC0649|2|EA|124740|KRW|249480|20161215|1300|
C|005186|2016|50003085340002|001|4300006453|00070|UEBC0798|5|EA|24570|KRW|122850|20161215|1300|
C|005186|2016|50003085340003|001|4300006453|00120|UEBC0275|4|EA|7180|KRW|28720|20161215|1300|
C|005186|2016|50003085340004|001|4300006454|00010|UDAC0053|5|EA|196350|KRW|981750|20161215|1300|
C|005186|2016|50003085340005|001|4300006454|00030|UEBC0183|2|EA|141750|KRW|283500|20161215|1300|
C|005186|2016|50003085340006|001|4300006454|00040|UAJC0052|100|EA|810|KRW|81000|20161215|1300|
C|005186|2016|50003085340007|001|4300006454|00050|UEBC1088|4|EA|15680|KRW|62720|20161215|1300|
C|005186|2016|50003085340008|001|4300006454|00060|UEBC0329|10|EA|14750|KRW|147500|20161215|1300|
C|005186|2016|50003085350001|001|4300006447|00010|UHGC0243|2|EA|400000|KRW|0|20161215|1300|
C|005186|2016|50003085350002|001|4300006447|00020|UIEC0025|3|EA|5040|KRW|0|20161215|1300|
C|005186|2016|50003085350003|001|4300006447|00030|UIEC0075|3|EA|7596|KRW|0|20161215|1300|
C|005186|2016|50003085350004|001|4300006447|00040|UAGC0319|2|EA|42210|KRW|0|20161215|1300|
C|005186|2016|50003085350005|001|4300006447|00050|UAGC0004|20|EA|1820|KRW|0|20161215|1300|
C|005186|2016|50003085350006|001|4300006447|00060|UAEC0140|10|EA|2060|KRW|0|20161215|1300|
C|005186|2016|50003085350007|001|4300006447|00070|UAKC0012|2|EA|9080|KRW|0|20161215|1300|
C|005186|2016|50003085350008|001|4300006447|00080|UAEC0114|2|EA|12290|KRW|0|20161215|1300|
C|005186|2016|50003085350009|001|4300006447|00090|UAEC0056|2|EA|9000|KRW|0|20161215|1300|
C|005186|2016|50003085350010|001|4300006447|00100|UZZC0012|5|EA|7350|KRW|0|20161215|1300|
C|005186|2016|50003085350011|001|4300006447|00110|UKBC0009|5|EA|3810|KRW|0|20161215|1300|
C|005186|2016|50003085350012|001|4300006453|00030|UAHC0046|1|EA|280350|KRW|280350|20161215|1300|
C|005186|2016|50003085350013|001|4300006453|00040|UAHC0018|1|EA|73290|KRW|73290|20161215|1300|
C|005186|2016|50003085350014|001|4300006453|00050|UAHC0020|1|EA|64370|KRW|64370|20161215|1300|
C|005186|2016|50003085350015|001|4300006453|00060|UAEC0427|3|EA|3738|KRW|11214|20161215|1300|
C|005186|2016|50003085350016|001|4300006453|00110|UIDC0145|1|EA|264100|KRW|264100|20161215|1300|
C|005186|2016|50003085350017|001|4300006454|00100|UAGC0363|1|EA|36330|KRW|36330|20161215|1300|
C|005186|2016|50003085350018|001|4300006456|00020|UJCC0024|30|EA|4360|KRW|130800|20161215|1300|
C|005186|2016|50003085360001|001|4300006436|00020|UGCC1061|1|EA|165000|KRW|165000|20161215|1300|
C|005186|2016|50003085360002|001|4300006449|00020|UGCC0142|3|EA|68250|KRW|204750|20161215|1300|
C|005186|2016|50003085360003|001|4300006453|00080|UGCC0431|1|EA|136500|KRW|136500|20161215|1300|
C|005186|2016|50003085360004|001|4300006453|00130|UGCC0169|1|EA|117600|KRW|117600|20161215|1300|
C|005186|2016|50003085360005|001|4300006454|00110|UDAC0147|1|EA|6800|KRW|6800|20161215|1300|
C|005186|2016|50003085360006|001|4300006454|00140|UGBC0880|1|EA|70560|KRW|70560|20161215|1300|
C|005186|2016|50003085370001|001|4300006453|00010|UADC0077|5|EA|5796|KRW|28980|20161215|1300|
C|005186|2016|50003085370002|001|4300006453|00100|UAGC0221|3|EA|52800|KRW|158400|20161215|1300|
