C|005186|2019|50005208480001|001|4300014266|00080|UZZC0183|50|EA|765000|KRW|765000|20190930|1300|
C|005186|2019|50005208490001|001|4300014551|00010|UHGC0294|10|EA|96460|KRW|964600|20190930|1300|
C|005186|2019|50005208490002|001|4300014551|00020|UHTC0503|1|EA|489500|KRW|489500|20190930|1300|
C|005186|2019|50005208490003|001|4300014563|00180|KE090101|2|EA|24680|KRW|49360|20190930|1300|
C|005186|2019|50005208490004|001|4300014563|00190|KE090102|2|EA|15430|KRW|30860|20190930|1300|
C|005186|2019|50005208490005|001|4300014563|00200|KE090106|3|EA|15370|KRW|46110|20190930|1300|
C|005186|2019|50005208500001|001|4300014563|00010|KE030011|9|EA|8190|KRW|73710|20190930|1300|
C|005186|2019|50005208500002|001|4300014563|00020|KE030123|1|EA|31500|KRW|31500|20190930|1300|
C|005186|2019|50005208500003|001|4300014563|00030|KE030200|1|EA|15230|KRW|15230|20190930|1300|
C|005186|2019|50005208500004|001|4300014563|00040|KE030205|1|EA|31290|KRW|31290|20190930|1300|
C|005186|2019|50005208500005|001|4300014563|00050|KE030207|1|EA|41900|KRW|41900|20190930|1300|
C|005186|2019|50005208500006|001|4300014563|00060|KE030208|1|EA|57230|KRW|57230|20190930|1300|
C|005186|2019|50005208500007|001|4300014563|00070|KE030209|1|EA|74450|KRW|74450|20190930|1300|
C|005186|2019|50005208500008|001|4300014563|00080|KE050001|5|EA|1400|KRW|7000|20190930|1300|
C|005186|2019|50005208500009|001|4300014563|00090|KE050002|3|EA|1400|KRW|4200|20190930|1300|
C|005186|2019|50005208500010|001|4300014563|00100|KE050003|3|EA|1400|KRW|4200|20190930|1300|
C|005186|2019|50005208500011|001|4300014563|00110|KE050004|7|EA|1400|KRW|9800|20190930|1300|
C|005186|2019|50005208500012|001|4300014563|00120|KE050201|3|EA|8460|KRW|25380|20190930|1300|
C|005186|2019|50005208500013|001|4300014563|00130|KE050301|1|EA|1160|KRW|1160|20190930|1300|
C|005186|2019|50005208500014|001|4300014563|00140|KE050302|1|EA|1160|KRW|1160|20190930|1300|
C|005186|2019|50005208500015|001|4300014563|00150|KE050502|1|EA|10000|KRW|10000|20190930|1300|
C|005186|2019|50005208500016|001|4300014563|00160|KE050700|3|EA|2200|KRW|6600|20190930|1300|
C|005186|2019|50005208500017|001|4300014563|00170|KE050801|9|EA|1900|KRW|17100|20190930|1300|
C|005186|2019|50005208500018|001|4300014563|00210|KE110100|10|EA|124000|KRW|1240000|20190930|1300|
C|005186|2019|50005208500019|001|4300014563|00220|KE190003|5|EA|29300|KRW|146500|20190930|1300|
C|005186|2019|50005208500020|001|4300014565|00010|KE110200|20|EA|65100|KRW|1302000|20190930|1300|
C|005186|2019|50005208500021|001|4300014565|00020|KE231503|8|EA|1160|KRW|9280|20190930|1300|
C|005186|2019|50005208500022|001|4300014566|00010|KE230003|200|EA|46750|KRW|374000|20190930|1300|
C|005186|2019|50005208500023|001|4300014566|00020|KE231001|30|EA|16150|KRW|484500|20190930|1300|
C|005186|2019|50005208500024|001|4300014566|00030|KE231403|12|EA|1840|KRW|22080|20190930|1300|
C|005186|2019|50005208500025|001|4300014566|00040|KE231406|8|EA|7140|KRW|57120|20190930|1300|
C|005186|2019|50005208500026|001|4300014571|00030|KE280401|2|EA|20800|KRW|41600|20190930|1300|
C|005186|2019|50005208500027|001|4300014571|00040|KE281401|12|EA|840|KRW|10080|20190930|1300|
C|005186|2019|50005210910001|001|4300014565|00030|KT020700|6|EA|2680|KRW|16080|20190930|1300|
C|005186|2019|50005210910002|001|4300014565|00040|KT020704|18|EA|610|KRW|10980|20190930|1300|
C|005186|2019|50005210910003|001|4300014565|00050|KT020705|3|EA|1390|KRW|4170|20190930|1300|
C|005186|2019|50005210910004|001|4300014565|00060|KT080300|25.000|KG|13850|KRW|69250|20190930|1300|
C|005186|2019|50005210910005|001|4300014565|00070|KT080311|2|EA|72980|KRW|145960|20190930|1300|
C|005186|2019|50005210910006|001|4300014571|00050|KP100300|2|EA|31500|KRW|63000|20190930|1300|
C|005186|2019|50005210910007|001|4300014571|00060|KP150400|100|EA|17000|KRW|17000|20190930|1300|
C|005186|2019|50005210910008|001|4300014571|00210|KT020008|4|EA|8030|KRW|32120|20190930|1300|
C|005186|2019|50005210910009|001|4300014571|00220|KT020009|2|EA|8030|KRW|16060|20190930|1300|
C|005186|2019|50005210910010|001|4300014571|00230|KT020010|2|EA|10190|KRW|20380|20190930|1300|
C|005186|2019|50005210910011|001|4300014571|00240|KT020012|2|EA|13110|KRW|26220|20190930|1300|
C|005186|2019|50005210910012|001|4300014571|00250|KT020013|1|EA|13110|KRW|13110|20190930|1300|
C|005186|2019|50005210910013|001|4300014571|00260|KT020014|1|EA|14490|KRW|14490|20190930|1300|
C|005186|2019|50005210910014|001|4300014571|00270|KT020021|1|EA|28350|KRW|28350|20190930|1300|
C|005186|2019|50005210910015|001|4300014571|00280|KT020500|10|EA|31100|KRW|31100|20190930|1300|
C|005186|2019|50005210910016|001|4300014571|00290|KT020611|1|EA|28140|KRW|28140|20190930|1300|
C|005186|2019|50005210910017|001|4300014571|00300|KT080500|1|EA|26500|KRW|26500|20190930|1300|
C|005186|2019|50005210910018|001|4300014571|00310|KT080520|1|EA|2760|KRW|2760|20190930|1300|
C|005186|2019|50005210910019|001|4300014571|00320|KT990010|70|EA|3700|KRW|25900|20190930|1300|
C|005186|2019|50005210920001|001|4300014620|00010|UDBC0403|500|EA|2700|KRW|13500|20190930|1300|
C|005186|2019|50005210920002|001|4300014620|00020|UDBC0418|500|EA|6800|KRW|34000|20190930|1300|
C|005186|2019|50005210920003|001|4300014620|00030|UDBC0422|500|EA|6900|KRW|34500|20190930|1300|
C|005186|2019|50005210920004|001|4300014620|00040|UDBC1035|500|EA|13000|KRW|65000|20190930|1300|
C|005186|2019|50005210920005|001|4300014620|00050|UDBC0444|500|EA|10000|KRW|50000|20190930|1300|
C|005186|2019|50005210920006|001|4300014620|00060|UDBC0448|500|EA|14300|KRW|71500|20190930|1300|
C|005186|2019|50005210920007|001|4300014620|00070|UDBC0392|500|EA|19000|KRW|95000|20190930|1300|
C|005186|2019|50005210920008|001|4300014620|00080|UDBC0393|500|EA|23000|KRW|115000|20190930|1300|
C|005186|2019|50005210920009|001|4300014620|00090|UDBC0606|500|EA|14700|KRW|73500|20190930|1300|
C|005186|2019|50005210920010|001|4300014620|00100|UDBC0616|500|EA|14700|KRW|73500|20190930|1300|
C|005186|2019|50005210920011|001|4300014620|00110|UDBC0618|500|EA|16000|KRW|80000|20190930|1300|
C|005186|2019|50005210920012|001|4300014620|00120|UDBC0061|500|EA|22600|KRW|113000|20190930|1300|
C|005186|2019|50005210920013|001|4300014620|00130|UDBC0627|500|EA|11500|KRW|115000|20190930|1300|
C|005186|2019|50005210920014|001|4300014620|00140|UDBC0505|500|EA|31000|KRW|155000|20190930|1300|
C|005186|2019|50005210920015|001|4300014620|00150|UDBC0044|500|EA|38100|KRW|190500|20190930|1300|
C|005186|2019|50005210920016|001|4300014620|00160|UDBC0045|500|EA|40800|KRW|204000|20190930|1300|
C|005186|2019|50005210920017|001|4300014620|00170|UEBC1373|1|EA|53000|KRW|53000|20190930|1300|
C|005186|2019|50005210920018|001|4300014620|00190|UEBC0324|4|EA|6910|KRW|27640|20190930|1300|
C|005186|2019|50005210920019|001|4300014620|00200|UEBC0375|4|EA|3600|KRW|14400|20190930|1300|
C|005186|2019|50005210920020|001|4300014620|00220|UDBC1048|200|EA|3700|KRW|74000|20190930|1300|
C|005186|2019|50005210930001|001|4300014571|00070|KS061502|10|EA|2970|KRW|29700|20190930|1300|
C|005186|2019|50005210930002|001|4300014571|00080|KS061503|4|EA|3150|KRW|12600|20190930|1300|
C|005186|2019|50005210930003|001|4300014571|00090|KS061504|2|EA|4050|KRW|8100|20190930|1300|
C|005186|2019|50005210930004|001|4300014571|00100|KS061507|2|EA|8260|KRW|16520|20190930|1300|
C|005186|2019|50005210930005|001|4300014571|00110|KS066901|5|EA|1290|KRW|6450|20190930|1300|
C|005186|2019|50005210930006|001|4300014571|00120|KS066904|5|EA|2000|KRW|10000|20190930|1300|
C|005186|2019|50005210930007|001|4300014571|00130|KS067002|4|EA|1460|KRW|5840|20190930|1300|
C|005186|2019|50005210930008|001|4300014571|00140|KS067004|5|EA|2000|KRW|10000|20190930|1300|
C|005186|2019|50005210930009|001|4300014571|00150|KS067005|3|EA|2400|KRW|7200|20190930|1300|
C|005186|2019|50005210930010|001|4300014571|00160|KS067206|4|EA|4480|KRW|17920|20190930|1300|
C|005186|2019|50005210930011|001|4300014571|00170|KS067208|3|EA|7940|KRW|23820|20190930|1300|
C|005186|2019|50005210930012|001|4300014571|00180|KS080702|1|EA|19850|KRW|19850|20190930|1300|
C|005186|2019|50005210930013|001|4300014571|00190|KS080711|4|EA|32300|KRW|129200|20190930|1300|
C|005186|2019|50005210930014|001|4300014571|00200|KS990009|1|EA|8820|KRW|8820|20190930|1300|
C|005186|2019|50005210940001|001|4300014599|00010|UGCC0035|10|EA|52500|KRW|525000|20190930|1300|
C|005186|2019|50005210940002|001|4300014601|00020|UDAC0220|2|EA|3680|KRW|7360|20190930|1300|
C|005186|2019|50005210940003|001|4300014611|00020|UAGC0055|10|EA|7300|KRW|7300|20190930|1300|
C|005186|2019|50005210940004|001|4300014612|00010|UZZC0089|500|EA|20000|KRW|100000|20190930|1300|
C|005186|2019|50005210940005|001|4300014614|00010|UAEC0095|2|EA|22630|KRW|45260|20190930|1300|
C|005186|2019|50005210940006|001|4300014614|00020|UAEC0065|6|EA|12600|KRW|37800|20190930|1300|
C|005186|2019|50005210940007|001|4300014614|00030|UAEC0064|6|EA|6960|KRW|20880|20190930|1300|
C|005186|2019|50005210940008|001|4300014614|00040|UAEC0063|6|EA|6440|KRW|19320|20190930|1300|
C|005186|2019|50005210940009|001|4300014614|00050|UAEC0062|6|EA|5760|KRW|17280|20190930|1300|
C|005186|2019|50005210940010|001|4300014614|00060|UAEC0420|6|EA|1300|KRW|7800|20190930|1300|
C|005186|2019|50005210940011|001|4300014614|00100|UZZC0152|1|EA|358000|KRW|358000|20190930|1300|
C|005186|2019|50005210940012|001|4300014614|00110|UDAC0323|20|EA|14800|KRW|29600|20190930|1300|
C|005186|2019|50005210940013|001|4300014620|00210|UDEC0008|3|EA|40430|KRW|121290|20190930|1300|
C|005186|2019|50005210940014|001|4300014620|00230|UIDC0027|4|EA|18900|KRW|75600|20190930|1300|
C|005186|2019|50005210940015|001|4300014636|00030|UDDC0329|1|EA|18400|KRW|18400|20190930|1300|
C|005186|2019|50005210950001|001|4300014636|00040|UGCC0506|1|EA|24200|KRW|24200|20190930|1300|
C|005186|2019|50005210950002|001|4300014636|00050|UGCC0507|1|EA|24200|KRW|24200|20190930|1300|
C|005186|2019|50005210950003|001|4300014636|00060|UGCC0510|1|EA|41060|KRW|41060|20190930|1300|
C|005186|2019|50005210950004|001|4300014636|00070|UGCC0511|1|EA|41060|KRW|41060|20190930|1300|
C|005186|2019|50005210950005|001|4300014636|00080|UGCC0499|1|EA|100700|KRW|100700|20190930|1300|
C|005186|2019|50005210950006|001|4300014636|00090|UGCC0206|50|EA|34900|KRW|174500|20190930|1300|
C|005186|2019|50005210950007|001|4300014636|00100|UGCC0209|50|EA|32900|KRW|164500|20190930|1300|
C|005186|2019|50005210950008|001|4300014636|00110|UGBC0789|30|EA|6900|KRW|20700|20190930|1300|
C|005186|2019|50005210950009|001|4300014636|00120|UGBC0790|10|EA|12300|KRW|12300|20190930|1300|
C|005186|2019|50005210950010|001|4300014636|00130|UGBC0773|20|EA|12180|KRW|24360|20190930|1300|
C|005186|2019|50005210950011|001|4300014636|00140|UGBC0776|20|EA|13130|KRW|26260|20190930|1300|
C|005186|2019|50005210950012|001|4300014636|00150|UGBC0780|20|EA|5700|KRW|11400|20190930|1300|
C|005186|2019|50005210950013|001|4300014636|00160|UGBC0781|20|EA|5800|KRW|11600|20190930|1300|
C|005186|2019|50005210950014|001|4300014636|00170|UGBC0782|20|EA|7200|KRW|14400|20190930|1300|
C|005186|2019|50005210950015|001|4300014636|00180|UGBC0783|20|EA|8300|KRW|16600|20190930|1300|
C|005186|2019|50005210950016|001|4300014636|00190|UGBC0797|20|EA|5000|KRW|10000|20190930|1300|
C|005186|2019|50005210950017|001|4300014636|00200|UGBC0798|20|EA|5400|KRW|10800|20190930|1300|
C|005186|2019|50005210950018|001|4300014636|00210|UGBC0785|20|EA|6700|KRW|13400|20190930|1300|
C|005186|2019|50005210950019|001|4300014636|00220|UGBC1750|30|EA|8700|KRW|26100|20190930|1300|
C|005186|2019|50005210960001|001|4300014615|00010|UHHC0207|100|EA|1696000|KRW|1696000|20190930|1300|
C|005186|2019|50005210960002|001|4300014616|00010|UHHC0207|100|EA|1696000|KRW|1696000|20190930|1300|
C|005186|2019|50005210960003|001|4300014617|00010|UHDC0115|50|EA|23940|KRW|1197000|20190930|1300|
C|005186|2019|50005210960004|001|4300014635|00010|UCKC0037|100|EA|1405000|KRW|1405000|20190930|1300|
C|005186|2019|50005210960005|001|4300014635|00020|UHHC0041|4|EA|128520|KRW|514080|20190930|1300|
C|005186|2019|50005210980001|001|4300014571|00010|KE270300|100|EA|9400|KRW|47000|20190930|1300|
C|005186|2019|50005210980002|001|4300014571|00020|KE270302|5|EA|6900|KRW|34500|20190930|1300|
C|005186|2019|50005210980003|001|4300014601|00010|UHGC0358|2|EA|345600|KRW|691200|20190930|1300|
C|005186|2019|50005210980004|001|4300014614|00080|UAJC0074|20|EA|44700|KRW|89400|20190930|1300|
C|005186|2019|50005210980005|001|4300014614|00120|UAGC0034|10|EA|4530|KRW|45300|20190930|1300|
C|005186|2019|50005210980006|001|4300014617|00020|UADC0160|1|EA|515000|KRW|515000|20190930|1300|
C|005186|2019|50005210980007|001|4300014618|00010|UHNC0062|1|EA|1501500|KRW|1501500|20190930|1300|
C|005186|2019|50005210980008|001|4300014618|00020|UHNC0081|1|EA|460000|KRW|460000|20190930|1300|
C|005186|2019|50005210980009|001|4300014633|00010|UDFC0218|2|EA|155400|KRW|310800|20190930|1300|
C|005186|2019|50005210980010|001|4300014633|00020|UCKC0102|1|EA|694800|KRW|694800|20190930|1300|
C|005186|2019|50005210980011|001|4300014633|00030|UEBC1600|5|EA|38850|KRW|194250|20190930|1300|
C|005186|2019|50005210980012|001|4300014633|00040|UDFC0014|1|EA|383250|KRW|383250|20190930|1300|
C|005186|2019|50005210980013|001|4300014633|00050|UDBC0804|1|EA|387200|KRW|387200|20190930|1300|
C|005186|2019|50005210980014|001|4300014634|00010|UDEC0020|5|EA|8190|KRW|40950|20190930|1300|
C|005186|2019|50005210980015|001|4300014634|00020|UEBC1518|2|EA|675000|KRW|1350000|20190930|1300|
C|005186|2019|50005210980016|001|4300014634|00030|UEBC1195|4|EA|66700|KRW|266800|20190930|1300|
C|005186|2019|50005210980017|001|4300014634|00040|UDBC0244|1|EA|172200|KRW|172200|20190930|1300|
C|005186|2019|50005210980018|001|4300014634|00050|UEBC0622|3|EA|18940|KRW|56820|20190930|1300|
C|005186|2019|50005210980019|001|4300014634|00060|UDFC0046|10|EA|1050|KRW|10500|20190930|1300|
C|005186|2019|50005210980020|001|4300014636|00020|UEBC0663|1|EA|69930|KRW|69930|20190930|1300|
