C|005186|2015|50001431400001|001|4300002337|00080|CMZ0014|2|EA|23300|KRW|46600|20150407|1300|
C|005186|2015|50001431400002|001|4300002341|00100|CMF0001|10|EA|1680|KRW|16800|20150407|1300|
C|005186|2015|50001431400003|001|4300002341|00110|CMF0002|10|EA|1100|KRW|11000|20150407|1300|
C|005186|2015|50001431400004|001|4300002341|00120|CMF0004|2|EA|22050|KRW|44100|20150407|1300|
C|005186|2015|50001431400005|001|4300002341|00130|CMF0020|10|EA|700|KRW|7000|20150407|1300|
C|005186|2015|50001431400006|001|4300002341|00140|CMH0007|4|EA|11700|KRW|46800|20150407|1300|
C|005186|2015|50001431400007|001|4300002342|00050|CMA0017|20|EA|780|KRW|15600|20150407|1300|
C|005186|2015|50001431400008|001|4300002342|00130|CMF0004|2|EA|22050|KRW|44100|20150407|1300|
C|005186|2015|50001431400009|001|4300002342|00150|CMF0006|20|EA|11970|KRW|239400|20150407|1300|
C|005186|2015|50001431400010|001|4300002342|00160|CMF0009|2|EA|5700|KRW|11400|20150407|1300|
C|005186|2015|50001431400011|001|4300002342|00170|CMH0007|1|EA|11700|KRW|11700|20150407|1300|
C|005186|2015|50001431400012|001|4300002342|00210|CMZ0014|1|EA|23300|KRW|23300|20150407|1300|
C|005186|2015|50001431400013|001|4300002343|00050|CMA0017|20|EA|780|KRW|15600|20150407|1300|
C|005186|2015|50001431400014|001|4300002343|00130|CMZ0014|1|EA|23300|KRW|23300|20150407|1300|
C|005186|2015|50001431400015|001|4300002344|00100|CMF0006|1|EA|11970|KRW|11970|20150407|1300|
C|005186|2015|50001431400016|001|4300002344|00110|CMF0009|2|EA|5700|KRW|11400|20150407|1300|
C|005186|2015|50001431400017|001|4300002344|00120|CMF0021|2|EA|5400|KRW|10800|20150407|1300|
C|005186|2015|50001431400018|001|4300002344|00130|CMH0007|3|EA|11700|KRW|35100|20150407|1300|
C|005186|2015|50001431400019|001|4300002345|00010|CMZ0009|20|EA|740|KRW|14800|20150407|1300|
C|005186|2015|50001431400020|001|4300002345|00190|CMF0015|15|EA|500|KRW|7500|20150407|1300|
C|005186|2015|50001431400021|001|4300002345|00200|CMF0021|2|EA|5400|KRW|10800|20150407|1300|
C|005186|2015|50001431400022|001|4300002346|00050|CMF0004|1|EA|22050|KRW|22050|20150407|1300|
C|005186|2015|50001431400023|001|4300002346|00070|CMH0007|1|EA|11700|KRW|11700|20150407|1300|
C|005186|2015|50001431400024|001|4300002346|00080|CMZ0014|1|EA|23300|KRW|23300|20150407|1300|
C|005186|2015|50001431400025|001|4300002347|00090|CMF0004|6|EA|22050|KRW|132300|20150407|1300|
C|005186|2015|50001431400026|001|4300002347|00110|CMF0008|10|EA|1785|KRW|17850|20150407|1300|
C|005186|2015|50001431400027|001|4300002347|00120|CMF0009|10|EA|5700|KRW|57000|20150407|1300|
C|005186|2015|50001431400028|001|4300002347|00130|CMF0020|10|EA|700|KRW|7000|20150407|1300|
C|005186|2015|50001431400029|001|4300002347|00140|CMF0021|10|EA|5400|KRW|54000|20150407|1300|
C|005186|2015|50001431400030|001|4300002347|00170|CMZ0008|3|EA|578|KRW|1734|20150407|1300|
C|005186|2015|50001431400031|001|4300002347|00180|CMZ0014|3|EA|23300|KRW|69900|20150407|1300|
C|005186|2015|50001431400032|001|4300002347|00190|CMZ0032|6|EA|1970|KRW|11820|20150407|1300|
C|005186|2015|50001431400033|001|4300002348|00030|CMA0017|20|EA|780|KRW|15600|20150407|1300|
C|005186|2015|50001431400034|001|4300002348|00100|CMF0001|20|EA|1680|KRW|33600|20150407|1300|
C|005186|2015|50001431400035|001|4300002348|00110|CMF0002|10|EA|1100|KRW|11000|20150407|1300|
C|005186|2015|50001431400036|001|4300002348|00120|CMF0004|3|EA|22050|KRW|66150|20150407|1300|
C|005186|2015|50001431400037|001|4300002348|00140|CMF0007|20|EA|1780|KRW|35600|20150407|1300|
C|005186|2015|50001431400038|001|4300002348|00150|CMF0009|10|EA|5700|KRW|57000|20150407|1300|
C|005186|2015|50001431400039|001|4300002348|00160|CMF0013|10|EA|760|KRW|7600|20150407|1300|
C|005186|2015|50001431400040|001|4300002348|00170|CMF0017|50|EA|505|KRW|25250|20150407|1300|
C|005186|2015|50001431400041|001|4300002348|00180|CMF0020|20|EA|700|KRW|14000|20150407|1300|
C|005186|2015|50001431400042|001|4300002348|00190|CMH0007|3|EA|11700|KRW|35100|20150407|1300|
C|005186|2015|50001431400043|001|4300002349|00020|CMA0002|10|EA|1530|KRW|15300|20150407|1300|
C|005186|2015|50001431400044|001|4300002349|00080|CMF0001|2|EA|1680|KRW|3360|20150407|1300|
C|005186|2015|50001431400045|001|4300002349|00090|CMF0003|2|EA|1820|KRW|3640|20150407|1300|
C|005186|2015|50001431400046|001|4300002349|00110|CMF0020|3|EA|700|KRW|2100|20150407|1300|
C|005186|2015|50001431400047|001|4300002349|00150|CMZ0007|10|EA|330|KRW|3300|20150407|1300|
C|005186|2015|50001431400048|001|4300002349|00160|CMZ0032|10|EA|1970|KRW|19700|20150407|1300|
C|005186|2015|50001431400049|001|4300002351|00050|CMA0017|20|EA|780|KRW|15600|20150407|1300|
C|005186|2015|50001431400050|001|4300002351|00140|CMF0001|5|EA|1680|KRW|8400|20150407|1300|
C|005186|2015|50001431400051|001|4300002351|00160|CMF0021|3|EA|5400|KRW|16200|20150407|1300|
C|005186|2015|50001431400052|001|4300002351|00170|CMH0007|3|EA|11700|KRW|35100|20150407|1300|
C|005186|2015|50001431400053|001|4300002351|00210|CMZ0008|3|EA|578|KRW|1734|20150407|1300|
C|005186|2015|50001431400054|001|4300002351|00220|CMZ0009|72|EA|740|KRW|53280|20150407|1300|
C|005186|2015|50001431400055|001|4300002351|00230|CMZ0009|60|EA|740|KRW|44400|20150407|1300|
C|005186|2015|50001431410001|001|4300002341|00150|CMZ0001|120|EA|765|KRW|91800|20150407|1300|
C|005186|2015|50001431410002|001|4300002341|00160|CMZ0002|40|EA|430|KRW|17200|20150407|1300|
C|005186|2015|50001431410003|001|4300002341|00170|CMZ0004|30|EA|380|KRW|11400|20150407|1300|
C|005186|2015|50001431410004|001|4300002341|00180|CMZ0006|30|EA|1155|KRW|34650|20150407|1300|
C|005186|2015|50001431410005|001|4300002342|00180|CMZ0001|20|EA|765|KRW|15300|20150407|1300|
C|005186|2015|50001431410006|001|4300002342|00190|CMZ0004|10|EA|380|KRW|3800|20150407|1300|
C|005186|2015|50001431410007|001|4300002342|00200|CMZ0006|3|EA|1155|KRW|3465|20150407|1300|
C|005186|2015|50001431410008|001|4300002344|00140|CMZ0001|12|EA|765|KRW|9180|20150407|1300|
C|005186|2015|50001431410009|001|4300002344|00150|CMZ0004|10|EA|380|KRW|3800|20150407|1300|
C|005186|2015|50001431410010|001|4300002345|00020|CMZ0001|50|EA|765|KRW|38250|20150407|1300|
C|005186|2015|50001431410011|001|4300002345|00030|CMZ0002|10|EA|430|KRW|4300|20150407|1300|
C|005186|2015|50001431410012|001|4300002347|00150|CMZ0002|60|EA|430|KRW|25800|20150407|1300|
C|005186|2015|50001431410013|001|4300002347|00160|CMZ0006|50|EA|1155|KRW|57750|20150407|1300|
C|005186|2015|50001431410014|001|4300002348|00200|CMZ0004|50|EA|380|KRW|19000|20150407|1300|
C|005186|2015|50001431410015|001|4300002348|00210|CMZ0006|10|EA|1155|KRW|11550|20150407|1300|
C|005186|2015|50001431410016|001|4300002349|00120|CMZ0002|30|EA|430|KRW|12900|20150407|1300|
C|005186|2015|50001431410017|001|4300002349|00130|CMZ0004|20|EA|380|KRW|7600|20150407|1300|
C|005186|2015|50001431410018|001|4300002349|00140|CMZ0006|5|EA|1155|KRW|5775|20150407|1300|
C|005186|2015|50001431410019|001|4300002351|00180|CMZ0002|10|EA|430|KRW|4300|20150407|1300|
C|005186|2015|50001431410020|001|4300002351|00190|CMZ0004|20|EA|380|KRW|7600|20150407|1300|
C|005186|2015|50001431410021|001|4300002351|00200|CMZ0006|10|EA|1155|KRW|11550|20150407|1300|
