C|005186|2020|50006094830001|001|4300018991|00010|UDEC0106|3|EA|230000|KRW|690000|20201223|1300|
C|005186|2020|50006094830002|001|4300018991|00050|UDEC0047|1|EA|85680|KRW|85680|20201223|1300|
C|005186|2020|50006094830003|001|4300018994|00040|UDEC0014|2|EA|58440|KRW|116880|20201223|1300|
C|005186|2020|50006094830004|001|4300018995|00020|UDEC0001|2|EA|30450|KRW|60900|20201223|1300|
C|005186|2020|50006094840001|001|4300018736|00010|UJCC0043|10000|EA|210000|KRW|420000|20201223|1300|
C|005186|2020|50006094840002|001|4300018972|00010|UJCC0043|10000|EA|210000|KRW|420000|20201223|1300|
C|005186|2020|50006094850001|001|4300018975|00020|UDBC0989|100|EA|237500|KRW|475000|20201223|1300|
C|005186|2020|50006094850002|001|4300018975|00030|UDBC0990|100|EA|640|KRW|64000|20201223|1300|
C|005186|2020|50006094850003|001|4300018975|00040|UDBC1034|150|EA|249000|KRW|747000|20201223|1300|
C|005186|2020|50006094850004|001|4300018991|00020|UAEC0028|1|EA|43370|KRW|43370|20201223|1300|
C|005186|2020|50006094850005|001|4300018991|00030|UKBC0050|5|EA|2940|KRW|14700|20201223|1300|
C|005186|2020|50006094850006|001|4300018994|00020|UAEC0396|1|EA|43000|KRW|43000|20201223|1300|
C|005186|2020|50006094850007|001|4300018994|00030|UAGC0142|10|EA|14640|KRW|146400|20201223|1300|
C|005186|2020|50006094860001|001|4300018931|00030|UFAC0002|2|EA|18900|KRW|37800|20201223|1300|
C|005186|2020|50006094860002|001|4300018976|00010|UGBC1532|20|EA|36600|KRW|732000|20201223|1300|
C|005186|2020|50006094860003|001|4300018985|00010|UEAC1166|1|EA|1163400|KRW|1163400|20201223|1300|
C|005186|2020|50006094860004|001|4300018986|00010|UEAC1166|1|EA|1163400|KRW|1163400|20201223|1300|
C|005186|2020|50006094860005|001|4300018987|00010|UZZC0197|1|EA|1302000|KRW|1302000|20201223|1300|
C|005186|2020|50006094860006|001|4300018987|00020|UKBC0069|1|EA|47400|KRW|47400|20201223|1300|
C|005186|2020|50006094860007|001|4300018987|00030|UEBC1836|8|EA|44620|KRW|356960|20201223|1300|
C|005186|2020|50006094860008|001|4300018990|00030|UAGC0465|1|EA|324360|KRW|324360|20201223|1300|
C|005186|2020|50006094860009|001|4300018995|00010|UGBC0112|5|EA|231000|KRW|1155000|20201223|1300|
C|005186|2020|50006094860010|001|4300018995|00050|UAHC0017|1|EA|332630|KRW|332630|20201223|1300|
C|005186|2020|50006094860011|001|4300018996|00020|UGCC1484|3|EA|410000|KRW|1230000|20201223|1300|
C|005186|2020|50006094870001|001|4300018988|00010|UEBC1780|10|EA|77380|KRW|773800|20201223|1300|
C|005186|2020|50006094870002|001|4300018988|00020|UDAC0346|100|EA|74200|KRW|148400|20201223|1300|
C|005186|2020|50006094870003|001|4300018988|00030|UEBC1336|3|EA|33630|KRW|100890|20201223|1300|
C|005186|2020|50006094870004|001|4300018988|00040|UGCC1683|10|EA|25200|KRW|252000|20201223|1300|
C|005186|2020|50006094870005|001|4300018988|00050|UGCC1437|10|EA|20480|KRW|204800|20201223|1300|
C|005186|2020|50006094870006|001|4300018988|00060|UGCC0640|10|EA|30450|KRW|304500|20201223|1300|
C|005186|2020|50006094870007|001|4300018989|00010|UEBC1806|5|EA|354900|KRW|1774500|20201223|1300|
C|005186|2020|50006094870008|001|4300018990|00010|UEBC1210|8|EA|146500|KRW|1172000|20201223|1300|
C|005186|2020|50006094870009|001|4300018990|00020|UGCC0641|10|EA|29400|KRW|294000|20201223|1300|
C|005186|2020|50006094870010|001|4300018991|00040|UDAC0273|5|EA|73650|KRW|368250|20201223|1300|
C|005186|2020|50006094870011|001|4300018992|00010|UEAC0110|1|EA|1495000|KRW|1495000|20201223|1300|
C|005186|2020|50006094870012|001|4300018993|00010|UEAC0110|1|EA|1495000|KRW|1495000|20201223|1300|
C|005186|2020|50006094870013|001|4300018994|00050|UEBC0799|5|EA|42320|KRW|211600|20201223|1300|
C|005186|2020|50006094870014|001|4300018995|00030|UDBC0861|5|EA|25300|KRW|25300|20201223|1300|
C|005186|2020|50006094870015|001|4300018995|00040|UDBC0519|10|EA|630|KRW|6300|20201223|1300|
C|005186|2020|50006094870016|001|4300018996|00010|UEBC1559|2|EA|151600|KRW|151600|20201223|1300|
C|005186|2020|50006094880001|001|4300018963|00010|UHTC0688|12|EA|99000|KRW|594000|20201223|1300|
C|005186|2020|50006094880002|001|4300018963|00020|UHTC0855|10|EA|48150|KRW|481500|20201223|1300|
C|005186|2020|50006094880003|001|4300018963|00030|UHTC0859|2|EA|127200|KRW|254400|20201223|1300|
C|005186|2020|50006094880004|001|4300018965|00040|UHTC0668|6|EA|53600|KRW|321600|20201223|1300|
C|005186|2020|50006094880005|001|4300018966|00010|UHTC0695|20|EA|610000|KRW|610000|20201223|1300|
C|005186|2020|50006094880006|001|4300018966|00030|UHTC0691|20|EA|357000|KRW|714000|20201223|1300|
C|005186|2020|50006094880007|001|4300018976|00020|UGCC1400|10|EA|29500|KRW|295000|20201223|1300|
C|005186|2020|50006094880008|001|4300018984|00020|UHTC0856|20|EA|63600|KRW|1272000|20201223|1300|
