C|005186|2013|50000370270001|001|4300000684|00010|CMA0001|80|EA|240|KRW|19200|20131031|1300|
C|005186|2013|50000370270002|001|4300000684|00020|CMA0007|220|EA|270|KRW|59400|20131031|1300|
C|005186|2013|50000370270003|001|4300000684|00040|CMB0001|20|EA|655|KRW|13100|20131031|1300|
C|005186|2013|50000370270004|001|4300000684|00050|CMB0010|80|EA|1100|KRW|88000|20131031|1300|
C|005186|2013|50000370270005|001|4300000684|00060|CMC0003|5|EA|340|KRW|1700|20131031|1300|
C|005186|2013|50000370270006|001|4300000684|00070|CMC0005|5|EA|190|KRW|950|20131031|1300|
C|005186|2013|50000370270007|001|4300000685|00010|CMA0001|320|EA|240|KRW|76800|20131031|1300|
C|005186|2013|50000370270008|001|4300000685|00020|CMA0007|30|EA|270|KRW|8100|20131031|1300|
C|005186|2013|50000370270009|001|4300000685|00040|CMC0005|10|EA|190|KRW|1900|20131031|1300|
C|005186|2013|50000370270010|001|4300000685|00050|CME0010|60|EA|285|KRW|17100|20131031|1300|
C|005186|2013|50000370270011|001|4300000685|00060|CME0013|5|EA|20300|KRW|101500|20131031|1300|
C|005186|2013|50000370270012|001|4300000685|00100|CMA0006|30|EA|2270|KRW|68100|20131031|1300|
C|005186|2013|50000370270013|001|4300000686|00010|CMA0001|80|EA|240|KRW|19200|20131031|1300|
C|005186|2013|50000370270014|001|4300000686|00020|CMA0007|40|EA|270|KRW|10800|20131031|1300|
C|005186|2013|50000370270015|001|4300000686|00030|CMA0008|40|EA|690|KRW|27600|20131031|1300|
C|005186|2013|50000370270016|001|4300000686|00050|CMB0001|40|EA|655|KRW|26200|20131031|1300|
C|005186|2013|50000370270017|001|4300000686|00060|CME0004|3|EA|11550|KRW|34650|20131031|1300|
C|005186|2013|50000370270018|001|4300000686|00070|CME0010|40|EA|285|KRW|11400|20131031|1300|
C|005186|2013|50000370270019|001|4300000687|00010|CMA0001|50|EA|240|KRW|12000|20131031|1300|
C|005186|2013|50000370270020|001|4300000687|00020|CMA0007|200|EA|270|KRW|54000|20131031|1300|
C|005186|2013|50000370270021|001|4300000687|00030|CMB0010|50|EA|1100|KRW|55000|20131031|1300|
