C|005186|2016|50002885570001|001|4300006047|00040|UALC0111|2|EA|323300|KRW|646600|20160930|1300|
C|005186|2016|50002885570002|001|4300006047|00050|UALC0109|10|EA|59800|KRW|598000|20160930|1300|
C|005186|2016|50002885580001|001|4300005999|00010|UCIC0107|1|EA|336000|KRW|336000|20160930|1300|
C|005186|2016|50002885580002|001|4300006024|00020|UCIC0031|1|EA|432640|KRW|432640|20160930|1300|
C|005186|2016|50002885580003|001|4300006071|00010|UCIC0076|1|EA|726320|KRW|726320|20160930|1300|
C|005186|2016|50002885580004|001|4300006071|00020|UCIC0068|1|EA|556500|KRW|556500|20160930|1300|
C|005186|2016|50002885580005|001|4300006078|00010|UAGC0492|2|EA|18020|KRW|36040|20160930|1300|
C|005186|2016|50002885580006|001|4300006078|00020|UAKC0012|2|EA|9080|KRW|18160|20160930|1300|
C|005186|2016|50002885580007|001|4300006078|00030|UIEC0075|2|EA|7596|KRW|15192|20160930|1300|
C|005186|2016|50002885580008|001|4300006078|00040|UZZC0012|2|EA|7350|KRW|14700|20160930|1300|
C|005186|2016|50002885580009|001|4300006078|00050|UAEC0081|2|EA|11580|KRW|23160|20160930|1300|
C|005186|2016|50002885580010|001|4300006078|00060|UAEC0114|2|EA|12290|KRW|24580|20160930|1300|
C|005186|2016|50002885580011|001|4300006078|00070|UAGC0455|1|EA|128000|KRW|128000|20160930|1300|
C|005186|2016|50002885580012|001|4300006078|00080|UAIC0008|1|EA|88940|KRW|88940|20160930|1300|
C|005186|2016|50002885580013|001|4300006079|00120|UAEC0290|2|EA|9620|KRW|19240|20160930|1300|
C|005186|2016|50002885580014|001|4300006079|00130|UAEC0292|2|EA|9700|KRW|19400|20160930|1300|
C|005186|2016|50002885580015|001|4300006080|00030|UAGC0193|100|EA|3255|KRW|325500|20160930|1300|
C|005186|2016|50002885580016|001|4300006080|00040|UAGC0034|2|EA|4530|KRW|9060|20160930|1300|
C|005186|2016|50002885580017|001|4300006080|00090|UDEC0004|1|EA|546000|KRW|546000|20160930|1300|
C|005186|2016|50002885580018|001|4300006080|00100|UGBC0299|50|EA|255|KRW|12750|20160930|1300|
C|005186|2016|50002885580019|001|4300006081|00050|UAEC0354|1|EA|464300|KRW|464300|20160930|1300|
C|005186|2016|50002885580020|001|4300006081|00070|UAEC0138|1|EA|12600|KRW|12600|20160930|1300|
C|005186|2016|50002885580021|001|4300006081|00080|UAEC0081|1|EA|11580|KRW|11580|20160930|1300|
C|005186|2016|50002885580022|001|4300006101|00130|UGCC0848|1|EA|60000|KRW|60000|20160930|1300|
C|005186|2016|50002885590001|001|4300006044|00010|KE050303|10|EA|2600|KRW|26000|20160930|1300|
C|005186|2016|50002885590002|001|4300006044|00020|KE050304|10|EA|2600|KRW|26000|20160930|1300|
C|005186|2016|50002885590003|001|4300006045|00040|UCKC0035|15|EA|44520|KRW|667800|20160930|1300|
C|005186|2016|50002885590004|001|4300006047|00120|UHTC0567|2|EA|292650|KRW|585300|20160930|1300|
C|005186|2016|50002885590005|001|4300006102|00010|UHTC0250|10|EA|88730|KRW|887300|20160930|1300|
C|005186|2016|50002885590006|001|4300006102|00020|UHGC0124|10|EA|22100|KRW|221000|20160930|1300|
C|005186|2016|50002885590007|001|4300006103|00010|UHGC0084|1|EA|84530|KRW|84530|20160930|1300|
C|005186|2016|50002885590008|001|4300006103|00020|UHDC0006|2|EA|6300|KRW|12600|20160930|1300|
C|005186|2016|50002885590009|001|4300006103|00030|UHFC0371|3|EA|19474|KRW|58422|20160930|1300|
C|005186|2016|50002885590010|001|4300006103|00040|UHFC0370|3|EA|16317|KRW|48951|20160930|1300|
C|005186|2016|50002885590011|001|4300006103|00050|UHFC0285|2|EA|447300|KRW|894600|20160930|1300|
C|005186|2016|50002885590012|001|4300006103|00060|UHDC0146|200|EA|320|KRW|64000|20160930|1300|
C|005186|2016|50002885590013|001|4300006103|00070|UHGC0308|5|EA|24274|KRW|121370|20160930|1300|
C|005186|2016|50002885590014|001|4300006103|00080|UHTC0502|2|EA|95800|KRW|191600|20160930|1300|
C|005186|2016|50002885600001|001|4300006063|00010|CMA0001|700|EA|151|KRW|105700|20160930|1300|
C|005186|2016|50002885600002|001|4300006063|00020|CMA0007|300|EA|151|KRW|45300|20160930|1300|
C|005186|2016|50002885600003|001|4300006063|00030|CMA0008|300|EA|470|KRW|141000|20160930|1300|
C|005186|2016|50002885600004|001|4300006068|00080|CMA0006|30|EA|2970|KRW|89100|20160930|1300|
C|005186|2016|50002885600005|001|4300006102|00030|UHTC0694|6|EA|247000|KRW|1482000|20160930|1300|
C|005186|2016|50002885600006|001|4300006104|00020|UEBC0492|3|EA|4330|KRW|12990|20160930|1300|
C|005186|2016|50002885600007|001|4300006105|00020|UGBC0835|5|EA|4940|KRW|24700|20160930|1300|
C|005186|2016|50002885610001|001|4300006045|00050|UALC0075|3000|EA|45|KRW|135000|20160930|1300|
C|005186|2016|50002885610002|001|4300006045|00070|UHTC0792|2|EA|191000|KRW|382000|20160930|1300|
C|005186|2016|50002885620001|001|4300006118|00010|UHFC0360|10|EA|45675|KRW|456750|20160930|1300|
C|005186|2016|50002885620002|001|4300006118|00020|UHDC0019|10|EA|36750|KRW|367500|20160930|1300|
C|005186|2016|50002885620003|001|4300006118|00030|UHFC0392|5|EA|60000|KRW|300000|20160930|1300|
C|005186|2016|50002885620004|001|4300006118|00050|UHGC0021|3|EA|40950|KRW|122850|20160930|1300|
C|005186|2016|50002885620005|001|4300006118|00060|UHGC0238|3|EA|28950|KRW|86850|20160930|1300|
C|005186|2016|50002885620006|001|4300006118|00070|UHGC0134|2|EA|756000|KRW|1512000|20160930|1300|
C|005186|2016|50002885620007|001|4300006121|00020|UEAC0184|5|EA|379480|KRW|1897400|20160930|1300|
C|005186|2016|50002885620008|001|4300006121|00030|UFHC0005|5|EA|27825|KRW|139125|20160930|1300|
C|005186|2016|50002885620009|001|4300006121|00040|UHTC0548|50|EA|8470|KRW|423500|20160930|1300|
C|005186|2016|50002885620010|001|4300006121|00050|UHGC0277|1|EA|605270|KRW|605270|20160930|1300|
C|005186|2016|50002885620011|001|4300006122|00010|UHNC0134|1|EA|812640|KRW|812640|20160930|1300|
C|005186|2016|50002885620012|001|4300006122|00020|UHFC0150|10|EA|49600|KRW|496000|20160930|1300|
C|005186|2016|50002885620013|001|4300006122|00030|UHNC0132|2|EA|188430|KRW|376860|20160930|1300|
C|005186|2016|50002885620014|001|4300006122|00040|UHGC0134|2|EA|756000|KRW|1512000|20160930|1300|
C|005186|2016|50002885620015|001|4300006125|00010|UHFC0216|2|EA|163800|KRW|327600|20160930|1300|
C|005186|2016|50002885620016|001|4300006125|00020|UHFC0128|2|EA|525000|KRW|1050000|20160930|1300|
C|005186|2016|50002885620017|001|4300006125|00030|UHDC0245|5|EA|62500|KRW|312500|20160930|1300|
C|005186|2016|50002885620018|001|4300006125|00040|UHNC0109|100|EA|650|KRW|65000|20160930|1300|
C|005186|2016|50002885620019|001|4300006126|00010|UHTC0772|50|EA|23320|KRW|1166000|20160930|1300|
C|005186|2016|50002885620020|001|4300006126|00020|UHTC0728|3|EA|121060|KRW|363180|20160930|1300|
C|005186|2016|50002885620021|001|4300006126|00030|UHGC0269|3|EA|416850|KRW|1250550|20160930|1300|
C|005186|2016|50002885630001|001|4300006105|00010|UEBC1078|1|EA|22100|KRW|22100|20160930|1300|
C|005186|2016|50002885630002|001|4300006105|00030|UEBC0138|5|EA|8170|KRW|40850|20160930|1300|
C|005186|2016|50002885630003|001|4300006105|00050|UDDC0157|5|EA|25935|KRW|129675|20160930|1300|
C|005186|2016|50002885630004|001|4300006105|00060|UDDC0176|5|EA|56010|KRW|280050|20160930|1300|
C|005186|2016|50002885630005|001|4300006105|00070|UDDC0369|1|EA|97000|KRW|97000|20160930|1300|
C|005186|2016|50002885630006|001|4300006105|00080|UDDC0368|1|EA|193000|KRW|193000|20160930|1300|
C|005186|2016|50002885640001|001|4300006100|00010|UGBC1064|10|EA|3570|KRW|35700|20160930|1300|
C|005186|2016|50002885640002|001|4300006100|00020|UGBC0194|10|EA|3605|KRW|36050|20160930|1300|
C|005186|2016|50002885640003|001|4300006100|00030|UGBC0195|5|EA|4730|KRW|23650|20160930|1300|
C|005186|2016|50002885640004|001|4300006100|00050|UGBC1464|1|EA|954000|KRW|954000|20160930|1300|
C|005186|2016|50002885640005|001|4300006101|00010|UGBC0555|10|EA|42000|KRW|420000|20160930|1300|
C|005186|2016|50002885640006|001|4300006101|00020|UGBC0556|10|EA|52500|KRW|525000|20160930|1300|
C|005186|2016|50002885640007|001|4300006101|00030|UGBC1197|10|EA|27300|KRW|273000|20160930|1300|
C|005186|2016|50002885640008|001|4300006101|00040|UBCC0036|5|EA|10500|KRW|52500|20160930|1300|
C|005186|2016|50002885640009|001|4300006101|00050|UBCC0038|5|EA|17900|KRW|89500|20160930|1300|
C|005186|2016|50002885640010|001|4300006101|00060|UBCC0039|5|EA|18900|KRW|94500|20160930|1300|
C|005186|2016|50002885640011|001|4300006101|00120|UGBC1409|5|EA|4300|KRW|21500|20160930|1300|
C|005186|2016|50002885640012|001|4300006104|00010|UGCC0142|3|EA|68250|KRW|204750|20160930|1300|
C|005186|2016|50002885640013|001|4300006123|00010|UGCC0476|5|EA|133250|KRW|666250|20160930|1300|
C|005186|2016|50002885640014|001|4300006123|00020|UGBC0658|5|EA|160650|KRW|803250|20160930|1300|
C|005186|2016|50002885640015|001|4300006123|00030|UGBC1398|10|EA|78500|KRW|785000|20160930|1300|
C|005186|2016|50002885640016|001|4300006123|00040|UGBC1185|30|EA|780|KRW|23400|20160930|1300|
C|005186|2016|50002885640017|001|4300006123|00050|UGBC1181|5|EA|14700|KRW|73500|20160930|1300|
C|005186|2016|50002885640018|001|4300006123|00060|UGBC0481|10|EA|15225|KRW|152250|20160930|1300|
