C|005186|2019|50004822290001|001|4300013081|00120|CMA0005|70|EA|2000|KRW|140000|20190322|1300|
C|005186|2019|50004822290002|001|4300013091|00060|CMA0016|200|EA|2140|KRW|428000|20190322|1300|
C|005186|2019|50004822290003|001|4300013091|00100|CMB0010|400|EA|1280|KRW|512000|20190322|1300|
C|005186|2019|50004822290004|001|4300013092|00130|CMA0005|150|EA|2000|KRW|300000|20190322|1300|
C|005186|2019|50004822290005|001|4300013092|00160|CMB0010|380|EA|1280|KRW|486400|20190322|1300|
C|005186|2019|50004822290006|001|4300013093|00020|CMB0010|100|EA|1280|KRW|128000|20190322|1300|
C|005186|2019|50004822290007|001|4300013095|00040|CMB0010|70|EA|1280|KRW|89600|20190322|1300|
C|005186|2019|50004822290008|001|4300013098|00070|CMB0010|40|EA|1280|KRW|51200|20190322|1300|
C|005186|2019|50004822290009|001|4300013100|00050|CMB0010|10|EA|1280|KRW|12800|20190322|1300|
C|005186|2019|50004822290010|001|4300013102|00040|CMB0010|20|EA|1280|KRW|25600|20190322|1300|
C|005186|2019|50004822290011|001|4300013102|00060|CMA0016|30|EA|2140|KRW|64200|20190322|1300|
C|005186|2019|50004822290012|001|4300013103|00070|CMA0016|30|EA|2140|KRW|64200|20190322|1300|
C|005186|2019|50004822290013|001|4300013104|00070|CMA0006|100|EA|2970|KRW|297000|20190322|1300|
C|005186|2019|50004822290014|001|4300013104|00100|CMB0010|240|EA|1280|KRW|307200|20190322|1300|
C|005186|2019|50004822290015|001|4300013105|00030|CMB0010|40|EA|1280|KRW|51200|20190322|1300|
C|005186|2019|50004822290016|001|4300013105|00050|CMA0016|20|EA|2140|KRW|42800|20190322|1300|
C|005186|2019|50004822290017|001|4300013106|00010|CMB0010|110|EA|1280|KRW|140800|20190322|1300|
C|005186|2019|50004822290018|001|4300013118|00020|CMB0010|130|EA|1280|KRW|166400|20190322|1300|
C|005186|2019|50004822300001|001|4300013081|00010|CMH0007|1|EA|11600|KRW|11600|20190322|1300|
C|005186|2019|50004822300002|001|4300013081|00070|CME0001|35|EA|3300|KRW|115500|20190322|1300|
C|005186|2019|50004822300003|001|4300013081|00140|CME0010|200|EA|240|KRW|48000|20190322|1300|
C|005186|2019|50004822300004|001|4300013091|00020|CMH0007|5|EA|11600|KRW|58000|20190322|1300|
C|005186|2019|50004822300005|001|4300013091|00030|CME0001|10|EA|3300|KRW|33000|20190322|1300|
C|005186|2019|50004822300006|001|4300013091|00040|CME0010|100|EA|240|KRW|24000|20190322|1300|
C|005186|2019|50004822300007|001|4300013092|00090|CMH0007|40|EA|11600|KRW|464000|20190322|1300|
C|005186|2019|50004822300008|001|4300013094|00040|CME0001|20|EA|3300|KRW|66000|20190322|1300|
C|005186|2019|50004822300009|001|4300013094|00050|CME0010|150|EA|240|KRW|36000|20190322|1300|
C|005186|2019|50004822300010|001|4300013095|00050|CMZ0014|1|EA|19000|KRW|19000|20190322|1300|
C|005186|2019|50004822300011|001|4300013096|00060|CME0001|10|EA|3300|KRW|33000|20190322|1300|
C|005186|2019|50004822300012|001|4300013096|00080|CME0010|50|EA|240|KRW|12000|20190322|1300|
C|005186|2019|50004822300013|001|4300013098|00020|CMH0007|1|EA|11600|KRW|11600|20190322|1300|
C|005186|2019|50004822300014|001|4300013098|00030|CMF0021|2|EA|3100|KRW|6200|20190322|1300|
C|005186|2019|50004822300015|001|4300013098|00040|CMF0009|2|EA|4950|KRW|9900|20190322|1300|
C|005186|2019|50004822300016|001|4300013098|00090|CME0010|50|EA|240|KRW|12000|20190322|1300|
C|005186|2019|50004822300017|001|4300013099|00010|CMZ0014|1|EA|19000|KRW|19000|20190322|1300|
C|005186|2019|50004822300018|001|4300013100|00020|CME0003|2|EA|5500|KRW|11000|20190322|1300|
C|005186|2019|50004822300019|001|4300013100|00030|CMZ0014|2|EA|19000|KRW|38000|20190322|1300|
C|005186|2019|50004822300020|001|4300013100|00070|CMF0006|30|EA|9500|KRW|285000|20190322|1300|
C|005186|2019|50004822300021|001|4300013101|00010|CME0001|50|EA|3300|KRW|165000|20190322|1300|
C|005186|2019|50004822300022|001|4300013102|00010|CMH0007|1|EA|11600|KRW|11600|20190322|1300|
C|005186|2019|50004822300023|001|4300013102|00020|CMF0006|2|EA|9500|KRW|19000|20190322|1300|
C|005186|2019|50004822300024|001|4300013103|00020|CMF0006|1|EA|9500|KRW|9500|20190322|1300|
C|005186|2019|50004822300025|001|4300013103|00030|CMH0007|2|EA|11600|KRW|23200|20190322|1300|
C|005186|2019|50004822300026|001|4300013103|00060|CME0001|16|EA|3300|KRW|52800|20190322|1300|
C|005186|2019|50004822300027|001|4300013104|00030|CME0001|20|EA|3300|KRW|66000|20190322|1300|
C|005186|2019|50004822300028|001|4300013104|00060|CME0010|60|EA|240|KRW|14400|20190322|1300|
C|005186|2019|50004822300029|001|4300013104|00080|CMF0017|100|EA|800|KRW|80000|20190322|1300|
C|005186|2019|50004822300030|001|4300013118|00010|CMH0007|2|EA|11600|KRW|23200|20190322|1300|
C|005186|2019|50004822310001|001|4300013094|00010|CMA0001|500|EA|151|KRW|75500|20190322|1300|
C|005186|2019|50004822310002|001|4300013094|00020|CMA0007|50|EA|151|KRW|7550|20190322|1300|
C|005186|2019|50004822310003|001|4300013094|00060|CME0013|2|EA|11880|KRW|23760|20190322|1300|
C|005186|2019|50004822310004|001|4300013094|00070|CMF0005|3|EA|18700|KRW|56100|20190322|1300|
C|005186|2019|50004822310005|001|4300013094|00080|CMD0017|2|EA|23760|KRW|47520|20190322|1300|
C|005186|2019|50004822320001|001|4300013098|00010|CMF0005|1|EA|18700|KRW|18700|20190322|1300|
C|005186|2019|50004822320002|001|4300013098|00050|CMC0005|20|EA|150|KRW|3000|20190322|1300|
C|005186|2019|50004822320003|001|4300013098|00080|CMB0003|40|EA|2200|KRW|88000|20190322|1300|
C|005186|2019|50004822320004|001|4300013098|00100|CMB0002|60|EA|2100|KRW|126000|20190322|1300|
C|005186|2019|50004822320005|001|4300013098|00110|CMB0001|60|EA|520|KRW|31200|20190322|1300|
C|005186|2019|50004822320006|001|4300013098|00120|CMA0007|100|EA|151|KRW|15100|20190322|1300|
C|005186|2019|50004822320007|001|4300013098|00130|CMA0008|100|EA|470|KRW|47000|20190322|1300|
C|005186|2019|50004822320008|001|4300013098|00140|CMA0001|300|EA|151|KRW|45300|20190322|1300|
C|005186|2019|50004822320009|001|4300013098|00150|CMD0011|6|EA|24100|KRW|144600|20190322|1300|
C|005186|2019|50004822320010|001|4300013098|00160|CMD0016|8|EA|29000|KRW|232000|20190322|1300|
C|005186|2019|50004822330001|001|4300013118|00040|CMD0017|1|EA|23760|KRW|23760|20190322|1300|
C|005186|2019|50004822330002|001|4300013118|00050|CMD0016|3|EA|29000|KRW|87000|20190322|1300|
C|005186|2019|50004822340001|001|4300013091|00050|CMA0008|100|EA|470|KRW|47000|20190322|1300|
C|005186|2019|50004822340002|001|4300013091|00070|CMB0001|150|EA|520|KRW|78000|20190322|1300|
C|005186|2019|50004822340003|001|4300013091|00080|CMA0007|500|EA|151|KRW|75500|20190322|1300|
C|005186|2019|50004822340004|001|4300013091|00090|CMC0005|500|EA|150|KRW|75000|20190322|1300|
C|005186|2019|50004822340005|001|4300013091|00110|CMA0001|800|EA|151|KRW|120800|20190322|1300|
C|005186|2019|50004822340006|001|4300013091|00120|CMD0016|3|EA|29000|KRW|87000|20190322|1300|
C|005186|2019|50004822340007|001|4300013091|00130|CMD0011|6|EA|24100|KRW|144600|20190322|1300|
