C|005186|2018|50004560790001|001|4300011835|00020|UDBC0185|500|EA|9500|KRW|47500|20181115|1300|
C|005186|2018|50004560790002|001|4300011835|00050|UKBC0016|6|EA|10110|KRW|60660|20181115|1300|
C|005186|2018|50004560790003|001|4300011836|00010|UEBC0456|20|EA|9200|KRW|36800|20181115|1300|
C|005186|2018|50004560790004|001|4300011836|00020|UDBC0163|10|EA|370|KRW|3700|20181115|1300|
C|005186|2018|50004560790005|001|4300011836|00050|UEBC0896|5|EA|106050|KRW|106050|20181115|1300|
C|005186|2018|50004560790006|001|4300011836|00070|UEBC1287|10|EA|77000|KRW|154000|20181115|1300|
C|005186|2018|50004560790007|001|4300011836|00080|UEBC0464|2|EA|7710|KRW|15420|20181115|1300|
C|005186|2018|50004560790008|001|4300011836|00090|UEBC1346|4|EA|41400|KRW|82800|20181115|1300|
C|005186|2018|50004560790009|001|4300011836|00100|UEBC1073|10|EA|57850|KRW|115700|20181115|1300|
C|005186|2018|50004560790010|001|4300011839|00030|UKEC0010|40|EA|61200|KRW|61200|20181115|1300|
C|005186|2018|50004560790011|001|4300011842|00020|UDBC0562|50|EA|9900|KRW|49500|20181115|1300|
C|005186|2018|50004560790012|001|4300011842|00030|UDBC0354|50|EA|3500|KRW|17500|20181115|1300|
C|005186|2018|50004560800001|001|4300011917|00010|UEAC0195|2|EA|870000|KRW|1740000|20181115|1300|
C|005186|2018|50004560800002|001|4300011918|00010|UABC0049|90|EA|123900|KRW|1115100|20181115|1300|
C|005186|2018|50004560800003|001|4300011919|00010|UAEC0191|1|EA|173250|KRW|173250|20181115|1300|
C|005186|2018|50004560800004|001|4300011920|00010|UEAC0118|1|EA|524000|KRW|524000|20181115|1300|
C|005186|2018|50004560800005|001|4300011921|00010|UIEC0007|2|EA|7080|KRW|14160|20181115|1300|
C|005186|2018|50004560800006|001|4300011921|00030|UCHC0039|1|EA|114450|KRW|114450|20181115|1300|
C|005186|2018|50004560810001|001|4300011831|00010|UEAC0171|2|EA|197000|KRW|394000|20181115|1300|
C|005186|2018|50004560810002|001|4300011834|00010|UGCC0894|400|EA|300000|KRW|1200000|20181115|1300|
C|005186|2018|50004560810003|001|4300011834|00020|UDAC0365|100|EA|80000|KRW|160000|20181115|1300|
C|005186|2018|50004560810004|001|4300011835|00090|UKEC0023|40|EA|1530|KRW|61200|20181115|1300|
C|005186|2018|50004560810005|001|4300011835|00100|UKEC0020|40|EA|15300|KRW|61200|20181115|1300|
C|005186|2018|50004560810006|001|4300011837|00010|UEBC1394|2|EA|731400|KRW|1462800|20181115|1300|
C|005186|2018|50004560820001|001|4300011822|00010|UEBC1395|2|EA|13400|KRW|26800|20181115|1300|
C|005186|2018|50004560820002|001|4300011822|00020|UEBC0640|5|EA|82950|KRW|414750|20181115|1300|
C|005186|2018|50004560820003|001|4300011833|00050|UEBC1445|10|EA|7760|KRW|77600|20181115|1300|
C|005186|2018|50004560820004|001|4300011833|00060|UDBC0609|100|EA|1640|KRW|16400|20181115|1300|
C|005186|2018|50004560820005|001|4300011833|00070|UDBC0335|100|EA|6500|KRW|6500|20181115|1300|
C|005186|2018|50004560820006|001|4300011833|00090|UEBC0630|4|EA|58520|KRW|117040|20181115|1300|
C|005186|2018|50004560820007|001|4300011833|00100|UDAC0060|4|EA|115500|KRW|231000|20181115|1300|
C|005186|2018|50004560820008|001|4300011833|00120|UEBC1059|1|EA|606000|KRW|606000|20181115|1300|
C|005186|2018|50004560820009|001|4300011833|00130|UJAC0131|10|EA|6850|KRW|68500|20181115|1300|
C|005186|2018|50004560820010|001|4300011833|00140|UJAC0043|10|EA|2100|KRW|21000|20181115|1300|
C|005186|2018|50004560820011|001|4300011833|00150|UDBC0973|100|EA|1500|KRW|1500|20181115|1300|
C|005186|2018|50004560820012|001|4300011833|00160|UEBC0178|1|EA|72450|KRW|72450|20181115|1300|
C|005186|2018|50004560820013|001|4300011839|00010|UEBC0184|1|EA|208700|KRW|208700|20181115|1300|
C|005186|2018|50004560820014|001|4300011839|00070|UEBC1431|2|EA|14470|KRW|28940|20181115|1300|
C|005186|2018|50004560820015|001|4300011839|00080|UEAC0080|1|EA|144900|KRW|144900|20181115|1300|
C|005186|2018|50004560820016|001|4300011839|00130|UDBC0875|50|EA|11500|KRW|11500|20181115|1300|
C|005186|2018|50004560820017|001|4300011839|00140|UEBC0249|5|EA|127350|KRW|127350|20181115|1300|
C|005186|2018|50004560820018|001|4300011839|00150|UEBC0262|5|EA|32890|KRW|164450|20181115|1300|
C|005186|2018|50004560830001|001|4300011833|00080|UDBC0461|100|EA|13150|KRW|26300|20181115|1300|
C|005186|2018|50004560830002|001|4300011839|00160|UDBC0198|30|EA|988|KRW|29640|20181115|1300|
C|005186|2018|50004560830003|001|4300011922|00010|UEBC1129|10|EA|72900|KRW|729000|20181115|1300|
C|005186|2018|50004560840001|001|4300011910|00010|KS061502|9|EA|2970|KRW|26730|20181115|1300|
C|005186|2018|50004560840002|001|4300011910|00020|KS061503|15|EA|3150|KRW|47250|20181115|1300|
C|005186|2018|50004560840003|001|4300011910|00030|KS061504|4|EA|4050|KRW|16200|20181115|1300|
C|005186|2018|50004560840004|001|4300011910|00040|KS066900|25|EA|1290|KRW|32250|20181115|1300|
C|005186|2018|50004560840005|001|4300011910|00050|KS066901|5|EA|1290|KRW|6450|20181115|1300|
C|005186|2018|50004560840006|001|4300011910|00060|KS066904|3|EA|2000|KRW|6000|20181115|1300|
C|005186|2018|50004560840007|001|4300011910|00070|KS067002|2|EA|1460|KRW|2920|20181115|1300|
C|005186|2018|50004560840008|001|4300011910|00080|KS067004|5|EA|2000|KRW|10000|20181115|1300|
C|005186|2018|50004560840009|001|4300011910|00090|KS067006|2|EA|3120|KRW|6240|20181115|1300|
C|005186|2018|50004560840010|001|4300011910|00100|KS067208|4|EA|7940|KRW|31760|20181115|1300|
C|005186|2018|50004560840011|001|4300011910|00110|KS067210|2|EA|14350|KRW|28700|20181115|1300|
C|005186|2018|50004560840012|001|4300011910|00120|KS080702|2|EA|19850|KRW|39700|20181115|1300|
C|005186|2018|50004560840013|001|4300011910|00130|KS080709|5|EA|24700|KRW|123500|20181115|1300|
C|005186|2018|50004560840014|001|4300011910|00140|KS080711|4|EA|32300|KRW|129200|20181115|1300|
C|005186|2018|50004560840015|001|4300011910|00150|KS080721|3|EA|71710|KRW|215130|20181115|1300|
C|005186|2018|50004560840016|001|4300011910|00160|KS990008|1|EA|39900|KRW|39900|20181115|1300|
C|005186|2018|50004560840017|001|4300011910|00170|KS990009|1|EA|8820|KRW|8820|20181115|1300|
