C|005186|2020|50005928560001|001|4300018078|00090|UDBC0455|50|EA|7900|KRW|7900|20201007|1300|
C|005186|2020|50005928560002|001|4300018078|00110|UDBC0655|200|EA|5500|KRW|11000|20201007|1300|
C|005186|2020|50005928560003|001|4300018137|00040|UDBC0556|50|EA|6000|KRW|30000|20201007|1300|
C|005186|2020|50005928560004|001|4300018137|00050|UDBC0035|50|EA|15000|KRW|15000|20201007|1300|
C|005186|2020|50005928560005|001|4300018137|00060|UDBC0726|100|EA|1400|KRW|14000|20201007|1300|
C|005186|2020|50005928560006|001|4300018137|00070|UGBC1729|3|EA|28400|KRW|85200|20201007|1300|
C|005186|2020|50005928560007|001|4300018137|00080|UGCC0143|3|EA|12600|KRW|37800|20201007|1300|
C|005186|2020|50005928560008|001|4300018141|00020|UGAC0054|1|EA|392700|KRW|392700|20201007|1300|
C|005186|2020|50005928560009|001|4300018143|00010|UGCC1830|5|EA|29930|KRW|149650|20201007|1300|
C|005186|2020|50005928570001|001|4300018125|00010|KS067208|5|EA|7940|KRW|39700|20201007|1300|
C|005186|2020|50005928570002|001|4300018125|00020|KS067210|3|EA|14350|KRW|43050|20201007|1300|
C|005186|2020|50005928570003|001|4300018125|00050|KS067404|10|EA|3930|KRW|39300|20201007|1300|
