C|005186|2016|50002792830001|001|4300005796|00010|UHNC0113|1|EA|772800|KRW|772800|20160826|1300|
C|005186|2016|50002792830002|001|4300005796|00020|UHNC0032|1|EA|293000|KRW|293000|20160826|1300|
C|005186|2016|50002792830003|001|4300005796|00030|UHFC0373|100|EA|320|KRW|32000|20160826|1300|
C|005186|2016|50002792830004|001|4300005796|00040|UHFC0066|20|EA|2500|KRW|50000|20160826|1300|
C|005186|2016|50002792830005|001|4300005796|00060|UHTC0793|3|EA|86708|KRW|260124|20160826|1300|
C|005186|2016|50002792830006|001|4300005796|00070|UHFC0438|5|EA|14098|KRW|70490|20160826|1300|
C|005186|2016|50002792830007|001|4300005796|00080|UHFC0437|5|EA|12720|KRW|63600|20160826|1300|
C|005186|2016|50002792830008|001|4300005797|00020|UHNC0144|5|EA|74200|KRW|371000|20160826|1300|
C|005186|2016|50002792830009|001|4300005797|00030|UHNC0143|1|EA|394320|KRW|394320|20160826|1300|
C|005186|2016|50002792830010|001|4300005797|00040|UHGC0315|8|EA|32860|KRW|262880|20160826|1300|
C|005186|2016|50002792830011|001|4300005797|00060|UHDC0252|10|EA|1537|KRW|15370|20160826|1300|
C|005186|2016|50002792830012|001|4300005797|00070|UHDC0251|20|EA|1537|KRW|30740|20160826|1300|
C|005186|2016|50002792830013|001|4300005797|00080|UHHC0208|5|EA|15582|KRW|77910|20160826|1300|
C|005186|2016|50002792830014|001|4300005798|00010|UHEC0037|5|EA|43460|KRW|217300|20160826|1300|
C|005186|2016|50002792830015|001|4300005798|00020|UFJC0026|5|EA|244860|KRW|1224300|20160826|1300|
C|005186|2016|50002792830016|001|4300005798|00030|UHHC0206|2|EA|116600|KRW|233200|20160826|1300|
C|005186|2016|50002792830017|001|4300005798|00040|UHFC0331|2|EA|83000|KRW|166000|20160826|1300|
C|005186|2016|50002792830018|001|4300005799|00020|UHHC0036|1|EA|517860|KRW|517860|20160826|1300|
C|005186|2016|50002792830019|001|4300005800|00010|UHHC0200|150|EA|8600|KRW|1290000|20160826|1300|
C|005186|2016|50002792830020|001|4300005800|00020|UHHC0071|1|EA|573300|KRW|573300|20160826|1300|
C|005186|2016|50002792830021|001|4300005801|00010|UHHC0186|1|EA|1437000|KRW|1437000|20160826|1300|
C|005186|2016|50002792830022|001|4300005802|00010|UHGC0134|2|EA|756000|KRW|1512000|20160826|1300|
C|005186|2016|50002792830023|001|4300005803|00010|UHDC0093|8|EA|138600|KRW|1108800|20160826|1300|
C|005186|2016|50002792830024|001|4300005803|00020|UHTC0440|10|EA|82200|KRW|822000|20160826|1300|
C|005186|2016|50002792840001|001|4300005806|00020|UFGC0053|5|EA|28460|KRW|142300|20160826|1300|
C|005186|2016|50002792840002|001|4300005806|00030|UFGC0052|8|EA|13600|KRW|108800|20160826|1300|
C|005186|2016|50002792840003|001|4300005807|00010|UFGC0051|4|EA|172860|KRW|691440|20160826|1300|
C|005186|2016|50002792840004|001|4300005808|00030|UIDC0087|4|EA|185260|KRW|741040|20160826|1300|
C|005186|2016|50002792840005|001|4300005811|00010|UIEC0010|2|EA|3040|KRW|6080|20160826|1300|
C|005186|2016|50002792850001|001|4300005850|00130|CMH0004|2|EA|600|KRW|1200|20160826|1300|
C|005186|2016|50002792850002|001|4300005850|00140|CMH0005|2|EA|720|KRW|1440|20160826|1300|
C|005186|2016|50002792850003|001|4300005850|00150|CMH0006|5|EA|460|KRW|2300|20160826|1300|
C|005186|2016|50002792860001|001|4300005804|00040|UGBC1337|1|EA|1263160|KRW|1263160|20160826|1300|
C|005186|2016|50002792860002|001|4300005804|00050|UGBC0503|1|EA|273000|KRW|273000|20160826|1300|
C|005186|2016|50002792860003|001|4300005804|00060|UGBC0273|2|EA|56700|KRW|113400|20160826|1300|
C|005186|2016|50002792860004|001|4300005804|00070|UDAC0315|10|EA|5480|KRW|54800|20160826|1300|
C|005186|2016|50002792860005|001|4300005805|00010|UGBC1337|1|EA|1263160|KRW|1263160|20160826|1300|
C|005186|2016|50002792870001|001|4300005796|00050|UHTC0797|20|EA|19080|KRW|381600|20160826|1300|
C|005186|2016|50002792870002|001|4300005796|00090|UHEC0039|5|EA|13780|KRW|68900|20160826|1300|
C|005186|2016|50002792870003|001|4300005797|00010|UHTC0796|20|EA|34980|KRW|699600|20160826|1300|
C|005186|2016|50002792870004|001|4300005797|00050|UHEC0038|5|EA|11660|KRW|58300|20160826|1300|
C|005186|2016|50002792880001|001|4300005878|00030|UKGC0024|2|EA|5780|KRW|11560|20160826|1300|
C|005186|2016|50002792890001|001|4300005853|00010|KT020600|3|EA|14910|KRW|44730|20160826|1300|
C|005186|2016|50002792890002|001|4300005853|00020|KT020705|4|EA|1390|KRW|5560|20160826|1300|
C|005186|2016|50002792890003|001|4300005853|00030|KT080300|15.000|KG|2770|KRW|41550|20160826|1300|
C|005186|2016|50002792900001|001|4300005857|00040|UDDC0387|10|EA|9800|KRW|98000|20160826|1300|
C|005186|2016|50002792900002|001|4300005857|00050|UDDC0386|10|EA|7200|KRW|72000|20160826|1300|
C|005186|2016|50002792900003|001|4300005858|00020|UDDC0384|2|EA|48500|KRW|97000|20160826|1300|
C|005186|2016|50002792900004|001|4300005858|00120|UAJC0090|2|EA|65210|KRW|130420|20160826|1300|
C|005186|2016|50002792900005|001|4300005859|00010|UAJC0089|2|EA|46520|KRW|93040|20160826|1300|
C|005186|2016|50002792900006|001|4300005859|00020|UAJC0088|1|EA|103880|KRW|103880|20160826|1300|
C|005186|2016|50002792900007|001|4300005859|00100|UAGC0501|1|EA|29740|KRW|29740|20160826|1300|
C|005186|2016|50002792900008|001|4300005873|00040|UAEC0095|5|EA|22630|KRW|113150|20160826|1300|
C|005186|2016|50002792900009|001|4300005873|00050|UAEC0074|2|EA|9110|KRW|18220|20160826|1300|
C|005186|2016|50002792900010|001|4300005873|00070|UKEC0108|1|EA|137020|KRW|137020|20160826|1300|
C|005186|2016|50002792900011|001|4300005874|00010|UKBC0010|2|EA|91480|KRW|182960|20160826|1300|
C|005186|2016|50002792900012|001|4300005906|00010|UAEC0447|1|EA|25310|KRW|25310|20160826|1300|
C|005186|2016|50002792900013|001|4300005906|00020|UAEC0446|1|EA|24990|KRW|24990|20160826|1300|
C|005186|2016|50002792900014|001|4300005909|00060|UDEC0119|2|EA|147600|KRW|295200|20160826|1300|
C|005186|2016|50002792900015|001|4300005917|00020|UAEC0449|1|EA|135030|KRW|135030|20160826|1300|
C|005186|2016|50002792910001|001|4300005837|00080|CMH0007|4|EA|11600|KRW|46400|20160826|1300|
C|005186|2016|50002792910002|001|4300005841|00170|CMH0007|20|EA|11600|KRW|232000|20160826|1300|
C|005186|2016|50002792910003|001|4300005842|00120|CMH0007|5|EA|11600|KRW|58000|20160826|1300|
C|005186|2016|50002792910004|001|4300005844|00110|CMH0007|2|EA|11600|KRW|23200|20160826|1300|
C|005186|2016|50002792910005|001|4300005846|00110|CMH0007|2|EA|11600|KRW|23200|20160826|1300|
C|005186|2016|50002792910006|001|4300005847|00180|CMH0007|1|EA|11600|KRW|11600|20160826|1300|
C|005186|2016|50002792910007|001|4300005850|00160|CMH0007|4|EA|11600|KRW|46400|20160826|1300|
C|005186|2016|50002792910008|001|4300005852|00070|CMH0007|1|EA|11600|KRW|11600|20160826|1300|
C|005186|2016|50002792910009|001|4300005856|00040|UGBC1536|30|EA|4560|KRW|136800|20160826|1300|
C|005186|2016|50002792910010|001|4300005858|00010|UDDC0385|30|EA|21100|KRW|633000|20160826|1300|
C|005186|2016|50002792910011|001|4300005859|00030|UAHC0058|1|EA|17750|KRW|17750|20160826|1300|
C|005186|2016|50002792910012|001|4300005859|00040|UAGC0498|30|EA|6520|KRW|195600|20160826|1300|
C|005186|2016|50002792910013|001|4300005859|00050|UAGC0497|1|EA|95550|KRW|95550|20160826|1300|
C|005186|2016|50002792910014|001|4300005859|00060|UAGC0496|1|EA|86420|KRW|86420|20160826|1300|
C|005186|2016|50002792910015|001|4300005859|00070|UAGC0503|1|EA|78020|KRW|78020|20160826|1300|
C|005186|2016|50002792910016|001|4300005859|00090|UAEC0452|20|EA|1680|KRW|33600|20160826|1300|
C|005186|2016|50002792910017|001|4300005863|00070|UGBC1534|20|EA|1990|KRW|39800|20160826|1300|
C|005186|2016|50002792910018|001|4300005863|00080|UGBC1531|48|EA|5160|KRW|247680|20160826|1300|
C|005186|2016|50002792910019|001|4300005864|00020|UGBC1529|96|EA|3160|KRW|303360|20160826|1300|
C|005186|2016|50002792910020|001|4300005865|00010|UGCC1100|50|EA|13200|KRW|660000|20160826|1300|
C|005186|2016|50002792910021|001|4300005865|00020|UGBC1530|96|EA|6060|KRW|581760|20160826|1300|
C|005186|2016|50002792910022|001|4300005866|00030|UAEC0095|1|EA|22630|KRW|22630|20160826|1300|
C|005186|2016|50002792910023|001|4300005866|00040|UAEC0250|2|EA|3930|KRW|7860|20160826|1300|
C|005186|2016|50002792910024|001|4300005866|00050|UAEC0251|2|EA|4750|KRW|9500|20160826|1300|
C|005186|2016|50002792910025|001|4300005866|00060|UAEC0252|2|EA|5220|KRW|10440|20160826|1300|
C|005186|2016|50002792910026|001|4300005866|00070|UAEC0253|2|EA|17150|KRW|34300|20160826|1300|
C|005186|2016|50002792910027|001|4300005866|00080|UAEC0069|2|EA|16310|KRW|32620|20160826|1300|
C|005186|2016|50002792910028|001|4300005866|00090|UAEC0071|2|EA|37110|KRW|74220|20160826|1300|
C|005186|2016|50002792910029|001|4300005866|00100|UAKC0025|1|EA|8000|KRW|8000|20160826|1300|
C|005186|2016|50002792910030|001|4300005866|00110|UAEC0111|1|EA|22050|KRW|22050|20160826|1300|
C|005186|2016|50002792910031|001|4300005866|00120|UAEC0016|1|EA|32640|KRW|32640|20160826|1300|
C|005186|2016|50002792910032|001|4300005866|00130|UABC0022|1|EA|17120|KRW|17120|20160826|1300|
C|005186|2016|50002792910033|001|4300005873|00010|UKBC0010|2|EA|91480|KRW|182960|20160826|1300|
C|005186|2016|50002792910034|001|4300005873|00020|UJAC0073|8|EA|13130|KRW|105040|20160826|1300|
C|005186|2016|50002792910035|001|4300005873|00060|UAGC0240|1|EA|149100|KRW|149100|20160826|1300|
C|005186|2016|50002792910036|001|4300005873|00110|UKBC0010|2|EA|91480|KRW|182960|20160826|1300|
C|005186|2016|50002792910037|001|4300005873|00130|UGCC0987|2|EA|33800|KRW|67600|20160826|1300|
C|005186|2016|50002792910038|001|4300005874|00040|UKEC0013|40|EA|1530|KRW|61200|20160826|1300|
C|005186|2016|50002792910039|001|4300005874|00050|UJBC0004|20|EA|4337|KRW|86740|20160826|1300|
C|005186|2016|50002792910040|001|4300005874|00060|UZZC0107|1|EA|35770|KRW|35770|20160826|1300|
C|005186|2016|50002792910041|001|4300005874|00070|UGBC0670|100|EA|1275|KRW|127500|20160826|1300|
C|005186|2016|50002792910042|001|4300005874|00080|UKEC0010|40|EA|1530|KRW|61200|20160826|1300|
C|005186|2016|50002792910043|001|4300005874|00090|UKEC0018|40|EA|1530|KRW|61200|20160826|1300|
C|005186|2016|50002792910044|001|4300005874|00100|UKEC0023|10|EA|1530|KRW|15300|20160826|1300|
C|005186|2016|50002792910045|001|4300005878|00020|UZZC0155|30|EA|36100|KRW|1083000|20160826|1300|
C|005186|2016|50002792910046|001|4300005878|00050|UGCC1101|1|EA|24150|KRW|24150|20160826|1300|
C|005186|2016|50002792910047|001|4300005878|00060|UGBC1525|20|EA|2160|KRW|43200|20160826|1300|
C|005186|2016|50002792910048|001|4300005901|00010|UAGC0494|1|EA|78020|KRW|78020|20160826|1300|
C|005186|2016|50002792910049|001|4300005901|00020|UGBC1542|5|EA|61100|KRW|305500|20160826|1300|
C|005186|2016|50002792910050|001|4300005909|00100|UAGC0500|5|EA|19950|KRW|99750|20160826|1300|
C|005186|2016|50002792910051|001|4300005909|00110|UAGC0499|5|EA|19430|KRW|97150|20160826|1300|
C|005186|2016|50002792910052|001|4300005909|00120|UAGC0495|5|EA|19950|KRW|99750|20160826|1300|
C|005186|2016|50002792910053|001|4300005910|00020|UAGC0502|5|EA|19430|KRW|97150|20160826|1300|
C|005186|2016|50002792910054|001|4300005910|00030|UAEC0453|2|EA|39900|KRW|79800|20160826|1300|
C|005186|2016|50002792910055|001|4300005917|00030|UAEC0454|50|EA|12600|KRW|630000|20160826|1300|
C|005186|2016|50002792910056|001|4300005917|00040|UAHC0059|5|EA|38850|KRW|194250|20160826|1300|
C|005186|2016|50002792910057|001|4300005922|00010|CMH0007|10|EA|11600|KRW|116000|20160826|1300|
