C|005186|2013|50000335360001|001|4300000515|00210|UGBC1353|1|EA|206700|KRW|206700|20131015|1300|
C|005186|2013|50000335370001|001|4300000597|00030|UGBC1158|3|EA|62265|KRW|186795|20131015|1300|
C|005186|2013|50000335380001|001|4300000613|00110|UHTC0251|40|EA|850|KRW|34000|20131015|1300|
C|005186|2013|50000335390001|001|4300000610|00010|UHHC0069|1|EA|412650|KRW|412650|20131015|1300|
C|005186|2013|50000335390002|001|4300000610|00020|UHGC0059|5|EA|18950|KRW|94750|20131015|1300|
C|005186|2013|50000335390003|001|4300000610|00030|UHCC0013|1|EA|492450|KRW|492450|20131015|1300|
C|005186|2013|50000335400001|001|4300000596|00040|UGCC0643|1|EA|247400|KRW|247400|20131015|1300|
C|005186|2013|50000335400002|001|4300000596|00060|UCKC0035|15|EA|44520|KRW|667800|20131015|1300|
C|005186|2013|50000335400003|001|4300000596|00070|UALC0075|4000|EA|45|KRW|180000|20131015|1300|
C|005186|2013|50000335400004|001|4300000596|00080|UALC0038|12|EA|82950|KRW|995400|20131015|1300|
C|005186|2013|50000335400005|001|4300000596|00100|UGCC0490|1|EA|91770|KRW|91770|20131015|1300|
C|005186|2013|50000335400006|001|4300000635|00010|UJBC0004|30|EA|4337|KRW|130110|20131015|1300|
C|005186|2013|50000335400007|001|4300000635|00020|UHTC0292|1|EA|40690|KRW|40690|20131015|1300|
C|005186|2013|50000335400008|001|4300000635|00030|UBCC0022|30|EA|47250|KRW|1417500|20131015|1300|
C|005186|2013|50000335400009|001|4300000635|00040|UGCC0587|20|EA|31060|KRW|621200|20131015|1300|
C|005186|2013|50000335400010|001|4300000635|00050|UKAC0046|1|EA|272500|KRW|272500|20131015|1300|
C|005186|2013|50000335400011|001|4300000635|00060|UFFC0040|20|EA|8280|KRW|165600|20131015|1300|
C|005186|2013|50000335400012|001|4300000635|00070|UZZC0102|1|EA|71400|KRW|71400|20131015|1300|
C|005186|2013|50000335400013|001|4300000635|00080|UGCC0618|1|EA|54630|KRW|54630|20131015|1300|
C|005186|2013|50000335400014|001|4300000635|00090|UADC0057|1|EA|352800|KRW|352800|20131015|1300|
C|005186|2013|50000335400015|001|4300000635|00100|UADC0058|1|EA|353140|KRW|353140|20131015|1300|
C|005186|2013|50000335400016|001|4300000635|00110|UGAC0056|1|EA|139760|KRW|139760|20131015|1300|
C|005186|2013|50000335400017|001|4300000635|00120|UGAC0056|1|EA|139760|KRW|139760|20131015|1300|
C|005186|2013|50000335400018|001|4300000636|00030|UZZC0107|2|EA|35770|KRW|71540|20131015|1300|
C|005186|2013|50000335400019|001|4300000636|00040|UKBC0010|1|EA|91480|KRW|91480|20131015|1300|
C|005186|2013|50000335400020|001|4300000636|00050|UAGC0323|10|EA|14180|KRW|141800|20131015|1300|
C|005186|2013|50000335400021|001|4300000636|00060|UADC0040|20|EA|7880|KRW|157600|20131015|1300|
C|005186|2013|50000335400022|001|4300000636|00070|UKEC0091|20|EA|1270|KRW|25400|20131015|1300|
C|005186|2013|50000335400023|001|4300000636|00080|UAAC0001|20|EA|1890|KRW|37800|20131015|1300|
C|005186|2013|50000335400024|001|4300000636|00090|UKBC0010|1|EA|91480|KRW|91480|20131015|1300|
C|005186|2013|50000335410001|001|4300000608|00200|UGBC0835|20|EA|4940|KRW|98800|20131015|1300|
C|005186|2013|50000335410002|001|4300000608|00240|UDDC0136|10|EA|13545|KRW|135450|20131015|1300|
C|005186|2013|50000335410003|001|4300000611|00010|UDDC0138|5|EA|27720|KRW|138600|20131015|1300|
C|005186|2013|50000335410004|001|4300000634|00010|UEBC0919|20|EA|18010|KRW|360200|20131015|1300|
C|005186|2013|50000335410005|001|4300000634|00020|UEBC0217|2|EA|358680|KRW|717360|20131015|1300|
C|005186|2013|50000335410006|001|4300000634|00030|UEBC0213|1|EA|585522|KRW|585522|20131015|1300|
C|005186|2013|50000335410007|001|4300000634|00040|UDAC0059|4|EA|1480|KRW|5920|20131015|1300|
C|005186|2013|50000335410008|001|4300000634|00050|UDAC0067|4|EA|17300|KRW|69200|20131015|1300|
C|005186|2013|50000335410009|001|4300000634|00060|UEBC0819|16|EA|9810|KRW|156960|20131015|1300|
C|005186|2013|50000335410010|001|4300000634|00070|UABC0023|3|EA|17850|KRW|53550|20131015|1300|
C|005186|2013|50000335410011|001|4300000634|00080|UDEC0015|1|EA|35910|KRW|35910|20131015|1300|
C|005186|2013|50000335410012|001|4300000634|00090|UDDC0346|2|EA|48430|KRW|96860|20131015|1300|
C|005186|2013|50000335410013|001|4300000634|00100|UJAC0075|2|EA|39900|KRW|79800|20131015|1300|
C|005186|2013|50000335410014|001|4300000634|00110|UEBC0943|2|EA|174310|KRW|348620|20131015|1300|
C|005186|2013|50000335420001|001|4300000480|00150|UGAC0101|1|EA|123170|KRW|123170|20131015|1300|
C|005186|2013|50000335420002|001|4300000518|00130|UHGC0255|6|EA|131600|KRW|789600|20131015|1300|
C|005186|2013|50000335430001|001|4300000578|00010|UCAC0072|1|EA|269480|KRW|269480|20131015|1300|
C|005186|2013|50000335440001|001|4300000541|00040|UGCC0036|3|EA|65520|KRW|196560|20131015|1300|
