C|005186|2014|50000793870001|001|4300001419|00140|CMF0005|2|EA|20700|KRW|41400|20140615|1300|
C|005186|2014|50000793870002|001|4300001421|00130|CMF0005|10|EA|20700|KRW|207000|20140615|1300|
C|005186|2014|50000793870003|001|4300001422|00100|CMF0005|3|EA|20700|KRW|62100|20140615|1300|
C|005186|2014|50000793870004|001|4300001426|00070|CMF0005|1|EA|20700|KRW|20700|20140615|1300|
C|005186|2014|50000793870005|001|4300001427|00070|CMF0005|2|EA|20700|KRW|41400|20140615|1300|
C|005186|2014|50000793870006|001|4300001430|00160|CMF0005|4|EA|20700|KRW|82800|20140615|1300|
C|005186|2014|50000793880001|001|4300001422|00110|CMF0006|1|EA|11970|KRW|11970|20140615|1300|
C|005186|2014|50000793890001|001|4300001283|00010|CMD0011|3|EA|24150|KRW|72450|20140615|1300|
C|005186|2014|50000793890002|001|4300001284|00010|CMD0016|1|EA|30450|KRW|30450|20140615|1300|
C|005186|2014|50000794000001|001|4300001456|00010|CMD0012|5|EA|29400|KRW|147000|20140615|1300|
C|005186|2014|50000794010001|001|4300001484|00080|CMF0005|1|EA|20700|KRW|20700|20140615|1300|
C|005186|2014|50000794010002|001|4300001485|00060|CMF0005|3|EA|20700|KRW|62100|20140615|1300|
C|005186|2014|50000794010003|001|4300001486|00070|CMF0005|2|EA|20700|KRW|41400|20140615|1300|
C|005186|2014|50000794010004|001|4300001490|00150|CMF0005|5|EA|20700|KRW|103500|20140615|1300|
C|005186|2014|50000794020001|001|4300001486|00080|CMD0012|1|EA|29400|KRW|29400|20140615|1300|
C|005186|2014|50000794030001|001|4300001486|00090|CMD0016|2|EA|30450|KRW|60900|20140615|1300|
C|005186|2014|50000794030002|001|4300001487|00040|CMD0016|1|EA|30450|KRW|30450|20140615|1300|
C|005186|2014|50000794030003|001|4300001488|00010|CMD0016|3|EA|30450|KRW|91350|20140615|1300|
C|005186|2014|50000794030004|001|4300001490|00110|CMD0016|1|EA|30450|KRW|30450|20140615|1300|
C|005186|2014|50000794040001|001|4300001490|00100|CMD0011|17|EA|24150|KRW|410550|20140615|1300|
