C|005186|2015|50001364090001|001|4300002343|00090|CMD0011|5|EA|24150|KRW|120750|20150312|1300|
C|005186|2015|50001364090002|001|4300002345|00110|CMD0011|15|EA|24150|KRW|362250|20150312|1300|
C|005186|2015|50001364090003|001|4300002345|00120|CMD0016|6|EA|30450|KRW|182700|20150312|1300|
C|005186|2015|50001364090004|001|4300002347|00060|CMD0016|15|EA|30450|KRW|456750|20150312|1300|
C|005186|2015|50001364090005|001|4300002348|00060|CMD0011|8|EA|24150|KRW|193200|20150312|1300|
C|005186|2015|50001364090006|001|4300002348|00070|CMD0012|7|EA|29400|KRW|205800|20150312|1300|
C|005186|2015|50001364090007|001|4300002348|00080|CMD0016|1|EA|30450|KRW|30450|20150312|1300|
C|005186|2015|50001364090008|001|4300002349|00070|CMD0016|8|EA|30450|KRW|243600|20150312|1300|
C|005186|2015|50001364100001|001|4300002343|00120|CMG0001|50|EA|1840|KRW|92000|20150312|1300|
C|005186|2015|50001364100002|001|4300002350|00010|CMA0001|80|EA|240|KRW|19200|20150312|1300|
C|005186|2015|50001364100003|001|4300002350|00020|CMA0007|60|EA|270|KRW|16200|20150312|1300|
C|005186|2015|50001364100004|001|4300002350|00030|CMB0001|40|EA|655|KRW|26200|20150312|1300|
C|005186|2015|50001364100005|001|4300002350|00040|CMA0008|10|EA|690|KRW|6900|20150312|1300|
C|005186|2015|50001364110001|001|4300002342|00140|CMF0005|1|EA|20700|KRW|20700|20150312|1300|
C|005186|2015|50001364110002|001|4300002343|00110|CMF0005|10|EA|20700|KRW|207000|20150312|1300|
C|005186|2015|50001364110003|001|4300002344|00090|CMF0005|6|EA|20700|KRW|124200|20150312|1300|
C|005186|2015|50001364110004|001|4300002345|00210|CMF0005|2|EA|20700|KRW|41400|20150312|1300|
C|005186|2015|50001364110005|001|4300002346|00060|CMF0005|2|EA|20700|KRW|41400|20150312|1300|
C|005186|2015|50001364110006|001|4300002347|00100|CMF0005|6|EA|20700|KRW|124200|20150312|1300|
C|005186|2015|50001364110007|001|4300002348|00130|CMF0005|4|EA|20700|KRW|82800|20150312|1300|
C|005186|2015|50001364110008|001|4300002349|00100|CMF0005|2|EA|20700|KRW|41400|20150312|1300|
C|005186|2015|50001364110009|001|4300002351|00150|CMF0005|8|EA|20700|KRW|165600|20150312|1300|
