C|005186|2018|50004394680001|001|4300011113|00070|KE030208|1|EA|57230|KRW|57230|20180831|1300|
C|005186|2018|50004394680002|001|4300011113|00100|KE050801|20|EA|1900|KRW|38000|20180831|1300|
C|005186|2018|50004394680003|001|4300011113|00130|KE110200|10|EA|65100|KRW|651000|20180831|1300|
C|005186|2018|50004394680004|001|4300011121|00010|UHDC0091|5|EA|55790|KRW|278950|20180831|1300|
C|005186|2018|50004394680005|001|4300011121|00020|UHDC0092|10|EA|62100|KRW|621000|20180831|1300|
C|005186|2018|50004394680006|001|4300011123|00010|UHGC0134|2|EA|756000|KRW|1512000|20180831|1300|
C|005186|2018|50004394680007|001|4300011145|00010|KE050801|10|EA|1900|KRW|19000|20180831|1300|
C|005186|2018|50004394690001|001|4300011104|00080|UCKC0037|100|EA|1405000|KRW|1405000|20180831|1300|
C|005186|2018|50004394690002|001|4300011180|00010|UHTC0211|1|EA|522900|KRW|522900|20180831|1300|
C|005186|2018|50004394690003|001|4300011180|00030|UHHC0030|1|EA|115500|KRW|115500|20180831|1300|
C|005186|2018|50004394690004|001|4300011180|00040|UHGC0206|2|EA|206500|KRW|413000|20180831|1300|
C|005186|2018|50004394690005|001|4300011180|00050|UHDC0074|40|EA|136500|KRW|546000|20180831|1300|
C|005186|2018|50004394690006|001|4300011181|00020|UHEC0033|10|EA|510000|KRW|1020000|20180831|1300|
C|005186|2018|50004394690007|001|4300011182|00010|UHGC0107|1|EA|342100|KRW|342100|20180831|1300|
C|005186|2018|50004394690008|001|4300011182|00020|UGCC0232|2|EA|300300|KRW|600600|20180831|1300|
C|005186|2018|50004394690009|001|4300011182|00030|UHHC0094|1|EA|479850|KRW|479850|20180831|1300|
C|005186|2018|50004394690010|001|4300011190|00010|UBBC0006|2|EA|103370|KRW|206740|20180831|1300|
C|005186|2018|50004394800001|001|4300011190|00020|UCAC0013|40|EA|8568|KRW|342720|20180831|1300|
C|005186|2018|50004394810001|001|4300011106|00010|UCIC0061|1|EA|337890|KRW|337890|20180831|1300|
C|005186|2018|50004394810002|001|4300011107|00010|UDAC0310|20|EA|20600|KRW|41200|20180831|1300|
C|005186|2018|50004394810003|001|4300011107|00020|UDAC0315|10|EA|27400|KRW|54800|20180831|1300|
C|005186|2018|50004394810004|001|4300011136|00010|UGBC1246|1|EA|1821100|KRW|1821100|20180831|1300|
C|005186|2018|50004394810005|001|4300011137|00020|UGBC1268|1|EA|1050000|KRW|1050000|20180831|1300|
C|005186|2018|50004394810006|001|4300011137|00030|UGBC0191|5|EA|139000|KRW|695000|20180831|1300|
C|005186|2018|50004394810007|001|4300011138|00010|UGBC0505|2|EA|210000|KRW|420000|20180831|1300|
C|005186|2018|50004394810008|001|4300011138|00020|UGBC0394|2|EA|493500|KRW|987000|20180831|1300|
C|005186|2018|50004394810009|001|4300011160|00050|UGBC0127|20|EA|10100|KRW|20200|20180831|1300|
C|005186|2018|50004394810010|001|4300011160|00060|UGBC1026|20|EA|1310|KRW|26200|20180831|1300|
C|005186|2018|50004394810011|001|4300011160|00070|UGBC0532|20|EA|39900|KRW|79800|20180831|1300|
C|005186|2018|50004394810012|001|4300011160|00080|UGBC0029|10|EA|16900|KRW|16900|20180831|1300|
C|005186|2018|50004394810013|001|4300011184|00010|KE190003|10|EA|29300|KRW|293000|20180831|1300|
C|005186|2018|50004394810014|001|4300011184|00020|KE030205|5|EA|31290|KRW|156450|20180831|1300|
C|005186|2018|50004394810015|001|4300011212|00020|UCKC0035|15|EA|222600|KRW|667800|20180831|1300|
C|005186|2018|50004394810016|001|4300011215|00030|UALC0075|3000|EA|45000|KRW|135000|20180831|1300|
C|005186|2018|50004394810017|001|4300011215|00050|UALC0038|9|EA|248850|KRW|746550|20180831|1300|
C|005186|2018|50004394820001|001|4300010766|00020|UHTC0815|1|EA|36000|KRW|36000|20180831|1300|
C|005186|2018|50004394820002|001|4300011204|00010|UHTC0151|26|EA|36750|KRW|955500|20180831|1300|
C|005186|2018|50004394820003|001|4300011204|00040|UHFC0101|20|EA|135000|KRW|270000|20180831|1300|
C|005186|2018|50004394820004|001|4300011204|00050|UHFC0100|10|EA|135000|KRW|135000|20180831|1300|
C|005186|2018|50004394820005|001|4300011204|00060|UHFC0205|10|EA|95500|KRW|95500|20180831|1300|
C|005186|2018|50004394820006|001|4300011205|00010|UHGC0270|5|EA|35790|KRW|178950|20180831|1300|
C|005186|2018|50004394820007|001|4300011205|00020|UHGC0295|5|EA|180200|KRW|180200|20180831|1300|
C|005186|2018|50004394820008|001|4300011205|00030|UHEC0013|2|EA|201600|KRW|201600|20180831|1300|
C|005186|2018|50004394820009|001|4300011205|00040|UHHC0014|1|EA|878960|KRW|878960|20180831|1300|
C|005186|2018|50004394820010|001|4300011205|00050|UHNC0105|1|EA|484000|KRW|484000|20180831|1300|
C|005186|2018|50004394820011|001|4300011206|00010|UHHC0071|1|EA|573300|KRW|573300|20180831|1300|
C|005186|2018|50004394820012|001|4300011206|00020|UHNC0007|1|EA|346500|KRW|346500|20180831|1300|
C|005186|2018|50004394820013|001|4300011206|00030|UHNC0007|1|EA|346500|KRW|346500|20180831|1300|
C|005186|2018|50004394820014|001|4300011206|00040|UHGC0238|5|EA|144750|KRW|144750|20180831|1300|
C|005186|2018|50004394820015|001|4300011206|00050|UHGC0337|2|EA|233000|KRW|466000|20180831|1300|
C|005186|2018|50004394820016|001|4300011207|00010|UEAC0184|5|EA|1897400|KRW|1897400|20180831|1300|
C|005186|2018|50004394820017|001|4300011208|00010|UHGC0336|2|EA|347000|KRW|694000|20180831|1300|
C|005186|2018|50004394820018|001|4300011208|00020|UHDC0245|5|EA|312500|KRW|312500|20180831|1300|
C|005186|2018|50004394830001|001|4300011209|00030|UGAC0056|3|EA|139760|KRW|419280|20180831|1300|
C|005186|2018|50004394830002|001|4300011209|00050|UGCC0653|2|EA|36610|KRW|73220|20180831|1300|
C|005186|2018|50004394830003|001|4300011209|00060|UCKC0025|10|EA|78500|KRW|157000|20180831|1300|
C|005186|2018|50004394830004|001|4300011210|00030|UGCC0613|10|EA|9450|KRW|94500|20180831|1300|
C|005186|2018|50004394830005|001|4300011210|00040|UAAC0015|10|EA|43950|KRW|87900|20180831|1300|
C|005186|2018|50004394830006|001|4300011212|00010|UGAC0054|1|EA|392700|KRW|392700|20180831|1300|
C|005186|2018|50004394830007|001|4300011215|00010|UBBC0006|2|EA|103370|KRW|206740|20180831|1300|
C|005186|2018|50004394830008|001|4300011215|00020|UKEC0089|24|EA|1220|KRW|29280|20180831|1300|
C|005186|2018|50004394830009|001|4300011215|00090|UAIC0013|2|EA|45680|KRW|91360|20180831|1300|
C|005186|2018|50004394830010|001|4300011216|00050|UGCC0613|10|EA|9450|KRW|94500|20180831|1300|
C|005186|2018|50004394830011|001|4300011217|00010|UDBC0008|100|EA|871500|KRW|871500|20180831|1300|
C|005186|2018|50004394830012|001|4300011217|00020|UAGC0193|50|EA|162750|KRW|162750|20180831|1300|
C|005186|2018|50004394830013|001|4300011217|00030|UALC0098|5|EA|38160|KRW|190800|20180831|1300|
C|005186|2018|50004394830014|001|4300011217|00040|UALC0025|5|EA|132500|KRW|132500|20180831|1300|
C|005186|2018|50004394830015|001|4300011217|00050|UALC0088|5|EA|190800|KRW|190800|20180831|1300|
C|005186|2018|50004394840001|001|4300011024|00040|UKBC0007|5|EA|87700|KRW|87700|20180831|1300|
C|005186|2018|50004394840002|001|4300011024|00050|UALC0032|12|EA|5900|KRW|35400|20180831|1300|
C|005186|2018|50004394850001|001|4300010050|00070|UJCC0060|300|EA|59000|KRW|177000|20180831|1300|
C|005186|2018|50004394850002|001|4300010050|00080|UJBC0004|20|EA|86740|KRW|86740|20180831|1300|
C|005186|2018|50004394850003|001|4300010053|00010|UJAC0081|4|EA|48140|KRW|96280|20180831|1300|
C|005186|2018|50004394850004|001|4300010053|00020|UJAC0082|4|EA|50820|KRW|101640|20180831|1300|
C|005186|2018|50004394850005|001|4300011204|00030|UCIC0037|1|EA|144380|KRW|144380|20180831|1300|
C|005186|2018|50004394860001|001|4300011209|00040|UGCC0894|400|EA|300000|KRW|1200000|20180831|1300|
C|005186|2018|50004394860002|001|4300011210|00010|UEBC1085|10|EA|185000|KRW|370000|20180831|1300|
C|005186|2018|50004394860003|001|4300011211|00010|UDAC0012|400|EA|300000|KRW|1200000|20180831|1300|
C|005186|2018|50004394860004|001|4300011215|00040|UFFC0013|10|EA|30450|KRW|304500|20180831|1300|
C|005186|2018|50004394860005|001|4300011215|00060|UEBC0662|3|EA|99320|KRW|297960|20180831|1300|
C|005186|2018|50004394860006|001|4300011215|00070|UEBC0789|20|EA|49000|KRW|49000|20180831|1300|
C|005186|2018|50004394860007|001|4300011216|00020|UEBC0871|10|EA|18375|KRW|183750|20180831|1300|
C|005186|2018|50004394860008|001|4300011216|00030|UEBC0870|10|EA|16800|KRW|168000|20180831|1300|
C|005186|2018|50004394860009|001|4300011216|00040|UFAC0002|5|EA|18900|KRW|94500|20180831|1300|
C|005186|2018|50004394860010|001|4300011218|00010|UDBC0020|500|EA|10000|KRW|50000|20180831|1300|
C|005186|2018|50004394860011|001|4300011218|00020|UEBC0626|10|EA|21300|KRW|213000|20180831|1300|
C|005186|2018|50004394860012|001|4300011218|00030|UEBC1477|10|EA|35800|KRW|358000|20180831|1300|
C|005186|2018|50004394860013|001|4300011218|00040|UEBC0170|1|EA|705600|KRW|705600|20180831|1300|
