C|005186|2014|50000768160001|001|4300001290|00220|UIDC0112|1|EA|21210|KRW|21210|20140530|1300|
C|005186|2014|50000768170001|001|4300001276|00050|UAEC0357|200|EA|5790|KRW|1158000|20140530|1300|
C|005186|2014|50000768170002|001|4300001434|00010|UZZC0131|15|EA|17900|KRW|268500|20140530|1300|
C|005186|2014|50000768170003|001|4300001434|00050|UALC0084|50|EA|4200|KRW|210000|20140530|1300|
C|005186|2014|50000768170004|001|4300001434|00080|UFGC0035|3|EA|11077|KRW|33231|20140530|1300|
C|005186|2014|50000768180001|001|4300001439|00070|UGCC0573|5|EA|78500|KRW|392500|20140530|1300|
C|005186|2014|50000768180002|001|4300001451|00010|UAAC0015|5|EA|8790|KRW|43950|20140530|1300|
C|005186|2014|50000768180003|001|4300001451|00020|UGCC0606|7|EA|5250|KRW|36750|20140530|1300|
C|005186|2014|50000768180004|001|4300001454|00010|UCAC0038|20|EA|11130|KRW|222600|20140530|1300|
C|005186|2014|50000768180005|001|4300001454|00020|UCAC0030|10|EA|11150|KRW|111500|20140530|1300|
C|005186|2014|50000768180006|001|4300001454|00030|UCAC0031|10|EA|11150|KRW|111500|20140530|1300|
C|005186|2014|50000768180007|001|4300001454|00040|UCAC0032|10|EA|11150|KRW|111500|20140530|1300|
C|005186|2014|50000768180008|001|4300001454|00050|UCAC0033|10|EA|11150|KRW|111500|20140530|1300|
C|005186|2014|50000768180009|001|4300001454|00060|UCAC0034|10|EA|11150|KRW|111500|20140530|1300|
C|005186|2014|50000768180010|001|4300001461|00510|UIEC0079|1|EA|57300|KRW|57300|20140530|1300|
C|005186|2014|50000768190001|001|4300001451|00220|UEBC0241|10|EA|4410|KRW|44100|20140530|1300|
C|005186|2014|50000768190002|001|4300001451|00230|UEBC0258|10|EA|6330|KRW|63300|20140530|1300|
C|005186|2014|50000768190003|001|4300001451|00240|UEBC0260|10|EA|11210|KRW|112100|20140530|1300|
C|005186|2014|50000768190004|001|4300001451|00250|UEBC0124|10|EA|5800|KRW|58000|20140530|1300|
C|005186|2014|50000768190005|001|4300001451|00260|UEBC0820|10|EA|9810|KRW|98100|20140530|1300|
C|005186|2014|50000768190006|001|4300001451|00270|UEBC0361|4|EA|5020|KRW|20080|20140530|1300|
C|005186|2014|50000768190007|001|4300001451|00280|UCKC0094|1|EA|153700|KRW|153700|20140530|1300|
C|005186|2014|50000768190008|001|4300001451|00290|UEBC1019|10|EA|93700|KRW|937000|20140530|1300|
