C|005186|2013|50000197070001|001|4300000384|00090|CMD0012|1|EA|29400|KRW|29400|20130726|1300|
C|005186|2013|50000197070002|001|4300000386|00010|CMA0001|20|EA|240|KRW|4800|20130726|1300|
C|005186|2013|50000197070003|001|4300000386|00020|CMA0007|20|EA|270|KRW|5400|20130726|1300|
C|005186|2013|50000197070004|001|4300000386|00030|CMB0010|20|EA|1100|KRW|22000|20130726|1300|
C|005186|2013|50000197070005|001|4300000386|00040|CMZ0014|1|EA|23300|KRW|23300|20130726|1300|
D|005186|2013|50000197720001|001|4300000384|00090|CMD0012|1|EA|29400|KRW|29400|20130726|1300|50000196520007
D|005186|2013|50000197720002|001|4300000386|00010|CMA0001|20|EA|240|KRW|4800|20130726|1300|50000196520008
D|005186|2013|50000197720003|001|4300000386|00020|CMA0007|20|EA|270|KRW|5400|20130726|1300|50000196520009
D|005186|2013|50000197720004|001|4300000386|00030|CMB0010|20|EA|1100|KRW|22000|20130726|1300|50000196520010
D|005186|2013|50000197720005|001|4300000386|00040|CMZ0014|1|EA|23300|KRW|23300|20130726|1300|50000196520011
