C|005186|2017|50003924600001|001|4300009293|00110|UIEC0035|10|EA|37800|KRW|378000|20171228|1300|
C|005186|2017|50003924600002|001|4300009322|00030|UCKC0130|4|EA|61000|KRW|244000|20171228|1300|
C|005186|2017|50003924610001|001|4300009290|00090|UDAC0381|200|EA|158|KRW|31600|20171228|1300|
C|005186|2017|50003924610002|001|4300009290|00100|UDBC1043|200|EA|635|KRW|127000|20171228|1300|
C|005186|2017|50003924610003|001|4300009290|00110|UEBC1437|8|EA|8100|KRW|64800|20171228|1300|
C|005186|2017|50003924610004|001|4300009290|00140|UDBC1044|10|EA|19020|KRW|190200|20171228|1300|
C|005186|2017|50003924610005|001|4300009291|00010|UGCC0894|400|EA|3000|KRW|1200000|20171228|1300|
C|005186|2017|50003924610006|001|4300009292|00060|UEBC1452|10|EA|3030|KRW|30300|20171228|1300|
C|005186|2017|50003924610007|001|4300009293|00020|UEBC0522|8|EA|13430|KRW|107440|20171228|1300|
C|005186|2017|50003924610008|001|4300009294|00080|UEBC1039|3|EA|16840|KRW|50520|20171228|1300|
C|005186|2017|50003924610009|001|4300009295|00020|UDAC0012|200|EA|3000|KRW|600000|20171228|1300|
C|005186|2017|50003924610010|001|4300009295|00050|UDBC1032|50|EA|105|KRW|5250|20171228|1300|
C|005186|2017|50003924610011|001|4300009296|00010|UEBC1417|20|EA|5190|KRW|103800|20171228|1300|
C|005186|2017|50003924610012|001|4300009296|00020|UEBC1418|10|EA|7410|KRW|74100|20171228|1300|
C|005186|2017|50003924610013|001|4300009296|00030|UEBC1419|20|EA|6350|KRW|127000|20171228|1300|
C|005186|2017|50003924610014|001|4300009296|00040|UEBC1420|10|EA|14800|KRW|148000|20171228|1300|
C|005186|2017|50003924610015|001|4300009296|00050|UEBC1421|7|EA|169000|KRW|1183000|20171228|1300|
C|005186|2017|50003924610016|001|4300009296|00100|UEBC1423|10|EA|6570|KRW|65700|20171228|1300|
C|005186|2017|50003924610017|001|4300009296|00110|UDBC1039|30|EA|1900|KRW|57000|20171228|1300|
C|005186|2017|50003924610018|001|4300009298|00010|UEBC1422|6|EA|286000|KRW|1716000|20171228|1300|
C|005186|2017|50003924610019|001|4300009299|00130|UEBC1193|20|EA|1650|KRW|33000|20171228|1300|
C|005186|2017|50003924610020|001|4300009303|00010|UEBC1422|1|EA|286000|KRW|286000|20171228|1300|
C|005186|2017|50003924610021|001|4300009303|00020|UEBC1425|4|EA|400000|KRW|1600000|20171228|1300|
C|005186|2017|50003924610022|001|4300009304|00010|UEBC1424|2|EA|483000|KRW|966000|20171228|1300|
C|005186|2017|50003924610023|001|4300009304|00060|UEBC1024|4|EA|8450|KRW|33800|20171228|1300|
C|005186|2017|50003924610024|001|4300009304|00090|UDFC0013|1|EA|101000|KRW|101000|20171228|1300|
C|005186|2017|50003924610025|001|4300009307|00010|UEBC1193|60|EA|1650|KRW|99000|20171228|1300|
C|005186|2017|50003924610026|001|4300009307|00020|UEBC1328|30|EA|2150|KRW|64500|20171228|1300|
C|005186|2017|50003924610027|001|4300009308|00020|UDAC0382|50|EA|1580|KRW|79000|20171228|1300|
C|005186|2017|50003924610028|001|4300009308|00030|UDAC0383|50|EA|2110|KRW|105500|20171228|1300|
C|005186|2017|50003924610029|001|4300009308|00040|UDAC0384|50|EA|3170|KRW|158500|20171228|1300|
C|005186|2017|50003924610030|001|4300009308|00090|UEBC1438|2|EA|90000|KRW|180000|20171228|1300|
C|005186|2017|50003924610031|001|4300009308|00100|UEBC1439|2|EA|101700|KRW|203400|20171228|1300|
C|005186|2017|50003924620001|001|4300009309|00010|UEBC0170|2|EA|705600|KRW|1411200|20171228|1300|
C|005186|2017|50003924620002|001|4300009310|00010|UEBC0175|2|EA|129940|KRW|259880|20171228|1300|
C|005186|2017|50003924620003|001|4300009310|00070|UEBC1428|10|EA|7940|KRW|79400|20171228|1300|
C|005186|2017|50003924620004|001|4300009310|00080|UDAC0380|20|EA|32|KRW|640|20171228|1300|
C|005186|2017|50003924620005|001|4300009310|00110|UEBC1429|2|EA|8750|KRW|17500|20171228|1300|
C|005186|2017|50003924620006|001|4300009311|00010|UEBC1121|30|EA|1840|KRW|55200|20171228|1300|
C|005186|2017|50003924620007|001|4300009311|00020|UEBC1430|2|EA|22200|KRW|44400|20171228|1300|
C|005186|2017|50003924620008|001|4300009311|00030|UEBC1431|2|EA|14470|KRW|28940|20171228|1300|
C|005186|2017|50003924620009|001|4300009311|00040|UEBC1432|50|EA|6180|KRW|309000|20171228|1300|
C|005186|2017|50003924620010|001|4300009313|00020|UEAC0109|4|EA|143330|KRW|573320|20171228|1300|
C|005186|2017|50003924620011|001|4300009316|00010|UEBC0665|8|EA|165850|KRW|1326800|20171228|1300|
C|005186|2017|50003924620012|001|4300009317|00010|UAIC0049|3|EA|46590|KRW|139770|20171228|1300|
C|005186|2017|50003924620013|001|4300009317|00020|UAIC0050|3|EA|29620|KRW|88860|20171228|1300|
C|005186|2017|50003924620014|001|4300009317|00030|UZZC0170|2|EA|73800|KRW|147600|20171228|1300|
C|005186|2017|50003924620015|001|4300009317|00040|UZZC0171|2|EA|52800|KRW|105600|20171228|1300|
C|005186|2017|50003924620016|001|4300009317|00050|UHTC0837|4|EA|320000|KRW|1280000|20171228|1300|
C|005186|2017|50003924620017|001|4300009318|00010|UHTC0836|12|EA|24000|KRW|288000|20171228|1300|
C|005186|2017|50003924620018|001|4300009318|00020|UHTC0838|4|EA|320000|KRW|1280000|20171228|1300|
C|005186|2017|50003924620019|001|4300009318|00030|UAEC0292|2|EA|9700|KRW|19400|20171228|1300|
C|005186|2017|50003924620020|001|4300009320|00070|UEBC0995|1|EA|67110|KRW|67110|20171228|1300|
C|005186|2017|50003924620021|001|4300009320|00080|UDBC0361|40|EA|220|KRW|8800|20171228|1300|
C|005186|2017|50003924620022|001|4300009325|00010|UEAC0167|1|EA|1038000|KRW|1038000|20171228|1300|
C|005186|2017|50003924620023|001|4300009360|00010|UGCC1291|2|EA|417300|KRW|834600|20171228|1300|
C|005186|2017|50003924620024|001|4300009361|00010|UGBC1551|2|EA|505300|KRW|1010600|20171228|1300|
C|005186|2017|50003924620025|001|4300009361|00020|UGBC1522|2|EA|74800|KRW|149600|20171228|1300|
C|005186|2017|50003924620026|001|4300009361|00030|UDBC0054|50|EA|1280|KRW|64000|20171228|1300|
C|005186|2017|50003924620027|001|4300009361|00040|UDBC0569|50|EA|1350|KRW|67500|20171228|1300|
C|005186|2017|50003924620028|001|4300009361|00050|UDBC0055|50|EA|1420|KRW|71000|20171228|1300|
C|005186|2017|50003924620029|001|4300009361|00060|UDBC0891|50|EA|1330|KRW|66500|20171228|1300|
C|005186|2017|50003924620030|001|4300009361|00070|UDBC0354|200|EA|350|KRW|70000|20171228|1300|
C|005186|2017|50003924620031|001|4300009361|00080|UDBC0726|400|EA|140|KRW|56000|20171228|1300|
C|005186|2017|50003924620032|001|4300009363|00010|UCAC0021|1|EA|702000|KRW|702000|20171228|1300|
C|005186|2017|50003924620033|001|4300009363|00020|UHNC0136|1|EA|947380|KRW|947380|20171228|1300|
C|005186|2017|50003924620034|001|4300009364|00010|UGCC0397|4|EA|58950|KRW|235800|20171228|1300|
C|005186|2017|50003924620035|001|4300009364|00020|UGCC1191|100|EA|850|KRW|85000|20171228|1300|
C|005186|2017|50003924630001|001|4300009365|00010|UEAC1116|2|EA|254400|KRW|508800|20171228|1300|
C|005186|2017|50003924630002|001|4300009365|00020|UAAC0003|2|EA|24150|KRW|48300|20171228|1300|
C|005186|2017|50003924630003|001|4300009365|00030|UGBC0272|1|EA|863000|KRW|863000|20171228|1300|
C|005186|2017|50003924630004|001|4300009365|00040|UABC0016|30|EA|15120|KRW|453600|20171228|1300|
C|005186|2017|50003924630005|001|4300009365|00050|UDBC0446|100|EA|108|KRW|10800|20171228|1300|
C|005186|2017|50003924630006|001|4300009365|00060|UDBC0185|200|EA|95|KRW|19000|20171228|1300|
C|005186|2017|50003924630007|001|4300009367|00010|UGCC0582|20|EA|31050|KRW|621000|20171228|1300|
C|005186|2017|50003924630008|001|4300009367|00020|UGBC1455|2|EA|286200|KRW|572400|20171228|1300|
C|005186|2017|50003924630009|001|4300009367|00030|UZZC0168|40|EA|11340|KRW|453600|20171228|1300|
C|005186|2017|50003924630010|001|4300009367|00040|UCAC0010|3|EA|19690|KRW|59070|20171228|1300|
C|005186|2017|50003924630011|001|4300009367|00050|UABC0039|20|EA|1950|KRW|39000|20171228|1300|
C|005186|2017|50003924630012|001|4300009367|00060|UGBC0886|5|EA|25830|KRW|129150|20171228|1300|
C|005186|2017|50003924630013|001|4300009368|00010|UGBC0272|2|EA|863000|KRW|1726000|20171228|1300|
C|005186|2017|50003924630014|001|4300009369|00010|UAHC0025|100|EA|7660|KRW|766000|20171228|1300|
C|005186|2017|50003924630015|001|4300009369|00020|UZZC0020|100|EA|670|KRW|67000|20171228|1300|
C|005186|2017|50003924630016|001|4300009370|00010|UHTC0709|10|EA|43100|KRW|431000|20171228|1300|
C|005186|2017|50003924630017|001|4300009370|00020|UDBC0593|2000|EA|70|KRW|140000|20171228|1300|
C|005186|2017|50003924630018|001|4300009370|00030|UHTC0080|3|EA|182950|KRW|548850|20171228|1300|
C|005186|2017|50003924630019|001|4300009370|00040|UAEC0009|5|EA|6050|KRW|30250|20171228|1300|
C|005186|2017|50003924630020|001|4300009370|00050|UKEC0091|20|EA|1270|KRW|25400|20171228|1300|
C|005186|2017|50003924630021|001|4300009370|00060|UAEC0246|2|EA|2920|KRW|5840|20171228|1300|
C|005186|2017|50003924630022|001|4300009370|00070|UAEC0095|1|EA|22630|KRW|22630|20171228|1300|
C|005186|2017|50003924630023|001|4300009370|00080|UCAC0297|3|EA|21060|KRW|63180|20171228|1300|
C|005186|2017|50003924630024|001|4300009370|00090|UEBC0462|6|EA|4240|KRW|25440|20171228|1300|
C|005186|2017|50003924630025|001|4300009370|00100|UEBC0410|5|EA|33600|KRW|168000|20171228|1300|
C|005186|2017|50003924630026|001|4300009370|00110|UHFC0145|3|EA|10080|KRW|30240|20171228|1300|
C|005186|2017|50003924630027|001|4300009371|00010|UJBC0055|2|EA|8840|KRW|17680|20171228|1300|
C|005186|2017|50003924630028|001|4300009372|00010|UHFC0109|20|EA|1300|KRW|26000|20171228|1300|
C|005186|2017|50003924630029|001|4300009372|00020|UHDC0059|10|EA|55650|KRW|556500|20171228|1300|
C|005186|2017|50003924630030|001|4300009372|00030|UHTC0830|20|EA|68500|KRW|1370000|20171228|1300|
C|005186|2017|50003924630031|001|4300009373|00010|UHTC0830|16|EA|68500|KRW|1096000|20171228|1300|
C|005186|2017|50003924630032|001|4300009373|00020|UHGC0340|10|EA|22000|KRW|220000|20171228|1300|
C|005186|2017|50003924630033|001|4300009373|00030|UFJC0030|4|EA|120000|KRW|480000|20171228|1300|
C|005186|2017|50003924630034|001|4300009374|00010|UHGC0339|6|EA|315000|KRW|1890000|20171228|1300|
