C|005186|2018|50004314550001|001|4300010467|00020|UAGC0025|2|EA|6060|KRW|12120|20180716|1300|
C|005186|2018|50004314550002|001|4300010467|00030|UAGC0091|1|EA|8890|KRW|8890|20180716|1300|
C|005186|2018|50004314550003|001|4300010487|00020|UAEC0494|1|EA|211860|KRW|211860|20180716|1300|
C|005186|2018|50004314550004|001|4300010487|00030|UAEC0495|1|EA|459550|KRW|459550|20180716|1300|
C|005186|2018|50004314570001|001|4300010467|00020|UAGC0025|2|EA|6060|KRW|12120|20180715|1300|
C|005186|2018|50004314570002|001|4300010467|00030|UAGC0091|1|EA|8890|KRW|8890|20180715|1300|
C|005186|2018|50004314570003|001|4300010487|00020|UAEC0494|1|EA|211860|KRW|211860|20180715|1300|
C|005186|2018|50004314570004|001|4300010487|00030|UAEC0495|1|EA|459550|KRW|459550|20180715|1300|
C|005186|2018|50004314580001|001|4300010786|00010|UDBC0868|100|EA|20500|KRW|41000|20180715|1300|
C|005186|2018|50004314580002|001|4300010787|00010|UZZC0159|10|EA|73500|KRW|147000|20180715|1300|
C|005186|2018|50004314580003|001|4300010789|00010|UGCC0014|3|EA|129000|KRW|387000|20180715|1300|
C|005186|2018|50004314580004|001|4300010789|00020|UGCC0011|3|EA|240000|KRW|720000|20180715|1300|
C|005186|2018|50004314580005|001|4300010789|00030|UGBC1423|3|EA|233000|KRW|699000|20180715|1300|
C|005186|2018|50004314590001|001|4300010708|00010|UGBC1246|1|EA|1821100|KRW|1821100|20180715|1300|
C|005186|2018|50004314590002|001|4300010709|00010|UGBC1268|1|EA|1050000|KRW|1050000|20180715|1300|
C|005186|2018|50004314590003|001|4300010793|00010|UEBC1498|1|EA|38400|KRW|38400|20180715|1300|
C|005186|2018|50004314590004|001|4300010793|00020|UEBC0108|2|EA|4820|KRW|9640|20180715|1300|
C|005186|2018|50004314590005|001|4300010793|00030|UDAC0335|10|EA|10600|KRW|10600|20180715|1300|
C|005186|2018|50004314590006|001|4300010794|00010|UAJC0052|100|EA|8100|KRW|81000|20180715|1300|
C|005186|2018|50004314590007|001|4300010795|00020|UEBC1166|5|EA|520000|KRW|520000|20180715|1300|
C|005186|2018|50004314590008|001|4300010795|00040|UEBC0139|10|EA|56050|KRW|112100|20180715|1300|
C|005186|2018|50004314590009|001|4300010795|00050|UEBC0368|5|EA|10250|KRW|10250|20180715|1300|
C|005186|2018|50004314590010|001|4300010795|00060|UEBC1159|5|EA|673000|KRW|673000|20180715|1300|
C|005186|2018|50004314590011|001|4300010807|00010|UEBC1265|6|EA|265000|KRW|1590000|20180715|1300|
C|005186|2018|50004314590012|001|4300010835|00030|UEBC1427|10|EA|168000|KRW|1680000|20180715|1300|
C|005186|2018|50004314590013|001|4300010851|00020|UEBC1030|8|EA|68100|KRW|544800|20180715|1300|
C|005186|2018|50004314590014|001|4300010852|00020|UEBC1318|50|EA|38585|KRW|385850|20180715|1300|
C|005186|2018|50004314600001|001|4300010800|00010|UAJC0065|200|EA|18000|KRW|36000|20180715|1300|
C|005186|2018|50004314600002|001|4300010800|00030|UGBC1455|1|EA|286200|KRW|286200|20180715|1300|
C|005186|2018|50004314600003|001|4300010800|00080|UICC0060|4|EA|11600|KRW|46400|20180715|1300|
C|005186|2018|50004314600004|001|4300010801|00030|UCHC0013|1|EA|21000|KRW|21000|20180715|1300|
C|005186|2018|50004314600005|001|4300010806|00040|UICC0051|4|EA|1050|KRW|4200|20180715|1300|
C|005186|2018|50004314600006|001|4300010806|00050|UICC0021|4|EA|2625|KRW|10500|20180715|1300|
C|005186|2018|50004314600007|001|4300010806|00060|UALC0008|120|EA|7875|KRW|189000|20180715|1300|
C|005186|2018|50004314600008|001|4300010806|00080|UICC0032|1|EA|10290|KRW|10290|20180715|1300|
C|005186|2018|50004314600009|001|4300010806|00090|UICC0060|3|EA|11600|KRW|34800|20180715|1300|
C|005186|2018|50004314600010|001|4300010806|00100|UICC0038|10|EA|4520|KRW|45200|20180715|1300|
C|005186|2018|50004314600011|001|4300010806|00170|UKEC0108|1|EA|137020|KRW|137020|20180715|1300|
C|005186|2018|50004314600012|001|4300010806|00180|UKEC0023|40|EA|1530|KRW|61200|20180715|1300|
C|005186|2018|50004314600013|001|4300010809|00020|UGCC0734|2|EA|24200|KRW|48400|20180715|1300|
C|005186|2018|50004314600014|001|4300010809|00030|UAJC0052|50|EA|8100|KRW|40500|20180715|1300|
C|005186|2018|50004314600015|001|4300010809|00040|UAJC0057|50|EA|5950|KRW|29750|20180715|1300|
C|005186|2018|50004314610001|001|4300010762|00020|UHHC0095|1|EA|397950|KRW|397950|20180715|1300|
C|005186|2018|50004314610002|001|4300010796|00010|UHHC0190|1|EA|221000|KRW|221000|20180715|1300|
C|005186|2018|50004314610003|001|4300010796|00020|UHGC0347|1|EA|861000|KRW|861000|20180715|1300|
C|005186|2018|50004314610004|001|4300010796|00030|UHHC0069|1|EA|412650|KRW|412650|20180715|1300|
C|005186|2018|50004314610005|001|4300010796|00040|UHEC0041|1|EA|270000|KRW|270000|20180715|1300|
C|005186|2018|50004314610006|001|4300010796|00050|UHDC0254|1|EA|114480|KRW|114480|20180715|1300|
C|005186|2018|50004314610007|001|4300010797|00010|UHHC0071|1|EA|573300|KRW|573300|20180715|1300|
C|005186|2018|50004314610008|001|4300010797|00020|UHTC0835|2|EA|440000|KRW|880000|20180715|1300|
C|005186|2018|50004314610009|001|4300010797|00030|UHFC0276|1|EA|452000|KRW|452000|20180715|1300|
C|005186|2018|50004314610010|001|4300010798|00010|UHGC0124|20|EA|221000|KRW|442000|20180715|1300|
C|005186|2018|50004314610011|001|4300010798|00020|UHDC0066|10|EA|498750|KRW|997500|20180715|1300|
C|005186|2018|50004314610012|001|4300010799|00010|UHGC0317|3|EA|318000|KRW|954000|20180715|1300|
C|005186|2018|50004314610013|001|4300010802|00020|UHGC0050|5|EA|110250|KRW|110250|20180715|1300|
C|005186|2018|50004314610014|001|4300010802|00030|UHGC0042|5|EA|94500|KRW|94500|20180715|1300|
C|005186|2018|50004314610015|001|4300010802|00040|UHGC0238|5|EA|144750|KRW|144750|20180715|1300|
C|005186|2018|50004314610016|001|4300010802|00050|UHFC0320|2|EA|124300|KRW|248600|20180715|1300|
C|005186|2018|50004314610017|001|4300010802|00060|UHGC0323|5|EA|122500|KRW|122500|20180715|1300|
C|005186|2018|50004314610018|001|4300010803|00010|UHFC0021|10|EA|85050|KRW|850500|20180715|1300|
C|005186|2018|50004314610019|001|4300010803|00020|UFJC0010|5|EA|58940|KRW|294700|20180715|1300|
C|005186|2018|50004314610020|001|4300010803|00030|UFJC0004|5|EA|45150|KRW|225750|20180715|1300|
C|005186|2018|50004314610021|001|4300010803|00040|UHNC0093|1|EA|154000|KRW|154000|20180715|1300|
C|005186|2018|50004314610022|001|4300010804|00010|UHHC0211|50|EA|38000|KRW|1900000|20180715|1300|
C|005186|2018|50004314610023|001|4300010805|00010|UHNC0056|1|EA|1740000|KRW|1740000|20180715|1300|
C|005186|2018|50004314610024|001|4300010806|00010|UALC0075|3000|EA|45000|KRW|135000|20180715|1300|
C|005186|2018|50004314610025|001|4300010806|00020|UCKC0035|15|EA|222600|KRW|667800|20180715|1300|
C|005186|2018|50004314610026|001|4300010806|00030|UHFC0233|1|EA|11660|KRW|11660|20180715|1300|
C|005186|2018|50004314610027|001|4300010806|00070|UHFC0235|1|EA|12800|KRW|12800|20180715|1300|
