C|005186|2015|50001550640001|001|4300002780|00010|CMA0001|200|EA|240|KRW|48000|20150529|1300|
C|005186|2015|50001550640002|001|4300002780|00020|CMA0007|600|EA|270|KRW|162000|20150529|1300|
C|005186|2015|50001550640003|001|4300002780|00030|CMA0017|30|EA|780|KRW|23400|20150529|1300|
C|005186|2015|50001550640004|001|4300002780|00040|CMB0010|200|EA|1100|KRW|220000|20150529|1300|
C|005186|2015|50001550640005|001|4300002780|00050|CMB0001|300|EA|655|KRW|196500|20150529|1300|
C|005186|2015|50001550640006|001|4300002780|00060|CMA0003|10|EA|950|KRW|9500|20150529|1300|
C|005186|2015|50001550640007|001|4300002780|00080|CMZ0032|40|EA|1970|KRW|78800|20150529|1300|
C|005186|2015|50001550640008|001|4300002780|00090|CMH0006|10|EA|400|KRW|4000|20150529|1300|
C|005186|2015|50001550640009|001|4300002780|00100|CMZ0006|5|EA|1155|KRW|5775|20150529|1300|
C|005186|2015|50001550640010|001|4300002780|00110|CMF0001|5|EA|1680|KRW|8400|20150529|1300|
C|005186|2015|50001550640011|001|4300002780|00120|CMH0007|4|EA|11700|KRW|46800|20150529|1300|
C|005186|2015|50001550640012|001|4300002780|00130|CMZ0006|3|EA|1155|KRW|3465|20150529|1300|
C|005186|2015|50001550640013|001|4300002780|00140|CMF0002|4|EA|1100|KRW|4400|20150529|1300|
C|005186|2015|50001550640014|001|4300002780|00150|CMZ0004|3|EA|380|KRW|1140|20150529|1300|
C|005186|2015|50001550640015|001|4300002780|00160|CMF0004|4|EA|22050|KRW|88200|20150529|1300|
C|005186|2015|50001550640016|001|4300002780|00170|CME0001|10|EA|4910|KRW|49100|20150529|1300|
C|005186|2015|50001550640017|001|4300002781|00010|CMA0001|600|EA|240|KRW|144000|20150529|1300|
C|005186|2015|50001550640018|001|4300002781|00020|CMA0007|300|EA|270|KRW|81000|20150529|1300|
C|005186|2015|50001550640019|001|4300002781|00030|CMA0008|300|EA|690|KRW|207000|20150529|1300|
C|005186|2015|50001550640020|001|4300002781|00040|CMA0016|100|EA|2840|KRW|284000|20150529|1300|
C|005186|2015|50001550640021|001|4300002781|00050|CMA0017|10|EA|780|KRW|7800|20150529|1300|
C|005186|2015|50001550640022|001|4300002781|00060|CMB0001|300|EA|655|KRW|196500|20150529|1300|
C|005186|2015|50001550640023|001|4300002781|00070|CMB0010|300|EA|1100|KRW|330000|20150529|1300|
C|005186|2015|50001550640024|001|4300002781|00080|CMC0005|200|EA|190|KRW|38000|20150529|1300|
C|005186|2015|50001550640025|001|4300002781|00110|CME0010|300|EA|285|KRW|85500|20150529|1300|
C|005186|2015|50001550640026|001|4300002781|00120|CMF0004|2|EA|22050|KRW|44100|20150529|1300|
C|005186|2015|50001550640027|001|4300002781|00130|CMF0020|10|EA|700|KRW|7000|20150529|1300|
C|005186|2015|50001550640028|001|4300002781|00140|CMH0007|4|EA|11700|KRW|46800|20150529|1300|
C|005186|2015|50001550640029|001|4300002781|00150|CMZ0004|30|EA|380|KRW|11400|20150529|1300|
C|005186|2015|50001550640030|001|4300002781|00160|CMZ0006|30|EA|1155|KRW|34650|20150529|1300|
C|005186|2015|50001550640031|001|4300002784|00010|CMA0001|80|EA|240|KRW|19200|20150529|1300|
C|005186|2015|50001550640032|001|4300002784|00020|CMA0008|80|EA|690|KRW|55200|20150529|1300|
C|005186|2015|50001550640033|001|4300002784|00030|CMB0001|50|EA|655|KRW|32750|20150529|1300|
C|005186|2015|50001550640034|001|4300002786|00010|CMZ0009|20|EA|740|KRW|14800|20150529|1300|
C|005186|2015|50001550640035|001|4300002786|00020|CMZ0001|50|EA|765|KRW|38250|20150529|1300|
C|005186|2015|50001550640036|001|4300002786|00030|CMZ0002|10|EA|430|KRW|4300|20150529|1300|
C|005186|2015|50001550640037|001|4300002786|00040|CMB0010|20|EA|1100|KRW|22000|20150529|1300|
C|005186|2015|50001550640038|001|4300002786|00050|CMB0002|80|EA|2420|KRW|193600|20150529|1300|
C|005186|2015|50001550640039|001|4300002786|00060|CMB0003|80|EA|2420|KRW|193600|20150529|1300|
C|005186|2015|50001550640040|001|4300002786|00070|CMB0001|40|EA|655|KRW|26200|20150529|1300|
C|005186|2015|50001550640041|001|4300002786|00080|CMC0005|30|EA|190|KRW|5700|20150529|1300|
C|005186|2015|50001550640042|001|4300002786|00090|CMC0002|3|EA|9350|KRW|28050|20150529|1300|
C|005186|2015|50001550640043|001|4300002786|00100|CMC0007|2|EA|12100|KRW|24200|20150529|1300|
C|005186|2015|50001550640044|001|4300002786|00110|CME0008|10|EA|4410|KRW|44100|20150529|1300|
C|005186|2015|50001550640045|001|4300002786|00120|CME0010|300|EA|285|KRW|85500|20150529|1300|
C|005186|2015|50001550640046|001|4300002786|00130|CMA0001|240|EA|240|KRW|57600|20150529|1300|
C|005186|2015|50001550640047|001|4300002786|00140|CMA0007|60|EA|270|KRW|16200|20150529|1300|
C|005186|2015|50001550640048|001|4300002786|00150|CMA0008|200|EA|690|KRW|138000|20150529|1300|
C|005186|2015|50001550640049|001|4300002786|00160|CMF0021|2|EA|5400|KRW|10800|20150529|1300|
C|005186|2015|50001550640050|001|4300002786|00180|CMF0001|3|EA|1680|KRW|5040|20150529|1300|
C|005186|2015|50001550650001|001|4300002726|00030|UADC0034|2|EA|117000|KRW|234000|20150529|1300|
C|005186|2015|50001550660001|001|4300002787|00020|UAGC0368|5|EA|4520|KRW|22600|20150529|1300|
C|005186|2015|50001550660002|001|4300002788|00010|UGCC0671|6|EA|171150|KRW|1026900|20150529|1300|
C|005186|2015|50001550660003|001|4300002788|00020|UAGC0365|5|EA|4230|KRW|21150|20150529|1300|
C|005186|2015|50001550660004|001|4300002788|00030|UAGC0369|5|EA|5540|KRW|27700|20150529|1300|
C|005186|2015|50001550660005|001|4300002788|00040|UAGC0370|5|EA|6050|KRW|30250|20150529|1300|
