C|005186|2015|50001872230001|001|4300003486|00020|UHDC0128|20|EA|840|KRW|16800|20150930|1300|
C|005186|2015|50001872230002|001|4300003486|00030|UHDC0147|100|EA|370|KRW|37000|20150930|1300|
C|005186|2015|50001872230003|001|4300003486|00050|UHFC0050|1|EA|22050|KRW|22050|20150930|1300|
C|005186|2015|50001872230004|001|4300003486|00060|UFJC0014|3|EA|78750|KRW|236250|20150930|1300|
C|005186|2015|50001872230005|001|4300003486|00070|UHTC0726|10|EA|16850|KRW|168500|20150930|1300|
C|005186|2015|50001872230006|001|4300003486|00080|UHGC0190|2|EA|166310|KRW|332620|20150930|1300|
C|005186|2015|50001872230007|001|4300003490|00010|UHGC0016|4|EA|499800|KRW|1999200|20150930|1300|
C|005186|2015|50001872230008|001|4300003491|00010|UHFC0231|3|EA|2405|KRW|7215|20150930|1300|
C|005186|2015|50001872230009|001|4300003491|00020|UHFC0233|5|EA|11660|KRW|58300|20150930|1300|
C|005186|2015|50001872230010|001|4300003491|00030|UHGC0154|2|EA|34650|KRW|69300|20150930|1300|
C|005186|2015|50001872230011|001|4300003491|00120|UHGC0016|1|EA|499800|KRW|499800|20150930|1300|
C|005186|2015|50001872230012|001|4300003491|00130|UHFC0109|20|EA|1300|KRW|26000|20150930|1300|
C|005186|2015|50001872230013|001|4300003510|00010|UHNC0113|1|EA|772800|KRW|772800|20150930|1300|
C|005186|2015|50001872230014|001|4300003510|00020|UHGC0077|5|EA|54810|KRW|274050|20150930|1300|
C|005186|2015|50001872230015|001|4300003510|00030|UHFC0139|1|EA|198000|KRW|198000|20150930|1300|
C|005186|2015|50001872230016|001|4300003510|00040|UHGC0082|2|EA|157500|KRW|315000|20150930|1300|
C|005186|2015|50001872230017|001|4300003510|00050|UHDC0157|5|EA|8340|KRW|41700|20150930|1300|
C|005186|2015|50001872230018|001|4300003510|00060|UHDC0158|5|EA|8320|KRW|41600|20150930|1300|
C|005186|2015|50001872230019|001|4300003510|00070|UHFC0100|20|EA|13500|KRW|270000|20150930|1300|
C|005186|2015|50001872230020|001|4300003511|00010|UHFC0101|10|EA|13500|KRW|135000|20150930|1300|
C|005186|2015|50001872230021|001|4300003511|00040|UHFC0201|10|EA|9970|KRW|99700|20150930|1300|
C|005186|2015|50001872230022|001|4300003511|00050|UHFC0202|10|EA|9970|KRW|99700|20150930|1300|
C|005186|2015|50001872230023|001|4300003511|00060|UHFC0203|20|EA|9450|KRW|189000|20150930|1300|
C|005186|2015|50001872230024|001|4300003511|00070|UHFC0204|10|EA|9450|KRW|94500|20150930|1300|
C|005186|2015|50001872230025|001|4300003511|00080|UHFC0205|20|EA|9550|KRW|191000|20150930|1300|
C|005186|2015|50001872230026|001|4300003511|00090|UHFC0206|10|EA|9450|KRW|94500|20150930|1300|
C|005186|2015|50001872230027|001|4300003511|00100|UHFC0207|10|EA|14800|KRW|148000|20150930|1300|
C|005186|2015|50001872230028|001|4300003511|00110|UHFC0290|3|EA|26250|KRW|78750|20150930|1300|
C|005186|2015|50001872230029|001|4300003511|00120|UHFC0304|3|EA|49470|KRW|148410|20150930|1300|
C|005186|2015|50001872230030|001|4300003511|00130|UHFC0314|3|EA|61690|KRW|185070|20150930|1300|
C|005186|2015|50001872240001|001|4300003488|00010|KE030011|10|EA|8190|KRW|81900|20150930|1300|
C|005186|2015|50001872240002|001|4300003488|00020|KE030114|1|EA|63840|KRW|63840|20150930|1300|
C|005186|2015|50001872240003|001|4300003488|00030|KE030116|2|EA|157500|KRW|315000|20150930|1300|
C|005186|2015|50001872240004|001|4300003488|00040|KE030123|4|EA|31500|KRW|126000|20150930|1300|
C|005186|2015|50001872240005|001|4300003488|00050|KE030208|1|EA|57230|KRW|57230|20150930|1300|
C|005186|2015|50001872240006|001|4300003488|00060|KE050004|9|EA|1400|KRW|12600|20150930|1300|
C|005186|2015|50001872240007|001|4300003488|00070|KE050201|2|EA|8460|KRW|16920|20150930|1300|
C|005186|2015|50001872240008|001|4300003488|00080|KE050213|2|EA|8440|KRW|16880|20150930|1300|
C|005186|2015|50001872240009|001|4300003488|00090|KE050302|10|EA|1160|KRW|11600|20150930|1300|
C|005186|2015|50001872240010|001|4300003488|00100|KE050801|10|EA|1900|KRW|19000|20150930|1300|
C|005186|2015|50001872240011|001|4300003488|00110|KE090102|7|EA|15430|KRW|108010|20150930|1300|
C|005186|2015|50001872240012|001|4300003488|00120|KE090116|3|EA|28040|KRW|84120|20150930|1300|
C|005186|2015|50001872240013|001|4300003488|00130|KE090136|2|EA|28980|KRW|57960|20150930|1300|
C|005186|2015|50001872240014|001|4300003488|00140|KE180203|20|EA|13650|KRW|273000|20150930|1300|
C|005186|2015|50001872240015|001|4300003488|00150|KE190003|6|EA|29300|KRW|175800|20150930|1300|
C|005186|2015|50001872240016|001|4300003488|00160|KE200113|4|EA|130000|KRW|520000|20150930|1300|
C|005186|2015|50001872240017|001|4300003507|00010|KE090165|4|EA|165900|KRW|663600|20150930|1300|
C|005186|2015|50001872240018|001|4300003507|00020|KE110100|10|EA|124000|KRW|1240000|20150930|1300|
C|005186|2015|50001872240019|001|4300003508|00010|KE230003|130|EA|1870|KRW|243100|20150930|1300|
C|005186|2015|50001872240020|001|4300003508|00020|KE231100|30|EA|530|KRW|15900|20150930|1300|
C|005186|2015|50001872240021|001|4300003508|00030|KE270300|60|EA|470|KRW|28200|20150930|1300|
C|005186|2015|50001872240022|001|4300003508|00040|KE270302|5|EA|6900|KRW|34500|20150930|1300|
C|005186|2015|50001872240023|001|4300003508|00050|KE280401|21|EA|20800|KRW|436800|20150930|1300|
C|005186|2015|50001872250001|001|4300003528|00030|UGBC1408|6|EA|91600|KRW|549600|20150930|1300|
C|005186|2015|50001872260001|001|4300003526|00010|UAEC0191|1|EA|173250|KRW|173250|20150930|1300|
C|005186|2015|50001872260002|001|4300003526|00020|UZZC0029|20|EA|11550|KRW|231000|20150930|1300|
C|005186|2015|50001872260003|001|4300003527|00030|UAEC0137|2|EA|46950|KRW|93900|20150930|1300|
C|005186|2015|50001872260004|001|4300003528|00040|UGBC1424|1|EA|185000|KRW|185000|20150930|1300|
C|005186|2015|50001872260005|001|4300003529|00050|UAGC0476|2|EA|15519|KRW|31038|20150930|1300|
C|005186|2015|50001872260006|001|4300003529|00060|UAGC0477|2|EA|25200|KRW|50400|20150930|1300|
C|005186|2015|50001872260007|001|4300003530|00010|UGCC0101|2|EA|629470|KRW|1258940|20150930|1300|
C|005186|2015|50001872260008|001|4300003530|00020|UGCC0102|1|EA|642600|KRW|642600|20150930|1300|
C|005186|2015|50001872260009|001|4300003531|00010|UDDC0058|2|EA|49350|KRW|98700|20150930|1300|
C|005186|2015|50001872260010|001|4300003531|00020|UJCC0038|1|EA|241500|KRW|241500|20150930|1300|
C|005186|2015|50001872260011|001|4300003531|00030|UIEC0031|1|EA|272790|KRW|272790|20150930|1300|
C|005186|2015|50001872260012|001|4300003600|00010|UFGC0017|100|EA|3500|KRW|350000|20150930|1300|
