C|005186|2019|50004686610001|001|4300011959|00010|UGBC1625|2|EA|368900|KRW|737800|20190115|1300|
C|005186|2019|50004686610002|001|4300012146|00020|UGBC0519|2|EA|147000|KRW|294000|20190115|1300|
C|005186|2019|50004686610003|001|4300012211|00090|UGBC0519|1|EA|147000|KRW|147000|20190115|1300|
C|005186|2019|50004686610004|001|4300012224|00010|UHTC0684|10|EA|35700|KRW|357000|20190115|1300|
C|005186|2019|50004686610005|001|4300012228|00020|UGCC0659|1|EA|26250|KRW|26250|20190115|1300|
C|005186|2019|50004686610006|001|4300012252|00010|UKAC0010|15|EA|89900|KRW|1348500|20190115|1300|
C|005186|2019|50004686620001|001|4300012258|00010|UGCC0854|2|EA|954000|KRW|1908000|20190115|1300|
C|005186|2019|50004686630001|001|4300012226|00010|UGCC0854|2|EA|954000|KRW|1908000|20190115|1300|
C|005186|2019|50004686640001|001|4300012133|00020|KP100301|1|EA|31200|KRW|31200|20190115|1300|
C|005186|2019|50004686640002|001|4300012133|00030|KS990007|5|EA|51450|KRW|257250|20190115|1300|
C|005186|2019|50004686640003|001|4300012133|00040|KT020007|2|EA|6860|KRW|13720|20190115|1300|
C|005186|2019|50004686640004|001|4300012133|00050|KT020008|2|EA|8030|KRW|16060|20190115|1300|
C|005186|2019|50004686640005|001|4300012133|00060|KT020009|2|EA|8030|KRW|16060|20190115|1300|
C|005186|2019|50004686640006|001|4300012133|00070|KT020011|2|EA|10400|KRW|20800|20190115|1300|
C|005186|2019|50004686640007|001|4300012133|00080|KT020500|20|EA|31100|KRW|62200|20190115|1300|
C|005186|2019|50004686640008|001|4300012133|00090|KT080110|3|EA|25440|KRW|76320|20190115|1300|
C|005186|2019|50004686640009|001|4300012133|00100|KT080300|20.000|KG|13850|KRW|55400|20190115|1300|
C|005186|2019|50004686640010|001|4300012133|00110|KT080311|2|EA|72980|KRW|145960|20190115|1300|
C|005186|2019|50004686640011|001|4300012133|00120|KT990001|100|EA|5100|KRW|51000|20190115|1300|
C|005186|2019|50004686640012|001|4300012133|00130|KT990030|2|EA|2630|KRW|5260|20190115|1300|
C|005186|2019|50004686650001|001|4300012290|00010|UEBC0499|5|EA|5150|KRW|25750|20190115|1300|
C|005186|2019|50004686650002|001|4300012290|00050|UAEC0095|1|EA|22630|KRW|22630|20190115|1300|
C|005186|2019|50004686650003|001|4300012291|00010|UAEC0235|1|EA|180900|KRW|180900|20190115|1300|
C|005186|2019|50004686650004|001|4300012291|00020|UAJC0063|100|EA|18000|KRW|18000|20190115|1300|
C|005186|2019|50004686650005|001|4300012291|00030|UGBC0734|20|EA|3600|KRW|72000|20190115|1300|
C|005186|2019|50004686650006|001|4300012291|00040|UZZC0039|20|EA|7100|KRW|14200|20190115|1300|
C|005186|2019|50004686650007|001|4300012291|00140|UEBC0890|20|EA|60500|KRW|242000|20190115|1300|
C|005186|2019|50004686650008|001|4300012292|00030|UGCC0829|2|EA|30320|KRW|60640|20190115|1300|
C|005186|2019|50004686650009|001|4300012292|00040|UDBC0008|100|EA|871500|KRW|871500|20190115|1300|
C|005186|2019|50004686650010|001|4300012292|00050|UGBC1349|30|EA|11000|KRW|33000|20190115|1300|
C|005186|2019|50004686650011|001|4300012308|00040|UEBC1558|1|EA|153300|KRW|153300|20190115|1300|
C|005186|2019|50004686650012|001|4300012310|00010|UFFC0032|1|EA|165900|KRW|165900|20190115|1300|
C|005186|2019|50004686650013|001|4300012310|00020|UFAC0003|3|EA|182000|KRW|546000|20190115|1300|
C|005186|2019|50004686660001|001|4300012303|00010|UZZC0107|40|EA|35770|KRW|1430800|20190115|1300|
C|005186|2019|50004686660002|001|4300012311|00010|UCAC0305|10|EA|10080|KRW|100800|20190115|1300|
C|005186|2019|50004686660003|001|4300012311|00020|UFGC0068|12|EA|24680|KRW|296160|20190115|1300|
C|005186|2019|50004686660004|001|4300012311|00030|UZZC0184|5|EA|147000|KRW|735000|20190115|1300|
C|005186|2019|50004686660005|001|4300012311|00040|UZZC0185|1|EA|861000|KRW|861000|20190115|1300|
C|005186|2019|50004686670001|001|4300012291|00050|UEBC0657|2|EA|181130|KRW|362260|20190115|1300|
C|005186|2019|50004686670002|001|4300012291|00060|UEBC0655|2|EA|144900|KRW|289800|20190115|1300|
C|005186|2019|50004686670003|001|4300012291|00070|UEBC0078|20|EA|38200|KRW|38200|20190115|1300|
C|005186|2019|50004686670004|001|4300012291|00080|UEBC0077|20|EA|61400|KRW|61400|20190115|1300|
C|005186|2019|50004686670005|001|4300012291|00090|UEBC0076|20|EA|37800|KRW|37800|20190115|1300|
C|005186|2019|50004686670006|001|4300012291|00100|UEBC0075|20|EA|52500|KRW|52500|20190115|1300|
C|005186|2019|50004686670007|001|4300012291|00110|UDAC0227|500|EA|315000|KRW|315000|20190115|1300|
C|005186|2019|50004686670008|001|4300012291|00120|UGBC1646|20|EA|22200|KRW|44400|20190115|1300|
C|005186|2019|50004686670009|001|4300012291|00130|UGBC1647|20|EA|10900|KRW|21800|20190115|1300|
C|005186|2019|50004686670010|001|4300012292|00010|UEBC0787|20|EA|17000|KRW|17000|20190115|1300|
C|005186|2019|50004686670011|001|4300012292|00020|UEBC0786|20|EA|31400|KRW|31400|20190115|1300|
C|005186|2019|50004686670012|001|4300012293|00050|UDBC0702|2|EA|8190|KRW|16380|20190115|1300|
C|005186|2019|50004686670013|001|4300012298|00010|UDCC0032|1|EA|157500|KRW|157500|20190115|1300|
C|005186|2019|50004686670014|001|4300012298|00020|UGCC0725|10|EA|441900|KRW|441900|20190115|1300|
C|005186|2019|50004686670015|001|4300012298|00030|UDAC0077|10|EA|5300|KRW|10600|20190115|1300|
C|005186|2019|50004686670016|001|4300012298|00040|UEBC0418|2|EA|40580|KRW|40580|20190115|1300|
C|005186|2019|50004686670017|001|4300012298|00050|UDBC0065|100|EA|2350|KRW|4700|20190115|1300|
C|005186|2019|50004686670018|001|4300012298|00060|UDBC0885|10|EA|4500|KRW|4500|20190115|1300|
C|005186|2019|50004686670019|001|4300012298|00070|UEBC0781|60|EA|12600|KRW|37800|20190115|1300|
C|005186|2019|50004686670020|001|4300012298|00080|UEBC1038|100|EA|56100|KRW|1122000|20190115|1300|
C|005186|2019|50004686670021|001|4300012298|00090|UAGC0095|1|EA|80000|KRW|80000|20190115|1300|
C|005186|2019|50004686670022|001|4300012308|00030|UCEC0043|2|EA|59000|KRW|118000|20190115|1300|
C|005186|2019|50004686670023|001|4300012309|00010|UDFC0209|1|EA|1263500|KRW|1263500|20190115|1300|
C|005186|2019|50004686670024|001|4300012309|00020|UDFC0210|4|EA|92400|KRW|369600|20190115|1300|
C|005186|2019|50004686670025|001|4300012309|00030|UDFC0211|4|EA|60900|KRW|243600|20190115|1300|
C|005186|2019|50004686680001|001|4300012297|00010|UGCC0854|2|EA|954000|KRW|1908000|20190115|1300|
C|005186|2019|50004686690001|001|4300012301|00010|UHHC0211|50|EA|38000|KRW|1900000|20190115|1300|
C|005186|2019|50004686690002|001|4300012302|00010|UHHC0211|50|EA|38000|KRW|1900000|20190115|1300|
C|005186|2019|50004686700001|001|4300012293|00010|UHGC0334|5|EA|102900|KRW|514500|20190115|1300|
C|005186|2019|50004686700002|001|4300012293|00020|UHFC0377|3|EA|8630|KRW|25890|20190115|1300|
C|005186|2019|50004686700003|001|4300012293|00030|UHTC0121|10|EA|336000|KRW|336000|20190115|1300|
C|005186|2019|50004686700004|001|4300012293|00040|UHTC0123|10|EA|10500|KRW|10500|20190115|1300|
C|005186|2019|50004686700005|001|4300012293|00060|UHHC0206|1|EA|116600|KRW|116600|20190115|1300|
C|005186|2019|50004686700006|001|4300012293|00070|UHHC0071|1|EA|573300|KRW|573300|20190115|1300|
C|005186|2019|50004686700007|001|4300012293|00080|UHTC0265|20|EA|5800|KRW|11600|20190115|1300|
C|005186|2019|50004686700008|001|4300012294|00010|UIEC0036|1|EA|157900|KRW|157900|20190115|1300|
C|005186|2019|50004686700009|001|4300012294|00020|UAJC0014|40|EA|3240|KRW|129600|20190115|1300|
C|005186|2019|50004686700010|001|4300012294|00030|UHTC0576|10|EA|347300|KRW|347300|20190115|1300|
C|005186|2019|50004686700011|001|4300012294|00040|UDFC0003|10|EA|2220|KRW|22200|20190115|1300|
C|005186|2019|50004686700012|001|4300012294|00050|UHFC0336|3|EA|82950|KRW|248850|20190115|1300|
C|005186|2019|50004686700013|001|4300012294|00060|UHTC0578|10|EA|29000|KRW|58000|20190115|1300|
C|005186|2019|50004686700014|001|4300012294|00070|UDCC0001|10|EA|3780|KRW|37800|20190115|1300|
C|005186|2019|50004686700015|001|4300012294|00080|UDBC0642|10|EA|1420|KRW|14200|20190115|1300|
C|005186|2019|50004686700016|001|4300012295|00010|UHGC0317|3|EA|318000|KRW|954000|20190115|1300|
C|005186|2019|50004686700017|001|4300012295|00030|UHTC0517|2|EA|81060|KRW|162120|20190115|1300|
C|005186|2019|50004686700018|001|4300012295|00040|UHTC0234|5|EA|236250|KRW|236250|20190115|1300|
C|005186|2019|50004686700019|001|4300012295|00050|UHTC0733|50|EA|30600|KRW|153000|20190115|1300|
C|005186|2019|50004686700020|001|4300012295|00060|UHTC0734|50|EA|30600|KRW|153000|20190115|1300|
C|005186|2019|50004686700021|001|4300012296|00010|UHGC0328|5|EA|135150|KRW|135150|20190115|1300|
C|005186|2019|50004686700022|001|4300012296|00020|UHTC0405|10|EA|73600|KRW|73600|20190115|1300|
C|005186|2019|50004686700023|001|4300012296|00030|UHGC0315|5|EA|164300|KRW|164300|20190115|1300|
C|005186|2019|50004686700024|001|4300012296|00040|UHGC0189|5|EA|157500|KRW|157500|20190115|1300|
C|005186|2019|50004686700025|001|4300012296|00050|UHTC0190|2|EA|300300|KRW|600600|20190115|1300|
C|005186|2019|50004686700026|001|4300012299|00010|UHTC0153|20|EA|57800|KRW|115600|20190115|1300|
C|005186|2019|50004686700027|001|4300012299|00020|UHNC0070|1|EA|435750|KRW|435750|20190115|1300|
C|005186|2019|50004686700028|001|4300012299|00030|UHNC0081|1|EA|460000|KRW|460000|20190115|1300|
C|005186|2019|50004686700029|001|4300012299|00040|UHFC0232|5|EA|9790|KRW|48950|20190115|1300|
C|005186|2019|50004686700030|001|4300012299|00050|UHFC0233|5|EA|11660|KRW|58300|20190115|1300|
C|005186|2019|50004686700031|001|4300012300|00010|UHGC0294|5|EA|96460|KRW|482300|20190115|1300|
C|005186|2019|50004686700032|001|4300012300|00020|UHFC0202|10|EA|9970|KRW|9970|20190115|1300|
C|005186|2019|50004686700033|001|4300012306|00010|UFJC0010|3|EA|58940|KRW|176820|20190115|1300|
C|005186|2019|50004686700034|001|4300012306|00020|UHGC0050|5|EA|110250|KRW|110250|20190115|1300|
C|005186|2019|50004686700035|001|4300012306|00030|UHFC0344|1|EA|63500|KRW|63500|20190115|1300|
C|005186|2019|50004686700036|001|4300012306|00040|UHBC0013|1|EA|735000|KRW|735000|20190115|1300|
C|005186|2019|50004686700037|001|4300012306|00050|UHGC0269|1|EA|416850|KRW|416850|20190115|1300|
C|005186|2019|50004686700038|001|4300012306|00060|UFJC0014|3|EA|78750|KRW|236250|20190115|1300|
C|005186|2019|50004686700039|001|4300012306|00070|UHGC0354|1|EA|191860|KRW|191860|20190115|1300|
C|005186|2019|50004686700040|001|4300012307|00010|UHGC0129|2|EA|612680|KRW|1225360|20190115|1300|
C|005186|2019|50004686700041|001|4300012307|00020|UHGC0355|1|EA|260760|KRW|260760|20190115|1300|
C|005186|2019|50004686700042|001|4300012307|00030|UHNC0146|1|EA|243800|KRW|243800|20190115|1300|
C|005186|2019|50004686710001|001|4300012399|00150|UAGC0055|10|EA|7300|KRW|7300|20190115|1300|
C|005186|2019|50004686710002|001|4300012400|00150|UACC0035|1|EA|42230|KRW|42230|20190115|1300|
C|005186|2019|50004686710003|001|4300012402|00190|UGBC1727|1|EA|21600|KRW|21600|20190115|1300|
C|005186|2019|50004686710004|001|4300012440|00030|UAEC0329|1|EA|31320|KRW|31320|20190115|1300|
C|005186|2019|50004686710005|001|4300012441|00020|UAEC0062|6|EA|5760|KRW|17280|20190115|1300|
C|005186|2019|50004686710006|001|4300012441|00030|UAEC0063|6|EA|6440|KRW|19320|20190115|1300|
C|005186|2019|50004686710007|001|4300012441|00040|UAEC0064|6|EA|6960|KRW|20880|20190115|1300|
