C|005186|2016|50002643120001|001|4300005379|00010|CMD0016|1|EA|30450|KRW|30450|20160630|1300|
C|005186|2016|50002643130001|001|4300005395|00010|CMD0016|3|EA|30450|KRW|91350|20160630|1300|
C|005186|2016|50002643140001|001|4300005393|00060|CMD0016|7|EA|30450|KRW|213150|20160630|1300|
C|005186|2016|50002643150001|001|4300005378|00010|CMD0016|1|EA|30450|KRW|30450|20160630|1300|
C|005186|2016|50002643150002|001|4300005378|00070|CMD0016|5|EA|30450|KRW|152250|20160630|1300|
C|005186|2016|50002643160001|001|4300005382|00070|CMD0016|2|EA|30450|KRW|60900|20160630|1300|
C|005186|2016|50002643160002|001|4300005384|00090|CMD0011|2|EA|24150|KRW|48300|20160630|1300|
C|005186|2016|50002643160003|001|4300005384|00100|CMD0012|2|EA|29400|KRW|58800|20160630|1300|
C|005186|2016|50002643170001|001|4300005381|00070|CMD0016|1|EA|30450|KRW|30450|20160630|1300|
C|005186|2016|50002643170002|001|4300005383|00200|CMD0011|5|EA|24150|KRW|120750|20160630|1300|
C|005186|2016|50002643170003|001|4300005385|00070|CMD0011|7|EA|24150|KRW|169050|20160630|1300|
C|005186|2016|50002643170004|001|4300005387|00070|CMD0011|4|EA|24150|KRW|96600|20160630|1300|
C|005186|2016|50002643170005|001|4300005396|00090|CMD0011|5|EA|24150|KRW|120750|20160630|1300|
C|005186|2016|50002643170006|001|4300005396|00100|CMD0016|5|EA|30450|KRW|152250|20160630|1300|
