C|005186|2020|50005627560001|001|4300016616|00010|UGCC0014|5|EA|129000|KRW|645000|20200428|1300|
C|005186|2020|50005627560002|001|4300016637|00020|UAGC0038|50|EA|2710|KRW|135500|20200428|1300|
C|005186|2020|50005627560003|001|4300016687|00050|UHGC0134|2|EA|756000|KRW|1512000|20200428|1300|
C|005186|2020|50005627560004|001|4300016692|00040|UGBC0412|20|EA|32400|KRW|32400|20200428|1300|
C|005186|2020|50005627570001|001|4300016633|00010|UHGC0124|20|EA|221000|KRW|442000|20200428|1300|
C|005186|2020|50005627570002|001|4300016633|00020|UHGC0298|2|EA|72080|KRW|144160|20200428|1300|
C|005186|2020|50005627570003|001|4300016633|00030|UHFC0118|1|EA|265020|KRW|265020|20200428|1300|
C|005186|2020|50005627570004|001|4300016633|00040|UHHC0013|30|M|20580|KRW|617400|20200428|1300|
C|005186|2020|50005627570005|001|4300016633|00050|UHFC0100|20|EA|135000|KRW|270000|20200428|1300|
C|005186|2020|50005627570006|001|4300016634|00020|UHDC0184|10|EA|49350|KRW|493500|20200428|1300|
C|005186|2020|50005627570007|001|4300016634|00030|UFJC0010|3|EA|58940|KRW|176820|20200428|1300|
C|005186|2020|50005627570008|001|4300016634|00040|UHGC0325|3|EA|237000|KRW|711000|20200428|1300|
C|005186|2020|50005627570009|001|4300016663|00010|UHFC0065|5|EA|8480|KRW|42400|20200428|1300|
C|005186|2020|50005627570010|001|4300016663|00020|UHNC0018|1|EA|1111950|KRW|1111950|20200428|1300|
C|005186|2020|50005627580001|001|4300016629|00040|UICC0061|5|EA|4540|KRW|22700|20200428|1300|
C|005186|2020|50005627580002|001|4300016665|00010|UGBC1513|5|EA|14300|KRW|71500|20200428|1300|
C|005186|2020|50005627580003|001|4300016665|00020|UGBC1421|5|EA|127000|KRW|635000|20200428|1300|
C|005186|2020|50005627580004|001|4300016665|00030|UGBC1422|5|EA|190000|KRW|950000|20200428|1300|
C|005186|2020|50005627580005|001|4300016666|00010|UCIC0082|3|EA|516600|KRW|1549800|20200428|1300|
C|005186|2020|50005627580006|001|4300016687|00030|UHFC0208|10|EA|10500|KRW|105000|20200428|1300|
C|005186|2020|50005627580007|001|4300016692|00030|UGBC0416|50|EA|1760|KRW|88000|20200428|1300|
C|005186|2020|50005627580008|001|4300016692|00100|UHFC0208|24|EA|10500|KRW|252000|20200428|1300|
C|005186|2020|50005627580009|001|4300016694|00020|UGBC0919|3|EA|43050|KRW|129150|20200428|1300|
C|005186|2020|50005627590001|001|4300016672|00010|UGBC0744|20|EA|5200|KRW|10400|20200428|1300|
C|005186|2020|50005627590002|001|4300016672|00030|UDDC0396|1|EA|93800|KRW|93800|20200428|1300|
C|005186|2020|50005627590003|001|4300016691|00020|UAAC0009|5|EA|29700|KRW|148500|20200428|1300|
C|005186|2020|50005627600001|001|4300016691|00010|UAEC0354|3|EA|464300|KRW|1392900|20200428|1300|
C|005186|2020|50005627710001|001|4300016636|00040|UAEC0220|2|EA|5970|KRW|11940|20200428|1300|
C|005186|2020|50005627710002|001|4300016636|00050|UAIC0002|3|EA|3680|KRW|11040|20200428|1300|
