C|005186|2018|50004650580001|001|4300011493|00120|UDDC3895|1|EA|9450|KRW|9450|20181227|1300|
C|005186|2018|50004650580002|001|4300011594|00140|UDDC3892|5|EA|65310|KRW|326550|20181227|1300|
C|005186|2018|50004650580003|001|4300011608|00020|UFGC0063|5|EA|10290|KRW|51450|20181227|1300|
C|005186|2018|50004650580004|001|4300011955|00010|UFGC0019|10|EA|14440|KRW|144400|20181227|1300|
C|005186|2018|50004650580005|001|4300011955|00020|UFGC0058|20|EA|4000|KRW|80000|20181227|1300|
C|005186|2018|50004650580006|001|4300012062|00070|UDEC0024|3|EA|66150|KRW|198450|20181227|1300|
C|005186|2018|50004650590001|001|4300012146|00050|UKDC0003|5|EA|70560|KRW|352800|20181227|1300|
C|005186|2018|50004650590002|001|4300012155|00010|UEAC0195|2|EA|870000|KRW|1740000|20181227|1300|
C|005186|2018|50004650590003|001|4300012162|00030|UAGC0237|1|EA|395120|KRW|395120|20181227|1300|
C|005186|2018|50004650590004|001|4300012163|00020|UZZC0029|20|EA|231000|KRW|231000|20181227|1300|
C|005186|2018|50004651300001|001|4300012134|00010|KS061502|5|EA|2970|KRW|14850|20181227|1300|
C|005186|2018|50004651300002|001|4300012134|00020|KS061504|3|EA|4050|KRW|12150|20181227|1300|
C|005186|2018|50004651300003|001|4300012134|00030|KS061508|2|EA|10510|KRW|21020|20181227|1300|
C|005186|2018|50004651300004|001|4300012134|00040|KS066904|4|EA|2000|KRW|8000|20181227|1300|
C|005186|2018|50004651300005|001|4300012134|00050|KS067003|2|EA|1550|KRW|3100|20181227|1300|
C|005186|2018|50004651300006|001|4300012134|00060|KS067005|3|EA|2400|KRW|7200|20181227|1300|
C|005186|2018|50004651300007|001|4300012134|00070|KS067207|5|EA|5780|KRW|28900|20181227|1300|
C|005186|2018|50004651300008|001|4300012134|00080|KS067208|5|EA|7940|KRW|39700|20181227|1300|
C|005186|2018|50004651300009|001|4300012134|00090|KS080705|2|EA|18500|KRW|37000|20181227|1300|
C|005186|2018|50004651300010|001|4300012134|00100|KS080709|3|EA|24700|KRW|74100|20181227|1300|
C|005186|2018|50004651300011|001|4300012134|00110|KS080711|4|EA|32300|KRW|129200|20181227|1300|
C|005186|2018|50004651300012|001|4300012134|00120|KS080721|3|EA|71710|KRW|215130|20181227|1300|
C|005186|2018|50004651310001|001|4300012140|00010|UCKC0142|1|EA|1838000|KRW|1838000|20181227|1300|
C|005186|2018|50004651310002|001|4300012141|00010|UCKC0143|1|EA|1838000|KRW|1838000|20181227|1300|
C|005186|2018|50004651310003|001|4300012142|00010|UCKC0141|1|EA|1410000|KRW|1410000|20181227|1300|
C|005186|2018|50004651310004|001|4300012143|00010|UCKC0140|1|EA|1260000|KRW|1260000|20181227|1300|
C|005186|2018|50004651310005|001|4300012144|00010|UCKC0139|1|EA|1985000|KRW|1985000|20181227|1300|
C|005186|2018|50004651310006|001|4300012158|00010|UEBC1046|10|EA|42900|KRW|429000|20181227|1300|
C|005186|2018|50004651310007|001|4300012158|00020|UEBC0303|10|EA|20550|KRW|205500|20181227|1300|
C|005186|2018|50004651310008|001|4300012158|00030|UEBC1527|4|EA|115000|KRW|460000|20181227|1300|
C|005186|2018|50004651310009|001|4300012158|00040|UEBC1330|10|EA|9120|KRW|91200|20181227|1300|
C|005186|2018|50004651310010|001|4300012158|00050|UEBC0649|3|EA|124740|KRW|374220|20181227|1300|
C|005186|2018|50004651310011|001|4300012158|00060|UEBC1482|7|EA|21100|KRW|147700|20181227|1300|
C|005186|2018|50004651310012|001|4300012162|00020|UEBC0310|10|EA|46540|KRW|232700|20181227|1300|
C|005186|2018|50004651310013|001|4300012162|00040|UEBC0208|2|EA|113800|KRW|227600|20181227|1300|
C|005186|2018|50004651320001|001|4300012133|00010|KH990101|6|EA|7250|KRW|43500|20181227|1300|
C|005186|2018|50004651330001|001|4300012132|00010|KE030207|1|EA|41900|KRW|41900|20181227|1300|
C|005186|2018|50004651330002|001|4300012132|00020|KE050004|10|EA|1400|KRW|14000|20181227|1300|
C|005186|2018|50004651330003|001|4300012132|00030|KE050201|3|EA|8460|KRW|25380|20181227|1300|
C|005186|2018|50004651330004|001|4300012132|00040|KE050207|1|EA|6930|KRW|6930|20181227|1300|
C|005186|2018|50004651330005|001|4300012132|00050|KE090102|1|EA|15430|KRW|15430|20181227|1300|
C|005186|2018|50004651330006|001|4300012132|00060|KE090106|5|EA|15370|KRW|76850|20181227|1300|
C|005186|2018|50004651330007|001|4300012132|00070|KE090112|3|EA|16800|KRW|50400|20181227|1300|
C|005186|2018|50004651330008|001|4300012132|00080|KE190003|4|EA|29300|KRW|117200|20181227|1300|
C|005186|2018|50004651330009|001|4300012132|00090|KE210001|1|EA|53030|KRW|53030|20181227|1300|
C|005186|2018|50004651330010|001|4300012132|00100|KE230003|125|EA|46750|KRW|233750|20181227|1300|
C|005186|2018|50004651330011|001|4300012132|00110|KE231001|30|EA|16150|KRW|484500|20181227|1300|
C|005186|2018|50004651330012|001|4300012132|00120|KE270300|120|EA|9400|KRW|56400|20181227|1300|
C|005186|2018|50004651330013|001|4300012132|00130|KE270302|3|EA|6900|KRW|20700|20181227|1300|
C|005186|2018|50004651330014|001|4300012132|00140|KE281401|28|EA|840|KRW|23520|20181227|1300|
C|005186|2018|50004651340001|001|4300012149|00010|UHFC0377|3|EA|8630|KRW|25890|20181227|1300|
C|005186|2018|50004651340002|001|4300012149|00020|UHFC0065|5|EA|8480|KRW|42400|20181227|1300|
C|005186|2018|50004651340003|001|4300012149|00030|UHGC0124|20|EA|221000|KRW|442000|20181227|1300|
C|005186|2018|50004651340004|001|4300012149|00040|UHNC0113|1|EA|772800|KRW|772800|20181227|1300|
C|005186|2018|50004651340005|001|4300012150|00010|UHGC0270|5|EA|35790|KRW|178950|20181227|1300|
C|005186|2018|50004651340006|001|4300012151|00010|UHTC0835|2|EA|440000|KRW|880000|20181227|1300|
C|005186|2018|50004651340007|001|4300012151|00020|UHHC0085|1|EA|1011150|KRW|1011150|20181227|1300|
C|005186|2018|50004651340008|001|4300012152|00010|UHHC0072|2|EA|412650|KRW|825300|20181227|1300|
C|005186|2018|50004651340009|001|4300012152|00020|UHNC0046|2|EA|246750|KRW|493500|20181227|1300|
C|005186|2018|50004651340010|001|4300012153|00020|UHDC0066|5|EA|498750|KRW|498750|20181227|1300|
C|005186|2018|50004651340011|001|4300012154|00010|UHTC0772|40|EA|466400|KRW|932800|20181227|1300|
C|005186|2018|50004651340012|001|4300012163|00010|UHFC0122|2|EA|135030|KRW|270060|20181227|1300|
C|005186|2018|50004651350001|001|4300012156|00010|UDEC0091|3|EA|469350|KRW|1408050|20181227|1300|
C|005186|2018|50004651360001|001|4300012153|00010|UHTC0831|20|EA|62000|KRW|1240000|20181227|1300|
C|005186|2018|50004651370001|001|4300012202|00050|UAGC0064|1|EA|112630|KRW|112630|20181227|1300|
C|005186|2018|50004651370002|001|4300012202|00060|UAEC0493|2|EA|3630|KRW|3630|20181227|1300|
C|005186|2018|50004651370003|001|4300012202|00070|UAEC0307|2|EA|5000|KRW|5000|20181227|1300|
C|005186|2018|50004651370004|001|4300012202|00080|UAEC0183|1|EA|14530|KRW|14530|20181227|1300|
C|005186|2018|50004651370005|001|4300012204|00100|UAGC0193|100|EA|162750|KRW|325500|20181227|1300|
C|005186|2018|50004651370006|001|4300012205|00010|UKCC0003|20|EA|4520|KRW|90400|20181227|1300|
C|005186|2018|50004651370007|001|4300012205|00030|UAEC0093|2|EA|33260|KRW|66520|20181227|1300|
C|005186|2018|50004651370008|001|4300012205|00040|UGCC0969|1|EA|190000|KRW|190000|20181227|1300|
C|005186|2018|50004651370009|001|4300012208|00010|UKAC0010|11|EA|89900|KRW|988900|20181227|1300|
C|005186|2018|50004651370010|001|4300012209|00020|UZZC0012|20|EA|36750|KRW|147000|20181227|1300|
C|005186|2018|50004651370011|001|4300012209|00030|UAAC0032|5|EA|43990|KRW|43990|20181227|1300|
C|005186|2018|50004651370012|001|4300012209|00040|UAAC0016|5|EA|37850|KRW|37850|20181227|1300|
C|005186|2018|50004651370013|001|4300012209|00070|UAEC0041|2|EA|22110|KRW|44220|20181227|1300|
C|005186|2018|50004651370014|001|4300012209|00080|UAEC0332|3|EA|2320|KRW|6960|20181227|1300|
C|005186|2018|50004651370015|001|4300012209|00090|UAEC0246|4|EA|5840|KRW|11680|20181227|1300|
C|005186|2018|50004651370016|001|4300012209|00110|UAEC0273|2|EA|26260|KRW|26260|20181227|1300|
C|005186|2018|50004651370017|001|4300012209|00120|UAEC0049|1|EA|9900|KRW|9900|20181227|1300|
C|005186|2018|50004651370018|001|4300012209|00160|UAEC0273|2|EA|26260|KRW|26260|20181227|1300|
C|005186|2018|50004651370019|001|4300012209|00170|UAEC0268|2|EA|32340|KRW|32340|20181227|1300|
C|005186|2018|50004651370020|001|4300012212|00020|UKGC0008|4|EA|2940|KRW|11760|20181227|1300|
C|005186|2018|50004651370021|001|4300012225|00010|UADC0026|2|EA|4000|KRW|4000|20181227|1300|
C|005186|2018|50004651380001|001|4300012200|00010|UADC0033|4|EA|344500|KRW|1378000|20181227|1300|
C|005186|2018|50004651390001|001|4300012242|00010|UALC0119|3000|EA|10000|KRW|60000|20181227|1300|
C|005186|2018|50004651390002|001|4300012242|00020|UALC0118|6000|EA|55000|KRW|660000|20181227|1300|
C|005186|2018|50004651390003|001|4300012242|00030|UALC0120|1|EA|110000|KRW|110000|20181227|1300|
C|005186|2018|50004651390004|001|4300012242|00040|UALC0121|1|EA|200000|KRW|200000|20181227|1300|
C|005186|2018|50004651400001|001|4300012146|00010|UGBC0647|1|EA|385000|KRW|385000|20181227|1300|
C|005186|2018|50004651400002|001|4300012146|00030|UGBC1331|1|EA|215790|KRW|215790|20181227|1300|
C|005186|2018|50004651400003|001|4300012161|00010|UCIC0068|1|EA|556500|KRW|556500|20181227|1300|
C|005186|2018|50004651400004|001|4300012202|00010|UDBC0861|5|EA|25300|KRW|25300|20181227|1300|
C|005186|2018|50004651400005|001|4300012202|00020|UEBC1425|2|EA|400000|KRW|800000|20181227|1300|
C|005186|2018|50004651400006|001|4300012204|00030|UEBC0482|5|EA|15400|KRW|15400|20181227|1300|
C|005186|2018|50004651400007|001|4300012204|00080|UAGC0081|20|EA|3470|KRW|69400|20181227|1300|
C|005186|2018|50004651400008|001|4300012204|00120|UEBC0498|5|EA|25000|KRW|25000|20181227|1300|
C|005186|2018|50004651400009|001|4300012205|00070|UHTC0486|1|EA|46410|KRW|46410|20181227|1300|
C|005186|2018|50004651400010|001|4300012209|00050|UBCC0056|4|EA|12720|KRW|25440|20181227|1300|
C|005186|2018|50004651400011|001|4300012209|00060|UBCC0057|4|EA|31300|KRW|125200|20181227|1300|
C|005186|2018|50004651400012|001|4300012209|00100|UHTC0246|40|EA|169400|KRW|338800|20181227|1300|
C|005186|2018|50004651400013|001|4300012209|00150|UHTC0486|2|EA|46410|KRW|92820|20181227|1300|
C|005186|2018|50004651400014|001|4300012209|00180|UDBC0147|3000|EA|13500|KRW|81000|20181227|1300|
C|005186|2018|50004651400015|001|4300012212|00030|UALC0103|5|EA|100700|KRW|100700|20181227|1300|
C|005186|2018|50004651400016|001|4300012212|00040|UALC0105|5|EA|100700|KRW|100700|20181227|1300|
C|005186|2018|50004651400017|001|4300012212|00050|UALC0022|5|EA|100700|KRW|100700|20181227|1300|
C|005186|2018|50004651400018|001|4300012220|00010|UHTC0246|40|EA|169400|KRW|338800|20181227|1300|
C|005186|2018|50004651410001|001|4300012205|00050|UDAC0346|200|EA|74200|KRW|296800|20181227|1300|
C|005186|2018|50004651410002|001|4300012205|00060|UADC0067|10|EA|66200|KRW|66200|20181227|1300|
C|005186|2018|50004651410003|001|4300012209|00010|UAAC0003|5|EA|24150|KRW|120750|20181227|1300|
C|005186|2018|50004651410004|001|4300012211|00010|UAEC0245|4|EA|3580|KRW|7160|20181227|1300|
C|005186|2018|50004651410005|001|4300012211|00020|UAEC0249|4|EA|3450|KRW|13800|20181227|1300|
C|005186|2018|50004651410006|001|4300012211|00030|UAEC0250|4|EA|3930|KRW|15720|20181227|1300|
C|005186|2018|50004651410007|001|4300012211|00040|UAEC0461|2|EA|6220|KRW|12440|20181227|1300|
C|005186|2018|50004651410008|001|4300012211|00050|UAEC0024|2|EA|17640|KRW|35280|20181227|1300|
C|005186|2018|50004651410009|001|4300012211|00060|UAEC0025|2|EA|8900|KRW|17800|20181227|1300|
C|005186|2018|50004651410010|001|4300012211|00070|UAEC0026|2|EA|10940|KRW|21880|20181227|1300|
C|005186|2018|50004651410011|001|4300012211|00080|UAEC0027|2|EA|22580|KRW|45160|20181227|1300|
C|005186|2018|50004651410012|001|4300012220|00020|UCKC0133|4|EA|1054000|KRW|1054000|20181227|1300|
C|005186|2018|50004651420001|001|4300012202|00030|UEBC0735|1|EA|14330|KRW|14330|20181227|1300|
C|005186|2018|50004651420002|001|4300012202|00040|UEBC1061|1|EA|15730|KRW|15730|20181227|1300|
C|005186|2018|50004651420003|001|4300012202|00090|UDAC0204|2|EA|1050|KRW|2100|20181227|1300|
C|005186|2018|50004651420004|001|4300012204|00050|UEBC0107|10|EA|4040|KRW|40400|20181227|1300|
C|005186|2018|50004651420005|001|4300012204|00060|UEBC1333|2|EA|68900|KRW|137800|20181227|1300|
C|005186|2018|50004651420006|001|4300012204|00070|UAGC0203|1|EA|160650|KRW|160650|20181227|1300|
C|005186|2018|50004651420007|001|4300012204|00090|UEBC0383|10|EA|4290|KRW|42900|20181227|1300|
C|005186|2018|50004651420008|001|4300012206|00020|UEBC0569|2|EA|106210|KRW|212420|20181227|1300|
C|005186|2018|50004651420009|001|4300012206|00030|UEBC0570|2|EA|153500|KRW|307000|20181227|1300|
C|005186|2018|50004651420010|001|4300012206|00040|UEBC0573|2|EA|246440|KRW|492880|20181227|1300|
C|005186|2018|50004651420011|001|4300012206|00050|UDAC0062|2|EA|76800|KRW|76800|20181227|1300|
C|005186|2018|50004651420012|001|4300012206|00060|UDAC0060|2|EA|115500|KRW|115500|20181227|1300|
C|005186|2018|50004651430001|001|4300012148|00010|UIDC0031|20|EA|18900|KRW|378000|20181227|1300|
C|005186|2018|50004651430002|001|4300012199|00010|UGCC0623|1|EA|35300|KRW|35300|20181227|1300|
C|005186|2018|50004651430003|001|4300012201|00010|KS080711|5|EA|32300|KRW|161500|20181227|1300|
C|005186|2018|50004651430004|001|4300012201|00020|KS080709|2|EA|24700|KRW|49400|20181227|1300|
C|005186|2018|50004651430005|001|4300012203|00010|UDEC0106|5|EA|230000|KRW|1150000|20181227|1300|
C|005186|2018|50004651430006|001|4300012204|00010|UDDC0131|10|EA|24360|KRW|243600|20181227|1300|
C|005186|2018|50004651430007|001|4300012204|00110|UDFC0069|2|EA|38850|KRW|77700|20181227|1300|
C|005186|2018|50004651430008|001|4300012209|00130|UDBC0054|60|EA|25600|KRW|76800|20181227|1300|
C|005186|2018|50004651440001|001|4300012209|00140|UHFC0235|5|EA|12800|KRW|64000|20181227|1300|
C|005186|2018|50004651440002|001|4300012212|00010|UHGC0134|2|EA|756000|KRW|1512000|20181227|1300|
C|005186|2018|50004651440003|001|4300012218|00010|UHHC0211|50|EA|38000|KRW|1900000|20181227|1300|
C|005186|2018|50004651440004|001|4300012219|00010|UHHC0211|50|EA|38000|KRW|1900000|20181227|1300|
C|005186|2018|50004651440005|001|4300012222|00010|UHCC0039|2|EA|395800|KRW|791600|20181227|1300|
C|005186|2018|50004651440006|001|4300012222|00020|UHGC0107|2|EA|342100|KRW|684200|20181227|1300|
C|005186|2018|50004651450001|001|4300012223|00010|UFFC0012|10|EA|31190|KRW|311900|20181227|1300|
C|005186|2018|50004651460001|001|4300012136|00010|UJAC0121|1|EA|409500|KRW|409500|20181227|1300|
C|005186|2018|50004651460002|001|4300012159|00010|UEBC0580|4|EA|9680|KRW|19360|20181227|1300|
C|005186|2018|50004651460003|001|4300012217|00010|UJBC0061|5|EA|68250|KRW|341250|20181227|1300|
C|005186|2018|50004651470001|001|4300012147|00010|UGBC1573|2|EA|159000|KRW|318000|20181227|1300|
C|005186|2018|50004651470002|001|4300012162|00010|UGCC1115|2|EA|562000|KRW|1124000|20181227|1300|
C|005186|2018|50004651470003|001|4300012204|00020|UGCC0196|5|EA|137000|KRW|685000|20181227|1300|
C|005186|2018|50004651470004|001|4300012206|00010|UGCC1115|1|EA|562000|KRW|562000|20181227|1300|
C|005186|2018|50004651470005|001|4300012246|00010|UZZC0089|500|EA|20000|KRW|100000|20181227|1300|
C|005186|2018|50004651470006|001|4300012253|00010|UGBC1574|10|EA|33400|KRW|334000|20181227|1300|
C|005186|2018|50004651480001|001|4300009825|00030|UDCC0017|1|EA|54600|KRW|54600|20181227|1300|
C|005186|2018|50004651480002|001|4300009996|00080|UDCC0017|1|EA|54600|KRW|54600|20181227|1300|
C|005186|2018|50004651480003|001|4300012227|00010|UDAC0264|5|EA|252500|KRW|252500|20181227|1300|
C|005186|2018|50004651480004|001|4300012227|00020|UEBC1286|20|EA|79000|KRW|316000|20181227|1300|
C|005186|2018|50004651480005|001|4300012227|00030|UEBC0560|20|EA|55970|KRW|1119400|20181227|1300|
C|005186|2018|50004651480006|001|4300012228|00010|UEBC1210|10|EA|732500|KRW|1465000|20181227|1300|
C|005186|2018|50004651480007|001|4300012228|00040|UEBC0171|20|EA|7670|KRW|153400|20181227|1300|
C|005186|2018|50004651480008|001|4300012228|00050|UEBC1114|2|EA|87980|KRW|175960|20181227|1300|
C|005186|2018|50004651480009|001|4300012228|00060|UDBC0649|200|EA|4000|KRW|8000|20181227|1300|
C|005186|2018|50004651480010|001|4300012228|00070|UDBC0973|200|EA|1500|KRW|3000|20181227|1300|
C|005186|2018|50004651480011|001|4300012229|00040|UEBC1085|20|EA|185000|KRW|740000|20181227|1300|
C|005186|2018|50004651480012|001|4300012254|00010|UEBC1411|3|EA|95400|KRW|286200|20181227|1300|
C|005186|2018|50004651480013|001|4300012254|00020|UEBC0966|1|EA|301350|KRW|301350|20181227|1300|
C|005186|2018|50004651480014|001|4300012254|00030|UEBC0976|2|EA|346500|KRW|693000|20181227|1300|
C|005186|2018|50004651480015|001|4300012255|00010|UEBC1318|100|EA|38585|KRW|771700|20181227|1300|
C|005186|2018|50004651480016|001|4300012256|00010|UEBC1457|4|EA|36500|KRW|146000|20181227|1300|
C|005186|2018|50004651480017|001|4300012257|00010|UIDC0128|1|EA|49350|KRW|49350|20181227|1300|
