C|005186|2014|50000794050001|001|4300001490|00010|CMA0001|400|EA|240|KRW|96000|20140615|1300|
C|005186|2014|50000794050002|001|4300001490|00020|CMA0005|20|EA|2470|KRW|49400|20140615|1300|
C|005186|2014|50000794050003|001|4300001490|00030|CMA0007|300|EA|270|KRW|81000|20140615|1300|
C|005186|2014|50000794050004|001|4300001490|00040|CMA0016|20|EA|2840|KRW|56800|20140615|1300|
C|005186|2014|50000794050005|001|4300001490|00050|CMA0017|10|EA|780|KRW|7800|20140615|1300|
C|005186|2014|50000794050006|001|4300001490|00060|CMB0001|20|EA|655|KRW|13100|20140615|1300|
C|005186|2014|50000794050007|001|4300001490|00070|CMB0002|20|EA|2420|KRW|48400|20140615|1300|
C|005186|2014|50000794050008|001|4300001490|00080|CMB0010|20|EA|1100|KRW|22000|20140615|1300|
C|005186|2014|50000794050009|001|4300001490|00090|CMC0002|2|EA|9350|KRW|18700|20140615|1300|
C|005186|2014|50000794050010|001|4300001490|00120|CME0001|18|EA|4910|KRW|88380|20140615|1300|
C|005186|2014|50000794050011|001|4300001490|00130|CME0002|20|EA|2300|KRW|46000|20140615|1300|
C|005186|2014|50000794050012|001|4300001490|00140|CME0010|100|EA|285|KRW|28500|20140615|1300|
C|005186|2014|50000794050013|001|4300001490|00160|CMH0007|2|EA|11700|KRW|23400|20140615|1300|
C|005186|2014|50000794050014|001|4300001490|00170|CMZ0003|2|EA|1470|KRW|2940|20140615|1300|
C|005186|2014|50000794050015|001|4300001490|00180|CMZ0004|10|EA|380|KRW|3800|20140615|1300|
C|005186|2014|50000794060001|001|4300001484|00010|CMA0001|80|EA|240|KRW|19200|20140615|1300|
C|005186|2014|50000794060002|001|4300001484|00020|CMA0007|220|EA|270|KRW|59400|20140615|1300|
C|005186|2014|50000794060003|001|4300001484|00030|CMH0007|1|EA|11700|KRW|11700|20140615|1300|
C|005186|2014|50000794060004|001|4300001484|00040|CMB0001|20|EA|655|KRW|13100|20140615|1300|
C|005186|2014|50000794060005|001|4300001484|00050|CMB0010|80|EA|1100|KRW|88000|20140615|1300|
C|005186|2014|50000794060006|001|4300001484|00060|CMC0007|5|EA|12100|KRW|60500|20140615|1300|
C|005186|2014|50000794060007|001|4300001484|00070|CMC0005|5|EA|190|KRW|950|20140615|1300|
C|005186|2014|50000794060008|001|4300001484|00090|CMZ0032|2|EA|1970|KRW|3940|20140615|1300|
C|005186|2014|50000794060009|001|4300001485|00010|CMA0001|320|EA|240|KRW|76800|20140615|1300|
C|005186|2014|50000794060010|001|4300001485|00020|CMA0007|30|EA|270|KRW|8100|20140615|1300|
C|005186|2014|50000794060011|001|4300001485|00030|CMA0017|10|EA|780|KRW|7800|20140615|1300|
C|005186|2014|50000794060012|001|4300001485|00040|CME0010|60|EA|285|KRW|17100|20140615|1300|
C|005186|2014|50000794060013|001|4300001485|00050|CME0013|5|EA|20300|KRW|101500|20140615|1300|
C|005186|2014|50000794060014|001|4300001485|00070|CMH0007|1|EA|11700|KRW|11700|20140615|1300|
C|005186|2014|50000794060015|001|4300001486|00010|CMA0001|80|EA|240|KRW|19200|20140615|1300|
C|005186|2014|50000794060016|001|4300001486|00020|CMA0007|40|EA|270|KRW|10800|20140615|1300|
C|005186|2014|50000794060017|001|4300001486|00030|CMA0008|40|EA|690|KRW|27600|20140615|1300|
C|005186|2014|50000794060018|001|4300001486|00040|CMB0001|40|EA|655|KRW|26200|20140615|1300|
C|005186|2014|50000794060019|001|4300001486|00050|CMF0001|2|EA|1680|KRW|3360|20140615|1300|
C|005186|2014|50000794060020|001|4300001486|00060|CME0010|40|EA|285|KRW|11400|20140615|1300|
C|005186|2014|50000794060021|001|4300001487|00010|CMA0001|10|EA|240|KRW|2400|20140615|1300|
C|005186|2014|50000794060022|001|4300001487|00020|CMA0007|50|EA|270|KRW|13500|20140615|1300|
C|005186|2014|50000794060023|001|4300001487|00030|CMB0010|50|EA|1100|KRW|55000|20140615|1300|
C|005186|2014|50000794070001|001|4300001419|00090|CMD0011|8|EA|24150|KRW|193200|20140615|1300|
C|005186|2014|50000794070002|001|4300001421|00100|CMD0011|4|EA|24150|KRW|96600|20140615|1300|
C|005186|2014|50000794070003|001|4300001430|00100|CMD0011|18|EA|24150|KRW|434700|20140615|1300|
C|005186|2014|50000794070004|001|4300001432|00090|CMD0011|2|EA|24150|KRW|48300|20140615|1300|
C|005186|2014|50000794070005|001|4300001447|00010|CMD0011|7|EA|24150|KRW|169050|20140615|1300|
C|005186|2014|50000794080001|001|4300001417|00080|CMD0016|6|EA|30450|KRW|182700|20140615|1300|
C|005186|2014|50000794080002|001|4300001420|00060|CMD0016|9|EA|30450|KRW|274050|20140615|1300|
C|005186|2014|50000794080003|001|4300001421|00110|CMD0016|1|EA|30450|KRW|30450|20140615|1300|
C|005186|2014|50000794080004|001|4300001431|00050|CMD0016|1|EA|30450|KRW|30450|20140615|1300|
C|005186|2014|50000794080005|001|4300001448|00060|CMD0016|4|EA|30450|KRW|121800|20140615|1300|
C|005186|2014|50000794090001|001|4300001449|00010|CMA0007|300|EA|270|KRW|81000|20140615|1300|
C|005186|2014|50000794090002|001|4300001449|00020|CMA0001|300|EA|240|KRW|72000|20140615|1300|
C|005186|2014|50000794090003|001|4300001449|00030|CMF0004|5|EA|22050|KRW|110250|20140615|1300|
C|005186|2014|50000794090004|001|4300001450|00010|CMA0007|300|EA|270|KRW|81000|20140615|1300|
C|005186|2014|50000794090005|001|4300001450|00030|CMF0004|5|EA|22050|KRW|110250|20140615|1300|
C|005186|2014|50000794100001|001|4300001455|00010|CMD0016|1|EA|30450|KRW|30450|20140615|1300|
C|005186|2014|50000794100002|001|4300001455|00020|CMD0011|1|EA|24150|KRW|24150|20140615|1300|
C|005186|2014|50000794100003|001|4300001455|00030|CMD0016|2|EA|30450|KRW|60900|20140615|1300|
C|005186|2014|50000794100004|001|4300001475|00010|CMD0016|1|EA|30450|KRW|30450|20140615|1300|
