C|005186|2019|50005305470001|001|4300015129|00020|UAIC0002|20|EA|18400|KRW|73600|20191115|1300|
C|005186|2019|50005305470002|001|4300015129|00030|UZZC0165|5|EA|115940|KRW|579700|20191115|1300|
C|005186|2019|50005305470003|001|4300015129|00040|UAEC0303|30|EA|11550|KRW|346500|20191115|1300|
C|005186|2019|50005305470004|001|4300015159|00010|UAEC0285|2|EA|14800|KRW|14800|20191115|1300|
C|005186|2019|50005305470005|001|4300015160|00030|UAAC0010|1|EA|28320|KRW|28320|20191115|1300|
C|005186|2019|50005305470006|001|4300015160|00060|UAEC0191|1|EA|173250|KRW|173250|20191115|1300|
C|005186|2019|50005305480001|001|4300015117|00030|UDBC0423|200|EA|7500|KRW|15000|20191115|1300|
C|005186|2019|50005305480002|001|4300015117|00040|UDBC0425|200|EA|8500|KRW|17000|20191115|1300|
C|005186|2019|50005305480003|001|4300015117|00070|UDBC0594|200|EA|3400|KRW|6800|20191115|1300|
C|005186|2019|50005305480004|001|4300015127|00010|UGCC0207|30|EA|36300|KRW|108900|20191115|1300|
C|005186|2019|50005305480005|001|4300015127|00020|UGCC0206|50|EA|34900|KRW|174500|20191115|1300|
C|005186|2019|50005305480006|001|4300015127|00030|UGCC0210|20|EA|32900|KRW|65800|20191115|1300|
C|005186|2019|50005305480007|001|4300015127|00040|UGCC0213|20|EA|42200|KRW|84400|20191115|1300|
C|005186|2019|50005305480008|001|4300015127|00050|UGBC0744|30|EA|5200|KRW|15600|20191115|1300|
C|005186|2019|50005305480009|001|4300015127|00060|UGBC0745|30|EA|5600|KRW|16800|20191115|1300|
C|005186|2019|50005305480010|001|4300015127|00070|UGBC0748|30|EA|4520|KRW|13560|20191115|1300|
C|005186|2019|50005305480011|001|4300015127|00080|UGBC0749|50|EA|5200|KRW|26000|20191115|1300|
C|005186|2019|50005305480012|001|4300015127|00090|UGBC0752|20|EA|6720|KRW|13440|20191115|1300|
C|005186|2019|50005305480013|001|4300015127|00100|UGBC0753|20|EA|7400|KRW|14800|20191115|1300|
C|005186|2019|50005305480014|001|4300015127|00110|UGBC0755|20|EA|10190|KRW|20380|20191115|1300|
C|005186|2019|50005305480015|001|4300015127|00120|UGBC0757|20|EA|9660|KRW|19320|20191115|1300|
C|005186|2019|50005305480016|001|4300015127|00130|UGBC0742|20|EA|8700|KRW|17400|20191115|1300|
C|005186|2019|50005305480017|001|4300015127|00140|UGBC0758|20|EA|11130|KRW|22260|20191115|1300|
C|005186|2019|50005305480018|001|4300015127|00150|UGBC0780|30|EA|5700|KRW|17100|20191115|1300|
C|005186|2019|50005305480019|001|4300015127|00160|UGBC0781|20|EA|5800|KRW|11600|20191115|1300|
C|005186|2019|50005305480020|001|4300015127|00170|UGBC0782|30|EA|7200|KRW|21600|20191115|1300|
C|005186|2019|50005305480021|001|4300015127|00180|UGBC0783|30|EA|8300|KRW|24900|20191115|1300|
C|005186|2019|50005305480022|001|4300015127|00190|UGBC0765|50|EA|5100|KRW|25500|20191115|1300|
C|005186|2019|50005305480023|001|4300015127|00200|UGBC0766|20|EA|6500|KRW|13000|20191115|1300|
C|005186|2019|50005305480024|001|4300015127|00210|UGBC0771|20|EA|8400|KRW|16800|20191115|1300|
C|005186|2019|50005305480025|001|4300015127|00220|UGBC0772|20|EA|9240|KRW|18480|20191115|1300|
C|005186|2019|50005305480026|001|4300015127|00230|UDBC0449|200|EA|27000|KRW|54000|20191115|1300|
C|005186|2019|50005305480027|001|4300015127|00240|UDBC0530|200|EA|38000|KRW|76000|20191115|1300|
C|005186|2019|50005305480028|001|4300015128|00020|UGBC1643|5|EA|32880|KRW|164400|20191115|1300|
C|005186|2019|50005305480029|001|4300015128|00090|UEBC0492|4|EA|4330|KRW|17320|20191115|1300|
C|005186|2019|50005305480030|001|4300015162|00010|UGBC0348|20|EA|102000|KRW|102000|20191115|1300|
C|005186|2019|50005305480031|001|4300015162|00070|UEAC0198|2|EA|116000|KRW|232000|20191115|1300|
C|005186|2019|50005305490001|001|4300015161|00010|UAEC0372|100|EA|656250|KRW|1312500|20191115|1300|
C|005186|2019|50005305500001|001|4300014660|00100|UJCC0043|10000|EA|210000|KRW|420000|20191115|1300|
C|005186|2019|50005305710001|001|4300015080|00010|UZZC0194|1|EA|81900|KRW|81900|20191115|1300|
C|005186|2019|50005305710002|001|4300015160|00020|UKBC0014|1|EA|52500|KRW|52500|20191115|1300|
C|005186|2019|50005305710003|001|4300015162|00020|UHTC0107|1|EA|12420|KRW|12420|20191115|1300|
C|005186|2019|50005305710004|001|4300015162|00050|UHTC0881|2|EA|72330|KRW|144660|20191115|1300|
