C|005186|2018|50004489940001|001|4300011466|00060|UEBC0477|10|EA|14000|KRW|28000|20181016|1300|
C|005186|2018|50004489940002|001|4300011466|00070|UAEC0324|45|EA|129450|KRW|388350|20181016|1300|
C|005186|2018|50004489940003|001|4300011467|00110|UEBC1163|5|EA|20650|KRW|20650|20181016|1300|
C|005186|2018|50004489940004|001|4300011468|00030|UGBC0854|5|EA|30975|KRW|154875|20181016|1300|
C|005186|2018|50004489940005|001|4300011469|00030|UDAC0267|100|EA|680000|KRW|680000|20181016|1300|
C|005186|2018|50004489940006|001|4300011469|00050|UEBC0448|4|EA|1610|KRW|6440|20181016|1300|
C|005186|2018|50004489940007|001|4300011474|00010|UGCC1437|10|EA|20480|KRW|204800|20181016|1300|
C|005186|2018|50004489940008|001|4300011474|00020|UGCC1438|10|EA|29400|KRW|294000|20181016|1300|
C|005186|2018|50004490040001|001|4300011466|00060|UEBC0477|10|EA|14000|KRW|28000|20181015|1300|
C|005186|2018|50004490040002|001|4300011466|00070|UAEC0324|45|EA|129450|KRW|388350|20181015|1300|
C|005186|2018|50004490040003|001|4300011467|00110|UEBC1163|5|EA|20650|KRW|20650|20181015|1300|
C|005186|2018|50004490040004|001|4300011468|00030|UGBC0854|5|EA|30975|KRW|154875|20181015|1300|
C|005186|2018|50004490040005|001|4300011469|00030|UDAC0267|100|EA|680000|KRW|680000|20181015|1300|
C|005186|2018|50004490040006|001|4300011469|00050|UEBC0448|4|EA|1610|KRW|6440|20181015|1300|
C|005186|2018|50004490040007|001|4300011474|00010|UGCC1437|10|EA|20480|KRW|204800|20181015|1300|
C|005186|2018|50004490040008|001|4300011474|00020|UGCC1438|10|EA|29400|KRW|294000|20181015|1300|
C|005186|2018|50004490080001|001|4300011485|00080|UGBC1354|1|EA|46640|KRW|46640|20181015|1300|
C|005186|2018|50004490080002|001|4300011485|00090|UGCC1250|1|EA|86000|KRW|86000|20181015|1300|
C|005186|2018|50004490080003|001|4300011485|00110|UGCC1087|10|EA|33900|KRW|339000|20181015|1300|
C|005186|2018|50004490080004|001|4300011494|00020|UGCC1440|2|EA|117600|KRW|235200|20181015|1300|
C|005186|2018|50004490080005|001|4300011495|00050|UGBC1715|1|EA|99750|KRW|99750|20181015|1300|
C|005186|2018|50004490080006|001|4300011495|00060|UGBC1716|1|EA|104475|KRW|104475|20181015|1300|
C|005186|2018|50004490110001|001|4300011525|00010|UAGC0264|5|EA|17090|KRW|85450|20181015|1300|
C|005186|2018|50004490110002|001|4300011528|00010|UGBC1507|10|EA|15400|KRW|15400|20181015|1300|
C|005186|2018|50004490110003|001|4300011528|00020|UAGC0551|1|EA|26320|KRW|26320|20181015|1300|
C|005186|2018|50004490110004|001|4300011528|00050|UAEC0503|2|EA|3060|KRW|6120|20181015|1300|
C|005186|2018|50004490110005|001|4300011528|00060|UAEC0504|2|EA|13480|KRW|26960|20181015|1300|
C|005186|2018|50004490110006|001|4300011528|00070|UJAC1547|10|EA|12700|KRW|12700|20181015|1300|
C|005186|2018|50004490110007|001|4300011528|00090|UAEC0507|2|EA|3580|KRW|7160|20181015|1300|
C|005186|2018|50004490110008|001|4300011528|00110|UAGC0264|1|EA|17090|KRW|17090|20181015|1300|
C|005186|2018|50004490110009|001|4300011528|00140|UAGC0446|1|EA|65300|KRW|65300|20181015|1300|
C|005186|2018|50004490110010|001|4300011528|00160|UGBC0419|1|EA|1480|KRW|1480|20181015|1300|
C|005186|2018|50004490110011|001|4300011528|00180|UAGC0153|10|EA|5830|KRW|58300|20181015|1300|
C|005186|2018|50004490110012|001|4300011528|00200|UDBC0402|100|EA|5300|KRW|5300|20181015|1300|
C|005186|2018|50004490110013|001|4300011534|00010|UDFC0081|50|EA|48300|KRW|241500|20181015|1300|
C|005186|2018|50004490110014|001|4300011534|00020|UDFC0123|50|EA|38850|KRW|194250|20181015|1300|
C|005186|2018|50004490110015|001|4300011534|00030|UAGC0156|10|EA|27550|KRW|55100|20181015|1300|
C|005186|2018|50004490110016|001|4300011534|00040|UAGC0157|10|EA|45450|KRW|90900|20181015|1300|
C|005186|2018|50004490110017|001|4300011534|00050|UAGC0158|10|EA|54600|KRW|109200|20181015|1300|
C|005186|2018|50004490110018|001|4300011594|00010|UDBC0010|200|EA|33600|KRW|67200|20181015|1300|
C|005186|2018|50004490110019|001|4300011594|00020|UDBC1054|300|EA|24750|KRW|148500|20181015|1300|
C|005186|2018|50004490110020|001|4300011594|00050|UDBC0930|50|EA|51950|KRW|51950|20181015|1300|
C|005186|2018|50004490110021|001|4300011594|00060|UAGC0278|10|EA|20500|KRW|20500|20181015|1300|
C|005186|2018|50004490110022|001|4300011594|00070|UAGC0537|1|EA|5720|KRW|5720|20181015|1300|
C|005186|2018|50004490110023|001|4300011594|00080|UCEC0010|1|EA|474950|KRW|474950|20181015|1300|
C|005186|2018|50004490110024|001|4300011594|00120|UAGC0504|2|EA|61425|KRW|122850|20181015|1300|
C|005186|2018|50004490180001|001|4300011596|00020|UAEC0037|2|EA|4520|KRW|9040|20181015|1300|
C|005186|2018|50004490180002|001|4300011596|00030|UAEC0038|2|EA|4520|KRW|9040|20181015|1300|
C|005186|2018|50004490180003|001|4300011596|00040|UAEC0079|2|EA|12075|KRW|24150|20181015|1300|
C|005186|2018|50004490180004|001|4300011596|00050|UAEC0077|2|EA|8500|KRW|17000|20181015|1300|
C|005186|2018|50004490180005|001|4300011596|00060|UAEC0093|2|EA|33260|KRW|66520|20181015|1300|
C|005186|2018|50004490180006|001|4300011600|00040|UAAC0022|5|EA|49850|KRW|49850|20181015|1300|
C|005186|2018|50004490180007|001|4300011600|00050|UEBC0497|6|EA|4988|KRW|29928|20181015|1300|
C|005186|2018|50004490180008|001|4300011600|00080|UEBC0483|10|EA|15700|KRW|31400|20181015|1300|
C|005186|2018|50004490180009|001|4300011600|00090|UAEC0093|1|EA|33260|KRW|33260|20181015|1300|
C|005186|2018|50004490180010|001|4300011600|00100|UGAC0065|2|EA|124800|KRW|249600|20181015|1300|
C|005186|2018|50004490180011|001|4300011601|00020|UEBC0499|4|EA|5150|KRW|20600|20181015|1300|
C|005186|2018|50004490180012|001|4300011601|00030|UKEC0091|20|EA|12700|KRW|25400|20181015|1300|
C|005186|2018|50004490180013|001|4300011602|00050|UEBC0453|10|EA|7650|KRW|15300|20181015|1300|
C|005186|2018|50004490180014|001|4300011602|00060|UEBC1399|10|EA|40080|KRW|200400|20181015|1300|
C|005186|2018|50004490180015|001|4300011602|00070|UAEC0336|1|EA|9765|KRW|9765|20181015|1300|
C|005186|2018|50004490180016|001|4300011602|00110|UEBC0890|20|EA|60500|KRW|242000|20181015|1300|
C|005186|2018|50004490180017|001|4300011603|00020|UZZC0013|4|EA|4730|KRW|18920|20181015|1300|
C|005186|2018|50004490180018|001|4300011606|00010|UAHC0063|100|EA|384500|KRW|769000|20181015|1300|
C|005186|2018|50004490180019|001|4300011606|00020|UAEC0505|200|EA|184500|KRW|738000|20181015|1300|
C|005186|2018|50004490180020|001|4300011607|00010|UDBC1065|100|EA|506000|KRW|506000|20181015|1300|
C|005186|2018|50004490180021|001|4300011607|00020|UAGC0554|2|EA|99930|KRW|199860|20181015|1300|
C|005186|2018|50004490180022|001|4300011607|00030|UDBC1066|100|EA|1300|KRW|2600|20181015|1300|
C|005186|2018|50004490180023|001|4300011607|00040|UDBC1067|100|EA|7500|KRW|15000|20181015|1300|
C|005186|2018|50004490180024|001|4300011608|00010|UAGC0552|5|EA|54750|KRW|273750|20181015|1300|
C|005186|2018|50004490180025|001|4300011608|00040|UGBC1709|30|EA|8900|KRW|26700|20181015|1300|
C|005186|2018|50004490180026|001|4300011609|00010|UEBC1521|4|EA|6550|KRW|26200|20181015|1300|
C|005186|2018|50004490180027|001|4300011609|00030|UIEC0083|10|EA|17790|KRW|177900|20181015|1300|
C|005186|2018|50004490180028|001|4300011623|00010|UKBC0001|4|EA|208010|KRW|832040|20181015|1300|
C|005186|2018|50004490180029|001|4300011624|00010|UKBC0001|8|EA|208010|KRW|1664080|20181015|1300|
C|005186|2018|50004490220001|001|4300011527|00010|UCKC0108|1|EA|944000|KRW|944000|20181015|1300|
C|005186|2018|50004490220002|001|4300011594|00030|UGCC0072|1|EA|180600|KRW|180600|20181015|1300|
C|005186|2018|50004490220003|001|4300011598|00030|UICC0061|3|EA|4540|KRW|13620|20181015|1300|
C|005186|2018|50004490220004|001|4300011600|00010|UGCC0614|5|EA|7350|KRW|36750|20181015|1300|
C|005186|2018|50004490220005|001|4300011600|00020|UGCC0605|3|EA|11030|KRW|33090|20181015|1300|
C|005186|2018|50004490220006|001|4300011600|00030|UGCC0609|2|EA|11340|KRW|22680|20181015|1300|
C|005186|2018|50004490220007|001|4300011600|00060|UZZC0138|50|EA|121000|KRW|121000|20181015|1300|
C|005186|2018|50004490220008|001|4300011602|00030|UGCC0978|10|EA|47500|KRW|95000|20181015|1300|
C|005186|2018|50004490220009|001|4300011602|00090|UBBC0006|2|EA|103370|KRW|206740|20181015|1300|
C|005186|2018|50004490220010|001|4300011609|00020|UFGC0067|2|EA|58800|KRW|117600|20181015|1300|
C|005186|2018|50004490220011|001|4300011610|00020|UZZC0180|10|EA|44100|KRW|44100|20181015|1300|
C|005186|2018|50004490220012|001|4300011634|00050|UGCC0630|1|EA|36750|KRW|36750|20181015|1300|
C|005186|2018|50004490220013|001|4300011634|00060|UCHC0013|2|EA|21000|KRW|42000|20181015|1300|
C|005186|2018|50004490220014|001|4300011634|00070|UCHC0010|2|EA|15790|KRW|31580|20181015|1300|
