C|005186|2017|50003181510001|001|4300006772|00050|UAEC0460|4|EA|33920|KRW|135680|20170124|1300|
C|005186|2017|50003181540001|001|4300006817|00040|CMB0001|60|EA|520|KRW|31200|20170124|1300|
C|005186|2017|50003181540002|001|4300006817|00060|CMF0002|5|EA|860|KRW|4300|20170124|1300|
C|005186|2017|50003181540003|001|4300006817|00080|CMB0002|20|EA|2100|KRW|42000|20170124|1300|
C|005186|2017|50003181560001|001|4300006818|00010|CME0005|20|EA|2600|KRW|52000|20170124|1300|
C|005186|2017|50003181570001|001|4300006792|00010|CMB0001|50|EA|520|KRW|26000|20170124|1300|
C|005186|2017|50003181590001|001|4300006778|00020|CMA0001|50|EA|151|KRW|7550|20170124|1300|
C|005186|2017|50003181590002|001|4300006778|00030|CMA0002|3|EA|1440|KRW|4320|20170124|1300|
C|005186|2017|50003181590003|001|4300006778|00040|CMA0007|200|EA|151|KRW|30200|20170124|1300|
C|005186|2017|50003181590004|001|4300006778|00050|CMB0001|100|EA|520|KRW|52000|20170124|1300|
C|005186|2017|50003181590005|001|4300006778|00080|CMZ0032|5|EA|1300|KRW|6500|20170124|1300|
C|005186|2017|50003181620001|001|4300006777|00010|CMA0001|700|EA|151|KRW|105700|20170124|1300|
C|005186|2017|50003181620002|001|4300006777|00020|CMA0007|500|EA|151|KRW|75500|20170124|1300|
C|005186|2017|50003181620003|001|4300006777|00030|CMA0008|300|EA|470|KRW|141000|20170124|1300|
C|005186|2017|50003181620004|001|4300006777|00050|CMB0001|500|EA|520|KRW|260000|20170124|1300|
C|005186|2017|50003181620005|001|4300006777|00070|CMC0005|300|EA|150|KRW|45000|20170124|1300|
C|005186|2017|50003181620006|001|4300006777|00100|CMF0002|5|EA|860|KRW|4300|20170124|1300|
C|005186|2017|50003181620007|001|4300006777|00110|CMF0004|3|EA|17000|KRW|51000|20170124|1300|
C|005186|2017|50003181650001|001|4300006776|00010|CMA0001|700|EA|151|KRW|105700|20170124|1300|
C|005186|2017|50003181650002|001|4300006776|00020|CMA0007|400|EA|151|KRW|60400|20170124|1300|
C|005186|2017|50003181650003|001|4300006776|00030|CMA0008|50|EA|470|KRW|23500|20170124|1300|
C|005186|2017|50003181650004|001|4300006776|00040|CMA0017|50|EA|770|KRW|38500|20170124|1300|
C|005186|2017|50003181650005|001|4300006776|00050|CMB0001|60|EA|520|KRW|31200|20170124|1300|
C|005186|2017|50003181650006|001|4300006776|00060|CMB0002|120|EA|2100|KRW|252000|20170124|1300|
C|005186|2017|50003181650007|001|4300006776|00070|CMB0007|20|EA|760|KRW|15200|20170124|1300|
C|005186|2017|50003181650008|001|4300006776|00100|CME0002|150|EA|1100|KRW|165000|20170124|1300|
C|005186|2017|50003181650009|001|4300006776|00140|CMZ0002|20|EA|400|KRW|8000|20170124|1300|
C|005186|2017|50003181650010|001|4300006776|00150|CMZ0004|20|EA|220|KRW|4400|20170124|1300|
C|005186|2017|50003181680001|001|4300006790|00020|CMZ0001|10|EA|760|KRW|7600|20170124|1300|
C|005186|2017|50003181680002|001|4300006790|00030|CMZ0002|10|EA|400|KRW|4000|20170124|1300|
C|005186|2017|50003181680003|001|4300006790|00060|CMB0002|40|EA|2100|KRW|84000|20170124|1300|
C|005186|2017|50003181680004|001|4300006790|00070|CMB0003|40|EA|2200|KRW|88000|20170124|1300|
C|005186|2017|50003181680005|001|4300006790|00080|CMB0001|60|EA|520|KRW|31200|20170124|1300|
C|005186|2017|50003181680006|001|4300006790|00090|CMC0005|20|EA|150|KRW|3000|20170124|1300|
C|005186|2017|50003181680007|001|4300006790|00100|CMC0003|20|EA|310|KRW|6200|20170124|1300|
C|005186|2017|50003181680008|001|4300006790|00110|CMA0002|10|EA|1440|KRW|14400|20170124|1300|
C|005186|2017|50003181680009|001|4300006790|00120|CMA0001|200|EA|151|KRW|30200|20170124|1300|
C|005186|2017|50003181680010|001|4300006790|00130|CMA0007|140|EA|151|KRW|21140|20170124|1300|
C|005186|2017|50003181680011|001|4300006790|00140|CMA0008|140|EA|470|KRW|65800|20170124|1300|
C|005186|2017|50003181810001|001|4300006788|00010|CMA0001|80|EA|151|KRW|12080|20170124|1300|
C|005186|2017|50003181810002|001|4300006788|00020|CMA0007|100|EA|151|KRW|15100|20170124|1300|
C|005186|2017|50003181810003|001|4300006788|00030|CMA0008|30|EA|470|KRW|14100|20170124|1300|
C|005186|2017|50003181810004|001|4300006788|00040|CMA0017|20|EA|770|KRW|15400|20170124|1300|
C|005186|2017|50003181810005|001|4300006788|00050|CMB0003|80|EA|2200|KRW|176000|20170124|1300|
C|005186|2017|50003181810006|001|4300006788|00100|CMZ0005|10|EA|810|KRW|8100|20170124|1300|
C|005186|2017|50003181840001|001|4300006787|00010|CMA0001|400|EA|151|KRW|60400|20170124|1300|
C|005186|2017|50003181840002|001|4300006787|00020|CMA0007|200|EA|151|KRW|30200|20170124|1300|
C|005186|2017|50003181840003|001|4300006787|00050|CMF0004|10|EA|17000|KRW|170000|20170124|1300|
C|005186|2017|50003181840004|001|4300006787|00090|CMZ0001|20|EA|760|KRW|15200|20170124|1300|
C|005186|2017|50003181840005|001|4300006787|00100|CMZ0005|20|EA|810|KRW|16200|20170124|1300|
C|005186|2017|50003181900001|001|4300006786|00010|CMA0001|400|EA|151|KRW|60400|20170124|1300|
C|005186|2017|50003181900002|001|4300006786|00020|CMA0007|200|EA|151|KRW|30200|20170124|1300|
C|005186|2017|50003181900003|001|4300006786|00050|CMC0005|200|EA|150|KRW|30000|20170124|1300|
C|005186|2017|50003181900004|001|4300006786|00080|CME0002|20|EA|1100|KRW|22000|20170124|1300|
C|005186|2017|50003181900005|001|4300006786|00090|CMF0004|4|EA|17000|KRW|68000|20170124|1300|
C|005186|2017|50003181920001|001|4300006789|00010|CMA0001|600|EA|151|KRW|90600|20170124|1300|
C|005186|2017|50003181920002|001|4300006789|00030|CMA0007|200|EA|151|KRW|30200|20170124|1300|
C|005186|2017|50003181920003|001|4300006789|00040|CMA0008|250|EA|470|KRW|117500|20170124|1300|
C|005186|2017|50003181920004|001|4300006789|00050|CMB0001|120|EA|520|KRW|62400|20170124|1300|
C|005186|2017|50003181920005|001|4300006789|00060|CMC0005|2|EA|150|KRW|300|20170124|1300|
C|005186|2017|50003181920006|001|4300006789|00070|CME0002|20|EA|1100|KRW|22000|20170124|1300|
C|005186|2017|50003181940001|001|4300006784|00010|CMA0001|200|EA|151|KRW|30200|20170124|1300|
C|005186|2017|50003181940002|001|4300006784|00020|CMA0007|100|EA|151|KRW|15100|20170124|1300|
C|005186|2017|50003181940003|001|4300006784|00040|CMB0002|120|EA|2100|KRW|252000|20170124|1300|
C|005186|2017|50003181940004|001|4300006784|00060|CMD0001|6|EA|8000|KRW|48000|20170124|1300|
C|005186|2017|50003181940005|001|4300006784|00090|CMF0008|10|EA|1620|KRW|16200|20170124|1300|
C|005186|2017|50003181960001|001|4300006785|00010|CMA0001|200|EA|151|KRW|30200|20170124|1300|
C|005186|2017|50003181960002|001|4300006785|00020|CMA0007|100|EA|151|KRW|15100|20170124|1300|
C|005186|2017|50003181960003|001|4300006785|00040|CMB0001|60|EA|520|KRW|31200|20170124|1300|
C|005186|2017|50003181960004|001|4300006785|00060|CMC0005|200|EA|150|KRW|30000|20170124|1300|
C|005186|2017|50003181980001|001|4300006783|00010|CMA0001|200|EA|151|KRW|30200|20170124|1300|
C|005186|2017|50003181980002|001|4300006783|00020|CMA0007|250|EA|151|KRW|37750|20170124|1300|
C|005186|2017|50003181980003|001|4300006783|00040|CMB0002|100|EA|2100|KRW|210000|20170124|1300|
C|005186|2017|50003181980004|001|4300006783|00050|CMC0005|30|EA|150|KRW|4500|20170124|1300|
C|005186|2017|50003181980005|001|4300006783|00120|CMZ0004|10|EA|220|KRW|2200|20170124|1300|
C|005186|2017|50003181980006|001|4300006783|00130|CMZ0005|20|EA|810|KRW|16200|20170124|1300|
C|005186|2017|50003182000001|001|4300006770|00020|UGCC1159|1|EA|108200|KRW|108200|20170124|1300|
C|005186|2017|50003182000002|001|4300006771|00020|UGCC1182|1|EA|131000|KRW|131000|20170124|1300|
C|005186|2017|50003182000003|001|4300006798|00010|UJCC0063|20|EA|59850|KRW|1197000|20170124|1300|
C|005186|2017|50003182000004|001|4300006798|00020|UAEC0145|2|EA|208420|KRW|416840|20170124|1300|
C|005186|2017|50003182000005|001|4300006798|00030|UAEC0267|3|EA|6359|KRW|19077|20170124|1300|
C|005186|2017|50003182000006|001|4300006798|00040|UKEC0108|1|EA|137020|KRW|137020|20170124|1300|
C|005186|2017|50003182000007|001|4300006798|00050|UKEC0017|1|EA|61200|KRW|61200|20170124|1300|
C|005186|2017|50003182000008|001|4300006799|00010|UAEC0146|4|EA|84210|KRW|336840|20170124|1300|
C|005186|2017|50003182000009|001|4300006800|00010|UEBC1348|4|EA|5190|KRW|20760|20170124|1300|
C|005186|2017|50003182000010|001|4300006800|00030|UKEC0116|20|EA|1430|KRW|28600|20170124|1300|
C|005186|2017|50003182000011|001|4300006812|00030|UDAC0363|100|EA|2070|KRW|207000|20170124|1300|
C|005186|2017|50003182010001|001|4300006688|00010|CMD0016|2|EA|29000|KRW|58000|20170124|1300|
C|005186|2017|50003182010002|001|4300006775|00010|CMD0011|1|EA|24100|KRW|24100|20170124|1300|
C|005186|2017|50003182010003|001|4300006775|00020|CMD0016|9|EA|29000|KRW|261000|20170124|1300|
C|005186|2017|50003182010004|001|4300006778|00090|CMD0016|4|EA|29000|KRW|116000|20170124|1300|
C|005186|2017|50003182010005|001|4300006779|00080|CMD0016|3|EA|29000|KRW|87000|20170124|1300|
C|005186|2017|50003182010006|001|4300006780|00040|CMD0016|1|EA|29000|KRW|29000|20170124|1300|
C|005186|2017|50003182010007|001|4300006781|00080|CMD0011|6|EA|24100|KRW|144600|20170124|1300|
C|005186|2017|50003182010008|001|4300006781|00090|CMD0012|3|EA|22000|KRW|66000|20170124|1300|
C|005186|2017|50003182010009|001|4300006781|00100|CMD0013|1|EA|22500|KRW|22500|20170124|1300|
C|005186|2017|50003182010010|001|4300006783|00060|CMD0011|2|EA|24100|KRW|48200|20170124|1300|
C|005186|2017|50003182010011|001|4300006786|00060|CMD0017|8|EA|23760|KRW|190080|20170124|1300|
C|005186|2017|50003182010012|001|4300006790|00180|CMD0016|4|EA|29000|KRW|116000|20170124|1300|
C|005186|2017|50003182010013|001|4300006790|00190|CMD0011|5|EA|24100|KRW|120500|20170124|1300|
C|005186|2017|50003182040001|001|4300006797|00010|UEBC0479|10|EA|2930|KRW|29300|20170124|1300|
C|005186|2017|50003182040002|001|4300006797|00020|UEBC0527|10|EA|2030|KRW|20300|20170124|1300|
C|005186|2017|50003182040003|001|4300006797|00030|UZZC0148|30|EA|13200|KRW|396000|20170124|1300|
C|005186|2017|50003182040004|001|4300006797|00040|UZZC0116|30|EA|3030|KRW|90900|20170124|1300|
C|005186|2017|50003182040005|001|4300006797|00080|UEBC1058|2|EA|41050|KRW|82100|20170124|1300|
C|005186|2017|50003182040006|001|4300006800|00020|UGCC1147|1|EA|27600|KRW|27600|20170124|1300|
C|005186|2017|50003182040007|001|4300006800|00040|UDAC0364|30|EA|25500|KRW|765000|20170124|1300|
C|005186|2017|50003182040008|001|4300006800|00050|UGCC1177|1|EA|450500|KRW|450500|20170124|1300|
C|005186|2017|50003182040009|001|4300006812|00020|UGCC1152|20|EA|6650|KRW|133000|20170124|1300|
C|005186|2017|50003182040010|001|4300006814|00010|UGCC1183|50|EA|25500|KRW|1275000|20170124|1300|
C|005186|2017|50003182080001|001|4300006682|00010|UHTC0690|20|EA|25800|KRW|516000|20170124|1300|
C|005186|2017|50003182080002|001|4300006684|00030|UHTC0656|12|EA|87200|KRW|1046400|20170124|1300|
C|005186|2017|50003182080003|001|4300006718|00010|UCIC0107|1|EA|336000|KRW|336000|20170124|1300|
C|005186|2017|50003182080004|001|4300006718|00020|UGBC0861|20|EA|840|KRW|16800|20170124|1300|
C|005186|2017|50003182080005|001|4300006718|00030|UGBC0011|30|EA|870|KRW|26100|20170124|1300|
C|005186|2017|50003182080006|001|4300006718|00040|UGBC0012|30|EA|1160|KRW|34800|20170124|1300|
C|005186|2017|50003182080007|001|4300006718|00050|UGBC0805|20|EA|4410|KRW|88200|20170124|1300|
C|005186|2017|50003182080008|001|4300006718|00060|UGBC0024|10|EA|7140|KRW|71400|20170124|1300|
C|005186|2017|50003182080009|001|4300006718|00070|UGBC0332|20|EA|1370|KRW|27400|20170124|1300|
C|005186|2017|50003182080010|001|4300006718|00080|UGBC0588|20|EA|1050|KRW|21000|20170124|1300|
C|005186|2017|50003182080011|001|4300006718|00090|UGBC1194|10|EA|8400|KRW|84000|20170124|1300|
C|005186|2017|50003182080012|001|4300006718|00100|UGBC0545|5|EA|50400|KRW|252000|20170124|1300|
C|005186|2017|50003182080013|001|4300006719|00010|UHTC0796|8|EA|34980|KRW|279840|20170124|1300|
C|005186|2017|50003182080014|001|4300006719|00030|UHTC0691|20|EA|35700|KRW|714000|20170124|1300|
C|005186|2017|50003182080015|001|4300006719|00040|UHTC0790|20|EA|14840|KRW|296800|20170124|1300|
C|005186|2017|50003182080016|001|4300006766|00010|UHTC0812|10|EA|68900|KRW|689000|20170124|1300|
C|005186|2017|50003182080017|001|4300006769|00020|UGBC1584|2|EA|115800|KRW|231600|20170124|1300|
C|005186|2017|50003182080018|001|4300006769|00030|UBCC0060|1|EA|466400|KRW|466400|20170124|1300|
C|005186|2017|50003182080019|001|4300006769|00040|UCIC0206|1|EA|275600|KRW|275600|20170124|1300|
C|005186|2017|50003182080020|001|4300006770|00010|UGBC1492|5|EA|84800|KRW|424000|20170124|1300|
C|005186|2017|50003182080021|001|4300006770|00030|UCIC0207|1|EA|1028200|KRW|1028200|20170124|1300|
C|005186|2017|50003182080022|001|4300006772|00040|UHTC0808|10|EA|34980|KRW|349800|20170124|1300|
C|005186|2017|50003182080023|001|4300006773|00010|UHTC0809|10|EA|37100|KRW|371000|20170124|1300|
C|005186|2017|50003182080024|001|4300006796|00020|UGBC0234|30|EA|2210|KRW|66300|20170124|1300|
C|005186|2017|50003182080025|001|4300006796|00030|UGBC0235|30|EA|2950|KRW|88500|20170124|1300|
C|005186|2017|50003182200001|001|4300006819|00010|CMD0016|1|EA|29000|KRW|29000|20170124|1300|
C|005186|2017|50003182200002|001|4300006822|00030|CMD0016|6|EA|29000|KRW|174000|20170124|1300|
C|005186|2017|50003182230001|001|4300006776|00160|CMZ0009|200|EA|920|KRW|184000|20170124|1300|
C|005186|2017|50003182250001|001|4300006789|00090|CME0013|8|EA|11880|KRW|95040|20170124|1300|
C|005186|2017|50003182270001|001|4300006784|00110|CMZ0008|2|EA|920|KRW|1840|20170124|1300|
C|005186|2017|50003182270002|001|4300006784|00120|CMZ0009|2|EA|920|KRW|1840|20170124|1300|
C|005186|2017|50003182290001|001|4300006790|00010|CMZ0009|20|EA|920|KRW|18400|20170124|1300|
C|005186|2017|50003182290002|001|4300006790|00040|CMZ0005|20|EA|810|KRW|16200|20170124|1300|
C|005186|2017|50003182310001|001|4300006781|00050|CME0013|2|EA|11880|KRW|23760|20170124|1300|
