C|005186|2014|50001075080001|001|4300001808|00010|CMA0001|60|EA|240|KRW|14400|20141031|1300|
C|005186|2014|50001075080002|001|4300001808|00020|CMA0008|80|EA|690|KRW|55200|20141031|1300|
C|005186|2014|50001075080003|001|4300001808|00030|CMB0001|50|EA|655|KRW|32750|20141031|1300|
C|005186|2014|50001075080004|001|4300001808|00040|CME0010|30|EA|285|KRW|8550|20141031|1300|
C|005186|2014|50001075080005|001|4300001808|00050|CMH0007|4|EA|11700|KRW|46800|20141031|1300|
C|005186|2014|50001075080006|001|4300001809|00010|CMA0001|200|EA|240|KRW|48000|20141031|1300|
C|005186|2014|50001075080007|001|4300001809|00020|CMA0007|250|EA|270|KRW|67500|20141031|1300|
C|005186|2014|50001075080008|001|4300001809|00030|CMA0008|20|EA|690|KRW|13800|20141031|1300|
C|005186|2014|50001075080009|001|4300001809|00040|CMA0016|20|EA|2840|KRW|56800|20141031|1300|
C|005186|2014|50001075080010|001|4300001809|00050|CMB0002|100|EA|2420|KRW|242000|20141031|1300|
C|005186|2014|50001075080011|001|4300001809|00060|CMC0005|10|EA|190|KRW|1900|20141031|1300|
C|005186|2014|50001075080012|001|4300001809|00080|CME0001|12|EA|4910|KRW|58920|20141031|1300|
C|005186|2014|50001075080013|001|4300001809|00090|CME0010|20|EA|285|KRW|5700|20141031|1300|
C|005186|2014|50001075080014|001|4300001809|00140|CMH0007|3|EA|11700|KRW|35100|20141031|1300|
C|005186|2014|50001075080015|001|4300001810|00010|CMA0001|300|EA|240|KRW|72000|20141031|1300|
C|005186|2014|50001075080016|001|4300001810|00020|CMA0007|100|EA|270|KRW|27000|20141031|1300|
C|005186|2014|50001075080017|001|4300001810|00030|CMA0008|200|EA|690|KRW|138000|20141031|1300|
C|005186|2014|50001075080018|001|4300001810|00040|CMB0001|80|EA|655|KRW|52400|20141031|1300|
C|005186|2014|50001075080019|001|4300001810|00050|CMB0002|20|EA|2420|KRW|48400|20141031|1300|
C|005186|2014|50001075080020|001|4300001810|00060|CMB0003|20|EA|2420|KRW|48400|20141031|1300|
C|005186|2014|50001075080021|001|4300001810|00070|CMC0002|3|EA|9350|KRW|28050|20141031|1300|
C|005186|2014|50001075080022|001|4300001810|00080|CMC0005|30|EA|190|KRW|5700|20141031|1300|
C|005186|2014|50001075080023|001|4300001810|00090|CME0010|100|EA|285|KRW|28500|20141031|1300|
C|005186|2014|50001075080024|001|4300001812|00010|CMA0001|300|EA|240|KRW|72000|20141031|1300|
C|005186|2014|50001075080025|001|4300001812|00020|CMA0007|100|EA|270|KRW|27000|20141031|1300|
C|005186|2014|50001075080026|001|4300001812|00030|CMA0015|200|EA|2830|KRW|566000|20141031|1300|
C|005186|2014|50001075080027|001|4300001812|00040|CMA0016|150|EA|2840|KRW|426000|20141031|1300|
C|005186|2014|50001075080028|001|4300001812|00060|CMB0001|200|EA|655|KRW|131000|20141031|1300|
C|005186|2014|50001075080029|001|4300001812|00070|CMB0002|120|EA|2420|KRW|290400|20141031|1300|
C|005186|2014|50001075080030|001|4300001812|00080|CMC0005|50|EA|190|KRW|9500|20141031|1300|
C|005186|2014|50001075080031|001|4300001812|00090|CME0001|20|EA|4910|KRW|98200|20141031|1300|
C|005186|2014|50001075080032|001|4300001812|00100|CME0010|200|EA|285|KRW|57000|20141031|1300|
C|005186|2014|50001075080033|001|4300001813|00010|CMA0001|100|EA|240|KRW|24000|20141031|1300|
C|005186|2014|50001075080034|001|4300001813|00030|CMA0007|100|EA|270|KRW|27000|20141031|1300|
C|005186|2014|50001075080035|001|4300001813|00040|CMA0008|30|EA|690|KRW|20700|20141031|1300|
C|005186|2014|50001075080036|001|4300001813|00050|CMA0016|10|EA|2840|KRW|28400|20141031|1300|
C|005186|2014|50001075080037|001|4300001813|00070|CMB0001|20|EA|655|KRW|13100|20141031|1300|
C|005186|2014|50001075080038|001|4300001813|00080|CMB0003|180|EA|2420|KRW|435600|20141031|1300|
C|005186|2014|50001075080039|001|4300001813|00090|CME0001|13|EA|4910|KRW|63830|20141031|1300|
C|005186|2014|50001075080040|001|4300001813|00100|CME0002|5|EA|2300|KRW|11500|20141031|1300|
C|005186|2014|50001075080041|001|4300001813|00110|CME0006|3|EA|3400|KRW|10200|20141031|1300|
C|005186|2014|50001075080042|001|4300001814|00010|CMA0001|700|EA|240|KRW|168000|20141031|1300|
C|005186|2014|50001075080043|001|4300001814|00020|CMA0007|150|EA|270|KRW|40500|20141031|1300|
C|005186|2014|50001075080044|001|4300001814|00030|CMA0008|200|EA|690|KRW|138000|20141031|1300|
C|005186|2014|50001075080045|001|4300001814|00040|CMB0001|100|EA|655|KRW|65500|20141031|1300|
C|005186|2014|50001075080046|001|4300001814|00050|CMB0003|100|EA|2420|KRW|242000|20141031|1300|
C|005186|2014|50001075080047|001|4300001814|00060|CMB0010|200|EA|1100|KRW|220000|20141031|1300|
C|005186|2014|50001075080048|001|4300001814|00070|CMC0005|200|EA|190|KRW|38000|20141031|1300|
C|005186|2014|50001075080049|001|4300001814|00090|CME0010|50|EA|285|KRW|14250|20141031|1300|
C|005186|2014|50001075080050|001|4300001816|00010|CMA0001|200|EA|240|KRW|48000|20141031|1300|
C|005186|2014|50001075080051|001|4300001816|00020|CMA0007|50|EA|270|KRW|13500|20141031|1300|
C|005186|2014|50001075080052|001|4300001816|00030|CMB0001|100|EA|655|KRW|65500|20141031|1300|
C|005186|2014|50001075080053|001|4300001816|00040|CMB0010|100|EA|1100|KRW|110000|20141031|1300|
C|005186|2014|50001075080054|001|4300001816|00050|CMD0001|3|EA|9555|KRW|28665|20141031|1300|
C|005186|2014|50001075080055|001|4300001816|00060|CME0001|13|EA|4910|KRW|63830|20141031|1300|
C|005186|2014|50001075080056|001|4300001818|00010|CMA0001|400|EA|240|KRW|96000|20141031|1300|
C|005186|2014|50001075080057|001|4300001818|00020|CMA0007|300|EA|270|KRW|81000|20141031|1300|
C|005186|2014|50001075080058|001|4300001818|00030|CMA0015|50|EA|2830|KRW|141500|20141031|1300|
C|005186|2014|50001075080059|001|4300001818|00040|CMA0016|200|EA|2840|KRW|568000|20141031|1300|
C|005186|2014|50001075080060|001|4300001818|00050|CMB0010|480|EA|1100|KRW|528000|20141031|1300|
C|005186|2014|50001075080061|001|4300001818|00060|CMC0005|200|EA|190|KRW|38000|20141031|1300|
C|005186|2014|50001075080062|001|4300001818|00080|CME0004|5|EA|11550|KRW|57750|20141031|1300|
C|005186|2014|50001075080063|001|4300001818|00090|CME0005|10|EA|3465|KRW|34650|20141031|1300|
C|005186|2014|50001075080064|001|4300001818|00100|CME0008|20|EA|4410|KRW|88200|20141031|1300|
C|005186|2014|50001075080065|001|4300001818|00110|CME0010|200|EA|285|KRW|57000|20141031|1300|
C|005186|2014|50001075080066|001|4300001818|00190|CMH0007|5|EA|11700|KRW|58500|20141031|1300|
C|005186|2014|50001075080067|001|4300001819|00010|CMA0001|400|EA|240|KRW|96000|20141031|1300|
C|005186|2014|50001075080068|001|4300001819|00020|CMA0007|300|EA|270|KRW|81000|20141031|1300|
C|005186|2014|50001075080069|001|4300001819|00040|CMB0010|240|EA|1100|KRW|264000|20141031|1300|
C|005186|2014|50001075080070|001|4300001819|00050|CMC0003|50|EA|340|KRW|17000|20141031|1300|
C|005186|2014|50001075080071|001|4300001819|00060|CME0006|20|EA|3400|KRW|68000|20141031|1300|
C|005186|2014|50001075080072|001|4300001819|00070|CME0010|60|EA|285|KRW|17100|20141031|1300|
